0.000000 0.419838
0.009754 0.078544
0.011631 0.054104
0.015006 0.145500
0.017926 0.048884
0.026893 0.229560
0.029955 0.076805
0.030231 0.352090
0.033680 0.134855
0.036082 0.095932
0.038432 0.511600
0.040312 0.028558
0.041198 0.000000
0.042566 0.076203
0.047701 0.079491
0.047789 0.045926
0.048137 0.452829
0.049519 0.391340
0.049582 0.105284
0.050053 0.005866
0.054922 0.232160
0.056112 0.053332
0.057675 0.011111
0.059138 0.248333
0.066165 0.330745
0.067504 0.160474
0.067650 0.253336
0.069240 0.173477
0.070139 0.417002
0.070924 0.022098
0.071013 0.141513
0.073512 0.509312
0.075426 0.486066
0.076664 0.007485
0.077580 0.276928
0.078903 0.365515
0.079312 0.163773
0.080533 0.517143
0.082450 0.024733
0.084107 0.222572
0.085722 0.093892
0.087783 0.137921
0.088039 0.084179
0.088264 0.031583
0.089490 0.399050
0.091999 0.260978
0.100382 0.199306
0.101025 0.246158
0.102606 0.096486
0.102930 0.026586
0.102969 0.493076
0.103413 0.305739
0.106095 0.119064
0.106259 0.215973
0.106417 0.414185
0.108832 0.414156
0.110814 0.075059
0.111748 0.538828
0.114026 0.372943
0.114199 0.060196
0.114854 0.457688
0.115767 0.338724
0.116095 0.160096
0.116819 0.256374
0.117132 0.078486
0.119088 0.195810
0.119137 0.029917
0.119982 0.418476
0.120632 0.558205
0.121517 0.320213
0.121576 0.536608
0.123994 0.317975
0.124261 0.248799
0.125144 0.522948
0.126359 0.280395
0.127809 0.383641
0.127939 0.197855
0.129005 0.155673
0.129158 0.333894
0.129471 0.184406
0.129840 0.144145
0.130716 0.113102
0.130759 0.271262
0.131089 0.555263
0.131162 0.267520
0.131319 0.301144
0.133013 0.130713
0.133306 0.343205
0.134857 0.314164
0.135764 0.527437
0.137155 0.506245
0.137398 0.166110
0.138415 0.321839
0.140169 0.187522
0.141769 0.452638
0.142047 0.142065
0.142538 0.481203
0.143382 0.293432
0.143524 0.458545
0.144077 0.112432
0.145645 0.129600
0.145831 0.453321
0.146228 0.404264
0.146886 0.520940
0.148181 0.063929
0.149230 0.346833
0.149822 0.265355
0.150139 0.262370
0.153400 0.306278
0.154050 0.569380
0.154813 0.339063
0.156609 0.079693
0.156888 0.200459
0.156916 0.529330
0.159219 0.225778
0.159809 0.223653
0.160043 0.345794
0.162109 0.395811
0.164225 0.086647
0.164406 0.376632
0.165269 0.237998
0.165918 0.567596
0.165979 0.094483
0.166148 0.160482
0.170061 0.529405
0.170068 0.121376
0.172203 0.307416
0.173248 0.117797
0.174527 0.059818
0.174603 0.257610
0.175009 0.532697
0.175265 0.188678
0.175435 0.190706
0.175672 0.156055
0.176538 0.503531
0.177987 0.147989
0.179322 0.331210
0.179816 0.396802
0.180251 0.132522
0.180492 0.329470
0.180875 0.135357
0.182202 0.158066
0.182294 0.288450
0.183555 0.112832
0.184485 0.120069
0.185759 0.200250
0.186489 0.128387
0.186808 0.369300
0.186817 0.215038
0.187609 0.082973
0.190006 0.108379
0.190014 0.243087
0.191150 0.341720
0.192907 0.097360
0.193146 0.294770
0.193508 0.211068
0.193620 0.212372
0.194687 0.520049
0.194836 0.289667
0.196452 0.176633
0.199969 0.412507
0.200113 0.558587
0.202280 0.309570
0.202393 0.297599
0.204140 0.261317
0.205164 0.091370
0.205280 0.302957
0.205998 0.075699
0.206469 0.485112
0.207643 0.584726
0.209220 0.082066
0.210480 0.257722
0.210683 0.163314
0.211197 0.452570
0.211392 0.140695
0.211928 0.111449
0.213406 0.280182
0.213522 0.235237
0.215015 0.155488
0.215693 0.615457
0.215970 0.518125
0.217177 0.139093
0.218775 0.278142
0.219864 0.426168
0.220343 0.478308
0.221234 0.115640
0.221901 0.531935
0.223072 0.445866
0.223221 0.535492
0.224476 0.180473
0.225133 0.336956
0.225389 0.585050
0.226214 0.356151
0.226525 0.158307
0.227330 0.193529
0.228555 0.554815
0.228752 0.188909
0.228970 0.254247
0.229800 0.249681
0.232083 0.245713
0.233310 0.170970
0.233367 0.437389
0.233712 0.156844
0.234511 0.115163
0.234979 0.194782
0.235012 0.467114
0.235068 0.297816
0.235449 0.154476
0.236164 0.324689
0.237217 0.123892
0.237857 0.441290
0.238537 0.234267
0.240514 0.203079
0.241831 0.542793
0.242886 0.642546
0.242948 0.315728
0.244821 0.218061
0.245196 0.333603
0.245364 0.156007
0.245856 0.522939
0.246970 0.545455
0.247117 0.170844
0.247343 0.364234
0.248571 0.263183
0.249046 0.503952
0.249964 0.405449
0.250362 0.393257
0.250594 0.122485
0.250707 0.599978
0.251332 0.160152
0.253412 0.377877
0.254153 0.587016
0.254531 0.432144
0.255257 0.105027
0.255594 0.124835
0.255661 0.650947
0.256157 0.443220
0.256480 0.106274
0.256700 0.306911
0.256786 0.428072
0.257667 0.499754
0.258588 0.423720
0.258766 0.222211
0.259323 0.288236
0.259528 0.136007
0.259655 0.146960
0.260415 0.497431
0.261350 0.271945
0.261448 0.605488
0.261911 0.219657
0.262139 0.214229
0.263909 0.130831
0.263976 0.187695
0.264735 0.177091
0.267171 0.229774
0.267215 0.467899
0.267303 0.414839
0.267495 0.385500
0.268126 0.373026
0.268236 0.111231
0.268654 0.142136
0.270517 0.320197
0.270817 0.275145
0.271193 0.159152
0.271466 0.318185
0.271717 0.440422
0.271776 0.463424
0.272738 0.256989
0.272911 0.413473
0.272929 0.467202
0.273513 0.227299
0.273588 0.302381
0.274295 0.275185
0.274900 0.364167
0.275471 0.558866
0.276527 0.305683
0.277554 0.365886
0.277649 0.494713
0.281396 0.350567
0.281883 0.409362
0.282041 0.655080
0.283184 0.195300
0.283532 0.344325
0.285144 0.439699
0.285269 0.307613
0.285459 0.177764
0.286344 0.284981
0.286405 0.253540
0.287097 0.593813
0.288002 0.633497
0.289178 0.423726
0.293939 0.556177
0.294208 0.155149
0.295800 0.210885
0.296118 0.275639
0.296265 0.354511
0.296442 0.255574
0.296565 0.583975
0.297647 0.150908
0.297949 0.225416
0.298106 0.390603
0.298661 0.153398
0.298942 0.205748
0.299338 0.338602
0.299570 0.270120
0.299719 0.140958
0.300266 0.521574
0.300740 0.437951
0.301564 0.262013
0.301674 0.348801
0.301753 0.272248
0.302127 0.538222
0.302664 0.459886
0.306092 0.144782
0.306171 0.492189
0.306783 0.192125
0.307571 0.474565
0.312476 0.261706
0.313590 0.505490
0.313621 0.494994
0.314072 0.520395
0.315645 0.316646
0.315790 0.322012
0.315971 0.240848
0.316006 0.151824
0.316288 0.301230
0.317286 0.296582
0.317339 0.637935
0.318645 0.147765
0.318882 0.426652
0.319117 0.557336
0.319513 0.272466
0.319613 0.335200
0.322154 0.206943
0.322196 0.480341
0.323736 0.637273
0.324396 0.203702
0.325089 0.654524
0.325882 0.168087
0.326190 0.483073
0.327376 0.592054
0.328349 0.635891
0.328986 0.444524
0.329052 0.582403
0.329240 0.466012
0.330759 0.689195
0.331454 0.493225
0.332426 0.202664
0.332459 0.280188
0.334230 0.381727
0.334277 0.356719
0.335361 0.214668
0.336149 0.612212
0.336774 0.210319
0.337444 0.503087
0.337908 0.279698
0.338313 0.262567
0.338788 0.468471
0.340079 0.200935
0.341292 0.279069
0.341869 0.210454
0.342955 0.247516
0.343092 0.562820
0.343331 0.159163
0.343665 0.593158
0.344413 0.290706
0.345285 0.181618
0.345972 0.279587
0.347087 0.628440
0.347553 0.161825
0.347931 0.368212
0.347944 0.297934
0.347986 0.685072
0.349092 0.559884
0.351074 0.381929
0.352815 0.697240
0.352905 0.201348
0.354800 0.399837
0.354915 0.315609
0.356002 0.410258
0.356273 0.487467
0.356278 0.332632
0.356405 0.349075
0.356794 0.250107
0.357008 0.338638
0.357246 0.424087
0.357518 0.183416
0.357806 0.195443
0.359029 0.178031
0.359123 0.544283
0.359362 0.316278
0.361929 0.465834
0.362786 0.672649
0.363339 0.569095
0.363444 0.573734
0.363696 0.349205
0.364512 0.439458
0.364535 0.430722
0.365681 0.183652
0.366541 0.323501
0.366752 0.604466
0.367098 0.220528
0.367836 0.657995
0.368400 0.660005
0.368572 0.581914
0.368962 0.215446
0.370158 0.225230
0.372925 0.252180
0.373701 0.270613
0.375006 0.506535
0.376553 0.687908
0.377401 0.493607
0.377648 0.281054
0.377746 0.281242
0.377882 0.199840
0.378161 0.682810
0.378753 0.283487
0.378910 0.401118
0.379229 0.431601
0.379304 0.333615
0.379682 0.400668
0.381746 0.449756
0.382449 0.717295
0.382725 0.365817
0.383583 0.381105
0.385361 0.615213
0.386254 0.357678
0.386349 0.335183
0.387049 0.278666
0.387191 0.596487
0.387346 0.253157
0.387477 0.569070
0.387518 0.604669
0.387763 0.623041
0.390645 0.502400
0.392024 0.332382
0.393203 0.596325
0.393378 0.550124
0.393907 0.670834
0.394129 0.487756
0.394965 0.701480
0.396560 0.740756
0.398337 0.415733
0.399441 0.711471
0.399795 0.423354
0.400059 0.733218
0.400372 0.394834
0.401107 0.522662
0.401297 0.305436
0.405233 0.366011
0.405292 0.416359
0.405409 0.661011
0.405852 0.294801
0.407564 0.247537
0.407802 0.229629
0.409475 0.295685
0.410205 0.335173
0.412694 0.631038
0.413846 0.407339
0.414312 0.571187
0.415345 0.533089
0.415348 0.572660
0.416043 0.337703
0.417551 0.296038
0.417708 0.535006
0.418400 0.607606
0.419135 0.402455
0.419186 0.691718
0.420260 0.308058
0.420930 0.446506
0.421276 0.464791
0.421449 0.405818
0.422806 0.481714
0.426936 0.368275
0.429934 0.432306
0.430187 0.665069
0.430868 0.267685
0.430967 0.227690
0.431458 0.408207
0.432691 0.315412
0.432966 0.665098
0.434612 0.271182
0.437878 0.464497
0.438725 0.418289
0.439035 0.256347
0.439714 0.289522
0.440982 0.752075
0.442234 0.326634
0.443745 0.432617
0.444089 0.738101
0.444945 0.529619
0.445250 0.564921
0.445453 0.333438
0.448249 0.438715
0.448912 0.283301
0.450709 0.353153
0.450781 0.319707
0.451815 0.259538
0.451857 0.452452
0.452043 0.670774
0.453122 0.580573
0.453556 0.374126
0.453823 0.507736
0.455295 0.675175
0.455732 0.600453
0.461770 0.499484
0.464396 0.356473
0.464807 0.501531
0.467372 0.386473
0.468884 0.646543
0.468993 0.780046
0.469342 0.507801
0.471044 0.258970
0.471592 0.650454
0.472577 0.622023
0.472643 0.360770
0.476343 0.510478
0.476655 0.694279
0.477274 0.674442
0.477458 0.447465
0.477638 0.336711
0.477805 0.750345
0.478314 0.331048
0.478990 0.361149
0.479561 0.763866
0.479743 0.413322
0.479775 0.525846
0.480009 0.484081
0.480961 0.570776
0.481374 0.485008
0.484602 0.702456
0.484699 0.370806
0.487691 0.471780
0.488035 0.351988
0.488114 0.490524
0.488318 0.269766
0.488822 0.534503
0.489144 0.444598
0.489437 0.390520
0.492930 0.606335
0.494292 0.648935
0.496052 0.434118
0.496478 0.354268
0.497777 0.567565
0.501794 0.552588
0.502123 0.561700
0.502357 0.407170
0.503422 0.330717
0.505280 0.557704
0.505930 0.402016
0.506273 0.404431
0.506750 0.342994
0.507506 0.394661
0.508363 0.794425
0.509246 0.533548
0.509444 0.615089
0.510429 0.553648
0.511722 0.362246
0.513204 0.424243
0.515873 0.454352
0.516590 0.336898
0.516619 0.461273
0.517263 0.301414
0.518655 0.392605
0.518747 0.617153
0.520163 0.436121
0.521576 0.435805
0.522184 0.476054
0.522499 0.690666
0.524381 0.571966
0.526729 0.416940
0.526942 0.373627
0.527085 0.551146
0.527774 0.661240
0.528129 0.613635
0.530270 0.608624
0.531811 0.396441
0.532374 0.693987
0.532441 0.390252
0.533620 0.752092
0.533760 0.610784
0.533940 0.329284
0.534450 0.435890
0.534674 0.312394
0.535598 0.755844
0.535661 0.435733
0.537772 0.655205
0.539525 0.592980
0.541753 0.331026
0.545463 0.461789
0.545531 0.522116
0.546596 0.441469
0.548485 0.521582
0.549358 0.462392
0.551399 0.621974
0.554129 0.361678
0.555846 0.804553
0.556653 0.409022
0.556902 0.617501
0.557249 0.323527
0.559248 0.395718
0.560661 0.527197
0.560991 0.624780
0.564392 0.617980
0.571426 0.487892
0.572661 0.638234
0.574753 0.332805
0.575035 0.675408
0.576167 0.462780
0.577375 0.528900
0.578739 0.363467
0.580184 0.794531
0.581002 0.663025
0.586101 0.441259
0.594588 0.773458
0.596909 0.570898
0.597943 0.360559
0.598225 0.817408
0.599064 0.553849
0.600731 0.699238
0.601229 0.600145
0.604161 0.396730
0.604264 0.716653
0.608463 0.646645
0.610428 0.354418
0.611419 0.878133
0.613048 0.708316
0.613063 0.439746
0.615122 0.449069
0.615681 0.524509
0.616380 0.873073
0.619444 0.433402
0.621782 0.800638
0.624016 0.743122
0.625421 0.762933
0.625511 0.461935
0.627580 0.553360
0.629328 0.377688
0.631384 0.632985
0.633826 0.772989
0.634834 0.713719
0.636594 0.427202
0.638426 0.684536
0.639978 0.861400
0.640144 0.674541
0.644777 0.396922
0.650960 0.500952
0.651264 0.489592
0.652597 0.404140
0.652653 0.739980
0.654317 0.562757
0.654719 0.532389
0.657732 0.819840
0.658939 0.503555
0.662630 0.610663
0.663748 0.906990
0.663814 0.693449
0.664942 0.696824
0.670569 0.744341
0.676149 0.881602
0.680762 0.510225
0.681999 0.475077
0.684632 0.629950
0.686815 0.888849
0.688678 0.461761
0.691434 0.594044
0.700336 0.498581
0.702343 0.630643
0.705881 0.567725
0.707106 0.827479
0.709331 0.646525
0.710513 0.708605
0.711049 0.510179
0.711321 0.736314
0.711479 0.831637
0.717935 0.816797
0.720652 0.498717
0.722735 0.630753
0.723146 0.469902
0.723178 0.486024
0.730033 0.741109
0.731874 0.882391
0.736141 0.794099
0.744974 0.686016
0.751936 0.715319
0.753601 0.737736
0.756572 0.611000
0.781468 0.912959
0.782586 0.645342
0.789876 0.802297
0.790983 0.882941
0.791309 0.997348
0.805505 0.912726
0.815726 1.000000
0.828543 0.794259
0.840177 0.595606
0.865988 0.895909
0.961516 0.970362
0.961761 0.724603
0.963303 0.770920
1.000000 0.751603
