0.000000 0.067742
0.000240 0.029161
0.014063 1.000000
0.026348 0.127773
0.035091 0.027631
0.039501 0.632674
0.042683 0.939393
0.043971 0.014060
0.046697 0.214497
0.051409 0.332307
0.053711 0.062597
0.060747 0.014129
0.068387 0.209888
0.068758 0.043908
0.071886 0.018545
0.072638 0.146662
0.073826 0.019986
0.075514 0.369942
0.084885 0.345660
0.086329 0.015479
0.091507 0.152285
0.100496 0.029267
0.102023 0.101115
0.108348 0.110074
0.117766 0.120879
0.123154 0.005104
0.124711 0.114714
0.127299 0.014233
0.131001 0.096133
0.131350 0.055959
0.134096 0.028564
0.134637 0.017928
0.134676 0.008237
0.136261 0.028432
0.139312 0.062832
0.139913 0.017711
0.146375 0.064800
0.147613 0.003969
0.151127 0.006271
0.152865 0.005946
0.153898 0.019675
0.156853 0.078610
0.158041 0.020736
0.159910 0.011616
0.162491 0.065220
0.163007 0.006786
0.167607 0.008728
0.179115 0.014771
0.183935 0.016033
0.185730 0.019680
0.185771 0.064535
0.186347 0.003209
0.198395 0.021619
0.199968 0.024153
0.203541 0.009965
0.210539 0.004599
0.211493 0.036668
0.211545 0.044814
0.212360 0.016482
0.213740 0.043832
0.215861 0.002203
0.216056 0.005079
0.218109 0.005257
0.219706 0.007879
0.220144 0.003686
0.221020 0.003649
0.221906 0.002285
0.222101 0.022914
0.222599 0.008327
0.223609 0.002107
0.224103 0.004602
0.224829 0.011571
0.229088 0.011506
0.229413 0.003557
0.229566 0.003490
0.232565 0.019260
0.236583 0.002251
0.238101 0.014743
0.239094 0.030149
0.239129 0.006057
0.240301 0.019322
0.240490 0.027093
0.245188 0.010859
0.248195 0.002047
0.248472 0.023169
0.248657 0.024598
0.252282 0.008149
0.254103 0.003667
0.254420 0.003439
0.255116 0.005905
0.256523 0.013239
0.260491 0.012029
0.262954 0.008479
0.264482 0.006257
0.270597 0.011146
0.275401 0.007300
0.276792 0.005487
0.277246 0.001846
0.277429 0.003356
0.278163 0.018123
0.279492 0.003591
0.280567 0.001485
0.280621 0.002038
0.282134 0.005337
0.282943 0.014948
0.284601 0.005721
0.285000 0.003566
0.285069 0.005056
0.287300 0.004016
0.292220 0.005348
0.295566 0.001985
0.295684 0.002357
0.300555 0.005687
0.300581 0.001204
0.301390 0.002223
0.305213 0.009132
0.307896 0.014085
0.308722 0.012421
0.311682 0.006165
0.313936 0.001472
0.314168 0.003073
0.319002 0.006016
0.319796 0.008548
0.321911 0.004781
0.322736 0.001372
0.324052 0.001585
0.324410 0.008179
0.333275 0.001021
0.338587 0.004537
0.339016 0.001025
0.340254 0.002422
0.345172 0.001697
0.345713 0.007296
0.348418 0.001757
0.348582 0.001196
0.349559 0.005674
0.350063 0.001429
0.350778 0.002799
0.351501 0.001460
0.354395 0.002379
0.357095 0.000898
0.360590 0.006756
0.361593 0.002731
0.366344 0.004447
0.366642 0.000967
0.372309 0.004364
0.381467 0.003523
0.386492 0.002309
0.387594 0.006453
0.391957 0.002230
0.392806 0.004093
0.394281 0.001838
0.397553 0.000967
0.397654 0.001860
0.398379 0.001768
0.401071 0.001565
0.403889 0.001250
0.405390 0.001926
0.406429 0.002502
0.411158 0.000946
0.413362 0.001441
0.415620 0.002272
0.416819 0.000980
0.417113 0.001811
0.417450 0.001528
0.419437 0.004917
0.420541 0.003268
0.424253 0.001563
0.425163 0.003610
0.426843 0.000993
0.433595 0.001383
0.436887 0.001387
0.436914 0.002763
0.439329 0.000523
0.440897 0.002082
0.443214 0.004260
0.443871 0.003586
0.444777 0.001824
0.446336 0.003155
0.446510 0.001524
0.447424 0.001670
0.447526 0.001554
0.453297 0.001600
0.454569 0.003715
0.465999 0.000688
0.466303 0.001056
0.466900 0.001128
0.472075 0.000531
0.475586 0.003010
0.478883 0.002607
0.480168 0.002460
0.482919 0.002571
0.484933 0.001542
0.485038 0.001315
0.485316 0.001000
0.487300 0.001010
0.487655 0.001218
0.492378 0.002185
0.494060 0.000929
0.497452 0.000383
0.505611 0.002204
0.509231 0.001440
0.511915 0.002052
0.513634 0.002046
0.514616 0.002268
0.522901 0.000830
0.525248 0.002105
0.531132 0.000323
0.533357 0.000971
0.534503 0.001538
0.536982 0.000691
0.546327 0.000393
0.546437 0.001744
0.566921 0.000810
0.572112 0.000527
0.578759 0.000312
0.601340 0.000300
0.641777 0.000429
0.657495 0.000244
0.673725 0.000614
0.707462 0.000417
0.711012 0.000390
0.713725 0.000353
0.798814 0.000262
0.859466 0.000131
1.000000 0.000000
