0.000000 0.247635
0.002722 0.296588
0.007985 0.642968
0.015623 0.890506
0.026766 0.734273
0.032861 0.209406
0.036945 0.182629
0.039892 0.477537
0.039903 0.247694
0.043963 0.432108
0.049232 0.875170
0.050115 0.051906
0.052494 0.459246
0.053762 0.676790
0.056192 0.357784
0.060909 0.613398
0.061488 0.703076
0.061512 0.136869
0.061650 0.575283
0.064618 0.000000
0.067204 0.173317
0.068710 0.771552
0.068946 0.869047
0.071044 0.016889
0.073684 0.648146
0.073897 0.282254
0.074208 0.749327
0.080638 0.574757
0.082515 0.851425
0.087817 0.366048
0.089620 0.098309
0.090827 0.079718
0.091142 0.053332
0.093477 0.227960
0.100823 0.121524
0.101384 0.068454
0.104180 0.293110
0.104352 0.148385
0.108676 0.489710
0.109897 0.907767
0.109921 0.348316
0.110378 0.536912
0.110765 0.838087
0.110786 0.117650
0.110813 0.057151
0.117124 0.447552
0.118795 0.629610
0.119244 0.543872
0.120255 0.468770
0.121227 0.339315
0.121875 0.048230
0.123553 0.753837
0.123906 0.302968
0.123998 0.235028
0.127644 0.166096
0.128897 0.946360
0.129582 0.369930
0.132352 0.635057
0.133304 0.260489
0.135346 0.227481
0.135810 0.754245
0.136235 0.118141
0.136615 0.214840
0.137247 0.285448
0.137436 0.392521
0.138792 0.394842
0.140803 0.720049
0.140927 0.367374
0.144954 0.266813
0.145685 0.338688
0.146271 0.277270
0.146933 0.282090
0.147142 0.266650
0.147715 0.098139
0.149081 0.443060
0.149321 0.739526
0.149585 0.218089
0.149731 0.819934
0.150241 0.377198
0.152152 0.538486
0.152733 0.324198
0.152846 0.271353
0.153552 0.142684
0.153938 0.422722
0.156025 0.293628
0.156419 0.242731
0.157206 0.871270
0.160754 0.587202
0.160816 0.261668
0.162719 0.356540
0.163548 0.585435
0.165091 0.497866
0.165433 0.730552
0.167353 0.425353
0.168604 0.494541
0.168888 0.937307
0.169770 0.592233
0.169858 0.791390
0.170361 0.494804
0.172294 0.302069
0.173612 0.349282
0.174302 0.912359
0.175378 0.231876
0.176257 0.626245
0.176294 0.262200
0.177540 0.391868
0.178037 0.362520
0.178533 0.251418
0.179000 0.832993
0.179172 0.634991
0.180039 0.671469
0.181060 0.552807
0.182392 0.605288
0.182917 0.768827
0.183001 0.549436
0.183662 0.903204
0.184816 0.670527
0.185082 0.207785
0.186189 0.278163
0.187552 0.696484
0.188403 0.228623
0.189449 0.298038
0.189798 0.471162
0.191718 0.175360
0.192539 0.362456
0.192573 0.408239
0.194453 0.175300
0.195251 0.285779
0.195280 0.223531
0.196490 0.300799
0.196792 0.366777
0.197129 0.871375
0.197793 0.868851
0.198335 0.462818
0.199973 0.878541
0.201393 0.945196
0.203274 0.185488
0.206774 0.630765
0.207183 0.913622
0.207228 0.400351
0.207620 0.265564
0.208217 0.942601
0.208984 0.180769
0.209126 0.330667
0.210943 0.298273
0.211130 0.686326
0.212266 0.423211
0.212314 0.644301
0.212855 0.437259
0.213871 0.190948
0.214019 0.797211
0.215335 0.196725
0.215965 0.285113
0.219054 0.580120
0.219422 0.887487
0.220096 0.186984
0.220185 0.587409
0.222806 0.764944
0.223146 0.173305
0.223770 0.357802
0.224403 0.482575
0.225084 0.857816
0.225379 0.376802
0.225828 0.393122
0.228784 0.334576
0.230678 0.218423
0.231008 0.570823
0.232185 0.918889
0.232426 0.925750
0.232658 0.746814
0.234772 0.862445
0.235153 0.679192
0.235655 0.430085
0.236144 0.226731
0.237700 0.231500
0.238397 0.421756
0.238574 0.205943
0.239276 0.206196
0.239510 0.640599
0.239795 0.968810
0.239952 0.238351
0.240161 0.361136
0.240361 0.255060
0.241387 0.309401
0.241730 0.812561
0.242867 0.563229
0.243221 0.911237
0.245616 0.554708
0.245642 0.974251
0.246526 0.256539
0.246718 0.780403
0.246753 0.227592
0.246917 0.455741
0.246985 0.724256
0.250475 0.818974
0.250707 0.657225
0.253212 0.629236
0.253965 0.288590
0.255584 0.823156
0.256594 0.764657
0.256982 0.320521
0.257251 0.824432
0.259674 0.215089
0.259965 0.744925
0.260271 0.615714
0.260827 0.301830
0.261864 0.232985
0.262851 0.975846
0.264272 0.546343
0.264852 0.337502
0.264920 0.244694
0.265559 0.504793
0.269414 0.671787
0.269502 0.681608
0.270502 0.792054
0.271659 0.329451
0.274443 0.744608
0.274817 0.842334
0.277208 0.435309
0.278670 0.582479
0.279166 0.857558
0.279381 0.345445
0.279549 0.770321
0.279653 0.572961
0.280906 0.935179
0.282616 0.368284
0.284740 0.753430
0.285231 0.452638
0.289468 0.412993
0.289607 0.711425
0.289807 0.713243
0.291166 0.528722
0.291763 0.579668
0.293092 0.526977
0.293413 0.362259
0.293847 0.976002
0.295197 0.511048
0.295353 0.662005
0.296607 0.874698
0.296962 0.337790
0.298648 0.875248
0.298672 0.556537
0.298832 0.505199
0.299483 0.557163
0.300532 0.751177
0.301154 0.904525
0.301394 0.764564
0.302421 0.528313
0.302627 0.795263
0.302982 0.295475
0.303584 0.568061
0.304033 0.947548
0.305113 0.300415
0.308453 0.581939
0.308774 0.908202
0.309407 0.417995
0.309638 0.397618
0.312666 0.427077
0.314006 0.330332
0.314591 0.850728
0.315416 0.381673
0.316789 0.301406
0.321036 0.404208
0.321768 0.616656
0.322814 0.510668
0.325871 0.392661
0.326569 0.423102
0.327374 0.368361
0.327807 0.702755
0.329656 0.483320
0.331172 0.398859
0.331470 0.691191
0.332369 0.778188
0.333460 0.520384
0.334266 0.488478
0.334426 0.607246
0.337350 0.747179
0.338563 0.315746
0.339396 0.403535
0.339848 0.969205
0.340180 0.386468
0.340695 0.760166
0.340916 0.743514
0.341446 0.678205
0.342065 0.316751
0.342248 0.368636
0.343028 0.498921
0.344046 0.376255
0.344258 0.428718
0.346848 0.653180
0.347269 0.502893
0.347538 0.659364
0.348978 0.575228
0.350910 0.932015
0.352206 0.871982
0.352355 0.535867
0.353895 0.633949
0.355726 0.626397
0.356504 0.881237
0.356733 0.619083
0.358073 0.490038
0.358572 0.739841
0.358956 0.477824
0.359598 0.363484
0.361382 0.500438
0.362288 0.873074
0.365563 0.419413
0.365654 0.474282
0.365855 0.357603
0.366206 0.447657
0.367006 0.583311
0.368614 0.451268
0.369415 0.781748
0.372336 0.383366
0.372392 0.537632
0.373087 0.583617
0.375019 0.549256
0.375575 0.498743
0.376626 0.433376
0.377876 0.986254
0.378198 0.736149
0.379349 0.603250
0.380116 0.366960
0.380677 0.422600
0.381281 0.408647
0.381306 0.513169
0.381332 0.380908
0.381401 0.873296
0.386382 0.523742
0.386997 0.787594
0.387080 0.933978
0.387631 0.634713
0.388186 0.409801
0.388456 0.540269
0.388618 0.973831
0.388729 0.627377
0.388872 0.381028
0.392106 0.447005
0.392564 0.750175
0.396880 0.855621
0.397895 0.899841
0.398094 0.599712
0.398521 0.689135
0.400383 0.845994
0.400483 0.573845
0.401224 0.658549
0.401643 0.974843
0.403304 0.672863
0.404371 0.588227
0.404873 0.506510
0.405997 0.414768
0.408286 0.614000
0.408468 0.609139
0.409370 0.989308
0.409632 0.585913
0.410621 0.437039
0.410818 0.428478
0.410992 0.632169
0.416702 0.696697
0.416723 0.808909
0.416914 0.536966
0.418143 0.903520
0.419356 0.760249
0.421198 0.790439
0.422688 0.863967
0.423401 0.646927
0.425133 0.425838
0.425533 0.958936
0.425745 0.537909
0.428798 0.617769
0.428991 0.443019
0.429374 0.505999
0.430086 0.657078
0.430154 0.489180
0.430631 0.448134
0.430791 0.740686
0.431614 0.904801
0.432382 0.648434
0.432602 0.924843
0.432965 0.988330
0.433661 0.772862
0.435039 0.815698
0.435357 0.459730
0.437139 0.637804
0.438163 0.684694
0.438384 0.703034
0.439605 0.720308
0.439943 0.640458
0.440716 0.685489
0.442651 0.509778
0.445577 0.650883
0.446580 0.508064
0.447401 0.578912
0.447599 0.707495
0.452835 0.922943
0.453145 0.984264
0.455303 0.737543
0.456640 0.704200
0.457426 0.486500
0.458567 0.922467
0.459492 0.984727
0.461547 0.690822
0.461893 0.967428
0.464355 0.438623
0.464489 0.700330
0.464900 0.836345
0.470774 0.478515
0.470904 0.613670
0.470913 0.921770
0.474905 0.869892
0.476797 0.841068
0.478076 0.949457
0.478725 0.862827
0.480569 0.893712
0.483928 0.682645
0.488622 0.706357
0.490367 0.888070
0.490751 0.626565
0.491139 0.547951
0.491305 0.932721
0.494612 0.649042
0.495990 0.718542
0.496729 0.703127
0.499378 0.538897
0.500436 1.000000
0.500445 0.926294
0.500583 0.889667
0.502833 0.863821
0.504654 0.793858
0.504801 0.764154
0.508606 0.990759
0.508824 0.756312
0.511085 0.822356
0.511675 0.560640
0.512525 0.750643
0.513925 0.957048
0.514357 0.486893
0.520241 0.954046
0.521244 0.743180
0.523610 0.965997
0.523787 0.820296
0.525002 0.501442
0.528043 0.707176
0.529671 0.700923
0.531603 0.733530
0.531702 0.657895
0.537439 0.545291
0.542598 0.694917
0.542807 0.951480
0.544483 0.587601
0.545172 0.773098
0.546859 0.617842
0.547457 0.640131
0.548854 0.676141
0.548875 0.826678
0.549055 0.570475
0.549429 0.993818
0.549815 0.979381
0.550438 0.663248
0.557896 0.686108
0.560118 0.632313
0.561949 0.869229
0.563093 0.772089
0.565181 0.644735
0.566329 0.816577
0.569248 0.928803
0.575236 0.644671
0.581642 0.814096
0.581655 0.590371
0.586300 0.754572
0.587606 0.876254
0.589773 0.623235
0.591266 0.857558
0.594520 0.782216
0.599532 0.924229
0.599602 0.820163
0.599801 0.952467
0.601754 0.872865
0.605644 0.767722
0.606528 0.894824
0.611508 0.967514
0.617192 0.917013
0.618254 0.891242
0.619121 0.942095
0.620980 0.747864
0.623116 0.713010
0.623486 0.751933
0.626775 0.806812
0.631213 0.965085
0.639925 0.963957
0.641237 0.791819
0.644372 0.762711
0.645763 0.711144
0.646321 0.660068
0.651441 0.738329
0.670581 0.767948
0.671115 0.735543
0.672674 0.831058
0.674924 0.811598
0.676167 0.751021
0.677176 0.945473
0.692076 0.975959
0.700327 0.923858
0.701427 0.759625
0.706773 0.741486
0.710154 0.897752
0.710383 0.675625
0.725835 0.719272
0.739369 0.806474
0.748572 0.864007
0.758748 0.842234
0.777201 0.746905
0.798784 0.884806
0.831118 0.822749
0.849755 0.972972
0.979403 0.954881
1.000000 0.942964
