0.000000 0.211191
0.004558 0.452655
0.017574 0.780773
0.021097 0.626598
0.025874 0.342598
0.026327 0.200831
0.032396 0.522096
0.044345 0.497379
0.051721 0.114771
0.059838 0.322210
0.060217 0.119710
0.064722 0.431034
0.065928 0.155876
0.085262 0.845209
0.093611 0.485402
0.094109 0.252074
0.100517 0.129601
0.103823 0.750473
0.108163 0.437216
0.114274 0.617485
0.115516 0.779191
0.130396 0.884459
0.131434 0.280761
0.131812 0.748113
0.137248 1.000000
0.139299 0.719341
0.139675 0.104407
0.140706 0.583847
0.149279 0.463560
0.154852 0.872305
0.154907 0.741341
0.161260 0.572449
0.169021 0.645014
0.173981 0.488136
0.174010 0.713302
0.182814 0.957760
0.185878 0.579649
0.190194 0.123091
0.191929 0.716541
0.200549 0.092790
0.202648 0.100209
0.212492 0.731712
0.224211 0.944655
0.225518 0.822740
0.227385 0.876777
0.227984 0.744214
0.230310 0.216353
0.233689 0.754822
0.235740 0.523292
0.242115 0.628955
0.242412 0.526144
0.247886 0.608085
0.249151 0.081382
0.249997 0.210892
0.251384 0.290892
0.258558 0.140698
0.259435 0.097052
0.274553 0.076536
0.276720 0.612046
0.278214 0.707103
0.278287 0.304758
0.282769 0.372222
0.293202 0.103475
0.295991 0.533697
0.298640 0.289836
0.300616 0.143765
0.305518 0.503689
0.309260 0.083255
0.309829 0.640263
0.310206 0.608587
0.310656 0.585977
0.323624 0.565182
0.330195 0.781543
0.336737 0.714292
0.342113 0.471931
0.342804 0.680562
0.344924 0.830331
0.347967 0.303141
0.350380 0.087697
0.358570 0.470498
0.358753 0.392472
0.361222 0.245255
0.362308 0.787428
0.362336 0.670481
0.363477 0.178676
0.372068 0.828530
0.373148 0.740284
0.384984 0.121394
0.386933 0.104391
0.393958 0.244595
0.395333 0.053457
0.396136 0.735400
0.397201 0.511167
0.399022 0.103859
0.400810 0.184921
0.404233 0.712855
0.404283 0.536035
0.405329 0.460384
0.409211 0.402074
0.413679 0.032948
0.421347 0.582597
0.425214 0.271354
0.425488 0.069200
0.436690 0.137265
0.439226 0.667681
0.441991 0.666725
0.445450 0.380185
0.454573 0.579065
0.475172 0.690005
0.479232 0.370345
0.497538 0.715707
0.503427 0.441051
0.507225 0.528887
0.521025 0.311026
0.521253 0.302977
0.522202 0.212311
0.525753 0.672603
0.529913 0.239558
0.544867 0.549369
0.553878 0.696342
0.570341 0.353736
0.572800 0.471011
0.572993 0.711350
0.574525 0.464054
0.590748 0.021044
0.593641 0.103759
0.596502 0.341571
0.600949 0.622097
0.603057 0.377509
0.655160 0.193053
0.666759 0.008810
0.667306 0.410285
0.683737 0.247926
0.689991 0.499792
0.696704 0.614540
0.700260 0.056682
0.707342 0.526683
0.728476 0.230780
0.781777 0.099732
0.790519 0.001943
0.821461 0.327472
0.896358 0.489539
0.908286 0.147837
0.915399 0.000000
1.000000 0.095820
