0.000000 0.053302
0.002415 0.085290
0.019018 0.014318
0.021073 0.138832
0.021331 0.236481
0.022288 0.040211
0.026731 0.169701
0.028513 0.162750
0.028951 0.144449
0.030156 0.267105
0.034521 0.080953
0.035452 0.000000
0.036770 0.291197
0.042076 0.145912
0.043003 0.187216
0.043655 0.408978
0.043694 0.210628
0.050177 0.093658
0.050604 0.323427
0.051559 0.317589
0.053967 0.440570
0.053985 0.126682
0.056184 0.129065
0.058292 0.096893
0.061144 0.198562
0.061816 0.403284
0.063313 0.310935
0.064918 0.199798
0.069656 0.169453
0.070098 0.388840
0.074238 0.391482
0.075970 0.102468
0.077113 0.406492
0.077663 0.440800
0.081774 0.393806
0.082005 0.275414
0.082542 0.125549
0.084885 0.371167
0.085222 0.347436
0.085775 0.463453
0.086502 0.280467
0.087455 0.213197
0.088750 0.126015
0.089735 0.398014
0.092280 0.431941
0.094846 0.245182
0.096396 0.302298
0.097310 0.227373
0.097893 0.368154
0.098396 0.484624
0.099208 0.360031
0.099464 0.312786
0.101881 0.495796
0.102438 0.423770
0.102605 0.542708
0.103925 0.441518
0.105686 0.407243
0.107453 0.535104
0.107666 0.515502
0.107959 0.402314
0.108155 0.456921
0.109727 0.447594
0.111212 0.537227
0.112098 0.345171
0.112863 0.484774
0.112868 0.176689
0.114233 0.339360
0.114486 0.493788
0.114806 0.237161
0.115268 0.358138
0.115334 0.517505
0.116759 0.241963
0.117751 0.405562
0.117969 0.468153
0.119323 0.272892
0.121364 0.245545
0.122482 0.220972
0.125701 0.504034
0.128403 0.599330
0.129546 0.548242
0.130046 0.543754
0.130168 0.577142
0.130287 0.436845
0.130293 0.599319
0.130521 0.297363
0.133406 0.311645
0.133515 0.267322
0.133642 0.462184
0.135078 0.296616
0.135723 0.209612
0.136166 0.445528
0.136363 0.491953
0.136484 0.567447
0.137985 0.516583
0.138292 0.387308
0.139340 0.397856
0.139435 0.537338
0.141121 0.298200
0.141677 0.296126
0.141755 0.440879
0.142541 0.622703
0.142571 0.286820
0.144371 0.600415
0.144416 0.596998
0.145963 0.431426
0.146273 0.303948
0.147162 0.335009
0.147975 0.609110
0.148178 0.581952
0.149320 0.403298
0.149975 0.438846
0.150249 0.362746
0.150956 0.283498
0.151118 0.497116
0.151497 0.586987
0.151543 0.506226
0.152459 0.242135
0.152497 0.393183
0.152773 0.316302
0.153068 0.302365
0.153336 0.257638
0.153780 0.253706
0.154138 0.577181
0.154805 0.284200
0.155750 0.356852
0.155863 0.516890
0.155986 0.531869
0.156453 0.568021
0.156858 0.588640
0.157097 0.558714
0.157136 0.420706
0.157171 0.294535
0.159499 0.533230
0.160550 0.313489
0.161429 0.381442
0.162323 0.295964
0.165078 0.454851
0.167939 0.477299
0.168256 0.575124
0.168472 0.663617
0.169849 0.401059
0.170936 0.441500
0.171098 0.373756
0.171887 0.584312
0.172035 0.571526
0.172164 0.571008
0.172278 0.489877
0.173437 0.322607
0.173903 0.276500
0.174527 0.481478
0.175295 0.300407
0.175792 0.497199
0.175834 0.566156
0.176058 0.458953
0.176395 0.558954
0.176831 0.657612
0.176900 0.402165
0.177062 0.329493
0.178083 0.341582
0.179527 0.302050
0.180319 0.675827
0.181372 0.393481
0.181426 0.536777
0.181984 0.514332
0.182094 0.534927
0.182701 0.513929
0.183083 0.582920
0.183536 0.685098
0.183607 0.508321
0.184696 0.676937
0.185408 0.565124
0.185799 0.397106
0.186898 0.687040
0.187886 0.628773
0.187922 0.414510
0.188054 0.539422
0.188237 0.677689
0.188814 0.517039
0.189909 0.301831
0.190494 0.601507
0.190684 0.496297
0.192350 0.602322
0.192854 0.519750
0.193105 0.477207
0.193230 0.429674
0.193339 0.690099
0.193592 0.405219
0.197585 0.437820
0.198449 0.448336
0.199305 0.368253
0.199847 0.529382
0.200536 0.670225
0.200544 0.360806
0.200664 0.299369
0.200669 0.568437
0.200842 0.397491
0.200974 0.443400
0.202042 0.555677
0.202048 0.438806
0.202814 0.427221
0.203539 0.495441
0.203932 0.659932
0.204332 0.371133
0.205034 0.537315
0.205366 0.469843
0.207324 0.387419
0.207794 0.678853
0.207917 0.669675
0.208774 0.503008
0.208815 0.668452
0.209640 0.506124
0.209735 0.530540
0.211382 0.507442
0.211422 0.579021
0.212034 0.587433
0.212298 0.468833
0.214025 0.369840
0.214153 0.525487
0.214234 0.430192
0.214597 0.553937
0.217997 0.489919
0.218257 0.449753
0.218759 0.638422
0.219757 0.491955
0.219980 0.508059
0.220315 0.507386
0.223398 0.618640
0.223619 0.326744
0.224237 0.423096
0.225282 0.695594
0.226551 0.519515
0.226706 0.344705
0.227155 0.671898
0.227170 0.401438
0.227431 0.558897
0.227560 0.360381
0.227893 0.379810
0.228207 0.377960
0.228617 0.414192
0.228998 0.637418
0.229147 0.576267
0.230051 0.594402
0.230100 0.362860
0.231379 0.350590
0.231541 0.587160
0.232052 0.388577
0.233216 0.535121
0.233864 0.714986
0.234482 0.746468
0.234828 0.580525
0.235154 0.650721
0.235633 0.527746
0.235906 0.607626
0.236599 0.710984
0.237750 0.379979
0.238661 0.685855
0.239234 0.552600
0.241207 0.608900
0.241223 0.459163
0.241960 0.675524
0.242218 0.678121
0.243029 0.623413
0.243674 0.552361
0.243720 0.715852
0.243811 0.380328
0.245260 0.598819
0.245445 0.614112
0.245910 0.580337
0.246280 0.602754
0.246521 0.495694
0.246788 0.402973
0.247392 0.396898
0.248751 0.516239
0.250098 0.581189
0.250424 0.593831
0.250685 0.425240
0.252026 0.411933
0.252270 0.755962
0.254028 0.527908
0.255159 0.487806
0.255691 0.586763
0.255935 0.543221
0.256088 0.713025
0.257285 0.373835
0.257678 0.372948
0.257857 0.693194
0.258367 0.412055
0.258784 0.722046
0.259312 0.626722
0.259588 0.711188
0.259649 0.415743
0.260141 0.377029
0.261638 0.519350
0.262087 0.557058
0.262953 0.672995
0.263309 0.753499
0.263311 0.511398
0.264974 0.396197
0.266506 0.412062
0.268722 0.529430
0.268749 0.459643
0.269500 0.435109
0.269633 0.628733
0.270652 0.607032
0.270901 0.517295
0.271715 0.724749
0.272402 0.719253
0.272747 0.406785
0.274691 0.697143
0.274891 0.653372
0.275674 0.526543
0.276646 0.439735
0.277017 0.514796
0.278532 0.393971
0.278717 0.680417
0.278762 0.417425
0.280295 0.437119
0.280457 0.602254
0.281231 0.530047
0.282672 0.737609
0.282703 0.605458
0.284670 0.508812
0.284880 0.574395
0.285096 0.517489
0.285923 0.420639
0.286712 0.543920
0.287997 0.604147
0.288721 0.554024
0.289058 0.540538
0.289826 0.725897
0.290086 0.431193
0.291082 0.586647
0.292805 0.438009
0.292812 0.601064
0.293659 0.677196
0.294039 0.606113
0.294227 0.557525
0.294906 0.474760
0.295632 0.706940
0.296108 0.577160
0.297755 0.452925
0.297812 0.508230
0.298494 0.521029
0.298865 0.468659
0.299071 0.640554
0.299707 0.560051
0.299942 0.671639
0.300870 0.638004
0.301855 0.785999
0.301998 0.433173
0.302146 0.581744
0.302446 0.740773
0.302468 0.708071
0.303210 0.640679
0.306317 0.450701
0.306784 0.698179
0.306794 0.436654
0.306802 0.547438
0.307027 0.636882
0.307384 0.437672
0.307978 0.692089
0.307997 0.584200
0.308436 0.535023
0.309043 0.522977
0.309732 0.822891
0.310170 0.523579
0.311867 0.506272
0.312021 0.718258
0.312118 0.489749
0.312424 0.500441
0.313124 0.768773
0.313322 0.493277
0.316733 0.702471
0.317317 0.639816
0.318595 0.472623
0.319992 0.762678
0.320108 0.510605
0.320416 0.774384
0.321273 0.655841
0.322469 0.519915
0.326847 0.687311
0.326932 0.644250
0.326974 0.501802
0.327120 0.579817
0.328255 0.457328
0.329024 0.758651
0.329040 0.828416
0.329548 0.520718
0.330637 0.727453
0.331143 0.601490
0.333782 0.646745
0.334568 0.549335
0.335305 0.713108
0.336492 0.671952
0.337864 0.653653
0.338585 0.534431
0.338769 0.505669
0.339300 0.724081
0.339406 0.569741
0.340111 0.486819
0.340787 0.830681
0.340904 0.714359
0.341387 0.762150
0.341570 0.491127
0.342342 0.642013
0.342653 0.755403
0.343252 0.678281
0.343435 0.462707
0.343509 0.664839
0.345798 0.637600
0.346413 0.753441
0.347895 0.769922
0.348262 0.844128
0.348305 0.722296
0.349276 0.611791
0.351271 0.490235
0.351349 0.726983
0.351350 0.465127
0.351671 0.790919
0.353364 0.464135
0.353531 0.679672
0.355005 0.718285
0.357276 0.553354
0.357475 0.540310
0.357502 0.610365
0.358009 0.730230
0.358721 0.587708
0.358911 0.574167
0.359460 0.643062
0.360070 0.605506
0.360362 0.690073
0.360958 0.758414
0.361216 0.510372
0.364448 0.779759
0.364523 0.860672
0.365594 0.560061
0.365710 0.717542
0.367180 0.773847
0.368024 0.783652
0.369184 0.697306
0.370980 0.530616
0.371166 0.485351
0.371765 0.466841
0.372935 0.547346
0.373546 0.594554
0.375863 0.874406
0.376407 0.865574
0.376929 0.646774
0.377245 0.740828
0.377721 0.671376
0.377947 0.798712
0.379205 0.596938
0.380632 0.588164
0.382619 0.581005
0.383659 0.845129
0.383764 0.586089
0.383888 0.499710
0.385358 0.884593
0.385889 0.748838
0.386070 0.538443
0.386914 0.858024
0.387555 0.888007
0.387752 0.514190
0.387922 0.609674
0.390512 0.530186
0.391867 0.560683
0.392161 0.550938
0.392552 0.684927
0.393826 0.507442
0.396815 0.649561
0.396876 0.550979
0.399624 0.831634
0.399995 0.686882
0.400422 0.846163
0.401433 0.717059
0.401589 0.523040
0.402142 0.742432
0.403717 0.811871
0.404963 0.761352
0.407000 0.548587
0.407713 0.634819
0.408487 0.815348
0.408837 0.499498
0.408941 0.759522
0.409111 0.714714
0.410986 0.705035
0.416142 0.565140
0.417162 0.597313
0.417628 0.744026
0.418209 0.531293
0.419074 0.808921
0.423932 0.906327
0.427670 0.577316
0.427988 0.891464
0.428216 0.532135
0.429485 0.744208
0.430511 0.690571
0.430980 0.917904
0.431021 0.777479
0.431614 0.766633
0.432215 0.640296
0.432721 0.848005
0.432996 0.633775
0.434180 0.666007
0.434716 0.715283
0.435707 0.826959
0.437858 0.701357
0.438237 0.869359
0.438686 0.663176
0.441056 0.650754
0.442574 0.697096
0.442640 0.803136
0.448236 0.910608
0.449538 0.678573
0.449655 0.654688
0.451339 0.600663
0.453846 0.854342
0.454671 0.525183
0.455386 0.903831
0.460109 0.535798
0.462645 0.579461
0.464148 0.907940
0.467271 0.714177
0.468378 0.562544
0.469993 0.810687
0.470382 0.742764
0.470559 0.840622
0.473447 0.619107
0.477148 0.837415
0.477821 0.694407
0.480338 0.839024
0.480960 0.577882
0.481686 0.540828
0.482209 0.626414
0.483619 0.795907
0.485622 0.736235
0.486890 0.541993
0.488398 0.772684
0.489886 0.821027
0.491825 0.698951
0.491862 0.673232
0.492047 0.676077
0.492667 0.655147
0.492684 0.836075
0.493073 0.865675
0.494770 0.673690
0.495196 0.871460
0.495779 0.608480
0.496615 0.607666
0.497244 0.923141
0.498860 0.645465
0.499008 0.795471
0.510370 0.684713
0.512085 0.909849
0.512155 0.691835
0.515952 0.630772
0.517582 0.739121
0.525621 0.739306
0.526826 0.638596
0.529787 0.846731
0.530217 0.778134
0.532356 0.699835
0.534531 0.638048
0.540822 0.800330
0.541389 0.671168
0.541683 0.623824
0.541795 0.841900
0.545339 0.779888
0.546927 0.605092
0.548265 0.947268
0.555615 0.949624
0.556579 0.885196
0.558137 0.580661
0.558358 0.793193
0.559527 0.953083
0.562186 0.719665
0.563743 0.877426
0.567575 0.930632
0.568011 0.742172
0.571797 0.989971
0.572714 0.854232
0.572948 0.682234
0.574452 0.884648
0.578370 0.722901
0.578407 0.810992
0.579808 0.621982
0.582464 0.686303
0.585011 0.632897
0.586814 0.788053
0.587364 0.935810
0.587968 0.854859
0.589006 0.824017
0.592651 0.780275
0.595627 0.953181
0.607179 1.000000
0.613311 0.666584
0.641958 0.657022
0.654214 0.818825
0.654772 0.951817
0.656373 0.851362
0.658655 0.797032
0.671967 0.964457
0.678795 0.659588
0.700092 0.709481
0.701834 0.709507
0.722421 0.729498
0.726778 0.879022
0.745714 0.746491
0.750973 0.784384
0.765117 0.673921
0.765416 0.736104
0.775943 0.735852
0.814351 0.690360
0.871614 0.955582
1.000000 0.974846
