0.000000 0.287826
0.001964 0.000000
0.017735 0.239094
0.018218 0.121440
0.018832 0.007558
0.026930 0.153120
0.034691 0.090404
0.038163 0.244768
0.039841 0.370759
0.040309 0.200849
0.045782 0.368333
0.045979 0.154927
0.050934 0.363186
0.052772 0.108113
0.053070 0.343943
0.054356 0.132213
0.055553 0.105366
0.056203 0.206556
0.057155 0.400243
0.058460 0.413774
0.059251 0.281865
0.060155 0.285952
0.060253 0.274239
0.060960 0.249754
0.061751 0.393716
0.064436 0.116423
0.068451 0.403033
0.068882 0.188413
0.069485 0.200110
0.069573 0.159442
0.070676 0.127964
0.070971 0.423646
0.073197 0.413892
0.074342 0.184597
0.078794 0.466818
0.080515 0.450831
0.081607 0.408278
0.082165 0.192826
0.082737 0.425401
0.083169 0.139005
0.086267 0.301341
0.086332 0.377924
0.087776 0.264559
0.090389 0.239877
0.094249 0.386492
0.094320 0.154804
0.096020 0.219075
0.098193 0.362395
0.099345 0.312271
0.101052 0.509730
0.102870 0.430553
0.102962 0.481967
0.103764 0.410854
0.103852 0.285973
0.104479 0.272450
0.104703 0.232083
0.107590 0.262620
0.108233 0.409865
0.108399 0.180758
0.111685 0.373484
0.111942 0.241374
0.112037 0.322156
0.112415 0.244663
0.112562 0.299937
0.113842 0.349464
0.114542 0.242512
0.114826 0.502781
0.115637 0.460490
0.115894 0.433745
0.116067 0.534487
0.116274 0.312001
0.117208 0.284113
0.118421 0.422797
0.118743 0.488000
0.119897 0.481292
0.121149 0.525147
0.125953 0.404301
0.126637 0.520890
0.126695 0.300744
0.127409 0.533249
0.127933 0.288271
0.128778 0.284109
0.130847 0.252919
0.132605 0.395500
0.134064 0.291765
0.134217 0.516924
0.134789 0.472878
0.135730 0.485800
0.136125 0.480962
0.139460 0.382801
0.139696 0.282272
0.139892 0.565451
0.142553 0.254505
0.144280 0.401196
0.145411 0.268650
0.146154 0.241044
0.148416 0.314699
0.148524 0.322255
0.149724 0.318480
0.149727 0.452366
0.149851 0.499345
0.151240 0.492565
0.152194 0.469563
0.152289 0.262670
0.154778 0.570548
0.155079 0.407993
0.155959 0.479104
0.157085 0.553712
0.157529 0.427995
0.158929 0.561296
0.159093 0.255127
0.161033 0.479106
0.162519 0.516380
0.162875 0.456041
0.163875 0.483962
0.164600 0.527696
0.164732 0.415552
0.165019 0.325200
0.166621 0.582811
0.166891 0.603981
0.168846 0.490766
0.169238 0.297925
0.169808 0.529022
0.170017 0.532364
0.171174 0.403840
0.171531 0.493848
0.171825 0.576418
0.172289 0.308575
0.172757 0.305901
0.174278 0.523481
0.174406 0.569784
0.175554 0.440481
0.175963 0.593964
0.176846 0.617717
0.177128 0.431991
0.177150 0.556551
0.178444 0.356001
0.179905 0.321148
0.180880 0.610614
0.181394 0.626044
0.181913 0.359816
0.182292 0.522663
0.183102 0.424021
0.183543 0.569372
0.185109 0.324488
0.185645 0.514484
0.186779 0.409980
0.189362 0.300975
0.190528 0.297374
0.191344 0.577149
0.191726 0.502868
0.191972 0.312636
0.193689 0.600541
0.194820 0.437615
0.197596 0.453409
0.197802 0.550479
0.198160 0.404928
0.198476 0.427622
0.199575 0.310270
0.201005 0.457472
0.202328 0.442011
0.202864 0.366499
0.203490 0.599607
0.204267 0.403486
0.204593 0.316312
0.205264 0.609869
0.205289 0.525981
0.205870 0.459210
0.206130 0.339234
0.206207 0.366840
0.206896 0.366590
0.207529 0.610337
0.207593 0.389822
0.207640 0.630236
0.208070 0.468008
0.208123 0.566015
0.208507 0.592896
0.208704 0.333102
0.209021 0.354401
0.209768 0.645854
0.210241 0.526057
0.210342 0.386006
0.210614 0.369894
0.210634 0.618031
0.211121 0.487847
0.211141 0.651134
0.211196 0.624012
0.211616 0.338685
0.211629 0.349786
0.211814 0.592455
0.211949 0.401675
0.212106 0.384625
0.212773 0.658928
0.213630 0.556349
0.213792 0.660805
0.213929 0.383505
0.215255 0.472009
0.215298 0.325300
0.215735 0.610064
0.216120 0.625156
0.216303 0.631278
0.216480 0.398498
0.217014 0.407800
0.217319 0.546571
0.218631 0.601300
0.218749 0.425827
0.218775 0.510093
0.220212 0.515550
0.224126 0.599602
0.225999 0.599404
0.226679 0.412073
0.228191 0.360151
0.228482 0.574127
0.228556 0.680748
0.230265 0.496244
0.230786 0.514882
0.230876 0.372294
0.231689 0.669065
0.232905 0.551696
0.233082 0.516533
0.235763 0.601692
0.237695 0.583735
0.239098 0.628259
0.239111 0.649027
0.239487 0.391834
0.239608 0.461166
0.239897 0.456059
0.240348 0.431408
0.241152 0.554161
0.242239 0.401468
0.242503 0.367608
0.242653 0.625361
0.242797 0.418499
0.243385 0.688399
0.244912 0.631879
0.246561 0.535459
0.248664 0.486144
0.248906 0.565775
0.248924 0.454093
0.249813 0.394044
0.250027 0.474531
0.250479 0.614307
0.251803 0.459912
0.252586 0.415131
0.252593 0.463418
0.254450 0.393129
0.254883 0.478839
0.255940 0.568305
0.257749 0.574577
0.258541 0.535533
0.259279 0.641231
0.259442 0.411176
0.260226 0.514467
0.260295 0.456153
0.261744 0.693161
0.264253 0.515114
0.265018 0.626830
0.265629 0.589364
0.266881 0.626732
0.267155 0.422062
0.268648 0.520854
0.269556 0.584905
0.269580 0.684673
0.269878 0.388921
0.270078 0.388264
0.270915 0.485224
0.272032 0.458750
0.272571 0.494785
0.272855 0.656915
0.273190 0.402486
0.273550 0.714599
0.273999 0.576389
0.274014 0.423275
0.275580 0.479062
0.277058 0.617541
0.277800 0.422003
0.277820 0.580587
0.278151 0.665296
0.278319 0.718673
0.278775 0.602029
0.278833 0.660947
0.279542 0.400016
0.279862 0.638233
0.280346 0.444168
0.282469 0.650978
0.282759 0.505450
0.284546 0.649757
0.284548 0.538292
0.284700 0.641011
0.284919 0.461111
0.285106 0.732696
0.286283 0.529076
0.286795 0.707411
0.287907 0.462093
0.288733 0.574731
0.290452 0.605303
0.290655 0.523880
0.290895 0.578875
0.291299 0.695952
0.291322 0.655261
0.291534 0.520218
0.291571 0.599662
0.292269 0.508769
0.292851 0.588469
0.293155 0.727732
0.293522 0.408689
0.294918 0.420973
0.295219 0.464025
0.300259 0.683199
0.301629 0.539112
0.301635 0.656940
0.302753 0.607804
0.303092 0.687869
0.304832 0.418398
0.305241 0.618819
0.305350 0.419500
0.305961 0.502577
0.307545 0.416246
0.307769 0.680307
0.307889 0.452755
0.308007 0.467090
0.308056 0.637481
0.308324 0.684903
0.311034 0.601314
0.311626 0.432699
0.311639 0.498500
0.311860 0.515351
0.313806 0.526423
0.315041 0.447761
0.315540 0.684445
0.315923 0.667622
0.316296 0.428805
0.316951 0.485762
0.317927 0.530164
0.318115 0.700954
0.320052 0.453021
0.320208 0.429099
0.320266 0.568622
0.320396 0.494347
0.321534 0.754244
0.321927 0.751023
0.322343 0.465754
0.323627 0.713827
0.324660 0.649688
0.324798 0.605127
0.324891 0.468130
0.325004 0.753513
0.325290 0.583233
0.325573 0.478753
0.326847 0.609728
0.326856 0.494108
0.327523 0.680490
0.327529 0.645636
0.327806 0.637939
0.329458 0.744063
0.332323 0.631610
0.332845 0.523680
0.333178 0.568526
0.333899 0.756175
0.334362 0.448117
0.335196 0.755974
0.336510 0.540562
0.337364 0.611204
0.337679 0.765893
0.338059 0.751708
0.339527 0.766268
0.339682 0.697678
0.340030 0.539821
0.341195 0.473772
0.341982 0.705340
0.342528 0.453061
0.342681 0.695953
0.346072 0.546119
0.346270 0.469070
0.346572 0.450950
0.347079 0.551476
0.348567 0.459829
0.349513 0.517938
0.352271 0.748699
0.352505 0.622974
0.352566 0.732729
0.352626 0.549659
0.353185 0.462047
0.353714 0.718750
0.354376 0.681063
0.356544 0.789153
0.357598 0.566111
0.357793 0.721849
0.358240 0.654636
0.358542 0.693599
0.360276 0.501262
0.361870 0.516260
0.362007 0.620773
0.362458 0.467667
0.363350 0.528321
0.364450 0.643773
0.364817 0.503757
0.367552 0.516242
0.367566 0.717325
0.367618 0.463758
0.368561 0.712854
0.369370 0.716147
0.370430 0.541397
0.371371 0.720494
0.373623 0.673137
0.375345 0.795566
0.376993 0.570962
0.377413 0.473263
0.379333 0.556890
0.380267 0.469679
0.381728 0.814656
0.384818 0.791881
0.385292 0.636351
0.385769 0.734528
0.385902 0.733894
0.386900 0.484934
0.388041 0.712441
0.388070 0.734328
0.388128 0.780889
0.390008 0.802050
0.390676 0.646473
0.391525 0.567327
0.391966 0.643233
0.392050 0.514184
0.392245 0.780732
0.392378 0.565350
0.395010 0.803069
0.395036 0.522423
0.396572 0.581272
0.397224 0.552334
0.397815 0.539061
0.397949 0.582805
0.398942 0.534763
0.399097 0.594177
0.400465 0.681438
0.400803 0.548995
0.401464 0.771052
0.401736 0.604939
0.403461 0.749108
0.404197 0.816766
0.405065 0.617941
0.406093 0.520831
0.407257 0.822875
0.407512 0.675357
0.407552 0.596013
0.408696 0.703220
0.408854 0.685432
0.411699 0.722766
0.411805 0.538047
0.413838 0.828463
0.414220 0.590832
0.415655 0.771458
0.415926 0.615493
0.416218 0.744742
0.416346 0.812415
0.418725 0.561552
0.419066 0.601303
0.419950 0.495941
0.420333 0.640200
0.420845 0.656441
0.421056 0.578664
0.423973 0.593771
0.424286 0.757720
0.424320 0.792015
0.424624 0.510476
0.426778 0.730021
0.426897 0.685920
0.428170 0.841293
0.429480 0.590867
0.430787 0.679525
0.431267 0.710436
0.432186 0.771062
0.432298 0.556819
0.432372 0.807454
0.433566 0.669775
0.434409 0.600965
0.435330 0.619196
0.435707 0.697925
0.436186 0.724200
0.437226 0.795475
0.437908 0.827006
0.437979 0.757096
0.440050 0.600620
0.443048 0.805649
0.443176 0.833883
0.443891 0.601345
0.444872 0.551601
0.445877 0.671772
0.447625 0.669508
0.450824 0.665713
0.453501 0.816694
0.456125 0.698975
0.457501 0.643878
0.457625 0.660591
0.458368 0.798527
0.458525 0.689211
0.459991 0.546655
0.460535 0.715996
0.460689 0.729656
0.463404 0.846855
0.465154 0.626018
0.465383 0.585008
0.465818 0.623644
0.465959 0.553477
0.468437 0.740906
0.469352 0.688615
0.470822 0.666563
0.472187 0.710301
0.475326 0.736495
0.475779 0.584380
0.476794 0.855292
0.476899 0.710581
0.478215 0.694751
0.481835 0.670422
0.482300 0.872861
0.485479 0.839192
0.488233 0.620572
0.489026 0.604459
0.489555 0.719274
0.491802 0.620829
0.495659 0.642723
0.496034 0.654944
0.496760 0.691696
0.497335 0.555575
0.497651 0.712318
0.498072 0.585749
0.498154 0.789848
0.501545 0.707965
0.502784 0.634927
0.503795 0.701612
0.504547 0.557824
0.505267 0.880258
0.506357 0.712430
0.506711 0.748809
0.508274 0.623919
0.508305 0.700885
0.510097 0.776973
0.515670 0.719971
0.516354 0.740803
0.516835 0.703299
0.517511 0.724978
0.518118 0.641666
0.518702 0.839837
0.520837 0.748456
0.521040 0.815826
0.524789 0.661293
0.527242 0.582713
0.528318 0.717694
0.531779 0.696513
0.532402 0.577054
0.533345 0.779870
0.536851 0.800198
0.538563 0.880075
0.548484 0.663264
0.549275 0.595862
0.557918 0.661599
0.558252 0.756013
0.565025 0.774634
0.569052 0.906128
0.570836 0.661708
0.572285 0.758775
0.572924 0.578941
0.574435 0.593053
0.576090 0.589830
0.576514 0.891503
0.578738 0.749845
0.584605 0.911342
0.591525 0.613922
0.602001 0.842752
0.614540 0.935372
0.615363 0.851201
0.616774 0.780868
0.625972 0.727474
0.646677 0.822835
0.668069 0.651226
0.673860 0.912098
0.679374 0.840926
0.682523 0.698398
0.687956 0.946755
0.689067 0.694029
0.710374 0.751840
0.713540 0.657884
0.720525 0.756655
0.725523 0.747866
0.756088 0.906853
0.761084 0.918398
0.761234 0.777148
0.761976 0.809467
0.765534 0.764670
0.805365 0.921613
0.835487 0.836380
1.000000 1.000000
