0.000000 0.012352
0.003319 0.000000
0.005495 0.093682
0.016286 0.130334
0.019011 0.189438
0.021260 0.268258
0.022956 0.060268
0.023523 0.181742
0.025213 0.268587
0.029710 0.102920
0.030311 0.182292
0.035848 0.082732
0.036458 0.062855
0.037341 0.313001
0.037624 0.246528
0.038349 0.105261
0.040457 0.347676
0.042890 0.122967
0.043697 0.196194
0.044856 0.368622
0.048974 0.297225
0.048998 0.186510
0.049257 0.151112
0.049622 0.215876
0.049738 0.328846
0.053625 0.143909
0.055344 0.250285
0.059666 0.136658
0.059707 0.262429
0.060401 0.103087
0.060611 0.330213
0.062410 0.227166
0.063823 0.396766
0.064286 0.242816
0.064934 0.356500
0.065805 0.175910
0.066065 0.173630
0.066090 0.352096
0.067429 0.375804
0.070337 0.374838
0.071453 0.227778
0.073581 0.312323
0.073590 0.306420
0.076003 0.193885
0.077978 0.426251
0.079163 0.439816
0.079537 0.148069
0.081505 0.289147
0.083949 0.333169
0.084677 0.295392
0.086062 0.372084
0.086360 0.241412
0.087987 0.269357
0.089221 0.346480
0.091985 0.462168
0.092129 0.399234
0.092326 0.251947
0.092682 0.483112
0.093019 0.246306
0.094987 0.469451
0.095194 0.297899
0.095914 0.458553
0.097593 0.206852
0.097926 0.395550
0.098319 0.317696
0.098520 0.303792
0.098596 0.225606
0.099076 0.370431
0.099106 0.282347
0.100256 0.476199
0.101074 0.436968
0.104640 0.337892
0.106913 0.268278
0.107035 0.443925
0.107885 0.239309
0.108807 0.273072
0.108970 0.266434
0.109768 0.374809
0.110719 0.438741
0.110760 0.254197
0.112354 0.479647
0.112758 0.444053
0.112950 0.452791
0.114214 0.436357
0.116431 0.315540
0.116875 0.513346
0.120502 0.381725
0.120952 0.410166
0.121656 0.421423
0.121902 0.344257
0.121952 0.277039
0.123813 0.375918
0.124280 0.549215
0.124463 0.374471
0.125261 0.481992
0.127445 0.371607
0.127587 0.480806
0.130123 0.395222
0.130884 0.304144
0.131022 0.472103
0.131751 0.416861
0.133502 0.301360
0.135565 0.335332
0.135655 0.296676
0.135982 0.278725
0.136192 0.270036
0.136320 0.327939
0.137380 0.520382
0.137711 0.339860
0.138768 0.545245
0.138897 0.573045
0.139372 0.393428
0.139639 0.328030
0.140510 0.320810
0.140510 0.522320
0.141611 0.390799
0.142550 0.397480
0.142560 0.326400
0.144531 0.452142
0.144715 0.463593
0.144942 0.512383
0.146439 0.388756
0.146741 0.499295
0.147054 0.449341
0.147577 0.368051
0.149526 0.465054
0.149639 0.425535
0.150536 0.501141
0.150928 0.383056
0.151020 0.332851
0.151319 0.334002
0.151832 0.291009
0.153047 0.562195
0.154019 0.541949
0.154413 0.422298
0.154635 0.565302
0.155207 0.600712
0.155419 0.567740
0.156836 0.540023
0.159999 0.314279
0.160335 0.491003
0.160517 0.477026
0.160747 0.425763
0.161722 0.363082
0.161752 0.596002
0.162099 0.580492
0.162310 0.384810
0.162524 0.344016
0.162819 0.566343
0.162822 0.339316
0.163386 0.369767
0.163471 0.305846
0.165523 0.448382
0.166318 0.409649
0.166595 0.442129
0.167106 0.565423
0.167411 0.548601
0.167557 0.404286
0.167699 0.561318
0.167838 0.382988
0.168360 0.593513
0.168487 0.353949
0.168667 0.429592
0.168802 0.357786
0.168895 0.330793
0.169179 0.504058
0.169343 0.339627
0.169553 0.362488
0.169597 0.545805
0.169705 0.579801
0.170429 0.593432
0.170749 0.613556
0.170770 0.313783
0.171895 0.486022
0.172231 0.603507
0.172559 0.383991
0.172672 0.379893
0.173842 0.582842
0.174240 0.616448
0.174639 0.429224
0.174706 0.346066
0.175100 0.625063
0.176136 0.544711
0.176474 0.410540
0.177232 0.440523
0.177775 0.591716
0.178343 0.378803
0.178530 0.536657
0.179453 0.607995
0.180414 0.384195
0.180513 0.484587
0.181354 0.491919
0.181515 0.452813
0.181851 0.449477
0.182195 0.375525
0.182936 0.490939
0.182950 0.485025
0.183359 0.402350
0.183404 0.638770
0.184100 0.624604
0.184797 0.450201
0.185244 0.586410
0.186388 0.482706
0.186920 0.597559
0.187749 0.454100
0.188288 0.493983
0.188451 0.391818
0.188768 0.371652
0.189154 0.591042
0.189538 0.628122
0.189974 0.345049
0.190022 0.384266
0.190695 0.341220
0.192111 0.572079
0.192188 0.371593
0.192681 0.645401
0.193335 0.532294
0.193705 0.411629
0.193709 0.521639
0.193841 0.584984
0.194073 0.487184
0.194133 0.367658
0.195141 0.389021
0.195287 0.593438
0.195398 0.512483
0.197746 0.640384
0.197994 0.393791
0.199044 0.379763
0.199224 0.457033
0.199764 0.564663
0.199894 0.353313
0.200422 0.435190
0.200539 0.420121
0.200586 0.482600
0.201280 0.507312
0.201390 0.524831
0.201424 0.601755
0.202421 0.557460
0.202856 0.400634
0.203007 0.459905
0.203387 0.649174
0.204452 0.532729
0.204683 0.385708
0.205490 0.542335
0.205571 0.548451
0.206340 0.526587
0.206593 0.507505
0.206751 0.377711
0.206881 0.446220
0.207008 0.481429
0.207067 0.367721
0.207741 0.497422
0.209752 0.597813
0.210114 0.574060
0.210598 0.636351
0.210798 0.578887
0.211674 0.365705
0.212411 0.492872
0.212607 0.595099
0.213820 0.678180
0.214326 0.530485
0.215441 0.627834
0.215728 0.666327
0.215871 0.614983
0.216092 0.470915
0.216877 0.423939
0.217303 0.586112
0.217694 0.551283
0.218235 0.452337
0.218509 0.416593
0.219608 0.397979
0.219849 0.424405
0.220104 0.567267
0.222998 0.650667
0.223439 0.510514
0.223981 0.562240
0.224277 0.501372
0.226319 0.643074
0.226629 0.429228
0.227717 0.663662
0.228225 0.693343
0.228292 0.671692
0.228463 0.388774
0.229059 0.417394
0.229362 0.528439
0.230042 0.439400
0.230081 0.685042
0.230540 0.455012
0.230553 0.458073
0.231043 0.557793
0.231317 0.542255
0.231358 0.527846
0.231407 0.484735
0.231579 0.476055
0.231744 0.638172
0.232891 0.567066
0.233071 0.428478
0.233505 0.590230
0.235141 0.430787
0.235835 0.412387
0.236288 0.551735
0.236526 0.588929
0.237562 0.663118
0.238326 0.414280
0.238838 0.663578
0.239464 0.466612
0.240155 0.485688
0.240542 0.475550
0.240959 0.537142
0.241879 0.623877
0.242344 0.576847
0.242446 0.403634
0.242866 0.639616
0.243730 0.678190
0.245804 0.568227
0.246002 0.626560
0.246528 0.457031
0.246605 0.644215
0.247356 0.503078
0.248679 0.666545
0.249894 0.636011
0.249960 0.553986
0.250432 0.657991
0.250953 0.443750
0.252256 0.504261
0.252856 0.523800
0.253393 0.436400
0.253807 0.453765
0.253807 0.419474
0.254904 0.718159
0.255460 0.525006
0.257353 0.561569
0.257492 0.568821
0.258626 0.461308
0.259368 0.647249
0.259379 0.587809
0.260131 0.601245
0.260246 0.721642
0.260492 0.665944
0.261872 0.437182
0.263029 0.696606
0.263747 0.440952
0.264583 0.423494
0.265230 0.662479
0.267932 0.618531
0.268310 0.565682
0.268861 0.578345
0.269077 0.585887
0.269080 0.727592
0.269777 0.506935
0.269893 0.472653
0.271902 0.583038
0.272285 0.726599
0.273126 0.433246
0.273331 0.674148
0.273377 0.617449
0.273569 0.657288
0.274108 0.697030
0.275220 0.534103
0.275514 0.458417
0.275905 0.686009
0.276278 0.722209
0.276484 0.671423
0.276504 0.597533
0.276798 0.459992
0.277220 0.535888
0.278240 0.602238
0.279288 0.573357
0.279433 0.470141
0.280967 0.714333
0.281288 0.670037
0.281374 0.580772
0.283237 0.524948
0.284253 0.733381
0.284640 0.491853
0.284801 0.750184
0.285695 0.599200
0.286797 0.611376
0.287289 0.709640
0.287674 0.456493
0.287728 0.655586
0.287815 0.564015
0.288000 0.671478
0.289013 0.469342
0.290042 0.730873
0.290093 0.600239
0.290345 0.479223
0.291594 0.690959
0.291928 0.671402
0.292081 0.627665
0.292511 0.635778
0.292765 0.455854
0.293040 0.752241
0.293042 0.578861
0.293144 0.480414
0.293279 0.522797
0.293599 0.647771
0.294339 0.461836
0.295436 0.717144
0.296065 0.600619
0.296375 0.714536
0.296767 0.660673
0.296976 0.650786
0.297034 0.537787
0.297045 0.719181
0.297655 0.571450
0.298486 0.610281
0.299556 0.577405
0.300050 0.530318
0.300300 0.743268
0.300412 0.743432
0.301218 0.479518
0.301428 0.668525
0.301914 0.555823
0.302522 0.762815
0.302840 0.583568
0.302987 0.515061
0.303216 0.530447
0.303431 0.487215
0.304491 0.682572
0.305183 0.462363
0.305232 0.579261
0.306071 0.507907
0.306093 0.474410
0.306615 0.592974
0.307636 0.456769
0.307798 0.695779
0.307940 0.561948
0.308253 0.659728
0.308762 0.725167
0.309804 0.510274
0.309985 0.609824
0.310042 0.771020
0.310348 0.757131
0.310524 0.637265
0.310868 0.513771
0.311097 0.590432
0.311628 0.594180
0.311767 0.587215
0.312193 0.645858
0.312398 0.532209
0.312857 0.559078
0.314416 0.587861
0.315084 0.741263
0.315233 0.677833
0.315368 0.692467
0.316352 0.752133
0.316559 0.688836
0.316690 0.718041
0.317148 0.633084
0.318905 0.715404
0.319017 0.711926
0.319596 0.496440
0.319601 0.758025
0.320599 0.497955
0.320752 0.576324
0.321754 0.550610
0.322396 0.542053
0.322468 0.545907
0.322786 0.601257
0.323833 0.744835
0.323991 0.783417
0.324286 0.636891
0.324466 0.498800
0.325415 0.583354
0.326462 0.730053
0.328698 0.618039
0.329355 0.646603
0.330610 0.769918
0.331190 0.671223
0.331218 0.717413
0.331245 0.699692
0.331259 0.767866
0.331641 0.566974
0.331802 0.672720
0.331875 0.611308
0.332763 0.649360
0.332773 0.604880
0.332942 0.739461
0.332977 0.659648
0.333351 0.559090
0.333357 0.624114
0.333709 0.558755
0.333778 0.692520
0.334344 0.616559
0.334781 0.627010
0.335233 0.522710
0.337378 0.734596
0.337811 0.745310
0.338089 0.543656
0.338251 0.514421
0.338266 0.546628
0.338288 0.510696
0.338712 0.509760
0.338901 0.715169
0.340815 0.586391
0.341039 0.570224
0.341700 0.641353
0.341728 0.664080
0.342078 0.490231
0.342120 0.633066
0.342248 0.551657
0.342668 0.647327
0.343079 0.720420
0.343983 0.616710
0.344029 0.646377
0.344552 0.755952
0.344646 0.768106
0.345161 0.499997
0.345284 0.674605
0.345642 0.576087
0.347168 0.616920
0.348991 0.785957
0.349915 0.759899
0.349973 0.575800
0.350059 0.713522
0.351022 0.639317
0.351155 0.726773
0.352374 0.511193
0.352581 0.645905
0.353265 0.757358
0.354142 0.792039
0.354153 0.778406
0.354158 0.549549
0.355843 0.712463
0.356138 0.550632
0.356252 0.786242
0.357590 0.793818
0.357738 0.555618
0.358206 0.622563
0.358661 0.543988
0.359474 0.707093
0.360104 0.643043
0.360545 0.607824
0.360724 0.711705
0.361741 0.759531
0.362469 0.740289
0.362946 0.594868
0.363729 0.556121
0.366353 0.676392
0.368053 0.795972
0.368397 0.604076
0.368715 0.800189
0.368867 0.646618
0.368935 0.607028
0.369017 0.670115
0.369141 0.739369
0.369791 0.808239
0.369858 0.510200
0.370035 0.798532
0.370285 0.592066
0.370482 0.588926
0.371054 0.610826
0.371509 0.534619
0.372194 0.740352
0.372613 0.683687
0.372858 0.599892
0.372912 0.739943
0.373406 0.620281
0.373519 0.787500
0.373558 0.782211
0.374512 0.713608
0.375289 0.556658
0.376233 0.603987
0.376423 0.700876
0.376875 0.798459
0.377331 0.746773
0.377468 0.525624
0.377933 0.522352
0.379272 0.765045
0.379290 0.593967
0.380152 0.573245
0.380549 0.608792
0.381096 0.571531
0.381181 0.671324
0.381184 0.790650
0.381835 0.796022
0.382651 0.753447
0.383676 0.521934
0.386243 0.623839
0.386295 0.617014
0.387977 0.568076
0.388894 0.521609
0.389108 0.760737
0.389207 0.756626
0.389486 0.632303
0.390168 0.672079
0.390441 0.687214
0.391016 0.531453
0.391118 0.823894
0.391258 0.739836
0.391398 0.564979
0.393819 0.762489
0.394210 0.764376
0.395154 0.600015
0.395297 0.583916
0.395995 0.664116
0.397115 0.716992
0.397688 0.598391
0.398142 0.736680
0.398710 0.655144
0.398721 0.657160
0.400070 0.715011
0.400086 0.729285
0.400729 0.542355
0.400801 0.761058
0.401285 0.809308
0.402160 0.606551
0.402541 0.735602
0.402555 0.564072
0.403107 0.729321
0.403452 0.601935
0.404698 0.619063
0.405115 0.802294
0.405864 0.792213
0.405925 0.763808
0.408208 0.631944
0.408294 0.741497
0.408734 0.827077
0.409461 0.706741
0.409978 0.753019
0.410026 0.767204
0.410147 0.698599
0.410534 0.652155
0.411540 0.577809
0.411837 0.556848
0.412488 0.629908
0.413004 0.647292
0.413644 0.839720
0.414357 0.582478
0.415002 0.791661
0.416361 0.824494
0.416635 0.622483
0.417482 0.623050
0.418049 0.769433
0.418188 0.627362
0.418801 0.557408
0.418957 0.756134
0.419027 0.767932
0.419096 0.698406
0.419255 0.575400
0.419370 0.598684
0.419868 0.803509
0.420030 0.607910
0.420977 0.649363
0.422853 0.548403
0.423423 0.576987
0.423497 0.536911
0.423877 0.645379
0.423973 0.842574
0.424730 0.785882
0.425403 0.676837
0.425416 0.783266
0.425704 0.825164
0.426350 0.682849
0.426714 0.671280
0.428743 0.820146
0.429030 0.703583
0.430935 0.612719
0.431612 0.657585
0.432130 0.826727
0.432538 0.729456
0.433256 0.819287
0.433394 0.725350
0.433710 0.841193
0.433953 0.799639
0.434031 0.762158
0.435151 0.719482
0.435306 0.709415
0.437047 0.720215
0.437565 0.579612
0.438939 0.763926
0.439516 0.849702
0.439604 0.846513
0.439942 0.613688
0.441006 0.766933
0.441177 0.580233
0.441490 0.634311
0.442495 0.820021
0.443148 0.629234
0.444374 0.635751
0.445282 0.681192
0.445400 0.697691
0.445925 0.793105
0.446234 0.778491
0.446503 0.771495
0.446507 0.622635
0.446992 0.687533
0.447073 0.682805
0.447732 0.818675
0.450412 0.843875
0.450413 0.821272
0.450451 0.663364
0.451206 0.764755
0.451953 0.657991
0.452049 0.843405
0.452871 0.664228
0.453588 0.826726
0.454202 0.775285
0.456893 0.778996
0.457270 0.577103
0.457277 0.749719
0.457456 0.713038
0.457553 0.653939
0.457688 0.621832
0.458063 0.689272
0.458350 0.593479
0.458989 0.571006
0.460492 0.598689
0.461511 0.673789
0.462754 0.682786
0.462994 0.848111
0.463514 0.628140
0.463742 0.841801
0.464867 0.725746
0.465185 0.572959
0.466175 0.613105
0.468184 0.588426
0.468249 0.731130
0.468288 0.746403
0.468707 0.755074
0.469541 0.800676
0.469883 0.791724
0.470367 0.635040
0.470871 0.834601
0.471271 0.706837
0.471852 0.599719
0.473482 0.758955
0.473962 0.705522
0.474809 0.625242
0.475884 0.645580
0.476146 0.648694
0.477147 0.839360
0.477672 0.757461
0.477995 0.605346
0.478546 0.595642
0.479296 0.621731
0.480373 0.709469
0.481035 0.800783
0.481832 0.806552
0.482568 0.598629
0.483730 0.606700
0.483975 0.734433
0.484400 0.618014
0.486901 0.768514
0.486931 0.838938
0.487142 0.857520
0.487195 0.799173
0.487840 0.663165
0.488811 0.745972
0.489846 0.673717
0.491247 0.651254
0.491357 0.853565
0.491752 0.660643
0.491853 0.727404
0.492777 0.815266
0.492965 0.620626
0.492971 0.715469
0.493254 0.870109
0.494932 0.745054
0.497523 0.838255
0.498092 0.754994
0.498969 0.630888
0.499007 0.803666
0.500279 0.755320
0.501355 0.691674
0.501503 0.608966
0.502330 0.595471
0.502335 0.804905
0.502937 0.814818
0.503108 0.836460
0.503394 0.584236
0.503934 0.882924
0.505150 0.668466
0.505323 0.684148
0.505447 0.872194
0.507274 0.595260
0.508291 0.608864
0.508987 0.867578
0.510151 0.832425
0.510973 0.812308
0.511993 0.805107
0.513291 0.846318
0.513958 0.614861
0.513993 0.876617
0.515041 0.885177
0.515097 0.718637
0.515148 0.733646
0.515715 0.737532
0.515811 0.698397
0.519096 0.859768
0.520298 0.635103
0.520916 0.755460
0.521714 0.815294
0.521866 0.704191
0.522421 0.871557
0.522468 0.880613
0.522479 0.684310
0.522737 0.610905
0.523216 0.702902
0.525694 0.639829
0.526836 0.710784
0.527363 0.840047
0.529072 0.739061
0.529721 0.605737
0.530942 0.824027
0.531238 0.717208
0.531900 0.789967
0.531949 0.805329
0.532472 0.798500
0.533396 0.823823
0.533949 0.810736
0.534322 0.836304
0.534946 0.716328
0.536948 0.609673
0.538488 0.686003
0.538881 0.599880
0.538998 0.883106
0.539182 0.598260
0.539404 0.673238
0.540281 0.610732
0.541123 0.655527
0.542474 0.643059
0.542585 0.627270
0.543342 0.726647
0.543592 0.821070
0.545033 0.630891
0.545479 0.685658
0.546102 0.700908
0.546515 0.705126
0.546628 0.658363
0.546762 0.880229
0.546919 0.893246
0.547049 0.720645
0.547549 0.733164
0.547959 0.699773
0.547981 0.738934
0.548343 0.615486
0.548438 0.639480
0.548732 0.794427
0.548799 0.712848
0.550999 0.604627
0.551318 0.798468
0.552906 0.649510
0.553487 0.615369
0.553532 0.718523
0.555562 0.748798
0.555847 0.700902
0.556043 0.838528
0.556605 0.686739
0.557104 0.835818
0.558479 0.889531
0.558665 0.836466
0.559493 0.756474
0.560442 0.724429
0.562810 0.647566
0.563265 0.713294
0.563351 0.677514
0.564408 0.602947
0.564458 0.759077
0.564860 0.883315
0.565406 0.796277
0.566120 0.819733
0.566741 0.677791
0.567297 0.634321
0.570044 0.720842
0.571088 0.653866
0.571100 0.610456
0.571354 0.759018
0.572370 0.772119
0.573843 0.794077
0.574791 0.760952
0.576852 0.679767
0.577717 0.864245
0.579588 0.854696
0.579920 0.704351
0.581977 0.760727
0.584141 0.903286
0.584684 0.675599
0.584698 0.878382
0.585324 0.675408
0.585518 0.621473
0.585519 0.868650
0.587610 0.859377
0.588549 0.775886
0.589649 0.743736
0.595364 0.656701
0.596061 0.778308
0.596468 0.658070
0.596682 0.755447
0.597697 0.713945
0.597969 0.729482
0.600515 0.873154
0.602221 0.770624
0.604960 0.728903
0.605165 0.907082
0.606688 0.816355
0.606739 0.637809
0.607723 0.755789
0.607756 0.708970
0.612662 0.739229
0.616729 0.646893
0.617759 0.709494
0.617812 0.708702
0.618306 0.886662
0.618347 0.651986
0.618742 0.727409
0.619008 0.739464
0.619999 0.680938
0.621354 0.654992
0.624509 0.884103
0.624566 0.860036
0.624645 0.678369
0.625460 0.672236
0.628547 0.760724
0.630461 0.791184
0.631395 0.915114
0.635566 0.763987
0.636082 0.884721
0.636697 0.719464
0.639021 0.629778
0.639091 0.850283
0.639249 0.861961
0.640923 0.756512
0.642559 0.905904
0.644470 0.843339
0.645656 0.883177
0.648971 0.681067
0.649304 0.851756
0.649864 0.897354
0.651692 0.674737
0.653800 0.796092
0.660755 0.665639
0.661989 0.885140
0.662584 0.635225
0.664738 0.799529
0.666329 0.726788
0.666969 0.831623
0.669978 0.658010
0.670867 0.656262
0.671295 0.783008
0.672708 0.769191
0.678164 0.905329
0.680169 0.688032
0.680424 0.891222
0.681904 0.801750
0.682745 0.847742
0.684682 0.827993
0.685771 0.733918
0.689642 0.692765
0.689714 0.754370
0.690901 0.797851
0.691018 0.841735
0.694350 0.654529
0.696860 0.824134
0.697334 0.797422
0.701247 0.875737
0.701731 0.755304
0.704260 0.803888
0.705839 0.708237
0.708619 0.934115
0.708996 0.909847
0.710275 0.790429
0.713060 0.888516
0.716117 0.797275
0.716240 0.854668
0.717641 0.953389
0.717707 0.814075
0.717953 0.875733
0.723127 0.823421
0.723670 0.838988
0.724063 0.724518
0.724473 0.799624
0.725200 0.900633
0.726240 0.835674
0.730265 0.772632
0.730460 0.846442
0.731715 0.944975
0.736125 0.964291
0.737769 0.715006
0.743296 0.801991
0.746353 0.821271
0.748126 0.659462
0.755476 0.793953
0.758808 0.848669
0.759008 0.919956
0.765937 0.831743
0.773634 0.716751
0.777818 0.882214
0.785868 0.723858
0.789706 0.893420
0.791106 0.671637
0.794142 0.750236
0.799335 0.957713
0.802031 0.886941
0.804195 0.935743
0.805646 0.698582
0.807825 0.854569
0.811209 0.841044
0.818816 0.768522
0.821675 0.704309
0.842281 0.712473
0.843111 0.979817
0.847829 0.742728
0.857109 0.734212
0.867236 0.791829
0.871562 0.835174
0.875741 0.696672
0.876986 0.929707
0.883077 0.745398
0.892295 0.764588
0.898813 0.754069
0.937156 0.896497
0.938965 1.000000
0.947367 0.711407
0.970220 0.764651
0.971753 0.723941
0.979284 0.991222
0.997042 0.845841
1.000000 0.757939
