0.000000 0.192646
0.003743 0.109164
0.004075 0.204565
0.004323 0.184388
0.004610 0.057939
0.009131 0.033504
0.010830 0.242700
0.014152 0.199919
0.015133 0.089523
0.022378 0.186231
0.025309 0.058920
0.025732 0.189095
0.027713 0.270674
0.028481 0.126607
0.029462 0.084984
0.029995 0.048058
0.032573 0.341990
0.036207 0.241643
0.037389 0.411852
0.040068 0.096361
0.041779 0.321460
0.042216 0.180910
0.043584 0.020567
0.046512 0.357572
0.047580 0.132645
0.048119 0.009830
0.049114 0.206668
0.049692 0.000000
0.050254 0.072352
0.052160 0.322229
0.053059 0.021198
0.054394 0.277418
0.056851 0.364558
0.057153 0.176538
0.057206 0.368860
0.057767 0.205634
0.058059 0.187343
0.058313 0.401596
0.058818 0.318935
0.058843 0.441660
0.059254 0.096943
0.061275 0.313684
0.064597 0.053131
0.065333 0.385905
0.065753 0.033140
0.066381 0.427231
0.067181 0.411771
0.067274 0.196078
0.068808 0.373241
0.070409 0.271848
0.070918 0.387139
0.071033 0.353375
0.072016 0.271265
0.072348 0.214025
0.072401 0.080761
0.072644 0.170231
0.073573 0.170907
0.074852 0.438770
0.076620 0.310033
0.078254 0.323320
0.078919 0.240770
0.079810 0.463556
0.082131 0.166971
0.082145 0.253897
0.082276 0.449652
0.083564 0.449658
0.085693 0.084944
0.086569 0.149728
0.087392 0.238238
0.088091 0.071943
0.090359 0.124024
0.090476 0.158384
0.091289 0.445466
0.094243 0.293033
0.095516 0.162634
0.096471 0.174672
0.097093 0.247766
0.097920 0.173479
0.098138 0.113707
0.098158 0.209249
0.098866 0.427621
0.098962 0.181220
0.098989 0.531135
0.101090 0.445553
0.103009 0.503964
0.105540 0.385908
0.106455 0.326317
0.107202 0.504564
0.107773 0.496492
0.107881 0.265158
0.110609 0.184675
0.111886 0.295097
0.113252 0.208767
0.113612 0.311748
0.114832 0.134374
0.116236 0.331983
0.117265 0.423319
0.120050 0.151009
0.121050 0.428372
0.122069 0.304841
0.122227 0.199144
0.122854 0.568623
0.123695 0.283389
0.124684 0.519973
0.125083 0.537571
0.126685 0.467407
0.127307 0.327029
0.127424 0.435836
0.127564 0.227079
0.127853 0.552461
0.129002 0.225293
0.129662 0.437130
0.131583 0.214886
0.132051 0.417995
0.132580 0.164233
0.133399 0.501017
0.133463 0.294872
0.133859 0.535442
0.134374 0.221134
0.134704 0.317401
0.136406 0.315361
0.136477 0.530986
0.136852 0.569444
0.138917 0.489080
0.139476 0.397223
0.140024 0.527327
0.140787 0.368417
0.140912 0.193435
0.142076 0.181042
0.142139 0.301337
0.142335 0.530636
0.142842 0.519079
0.142933 0.221581
0.143850 0.367143
0.144367 0.369856
0.144735 0.264746
0.146010 0.469589
0.147665 0.512458
0.149203 0.296698
0.149564 0.270347
0.150498 0.264963
0.151021 0.251365
0.151992 0.298701
0.153459 0.555330
0.154206 0.193937
0.155184 0.319524
0.155326 0.445492
0.156786 0.344156
0.156978 0.605912
0.159097 0.566781
0.163060 0.243281
0.163123 0.396103
0.163340 0.540958
0.163622 0.444412
0.164663 0.186801
0.164890 0.186940
0.166122 0.353319
0.167442 0.502457
0.167874 0.566528
0.168970 0.259508
0.169356 0.620191
0.169479 0.366091
0.170081 0.519856
0.170166 0.302382
0.171090 0.298854
0.172156 0.611553
0.172379 0.245092
0.172859 0.285328
0.174365 0.393728
0.175974 0.568842
0.176726 0.266817
0.179366 0.544815
0.180269 0.290333
0.180805 0.297698
0.181604 0.216410
0.181743 0.562964
0.183067 0.413576
0.183725 0.207453
0.183829 0.428673
0.183907 0.565777
0.184236 0.637631
0.185105 0.225771
0.185866 0.295250
0.185915 0.561781
0.187592 0.545043
0.187797 0.298576
0.187846 0.353499
0.188139 0.488632
0.188830 0.475558
0.190313 0.608070
0.190444 0.522302
0.190642 0.431782
0.192734 0.356116
0.192809 0.473002
0.193273 0.361260
0.193963 0.400167
0.194868 0.620347
0.195032 0.443001
0.195377 0.337447
0.196246 0.261597
0.196436 0.272246
0.197528 0.350898
0.197567 0.340431
0.197848 0.629133
0.198453 0.265737
0.200907 0.293231
0.201203 0.287496
0.201213 0.675507
0.201365 0.361389
0.201454 0.504224
0.201866 0.652232
0.202133 0.240015
0.203083 0.392990
0.203116 0.613016
0.203887 0.488063
0.204288 0.467953
0.205603 0.391050
0.206795 0.387249
0.208199 0.577253
0.211052 0.563595
0.212825 0.349110
0.213124 0.484454
0.213532 0.487770
0.213732 0.420095
0.214353 0.420808
0.214581 0.254362
0.214912 0.360276
0.215404 0.506974
0.215881 0.610338
0.216551 0.616972
0.216669 0.297034
0.216678 0.336335
0.217424 0.628413
0.217446 0.694875
0.217685 0.333370
0.218991 0.300723
0.219797 0.482827
0.220353 0.650131
0.220923 0.686881
0.221694 0.508282
0.222206 0.514674
0.222813 0.262455
0.222898 0.428830
0.223144 0.635561
0.223839 0.301170
0.223857 0.411516
0.224041 0.447828
0.224168 0.337438
0.224611 0.493756
0.224903 0.295994
0.225149 0.464863
0.225286 0.359440
0.226855 0.509623
0.229078 0.530473
0.230097 0.685451
0.230704 0.445297
0.231936 0.689277
0.234722 0.702781
0.234820 0.629724
0.234983 0.297154
0.235408 0.639503
0.235967 0.415816
0.236453 0.436292
0.237752 0.580949
0.238900 0.297496
0.239025 0.635731
0.239333 0.486426
0.239373 0.409315
0.240037 0.322906
0.240061 0.499398
0.240955 0.341699
0.241569 0.375233
0.241733 0.459013
0.241950 0.635125
0.243152 0.626142
0.243954 0.483354
0.244431 0.646358
0.244772 0.478118
0.245015 0.712313
0.245914 0.614954
0.246550 0.697244
0.246740 0.475275
0.246962 0.631664
0.248025 0.387679
0.249854 0.390763
0.250356 0.327797
0.250388 0.412253
0.251343 0.653215
0.252040 0.621338
0.252459 0.406381
0.252469 0.303358
0.253890 0.607174
0.254059 0.436072
0.255702 0.651660
0.258045 0.501551
0.258085 0.386161
0.259319 0.541816
0.259898 0.581063
0.260362 0.431527
0.261309 0.644780
0.261373 0.661489
0.263073 0.695457
0.263847 0.740735
0.265307 0.686379
0.265509 0.526234
0.267185 0.528729
0.267585 0.495090
0.267761 0.582545
0.268469 0.730420
0.268678 0.538452
0.269004 0.436757
0.270946 0.608257
0.275832 0.476888
0.276072 0.367238
0.276140 0.495953
0.276659 0.727210
0.277794 0.323595
0.278520 0.628540
0.278593 0.336536
0.279611 0.567780
0.280469 0.698877
0.283526 0.308391
0.284407 0.638097
0.284725 0.538603
0.284893 0.438207
0.285753 0.698956
0.286726 0.614417
0.287207 0.743366
0.287958 0.636477
0.288086 0.754040
0.288347 0.346821
0.290587 0.389408
0.292610 0.437534
0.292680 0.663682
0.292942 0.531245
0.294284 0.464205
0.294770 0.475494
0.294869 0.364557
0.295580 0.623718
0.296585 0.371369
0.300219 0.375376
0.300553 0.553515
0.300728 0.754255
0.301632 0.447181
0.301881 0.550318
0.302763 0.677949
0.303752 0.687500
0.305447 0.770656
0.307565 0.410331
0.308185 0.518845
0.308381 0.378118
0.308887 0.778530
0.308957 0.703923
0.310598 0.412353
0.311332 0.649754
0.312232 0.767552
0.312618 0.566162
0.313122 0.413688
0.313391 0.470705
0.313405 0.491965
0.314709 0.542454
0.315098 0.565583
0.316277 0.524509
0.320070 0.393141
0.320274 0.671048
0.320658 0.405455
0.320661 0.744213
0.321272 0.791468
0.322520 0.356465
0.322794 0.424625
0.323460 0.559173
0.323861 0.405828
0.326150 0.401805
0.326491 0.516260
0.326552 0.582091
0.326724 0.481187
0.327391 0.642549
0.327448 0.526365
0.328112 0.611804
0.329127 0.712381
0.329403 0.537814
0.330545 0.685189
0.332080 0.654755
0.332292 0.665911
0.333050 0.561546
0.333358 0.640064
0.334905 0.574986
0.335495 0.564503
0.335696 0.723490
0.336307 0.745228
0.337295 0.724414
0.338425 0.701609
0.338552 0.372320
0.338855 0.446926
0.339116 0.757832
0.339347 0.754633
0.340108 0.720789
0.340331 0.573514
0.342883 0.775542
0.343266 0.359107
0.343358 0.623467
0.347029 0.744561
0.347116 0.416032
0.347840 0.429624
0.348549 0.693512
0.349913 0.767594
0.350713 0.574266
0.350803 0.419372
0.351519 0.771067
0.352000 0.637373
0.352766 0.377222
0.352859 0.748226
0.353637 0.765987
0.358104 0.407664
0.358426 0.442011
0.359107 0.509905
0.360076 0.617867
0.360222 0.403300
0.360574 0.478218
0.360605 0.655695
0.361311 0.563705
0.361465 0.677981
0.361741 0.484299
0.361958 0.470282
0.362477 0.385327
0.363157 0.766871
0.363757 0.809018
0.364763 0.747413
0.365399 0.438360
0.367505 0.618361
0.367737 0.624552
0.367869 0.379654
0.369193 0.750756
0.374944 0.660972
0.378077 0.622111
0.378115 0.575669
0.378545 0.671054
0.378608 0.737645
0.378887 0.627874
0.379977 0.776093
0.380999 0.682088
0.382510 0.460270
0.383949 0.579518
0.384934 0.409267
0.385611 0.696652
0.385913 0.709646
0.386600 0.532209
0.387481 0.528509
0.388498 0.714207
0.388587 0.763270
0.389351 0.806731
0.394137 0.813127
0.395013 0.751414
0.395066 0.734729
0.395468 0.459186
0.397118 0.713483
0.402818 0.599872
0.403370 0.498469
0.403502 0.626780
0.405093 0.500771
0.405130 0.595637
0.406323 0.781175
0.406748 0.572514
0.407028 0.687841
0.407653 0.699199
0.407865 0.818440
0.411246 0.846469
0.412997 0.412721
0.413565 0.735437
0.414186 0.759350
0.414887 0.626350
0.416622 0.509455
0.416907 0.810759
0.417502 0.424997
0.422592 0.846197
0.423242 0.642983
0.424211 0.541278
0.424647 0.618302
0.427004 0.592138
0.428996 0.729396
0.431110 0.545031
0.432056 0.634491
0.432099 0.581673
0.432458 0.446747
0.432522 0.720063
0.432868 0.712313
0.434398 0.726433
0.434444 0.783962
0.435764 0.529814
0.436761 0.473330
0.438725 0.836302
0.439821 0.851020
0.439932 0.638693
0.441377 0.788326
0.442166 0.421993
0.442926 0.782578
0.446045 0.782149
0.446321 0.474063
0.448597 0.725831
0.450167 0.786164
0.450542 0.641824
0.450617 0.875767
0.452582 0.533796
0.454578 0.808690
0.455763 0.560201
0.456014 0.461598
0.456319 0.565294
0.457648 0.786376
0.459927 0.519313
0.460122 0.648299
0.462750 0.867446
0.463615 0.739529
0.464749 0.831010
0.464813 0.561730
0.465335 0.709413
0.465597 0.446444
0.465916 0.816289
0.470457 0.805732
0.470869 0.788396
0.471940 0.593809
0.474233 0.731999
0.474246 0.662753
0.475259 0.735155
0.476623 0.835843
0.476679 0.561080
0.477263 0.699498
0.478690 0.741144
0.479855 0.857729
0.481391 0.720205
0.481773 0.724682
0.483189 0.830791
0.484134 0.885018
0.485338 0.521989
0.486851 0.840934
0.487081 0.842959
0.489530 0.574779
0.490064 0.867663
0.494196 0.852070
0.497256 0.590194
0.502300 0.881365
0.502641 0.573415
0.502726 0.768633
0.504298 0.871276
0.506129 0.561512
0.507358 0.839077
0.507846 0.800278
0.508686 0.476735
0.509337 0.531784
0.514262 0.512546
0.516591 0.476340
0.517902 0.814116
0.517904 0.828495
0.518088 0.854463
0.518830 0.618700
0.519067 0.586219
0.521366 0.585932
0.522458 0.814156
0.523270 0.717168
0.523564 0.759975
0.523980 0.634018
0.525767 0.486906
0.526159 0.825366
0.526839 0.640986
0.528139 0.635610
0.532875 0.487903
0.533259 0.512770
0.537306 0.891492
0.537924 0.782651
0.537979 0.841994
0.539366 0.780421
0.539985 0.729459
0.542137 0.892502
0.542632 0.922869
0.548861 0.479459
0.551146 0.791620
0.551922 0.698991
0.552111 0.799287
0.555162 0.891790
0.555722 0.549459
0.556301 0.905446
0.557664 0.714496
0.558068 0.665970
0.559527 0.711403
0.559892 0.817297
0.564525 0.808328
0.567301 0.793054
0.572807 0.843734
0.574926 0.701039
0.581713 0.870873
0.582548 0.796289
0.590519 0.612253
0.593703 0.857599
0.593947 0.764078
0.595089 0.668211
0.596422 0.860797
0.597376 0.552687
0.597577 0.673658
0.601316 0.636869
0.602905 0.897353
0.603911 0.675271
0.607313 0.944469
0.616179 0.628341
0.616564 0.919237
0.618723 0.637993
0.620381 0.548070
0.635020 0.774981
0.637196 0.888465
0.660421 0.638991
0.666150 0.899393
0.666164 0.673225
0.671988 0.940002
0.675153 0.550919
0.678621 0.691236
0.680123 0.535468
0.680354 0.857255
0.680710 0.789312
0.687008 0.855829
0.687870 0.891960
0.694136 0.934600
0.698251 0.813773
0.699358 0.546112
0.703127 0.809610
0.703595 0.630619
0.704074 0.962882
0.720854 0.767653
0.729039 0.904181
0.739609 0.764988
0.748595 0.880120
0.792465 0.576967
0.797734 0.612653
0.828177 0.920584
0.829795 0.793080
0.834461 0.814629
0.839511 0.598618
0.856128 1.000000
0.935072 0.718845
1.000000 0.975532
