0.000000 0.310099
0.017117 0.277424
0.018277 0.448994
0.022302 0.379513
0.023862 0.336597
0.025022 0.285676
0.026227 1.000000
0.029354 0.509269
0.030041 0.879775
0.031485 0.421377
0.033613 0.351892
0.035554 0.683847
0.036975 0.412675
0.037700 0.204064
0.037838 0.434395
0.040228 0.623012
0.042101 0.271576
0.042425 0.391068
0.043821 0.245900
0.044943 0.772812
0.046586 0.447572
0.047897 0.775125
0.048541 0.657270
0.048636 0.592351
0.048845 0.468616
0.050569 0.328849
0.051791 0.334134
0.052007 0.251210
0.052593 0.767923
0.054582 0.649611
0.054604 0.239404
0.055634 0.205153
0.057380 0.668598
0.058210 0.366918
0.058374 0.481666
0.058751 0.322026
0.061717 0.748599
0.061793 0.468810
0.062178 0.231920
0.062433 0.690813
0.063463 0.250756
0.064640 0.313393
0.065625 0.584614
0.066904 0.350469
0.068070 0.749259
0.073236 0.332956
0.074811 0.533550
0.074928 0.347746
0.075157 0.775882
0.075763 0.204605
0.076622 0.330456
0.077861 0.580353
0.078229 0.304463
0.078749 0.320515
0.078960 0.512462
0.079728 0.252850
0.081475 0.316102
0.082561 0.718441
0.083057 0.632308
0.085807 0.416686
0.086036 0.288243
0.087028 0.355832
0.087037 0.480155
0.087845 0.694933
0.090800 0.484468
0.091258 0.501429
0.092495 0.596784
0.094086 0.435063
0.096027 0.587079
0.096206 0.422509
0.096713 0.329964
0.097031 0.528639
0.097827 0.224515
0.098184 0.779542
0.098811 0.643761
0.099211 0.301278
0.100621 0.382106
0.100882 0.456137
0.101217 0.355747
0.101446 0.194855
0.106071 0.452297
0.108071 0.317884
0.108545 0.370458
0.108867 0.233842
0.110402 0.295872
0.110536 0.406743
0.111602 0.469705
0.112055 0.263140
0.112527 0.381027
0.112640 0.403704
0.113977 0.246114
0.114805 0.605763
0.115809 0.595353
0.115963 0.408801
0.117352 0.719756
0.118619 0.339189
0.119961 0.249327
0.120828 0.326769
0.121068 0.684792
0.121115 0.326953
0.121736 0.247099
0.121769 0.318571
0.122241 0.383960
0.122297 0.527382
0.123703 0.528028
0.123918 0.206905
0.125700 0.261617
0.126155 0.541456
0.126198 0.332114
0.127240 0.443013
0.127305 0.661640
0.127660 0.563229
0.127841 0.408132
0.128442 0.394137
0.129823 0.244797
0.130065 0.379634
0.130895 0.275352
0.130944 0.386628
0.131748 0.295212
0.132052 0.254604
0.132126 0.452689
0.134026 0.248229
0.134861 0.714652
0.135386 0.590645
0.135477 0.272113
0.135666 0.594341
0.136483 0.592034
0.136659 0.273413
0.138520 0.403095
0.141592 0.160493
0.142185 0.210349
0.142386 0.273243
0.142536 0.457877
0.142999 0.648980
0.144451 0.360266
0.144644 0.292109
0.145755 0.305904
0.146263 0.547244
0.147666 0.542871
0.147764 0.666836
0.147905 0.167374
0.148017 0.282083
0.149141 0.430896
0.149348 0.265221
0.149688 0.179272
0.149902 0.453757
0.151216 0.425794
0.151380 0.303051
0.151566 0.569134
0.151791 0.292888
0.151882 0.307757
0.153808 0.501197
0.154558 0.607218
0.154939 0.164402
0.154941 0.440976
0.155291 0.273713
0.155519 0.334971
0.155623 0.212447
0.156244 0.215574
0.156312 0.267615
0.156850 0.353903
0.157059 0.194397
0.158072 0.429463
0.158220 0.259963
0.160192 0.271206
0.160369 0.271670
0.160840 0.288738
0.163036 0.167964
0.163954 0.358878
0.163971 0.433966
0.165507 0.167891
0.166562 0.595002
0.166611 0.430361
0.167026 0.334475
0.167306 0.376518
0.168165 0.346642
0.168265 0.324865
0.168607 0.516283
0.168904 0.477216
0.169798 0.388932
0.171065 0.271720
0.172210 0.590122
0.173652 0.348821
0.173713 0.434701
0.173902 0.321396
0.174726 0.370877
0.174748 0.381382
0.175488 0.571985
0.175615 0.310269
0.175621 0.331175
0.176562 0.535705
0.177270 0.360663
0.177317 0.277319
0.178836 0.168324
0.178968 0.248127
0.179128 0.317290
0.179343 0.170721
0.180665 0.337333
0.180884 0.181496
0.181652 0.397054
0.182701 0.433017
0.182976 0.355467
0.183749 0.307294
0.184386 0.374789
0.184626 0.379118
0.185320 0.403546
0.185322 0.602265
0.185573 0.259099
0.185596 0.374838
0.187277 0.379456
0.189054 0.167929
0.190208 0.142728
0.190374 0.258931
0.192657 0.389339
0.192741 0.307165
0.194825 0.355925
0.195714 0.485313
0.196233 0.539165
0.196722 0.365417
0.197058 0.393982
0.197247 0.577372
0.198748 0.216606
0.199166 0.376027
0.199911 0.502442
0.200119 0.343648
0.201703 0.148397
0.201851 0.334136
0.202587 0.456045
0.202881 0.350750
0.203778 0.285203
0.204132 0.513041
0.205085 0.225925
0.206450 0.176533
0.207845 0.295609
0.209485 0.173046
0.209664 0.134535
0.210108 0.565632
0.210150 0.371590
0.211680 0.232228
0.211952 0.518662
0.212347 0.434942
0.212356 0.249469
0.213961 0.482790
0.214533 0.140350
0.214590 0.163337
0.214771 0.417536
0.215450 0.542920
0.215650 0.378910
0.216121 0.383271
0.216448 0.141076
0.216763 0.296418
0.217366 0.509804
0.217721 0.433811
0.220431 0.161136
0.220525 0.317239
0.220541 0.252740
0.221666 0.273943
0.223653 0.486855
0.224196 0.162772
0.224360 0.227654
0.225408 0.395504
0.226037 0.507197
0.226824 0.396423
0.229388 0.485419
0.230713 0.274741
0.232543 0.151791
0.232991 0.230903
0.233038 0.531658
0.234373 0.430861
0.234790 0.244344
0.234993 0.502166
0.235711 0.246669
0.237835 0.353745
0.239103 0.436166
0.239547 0.248676
0.239588 0.528649
0.240458 0.452643
0.241106 0.381570
0.241714 0.154574
0.241717 0.463345
0.242157 0.125535
0.243280 0.215043
0.243703 0.322886
0.244431 0.247108
0.244821 0.243617
0.245007 0.310675
0.245199 0.352265
0.245799 0.462392
0.248000 0.448729
0.248631 0.196255
0.249676 0.133646
0.249925 0.282573
0.250364 0.247109
0.250410 0.308933
0.250831 0.519525
0.251348 0.127544
0.251464 0.182457
0.252101 0.253329
0.252494 0.402847
0.252589 0.358877
0.253734 0.482617
0.254583 0.409442
0.255460 0.340035
0.257723 0.197499
0.257888 0.131960
0.258766 0.268520
0.258999 0.256742
0.259111 0.126285
0.259644 0.433949
0.260477 0.238876
0.260510 0.473410
0.261128 0.335937
0.261889 0.173962
0.262786 0.161875
0.263040 0.231057
0.263219 0.137890
0.263352 0.497777
0.264058 0.233407
0.264531 0.421833
0.264635 0.456404
0.264686 0.433465
0.265389 0.487647
0.266467 0.230081
0.266696 0.367559
0.266711 0.217111
0.266974 0.348245
0.267824 0.429596
0.268765 0.259692
0.268796 0.217038
0.268878 0.301083
0.271150 0.423504
0.272254 0.231577
0.273877 0.151471
0.274004 0.176014
0.276907 0.200651
0.276997 0.198506
0.277201 0.259478
0.277995 0.249266
0.278822 0.199381
0.279465 0.215625
0.280054 0.126640
0.281815 0.260941
0.281839 0.152414
0.282287 0.203758
0.282963 0.285161
0.282984 0.119147
0.283014 0.188626
0.284310 0.112655
0.285666 0.135255
0.286197 0.331351
0.286246 0.151460
0.286425 0.376763
0.286474 0.109434
0.287771 0.379485
0.288074 0.133480
0.288678 0.173482
0.289100 0.402890
0.289320 0.445612
0.289716 0.350211
0.291898 0.373768
0.294231 0.452177
0.294825 0.312519
0.295720 0.240883
0.295943 0.318355
0.296703 0.357181
0.298065 0.283148
0.298280 0.329903
0.298333 0.256643
0.298563 0.340109
0.299198 0.425632
0.300054 0.429620
0.301602 0.112960
0.302155 0.252575
0.302843 0.114342
0.303252 0.392351
0.303367 0.198821
0.303531 0.282816
0.303683 0.127183
0.303849 0.241962
0.304855 0.196664
0.306396 0.200201
0.306718 0.325027
0.309626 0.227622
0.309665 0.292337
0.309751 0.215428
0.311009 0.265606
0.311262 0.353365
0.311474 0.243837
0.311755 0.362152
0.312330 0.157153
0.313186 0.238267
0.314066 0.220474
0.314352 0.334286
0.314399 0.426388
0.314513 0.184413
0.315725 0.415013
0.317262 0.254367
0.317770 0.383054
0.318035 0.229227
0.318548 0.438437
0.318898 0.117769
0.319928 0.200304
0.320334 0.306663
0.320452 0.331679
0.320571 0.248484
0.321364 0.404862
0.322286 0.215826
0.322333 0.189549
0.322879 0.379069
0.323719 0.379334
0.323939 0.189772
0.324546 0.327087
0.324910 0.221734
0.325128 0.280491
0.326448 0.185899
0.328126 0.360926
0.328453 0.187485
0.329741 0.383584
0.330097 0.325993
0.331162 0.201991
0.331459 0.431834
0.331585 0.208671
0.332413 0.227935
0.333886 0.385543
0.334671 0.355490
0.334890 0.263291
0.335054 0.432320
0.335387 0.257443
0.336032 0.199253
0.338994 0.267769
0.340637 0.333467
0.341656 0.348563
0.341879 0.253491
0.342196 0.217880
0.342414 0.133961
0.342870 0.333490
0.342906 0.227129
0.343401 0.319438
0.344477 0.298361
0.344509 0.360964
0.346075 0.357707
0.346596 0.193318
0.346762 0.169897
0.347700 0.318251
0.347940 0.185799
0.348686 0.179176
0.348880 0.108962
0.349303 0.320029
0.351960 0.102234
0.352311 0.172086
0.354582 0.145243
0.355176 0.369888
0.357509 0.259581
0.360899 0.133124
0.362574 0.325745
0.363930 0.161943
0.364623 0.146859
0.364773 0.303383
0.364934 0.128220
0.367141 0.389709
0.367405 0.134143
0.367758 0.241055
0.370160 0.238857
0.370654 0.399661
0.370659 0.247102
0.371778 0.220624
0.371903 0.275838
0.372638 0.238882
0.373367 0.211803
0.374608 0.370257
0.375443 0.182722
0.376454 0.243515
0.376640 0.325315
0.377796 0.335886
0.377916 0.284955
0.377980 0.133769
0.379772 0.251615
0.380091 0.305201
0.380645 0.303194
0.383865 0.262674
0.384691 0.286801
0.385855 0.183381
0.387786 0.166839
0.388778 0.135179
0.389697 0.237504
0.390311 0.354940
0.390754 0.249477
0.391158 0.149075
0.392211 0.087891
0.393567 0.339886
0.394450 0.150687
0.395224 0.103909
0.401198 0.139834
0.401365 0.177662
0.401792 0.371893
0.402591 0.152638
0.402620 0.195703
0.404635 0.094402
0.407306 0.263229
0.407376 0.368223
0.408479 0.290989
0.408590 0.187615
0.409186 0.132526
0.409534 0.266106
0.412046 0.097827
0.412876 0.279602
0.412994 0.082542
0.413000 0.167262
0.413696 0.222496
0.414983 0.252060
0.417300 0.186764
0.417427 0.204577
0.417579 0.161636
0.417677 0.277661
0.420183 0.254116
0.421010 0.093185
0.421219 0.334219
0.421648 0.268736
0.424386 0.207279
0.428511 0.140519
0.431615 0.261158
0.432960 0.318033
0.433256 0.249413
0.435386 0.135352
0.436879 0.157518
0.436910 0.064288
0.437895 0.344209
0.438102 0.160967
0.440355 0.192750
0.441963 0.241747
0.442815 0.175712
0.443443 0.241361
0.443549 0.245988
0.445385 0.210968
0.446611 0.181033
0.447319 0.304306
0.449269 0.294238
0.449421 0.162890
0.449726 0.173214
0.452887 0.156437
0.453550 0.273373
0.457349 0.168551
0.459210 0.245823
0.460402 0.139818
0.461797 0.126051
0.463400 0.311690
0.464805 0.228956
0.465236 0.262839
0.465299 0.288281
0.465925 0.192585
0.467068 0.231369
0.470450 0.097495
0.470789 0.276674
0.471268 0.244418
0.471967 0.218316
0.475106 0.125790
0.475221 0.162774
0.475515 0.267990
0.475643 0.133511
0.475962 0.142136
0.477230 0.268361
0.478091 0.091676
0.479220 0.153833
0.482810 0.163036
0.483908 0.159128
0.486505 0.312921
0.487068 0.081033
0.488839 0.178280
0.490017 0.186432
0.491648 0.055684
0.491821 0.176390
0.493416 0.192436
0.494488 0.297759
0.496126 0.199277
0.497392 0.182998
0.501674 0.223484
0.503733 0.276077
0.505006 0.222701
0.508484 0.292590
0.509849 0.070301
0.514904 0.047821
0.515214 0.089934
0.515532 0.221303
0.515709 0.277805
0.517230 0.102877
0.518960 0.204770
0.519692 0.098900
0.520151 0.178280
0.520522 0.273465
0.521199 0.111278
0.522417 0.155780
0.522793 0.087716
0.523281 0.140042
0.529034 0.152758
0.530674 0.266102
0.534915 0.134424
0.536189 0.202454
0.537492 0.193504
0.538317 0.125822
0.538552 0.206004
0.541613 0.114079
0.542761 0.202631
0.545101 0.242964
0.545220 0.111907
0.547740 0.273615
0.550691 0.239080
0.552687 0.049266
0.554141 0.104217
0.558482 0.105755
0.559026 0.088371
0.560082 0.217705
0.560627 0.123905
0.562853 0.216604
0.565855 0.176897
0.567516 0.130591
0.574665 0.101095
0.577480 0.120594
0.577675 0.117628
0.582449 0.160041
0.582845 0.086377
0.583506 0.118359
0.583616 0.103600
0.586220 0.176730
0.587933 0.085971
0.588334 0.091449
0.593264 0.233995
0.594399 0.219329
0.596253 0.076676
0.603329 0.153252
0.604811 0.170668
0.607209 0.129155
0.611029 0.145605
0.611329 0.196442
0.611870 0.244541
0.614067 0.241327
0.615977 0.164765
0.620941 0.147903
0.623130 0.045211
0.626137 0.224550
0.630077 0.106381
0.630581 0.118450
0.632826 0.143907
0.649705 0.181091
0.652521 0.071791
0.656282 0.148092
0.661331 0.107715
0.687865 0.055391
0.695695 0.000761
0.698664 0.000000
0.703729 0.148805
0.706156 0.100043
0.718040 0.054804
0.724565 0.179548
0.736789 0.044941
0.739097 0.060116
0.745646 0.098158
0.753484 0.122270
0.757855 0.085604
1.000000 0.034657
