0.000000 0.263674
0.010654 0.529638
0.013598 0.487864
0.019012 0.581242
0.021647 0.350458
0.030434 0.498085
0.031709 0.579803
0.034016 0.622286
0.037273 0.851361
0.041433 0.624405
0.043205 0.828871
0.043301 0.795737
0.045560 0.807644
0.046847 0.436121
0.051389 0.558209
0.052400 0.915499
0.054234 0.358755
0.055330 0.365239
0.058065 0.509636
0.058163 0.815044
0.059375 0.508153
0.060527 0.595032
0.063526 0.672067
0.063803 0.292618
0.064602 0.504501
0.064645 0.747006
0.069666 0.746369
0.070033 0.151077
0.071155 0.361631
0.077455 0.427751
0.078061 0.425371
0.078569 0.205229
0.083683 0.365345
0.087819 0.743904
0.088072 0.503706
0.088714 0.445683
0.089036 0.157308
0.090070 0.548061
0.090724 0.312449
0.090997 0.443329
0.091059 0.588649
0.092360 0.984302
0.094736 0.541017
0.095890 0.390589
0.096080 0.529719
0.096880 0.271989
0.097568 0.346238
0.099288 0.512584
0.100219 0.550448
0.104955 0.557213
0.107773 0.377539
0.108429 0.800383
0.109235 0.892100
0.111067 0.428307
0.113168 0.234194
0.113717 0.419392
0.114950 0.703483
0.115811 0.594306
0.116101 0.293051
0.116138 0.713005
0.119299 0.752917
0.119798 0.411436
0.123396 0.522595
0.125679 0.352590
0.126207 0.425779
0.127201 0.484827
0.128547 0.428174
0.130104 0.199457
0.130217 0.435645
0.130364 0.260592
0.131434 0.467858
0.132742 0.623946
0.135780 0.533505
0.136921 0.505257
0.137593 0.453295
0.138375 0.362623
0.139183 0.675570
0.144343 0.478656
0.144377 0.559891
0.145702 0.215634
0.146578 0.618566
0.151481 0.350431
0.152542 0.471972
0.153260 0.687171
0.153516 0.724748
0.154500 0.714567
0.155733 0.047326
0.155759 0.634041
0.156323 0.995285
0.158075 0.533408
0.158119 0.668732
0.159384 0.661934
0.159710 0.424168
0.161830 0.673012
0.162669 0.671575
0.163598 0.281910
0.165053 0.698950
0.165262 0.712307
0.166439 0.641325
0.167877 0.392013
0.169416 0.291003
0.169816 0.664842
0.170209 1.000000
0.171398 0.551136
0.174543 0.692593
0.174792 0.310633
0.176565 0.646466
0.177977 0.296268
0.178636 0.182455
0.179359 0.538520
0.180291 0.821614
0.181829 0.106382
0.183310 0.605970
0.183518 0.549320
0.184935 0.583959
0.187214 0.587898
0.187567 0.215209
0.188520 0.880122
0.188946 0.538760
0.189192 0.565458
0.190023 0.347200
0.193738 0.732573
0.194282 0.724502
0.195094 0.483468
0.196661 0.630766
0.200278 0.472117
0.200432 0.771858
0.201086 0.620699
0.201115 0.897461
0.201309 0.763886
0.204571 0.132741
0.205554 0.558592
0.205612 0.114634
0.206047 0.556867
0.209111 0.000000
0.209949 0.565761
0.211074 0.481691
0.214194 0.760036
0.216349 0.390715
0.216899 0.513245
0.217625 0.474322
0.219781 0.616522
0.220881 0.854971
0.222549 0.577255
0.224496 0.659256
0.224677 0.277342
0.225495 0.255462
0.226263 0.485781
0.227121 0.514503
0.228982 0.561865
0.229141 0.312637
0.230158 0.661748
0.231399 0.191364
0.232116 0.515374
0.232788 0.256039
0.233713 0.486240
0.234110 0.695653
0.234347 0.451252
0.234905 0.208212
0.237008 0.503619
0.237546 0.714435
0.239818 0.180736
0.240845 0.381869
0.243721 0.514855
0.244114 0.601602
0.244605 0.798028
0.245326 0.446073
0.246281 0.652118
0.246578 0.487926
0.247999 0.716510
0.248397 0.325769
0.249508 0.947422
0.249972 0.939149
0.250496 0.562229
0.251017 0.639759
0.254624 0.307870
0.255020 0.192117
0.255068 0.755911
0.257292 0.619448
0.257612 0.823465
0.257803 0.667688
0.257916 0.412053
0.258924 0.436332
0.259205 0.305798
0.259220 0.724434
0.259687 0.691405
0.259939 0.395130
0.263795 0.268113
0.264341 0.469327
0.265445 0.365676
0.267400 0.660333
0.267780 0.138108
0.268936 0.460012
0.270910 0.428752
0.270941 0.269979
0.271039 0.735065
0.273225 0.304653
0.275432 0.489478
0.275465 0.626128
0.275562 0.229584
0.275994 0.438483
0.277542 0.295681
0.280382 0.570497
0.280932 0.310998
0.283139 0.422823
0.286152 0.524450
0.287089 0.177528
0.287616 0.496143
0.288119 0.370180
0.288568 0.592578
0.290171 0.454755
0.290808 0.490641
0.292197 0.511238
0.292632 0.526808
0.292804 0.482845
0.293909 0.700727
0.295564 0.409827
0.297539 0.431466
0.299146 0.778318
0.300413 0.433328
0.301963 0.376328
0.306647 0.620508
0.307681 0.807594
0.311223 0.232970
0.317029 0.681356
0.318017 0.391291
0.318589 0.564855
0.320020 0.304575
0.320578 0.181453
0.321214 0.220275
0.322016 0.775878
0.322734 0.815168
0.325087 0.810967
0.325490 0.811832
0.325660 0.688342
0.326175 0.334554
0.327110 0.486942
0.328693 0.921756
0.329297 0.596511
0.330500 0.598883
0.331022 0.654949
0.331583 0.217055
0.331706 0.676978
0.331873 0.128556
0.332766 0.471265
0.333454 0.238342
0.333553 0.592927
0.333783 0.259941
0.334687 0.377876
0.336033 0.626490
0.336124 0.403240
0.336175 0.660135
0.340931 0.383512
0.341567 0.196517
0.342114 0.617865
0.342825 0.762847
0.344870 0.398663
0.345970 0.504556
0.348371 0.440512
0.349554 0.545544
0.350218 0.419985
0.350235 0.356436
0.352118 0.548715
0.352219 0.755362
0.352900 0.667676
0.352939 0.566993
0.354630 0.465458
0.355689 0.202258
0.357941 0.539581
0.358833 0.267188
0.359868 0.449378
0.360378 0.598116
0.361536 0.669014
0.361860 0.507872
0.361864 0.674004
0.362718 0.397893
0.365895 0.641506
0.367290 0.488872
0.369690 0.533627
0.371226 0.674774
0.373770 0.633122
0.374043 0.571330
0.375799 0.472463
0.375888 0.883132
0.376211 0.144388
0.379697 0.474724
0.384460 0.400978
0.385623 0.648042
0.385761 0.547857
0.386743 0.170453
0.387120 0.415754
0.392466 0.356726
0.392601 0.154740
0.392825 0.682088
0.393828 0.421560
0.399890 0.643199
0.406643 0.258552
0.407223 0.535366
0.407300 0.312876
0.408579 0.458156
0.413514 0.099341
0.414535 0.442648
0.416626 0.386075
0.417029 0.509884
0.417188 0.669973
0.417773 0.425605
0.418791 0.557390
0.419144 0.282637
0.419167 0.423493
0.420599 0.576844
0.424798 0.663381
0.426178 0.448814
0.426734 0.477752
0.428055 0.586079
0.428244 0.929902
0.430762 0.511104
0.433181 0.405691
0.436727 0.170660
0.440478 0.339794
0.440962 0.316799
0.441700 0.585783
0.442487 0.605854
0.442535 0.939400
0.444037 0.271372
0.445615 0.289335
0.446667 0.489511
0.449512 0.452207
0.451510 0.281476
0.456531 0.578518
0.457683 0.189096
0.458651 0.254672
0.460493 0.281817
0.464004 0.664697
0.465500 0.483626
0.465504 0.472193
0.466936 0.581688
0.467081 0.663851
0.470376 0.428794
0.472381 0.641879
0.478330 0.446448
0.478586 0.463343
0.480196 0.385080
0.481528 0.538677
0.484407 0.434325
0.494272 0.459813
0.496675 0.497292
0.504844 0.135506
0.505392 0.287449
0.507474 0.741700
0.511419 0.436300
0.515564 0.685575
0.516334 0.280948
0.523133 0.386457
0.525669 0.581050
0.527107 0.467680
0.534291 0.800797
0.534796 0.520291
0.537591 0.486353
0.538118 0.380472
0.540031 0.541109
0.540033 0.549304
0.540701 0.485543
0.548440 0.463165
0.552338 0.453235
0.555020 0.696499
0.556806 0.420424
0.558051 0.213473
0.559362 0.715382
0.560050 0.678477
0.560874 0.236881
0.563217 0.440301
0.575546 0.688346
0.586089 0.606718
0.590675 0.456953
0.603197 0.672755
0.604734 0.214568
0.611070 0.316447
0.611401 0.666463
0.611895 0.456819
0.626045 0.604472
0.632645 0.170619
0.646486 0.564149
0.652668 0.681258
0.659165 0.275599
0.660182 0.606155
0.664974 0.272109
0.669441 0.715116
0.669961 0.608210
0.682889 0.556020
0.687471 0.217121
0.687589 0.571128
0.687628 0.471823
0.717171 0.092919
0.719105 0.158243
0.748020 0.363856
0.752997 0.288281
0.759773 0.237742
0.800865 0.105680
0.888911 0.580079
1.000000 0.604030
