0.000000 0.442397
0.110241 0.313115
0.127825 0.571118
0.142804 0.460409
0.158529 0.387961
0.164135 0.614304
0.172531 0.295556
0.172797 0.734620
0.174536 0.267607
0.180392 0.505469
0.197305 0.171699
0.204596 0.218026
0.204928 0.279032
0.207311 0.151474
0.209308 0.242457
0.214710 0.518278
0.216972 0.181121
0.223025 0.404483
0.223675 0.182989
0.229059 0.537838
0.233415 0.397468
0.237656 0.507652
0.237914 0.222805
0.238227 0.581192
0.239192 0.394101
0.240343 0.435747
0.240626 0.431640
0.241577 0.316921
0.246813 0.218262
0.247997 0.466461
0.250720 0.196971
0.256427 0.284501
0.256662 0.440315
0.256672 0.227298
0.259861 0.735002
0.263953 0.232295
0.265104 0.341505
0.267285 0.167786
0.267781 0.591702
0.271348 0.469502
0.275129 0.217401
0.281877 0.184784
0.282942 0.307643
0.284452 0.300748
0.284820 0.315050
0.287916 0.286601
0.288847 0.496159
0.291450 0.240397
0.292946 0.421101
0.294176 0.297494
0.295623 0.193264
0.297345 0.321013
0.300268 0.225285
0.301407 0.450212
0.302694 0.391680
0.303372 0.266705
0.303517 0.530736
0.309637 0.119224
0.309961 0.509109
0.312100 0.371918
0.312613 0.236418
0.312940 0.273000
0.314115 0.899107
0.315282 0.160757
0.315786 0.289912
0.319457 0.297512
0.319915 0.376124
0.320008 0.212681
0.323277 0.389863
0.324214 0.481998
0.325195 0.162654
0.326052 0.146560
0.326547 0.262933
0.327161 0.470793
0.328083 0.406401
0.329228 0.753205
0.330373 0.431272
0.332314 0.463418
0.332368 0.304249
0.332567 0.275133
0.334425 0.330005
0.335332 0.123627
0.337632 0.493823
0.339445 0.376489
0.339792 0.211059
0.340344 0.177166
0.340652 0.207986
0.344793 0.286234
0.346240 0.176186
0.349030 0.231545
0.349749 0.304484
0.351150 0.199360
0.351197 0.396015
0.353384 0.294275
0.353406 0.158166
0.355057 0.256245
0.357012 0.330473
0.357072 0.283572
0.358344 0.345771
0.358640 0.387894
0.359394 0.392434
0.360230 0.298272
0.360617 0.236779
0.361348 0.649828
0.362625 0.331921
0.363547 0.352170
0.364601 0.626784
0.364933 0.663815
0.366224 0.369170
0.366982 0.446032
0.368546 0.246745
0.368897 0.391277
0.370181 0.384131
0.370409 0.252454
0.371087 0.291035
0.371758 0.363014
0.371960 0.152599
0.372015 0.420557
0.372902 0.405407
0.372966 0.241933
0.373914 0.292269
0.374722 0.350852
0.375537 0.302965
0.376718 0.281491
0.378398 0.294058
0.378403 0.236285
0.378555 0.562478
0.379992 0.106301
0.380670 0.415785
0.380705 0.607974
0.381209 0.505629
0.381885 0.374335
0.382593 0.430966
0.382960 0.362063
0.383118 0.263462
0.383661 0.496654
0.383745 0.428748
0.384496 0.508793
0.384595 0.218078
0.389585 0.294215
0.390634 0.295985
0.391542 0.208524
0.391564 0.381466
0.391672 0.500040
0.393135 0.477421
0.393714 0.488336
0.393870 0.177094
0.394985 0.474470
0.395636 0.472447
0.396094 0.623455
0.396362 0.195579
0.396564 0.151753
0.396854 0.312505
0.397149 0.160916
0.397832 0.217939
0.397874 0.823740
0.400413 0.443642
0.401383 0.201607
0.402282 0.227589
0.402359 0.481453
0.402592 0.534309
0.402599 0.100210
0.403184 0.221729
0.403977 0.300404
0.405988 0.156115
0.406588 0.296092
0.408215 0.392623
0.408729 0.347127
0.409809 0.372597
0.409810 0.327438
0.410726 0.567959
0.413610 0.736284
0.414077 0.513429
0.415255 0.344907
0.415332 0.716624
0.416026 0.167384
0.417064 0.170881
0.417796 0.360633
0.417976 0.605047
0.418911 0.279502
0.419919 0.185931
0.420741 0.319634
0.421138 0.198868
0.422890 0.505355
0.423067 0.361405
0.424276 0.175720
0.425435 0.218611
0.427330 0.364956
0.428970 0.188867
0.429271 0.520103
0.430682 0.215376
0.430992 0.479339
0.431015 0.317343
0.431464 0.383741
0.432091 0.673224
0.432410 0.169646
0.432582 0.288358
0.432734 0.359031
0.433029 0.144257
0.433223 0.399818
0.434172 0.199746
0.434416 0.146999
0.434588 0.270914
0.434883 0.288907
0.435321 0.112949
0.435341 0.327778
0.436854 0.511448
0.437326 0.254797
0.437570 0.316892
0.438253 0.671551
0.438336 0.432319
0.439033 0.216566
0.439375 0.692803
0.440598 0.297176
0.441941 0.527943
0.443189 0.443630
0.443658 0.211802
0.445725 0.521518
0.446220 0.513442
0.446414 0.292555
0.446530 0.154938
0.447672 0.443152
0.448601 0.494811
0.449884 0.447869
0.450237 0.710382
0.450271 0.360788
0.450559 0.180103
0.451889 0.149256
0.452109 0.299073
0.452120 0.442469
0.454096 0.350494
0.454203 0.352860
0.454670 0.062352
0.455302 0.181818
0.455768 0.709192
0.456160 0.402914
0.457086 0.320281
0.458610 0.244975
0.459214 0.380633
0.459666 0.151408
0.459758 0.344934
0.460684 0.407477
0.460840 0.149433
0.461018 0.484777
0.461277 0.185330
0.461697 0.377349
0.461827 0.520900
0.463087 0.347719
0.463283 0.196978
0.463948 0.171455
0.464788 0.205105
0.465730 0.221121
0.466316 0.125932
0.467504 0.494220
0.467994 0.188857
0.468286 0.487712
0.468513 0.120373
0.468660 0.253683
0.468917 0.265177
0.469541 0.631926
0.469586 0.024288
0.471066 0.569010
0.471370 0.429997
0.471421 0.475982
0.474377 0.368803
0.474461 0.356926
0.476059 0.271439
0.476995 0.506963
0.477577 0.824097
0.477705 0.448475
0.477908 0.158364
0.477934 0.414198
0.478306 0.604716
0.478857 0.348766
0.478947 0.194746
0.480405 0.092620
0.480994 0.105379
0.481273 0.185023
0.482607 0.447651
0.483427 0.408467
0.484084 0.366350
0.484373 0.376336
0.484509 0.393973
0.484904 0.410216
0.485000 0.445359
0.485155 0.482097
0.485321 0.447621
0.485399 0.570040
0.485497 0.283859
0.485543 0.369810
0.485643 0.224611
0.486402 0.446367
0.486590 0.511132
0.487047 0.175920
0.487246 0.462912
0.487439 0.050542
0.487722 0.437552
0.488572 0.801317
0.488581 0.332890
0.488921 0.243582
0.489810 0.705813
0.489977 0.282364
0.491923 0.473040
0.493247 0.158311
0.494307 0.407334
0.494685 0.445702
0.494823 0.208514
0.494997 0.139374
0.495538 0.326288
0.496445 0.900536
0.497393 0.601697
0.497569 0.332176
0.497662 0.532520
0.498300 0.271687
0.498920 0.588498
0.499437 0.444254
0.499754 0.381563
0.500050 0.475312
0.500120 0.197238
0.500298 0.897415
0.500857 0.278300
0.502146 0.481992
0.502615 0.343787
0.502680 0.146832
0.503093 0.588337
0.503206 0.354770
0.503542 0.263496
0.504986 0.105455
0.505731 0.238718
0.506146 0.289223
0.506377 0.310421
0.506707 0.460918
0.506738 0.185893
0.506878 0.123336
0.507367 0.369388
0.507596 0.227365
0.509745 0.438495
0.510004 0.315855
0.510939 0.373822
0.510951 0.254476
0.510982 0.070210
0.511252 0.118511
0.511383 0.252418
0.511440 0.705353
0.511989 0.373599
0.512474 0.361243
0.512923 0.227373
0.513287 0.157887
0.513840 0.423756
0.515989 0.259020
0.516625 0.457926
0.517377 0.437793
0.517712 0.061251
0.517717 0.284412
0.517730 0.198332
0.517934 0.236721
0.518306 0.286123
0.518706 0.162176
0.521034 0.163923
0.521356 0.375395
0.521898 0.497441
0.522144 0.425264
0.522878 0.183716
0.522948 0.242263
0.523205 0.346373
0.523499 0.116436
0.524133 0.262770
0.524217 0.280143
0.524387 0.412889
0.526573 0.640103
0.527828 0.533503
0.528416 0.687417
0.528842 0.319990
0.529320 0.263372
0.529593 0.438564
0.531215 0.247102
0.531323 0.216312
0.531378 0.129251
0.532405 0.403521
0.533185 0.332822
0.533270 0.633580
0.534025 0.675607
0.534371 0.031215
0.535698 0.553058
0.535912 0.679192
0.536175 0.635749
0.536956 0.050284
0.537439 0.179176
0.538074 0.318311
0.538597 0.369731
0.538603 0.258846
0.538966 0.462063
0.539768 0.501963
0.540726 0.273386
0.541649 0.579911
0.543664 0.356201
0.543979 0.154725
0.544046 0.777416
0.544859 0.451412
0.545362 0.646244
0.545575 0.495742
0.545848 0.138680
0.546393 0.226613
0.546748 0.036749
0.547289 0.511584
0.547311 0.440849
0.547642 0.329229
0.547834 0.377852
0.547979 0.359871
0.548515 0.223031
0.549200 0.593944
0.549531 0.084644
0.549986 0.732598
0.551113 0.214111
0.551343 0.259180
0.551746 0.449194
0.552228 0.552133
0.552573 0.608652
0.552645 0.427602
0.553133 0.241072
0.553632 0.375293
0.555186 0.640995
0.556647 0.421295
0.557855 0.271658
0.558078 0.207657
0.558358 0.145198
0.559329 0.217779
0.559755 0.398669
0.561762 0.160897
0.561813 0.305814
0.561970 0.549234
0.562045 0.531107
0.565604 0.135082
0.566397 0.517935
0.566542 0.415506
0.566674 0.280421
0.567003 0.088030
0.567632 0.263713
0.567698 0.310782
0.567913 0.239838
0.568325 0.451269
0.568646 0.297332
0.570050 0.297438
0.570581 0.557895
0.572003 0.370144
0.572571 0.333406
0.572940 0.414952
0.573395 0.422618
0.574632 0.258235
0.575165 0.270253
0.575493 0.399699
0.575828 0.228627
0.576597 0.483815
0.577330 0.368978
0.578890 0.314911
0.579629 0.410832
0.580295 0.447068
0.580364 0.485434
0.581093 0.288757
0.582529 0.400793
0.582684 0.222528
0.582754 0.537563
0.582912 0.178254
0.583325 0.383028
0.583554 0.090186
0.583878 0.232690
0.583916 0.104651
0.584022 0.270629
0.584522 0.160141
0.585753 0.167660
0.585831 0.388412
0.586367 0.533588
0.588450 0.485626
0.589325 0.429073
0.590403 0.184123
0.591367 0.546894
0.592281 0.134980
0.592918 0.528256
0.592921 0.611437
0.593871 0.064410
0.594075 0.426797
0.594148 0.100960
0.594997 0.747654
0.595082 0.111562
0.595234 0.162560
0.595270 0.076422
0.595309 0.072691
0.595996 0.244612
0.598200 0.438958
0.598815 0.254952
0.599370 0.231555
0.600614 0.099628
0.600787 0.105921
0.602487 0.433212
0.603022 0.309334
0.603304 0.372134
0.603788 0.074972
0.605347 0.488531
0.606600 0.625965
0.606667 0.359095
0.607013 0.351465
0.607261 0.325060
0.608008 0.329697
0.608301 0.538836
0.608312 0.231904
0.608460 0.058702
0.608987 0.480503
0.609785 0.348911
0.610182 0.544662
0.610249 0.216788
0.610861 0.203828
0.610870 0.173195
0.611217 0.697153
0.611405 0.136800
0.612081 0.341871
0.612111 0.399209
0.612917 0.239046
0.613004 0.378049
0.613203 0.265904
0.613814 0.523983
0.614088 0.527156
0.614244 0.320185
0.615614 0.562311
0.615981 0.113576
0.617018 0.292016
0.617052 0.300714
0.618345 0.124868
0.619583 0.217105
0.620671 0.411956
0.620995 0.208482
0.621036 0.122841
0.621350 0.169992
0.621604 0.453482
0.622284 0.569734
0.623106 0.400977
0.625461 0.314815
0.625713 0.496786
0.626101 0.180231
0.627348 0.600133
0.627457 0.048971
0.627501 0.433288
0.628300 0.172105
0.629350 0.532949
0.629696 0.145831
0.631143 0.254750
0.631211 0.298476
0.632424 0.558890
0.634883 0.610897
0.635559 0.254949
0.636015 0.703395
0.638383 0.148501
0.639421 0.238895
0.640903 0.406896
0.641104 0.571193
0.641126 0.383929
0.642331 0.196044
0.642419 0.173429
0.643076 0.338602
0.643402 0.170046
0.643689 0.348682
0.643983 0.282335
0.644640 0.155698
0.644931 0.112705
0.645135 0.055491
0.645558 0.529868
0.645811 0.391151
0.646481 0.257813
0.646595 0.372127
0.646902 0.176517
0.646986 1.000000
0.647683 0.600540
0.648620 0.299333
0.648685 0.503282
0.649665 0.411631
0.650726 0.124618
0.651155 0.334890
0.651462 0.313005
0.651599 0.601847
0.652045 0.299840
0.652608 0.276505
0.652905 0.319269
0.652918 0.312401
0.653277 0.342917
0.653316 0.071573
0.653353 0.422228
0.653369 0.260049
0.653677 0.115091
0.653792 0.287457
0.655003 0.645022
0.656493 0.399974
0.656548 0.148553
0.657036 0.067563
0.657677 0.351808
0.660040 0.231118
0.660301 0.142738
0.660499 0.321500
0.660580 0.252866
0.660676 0.553870
0.661266 0.253817
0.662338 0.531296
0.662355 0.179490
0.662411 0.668954
0.662855 0.000000
0.662959 0.594988
0.664064 0.465538
0.665273 0.362365
0.666260 0.131268
0.668379 0.230028
0.669323 0.257874
0.671831 0.037189
0.672702 0.451397
0.673349 0.471591
0.674176 0.202204
0.677431 0.501493
0.679028 0.476330
0.680103 0.298123
0.680207 0.397810
0.680776 0.261216
0.681244 0.470180
0.681459 0.411588
0.683831 0.345342
0.684292 0.250594
0.685530 0.119151
0.687917 0.635358
0.689522 0.273170
0.689768 0.368752
0.690633 0.372788
0.691324 0.214167
0.691327 0.410350
0.691692 0.405063
0.693116 0.255542
0.694039 0.559587
0.694324 0.185913
0.696780 0.081431
0.696867 0.295996
0.697922 0.248395
0.698093 0.229057
0.699450 0.094682
0.701518 0.204106
0.702045 0.235726
0.703888 0.206355
0.704222 0.139080
0.706149 0.542805
0.708034 0.645329
0.708982 0.170359
0.711089 0.133597
0.711417 0.367167
0.711888 0.217609
0.713110 0.273071
0.713581 0.263273
0.714673 0.320631
0.717151 0.092213
0.717319 0.252822
0.718001 0.287874
0.721295 0.118097
0.722768 0.368168
0.724593 0.172090
0.725338 0.075560
0.727576 0.060662
0.730075 0.295920
0.730575 0.264105
0.737002 0.549164
0.739837 0.341636
0.740738 0.424283
0.742857 0.385955
0.746827 0.027175
0.749861 0.748981
0.750759 0.182453
0.756537 0.276526
0.757002 0.337634
0.758117 0.084307
0.758587 0.372425
0.760332 0.126747
0.760352 0.037609
0.761627 0.955192
0.761718 0.158146
0.767093 0.189432
0.767432 0.171989
0.769153 0.234859
0.770117 0.279953
0.771335 0.393792
0.772613 0.183721
0.775674 0.238177
0.778766 0.448385
0.781565 0.278277
0.783589 0.207962
0.785248 0.315250
0.785938 0.047028
0.786185 0.284891
0.786552 0.178950
0.790907 0.138999
0.793720 0.227477
0.794485 0.196172
0.796803 0.293649
0.802754 0.476425
0.805820 0.473126
0.814102 0.480745
0.814283 0.239381
0.835029 0.218142
0.839048 0.339819
0.850842 0.493782
0.852854 0.277520
0.866857 0.393641
0.870989 0.182994
0.886809 0.143097
0.890867 0.336952
0.890872 0.336165
0.895811 0.081628
0.912659 0.115519
0.916601 0.130542
0.929375 0.519566
0.933037 0.154485
0.936273 0.071052
0.965358 0.496687
1.000000 0.337626
