0.000000 0.418375
0.001989 0.293997
0.013918 0.174534
0.017667 0.224010
0.029675 0.060855
0.036605 0.066901
0.041549 0.166591
0.063038 0.141400
0.070831 0.403359
0.077197 0.337733
0.078695 0.141265
0.081547 0.492000
0.083016 0.165876
0.101036 0.054522
0.101397 0.285514
0.104333 0.196240
0.108439 0.242593
0.108614 0.382430
0.108770 0.086693
0.115790 0.115838
0.116786 0.159415
0.121806 0.130580
0.123558 0.126366
0.126539 0.127765
0.128979 0.369297
0.138305 0.165258
0.138795 0.153282
0.140934 0.247250
0.149788 0.283717
0.151383 0.030638
0.152143 0.118991
0.153469 0.192870
0.159429 0.136359
0.161174 0.273183
0.173517 0.170578
0.176460 0.044805
0.180252 0.224243
0.193255 0.151018
0.197542 0.217364
0.198404 0.118837
0.198724 0.021145
0.204802 0.245396
0.205807 0.222520
0.210133 0.188223
0.214948 0.106674
0.217131 0.242766
0.218596 0.438981
0.219930 0.159097
0.220723 0.184802
0.221707 0.144133
0.225962 0.200780
0.227376 0.367201
0.228080 0.183368
0.228613 0.270718
0.230627 0.133236
0.230683 0.042152
0.231323 0.067028
0.231941 0.023098
0.232295 0.000000
0.235262 0.114593
0.237689 0.261721
0.243079 0.005927
0.244364 0.072591
0.246085 0.512929
0.247676 0.075841
0.248682 0.145402
0.249137 0.220891
0.251784 0.159684
0.252272 0.194965
0.252809 0.128761
0.253711 0.206426
0.255766 0.123588
0.255845 0.053449
0.256527 0.087136
0.256606 0.219622
0.257611 0.146151
0.258255 0.172639
0.258695 0.146878
0.259660 0.088580
0.260764 0.161272
0.262413 0.019578
0.262807 0.111775
0.263622 0.148698
0.264676 0.205421
0.267094 0.289141
0.268127 0.170625
0.273278 0.056959
0.287009 0.369863
0.287442 0.088469
0.287692 0.234337
0.288013 0.241809
0.288930 0.109425
0.289129 0.214509
0.289552 0.014685
0.289654 0.062532
0.290166 0.253176
0.293633 0.322410
0.294895 0.302110
0.296741 0.260485
0.296831 0.158420
0.299225 0.005672
0.299335 0.307060
0.299603 0.299111
0.300688 0.096926
0.300821 0.330272
0.301306 0.048360
0.302444 0.378952
0.303055 0.045074
0.303926 0.421106
0.304549 0.224000
0.307608 0.137829
0.309509 0.108190
0.309596 0.039132
0.310989 0.175361
0.311182 0.098668
0.315566 0.396326
0.315959 0.291279
0.316002 0.172991
0.318311 0.229517
0.321195 0.258958
0.323724 0.200368
0.324110 0.128655
0.324216 0.033161
0.326556 0.236495
0.327372 0.175458
0.328168 0.046597
0.328670 0.148772
0.331242 0.162284
0.332240 0.287379
0.335985 0.172248
0.338475 0.355914
0.338554 0.125661
0.338592 0.286080
0.338944 0.217800
0.339282 0.339321
0.339287 0.106741
0.340328 0.020485
0.340736 0.267419
0.340744 0.197682
0.341011 0.035570
0.341829 0.295237
0.342255 0.196439
0.343818 0.106630
0.345529 0.255786
0.346634 0.194364
0.346837 0.170853
0.349013 0.187197
0.349048 0.140595
0.350293 0.237078
0.351546 0.167734
0.352500 0.139282
0.352865 0.223079
0.353619 0.144808
0.354781 0.132449
0.354964 0.297431
0.356308 0.245110
0.356378 0.363066
0.357636 0.328970
0.358393 0.176374
0.362472 0.074572
0.366519 0.258573
0.366919 0.049437
0.367165 0.437596
0.367290 0.196599
0.367996 0.181701
0.368030 0.241924
0.369095 0.093820
0.369867 0.104136
0.371528 0.247634
0.371933 0.136232
0.372057 0.296599
0.373226 0.322722
0.376839 0.395105
0.377304 0.260047
0.378404 0.178909
0.378728 0.205728
0.379424 0.335635
0.380440 0.473421
0.380510 0.164298
0.381134 0.309641
0.381918 0.322435
0.382389 0.322965
0.382612 0.131932
0.382676 0.197024
0.384828 0.354804
0.388995 0.120674
0.389846 0.291408
0.390516 0.282205
0.392216 0.273476
0.393441 0.238563
0.393550 0.116286
0.394667 0.354354
0.394752 0.077894
0.394929 0.162683
0.396146 0.204177
0.397189 0.205095
0.398584 0.130625
0.399095 0.266501
0.399952 0.101997
0.400859 0.057445
0.402022 0.084278
0.402151 0.229908
0.403181 0.334582
0.404632 0.202948
0.405824 0.314316
0.406160 0.140159
0.406818 0.139447
0.406921 0.168285
0.407762 0.315210
0.407968 0.192299
0.409660 0.196278
0.409752 0.065658
0.411193 0.234226
0.412066 0.209529
0.412073 0.117515
0.412580 0.173690
0.413164 0.200066
0.414280 0.106385
0.416684 0.110715
0.417567 0.179846
0.418363 0.181502
0.419288 0.083348
0.420828 0.156394
0.421708 0.152510
0.421977 0.129150
0.422885 0.198589
0.423046 0.131242
0.424405 0.156475
0.424717 0.446975
0.425191 0.194416
0.426410 0.236630
0.426482 0.226818
0.427103 0.348965
0.427856 0.257462
0.428990 0.261486
0.428995 0.326859
0.429274 0.072223
0.429932 0.197417
0.431213 0.289870
0.431483 0.202827
0.432412 0.188743
0.432475 0.137161
0.433429 0.184469
0.434094 0.213439
0.434387 0.380518
0.435405 0.361084
0.436148 0.104842
0.438585 0.252011
0.438752 0.339297
0.439325 0.227035
0.440014 0.185957
0.440221 0.229742
0.440969 0.194253
0.441154 0.198357
0.443015 0.089665
0.443144 0.161847
0.443179 0.242723
0.443420 0.289197
0.445817 0.318136
0.446499 0.288690
0.449494 0.151009
0.449793 0.292271
0.450535 0.137547
0.450574 0.229196
0.450716 0.270201
0.450847 0.245776
0.451986 0.163206
0.452108 0.185722
0.457208 0.316968
0.457616 0.200704
0.457861 0.235106
0.458346 0.221181
0.460357 0.318617
0.460809 0.411861
0.461145 0.345303
0.463901 0.334842
0.463939 0.387551
0.464394 0.382239
0.464850 0.255608
0.465818 0.252735
0.466171 0.218191
0.466196 0.279806
0.467293 0.250820
0.470208 0.183482
0.470641 0.339971
0.471412 0.281924
0.472017 0.356675
0.472039 0.240487
0.473362 0.211041
0.474764 0.179106
0.475698 0.246699
0.475732 0.382725
0.475831 0.268476
0.476030 0.210295
0.476803 0.433256
0.476852 0.402710
0.478005 0.263978
0.478151 0.422549
0.480434 0.168149
0.480526 0.258483
0.482626 0.168381
0.483069 0.324576
0.485620 0.320699
0.486894 0.426433
0.487362 0.345592
0.487552 0.179453
0.490966 0.410342
0.491011 0.210404
0.492296 0.132695
0.495127 0.325247
0.495803 0.177675
0.496261 0.271779
0.496706 0.426200
0.497521 0.293334
0.497548 0.259078
0.498631 0.255849
0.499135 0.295625
0.501505 0.391378
0.501908 0.246428
0.502502 0.338405
0.502875 0.414614
0.502983 0.217555
0.504418 0.282863
0.504558 0.308451
0.505489 0.268791
0.508289 0.190364
0.510720 0.297722
0.511098 0.287821
0.511812 0.208849
0.512169 0.227201
0.512288 0.366129
0.512503 0.295682
0.512929 0.349619
0.513049 0.274546
0.513299 0.431435
0.513693 0.210990
0.514217 0.377728
0.514829 0.312071
0.515254 0.233793
0.517976 0.310558
0.518049 0.329334
0.518464 0.256351
0.518926 0.215272
0.521048 0.395302
0.522040 0.245316
0.522936 0.318161
0.523628 0.276201
0.526228 0.415264
0.527625 0.407992
0.527662 0.364202
0.529544 0.266647
0.530315 0.498033
0.532349 0.360294
0.532679 0.285728
0.533065 0.271979
0.533775 0.428042
0.533954 0.305454
0.535668 0.383998
0.536413 0.489430
0.538117 0.242807
0.539028 0.237638
0.543280 0.244258
0.543410 0.256722
0.544639 0.341109
0.545712 0.274226
0.545819 0.359538
0.546361 0.230999
0.547518 0.261796
0.548160 0.308718
0.549240 0.326353
0.551003 0.284216
0.551172 0.441632
0.551969 0.372335
0.552180 0.330856
0.553672 0.374815
0.555691 0.425942
0.556687 0.289967
0.556746 0.314743
0.558085 0.242570
0.558345 0.199790
0.558429 0.309371
0.559061 0.458421
0.559119 0.378369
0.563704 0.515174
0.564241 0.293779
0.565197 0.236081
0.567001 0.499881
0.567418 0.565267
0.571460 0.227838
0.571803 0.361156
0.571890 0.288087
0.573546 0.454739
0.574445 0.443700
0.575747 0.217230
0.576699 0.470498
0.577079 0.310320
0.577947 0.279763
0.580725 0.338726
0.580943 0.375257
0.581160 0.555943
0.582017 0.376419
0.582153 0.546903
0.585581 0.293963
0.591746 0.405375
0.592453 0.388680
0.592896 0.305500
0.593777 0.272585
0.593966 0.402652
0.594401 0.375711
0.594635 0.384082
0.595768 0.432903
0.596344 0.369820
0.596854 0.357377
0.599732 0.369676
0.600623 0.435102
0.601110 0.452965
0.601647 0.345737
0.603692 0.414360
0.604073 0.394640
0.606340 0.551680
0.606974 0.313332
0.608277 0.328130
0.609211 0.316291
0.611138 0.409205
0.613189 0.314416
0.615685 0.390448
0.615773 0.344360
0.616021 0.471769
0.616741 0.446053
0.618851 0.340855
0.621512 0.525249
0.625963 0.578065
0.627629 0.578638
0.629658 0.479689
0.634213 0.417697
0.635963 0.379590
0.636894 0.381480
0.640489 0.433797
0.641525 0.382689
0.642246 0.574374
0.643855 0.386492
0.644459 0.305366
0.644725 0.410353
0.646478 0.526342
0.651112 0.428446
0.652396 0.414194
0.655378 0.388393
0.655529 0.629923
0.656968 0.545062
0.658639 0.483193
0.662289 0.349375
0.662753 0.353788
0.663044 0.324119
0.664346 0.554460
0.667993 0.421112
0.669320 0.556993
0.669916 0.366312
0.670056 0.441954
0.670947 0.415689
0.672712 0.612942
0.676005 0.463020
0.676411 0.442343
0.676551 0.441181
0.676808 0.385748
0.678065 0.541984
0.678090 0.475903
0.678338 0.470772
0.678575 0.358910
0.682971 0.572644
0.685152 0.554554
0.685299 0.538388
0.685545 0.364297
0.689560 0.346971
0.692506 0.457506
0.694665 0.514008
0.695107 0.488345
0.695440 0.499398
0.695513 0.507457
0.695793 0.495858
0.696303 0.516150
0.700358 0.392800
0.703812 0.601790
0.706481 0.620161
0.706890 0.535924
0.714126 0.405054
0.714762 0.514617
0.717948 0.602849
0.719941 0.488863
0.719963 0.467926
0.721922 0.512167
0.723208 0.382907
0.723766 0.558928
0.734097 0.524096
0.735018 0.531847
0.735028 0.486275
0.741479 0.521107
0.742376 0.505650
0.747496 0.506364
0.747742 0.551918
0.749533 0.636890
0.750852 0.586102
0.754254 0.633534
0.758506 0.526908
0.761136 0.595350
0.762241 0.609933
0.764099 0.693625
0.773280 0.528222
0.776614 0.538506
0.777262 0.602081
0.778279 0.631023
0.778385 0.602808
0.778548 0.664960
0.792720 0.614575
0.798296 0.730916
0.801679 0.590994
0.802187 0.571048
0.807602 0.821219
0.812393 0.557830
0.815507 0.827550
0.818997 0.517071
0.821913 0.639435
0.834185 0.681346
0.836577 0.663055
0.844693 0.600721
0.845947 0.559152
0.850835 0.655527
0.856781 0.795409
0.881378 0.687526
0.885210 0.683744
0.912359 0.754067
0.926098 0.889547
0.928410 0.867985
0.932695 0.858023
0.942115 0.935490
0.946737 0.761056
0.987445 1.000000
1.000000 0.999303
