0.000000 1.000000
0.172513 0.548021
0.191453 0.413557
0.208655 0.775724
0.217080 0.275179
0.219779 0.277942
0.225917 0.869701
0.234739 0.783510
0.235486 0.479876
0.246270 0.682952
0.247905 0.452300
0.255423 0.339620
0.260546 0.234215
0.262955 0.501723
0.266840 0.355197
0.272156 0.362098
0.283129 0.483634
0.283977 0.234812
0.285116 0.497919
0.286006 0.562488
0.286294 0.520160
0.287400 0.740509
0.287700 0.257028
0.291507 0.291627
0.292196 0.494232
0.292206 0.299026
0.293095 0.428541
0.293570 0.616508
0.294309 0.521929
0.294428 0.485130
0.296625 0.599198
0.299762 0.687925
0.301076 0.506974
0.305602 0.527336
0.306100 0.731965
0.307662 0.487503
0.308189 0.333284
0.309737 0.525538
0.310352 0.724203
0.313637 0.745653
0.316676 0.762730
0.317382 0.453536
0.323344 0.775481
0.324200 0.321144
0.326091 0.242277
0.331607 0.357881
0.331665 0.472600
0.334395 0.387189
0.337233 0.582600
0.337472 0.645137
0.339704 0.514847
0.345537 0.644821
0.346185 0.483648
0.346816 0.281913
0.347010 0.473184
0.349078 0.394558
0.349921 0.399569
0.350035 0.295082
0.353779 0.284432
0.355001 0.240231
0.355064 0.545223
0.355223 0.763685
0.356447 0.322002
0.356826 0.365341
0.356895 0.580468
0.358603 0.366453
0.361324 0.515043
0.362063 0.601387
0.363498 0.547359
0.364317 0.354488
0.365750 0.602394
0.367650 0.231382
0.368151 0.407060
0.370337 0.286080
0.372279 0.441546
0.372623 0.282596
0.373860 0.440734
0.374146 0.421488
0.374198 0.286090
0.382971 0.613434
0.383574 0.369230
0.388627 0.645932
0.390029 0.278300
0.390116 0.671313
0.390968 0.479960
0.391176 0.285123
0.392298 0.380605
0.393041 0.223171
0.393886 0.390232
0.395903 0.468352
0.396572 0.350672
0.397018 0.319867
0.397266 0.535452
0.397739 0.344647
0.398896 0.478643
0.399235 0.521968
0.400586 0.431723
0.400862 0.432461
0.401446 0.491890
0.403322 0.349401
0.403966 0.194502
0.405829 0.282146
0.406845 0.349461
0.408071 0.484079
0.408266 0.428942
0.408665 0.671948
0.408684 0.436854
0.410557 0.334945
0.410620 0.179175
0.412639 0.408857
0.413889 0.463719
0.414775 0.275214
0.416593 0.357242
0.417610 0.382935
0.417920 0.514849
0.418386 0.372998
0.419266 0.228464
0.420001 0.302522
0.420099 0.468769
0.421386 0.520717
0.422084 0.419734
0.423175 0.553523
0.423815 0.197039
0.425023 0.421486
0.426464 0.205540
0.426669 0.478072
0.427965 0.628867
0.428859 0.345979
0.429115 0.588659
0.429196 0.400556
0.429609 0.198065
0.429625 0.255144
0.429638 0.606756
0.431060 0.216745
0.431177 0.409044
0.433870 0.247810
0.433918 0.152841
0.434244 0.298820
0.436638 0.460107
0.437414 0.203401
0.437716 0.559536
0.438067 0.479997
0.438348 0.355819
0.439251 0.247397
0.439466 0.574106
0.440075 0.242842
0.442173 0.154321
0.443122 0.506721
0.444415 0.544257
0.445263 0.209939
0.446168 0.323172
0.446593 0.205605
0.446694 0.270169
0.447072 0.280883
0.447105 0.157951
0.447448 0.514765
0.449120 0.508758
0.449161 0.404511
0.449426 0.531678
0.449439 0.607099
0.449751 0.351476
0.449963 0.392959
0.451432 0.501215
0.451660 0.349002
0.451746 0.219075
0.451782 0.245311
0.452440 0.427926
0.452530 0.376143
0.452832 0.368295
0.453101 0.435392
0.453593 0.368596
0.455175 0.157831
0.457480 0.366554
0.459870 0.392580
0.460029 0.216118
0.462217 0.598199
0.462820 0.595631
0.465524 0.506170
0.465857 0.594468
0.466358 0.502756
0.466478 0.516319
0.467688 0.483820
0.468470 0.421535
0.469416 0.459182
0.469549 0.406852
0.469619 0.559220
0.470854 0.343698
0.471521 0.483452
0.474024 0.252265
0.474125 0.250121
0.475898 0.298166
0.475965 0.344108
0.476333 0.160040
0.478242 0.300022
0.479527 0.214377
0.481096 0.357117
0.481368 0.598606
0.481515 0.398255
0.481877 0.321485
0.482665 0.565728
0.483702 0.402309
0.484544 0.447595
0.484861 0.205609
0.486305 0.150100
0.487286 0.338746
0.488128 0.369932
0.488481 0.292773
0.489020 0.250415
0.489365 0.271120
0.490815 0.318141
0.491217 0.150109
0.493344 0.379839
0.493423 0.203772
0.494029 0.344795
0.494352 0.469101
0.495009 0.169440
0.495330 0.536400
0.496921 0.333840
0.500546 0.374887
0.501024 0.149618
0.502115 0.467467
0.502888 0.327559
0.503417 0.138695
0.504632 0.457970
0.505171 0.507525
0.506126 0.155109
0.506331 0.303165
0.506478 0.122420
0.507047 0.285518
0.507893 0.289335
0.508670 0.446414
0.510072 0.119088
0.510878 0.281786
0.512324 0.431311
0.512826 0.125540
0.513512 0.348927
0.513667 0.321126
0.513684 0.344640
0.515186 0.536511
0.515434 0.260197
0.515633 0.159716
0.516166 0.147565
0.517971 0.395618
0.518050 0.345895
0.518854 0.171928
0.520186 0.289754
0.520503 0.359150
0.520530 0.447391
0.520680 0.358425
0.522334 0.265556
0.523227 0.458911
0.523745 0.279784
0.525631 0.118943
0.525980 0.328165
0.526996 0.250721
0.527975 0.116409
0.528272 0.377560
0.528542 0.292058
0.529871 0.208133
0.529943 0.448125
0.530079 0.352681
0.530167 0.107622
0.530906 0.496841
0.531115 0.297582
0.532735 0.405059
0.532740 0.199756
0.533678 0.107005
0.534543 0.417938
0.534815 0.359791
0.535357 0.154524
0.535646 0.310584
0.536032 0.349668
0.536627 0.284474
0.536747 0.163557
0.537180 0.520836
0.538121 0.269611
0.538777 0.322658
0.539445 0.480417
0.539649 0.430648
0.539828 0.199062
0.540285 0.231846
0.540672 0.333141
0.541533 0.234459
0.541626 0.349506
0.541629 0.410828
0.542433 0.167247
0.544405 0.434139
0.545260 0.332321
0.545469 0.205963
0.545994 0.370234
0.546737 0.504818
0.547019 0.409018
0.547111 0.273734
0.548584 0.095696
0.548826 0.297159
0.548836 0.257264
0.550501 0.207263
0.550513 0.186892
0.551008 0.298446
0.551020 0.258064
0.551388 0.443780
0.551534 0.313661
0.551542 0.227170
0.552147 0.206232
0.553131 0.125494
0.553434 0.284340
0.554527 0.328512
0.554783 0.218525
0.555169 0.280834
0.555537 0.355369
0.556520 0.261157
0.556542 0.345778
0.557726 0.346700
0.558413 0.107768
0.558863 0.464070
0.559586 0.370578
0.559742 0.225933
0.559886 0.161152
0.560132 0.108017
0.561605 0.416514
0.562708 0.361736
0.562820 0.255919
0.564208 0.366326
0.564760 0.135676
0.565078 0.298605
0.565797 0.441353
0.566040 0.113997
0.566215 0.186141
0.567019 0.197330
0.567032 0.247896
0.568229 0.185528
0.569504 0.446063
0.570313 0.186319
0.570933 0.099229
0.571334 0.220327
0.571459 0.229859
0.573379 0.357440
0.573422 0.418105
0.573917 0.258731
0.574227 0.174712
0.576790 0.434335
0.576927 0.208939
0.577271 0.306107
0.578003 0.250859
0.578104 0.303381
0.578497 0.440541
0.578512 0.496126
0.578565 0.266138
0.578707 0.173927
0.578734 0.180407
0.578889 0.238821
0.579303 0.320763
0.579889 0.476925
0.580186 0.327514
0.580515 0.276417
0.581347 0.157078
0.581702 0.259803
0.582368 0.415163
0.582381 0.466387
0.582710 0.196713
0.582768 0.240772
0.582957 0.166606
0.583004 0.468159
0.583017 0.352534
0.583123 0.428856
0.583537 0.403561
0.583545 0.443946
0.583984 0.179456
0.584972 0.347173
0.585982 0.363279
0.587868 0.270576
0.588373 0.215589
0.588638 0.330412
0.589473 0.171292
0.589906 0.408897
0.590382 0.283581
0.590976 0.418463
0.591625 0.297059
0.591743 0.244064
0.592154 0.183867
0.592374 0.138564
0.592400 0.204194
0.593572 0.481823
0.594030 0.451810
0.594305 0.308923
0.594308 0.280012
0.595775 0.444612
0.597324 0.229899
0.597461 0.143481
0.598593 0.168761
0.598710 0.380065
0.598734 0.311344
0.599073 0.264406
0.600087 0.244678
0.600517 0.310655
0.600521 0.236924
0.600758 0.356001
0.601440 0.351467
0.601518 0.332604
0.601621 0.454320
0.602160 0.435244
0.603152 0.201249
0.603350 0.069948
0.603585 0.230153
0.605819 0.475089
0.605872 0.201034
0.606935 0.430711
0.607478 0.478257
0.607945 0.196768
0.608548 0.064855
0.609712 0.207553
0.609795 0.191693
0.610949 0.366069
0.610950 0.328213
0.611302 0.180654
0.611708 0.243736
0.611918 0.266558
0.611964 0.388431
0.612097 0.178673
0.613196 0.206973
0.613645 0.200822
0.613691 0.283113
0.614253 0.190145
0.614470 0.112279
0.614476 0.460890
0.614875 0.172165
0.616202 0.247082
0.616500 0.199793
0.616761 0.297010
0.616990 0.159056
0.617388 0.339692
0.617957 0.127616
0.618202 0.131256
0.618326 0.230979
0.620614 0.278136
0.620744 0.104914
0.621125 0.261485
0.621783 0.413830
0.622064 0.121219
0.622491 0.165404
0.623307 0.245803
0.624418 0.127981
0.627900 0.117506
0.628680 0.207730
0.630458 0.265783
0.630586 0.210563
0.631017 0.115722
0.631091 0.426814
0.631625 0.359974
0.632674 0.086469
0.633359 0.297896
0.633459 0.415503
0.634065 0.187842
0.634287 0.310579
0.634328 0.317075
0.634469 0.069857
0.635569 0.283692
0.635621 0.394917
0.636874 0.277045
0.638386 0.171550
0.638918 0.435367
0.639382 0.182200
0.640241 0.074681
0.641456 0.365487
0.644216 0.167475
0.648193 0.419171
0.649104 0.163773
0.651221 0.218644
0.652259 0.251768
0.652488 0.321309
0.653312 0.216310
0.654481 0.131123
0.656238 0.229929
0.657474 0.078086
0.657668 0.175315
0.658764 0.257913
0.659477 0.320233
0.661361 0.303437
0.661655 0.304509
0.662134 0.271091
0.662757 0.268113
0.663513 0.243802
0.663546 0.197525
0.663568 0.191298
0.665336 0.174416
0.665424 0.139194
0.666817 0.359383
0.667188 0.285128
0.667831 0.380664
0.668123 0.165195
0.668433 0.083677
0.669517 0.107531
0.669687 0.267869
0.670071 0.254881
0.670297 0.055645
0.671369 0.228383
0.673718 0.236230
0.676239 0.361403
0.677535 0.294486
0.679264 0.159358
0.679582 0.132317
0.680335 0.105502
0.680509 0.360229
0.682217 0.238456
0.682619 0.133315
0.682658 0.248129
0.682670 0.222920
0.682882 0.117832
0.684409 0.290736
0.685391 0.319673
0.685934 0.312388
0.686603 0.275240
0.689000 0.167865
0.689338 0.133703
0.690112 0.344274
0.690849 0.227347
0.693137 0.045941
0.693803 0.174189
0.693863 0.396472
0.694316 0.176591
0.694505 0.139141
0.695074 0.396479
0.695491 0.134482
0.695547 0.104489
0.695603 0.313517
0.696635 0.357006
0.699362 0.157927
0.704003 0.298191
0.705098 0.279913
0.710234 0.301964
0.712728 0.376777
0.713966 0.219088
0.714302 0.075423
0.715602 0.274571
0.715605 0.346769
0.717504 0.338667
0.718027 0.174389
0.718183 0.025251
0.720595 0.164014
0.721991 0.333789
0.732003 0.203730
0.732664 0.118566
0.735146 0.270070
0.735338 0.250225
0.736841 0.170322
0.737469 0.134948
0.738473 0.042683
0.739426 0.300947
0.741257 0.047271
0.744413 0.101347
0.745287 0.233760
0.747021 0.331332
0.748955 0.174533
0.750504 0.128322
0.754290 0.109657
0.757946 0.346440
0.758091 0.125631
0.759733 0.199537
0.760068 0.064891
0.761317 0.099694
0.767839 0.087357
0.769123 0.323124
0.770076 0.107216
0.770189 0.080290
0.770719 0.090699
0.771479 0.146712
0.771797 0.103446
0.772552 0.196912
0.775951 0.034760
0.778951 0.232963
0.783036 0.187010
0.785559 0.168997
0.785595 0.324776
0.787002 0.209912
0.790161 0.184034
0.790462 0.218811
0.792215 0.130619
0.796466 0.168066
0.800326 0.000000
0.801054 0.220173
0.803777 0.173811
0.803936 0.032603
0.805396 0.279643
0.807109 0.056358
0.811916 0.192123
0.814458 0.223882
0.816188 0.134016
0.820585 0.092933
0.821568 0.175217
0.823451 0.196163
0.824343 0.182353
0.827058 0.046847
0.830519 0.084159
0.833576 0.222716
0.834949 0.003963
0.835567 0.023983
0.836994 0.194410
0.837460 0.133394
0.839883 0.108318
0.840364 0.234253
0.840973 0.113122
0.842816 0.003002
0.847962 0.136622
0.849997 0.013805
0.852882 0.091158
0.853497 0.016117
0.853766 0.211076
0.856477 0.069600
0.864605 0.097547
0.872274 0.223489
0.875022 0.208162
0.875022 0.191119
0.883600 0.257594
0.904717 0.052101
0.912830 0.016579
0.989228 0.070082
1.000000 0.019704
