0.000000 1.000000
0.018597 0.939066
0.021981 0.662242
0.023409 0.853151
0.031291 0.877610
0.049045 0.577700
0.053625 0.659430
0.053937 0.689224
0.055524 0.632179
0.058495 0.857202
0.066647 0.906283
0.070157 0.740224
0.076763 0.938751
0.083046 0.928387
0.092029 0.999240
0.101373 0.981916
0.104254 0.995902
0.104699 0.790241
0.106726 0.769649
0.108237 0.789320
0.113029 0.674574
0.113697 0.984916
0.115611 0.829423
0.119388 0.714190
0.119754 0.982423
0.128578 0.976449
0.131496 0.879800
0.136270 0.950894
0.137371 0.769324
0.138429 0.538546
0.139611 0.617401
0.143692 0.852314
0.144283 0.683349
0.146163 0.888296
0.146998 0.760561
0.147211 0.574592
0.147504 0.650788
0.156102 0.615864
0.157626 0.929076
0.165687 0.941042
0.167732 0.900974
0.176955 0.531064
0.184192 0.836320
0.184999 0.620487
0.188025 0.617200
0.194267 0.804615
0.199942 0.710356
0.199988 0.581511
0.209075 0.946434
0.211057 0.703814
0.211175 0.576088
0.211740 0.888430
0.211863 0.471125
0.214879 0.763224
0.216658 0.726469
0.219139 0.916985
0.220968 0.772713
0.225219 0.919734
0.226526 0.950778
0.226916 0.682137
0.230056 0.480602
0.231068 0.775367
0.235565 0.936442
0.235880 0.772702
0.237025 0.780284
0.238294 0.657520
0.239784 0.893816
0.241698 0.903027
0.243633 0.878156
0.243750 0.853719
0.247636 0.894552
0.249772 0.529140
0.251043 0.856452
0.253540 0.834657
0.256769 0.452584
0.257776 0.842633
0.258971 0.819713
0.259529 0.916189
0.265030 0.877633
0.265190 0.644300
0.268469 0.906489
0.269547 0.705007
0.272201 0.593561
0.273335 0.719492
0.285042 0.580338
0.285410 0.866523
0.285551 0.684386
0.287555 0.636052
0.288756 0.886818
0.294358 0.861881
0.303060 0.606089
0.303104 0.840801
0.303159 0.787852
0.308938 0.525287
0.317679 0.623376
0.318590 0.446880
0.321455 0.778618
0.323791 0.636783
0.330419 0.851636
0.331091 0.700119
0.331193 0.744822
0.336327 0.543928
0.336450 0.874654
0.339438 0.471069
0.340371 0.593269
0.346614 0.679576
0.350409 0.550716
0.350943 0.670672
0.357481 0.473937
0.359180 0.891329
0.359832 0.622316
0.362504 0.866335
0.365783 0.773422
0.369493 0.480753
0.381737 0.661552
0.384817 0.507587
0.386256 0.628590
0.391490 0.575790
0.393454 0.415217
0.395079 0.465147
0.395194 0.870648
0.395894 0.656092
0.406551 0.835000
0.407769 0.638343
0.410657 0.683365
0.417670 0.721874
0.417680 0.578217
0.418085 0.794408
0.421005 0.748577
0.422962 0.666353
0.425453 0.829340
0.432977 0.389285
0.446457 0.824091
0.454456 0.367233
0.454599 0.784507
0.459674 0.476705
0.473518 0.796374
0.473789 0.658203
0.485300 0.484316
0.486072 0.731528
0.487673 0.421461
0.507838 0.796431
0.522756 0.648006
0.522900 0.719079
0.524875 0.461509
0.530007 0.611110
0.545137 0.731138
0.547962 0.740979
0.600169 0.620318
0.602404 0.668243
0.611437 0.697691
0.647750 0.397162
0.652016 0.378951
0.661289 0.543435
0.704044 0.293722
0.751532 0.257703
0.761720 0.221830
0.803373 0.190266
1.000000 0.000000
