0.000000 0.688075
0.006054 0.024543
0.006492 0.361771
0.011134 0.414083
0.012721 0.055651
0.016651 0.196869
0.018783 0.345767
0.032471 0.596995
0.034037 0.259727
0.036650 0.096643
0.037026 0.550670
0.038388 0.910132
0.038493 0.472015
0.043580 0.167060
0.047558 0.313406
0.048489 0.069526
0.050889 0.229936
0.060230 0.563716
0.067885 0.551415
0.071017 0.215121
0.073774 0.310797
0.078181 0.130971
0.078259 0.540823
0.079045 0.701032
0.080525 0.417220
0.080594 0.411994
0.081147 0.161281
0.082268 0.284614
0.085651 0.390689
0.103020 0.306947
0.103262 0.274652
0.103398 0.149199
0.104070 0.333347
0.106109 0.099352
0.110953 0.533844
0.111993 0.149670
0.115422 0.649443
0.115780 0.460874
0.119068 0.299679
0.119510 0.329730
0.119670 0.680586
0.125607 0.282832
0.126227 0.385363
0.126758 0.262005
0.127348 0.071971
0.130160 0.041245
0.133418 0.431248
0.136885 0.283152
0.137851 0.235919
0.140337 0.219069
0.142094 0.848438
0.146776 0.356589
0.148981 0.328742
0.152902 0.090824
0.154198 0.586944
0.154534 0.113719
0.157388 0.190800
0.157907 0.464772
0.162853 0.218960
0.164667 0.490333
0.168194 0.330552
0.175286 0.697783
0.176741 0.397256
0.180274 0.039932
0.181646 0.795352
0.182391 0.379895
0.185441 0.302470
0.186162 0.628478
0.186875 0.202147
0.196021 0.657542
0.201831 0.036405
0.205043 0.136783
0.208563 0.299454
0.208924 0.381743
0.209924 0.206852
0.210874 0.290474
0.214435 0.175101
0.220212 0.194734
0.227616 0.328072
0.229049 0.264645
0.230410 0.518253
0.231184 0.278300
0.234267 0.369717
0.238889 0.212650
0.239024 0.547408
0.241348 0.548113
0.244047 0.066440
0.244947 0.424896
0.247247 0.605334
0.248848 0.397597
0.250148 0.539004
0.250469 0.506255
0.252464 0.605105
0.252941 0.582925
0.253224 0.054418
0.258183 0.213081
0.268628 0.183047
0.268822 0.445841
0.272891 0.360014
0.273592 0.379085
0.273728 0.208407
0.279098 0.365443
0.286146 0.935496
0.287224 0.549194
0.288092 0.612031
0.288537 0.499584
0.288675 0.627698
0.289502 0.334763
0.290192 0.233979
0.293209 0.397463
0.296195 0.534323
0.298248 0.006962
0.304404 0.433255
0.306144 0.257538
0.312075 0.427242
0.315369 0.207849
0.316767 0.060277
0.325826 0.338361
0.325826 0.241447
0.328954 0.197079
0.330530 0.353282
0.331444 0.146040
0.331758 0.235686
0.338477 0.647101
0.339436 0.163008
0.340694 0.350054
0.340782 0.319540
0.341967 0.196523
0.342818 0.376810
0.345271 1.000000
0.345770 0.111165
0.345784 0.148692
0.347433 0.213872
0.351126 0.239717
0.352456 0.218910
0.357352 0.336991
0.360116 0.679051
0.360443 0.726204
0.361476 0.289528
0.361621 0.140241
0.362347 0.168344
0.368027 0.028595
0.370580 0.471526
0.372833 0.316349
0.373915 0.806564
0.375232 0.062177
0.379226 0.427040
0.379443 0.128519
0.380082 0.691233
0.382414 0.488871
0.384816 0.448075
0.395922 0.029838
0.397081 0.435267
0.397131 0.191697
0.398067 0.413508
0.402012 0.274763
0.403285 0.118042
0.403600 0.217319
0.404566 0.218691
0.408437 0.106016
0.410667 0.759804
0.414968 0.150643
0.414970 0.474084
0.420006 0.309482
0.421105 0.125597
0.422973 0.161350
0.425312 0.259858
0.425583 0.414827
0.434000 0.579424
0.441117 0.175149
0.441152 0.270098
0.458487 0.443893
0.458826 0.097952
0.461780 0.406118
0.463548 0.116094
0.463577 0.350488
0.465875 0.384592
0.468989 0.334464
0.469789 0.426601
0.473762 0.150459
0.475017 0.301504
0.476006 0.620824
0.476201 0.537370
0.476231 0.507011
0.476446 0.316730
0.477275 0.000000
0.478825 0.177512
0.479268 0.708498
0.480710 0.466572
0.481763 0.464560
0.482220 0.197621
0.482615 0.879522
0.484243 0.421477
0.484943 0.165721
0.485534 0.201469
0.486785 0.436458
0.492856 0.331706
0.496774 0.467024
0.503233 0.076980
0.504192 0.182599
0.504634 0.254465
0.505877 0.381110
0.506740 0.285107
0.507774 0.565751
0.509676 0.428937
0.510700 0.707844
0.514914 0.700150
0.515773 0.465369
0.515995 0.438173
0.516380 0.377898
0.518934 0.899879
0.521912 0.374901
0.523927 0.431310
0.523968 0.812038
0.524099 0.303073
0.533113 0.066481
0.538433 0.228566
0.543783 0.267978
0.548900 0.419032
0.550190 0.330551
0.550347 0.401332
0.558354 0.180008
0.562765 0.038391
0.564314 0.251840
0.564832 0.297691
0.565178 0.331463
0.572066 0.582512
0.575338 0.333817
0.575858 0.505212
0.575986 0.225260
0.576883 0.411474
0.581143 0.182629
0.583691 0.105131
0.591180 0.977789
0.591756 0.540786
0.592915 0.603789
0.593552 0.323565
0.594786 0.456979
0.598229 0.602244
0.599195 0.699688
0.600047 0.229185
0.601387 0.373158
0.606013 0.067701
0.607559 0.327646
0.608069 0.202549
0.609746 0.385133
0.611156 0.666463
0.617255 0.275245
0.618034 0.191004
0.619235 0.282635
0.620755 0.953100
0.622865 0.174052
0.624991 0.338238
0.625338 0.459427
0.626090 0.171428
0.628010 0.219488
0.631539 0.304529
0.632495 0.194263
0.643884 0.297663
0.647073 0.512875
0.648332 0.691516
0.650285 0.364934
0.653564 0.263734
0.654410 0.390597
0.654864 0.241966
0.654918 0.322584
0.655509 0.109444
0.660481 0.218297
0.663510 0.240052
0.666367 0.819485
0.668589 0.451042
0.679787 0.314228
0.681016 0.448927
0.682899 0.522243
0.685101 0.220819
0.686058 0.358923
0.690305 0.189747
0.690701 0.235957
0.692443 0.702985
0.693039 0.141791
0.696951 0.554657
0.699958 0.321579
0.701237 0.603973
0.704299 0.457914
0.715460 0.146279
0.716130 0.519564
0.719468 0.336324
0.724079 0.740678
0.727354 0.047753
0.730943 0.228734
0.737032 0.084195
0.737078 0.554434
0.738828 0.533777
0.747000 0.156726
0.748674 0.179430
0.748769 0.453165
0.750629 0.328193
0.751268 0.419615
0.752435 0.734767
0.755460 0.268273
0.760056 0.251166
0.762983 0.224228
0.765491 0.110436
0.769335 0.320438
0.773506 0.365420
0.777049 0.662227
0.782531 0.461115
0.782604 0.379970
0.783841 0.527488
0.784814 0.002873
0.785405 0.672646
0.793418 0.282307
0.793648 0.377837
0.797919 0.281950
0.798942 0.679241
0.799866 0.440253
0.801429 0.618744
0.808501 0.567031
0.813253 0.646000
0.815465 0.611718
0.822214 0.394504
0.823861 0.480229
0.823962 0.128554
0.825629 0.265876
0.827610 0.598149
0.828806 0.334845
0.830664 0.379859
0.830929 0.018927
0.832120 0.414585
0.834022 0.436702
0.837592 0.616514
0.840565 0.436298
0.843977 0.666177
0.846290 0.349216
0.848300 0.272083
0.849072 0.473191
0.850164 0.123080
0.853113 0.653893
0.862538 0.188041
0.863152 0.590833
0.863788 0.159205
0.864981 0.401522
0.868263 0.424284
0.870052 0.392323
0.876813 0.136704
0.877101 0.242985
0.880563 0.380079
0.880725 0.627109
0.881683 0.297092
0.881787 0.379333
0.883496 0.399208
0.885868 0.120733
0.886135 0.499918
0.887241 0.337809
0.887264 0.077405
0.889657 0.548714
0.892359 0.096567
0.892642 0.452891
0.903935 0.069636
0.919586 0.471301
0.919750 0.358272
0.920006 0.602899
0.926322 0.133514
0.930357 0.354322
0.938875 0.229787
0.939426 0.620935
0.940695 0.119628
0.940723 0.614836
0.941115 0.581318
0.943410 0.258145
0.946286 0.281794
0.947181 0.203341
0.947825 0.092564
0.950949 0.266782
0.951419 0.549607
0.953802 0.221287
0.955134 0.617061
0.956951 0.419046
0.957166 0.183912
0.957260 0.319687
0.966802 0.071415
0.966870 0.070415
0.966978 0.668806
0.967339 0.448809
0.968959 0.082799
0.971096 0.367458
0.971922 0.201694
0.972951 0.188231
0.974570 0.636407
0.974672 0.171132
0.974851 0.941401
0.977746 0.594796
0.977773 0.297238
0.979014 0.262086
0.982259 0.615586
0.983598 0.318511
0.991860 0.266462
0.993737 0.604813
0.996172 0.231933
1.000000 0.228425
