0.000000 0.295837
0.001893 0.175363
0.004352 0.082077
0.009111 0.284107
0.009406 0.432244
0.013979 0.371987
0.014405 0.380422
0.020075 0.291711
0.020737 0.551384
0.021621 0.292527
0.022806 0.455384
0.024262 1.000000
0.027027 0.455801
0.029419 0.233807
0.033328 0.197567
0.033751 0.518745
0.041102 0.188667
0.042671 0.115317
0.043279 0.862839
0.045096 0.615747
0.046333 0.190085
0.048386 0.236494
0.055203 0.415412
0.063988 0.646111
0.065392 0.515630
0.069751 0.142052
0.071508 0.154428
0.074751 0.407156
0.080731 0.149688
0.080842 0.330933
0.083340 0.322010
0.084892 0.221574
0.085046 0.496449
0.085729 0.383198
0.088280 0.711718
0.088842 0.445809
0.090592 0.535835
0.091271 0.486200
0.096568 0.439341
0.100980 0.336245
0.101666 0.262693
0.110915 0.290588
0.112363 0.705700
0.113421 0.613210
0.117232 0.287517
0.122828 0.525859
0.126412 0.359466
0.132342 0.409915
0.133528 0.395544
0.136271 0.247402
0.137131 0.267329
0.138966 0.355018
0.139666 0.499057
0.144314 0.381268
0.146531 0.430179
0.146753 0.452144
0.146792 0.130775
0.146942 0.359468
0.148703 0.756553
0.149896 0.386606
0.152621 0.417708
0.165623 0.281301
0.169678 0.223688
0.170937 0.058919
0.171369 0.246115
0.172739 0.080230
0.176746 0.359422
0.177301 0.370552
0.180411 0.354225
0.183828 0.528854
0.187846 0.244121
0.188739 0.579210
0.191237 0.574607
0.192399 0.422428
0.198062 0.244195
0.199712 0.175012
0.200115 0.488137
0.202558 0.074710
0.203192 0.590267
0.206247 0.185371
0.207171 0.312481
0.207403 0.102695
0.207989 0.463382
0.208524 0.457570
0.210787 0.376239
0.212174 0.278994
0.214694 0.382039
0.216103 0.316472
0.216178 0.630870
0.216801 0.176286
0.218379 0.416868
0.219246 0.214687
0.224721 0.262118
0.226331 0.262048
0.231570 0.209730
0.232642 0.110274
0.238181 0.265944
0.241085 0.236879
0.241499 0.145892
0.243479 0.401864
0.247975 0.222490
0.248208 0.132056
0.249242 0.218337
0.250419 0.626674
0.250996 0.131512
0.252875 0.225595
0.257567 0.523747
0.258625 0.129099
0.259737 0.594780
0.261761 0.410796
0.263171 0.510358
0.265964 0.556836
0.267485 0.424811
0.267998 0.345968
0.269001 0.201426
0.269908 0.437349
0.271445 0.125487
0.271580 0.213585
0.275415 0.442773
0.275805 0.112130
0.280701 0.408948
0.285942 0.497982
0.293422 0.379187
0.299019 0.337196
0.304473 0.544904
0.305891 0.075439
0.306080 0.564149
0.306352 0.374828
0.308175 0.495767
0.317542 0.360201
0.321348 0.284571
0.322626 0.505570
0.322876 0.365995
0.324688 0.395922
0.334440 0.083598
0.334791 0.109485
0.335633 0.202692
0.336003 0.506652
0.338422 0.399630
0.342672 0.470373
0.345916 0.235172
0.356816 0.531903
0.357813 0.174610
0.358131 0.314447
0.358627 0.202628
0.359545 0.138987
0.374964 0.541793
0.375540 0.865253
0.381931 0.074745
0.384616 0.279564
0.385051 0.367959
0.385459 0.304111
0.387890 0.297065
0.395266 0.090470
0.395393 0.134990
0.396422 0.147015
0.398598 0.360050
0.399491 0.060618
0.402147 0.226727
0.402382 0.130749
0.403245 0.384151
0.406400 0.425241
0.409335 0.185723
0.412455 0.438361
0.419194 0.690810
0.419276 0.480861
0.421285 0.098549
0.422751 0.314943
0.428962 0.660180
0.429963 0.406094
0.440134 0.435485
0.449259 0.638959
0.454088 0.308246
0.455339 0.244545
0.455707 0.203242
0.455860 0.283112
0.458493 0.376292
0.459603 0.317910
0.460937 0.531144
0.461920 0.409005
0.470331 0.345526
0.477113 0.328012
0.477741 0.484333
0.478670 0.338567
0.491433 0.377643
0.500303 0.291078
0.500768 0.224484
0.503582 0.427580
0.507840 0.726573
0.508579 0.012190
0.509366 0.438241
0.510792 0.408219
0.510944 0.247603
0.514966 0.551325
0.516064 0.863310
0.521303 0.788374
0.523658 0.488008
0.527489 0.007683
0.529792 0.445819
0.532196 0.472674
0.534395 0.651189
0.536177 0.310611
0.538894 0.188303
0.542073 0.414252
0.543456 0.312312
0.543697 0.537429
0.546536 0.305163
0.547403 0.235667
0.549635 0.421315
0.551130 0.240670
0.551538 0.270902
0.560806 0.575990
0.564428 0.425242
0.565075 0.155336
0.575616 0.354801
0.576653 0.790939
0.576946 0.551528
0.579430 0.142981
0.588142 0.489131
0.601245 0.511229
0.602640 0.261916
0.606532 0.651140
0.607181 0.560996
0.607964 0.172718
0.611183 0.499376
0.611793 0.639746
0.613715 0.472589
0.615226 0.206342
0.615715 0.778041
0.615963 0.456151
0.616358 0.756107
0.616359 0.534347
0.622711 0.293743
0.623390 0.160292
0.624124 0.444152
0.624869 0.035339
0.626645 0.306751
0.628908 0.199812
0.633021 0.375771
0.633560 0.491948
0.634514 0.631108
0.637477 0.370737
0.639564 0.256559
0.640534 0.296988
0.640855 0.483051
0.646276 0.805860
0.646871 0.436730
0.654601 0.319703
0.657411 0.460585
0.658302 0.562915
0.658892 0.350895
0.660344 0.011154
0.661942 0.217395
0.664540 0.654751
0.665467 0.000000
0.667541 0.218341
0.668982 0.090625
0.669401 0.611858
0.671982 0.733510
0.672569 0.303505
0.675983 0.478103
0.679149 0.342179
0.680956 0.563284
0.681333 0.304982
0.693600 0.508062
0.694916 0.294808
0.698393 0.662368
0.698555 0.350308
0.700936 0.504653
0.701325 0.228432
0.706382 0.488025
0.707460 0.175587
0.711161 0.451718
0.713468 0.587569
0.717170 0.456807
0.719101 0.443049
0.726434 0.264219
0.727005 0.252641
0.727234 0.417545
0.730129 0.291346
0.734991 0.451922
0.736973 0.149049
0.742924 0.298015
0.744419 0.496445
0.745850 0.331357
0.753209 0.340716
0.754276 0.695546
0.755066 0.315731
0.756650 0.107449
0.757494 0.330679
0.758784 0.334922
0.759655 0.413258
0.759889 0.120575
0.762734 0.340071
0.763806 0.616094
0.764813 0.269849
0.765734 0.810611
0.766279 0.254869
0.769785 0.323226
0.771748 0.220768
0.773419 0.335467
0.783015 0.217944
0.784252 0.689440
0.785798 0.425819
0.788865 0.451687
0.789515 0.165575
0.791702 0.454885
0.794648 0.236595
0.794670 0.410621
0.794740 0.721803
0.801261 0.146153
0.804071 0.853022
0.811225 0.517949
0.812118 0.066257
0.813807 0.211889
0.814149 0.380540
0.814656 0.553240
0.815069 0.816819
0.815660 0.174860
0.817523 0.363367
0.820740 0.322416
0.820746 0.240679
0.826162 0.337554
0.831149 0.329175
0.833298 0.372740
0.835317 0.392887
0.836649 0.400828
0.836996 0.513664
0.837212 0.696808
0.837442 0.207498
0.838368 0.295505
0.845085 0.132245
0.845540 0.426165
0.849163 0.293506
0.852156 0.126926
0.857116 0.361515
0.857674 0.525997
0.865357 0.482254
0.866204 0.161079
0.868640 0.612611
0.869094 0.321642
0.871648 0.509962
0.873782 0.580358
0.873857 0.450547
0.874012 0.545053
0.878294 0.553822
0.879937 0.398702
0.880331 0.367827
0.883098 0.214170
0.885937 0.642184
0.886011 0.340096
0.888915 0.343633
0.890782 0.201858
0.893027 0.322086
0.894470 0.121096
0.895605 0.177881
0.896143 0.304916
0.896253 0.107557
0.896349 0.409318
0.896719 0.200401
0.900671 0.328967
0.900845 0.088988
0.901512 0.354875
0.902009 0.249594
0.905784 0.222916
0.908796 0.111423
0.911898 0.322058
0.912054 0.503964
0.913918 0.103598
0.915377 0.676724
0.928535 0.535658
0.933273 0.288393
0.933409 0.128333
0.936797 0.650997
0.945280 0.629145
0.949165 0.188349
0.949832 0.574211
0.951598 0.729109
0.951881 0.434765
0.954042 0.323945
0.958565 0.350974
0.959759 0.529139
0.963196 0.285182
0.963439 0.804821
0.964098 0.455087
0.964798 0.296439
0.965784 0.539845
0.968495 0.578079
0.970985 0.469099
0.972043 0.645578
0.974203 0.781457
0.974582 0.226721
0.976753 0.124124
0.977084 0.531432
0.978546 0.545351
0.982942 0.153975
0.996102 0.236948
0.998793 0.289388
0.998924 0.595903
1.000000 0.282031
