0.000000 0.607685
0.025149 0.080371
0.075008 0.759853
0.093215 0.903232
0.113303 0.737913
0.113967 0.578642
0.134840 0.694043
0.143854 0.732932
0.151399 0.606051
0.172606 0.849892
0.202237 0.360113
0.207489 0.526924
0.208796 0.547422
0.217632 0.819628
0.219451 0.555839
0.222353 0.531226
0.234814 0.615871
0.240203 0.000000
0.249363 0.434599
0.256322 0.692676
0.259194 0.673124
0.261747 0.649301
0.271688 0.635676
0.273384 0.774706
0.273872 0.620265
0.275726 0.550269
0.279553 0.815714
0.282111 0.695769
0.283455 0.705497
0.298684 0.686645
0.300381 0.930103
0.305450 0.656426
0.305883 0.626006
0.307290 0.651065
0.307671 0.752127
0.307794 0.780840
0.309980 0.689242
0.314834 0.664345
0.315532 0.802404
0.316237 0.894092
0.317638 0.664934
0.319231 0.639868
0.321577 0.702196
0.323313 0.328883
0.325841 0.602449
0.329987 0.939526
0.331727 0.946849
0.332360 0.930395
0.335025 0.560244
0.340067 0.611274
0.348606 0.960807
0.352036 0.561413
0.352174 0.970042
0.354471 0.626141
0.354861 0.158708
0.362359 0.680829
0.366735 0.925528
0.368034 0.577098
0.369011 0.708903
0.375117 0.656771
0.378642 0.550822
0.383110 0.718566
0.385802 0.652144
0.386186 0.732207
0.389202 0.599902
0.390937 0.298614
0.392955 0.847560
0.393650 0.663571
0.395059 0.871231
0.396478 0.308132
0.402405 0.717489
0.411532 0.511747
0.418192 0.761046
0.418740 0.168358
0.418883 0.662270
0.419480 0.605439
0.422294 0.834982
0.428173 0.720062
0.429752 0.595395
0.430995 0.483285
0.433074 0.709629
0.438487 0.534016
0.440969 0.702101
0.444094 0.780854
0.445929 0.762043
0.447842 0.461768
0.448270 0.904775
0.454519 0.686471
0.454664 0.735759
0.455518 0.744311
0.456308 0.526169
0.456392 0.273404
0.459440 0.789044
0.459648 0.154536
0.462923 0.397658
0.464803 0.845826
0.470247 0.708972
0.470810 0.779647
0.471193 0.512208
0.476820 0.542957
0.476904 0.902362
0.478162 0.560200
0.482318 0.687382
0.482579 1.000000
0.486846 0.504517
0.487388 0.453371
0.488064 0.303894
0.489529 0.600041
0.492967 0.408490
0.496172 0.806568
0.497251 0.808793
0.499811 0.787236
0.501939 0.874436
0.507805 0.471379
0.510330 0.728977
0.511235 0.579553
0.512707 0.502470
0.513684 0.736157
0.518256 0.625267
0.519313 0.696184
0.519459 0.712179
0.521011 0.775948
0.521899 0.912791
0.522955 0.576531
0.523619 0.455733
0.526558 0.828942
0.526973 0.790007
0.530110 0.742203
0.530463 0.857086
0.530537 0.585071
0.532348 0.861311
0.534045 0.953091
0.534113 0.857218
0.536496 0.824986
0.537939 0.321595
0.540585 0.634965
0.542223 0.836620
0.543087 0.534243
0.545163 0.889983
0.547027 0.565931
0.547247 0.636188
0.547738 0.842650
0.548660 0.576286
0.549980 0.660685
0.550620 0.992629
0.550665 0.640494
0.552571 0.869046
0.553480 0.594893
0.554389 0.685552
0.558348 0.557053
0.562202 0.780231
0.562924 0.916679
0.563061 0.864606
0.564950 0.383097
0.565689 0.702169
0.566075 0.808231
0.566816 0.693302
0.567528 0.749348
0.571390 0.754194
0.573779 0.922694
0.575010 0.886292
0.575225 0.702823
0.576233 0.835723
0.580979 0.949441
0.581564 0.780999
0.583022 0.888229
0.584767 0.677876
0.584824 0.547268
0.595286 0.591655
0.595437 0.158809
0.596406 0.556590
0.600190 0.814961
0.607808 0.611945
0.609743 0.819128
0.610367 0.771276
0.611189 0.630833
0.611215 0.390245
0.612044 0.752624
0.618636 0.719023
0.623792 0.684067
0.628924 0.968221
0.629726 0.448761
0.629954 0.539317
0.631747 0.859921
0.636497 0.741637
0.641401 0.656373
0.645414 0.570545
0.647516 0.791576
0.647917 0.663798
0.647940 0.807457
0.649706 0.542961
0.652730 0.568637
0.653351 0.662340
0.653872 0.887931
0.659566 0.665102
0.659829 0.802461
0.662695 0.693967
0.666061 0.705583
0.668243 0.730685
0.670464 0.689982
0.674433 0.781535
0.676960 0.515864
0.686074 0.980876
0.686448 0.370324
0.686755 0.847804
0.689157 0.999463
0.695038 0.846499
0.697045 0.520232
0.702326 0.855244
0.703898 0.620763
0.707667 0.208606
0.709920 0.864977
0.719446 0.533634
0.721030 0.467509
0.737608 0.903790
0.737621 0.604045
0.741587 0.838773
0.752298 0.501832
0.755134 0.685721
0.770989 0.896163
0.793083 0.260854
0.794386 0.320962
0.799629 0.827155
0.809903 0.489875
0.827683 0.505645
0.832908 0.652455
0.848385 0.680559
0.848519 0.718614
0.856720 0.745366
0.856914 0.683772
0.872107 0.734017
0.879036 0.774684
0.938697 0.497919
1.000000 0.842008
