0.000000 0.287416
0.024126 0.236627
0.036502 0.381733
0.039309 0.019655
0.042920 0.529728
0.045542 0.218539
0.048199 0.236240
0.048572 0.295794
0.050121 0.282623
0.065805 0.526724
0.068543 0.411416
0.074036 0.358007
0.083304 0.643878
0.094039 0.661335
0.094940 0.293136
0.099850 0.189471
0.101589 0.250632
0.104901 0.245134
0.105248 0.437719
0.115271 0.331282
0.117053 0.335949
0.118484 0.502408
0.120088 0.371569
0.123144 0.228466
0.125409 0.510161
0.128694 0.345872
0.129332 0.347280
0.133207 0.257264
0.133993 0.470579
0.136434 0.282702
0.137055 0.262383
0.140420 0.446560
0.141411 0.497632
0.142602 0.384077
0.144176 0.219570
0.151992 0.363694
0.153867 0.252932
0.154823 0.528344
0.155319 0.234015
0.156005 0.529891
0.159840 0.209076
0.160526 0.310446
0.162058 0.415214
0.165448 0.209708
0.166247 0.233831
0.166929 0.596944
0.170754 0.482781
0.171459 0.136005
0.174062 0.205796
0.175915 0.390338
0.178705 0.452251
0.183946 0.372075
0.184060 0.412761
0.184417 0.309454
0.184527 0.394589
0.185627 0.535471
0.186294 0.712883
0.191192 0.155410
0.193639 0.257872
0.198433 0.369541
0.202433 0.433175
0.203504 0.278406
0.203811 0.372576
0.204025 0.811057
0.204682 0.391042
0.207627 0.314803
0.213887 0.274512
0.214273 0.481811
0.215688 0.301846
0.215766 0.115504
0.216893 0.430228
0.222870 0.203443
0.224198 0.152325
0.227718 0.387025
0.228399 0.185034
0.231140 0.552495
0.233564 0.256208
0.234463 0.332636
0.236867 0.134559
0.237678 0.443767
0.238128 0.281408
0.241528 0.044767
0.251290 0.147298
0.252986 0.473030
0.254182 0.220490
0.255213 0.315614
0.255321 0.297225
0.256530 0.489373
0.256664 0.486588
0.257258 0.068460
0.260348 0.640882
0.265813 0.379557
0.267952 0.198653
0.268022 0.197848
0.270403 0.114360
0.272157 0.310349
0.272332 0.424077
0.273509 0.498737
0.275943 0.856469
0.276362 0.249046
0.277503 0.087326
0.280569 0.095618
0.281470 0.219743
0.283030 0.241084
0.285032 0.184508
0.285333 0.337622
0.286313 0.388747
0.287869 0.139144
0.291539 0.137073
0.292197 0.140049
0.292852 0.246101
0.293605 0.359776
0.294900 0.161836
0.298963 0.338167
0.300501 0.364699
0.302046 0.370567
0.302959 0.580876
0.305094 0.224280
0.305332 0.305924
0.305517 0.067633
0.312207 0.343326
0.312820 0.308137
0.313078 0.183367
0.313703 0.512642
0.313846 0.349395
0.315799 0.072745
0.316433 0.154430
0.317295 0.349835
0.318752 0.156790
0.323979 0.229871
0.325939 0.448962
0.326502 0.325603
0.332695 0.363145
0.334047 0.601926
0.335329 0.097588
0.337308 0.458666
0.338212 0.146022
0.341044 0.147581
0.343162 0.254000
0.343467 0.143433
0.344455 0.380464
0.344820 0.259091
0.347733 0.016527
0.348746 0.197365
0.351234 0.165738
0.351279 0.111800
0.352145 0.226023
0.352304 0.156295
0.355991 1.000000
0.357553 0.106622
0.359258 0.247382
0.359366 0.406450
0.359406 0.378781
0.361694 0.109130
0.362559 0.299053
0.363219 0.413302
0.363756 0.222431
0.365939 0.251664
0.367161 0.277351
0.367363 0.056423
0.367870 0.118080
0.370464 0.389580
0.371813 0.429482
0.374165 0.342820
0.375331 0.847014
0.377289 0.217502
0.378809 0.285309
0.379600 0.194760
0.380379 0.000000
0.384569 0.455104
0.385293 0.111332
0.387157 0.281233
0.392204 0.094161
0.393832 0.214356
0.394024 0.210568
0.394967 0.240332
0.396247 0.391892
0.398206 0.452149
0.399707 0.286780
0.400903 0.394575
0.401717 0.139464
0.403446 0.190438
0.405913 0.128208
0.407753 0.360006
0.409063 0.441824
0.409437 0.239597
0.410471 0.331385
0.414880 0.138128
0.415109 0.503007
0.415492 0.402284
0.418647 0.267858
0.418720 0.094803
0.420185 0.226553
0.424495 0.625028
0.429876 0.058764
0.430308 0.267974
0.435623 0.568006
0.436048 0.446063
0.439073 0.336152
0.439241 0.105578
0.439408 0.532281
0.441088 0.721912
0.441218 0.431977
0.443219 0.201001
0.451032 0.546275
0.456330 0.547882
0.457089 0.377448
0.457888 0.421844
0.458190 0.309725
0.458521 0.048982
0.460554 0.256295
0.461286 0.293070
0.464156 0.301633
0.464903 0.274903
0.466625 0.525883
0.467505 0.378535
0.467613 0.167791
0.469246 0.136450
0.471484 0.356883
0.473937 0.379523
0.477832 0.301492
0.477850 0.493644
0.480869 0.085359
0.481399 0.371586
0.484379 0.421649
0.486981 0.247318
0.489513 0.296466
0.491844 0.502131
0.492701 0.275613
0.493053 0.221780
0.496607 0.319829
0.496796 0.118456
0.499026 0.409158
0.502248 0.152532
0.503899 0.298895
0.507885 0.180670
0.508001 0.267319
0.508270 0.249474
0.511383 0.641745
0.513388 0.313553
0.517303 0.271799
0.519560 0.317341
0.521985 0.421728
0.524012 0.357640
0.525620 0.199034
0.527414 0.292519
0.528536 0.339827
0.530835 0.448246
0.534469 0.425793
0.535913 0.506795
0.536244 0.192158
0.537968 0.398524
0.539906 0.366229
0.545206 0.279704
0.549374 0.405768
0.549536 0.269283
0.549565 0.320241
0.549742 0.300283
0.552343 0.436835
0.553958 0.245027
0.554051 0.303280
0.566284 0.594646
0.572863 0.504931
0.573603 0.208005
0.578395 0.371872
0.578636 0.168484
0.579016 0.574192
0.580990 0.300126
0.582997 0.460788
0.588532 0.279790
0.588841 0.706110
0.590702 0.316403
0.592036 0.576410
0.612539 0.113120
0.617192 0.206355
0.617835 0.395497
0.622042 0.471641
0.636690 0.455594
0.637806 0.491960
0.640591 0.271105
0.641865 0.540046
0.641880 0.550775
0.642953 0.207745
0.644020 0.496532
0.660740 0.618241
0.661928 0.500803
0.666450 0.268134
0.681784 0.319975
0.683062 0.321499
0.685700 0.454086
0.699925 0.254724
0.703933 0.190742
0.720533 0.233861
0.722921 0.438642
0.732978 0.419412
0.740885 0.131349
0.789975 0.268637
0.792815 0.145126
0.795992 0.270093
0.833755 0.050516
0.855446 0.184704
0.862568 0.482129
0.867312 0.314513
0.870393 0.090710
0.871429 0.233680
0.881454 0.471890
0.916192 0.141498
0.929490 0.161160
0.946248 0.417657
1.000000 0.380608
