0.000000 1.000000
0.059347 0.223197
0.080994 0.110854
0.098876 0.389300
0.105007 0.338192
0.114442 0.597364
0.120586 0.192655
0.136564 0.130863
0.147095 0.729766
0.166063 0.760042
0.180930 0.644166
0.185435 0.727720
0.188878 0.152059
0.198959 0.125293
0.200081 0.049368
0.202875 0.403948
0.213251 0.204086
0.215802 0.356499
0.221210 0.219908
0.223517 0.126839
0.225462 0.428755
0.227400 0.333828
0.227512 0.417000
0.227584 0.177639
0.227882 0.584019
0.229661 0.748560
0.231276 0.105334
0.231823 0.533804
0.234047 0.364115
0.234227 0.213900
0.234381 0.564421
0.235535 0.245632
0.237271 0.084789
0.241088 0.281523
0.241734 0.451966
0.242151 0.205353
0.242807 0.224394
0.244253 0.212313
0.247641 0.795039
0.251951 0.284943
0.253457 0.061288
0.255106 0.374676
0.257676 0.558781
0.261638 0.490316
0.263017 0.248680
0.263577 0.130296
0.263967 0.665884
0.265529 0.226588
0.265708 0.326063
0.268692 0.304060
0.269427 0.461098
0.273309 0.172071
0.273329 0.539692
0.277009 0.510626
0.279379 0.335708
0.279828 0.437020
0.280121 0.205194
0.280429 0.278627
0.281469 0.099885
0.281727 0.137521
0.283005 0.515350
0.284323 0.192939
0.291125 0.087784
0.292639 0.289621
0.296241 0.575939
0.296446 0.395314
0.297006 0.675716
0.298530 0.303127
0.307384 0.338743
0.307771 0.140239
0.308245 0.235420
0.309272 0.459096
0.309459 0.162323
0.311433 0.007286
0.311983 0.530274
0.312134 0.088133
0.312255 0.283945
0.312785 0.142327
0.313247 0.460412
0.314980 0.332680
0.315975 0.147717
0.317458 0.329212
0.318442 0.085095
0.318627 0.381254
0.319723 0.380811
0.319783 0.323503
0.319941 0.208145
0.321986 0.434872
0.322650 0.227619
0.323651 0.146407
0.326248 0.096281
0.327751 0.272778
0.328677 0.156942
0.330277 0.388902
0.331201 0.298996
0.331469 0.263335
0.332187 0.294088
0.334211 0.282764
0.334832 0.221418
0.337092 0.147875
0.337785 0.227608
0.338117 0.648272
0.339117 0.361120
0.341298 0.105816
0.342511 0.220024
0.342942 0.392805
0.343395 0.071347
0.344212 0.179102
0.344982 0.300800
0.345274 0.528503
0.347410 0.107586
0.347519 0.347702
0.349660 0.111996
0.349690 0.301823
0.350401 0.622023
0.350881 0.537669
0.352341 0.456510
0.352771 0.086713
0.352887 0.209138
0.354355 0.146482
0.355664 0.313037
0.356036 0.095449
0.356347 0.075038
0.357585 0.356973
0.357689 0.287023
0.359085 0.131786
0.359761 0.043926
0.360224 0.285339
0.360446 0.238724
0.361620 0.252383
0.361776 0.389923
0.363853 0.311105
0.365109 0.386150
0.365615 0.163067
0.365693 0.207285
0.366046 0.125254
0.366247 0.000000
0.367718 0.130665
0.367785 0.342428
0.368923 0.282257
0.369209 0.184549
0.370672 0.224814
0.370743 0.410809
0.371607 0.188823
0.371620 0.117597
0.373123 0.482530
0.373654 0.127098
0.373806 0.358430
0.373837 0.150726
0.374739 0.241879
0.375805 0.191482
0.376964 0.061880
0.377004 0.367282
0.378109 0.458653
0.378690 0.241933
0.380177 0.465682
0.380240 0.254097
0.381021 0.102374
0.381282 0.118368
0.381698 0.286925
0.381793 0.503403
0.381911 0.078766
0.382829 0.145278
0.384800 0.155475
0.384953 0.538851
0.385014 0.213004
0.386184 0.030878
0.387095 0.112294
0.387252 0.382106
0.387404 0.208599
0.388006 0.313323
0.388957 0.105451
0.389149 0.283786
0.389228 0.257844
0.390074 0.018164
0.390958 0.297077
0.391077 0.075399
0.393581 0.415795
0.394688 0.221417
0.395587 0.030199
0.395787 0.178542
0.396221 0.066732
0.396599 0.205460
0.397062 0.083738
0.397064 0.222603
0.397707 0.114128
0.397885 0.118962
0.401124 0.132008
0.401515 0.105737
0.402009 0.287182
0.402057 0.262213
0.403090 0.108104
0.403651 0.239980
0.404336 0.085016
0.405075 0.308475
0.405105 0.256852
0.405755 0.154200
0.406161 0.298262
0.406999 0.132553
0.407027 0.405660
0.408254 0.185038
0.408638 0.203573
0.408683 0.243368
0.408880 0.300402
0.409728 0.382554
0.410034 0.182925
0.410432 0.150377
0.410805 0.134455
0.411160 0.139800
0.411205 0.046759
0.412849 0.174431
0.413459 0.128752
0.413519 0.259066
0.413933 0.098247
0.414387 0.295035
0.415792 0.268034
0.416890 0.362122
0.417586 0.103887
0.417629 0.202966
0.417813 0.147152
0.418911 0.303852
0.419342 0.297447
0.420135 0.337285
0.420311 0.059105
0.420331 0.085855
0.420460 0.276089
0.421094 0.122827
0.422001 0.521013
0.422103 0.245791
0.422154 0.307253
0.422210 0.082529
0.422492 0.342204
0.422516 0.183392
0.422782 0.147531
0.424171 0.258355
0.424221 0.235629
0.425180 0.268686
0.425269 0.130013
0.425626 0.169148
0.425730 0.150878
0.425839 0.083435
0.426107 0.179587
0.427585 0.088019
0.427656 0.058545
0.427714 0.311000
0.427742 0.280057
0.427775 0.247677
0.427953 0.177163
0.430435 0.216897
0.430955 0.044215
0.432849 0.307555
0.434658 0.235498
0.435110 0.430449
0.436158 0.204570
0.436180 0.421893
0.436371 0.133336
0.436615 0.151906
0.436760 0.354993
0.436943 0.166406
0.437989 0.078768
0.438138 0.110398
0.439029 0.313281
0.440404 0.095320
0.440799 0.312390
0.440893 0.409210
0.441084 0.219456
0.441871 0.116456
0.443374 0.172542
0.443762 0.183299
0.444303 0.267580
0.444507 0.299082
0.445089 0.248467
0.445166 0.170049
0.445529 0.153121
0.446779 0.298661
0.446794 0.362333
0.447268 0.209819
0.448461 0.287191
0.448571 0.140686
0.448772 0.153878
0.449614 0.226504
0.450114 0.328727
0.450209 0.179725
0.450512 0.069816
0.451266 0.248075
0.451859 0.156199
0.451934 0.338753
0.452522 0.103841
0.452965 0.245529
0.453442 0.180622
0.453928 0.341418
0.454494 0.391167
0.454542 0.295060
0.456356 0.110609
0.456936 0.351022
0.457785 0.175680
0.458282 0.385890
0.458344 0.191484
0.458445 0.324410
0.458959 0.150753
0.459792 0.135135
0.460184 0.068859
0.460639 0.191990
0.460665 0.192038
0.461138 0.256196
0.462625 0.167937
0.462659 0.110008
0.462820 0.053613
0.463057 0.029405
0.463084 0.180501
0.463943 0.100060
0.464031 0.133642
0.464199 0.069091
0.464515 0.246285
0.464717 0.406726
0.464800 0.417497
0.465645 0.101412
0.467164 0.135741
0.467466 0.180057
0.467469 0.063580
0.467531 0.336533
0.468427 0.180365
0.468689 0.102301
0.469241 0.347801
0.469531 0.317925
0.469611 0.213482
0.469851 0.145054
0.470428 0.398740
0.472450 0.186461
0.472813 0.126576
0.473165 0.480408
0.473783 0.174625
0.474952 0.099994
0.475668 0.090352
0.475732 0.262492
0.476325 0.294148
0.476651 0.121190
0.477876 0.096698
0.478072 0.088012
0.478469 0.271679
0.478621 0.177967
0.479627 0.030950
0.480014 0.227613
0.480100 0.097107
0.481934 0.273664
0.482292 0.305860
0.482300 0.242655
0.482392 0.088783
0.482421 0.183815
0.482911 0.173217
0.483274 0.243899
0.483454 0.149007
0.483550 0.061365
0.483964 0.174494
0.484728 0.092473
0.486130 0.106771
0.486344 0.368598
0.487108 0.271562
0.487202 0.114807
0.488909 0.118087
0.489022 0.241575
0.489160 0.072943
0.490069 0.247522
0.491576 0.182841
0.491816 0.470722
0.492200 0.065317
0.492552 0.265188
0.492659 0.086474
0.493339 0.059243
0.493873 0.359134
0.494096 0.200544
0.494146 0.106386
0.494149 0.061437
0.494230 0.101011
0.494831 0.119616
0.495170 0.108131
0.495429 0.254851
0.495638 0.286954
0.495897 0.365087
0.496412 0.317752
0.497338 0.309418
0.497405 0.120105
0.497729 0.424727
0.498063 0.061295
0.498129 0.171498
0.498166 0.300557
0.498412 0.219715
0.498872 0.080618
0.498947 0.290822
0.499679 0.133920
0.500041 0.161753
0.500075 0.402400
0.500727 0.165313
0.500748 0.096707
0.500923 0.177962
0.501001 0.148191
0.501207 0.034119
0.501361 0.265118
0.501402 0.148151
0.501677 0.096974
0.502224 0.286073
0.502335 0.183258
0.502399 0.009116
0.503748 0.265017
0.504004 0.385490
0.505289 0.220327
0.505835 0.142660
0.506704 0.203627
0.506884 0.395128
0.507044 0.331290
0.507115 0.186968
0.507588 0.058853
0.507898 0.115296
0.508576 0.359325
0.508679 0.175685
0.509542 0.280823
0.509602 0.091297
0.510465 0.102310
0.510472 0.274147
0.510846 0.331587
0.512108 0.210335
0.512177 0.291510
0.512480 0.425436
0.512571 0.197755
0.513601 0.039205
0.514452 0.308488
0.514771 0.090071
0.514859 0.333349
0.514893 0.239701
0.515463 0.275643
0.515580 0.134899
0.515928 0.119490
0.517027 0.192040
0.517374 0.028581
0.518119 0.127641
0.518252 0.080547
0.518825 0.044771
0.519003 0.359914
0.519870 0.279951
0.520071 0.118008
0.520688 0.160419
0.520726 0.090297
0.520755 0.128293
0.522208 0.134545
0.522354 0.218808
0.522442 0.276034
0.522442 0.269931
0.524697 0.274119
0.524699 0.245891
0.525472 0.094154
0.526448 0.296036
0.526589 0.128411
0.526841 0.094384
0.527496 0.334989
0.528754 0.203815
0.528767 0.294500
0.528854 0.018457
0.529128 0.186403
0.529181 0.167376
0.529309 0.387321
0.529851 0.048296
0.530138 0.249417
0.530561 0.393241
0.530566 0.022725
0.530725 0.105048
0.531108 0.066499
0.531470 0.179760
0.533018 0.063046
0.533945 0.038238
0.534960 0.107419
0.535027 0.275187
0.535340 0.347841
0.535542 0.170362
0.537553 0.133271
0.537761 0.094974
0.539234 0.167947
0.539665 0.107204
0.540670 0.112863
0.540950 0.257414
0.541362 0.172135
0.541399 0.127752
0.541659 0.107602
0.541701 0.306561
0.541792 0.292077
0.541832 0.309914
0.542442 0.044011
0.542444 0.200677
0.542668 0.093144
0.542736 0.102858
0.543192 0.134383
0.543555 0.062182
0.544961 0.084806
0.545223 0.296659
0.547081 0.143181
0.547915 0.139919
0.548105 0.130307
0.548621 0.199514
0.548961 0.104110
0.549430 0.061195
0.550360 0.105658
0.551360 0.204893
0.551558 0.251240
0.552829 0.105298
0.553470 0.103078
0.553786 0.218589
0.554591 0.208408
0.555432 0.045733
0.555882 0.066366
0.556432 0.110560
0.556946 0.082748
0.558134 0.163108
0.560305 0.071729
0.560544 0.105817
0.560560 0.134349
0.561276 0.102911
0.561453 0.243125
0.562221 0.149332
0.563636 0.072799
0.564723 0.261446
0.564774 0.084424
0.565011 0.139066
0.566643 0.203769
0.567144 0.016638
0.567691 0.098115
0.567795 0.253795
0.567998 0.016966
0.569480 0.191209
0.570992 0.179065
0.571378 0.255799
0.571506 0.168909
0.571514 0.353199
0.572373 0.169184
0.573109 0.179972
0.574481 0.028954
0.574552 0.032396
0.574759 0.081230
0.575303 0.072180
0.575559 0.114349
0.575938 0.042685
0.576034 0.143598
0.576125 0.247773
0.576203 0.099198
0.577116 0.233930
0.577235 0.240727
0.577316 0.149087
0.577551 0.208336
0.577971 0.143311
0.578933 0.111783
0.579217 0.064406
0.579725 0.219637
0.580571 0.070971
0.581098 0.025966
0.581512 0.270987
0.581576 0.188952
0.581745 0.149556
0.581770 0.278839
0.582071 0.105416
0.583331 0.168378
0.583414 0.193552
0.583897 0.149745
0.583925 0.209467
0.584717 0.110363
0.584917 0.159678
0.585758 0.266589
0.586205 0.190343
0.586644 0.188676
0.588213 0.059161
0.588890 0.216745
0.588928 0.123353
0.590257 0.256306
0.590835 0.126649
0.591570 0.187791
0.591789 0.177130
0.591856 0.233178
0.592047 0.243262
0.592082 0.076020
0.592608 0.108204
0.593150 0.156538
0.593427 0.230298
0.593714 0.119753
0.593935 0.263414
0.593969 0.029358
0.594855 0.184840
0.596086 0.081858
0.597533 0.201979
0.597950 0.185111
0.601541 0.220910
0.603439 0.068472
0.603674 0.007941
0.604071 0.037620
0.605460 0.078625
0.607596 0.198202
0.607775 0.097941
0.607812 0.064489
0.608041 0.029750
0.608286 0.078323
0.608521 0.377404
0.609105 0.112709
0.609965 0.222796
0.610494 0.144251
0.611419 0.053329
0.611698 0.089912
0.611711 0.235082
0.612397 0.209777
0.612771 0.161099
0.613428 0.119934
0.613627 0.240109
0.613849 0.247263
0.614326 0.097135
0.614366 0.105493
0.615725 0.181159
0.615935 0.170883
0.616164 0.069218
0.616214 0.089406
0.616306 0.248349
0.616727 0.038959
0.616748 0.132053
0.616902 0.145992
0.617054 0.148275
0.617212 0.260891
0.617642 0.044882
0.618459 0.219797
0.619653 0.102898
0.621083 0.090881
0.623077 0.094132
0.623599 0.129984
0.623693 0.025068
0.625160 0.334966
0.625173 0.128010
0.625626 0.070850
0.625882 0.213137
0.625950 0.157490
0.626235 0.030010
0.627449 0.057381
0.629006 0.068084
0.629548 0.157661
0.629825 0.100585
0.630039 0.280909
0.630390 0.244817
0.630585 0.278261
0.630641 0.172383
0.630673 0.047040
0.631344 0.087140
0.631770 0.241773
0.631983 0.062412
0.632464 0.167472
0.632987 0.045440
0.633499 0.049052
0.634644 0.084685
0.635898 0.144266
0.636997 0.034185
0.637735 0.077695
0.637909 0.136661
0.639638 0.039652
0.639664 0.096844
0.639908 0.083445
0.640307 0.203136
0.640533 0.029652
0.643038 0.111758
0.643492 0.307999
0.643653 0.240630
0.644674 0.197635
0.645111 0.291341
0.645127 0.159477
0.645812 0.226701
0.646213 0.118865
0.647244 0.182625
0.647827 0.152070
0.648012 0.101445
0.648129 0.109680
0.649346 0.225377
0.649374 0.122093
0.649822 0.224409
0.651340 0.066579
0.651800 0.095360
0.653523 0.194993
0.653983 0.137936
0.656644 0.063484
0.657002 0.267779
0.658709 0.054133
0.659885 0.138434
0.660742 0.105567
0.661437 0.155127
0.661763 0.233548
0.662478 0.122846
0.662807 0.124173
0.664793 0.310415
0.665078 0.066036
0.665207 0.238698
0.666648 0.084573
0.667595 0.196418
0.668936 0.206300
0.669478 0.052640
0.669514 0.159954
0.670106 0.034422
0.670829 0.222461
0.670834 0.040776
0.673004 0.154920
0.673210 0.111115
0.675463 0.046659
0.675513 0.094349
0.676859 0.095442
0.677116 0.199398
0.678751 0.076103
0.678900 0.154198
0.679632 0.159289
0.680687 0.248192
0.681185 0.197747
0.681797 0.114590
0.682567 0.140771
0.683188 0.088664
0.683597 0.117803
0.683782 0.110895
0.684693 0.116248
0.687625 0.205219
0.688326 0.083339
0.688390 0.192165
0.688913 0.263448
0.691814 0.147684
0.692028 0.171819
0.692471 0.083368
0.692889 0.149047
0.694686 0.180049
0.697478 0.091759
0.697591 0.133056
0.697869 0.233720
0.698341 0.044181
0.698505 0.114271
0.698596 0.238301
0.699669 0.089647
0.700060 0.147556
0.700163 0.089236
0.700178 0.058653
0.700231 0.095899
0.701557 0.054233
0.702729 0.089244
0.702868 0.071731
0.703285 0.084046
0.705374 0.126810
0.706288 0.064228
0.708621 0.071969
0.709957 0.124805
0.710300 0.156595
0.710378 0.023665
0.711444 0.040907
0.711895 0.173753
0.712604 0.144487
0.712976 0.083138
0.714104 0.144558
0.714139 0.087671
0.714340 0.083183
0.715344 0.088306
0.717288 0.027184
0.718087 0.212150
0.718203 0.240392
0.718564 0.105763
0.719513 0.127801
0.719531 0.157737
0.720613 0.136495
0.720706 0.145598
0.723158 0.251665
0.723669 0.064151
0.725664 0.040439
0.726502 0.118237
0.726810 0.063429
0.726997 0.086348
0.728290 0.046615
0.729097 0.042518
0.729355 0.174210
0.730226 0.024748
0.730742 0.176324
0.733650 0.149469
0.734175 0.126120
0.734714 0.097122
0.735479 0.063830
0.736354 0.156297
0.736710 0.051280
0.736918 0.236589
0.738792 0.105702
0.739561 0.054482
0.741066 0.076147
0.742308 0.046258
0.743970 0.185863
0.745100 0.090975
0.745801 0.067330
0.745994 0.119063
0.746991 0.227962
0.747089 0.196586
0.749287 0.093449
0.751588 0.206974
0.757830 0.049181
0.758420 0.077988
0.761575 0.149256
0.763572 0.169948
0.764449 0.081875
0.765942 0.034201
0.766227 0.122297
0.766297 0.050423
0.766929 0.175766
0.770598 0.136146
0.773957 0.168348
0.774712 0.101866
0.775041 0.167589
0.776063 0.104160
0.776064 0.080416
0.776201 0.066585
0.776707 0.073885
0.776775 0.093284
0.777038 0.121227
0.779302 0.053649
0.781687 0.082400
0.784610 0.048002
0.785374 0.150380
0.787341 0.151499
0.789497 0.093676
0.791156 0.115602
0.796052 0.010641
0.799388 0.167781
0.800367 0.055402
0.803846 0.035924
0.805423 0.048680
0.807676 0.073828
0.811039 0.072066
0.811572 0.088591
0.814428 0.086782
0.814736 0.085343
0.814825 0.187132
0.818184 0.116872
0.819486 0.080630
0.820414 0.068012
0.821067 0.053083
0.825695 0.034619
0.826959 0.100316
0.828448 0.115048
0.829386 0.152804
0.829581 0.070220
0.834307 0.122045
0.837142 0.089071
0.838016 0.031487
0.851776 0.075388
0.854288 0.127563
0.855164 0.147487
0.866542 0.165733
0.872154 0.160949
0.874168 0.162405
0.882448 0.112878
0.883954 0.180172
0.884366 0.084229
0.885674 0.143106
0.888857 0.176141
0.895466 0.093445
0.919374 0.129789
0.930258 0.044317
0.935191 0.187574
0.965596 0.082292
1.000000 0.064911
