0.000000 0.652792
0.004674 0.416140
0.005499 0.466277
0.005858 0.501987
0.006970 0.000000
0.007735 0.569698
0.007965 0.356018
0.009175 0.475829
0.010032 0.548054
0.011371 0.618959
0.011729 0.559071
0.014944 0.608442
0.022222 0.343894
0.024138 0.460082
0.026124 0.284761
0.028653 0.631385
0.029822 0.346771
0.030945 0.658162
0.031638 0.592260
0.032185 0.530825
0.032729 0.466844
0.033505 0.609667
0.036025 0.587862
0.041253 0.595683
0.042581 0.695180
0.046588 0.437424
0.048791 0.555015
0.048875 0.477329
0.049193 0.591848
0.049544 0.591865
0.051374 0.473234
0.054347 0.479277
0.055554 0.538084
0.055948 0.648984
0.058510 0.418793
0.063237 0.677464
0.064492 0.458356
0.066286 0.512858
0.069145 0.535286
0.069159 0.483922
0.070200 0.639091
0.076180 0.579105
0.078052 0.575310
0.079171 0.620977
0.079432 0.667142
0.081645 0.582362
0.087793 0.650017
0.088971 0.653211
0.090865 0.567844
0.094385 0.550940
0.099039 0.658463
0.100850 0.699402
0.108861 0.752387
0.109936 0.685597
0.110427 0.592374
0.111340 0.657442
0.113794 0.651576
0.118551 0.693066
0.118821 0.607638
0.118948 0.717815
0.123448 0.658847
0.126297 0.685223
0.126861 0.629090
0.127085 0.643386
0.128138 0.674707
0.128540 0.665600
0.129079 0.668367
0.138549 0.609058
0.140032 0.572773
0.140397 0.843855
0.140987 0.759328
0.142819 0.621508
0.143008 0.667070
0.143672 0.579667
0.144956 0.695569
0.153004 0.683508
0.153179 0.661412
0.159188 0.643255
0.159468 0.618876
0.164842 0.698688
0.167291 0.687991
0.168507 0.635406
0.168947 0.659379
0.173802 0.629487
0.174481 0.667729
0.175235 0.689801
0.175708 0.642940
0.177839 0.635936
0.184811 0.629610
0.189222 0.729859
0.189481 0.713110
0.192609 0.639088
0.196111 0.774072
0.196229 0.651661
0.200133 0.693474
0.200357 0.729732
0.204116 0.716309
0.208848 0.731430
0.212628 0.721738
0.213311 0.682777
0.214933 0.688830
0.215279 0.730619
0.219305 0.699706
0.222720 0.726104
0.223216 0.722547
0.223945 0.769763
0.224829 0.772431
0.226401 0.745137
0.227770 0.685212
0.228760 0.749797
0.229551 0.693493
0.232220 0.772231
0.232316 0.714046
0.233608 0.783874
0.233731 0.687736
0.236413 0.752228
0.237379 0.696629
0.238100 0.730231
0.242345 0.759086
0.244225 0.779730
0.247783 0.729014
0.248148 0.718409
0.250142 0.732252
0.253644 0.728691
0.255664 0.716404
0.259428 0.790155
0.260113 0.736763
0.261235 0.775990
0.263853 0.807287
0.264808 0.718277
0.267746 0.714390
0.268437 0.832069
0.268913 0.777151
0.269287 0.716960
0.269735 0.723475
0.270203 0.704914
0.270933 0.759435
0.271556 0.747152
0.272454 0.749506
0.273884 0.765485
0.278518 0.734171
0.278614 0.710339
0.279401 0.711985
0.279912 0.723179
0.281890 0.801102
0.286489 0.758722
0.288810 0.861267
0.291573 0.785060
0.293420 0.784963
0.295173 0.748805
0.297865 0.753774
0.299378 0.749557
0.300642 0.846383
0.300746 0.784256
0.301991 0.819316
0.306813 0.734906
0.312176 0.739738
0.314770 0.753126
0.316781 0.779752
0.317505 0.736281
0.317924 0.779987
0.330904 0.791383
0.332641 0.753137
0.334507 0.897729
0.339778 0.764943
0.346521 0.788181
0.346568 0.795330
0.348588 0.863839
0.353637 0.856953
0.357975 0.771231
0.360478 0.853502
0.363193 0.767154
0.366116 0.835010
0.368296 0.782847
0.368371 0.778085
0.368917 0.772447
0.369070 0.792461
0.369223 0.767965
0.370844 0.843156
0.372675 0.771259
0.374376 0.773673
0.377427 0.810198
0.378751 0.800608
0.381389 0.833239
0.382120 0.819136
0.383955 0.833186
0.384012 0.820810
0.385722 0.796265
0.387461 0.822499
0.395600 0.805723
0.401240 0.816062
0.403192 0.811472
0.406045 0.854093
0.406924 0.794774
0.406934 0.819483
0.408633 0.807030
0.410568 0.791514
0.417788 0.815451
0.419083 0.901506
0.419109 0.793892
0.421640 0.849672
0.422172 0.820303
0.425589 0.825701
0.426044 0.846436
0.430927 0.837118
0.437237 0.818039
0.438866 0.803806
0.439127 0.826104
0.439675 0.854682
0.440279 0.865852
0.449301 0.828736
0.452233 0.814639
0.452395 0.854759
0.455417 0.823768
0.460724 0.833101
0.464891 0.841131
0.469045 0.871268
0.469536 0.823419
0.472041 0.849772
0.473151 0.821385
0.474952 0.818886
0.479043 0.876622
0.487741 0.837681
0.488510 0.832560
0.488608 0.919434
0.488906 0.843119
0.489558 0.886080
0.496360 0.835056
0.500362 0.831599
0.505217 0.831411
0.507581 0.871691
0.510495 0.864899
0.510543 0.878565
0.511530 0.843397
0.513291 0.870004
0.514528 0.888165
0.515122 0.861102
0.521653 0.838825
0.521824 0.837039
0.523479 0.862703
0.526266 0.849822
0.528748 0.859093
0.528995 0.838512
0.535367 0.867940
0.540992 0.880097
0.543727 0.879984
0.544680 0.874547
0.546064 0.896516
0.547241 0.847317
0.548813 0.860384
0.552529 0.846042
0.554119 0.889934
0.555115 0.885390
0.555168 0.895209
0.558098 0.884777
0.558846 0.865401
0.561783 0.871321
0.562349 0.887049
0.566718 0.851143
0.571217 0.856809
0.573924 0.854772
0.581424 0.859694
0.583118 0.887741
0.584725 0.881106
0.592095 0.887673
0.593391 0.890971
0.593983 0.904329
0.595193 0.924434
0.597849 0.870424
0.600932 0.902344
0.602322 0.898695
0.603435 0.878184
0.608161 0.910986
0.612333 0.944352
0.612992 0.870918
0.613022 0.897374
0.613901 0.895855
0.614169 0.889478
0.614390 0.896261
0.614469 0.879881
0.618670 0.868995
0.620516 0.891053
0.621232 0.885799
0.624163 0.887695
0.625224 0.871494
0.628094 0.890302
0.631131 0.884481
0.632854 0.918691
0.633114 0.913538
0.635091 0.897018
0.638333 0.880553
0.639189 0.897570
0.639344 0.885836
0.642165 0.908110
0.644971 0.895312
0.645864 0.905772
0.648039 0.882932
0.650201 0.922666
0.650235 0.886356
0.652290 0.905463
0.652403 0.902955
0.653719 0.907202
0.657130 0.938101
0.658607 0.928345
0.659306 0.901980
0.661120 0.910345
0.663803 0.889428
0.664803 0.883405
0.665508 0.918408
0.668041 0.920452
0.670025 0.911897
0.670054 0.922498
0.672067 0.909977
0.672388 0.907177
0.674724 0.906369
0.675917 0.898422
0.676456 0.916815
0.676545 0.895989
0.677949 0.946977
0.678220 0.911674
0.678914 0.931577
0.682136 0.924205
0.684820 0.909012
0.693516 0.921893
0.695730 0.920567
0.697037 0.905136
0.698509 0.916942
0.700639 0.906268
0.702852 0.899515
0.706104 0.903110
0.706249 0.906341
0.706714 0.940454
0.710242 0.914048
0.712187 0.925919
0.712320 0.917509
0.715055 0.901711
0.715845 0.922966
0.716860 0.925153
0.719833 0.919999
0.721034 0.935149
0.721557 0.946300
0.731351 0.905153
0.732740 0.912769
0.735948 0.910048
0.737000 0.924774
0.739251 0.920857
0.739702 0.923578
0.742272 0.913360
0.745297 0.936921
0.745392 0.922965
0.745941 0.909065
0.748140 0.944626
0.750113 0.912963
0.750502 0.918728
0.757046 0.923607
0.763734 0.934994
0.764505 0.924289
0.765826 0.949555
0.767589 0.945226
0.767660 0.933886
0.771383 0.979993
0.772686 0.917490
0.775035 0.936161
0.775041 0.925969
0.776016 0.926773
0.780405 0.946555
0.788298 0.927720
0.788818 0.919208
0.789756 0.919058
0.790485 0.930353
0.793375 0.944837
0.794903 0.936756
0.800328 0.925783
0.816230 0.950322
0.821177 0.964680
0.822684 0.931833
0.824214 0.946381
0.825483 0.970050
0.828281 0.936583
0.829211 0.931116
0.829816 0.936189
0.829921 0.936261
0.831042 0.932807
0.831391 0.951417
0.834267 0.939399
0.834353 0.969058
0.834685 0.946895
0.835132 0.934865
0.835226 0.935897
0.836205 0.959144
0.836610 0.935711
0.838482 0.941347
0.839006 0.933773
0.842421 0.938695
0.844468 0.982766
0.844475 0.965960
0.856034 0.947970
0.857552 0.971529
0.857571 0.963256
0.858507 0.939809
0.859401 0.962937
0.864964 0.957678
0.868061 0.939947
0.868450 0.939054
0.872676 0.945560
0.876517 0.960223
0.877830 0.955416
0.879446 0.961585
0.884682 0.950455
0.885876 0.968994
0.886650 0.968189
0.887684 0.958451
0.888539 0.952025
0.889281 0.946758
0.893830 0.962695
0.896047 0.946014
0.898718 0.952059
0.902848 0.945927
0.905475 0.954882
0.908491 0.955146
0.908519 0.950653
0.912182 0.969735
0.915366 0.949766
0.926951 0.967332
0.928598 0.958844
0.930974 0.960897
0.932968 0.959858
0.938374 0.968755
0.940375 0.990658
0.940592 0.972419
0.941552 0.989635
0.946242 0.966158
0.950200 0.959250
0.950858 0.971399
0.953925 0.959961
0.953946 0.977831
0.955829 0.971886
0.957009 0.993856
0.958607 0.963064
0.959825 0.960725
0.960458 0.983704
0.961591 0.986244
0.962327 0.986183
0.964897 0.965957
0.968250 0.971739
0.971063 0.966233
0.975379 0.963427
0.975564 0.966885
0.977782 0.980561
0.981554 0.986217
0.982018 0.967467
0.984722 0.971060
0.987590 0.988151
0.990053 0.972604
0.991459 0.987856
0.999251 0.976142
1.000000 1.000000
