0.000000 0.106625
0.000363 0.436112
0.001824 0.744804
0.004082 0.556371
0.006450 0.636804
0.006525 0.490587
0.009693 0.509675
0.013171 0.737729
0.013641 0.517004
0.015163 0.327499
0.016760 0.000000
0.018107 0.245608
0.018267 0.800581
0.022174 0.431709
0.022468 0.491315
0.022490 0.591647
0.023345 0.378532
0.026663 0.142607
0.028802 0.370105
0.028948 0.657266
0.029806 0.389652
0.032183 0.398247
0.033140 0.743804
0.033148 0.517125
0.037117 0.294156
0.038674 0.508811
0.039103 0.850441
0.040995 0.390448
0.041245 0.672304
0.041930 0.445020
0.042998 0.360111
0.043440 0.319021
0.045672 0.450090
0.047102 0.406998
0.050095 0.694226
0.050488 0.657267
0.050986 0.436547
0.051799 0.684776
0.054834 0.708468
0.061282 0.242621
0.062435 0.391081
0.065988 0.623447
0.068764 0.627947
0.070526 0.223101
0.073433 0.319487
0.077180 0.597867
0.081391 0.361702
0.081477 0.476473
0.082832 0.378246
0.083376 0.745261
0.084811 0.568185
0.085081 0.453766
0.087273 0.525443
0.091220 0.675452
0.091988 0.470643
0.092495 0.414958
0.093658 0.390131
0.098636 0.426827
0.098778 0.423494
0.099972 0.517733
0.102340 0.689976
0.103766 0.482008
0.103941 0.634272
0.104101 0.545123
0.104180 0.672426
0.110207 0.512150
0.110363 0.678218
0.112127 0.624186
0.113218 0.552931
0.116768 0.780162
0.118288 0.357491
0.119051 0.349308
0.119197 0.386266
0.121012 0.532894
0.123562 0.569637
0.123642 0.448620
0.126073 0.570889
0.126696 0.729848
0.127702 0.597060
0.127778 0.440374
0.128812 0.472899
0.130291 0.565047
0.132114 0.632210
0.133086 0.527544
0.135940 0.592294
0.136002 0.804526
0.136857 0.455163
0.139296 0.664570
0.141093 0.505114
0.142991 0.552908
0.143326 0.667035
0.143408 0.571935
0.147125 0.673243
0.147515 0.569420
0.150581 0.586227
0.150683 0.381830
0.150746 0.519003
0.150920 0.584759
0.152257 0.645691
0.155322 0.720528
0.156906 0.602032
0.158427 0.578855
0.159198 0.597839
0.163225 0.769519
0.163343 0.468552
0.163624 0.507001
0.164783 0.388840
0.165446 0.443054
0.168915 0.543546
0.172324 0.582368
0.175034 0.622448
0.179169 0.574714
0.181569 0.633389
0.182438 0.745119
0.184257 0.501561
0.186941 0.588232
0.187134 0.562020
0.189406 0.586475
0.191029 0.669222
0.191718 0.528230
0.192383 0.439991
0.193218 0.454614
0.195902 0.581138
0.196869 0.454251
0.200729 0.603214
0.202037 0.493309
0.203747 0.443588
0.207067 0.525910
0.210788 0.708514
0.214027 0.560846
0.216785 0.724151
0.217907 0.615528
0.220112 0.695345
0.221606 0.671470
0.222279 0.614583
0.222346 0.645555
0.223939 0.703565
0.227129 0.532112
0.227206 0.462654
0.228912 0.529110
0.229417 0.700882
0.231049 0.653687
0.232421 0.685395
0.236235 0.620579
0.237855 0.506783
0.244104 0.604928
0.244615 0.792037
0.249743 0.743906
0.250108 0.584057
0.252536 0.485430
0.254212 0.642286
0.260480 0.506011
0.261062 0.716407
0.264167 0.741247
0.267291 0.558704
0.268338 0.700961
0.270224 0.620473
0.271301 0.661372
0.274310 0.553218
0.275932 0.522248
0.276182 0.516872
0.276369 0.504576
0.279538 0.601265
0.279803 0.582651
0.283283 0.732592
0.283818 0.623982
0.286589 0.653329
0.295057 0.657086
0.296726 0.669347
0.298556 0.679333
0.299000 0.679956
0.300455 0.701722
0.302363 0.678353
0.302618 0.586347
0.305230 0.776256
0.307111 0.635154
0.308547 0.596796
0.310360 0.536281
0.312666 0.695326
0.313603 0.630582
0.314609 0.743825
0.315022 0.636697
0.317067 0.683575
0.318572 0.726015
0.325963 0.597126
0.326728 0.678666
0.327173 0.710077
0.328461 0.740639
0.329855 0.696953
0.333917 0.616573
0.335009 0.682179
0.335564 0.600073
0.336021 0.692793
0.336245 0.581729
0.339485 0.652111
0.341734 0.773828
0.342437 0.706284
0.342491 0.707646
0.342563 0.636317
0.343955 0.696433
0.344055 0.796755
0.344071 0.752161
0.345749 0.747395
0.347484 0.637325
0.348379 0.636325
0.350997 0.637984
0.351037 0.789208
0.352585 0.647503
0.354082 0.650524
0.354962 0.737584
0.357685 0.642349
0.358136 0.680514
0.358408 0.590067
0.360905 0.677602
0.362359 0.662995
0.363437 0.602097
0.363708 0.653134
0.367576 0.653147
0.369277 0.686956
0.373183 0.601478
0.373426 0.618347
0.374295 0.745067
0.375931 0.614520
0.380582 0.588116
0.382103 0.610666
0.384833 0.696847
0.389319 0.793830
0.389835 0.613536
0.389861 0.659661
0.390005 0.672229
0.391473 0.780172
0.391731 0.729514
0.394022 0.691115
0.397495 0.795184
0.398596 0.742809
0.400308 0.799280
0.405508 0.613718
0.405903 0.734162
0.407657 0.677768
0.408493 0.661597
0.409013 0.811234
0.411095 0.645775
0.411129 0.746521
0.412769 0.751941
0.413128 0.776527
0.415506 0.688900
0.416588 0.627200
0.418063 0.747081
0.420535 0.632623
0.422584 0.737024
0.425998 0.611227
0.428159 0.661068
0.428437 0.849489
0.429284 0.704651
0.430153 0.701989
0.431192 0.713542
0.434205 0.659131
0.435861 0.635595
0.436537 0.726296
0.437209 0.614223
0.438669 0.642731
0.440169 0.728207
0.442708 0.710018
0.443558 0.713174
0.448084 0.655671
0.449073 0.663063
0.453087 0.632290
0.456440 0.799966
0.457402 0.706843
0.457717 0.648844
0.459847 0.624155
0.460515 0.672013
0.460947 0.648294
0.464730 0.652919
0.466044 0.761089
0.467871 0.723372
0.473003 0.659496
0.474558 0.745540
0.474682 0.739214
0.475015 0.640612
0.479542 0.642037
0.480476 0.695108
0.481235 0.655402
0.484895 0.723332
0.485589 0.693814
0.486675 0.761537
0.486945 0.714285
0.487586 0.837160
0.491893 0.642688
0.492410 0.719110
0.493408 0.764961
0.495255 0.727119
0.495319 0.674175
0.495862 0.751178
0.497415 0.673884
0.497740 0.715331
0.501788 0.733055
0.504258 0.838387
0.507739 0.690201
0.510102 0.721061
0.510208 0.653159
0.513529 0.753168
0.514181 0.673287
0.515454 0.740340
0.517828 0.669660
0.520329 0.704490
0.520767 0.792067
0.520853 0.706979
0.521671 0.766543
0.527922 0.656282
0.530752 0.742489
0.536679 0.695160
0.537496 0.780742
0.538513 0.680049
0.543756 0.696988
0.544393 0.868510
0.548389 0.754468
0.551928 0.760335
0.554509 0.783839
0.557630 0.722180
0.561091 0.772918
0.563932 0.783650
0.564813 0.725472
0.565024 0.782987
0.566829 0.707682
0.568595 0.698433
0.569608 0.722249
0.569892 0.859625
0.573665 0.766292
0.574950 0.792708
0.576235 0.784921
0.576849 0.724908
0.578514 0.708934
0.580548 0.708893
0.581917 0.748640
0.582066 0.730614
0.582196 0.692007
0.583912 0.759864
0.586185 0.706527
0.587167 0.741660
0.587195 0.686179
0.587981 0.686953
0.592995 0.813915
0.594416 0.749912
0.594550 0.735467
0.596828 0.825488
0.598221 0.813891
0.598571 0.754316
0.600731 0.782229
0.601742 0.704388
0.602032 0.721237
0.602439 0.737637
0.602845 0.745999
0.603400 0.758957
0.604561 0.707151
0.606534 0.692940
0.607759 0.706282
0.609926 0.767767
0.611162 0.755862
0.613344 0.829543
0.614311 0.692187
0.614985 0.692358
0.614998 0.737120
0.615053 0.792183
0.624522 0.830924
0.624866 0.839710
0.625816 0.901517
0.627436 0.794754
0.628301 0.695830
0.634898 0.766877
0.635743 0.774214
0.637117 0.701218
0.638226 0.865429
0.639487 0.715567
0.640600 0.766557
0.641712 0.794654
0.647256 0.760570
0.647418 0.781165
0.648629 0.702576
0.650140 0.728950
0.651256 0.824090
0.651346 0.807406
0.651486 0.796332
0.654423 0.902777
0.658789 0.723774
0.660505 0.918339
0.661816 0.736138
0.661817 0.789206
0.661922 0.769819
0.663253 0.791199
0.666622 0.819863
0.668299 0.791850
0.669921 0.723177
0.671411 0.727728
0.675490 0.832423
0.680699 0.845785
0.681647 0.733651
0.682569 0.732904
0.684049 0.825031
0.685200 0.771972
0.686186 0.913320
0.686463 0.763504
0.686879 0.739252
0.689934 0.727521
0.691367 0.788549
0.692180 0.803096
0.694842 0.784551
0.697976 0.741270
0.698841 0.779786
0.700455 0.749689
0.700889 0.722432
0.702489 0.764292
0.704665 0.803053
0.704668 0.772983
0.704898 0.744052
0.706007 0.809397
0.707532 0.743424
0.707898 0.733588
0.708638 0.827197
0.709016 0.771358
0.710126 0.733647
0.711504 0.761588
0.714292 0.731769
0.714564 0.726115
0.715571 0.816639
0.717163 0.819052
0.717675 0.730697
0.718923 0.731356
0.723888 0.809263
0.724539 0.735803
0.726673 0.809232
0.727315 0.757949
0.727654 0.739957
0.728388 0.807676
0.729070 0.827495
0.730238 0.762250
0.731605 0.734559
0.733898 0.948969
0.735229 0.771947
0.736699 0.798196
0.737285 0.796770
0.737714 0.786145
0.740160 0.908101
0.740488 0.803245
0.742053 0.737695
0.742430 0.771836
0.747108 0.753405
0.747411 0.741254
0.748158 0.809580
0.748694 0.762075
0.748919 0.833293
0.749057 0.786899
0.754198 0.754731
0.755519 0.837351
0.756001 0.757323
0.757062 0.755790
0.758020 0.767153
0.759613 0.759128
0.761255 0.833137
0.764636 0.901553
0.765205 0.771430
0.767508 0.803013
0.770279 0.782269
0.771906 0.756856
0.773109 0.833056
0.775497 0.840120
0.777863 0.794966
0.778604 0.785753
0.779174 0.815183
0.779620 0.813768
0.779620 0.786282
0.781149 0.799637
0.781464 0.782035
0.783764 0.771375
0.785990 0.826824
0.789108 0.826666
0.791802 0.845439
0.795298 0.783953
0.796756 0.764154
0.798754 0.880908
0.799652 0.812620
0.802831 0.808819
0.805134 0.805948
0.808003 0.844157
0.810081 0.794721
0.811374 0.761689
0.814887 0.789229
0.817278 0.801388
0.817658 0.812753
0.817710 0.823636
0.818783 0.771052
0.819516 0.758534
0.819620 0.799761
0.821248 0.854660
0.822763 0.925093
0.822809 0.780006
0.824025 0.873505
0.827128 0.783539
0.831798 0.822399
0.834612 0.777600
0.834767 0.809669
0.835507 0.790716
0.835658 0.800935
0.836500 0.846004
0.838786 0.785938
0.840953 0.826033
0.840996 0.792380
0.842603 0.778034
0.843578 0.773801
0.844060 0.929336
0.844355 0.794509
0.844417 0.788602
0.851481 0.771365
0.852714 0.849642
0.852781 0.833782
0.853234 0.890363
0.853413 0.796997
0.854339 0.803397
0.854794 0.822877
0.858360 0.781228
0.860174 0.835801
0.861516 0.832281
0.862285 0.923910
0.862770 0.828609
0.864697 0.811450
0.864785 0.785352
0.866034 0.833082
0.868364 0.896681
0.869358 0.802607
0.869367 0.800419
0.871059 0.891534
0.874262 0.812195
0.874355 0.796122
0.875375 0.864740
0.875602 0.810737
0.876448 0.855764
0.876972 0.800768
0.877995 0.828677
0.878002 0.782712
0.878935 0.864530
0.883225 0.781287
0.883317 0.778791
0.883928 0.844469
0.883963 0.781490
0.884469 0.803462
0.896227 0.829311
0.898309 0.859569
0.898658 0.833730
0.899612 0.828355
0.905441 0.807117
0.908787 0.848096
0.909148 0.788071
0.911958 0.885420
0.913711 0.922181
0.914013 0.809658
0.916026 0.905868
0.916719 0.855763
0.917412 0.815835
0.918205 0.809732
0.918443 0.803687
0.924516 0.838812
0.924599 0.801478
0.924696 0.797212
0.925349 0.791985
0.926481 0.814891
0.926648 0.824877
0.927135 0.883488
0.927399 0.821398
0.927501 0.832827
0.929439 0.861735
0.929648 0.860583
0.931852 0.806562
0.932426 0.865490
0.937367 0.786984
0.937767 0.888539
0.938859 0.797493
0.938899 0.837511
0.939197 0.840205
0.940440 0.851392
0.942130 0.841526
0.942372 0.792683
0.944287 0.874575
0.945328 0.858419
0.946238 0.851204
0.946456 0.901323
0.946935 0.886767
0.947109 0.864744
0.948248 0.827462
0.948388 0.791526
0.949557 0.813709
0.950061 0.821113
0.950774 0.796944
0.950991 0.845593
0.951277 0.801906
0.951501 0.877458
0.952277 0.850353
0.952696 0.819315
0.953566 0.795638
0.953771 0.865903
0.954685 0.821484
0.956804 0.824436
0.958520 0.847205
0.958894 0.831519
0.960150 0.825559
0.962053 0.827847
0.963482 0.794429
0.965588 0.803010
0.965691 0.843518
0.966375 0.849968
0.966809 0.861912
0.967255 0.826268
0.968339 0.855499
0.969798 0.813288
0.969983 0.811810
0.970014 0.796216
0.971792 0.913728
0.982507 0.867217
0.988244 0.810155
0.988936 0.839456
0.991603 0.822267
0.992441 0.805449
0.992687 0.803927
0.993403 0.831082
0.994249 0.812842
0.995313 0.888688
0.995824 0.832965
0.999416 1.000000
0.999534 0.885905
0.999703 0.892569
1.000000 0.857571
