0.000000 0.101866
0.028672 0.000000
0.072842 0.813274
0.091458 0.839998
0.096942 0.620386
0.114726 0.340755
0.137296 0.579898
0.139932 0.085758
0.147938 0.273439
0.161053 0.072968
0.164708 0.587658
0.167962 0.281270
0.168064 0.463868
0.168227 0.080719
0.170598 0.428855
0.181245 0.179560
0.186410 0.226774
0.191261 0.505041
0.191599 0.857733
0.192816 0.471488
0.196363 0.702475
0.200204 0.217253
0.200590 0.337243
0.205199 0.328491
0.205647 0.818248
0.210531 0.182383
0.211583 0.498058
0.211713 0.270139
0.215393 0.590540
0.219839 0.644579
0.220388 0.302866
0.221941 0.668886
0.223168 0.509764
0.224458 0.724296
0.230776 0.731885
0.233454 0.492336
0.238396 0.642156
0.239606 0.179215
0.240267 0.339043
0.242646 0.460583
0.243813 0.582177
0.246363 0.235186
0.248095 0.330421
0.248414 0.664352
0.249106 0.339619
0.251722 0.652721
0.253469 0.206563
0.255355 0.203753
0.257027 0.148940
0.260250 0.330641
0.260390 0.329794
0.260536 0.852662
0.261695 0.299215
0.266296 0.560646
0.268209 0.811974
0.268547 0.681633
0.269031 0.376330
0.269896 0.384256
0.269966 0.880149
0.271473 0.354790
0.274468 0.333661
0.279307 0.243458
0.281330 0.769603
0.283471 0.650471
0.284436 0.198744
0.284897 0.288245
0.287877 0.377396
0.288683 0.587271
0.289289 0.522761
0.289457 0.292910
0.289732 0.560249
0.291734 0.326531
0.294216 0.745495
0.294421 0.544312
0.294638 0.804600
0.294668 0.320929
0.296208 0.411199
0.296517 0.616145
0.297096 0.900686
0.299062 0.551840
0.299924 0.585907
0.301287 0.344577
0.302121 0.854887
0.302684 0.226983
0.302701 0.202303
0.303992 0.245222
0.304187 0.285526
0.305610 0.168787
0.311070 0.535176
0.311148 0.218821
0.311239 0.656073
0.312231 0.359250
0.314068 0.706592
0.314169 0.399808
0.314782 0.665284
0.315237 0.351458
0.315898 0.425034
0.316670 0.867794
0.316699 0.758152
0.317073 0.340594
0.317347 0.558864
0.318281 0.868109
0.318537 0.163162
0.319068 0.257678
0.319382 0.718731
0.320521 0.298237
0.322941 0.226878
0.324100 0.179726
0.327224 0.408107
0.329233 0.622018
0.330186 0.563790
0.331864 0.890906
0.332491 0.740588
0.332692 0.680454
0.333957 0.543805
0.334651 0.225807
0.334929 0.267957
0.336606 0.430545
0.338252 0.224718
0.338839 0.367294
0.340138 0.852738
0.340143 0.408376
0.340868 0.245155
0.341174 0.271982
0.341856 0.707600
0.343606 0.733133
0.343640 0.409222
0.344417 0.279340
0.345902 0.769480
0.346733 0.341186
0.346826 0.755245
0.347338 0.479194
0.347579 0.432906
0.348571 0.905372
0.349088 0.239694
0.349778 0.503209
0.353467 0.219749
0.353600 0.366928
0.356164 0.521657
0.356519 0.407696
0.358464 0.345691
0.358723 0.503267
0.358759 0.397135
0.359164 0.804343
0.359502 0.799827
0.360318 0.867728
0.360609 0.409039
0.361644 0.548326
0.362472 0.303564
0.362864 0.449469
0.362908 0.246162
0.364015 0.196484
0.364145 0.329736
0.364374 0.736675
0.364414 0.655194
0.366132 0.547405
0.366343 0.784614
0.366744 0.647545
0.367093 0.599630
0.367627 0.835218
0.368613 0.299388
0.371651 0.556605
0.371678 0.831519
0.373280 0.677729
0.374876 0.285483
0.374938 0.473560
0.375458 0.296244
0.375469 0.836295
0.377492 0.414730
0.378835 0.200802
0.379024 0.496147
0.379193 0.491495
0.380981 0.618062
0.381841 0.908582
0.382050 0.349794
0.382308 0.667719
0.384432 0.315330
0.386616 0.565846
0.386998 0.639279
0.387434 0.574960
0.388367 0.330160
0.390492 0.347374
0.391929 0.470958
0.392924 0.274503
0.393002 0.646689
0.394709 0.627356
0.394764 0.443360
0.396486 0.736838
0.398044 0.834877
0.398562 0.614537
0.399001 0.358859
0.399581 0.658768
0.399797 0.578498
0.400041 0.428496
0.401244 0.317747
0.402932 0.234121
0.403218 0.225417
0.403336 0.695498
0.403361 0.771001
0.404562 0.810187
0.405410 0.425330
0.405529 0.652100
0.406882 0.309954
0.407137 0.388131
0.408609 0.430568
0.408657 0.231753
0.408695 0.662145
0.409209 0.774981
0.409948 0.368766
0.410021 0.749497
0.410339 0.276661
0.410435 0.602447
0.410543 0.381502
0.410651 0.500819
0.411865 0.255981
0.412597 0.734470
0.413283 0.310199
0.413404 0.901337
0.414410 0.792568
0.414949 0.583496
0.416354 0.236070
0.416517 0.570028
0.416665 0.333174
0.417053 0.877969
0.417132 0.375987
0.417319 0.393745
0.418120 0.748252
0.419179 0.309545
0.419435 0.847527
0.419699 0.850532
0.420329 0.837422
0.420861 0.358700
0.420864 0.786504
0.421237 0.510015
0.421936 0.856185
0.421953 0.551862
0.422000 0.316618
0.423158 0.301271
0.423556 0.578115
0.424461 0.531993
0.424563 0.436097
0.424825 0.630863
0.424842 0.791661
0.425023 0.302186
0.425442 0.846079
0.426108 0.618243
0.426457 0.821915
0.428180 0.463215
0.428491 0.281701
0.428816 0.286043
0.429061 0.779813
0.429134 0.470224
0.429249 0.545831
0.429355 0.927052
0.430245 0.751376
0.430368 0.259376
0.431328 0.786206
0.432309 0.265342
0.432808 0.474162
0.432893 0.529974
0.433141 0.247439
0.433398 0.507758
0.433510 0.580917
0.433731 0.306129
0.434357 0.247908
0.435099 0.300834
0.435896 0.437027
0.436093 0.237921
0.437126 0.620283
0.437849 0.274128
0.438825 0.374516
0.438861 0.488753
0.440238 0.808463
0.440469 0.598234
0.442760 0.276591
0.442911 0.785379
0.443081 0.628389
0.443652 0.373304
0.443825 0.250570
0.444913 0.694641
0.445140 0.633854
0.448773 0.263458
0.449523 0.664908
0.450081 0.307788
0.450600 0.631091
0.450896 0.490856
0.451063 0.245623
0.452142 0.789254
0.452248 0.866027
0.452640 0.301521
0.453868 0.450135
0.453923 0.600843
0.454963 0.807131
0.455317 0.682552
0.456106 0.296340
0.456957 0.310944
0.457286 0.261519
0.457931 0.448300
0.459383 0.361467
0.460094 0.361776
0.460692 0.265842
0.461465 0.365239
0.462687 0.351468
0.462908 0.273250
0.463989 0.538693
0.464762 0.530131
0.465471 0.496018
0.465809 0.477548
0.467398 0.547671
0.467718 0.662318
0.467946 0.926199
0.468214 0.296088
0.469080 0.288389
0.469918 0.339879
0.470181 0.543485
0.470387 0.429803
0.470892 0.710691
0.471399 0.544122
0.471890 0.745540
0.472344 0.572006
0.472587 0.534022
0.473248 0.474124
0.473341 0.447658
0.473389 0.266681
0.473539 0.326724
0.474363 0.895032
0.474837 0.329125
0.476060 0.838966
0.476982 0.722305
0.477314 0.425120
0.477364 0.818684
0.478011 0.438635
0.478028 0.848479
0.478719 0.600077
0.479619 0.859242
0.479809 0.382387
0.479891 0.422546
0.480320 0.350076
0.481137 0.728252
0.481153 0.733232
0.481336 0.349874
0.481464 0.285135
0.482064 0.682210
0.483552 0.804133
0.484118 0.808572
0.484715 0.735112
0.485364 0.339976
0.485725 0.285964
0.487281 0.578558
0.487560 0.424404
0.487593 0.285594
0.489141 0.511492
0.489505 0.522639
0.490292 0.466818
0.490662 0.767864
0.490961 0.600844
0.492731 0.286858
0.492776 0.583675
0.493530 0.535910
0.494410 0.516996
0.494977 0.318039
0.495347 0.750858
0.497148 0.472009
0.497524 0.680275
0.498136 0.903759
0.500243 0.945040
0.500401 0.644451
0.500518 0.714142
0.500739 0.322531
0.500924 0.645238
0.501236 0.679384
0.502083 0.376047
0.502230 0.640184
0.502465 0.344309
0.503846 0.765001
0.504487 0.383683
0.505666 0.461218
0.505743 0.928702
0.506021 0.885727
0.506027 0.670742
0.506091 0.475087
0.507504 0.351621
0.507530 0.328322
0.507583 0.776897
0.508821 0.839909
0.511193 0.527258
0.511835 0.433489
0.511843 0.477939
0.512033 0.366508
0.513991 0.388983
0.514521 0.441727
0.514781 0.702444
0.514958 0.502312
0.515492 0.348021
0.516426 0.560872
0.517912 0.536225
0.518357 0.615071
0.519193 0.556125
0.519280 0.502053
0.519321 0.382115
0.519792 0.797270
0.519812 0.341857
0.520930 0.736221
0.522277 0.290660
0.522379 0.380205
0.522474 0.766274
0.523256 0.574526
0.523947 0.615252
0.524034 0.545616
0.524772 0.757884
0.524945 0.360569
0.525165 0.353060
0.525192 0.471685
0.525491 0.779068
0.525758 0.937741
0.525792 0.900853
0.525815 0.812995
0.526224 0.374334
0.526842 0.561646
0.526872 0.922233
0.527427 0.549449
0.527484 0.425709
0.527856 0.775890
0.528195 0.901990
0.529059 0.865681
0.529129 0.559784
0.529354 0.790238
0.529542 0.618289
0.530948 0.432290
0.531181 0.383056
0.531747 0.328372
0.532172 0.698043
0.532712 0.304502
0.533109 0.578271
0.533177 0.935374
0.533497 0.530710
0.534358 0.351594
0.534982 0.663298
0.535472 0.429490
0.535622 0.464122
0.535900 0.942199
0.536218 0.570811
0.536644 0.555135
0.537021 0.533081
0.538200 0.858016
0.539319 0.673377
0.540059 0.726032
0.540345 0.478274
0.540656 0.926718
0.541928 0.558443
0.542303 0.943055
0.543111 0.480806
0.543640 0.639781
0.545998 0.481796
0.546087 0.608850
0.546333 0.762710
0.546952 0.628532
0.548470 0.874268
0.549567 0.395826
0.550839 0.408848
0.551266 0.411548
0.551430 0.742202
0.551671 0.732928
0.552158 0.638868
0.552387 0.885175
0.552600 0.410064
0.553052 0.331328
0.553219 0.317894
0.553683 0.466797
0.553959 0.323656
0.554181 0.578293
0.554640 0.622017
0.555229 0.339680
0.555549 0.772580
0.555587 0.577915
0.555887 0.575284
0.556872 0.553197
0.556879 0.868075
0.557037 0.725398
0.557215 0.444673
0.557364 0.507108
0.557628 0.922873
0.558751 0.613477
0.558856 0.591494
0.559007 0.553942
0.559217 0.713770
0.560598 0.907716
0.560693 0.690228
0.560773 0.807271
0.560819 0.480010
0.561733 0.512806
0.562171 0.595284
0.562224 0.371166
0.562674 0.658592
0.563223 0.769781
0.563478 0.370740
0.563593 0.317205
0.563841 0.352364
0.564469 0.811401
0.565466 0.364711
0.566535 0.394800
0.567166 0.440571
0.567916 0.722995
0.568389 0.369282
0.570723 0.730597
0.571191 0.820217
0.571595 0.341884
0.571689 0.491143
0.573138 0.381129
0.573195 0.623444
0.573314 0.932183
0.573673 0.713149
0.574495 0.547390
0.574589 0.363866
0.575384 0.435527
0.575532 0.798612
0.575722 0.353612
0.576102 0.442357
0.576871 0.610410
0.578631 0.748160
0.579007 0.761649
0.579485 0.423409
0.580793 0.357844
0.582659 0.684643
0.582779 0.634058
0.582904 0.391856
0.582943 0.811255
0.583364 0.729923
0.583991 0.480440
0.585131 0.604970
0.586223 0.631458
0.586997 0.522187
0.587443 0.443591
0.588416 0.394819
0.588692 0.396300
0.588913 0.566667
0.590577 0.813539
0.592469 0.525027
0.593747 0.944477
0.593864 0.640619
0.594469 0.363295
0.594992 0.433755
0.595579 0.735521
0.596093 0.423888
0.596135 0.843142
0.597254 0.508934
0.597481 0.385888
0.598635 0.515226
0.599115 0.372314
0.599907 0.562491
0.601589 0.844896
0.602083 0.512129
0.602366 0.963961
0.602376 0.489823
0.603503 0.398579
0.604126 0.464891
0.604359 0.398663
0.605626 0.800627
0.605785 0.753849
0.606517 0.898031
0.606829 0.491955
0.609062 0.454630
0.609065 0.351801
0.609070 0.641864
0.610040 0.660329
0.610394 0.417918
0.611051 0.889742
0.611138 0.694988
0.611324 0.376037
0.611383 0.432295
0.611610 0.396178
0.612779 0.400297
0.612971 0.473509
0.614635 0.475599
0.614760 0.729533
0.614892 0.715162
0.616704 0.757622
0.616721 0.911337
0.617405 0.438727
0.618385 0.544735
0.618605 0.569074
0.619131 0.903034
0.619447 0.523480
0.619889 0.614559
0.620152 0.931867
0.620448 0.391624
0.620496 0.414450
0.620750 0.918384
0.621107 0.529286
0.621415 0.530697
0.623704 0.620529
0.624019 0.443223
0.624060 0.864969
0.624481 0.503515
0.624649 0.531103
0.625785 0.877533
0.626709 0.916662
0.626767 0.389641
0.627201 0.762197
0.627371 0.625553
0.628652 0.379992
0.629501 0.836596
0.629814 0.425441
0.631236 0.382044
0.632498 0.863213
0.632622 0.916114
0.633503 0.643802
0.633765 0.508598
0.633837 0.740576
0.635087 0.511479
0.635165 0.807755
0.635436 0.628134
0.635556 0.811498
0.636087 0.443321
0.637149 0.429912
0.639122 0.420403
0.639289 0.554926
0.639682 0.630721
0.640032 0.796717
0.641398 0.960554
0.641690 0.555068
0.642490 0.416981
0.642537 0.450001
0.642830 0.617504
0.644030 0.644577
0.644411 0.511489
0.645510 0.787751
0.646273 0.545595
0.647470 0.813629
0.647568 0.802845
0.649418 0.647144
0.649822 0.703652
0.650146 0.928368
0.651802 0.445954
0.652099 0.497316
0.652155 0.544674
0.654260 0.857573
0.655030 0.411870
0.656278 0.835690
0.656873 0.598045
0.657614 0.457194
0.657850 0.783770
0.658257 0.502214
0.658479 0.815708
0.660894 0.561137
0.661437 0.885752
0.662364 0.672459
0.664529 0.412253
0.664625 0.536397
0.668424 0.670233
0.668512 0.428626
0.669596 0.717684
0.671894 0.492017
0.675708 0.480996
0.676708 0.496048
0.677218 0.600033
0.678490 0.402129
0.678925 0.907790
0.681566 0.811657
0.686232 0.631970
0.686994 0.846337
0.687067 0.628202
0.687110 0.878906
0.687525 0.761217
0.688101 0.928700
0.689545 0.589178
0.690957 0.468298
0.691560 0.730749
0.694524 0.525560
0.695081 0.937743
0.696161 0.422386
0.696383 0.544112
0.696749 0.518056
0.698366 0.491311
0.698437 0.465991
0.698554 0.605822
0.698673 0.748443
0.700168 0.630269
0.700434 0.406979
0.703679 0.683090
0.703786 0.630323
0.705168 0.421979
0.706461 0.651225
0.706660 0.948394
0.706968 0.486203
0.710099 0.615312
0.710414 0.730800
0.710895 0.883977
0.712306 0.492395
0.713956 0.549616
0.714852 0.859305
0.715636 0.820175
0.715754 0.947967
0.717959 0.728786
0.718685 0.733343
0.718856 0.595423
0.719265 0.752553
0.720619 0.777406
0.721316 0.983958
0.721428 0.491815
0.723807 0.864942
0.724542 0.480937
0.726123 0.607818
0.726444 0.665393
0.728522 0.571615
0.729783 0.470950
0.730468 0.986520
0.731508 0.589572
0.733358 0.501269
0.735601 0.459381
0.735843 0.555296
0.736201 0.779847
0.736770 0.826767
0.738522 0.722514
0.739010 0.938321
0.739542 0.543694
0.740508 0.987717
0.741023 0.454542
0.743044 0.982665
0.743395 0.742264
0.744869 0.898073
0.746410 0.777084
0.746468 0.528799
0.754790 0.920667
0.757110 0.991250
0.757529 0.608656
0.757822 0.992917
0.758462 0.818047
0.758860 0.688687
0.760988 0.720496
0.762239 0.533637
0.769335 0.607406
0.769986 0.616034
0.775467 0.896256
0.776433 0.686277
0.776838 0.487499
0.781718 0.530878
0.782264 0.656816
0.783633 0.987715
0.784216 0.542486
0.785179 0.856188
0.785226 0.660816
0.791648 0.639747
0.792984 0.527986
0.800150 0.628481
0.802105 0.637985
0.802235 0.749294
0.805619 0.852531
0.808287 0.906425
0.809594 0.552628
0.809858 0.484784
0.810362 0.624836
0.813085 0.632827
0.816264 0.807772
0.817097 0.725487
0.819855 0.609899
0.821463 0.698691
0.823484 0.744723
0.824983 0.528558
0.826603 0.547748
0.828881 0.641966
0.831078 0.655012
0.834265 0.687039
0.851062 0.615183
0.852567 0.955087
0.854804 0.585658
0.866381 0.806910
0.881340 1.000000
0.882337 0.694282
0.909153 0.820035
0.923906 0.761952
0.984277 0.742746
1.000000 0.618815
