0.000000 0.997419
0.022275 1.000000
0.023479 0.999887
0.033652 0.989984
0.039271 0.990101
0.046867 0.997618
0.049884 0.996501
0.055958 0.992502
0.057167 0.997702
0.057374 0.994012
0.064567 0.987636
0.067242 0.997770
0.068400 0.994178
0.071192 0.991778
0.074299 0.996484
0.075298 0.995600
0.076138 0.986689
0.077141 0.999328
0.078661 0.992781
0.081592 0.998323
0.084094 0.997257
0.088325 0.989172
0.089105 0.998271
0.092094 0.996363
0.092806 0.987125
0.094049 0.994695
0.094851 0.987338
0.096435 0.997800
0.096607 0.985267
0.097259 0.984897
0.099374 0.987947
0.104287 0.993438
0.105652 0.989040
0.106450 0.998193
0.108881 0.990857
0.114015 0.993453
0.114892 0.988371
0.115592 0.986515
0.121233 0.997739
0.121532 0.992138
0.122202 0.996700
0.122919 0.983345
0.123183 0.983390
0.124598 0.983480
0.124865 0.991569
0.124882 0.993261
0.126110 0.991060
0.127043 0.995806
0.128874 0.992068
0.129030 0.990172
0.129334 0.997581
0.130851 0.988232
0.132645 0.998202
0.132754 0.989356
0.136310 0.983233
0.136764 0.988744
0.137099 0.993201
0.138230 0.996999
0.141327 0.996063
0.143368 0.994753
0.145146 0.993902
0.148866 0.979845
0.149065 0.995789
0.149356 0.991700
0.150288 0.991507
0.152810 0.995664
0.153447 0.996220
0.154224 0.996721
0.155619 0.983066
0.157209 0.995118
0.159407 0.993679
0.159590 0.982970
0.161821 0.994788
0.163057 0.993089
0.163192 0.991227
0.166110 0.980773
0.167269 0.996335
0.170131 0.993314
0.170319 0.984253
0.171132 0.977593
0.171448 0.996202
0.172581 0.993700
0.173081 0.983007
0.173784 0.996265
0.174174 0.996039
0.175758 0.995469
0.177378 0.978371
0.177523 0.978999
0.178825 0.987878
0.178873 0.985330
0.179939 0.996858
0.183325 0.995138
0.184542 0.984673
0.185820 0.992845
0.186042 0.977233
0.187845 0.976209
0.188992 0.992426
0.191053 0.996685
0.191197 0.993116
0.193881 0.990096
0.194218 0.982308
0.198507 0.974598
0.198965 0.989798
0.199489 0.992987
0.199750 0.996136
0.203636 0.979967
0.204906 0.990415
0.205284 0.994489
0.205501 0.995621
0.205900 0.994781
0.206259 0.991047
0.207099 0.995033
0.207959 0.995185
0.211088 0.986335
0.216031 0.992403
0.216454 0.983241
0.217156 0.985705
0.218686 0.974681
0.219327 0.992347
0.220489 0.986224
0.221539 0.980952
0.221557 0.981979
0.222148 0.979767
0.224483 0.993040
0.225120 0.981544
0.226384 0.992958
0.226947 0.994074
0.227915 0.989521
0.228250 0.985080
0.229517 0.986062
0.231933 0.971135
0.233177 0.992053
0.234718 0.993375
0.235199 0.993854
0.235397 0.992282
0.237069 0.991788
0.239886 0.976668
0.240730 0.986911
0.241229 0.979394
0.245427 0.990302
0.245770 0.991994
0.246189 0.975688
0.246791 0.989138
0.247431 0.968994
0.249385 0.976279
0.252656 0.982750
0.253287 0.991607
0.253588 0.988545
0.253850 0.982772
0.253952 0.978544
0.254507 0.977687
0.257236 0.993264
0.257617 0.983883
0.258013 0.990378
0.258812 0.988130
0.259859 0.975841
0.260838 0.981012
0.261278 0.991719
0.264511 0.991795
0.265690 0.993336
0.266555 0.970514
0.266944 0.991647
0.269924 0.976995
0.271223 0.993193
0.271505 0.983629
0.271688 0.992812
0.272047 0.970902
0.272459 0.985664
0.273381 0.988648
0.276016 0.962919
0.276448 0.978056
0.277283 0.992806
0.282080 0.988674
0.282783 0.969350
0.284160 0.988851
0.285943 0.989614
0.286809 0.987590
0.289755 0.991688
0.293172 0.966446
0.293195 0.987993
0.293311 0.962154
0.295620 0.972495
0.297753 0.985966
0.303682 0.986636
0.304751 0.991062
0.305581 0.963832
0.307838 0.958235
0.309199 0.983541
0.310321 0.986051
0.311658 0.987216
0.312381 0.990654
0.313185 0.986358
0.314198 0.964483
0.318462 0.979825
0.320471 0.965446
0.320814 0.984472
0.321420 0.974322
0.321704 0.981624
0.322607 0.973993
0.324114 0.985823
0.324702 0.983010
0.326169 0.976652
0.326727 0.987977
0.326924 0.960749
0.328716 0.984531
0.329025 0.979059
0.329213 0.972590
0.330245 0.965964
0.330364 0.962261
0.332204 0.955824
0.332908 0.988982
0.333527 0.986950
0.333695 0.952553
0.334965 0.979395
0.334993 0.982309
0.335131 0.972900
0.336370 0.988159
0.337073 0.957202
0.338364 0.978813
0.339177 0.977646
0.340048 0.982198
0.340758 0.979871
0.341782 0.961871
0.342575 0.972323
0.343643 0.961266
0.345370 0.971910
0.346419 0.984798
0.347581 0.953009
0.349527 0.963009
0.355344 0.986919
0.356469 0.951545
0.357962 0.962790
0.358182 0.955234
0.358674 0.970678
0.359581 0.971986
0.359643 0.976130
0.360639 0.951330
0.360982 0.967049
0.361085 0.951804
0.362267 0.953371
0.362352 0.980074
0.365512 0.981148
0.366092 0.965882
0.368663 0.952295
0.369232 0.967899
0.369672 0.952346
0.372273 0.979530
0.372713 0.952686
0.372896 0.944415
0.375641 0.954064
0.376221 0.940424
0.377119 0.981900
0.379892 0.978923
0.381285 0.982003
0.383873 0.976878
0.384334 0.960942
0.387968 0.952633
0.389613 0.946332
0.389639 0.967922
0.390392 0.961782
0.391443 0.958209
0.391613 0.973593
0.392015 0.977383
0.392107 0.943936
0.394794 0.981813
0.394834 0.942220
0.397704 0.937046
0.399634 0.971743
0.402864 0.971672
0.403468 0.972365
0.403755 0.951912
0.407201 0.978496
0.407631 0.971759
0.408162 0.979099
0.409106 0.945709
0.409545 0.965343
0.411346 0.969416
0.411969 0.967309
0.412014 0.960373
0.412387 0.960578
0.412524 0.962749
0.412754 0.959570
0.414031 0.976505
0.416213 0.953761
0.420311 0.967022
0.420805 0.942608
0.421213 0.953006
0.423509 0.974727
0.425456 0.970024
0.425707 0.929819
0.425880 0.954973
0.427769 0.927185
0.432698 0.934965
0.438483 0.975919
0.438805 0.966949
0.439226 0.957953
0.442926 0.920641
0.444047 0.951030
0.445324 0.964362
0.445469 0.946499
0.445936 0.953755
0.449148 0.967484
0.450630 0.969251
0.450925 0.943182
0.451996 0.943566
0.455798 0.967799
0.463623 0.948248
0.468923 0.959485
0.473165 0.950081
0.475769 0.937229
0.476598 0.908904
0.476778 0.909374
0.477551 0.950085
0.481942 0.951269
0.482430 0.939408
0.484060 0.926194
0.488172 0.921488
0.488769 0.956956
0.490562 0.902093
0.490697 0.914059
0.491022 0.947379
0.491212 0.924602
0.499858 0.926514
0.500354 0.960919
0.500831 0.917795
0.503148 0.906914
0.506615 0.923584
0.507417 0.907518
0.509546 0.940490
0.509859 0.946294
0.513327 0.935992
0.515414 0.922451
0.517918 0.958575
0.517970 0.913645
0.520161 0.883923
0.521591 0.934268
0.528135 0.894018
0.528687 0.955476
0.533496 0.938338
0.533854 0.914574
0.537407 0.900589
0.538118 0.875554
0.538192 0.914548
0.539770 0.918529
0.540544 0.883986
0.541056 0.939950
0.541899 0.943063
0.543035 0.912244
0.546550 0.950469
0.550967 0.925944
0.554699 0.912318
0.555374 0.876745
0.557207 0.910745
0.560845 0.864335
0.561347 0.884097
0.569363 0.922554
0.570497 0.868944
0.570694 0.927370
0.579571 0.935927
0.581552 0.897976
0.581672 0.917690
0.586849 0.850964
0.597657 0.858992
0.601550 0.919448
0.602251 0.893655
0.606221 0.858295
0.611976 0.882557
0.615313 0.917402
0.615769 0.891965
0.620656 0.900562
0.621259 0.846611
0.623413 0.839465
0.623448 0.892061
0.629769 0.826208
0.636917 0.904913
0.638174 0.831187
0.638697 0.870795
0.643625 0.854886
0.665985 0.886000
0.666225 0.871352
0.669658 0.866168
0.672006 0.805145
0.672475 0.872778
0.677008 0.825818
0.684772 0.800972
0.692200 0.777238
0.697099 0.851003
0.697353 0.841421
0.699890 0.768878
0.702181 0.739346
0.705391 0.818131
0.706680 0.755313
0.730477 0.768619
0.738916 0.790548
0.758946 0.709377
0.819467 0.688710
0.821531 0.584545
0.897988 0.419099
0.902342 0.456317
1.000000 0.000000
