0.000000 0.973152
0.008932 0.990879
0.017887 0.902693
0.018489 0.998414
0.019159 0.908986
0.026885 0.947544
0.031120 0.919105
0.040267 0.989999
0.041778 0.952186
0.042254 1.000000
0.053078 0.901864
0.057364 0.925623
0.070156 0.974587
0.072234 0.931888
0.073651 0.963777
0.074424 0.914872
0.075397 0.962792
0.088921 0.968034
0.089925 0.874596
0.091278 0.887956
0.091376 0.956492
0.091872 0.985529
0.093450 0.959702
0.095629 0.897052
0.095790 0.959324
0.096696 0.957144
0.097228 0.910230
0.099498 0.926471
0.102782 0.876631
0.105873 0.991726
0.111158 0.982130
0.112269 0.982040
0.112550 0.986257
0.121671 0.871177
0.121785 0.958837
0.123837 0.890304
0.128144 0.964383
0.129601 0.978988
0.129837 0.968321
0.130807 0.942590
0.132860 0.974959
0.140028 0.974440
0.143803 0.928459
0.146057 0.892667
0.149695 0.884574
0.149843 0.875551
0.150031 0.962459
0.151611 0.956897
0.151661 0.914255
0.153394 0.986012
0.155329 0.946809
0.155889 0.952740
0.156423 0.902505
0.161663 0.970834
0.162312 0.963459
0.167341 0.903500
0.171078 0.915619
0.171211 0.958302
0.171522 0.917278
0.174533 0.969857
0.175792 0.920847
0.176186 0.951124
0.176612 0.978182
0.177544 0.971235
0.178504 0.982483
0.181003 0.953373
0.181364 0.978161
0.181681 0.980198
0.181953 0.964779
0.183190 0.965016
0.183972 0.975817
0.185632 0.957604
0.186373 0.940465
0.186447 0.886940
0.187909 0.970583
0.191012 0.979762
0.192613 0.972250
0.193648 0.908456
0.194196 0.891614
0.194734 0.874114
0.196213 0.916121
0.196593 0.904262
0.196966 0.875825
0.198166 0.954708
0.198617 0.894999
0.199275 0.913718
0.204216 0.949393
0.206662 0.874278
0.208508 0.897052
0.208929 0.934802
0.209473 0.904489
0.211939 0.958721
0.214621 0.975073
0.216153 0.962837
0.216689 0.907447
0.219057 0.969728
0.219363 0.883794
0.220219 0.935190
0.222774 0.959612
0.223084 0.836491
0.223401 0.898039
0.224140 0.966820
0.225255 0.938024
0.225395 0.967112
0.225604 0.884606
0.227073 0.832809
0.227111 0.896998
0.229656 0.902381
0.230391 0.973386
0.232869 0.949802
0.234163 0.879458
0.234745 0.855452
0.239460 0.966832
0.240981 0.963903
0.243497 0.941337
0.243623 0.845749
0.243635 0.852320
0.245004 0.884335
0.245667 0.848135
0.247207 0.907496
0.248225 0.887371
0.250342 0.847814
0.250572 0.893172
0.251702 0.945040
0.253048 0.940609
0.255415 0.875002
0.256316 0.942966
0.257340 0.874759
0.257639 0.876528
0.258453 0.879025
0.259620 0.959586
0.260208 0.824482
0.261441 0.913843
0.261954 0.857198
0.263934 0.952601
0.265359 0.952074
0.265904 0.822111
0.267953 0.909126
0.268828 0.945862
0.271486 0.905905
0.271633 0.881724
0.272628 0.964219
0.274793 0.810557
0.276108 0.908488
0.276509 0.913417
0.276640 0.817240
0.277714 0.841493
0.278700 0.872494
0.279641 0.915744
0.280782 0.898460
0.282560 0.959319
0.282619 0.833451
0.285569 0.939673
0.288117 0.806487
0.289959 0.893836
0.289988 0.833875
0.291213 0.953807
0.291974 0.872002
0.293775 0.900550
0.294443 0.840404
0.295276 0.920137
0.296554 0.925134
0.296640 0.944149
0.297197 0.955142
0.298459 0.835771
0.299112 0.800032
0.300426 0.905991
0.301646 0.932868
0.301968 0.935661
0.303521 0.928223
0.304108 0.835335
0.304230 0.953651
0.306770 0.865610
0.306862 0.835396
0.308017 0.941613
0.308341 0.916401
0.310277 0.851837
0.312608 0.941338
0.313981 0.824243
0.315179 0.905656
0.320201 0.906494
0.320580 0.913794
0.320632 0.940292
0.320859 0.935115
0.321274 0.794491
0.321375 0.828908
0.322390 0.868416
0.322419 0.903606
0.322482 0.949130
0.327739 0.898456
0.328773 0.823647
0.330096 0.899099
0.330198 0.843996
0.331292 0.857419
0.333110 0.845563
0.334655 0.868927
0.335780 0.935986
0.336588 0.811528
0.338442 0.939767
0.346225 0.916864
0.349644 0.877548
0.350180 0.797478
0.351822 0.941611
0.352904 0.839937
0.353148 0.897262
0.357127 0.918713
0.358753 0.935009
0.360458 0.770246
0.361511 0.846403
0.365460 0.925482
0.366184 0.912563
0.366249 0.840657
0.366651 0.848992
0.367798 0.780735
0.371810 0.900122
0.374116 0.887493
0.374792 0.930086
0.375441 0.797770
0.375513 0.815399
0.378617 0.790862
0.378788 0.878755
0.382414 0.774900
0.383163 0.842805
0.383966 0.774613
0.385443 0.798898
0.388494 0.790248
0.388754 0.761232
0.391146 0.904362
0.392405 0.904722
0.393145 0.842998
0.393395 0.766793
0.393754 0.878854
0.395154 0.799903
0.395553 0.912042
0.395964 0.880655
0.396891 0.766948
0.398542 0.830724
0.399409 0.872203
0.400074 0.848832
0.400180 0.878004
0.401961 0.910351
0.402319 0.840891
0.402802 0.844911
0.403274 0.813835
0.405869 0.896751
0.407866 0.776483
0.407889 0.843093
0.411472 0.857731
0.411577 0.908335
0.416154 0.893300
0.416175 0.899549
0.416972 0.882543
0.417479 0.910292
0.417895 0.786462
0.418992 0.864683
0.423555 0.896270
0.425562 0.749490
0.429354 0.897301
0.429553 0.800652
0.431912 0.907022
0.432460 0.781349
0.432964 0.852155
0.433027 0.886900
0.433576 0.803539
0.434905 0.832328
0.437848 0.877726
0.438672 0.878307
0.441147 0.739655
0.442542 0.908483
0.443220 0.860618
0.447348 0.742128
0.448262 0.861060
0.449451 0.857473
0.451423 0.748412
0.452015 0.893186
0.452344 0.903751
0.453524 0.753669
0.453981 0.867273
0.454168 0.741655
0.455559 0.829979
0.455999 0.733928
0.457059 0.824727
0.457216 0.840620
0.458038 0.893829
0.458718 0.784438
0.459658 0.735478
0.459825 0.857583
0.463617 0.758246
0.465536 0.874098
0.466932 0.810444
0.470345 0.834744
0.472716 0.731636
0.473985 0.822559
0.476020 0.847696
0.476274 0.824714
0.478881 0.879945
0.478982 0.745336
0.480866 0.780895
0.481474 0.801900
0.485731 0.762032
0.486372 0.797546
0.487338 0.825829
0.491515 0.873862
0.491882 0.754358
0.502196 0.788288
0.505414 0.821377
0.507830 0.865371
0.508071 0.701898
0.509036 0.872330
0.509208 0.838114
0.509991 0.803187
0.510721 0.857439
0.512307 0.868921
0.517142 0.717579
0.517404 0.869143
0.517406 0.759649
0.519067 0.716792
0.523133 0.830671
0.524413 0.771650
0.524781 0.711580
0.526268 0.722258
0.529435 0.849927
0.530167 0.858748
0.534476 0.694374
0.537029 0.690351
0.539314 0.726479
0.540755 0.824368
0.543970 0.803732
0.545361 0.692362
0.546211 0.841294
0.547488 0.700326
0.548232 0.684548
0.551292 0.826918
0.557391 0.653156
0.558106 0.689080
0.561115 0.677761
0.563585 0.649184
0.564306 0.696919
0.564997 0.728288
0.565768 0.664303
0.567105 0.769052
0.569065 0.661275
0.571292 0.778137
0.576615 0.626437
0.577712 0.759644
0.579460 0.773894
0.586374 0.786203
0.595143 0.607461
0.595160 0.640975
0.595548 0.751212
0.596021 0.664379
0.601026 0.647118
0.604035 0.636347
0.604628 0.615337
0.607157 0.728667
0.617763 0.716815
0.620501 0.688891
0.631991 0.770032
0.638885 0.707590
0.641619 0.637686
0.647453 0.693347
0.650023 0.621545
0.650835 0.647192
0.656679 0.687378
0.657475 0.703880
0.657788 0.609584
0.658951 0.587156
0.661879 0.697124
0.664144 0.698622
0.665112 0.672274
0.666453 0.574387
0.666980 0.657716
0.681866 0.563550
0.694498 0.645409
0.700853 0.545248
0.704526 0.668506
0.706360 0.520744
0.706816 0.531340
0.720337 0.638415
0.724462 0.623288
0.728343 0.523119
0.734559 0.487005
0.743416 0.636821
0.749663 0.576206
0.776970 0.440124
0.777761 0.582616
0.778453 0.586822
0.782560 0.451792
0.783812 0.572610
0.787421 0.438543
0.794594 0.498749
0.802439 0.551290
0.807912 0.491410
0.816153 0.481016
0.856350 0.420489
0.871035 0.303575
0.899533 0.251541
0.920295 0.261367
0.926555 0.239464
1.000000 0.000000
