0.000000 0.767722
0.002622 0.546548
0.003004 0.593927
0.005872 0.552128
0.007441 0.745207
0.010640 0.681178
0.015109 0.555499
0.018894 0.455311
0.020315 0.421064
0.020604 0.692252
0.021826 0.693093
0.022166 0.759648
0.024076 0.558692
0.025239 0.565915
0.025770 0.780379
0.026095 0.701825
0.028273 0.681929
0.030305 0.513222
0.030328 0.834342
0.031440 0.769633
0.034301 0.622614
0.035408 0.589422
0.035410 0.890711
0.036674 0.771669
0.041459 0.677864
0.042361 0.765169
0.045430 0.758935
0.045648 0.735767
0.047659 0.861639
0.048063 0.645566
0.050079 0.618934
0.050372 0.740086
0.052357 0.613734
0.053116 0.607145
0.054841 0.686392
0.055624 0.806096
0.056108 0.578455
0.058884 0.830273
0.062178 0.735861
0.064088 0.593990
0.067582 0.723657
0.068609 0.605950
0.069757 0.572552
0.073071 0.755409
0.076755 0.477499
0.078899 0.733479
0.082539 0.824653
0.083012 0.943932
0.083320 0.458716
0.083718 0.619780
0.085461 0.764412
0.086320 0.594713
0.087358 0.593391
0.087923 0.724903
0.088283 0.716887
0.088325 0.701874
0.088432 0.690996
0.089299 0.863321
0.089430 0.403625
0.091340 0.616239
0.092061 0.511047
0.092362 0.556891
0.093021 0.589937
0.094056 0.741541
0.094840 0.636389
0.096589 0.526000
0.098070 0.771042
0.098198 0.828684
0.098333 0.428617
0.099286 0.542125
0.099452 0.454391
0.101006 0.757719
0.102438 0.677991
0.102742 0.803034
0.103553 0.638137
0.104990 0.590958
0.105344 0.471378
0.106348 0.623014
0.106379 0.810120
0.107644 0.687874
0.109400 0.526071
0.109671 0.674947
0.111019 0.414942
0.111567 0.637862
0.111912 0.684852
0.112406 0.854694
0.113410 0.536073
0.113584 0.559796
0.113692 0.934340
0.115014 0.372815
0.115676 0.373600
0.116479 0.773086
0.119260 0.538666
0.119905 0.695659
0.120262 0.572451
0.121778 0.830812
0.122516 0.486868
0.124068 0.713347
0.124991 0.704431
0.127785 0.808090
0.127831 0.712014
0.129846 0.696276
0.130021 0.704234
0.130423 0.493468
0.131314 0.691812
0.132387 0.807206
0.132805 0.624531
0.135162 0.645471
0.135855 0.511545
0.136203 0.542115
0.137034 0.531835
0.137169 0.575029
0.138407 0.514257
0.138439 0.654909
0.138668 0.702308
0.138896 0.783068
0.138999 0.819018
0.140077 0.729840
0.141698 0.626611
0.142232 0.617165
0.142598 0.597241
0.143721 0.648584
0.145054 0.819715
0.146007 0.645412
0.147703 0.745673
0.147948 0.559871
0.149648 0.615244
0.150303 0.698933
0.151250 0.563177
0.152262 0.554942
0.153221 0.873858
0.153417 0.716974
0.154218 0.625381
0.154302 0.611059
0.154856 0.604548
0.156115 0.589009
0.158056 0.734598
0.158399 0.692473
0.159841 0.845268
0.160375 0.687470
0.162361 0.651443
0.163393 0.489135
0.163832 0.443522
0.163842 0.435160
0.165088 0.659302
0.165942 0.887900
0.168062 0.745234
0.168110 0.774353
0.169150 0.528599
0.169698 0.517208
0.170511 0.635662
0.170886 0.481651
0.171800 0.776462
0.172437 0.649301
0.172508 0.854626
0.172912 0.905954
0.173020 0.590022
0.173361 0.361515
0.173533 0.504279
0.173953 0.866582
0.174283 0.436006
0.175391 0.739000
0.175594 0.582746
0.175765 0.524758
0.175842 0.503884
0.175897 0.392081
0.177778 0.633906
0.178298 0.849726
0.178346 0.658629
0.179120 0.825960
0.179933 0.491703
0.180520 0.494173
0.182050 0.446417
0.182493 0.596729
0.183937 0.568628
0.185032 0.669145
0.185558 0.932320
0.186289 0.785397
0.187267 0.926699
0.187733 0.433938
0.188340 0.366514
0.188758 0.541419
0.188808 0.680401
0.188959 0.548097
0.190111 0.698004
0.190805 0.590695
0.191006 0.766757
0.191158 0.675810
0.191256 0.756176
0.191400 0.747054
0.192606 0.906381
0.192802 0.642895
0.193011 0.709472
0.194616 0.447508
0.196087 0.595623
0.196360 0.653749
0.196491 0.679693
0.196568 0.819730
0.196672 0.636775
0.196838 0.741245
0.197011 0.630213
0.197413 0.783795
0.197464 0.584719
0.198721 0.847261
0.198741 0.598073
0.198931 0.617333
0.199395 0.566146
0.200076 0.764075
0.200538 0.635263
0.200950 0.674238
0.201273 0.396659
0.202059 0.539298
0.202562 0.559354
0.202865 0.639761
0.204406 0.413496
0.205805 0.732613
0.206075 0.723017
0.207647 0.684217
0.207957 0.523327
0.208378 0.683696
0.208392 0.527326
0.209132 0.603735
0.209382 0.478165
0.210236 0.748404
0.210717 0.734608
0.212261 0.722424
0.212459 0.695630
0.212858 0.679957
0.214065 0.534623
0.215153 0.564218
0.216683 0.708725
0.217609 0.814013
0.217861 0.765059
0.219000 0.661225
0.220028 0.544187
0.220630 0.608742
0.220862 0.558620
0.221678 0.641712
0.222973 0.676114
0.224754 0.691389
0.225129 0.581701
0.226152 0.589784
0.226561 0.843689
0.226634 0.787035
0.227348 0.516385
0.227560 0.368078
0.227625 0.708210
0.227768 0.504506
0.227950 0.678617
0.227984 0.819281
0.228829 0.625044
0.228842 0.675622
0.229831 0.649524
0.230456 0.634376
0.231563 0.717391
0.231576 0.821115
0.231950 0.701945
0.232420 0.753443
0.232670 0.800282
0.233396 0.660164
0.233447 0.682592
0.233853 0.754368
0.235013 0.671651
0.235346 0.594984
0.235405 0.715766
0.235533 0.688591
0.235729 0.573965
0.235828 0.852271
0.235918 0.728921
0.236059 0.653817
0.236150 0.776235
0.236195 0.539561
0.236476 0.602001
0.236973 0.370296
0.237522 0.534192
0.237628 0.534918
0.237701 0.669480
0.238708 0.615777
0.239126 0.557347
0.239451 0.599686
0.240404 0.535735
0.240652 0.615802
0.240685 0.559821
0.240789 0.632432
0.242026 0.562946
0.242155 0.721483
0.242574 0.776133
0.242576 0.912023
0.243290 0.632137
0.243578 0.694320
0.243686 0.864945
0.244444 0.702537
0.244990 0.468353
0.245659 0.602861
0.245689 0.588508
0.246120 0.889399
0.246154 0.630189
0.246609 0.558163
0.247076 0.356889
0.248871 0.731437
0.249684 0.569241
0.250604 0.677479
0.250656 0.680584
0.252635 0.445143
0.252926 0.632341
0.253501 0.656351
0.253652 0.544557
0.253718 0.366103
0.253880 0.639090
0.254909 0.506043
0.255419 0.773988
0.256208 0.634048
0.257707 0.640245
0.257735 0.676714
0.258613 0.687308
0.259239 0.636373
0.259445 0.695950
0.260079 0.565669
0.260468 0.608150
0.260770 0.527984
0.260936 0.609471
0.261022 0.649715
0.261308 0.633014
0.262052 0.531849
0.262270 0.587135
0.263484 0.655181
0.263952 0.673441
0.264282 0.519872
0.264429 0.423064
0.266190 0.747076
0.267068 0.521750
0.267553 0.840661
0.267866 0.670768
0.267930 0.722320
0.268406 0.564750
0.268650 0.532611
0.269629 0.852423
0.269971 0.636646
0.270412 0.574816
0.270960 0.718579
0.271408 0.683331
0.271409 0.608812
0.271762 0.485782
0.272187 0.662274
0.272329 0.706895
0.273178 0.790393
0.273759 0.501332
0.274919 0.504682
0.275700 0.427438
0.276681 0.708017
0.276763 0.608953
0.277833 0.844645
0.278713 0.578815
0.278768 0.606278
0.279989 0.761909
0.280720 0.478511
0.280891 0.470259
0.280966 0.692350
0.282039 0.870611
0.282517 0.681373
0.283000 0.450684
0.283198 0.638241
0.283717 0.492840
0.283719 0.567434
0.284387 0.741629
0.284559 0.546436
0.284561 0.768002
0.284725 0.386228
0.285042 0.559635
0.286366 0.660060
0.286575 0.626014
0.286893 0.534852
0.287273 0.512040
0.287728 0.804744
0.287849 0.772852
0.287906 0.691543
0.287910 0.674532
0.288323 0.607670
0.289246 0.736639
0.292763 0.588625
0.292792 0.590406
0.294515 0.513642
0.294854 0.529775
0.295061 0.552926
0.295315 0.649828
0.296867 0.662782
0.297365 0.473722
0.297403 0.912809
0.297442 0.393646
0.297551 0.860262
0.299773 0.648073
0.300339 0.575388
0.300649 0.693013
0.303164 0.597258
0.303400 0.720673
0.303446 0.562558
0.303798 0.760788
0.303973 0.684887
0.305056 0.488453
0.305899 0.763659
0.306235 0.780237
0.307435 0.543083
0.308139 0.797712
0.308585 0.509023
0.309741 0.683927
0.309811 0.566961
0.309922 0.390739
0.310713 0.577860
0.311090 0.641033
0.311478 0.615805
0.312264 0.703416
0.312673 0.733236
0.313538 0.468346
0.313738 0.852882
0.314074 0.484145
0.314285 0.686270
0.314829 0.591802
0.315492 0.876479
0.316411 0.674458
0.317562 0.722003
0.317830 0.771861
0.318021 0.557153
0.318227 0.576898
0.318587 0.539000
0.318960 0.721235
0.319345 0.803567
0.319448 0.886400
0.320594 0.740530
0.321492 0.629181
0.321556 0.842239
0.321991 0.699942
0.322881 0.731967
0.323309 0.616933
0.323477 0.455877
0.323601 0.754058
0.323602 0.862599
0.323865 0.568283
0.323943 0.410177
0.324076 0.565964
0.326484 0.584815
0.326748 0.628830
0.326823 0.765849
0.327282 0.681128
0.327895 0.773894
0.328637 0.670933
0.328733 0.579707
0.330650 0.575276
0.330891 0.445180
0.331471 0.488703
0.332675 0.429340
0.332970 0.679986
0.333012 0.596013
0.333435 0.308796
0.333602 0.617948
0.333694 0.481990
0.334043 0.673437
0.334616 0.385575
0.334834 0.758325
0.337147 0.543665
0.337156 0.537098
0.337745 0.426753
0.337961 0.554222
0.338055 0.484427
0.338635 0.759989
0.339834 0.623911
0.339915 0.581339
0.340652 0.518574
0.341471 0.598846
0.341785 0.728345
0.343037 0.535499
0.344447 0.575163
0.344786 0.365142
0.346691 0.673639
0.346794 0.745491
0.347632 0.824479
0.347909 0.604638
0.348001 0.663880
0.349963 0.535192
0.351694 0.562923
0.351716 0.729407
0.353650 0.701702
0.355338 0.569646
0.356147 0.659976
0.357210 0.791649
0.357757 0.846643
0.358572 0.783678
0.359676 0.546405
0.359953 0.676793
0.361224 0.694968
0.361399 0.462996
0.362474 0.495372
0.364076 0.564725
0.364315 0.625985
0.364660 0.675531
0.365323 0.472437
0.365996 0.631413
0.366035 0.523597
0.367126 0.679458
0.367720 0.401663
0.367940 0.803170
0.370786 0.770718
0.371478 0.499625
0.373491 0.511116
0.373574 0.717942
0.375367 0.448963
0.375981 0.428464
0.376595 0.672155
0.377259 0.560026
0.379835 0.576448
0.380442 0.811865
0.380474 0.599214
0.381068 0.532248
0.381812 0.858099
0.382461 0.561459
0.384215 0.686186
0.384605 0.502442
0.385752 0.522747
0.387534 0.500900
0.390282 0.708324
0.390843 0.594179
0.392414 0.355351
0.392771 0.709928
0.392924 0.615775
0.393300 0.515256
0.394344 0.751476
0.395916 0.612827
0.397329 0.597322
0.398100 1.000000
0.398754 0.465594
0.399555 0.762247
0.399627 0.486509
0.400151 0.622315
0.402079 0.631074
0.403918 0.761792
0.405654 0.652790
0.405837 0.456218
0.405968 0.680984
0.405977 0.475890
0.406098 0.755237
0.407397 0.468074
0.408614 0.406818
0.408838 0.482160
0.410132 0.626500
0.411482 0.530225
0.411624 0.740159
0.411842 0.600947
0.412795 0.595983
0.413016 0.783825
0.414556 0.635817
0.415823 0.470299
0.417254 0.740716
0.417635 0.256808
0.417678 0.428118
0.417820 0.540003
0.419335 0.860438
0.420108 0.738476
0.420116 0.382672
0.420983 0.399510
0.421620 0.454254
0.421750 0.790451
0.422146 0.540244
0.422910 0.613365
0.425950 0.756362
0.431735 0.702147
0.432448 0.367672
0.432656 0.684274
0.433077 0.542371
0.433650 0.642676
0.433952 0.371767
0.434185 0.396636
0.434692 0.606086
0.434735 0.448023
0.437042 0.486716
0.437668 0.630684
0.438141 0.644883
0.439200 0.572219
0.441712 0.645817
0.444126 0.690427
0.444406 0.647505
0.445392 0.476323
0.447546 0.631199
0.448759 0.586843
0.449574 0.453441
0.451492 0.304928
0.451925 0.716729
0.453668 0.555634
0.454239 0.587529
0.456382 0.741061
0.457403 0.799060
0.457681 0.684473
0.457708 0.644338
0.459516 0.682303
0.459697 0.563697
0.460218 0.457105
0.460432 0.575400
0.461385 0.612214
0.462910 0.729325
0.464365 0.751450
0.464588 0.591315
0.464596 0.526946
0.465696 0.700288
0.465796 0.764243
0.466997 0.793647
0.468842 0.558888
0.471399 0.964564
0.471525 0.387677
0.471722 0.575104
0.472462 0.335500
0.472915 0.561501
0.473795 0.578792
0.473854 0.636483
0.475527 0.578087
0.475994 0.376911
0.477039 0.518217
0.478785 0.311436
0.479071 0.685912
0.479145 0.383184
0.479312 0.343129
0.479507 0.682015
0.480726 0.521585
0.481890 0.592466
0.482187 0.598076
0.484406 0.627858
0.484592 0.824100
0.487173 0.488115
0.489021 0.692284
0.491229 0.630618
0.492437 0.409598
0.498272 0.950600
0.499293 0.578187
0.499348 0.545479
0.502006 0.552732
0.502095 0.583069
0.502112 0.312042
0.502214 0.897771
0.503416 0.538173
0.504703 0.530851
0.504757 0.250796
0.504798 0.451359
0.505904 0.873506
0.506256 0.569108
0.506361 0.813073
0.510923 0.590904
0.512028 0.390670
0.513368 0.555298
0.515286 0.466305
0.518022 0.760179
0.518103 0.225840
0.519584 0.630824
0.519858 0.520146
0.520911 0.464767
0.521938 0.525200
0.522248 0.654640
0.523106 0.482136
0.523935 0.578037
0.524002 0.547353
0.524309 0.858361
0.524512 0.539357
0.526070 0.645995
0.526289 0.490923
0.526726 0.451417
0.529294 0.600512
0.531145 0.370357
0.532325 0.635667
0.532696 0.565054
0.532778 0.607544
0.532902 0.435514
0.533427 0.708424
0.533838 0.691863
0.539079 0.374887
0.539111 0.367742
0.539427 0.495745
0.539752 0.376148
0.540757 0.607192
0.541224 0.513245
0.541572 0.590790
0.542844 0.470439
0.543899 0.302970
0.543980 0.867174
0.544762 0.598966
0.545637 0.519317
0.548103 0.585771
0.549674 0.734887
0.549870 0.844750
0.550116 0.656729
0.550614 0.358275
0.550674 0.707569
0.554035 0.513440
0.558604 0.659532
0.559522 0.517841
0.560274 0.415496
0.561381 0.486895
0.561768 0.557762
0.564146 0.536393
0.564170 0.545384
0.565526 0.683994
0.566440 0.550989
0.566750 0.566024
0.568208 0.792070
0.568458 0.720440
0.570962 0.785234
0.571153 0.622807
0.573145 0.545598
0.575597 0.333849
0.578502 0.636381
0.579374 0.601975
0.581086 0.577321
0.581721 0.752412
0.583972 0.776641
0.587985 0.446463
0.588864 0.454296
0.592282 0.744201
0.593040 0.388256
0.593407 0.460390
0.594746 0.475496
0.595078 0.568391
0.599739 0.719540
0.600295 0.594103
0.600856 0.745100
0.602305 0.816061
0.604052 0.409800
0.605536 0.352315
0.608904 0.472514
0.609453 0.609815
0.612361 0.472286
0.618151 0.421874
0.618954 0.835357
0.619071 0.559819
0.620875 0.463419
0.621255 0.441380
0.627106 0.580351
0.631072 0.189832
0.631944 0.457823
0.632583 0.391561
0.637719 0.536743
0.638277 0.638070
0.640698 0.692733
0.642816 0.421086
0.644722 0.621935
0.649876 0.376868
0.659910 0.442641
0.660706 0.479167
0.662150 0.519010
0.664408 0.501519
0.668035 0.741601
0.669447 0.621093
0.673804 0.539710
0.684789 0.496599
0.692385 0.458540
0.694031 0.677343
0.701515 0.552488
0.706730 0.000000
0.708402 0.385799
0.721955 0.235006
0.724639 0.746105
0.725964 0.709755
0.732047 0.378881
0.758754 0.476128
0.762467 0.611752
0.770452 0.205207
0.815477 0.102570
0.816291 0.557414
0.818674 0.346226
0.824556 0.968147
0.832846 0.413394
0.844440 0.412023
0.863560 0.293538
0.868563 0.324295
0.869438 0.445840
0.891057 0.154013
0.964291 0.666093
1.000000 0.211663
