0.000000 0.861487
0.002225 0.891613
0.008011 0.889268
0.023092 0.869362
0.039335 0.881882
0.039757 0.883574
0.051481 0.939986
0.152837 0.840774
0.162943 0.854618
0.164235 1.000000
0.208013 0.882836
0.312364 0.758824
0.332469 0.873966
0.340462 0.769414
0.363956 0.734700
0.428682 0.683502
0.490694 0.725496
0.526389 0.607197
0.528651 0.587932
0.534175 0.573371
0.561838 0.470468
0.578867 0.645669
0.601021 0.531836
0.616295 0.565709
0.617424 0.555353
0.623033 0.473603
0.645281 0.581243
0.732310 0.286656
0.764023 0.330947
0.770796 0.295726
0.816444 0.298056
0.816940 0.193896
0.819875 0.217352
0.882982 0.205375
0.904860 0.269940
0.931454 0.047040
0.936301 0.152625
0.960125 0.078696
0.998086 0.000000
1.000000 0.105214
