0.000000 0.106622
0.003019 0.333715
0.007767 0.511326
0.013204 0.524956
0.013546 0.937977
0.014830 0.648186
0.015553 0.122687
0.015834 0.472153
0.020024 0.302671
0.020269 0.718280
0.023203 0.921222
0.025710 0.440846
0.031564 0.258305
0.035967 0.188359
0.036023 0.215167
0.039952 0.466899
0.040452 0.683010
0.040662 0.641057
0.041574 0.420236
0.041938 0.679019
0.043638 0.844013
0.044658 0.914868
0.046813 0.258095
0.051715 0.718524
0.052386 0.656568
0.052688 0.653257
0.053323 0.700954
0.057611 0.405936
0.063217 0.243689
0.064003 0.615542
0.064162 0.216907
0.064744 0.183748
0.069337 0.622333
0.072068 0.201133
0.072108 0.203328
0.074123 0.196311
0.075043 0.333657
0.075098 0.718096
0.077024 0.364520
0.079039 0.764122
0.080043 0.061565
0.082093 0.940299
0.083309 0.198839
0.084714 0.552341
0.091149 0.532020
0.091879 0.776020
0.092027 0.057161
0.096674 0.327414
0.097422 0.780561
0.098229 0.691352
0.099990 0.788210
0.102438 0.490508
0.102448 0.424232
0.103406 0.659763
0.103831 0.736820
0.105307 0.561293
0.105831 0.169626
0.106691 0.354381
0.107607 0.335088
0.110498 0.282310
0.112023 0.363293
0.115710 0.780037
0.116090 0.821757
0.116366 0.927541
0.116977 0.513989
0.117473 0.033757
0.118243 0.463363
0.120710 0.654707
0.121514 0.129565
0.127427 0.170109
0.128067 0.681040
0.128241 0.050266
0.128440 0.793514
0.129323 0.868189
0.131255 0.058462
0.132951 0.371531
0.134043 0.138923
0.135936 0.265603
0.137558 0.673561
0.140325 0.397455
0.141442 0.800112
0.142703 0.541663
0.145288 0.445189
0.148076 0.433020
0.150671 0.395789
0.151157 0.191314
0.151944 0.843840
0.153660 0.655941
0.158589 0.627327
0.159706 0.657588
0.159753 0.525937
0.159756 0.287377
0.160217 0.070337
0.161025 0.799707
0.161735 0.187736
0.162559 0.719027
0.162945 0.099140
0.163340 0.092190
0.163509 0.354849
0.165152 0.775461
0.165237 0.743122
0.165602 0.478291
0.165643 0.734409
0.166222 0.483841
0.167543 0.623794
0.167838 0.599196
0.168023 0.804553
0.168406 0.359458
0.168975 0.328631
0.170283 0.863766
0.170380 0.285094
0.171384 0.067345
0.172099 0.238624
0.176056 0.028020
0.176263 0.286124
0.177424 0.741251
0.178359 0.314689
0.178765 0.733844
0.179189 0.809978
0.180994 0.552634
0.181827 0.553825
0.181835 0.615422
0.183786 0.329495
0.184021 0.790186
0.184142 0.860400
0.185138 0.497043
0.185392 0.228597
0.186292 0.016805
0.186425 0.360438
0.186942 0.164303
0.187703 0.225173
0.188488 0.061620
0.189230 0.747318
0.190218 0.370045
0.190395 0.445304
0.191252 0.293562
0.197565 0.095216
0.199692 0.019882
0.202176 0.395274
0.204124 0.855303
0.204305 0.197861
0.204325 0.794854
0.205333 0.148962
0.205995 0.036460
0.206300 0.190414
0.208215 0.323703
0.210674 0.083411
0.210970 0.258052
0.212461 0.592053
0.213113 0.686941
0.216373 0.523881
0.216964 0.686194
0.217454 0.115953
0.218347 0.607488
0.219033 0.377590
0.219706 0.587348
0.221385 0.642229
0.222815 0.420843
0.224231 0.665199
0.225046 0.400440
0.225483 0.353970
0.226510 0.577645
0.227058 0.296494
0.227531 0.342368
0.227902 0.472930
0.228878 0.388821
0.229116 0.267660
0.229329 0.193427
0.229677 0.732087
0.231447 0.574847
0.231775 0.063258
0.232262 0.107555
0.232802 0.407184
0.232960 0.815441
0.233442 0.315398
0.233536 0.282637
0.236632 0.469774
0.237984 0.621176
0.240275 0.205454
0.240653 0.639783
0.240829 0.315850
0.241652 0.369534
0.242471 0.663001
0.243179 0.766230
0.244851 0.046533
0.246057 0.554524
0.246658 0.433750
0.247222 0.684324
0.247472 0.651379
0.248193 0.832750
0.248527 0.717059
0.248852 0.149673
0.248893 0.250446
0.249232 0.818525
0.251892 0.107613
0.252965 0.527222
0.254101 0.763553
0.254795 0.231519
0.255606 0.176074
0.257788 0.639438
0.258587 0.133260
0.261209 0.546715
0.263150 0.197581
0.263183 0.629149
0.266351 0.384286
0.267235 0.000000
0.267798 0.319463
0.268615 0.636175
0.268821 0.002257
0.270143 0.191933
0.272538 0.536984
0.273244 0.039487
0.273276 0.052251
0.273293 0.816838
0.273357 0.137717
0.273473 0.422996
0.274429 0.472710
0.274566 0.400213
0.275216 0.417085
0.276605 0.333959
0.277280 0.355956
0.278932 0.788742
0.279066 0.705447
0.279130 0.522930
0.279469 0.064938
0.279853 0.319977
0.280119 0.076313
0.280280 0.743069
0.280394 0.399784
0.281846 0.393610
0.283783 0.108200
0.284378 0.706482
0.284783 0.391923
0.284812 0.493914
0.285446 0.220606
0.286124 0.644423
0.287381 0.042527
0.287604 0.549967
0.287857 0.301014
0.288383 0.517053
0.288440 0.052644
0.288918 0.737018
0.288941 0.143472
0.289336 0.009738
0.290753 0.808353
0.292586 0.086707
0.292886 0.664061
0.294461 0.043732
0.296249 0.230155
0.296436 0.104058
0.296695 0.764431
0.296704 0.645650
0.298711 0.745161
0.298939 0.588806
0.299274 0.113065
0.303399 0.176251
0.304128 0.482749
0.304650 0.265620
0.305065 0.396184
0.305780 0.072598
0.307031 0.528390
0.307334 0.363966
0.307715 0.198247
0.310867 0.475045
0.311187 0.145334
0.311931 0.443051
0.312029 0.190574
0.312845 0.223394
0.313135 0.361987
0.313879 0.026251
0.314240 0.127750
0.314931 0.555055
0.315453 0.031212
0.315466 0.133038
0.315467 0.027970
0.317847 0.548140
0.318769 0.277960
0.319893 0.311619
0.320674 0.461711
0.321317 0.646440
0.321721 0.242273
0.322178 0.123666
0.322207 0.749832
0.325465 0.390805
0.326084 0.744757
0.327909 0.381722
0.331498 0.522443
0.331990 0.717344
0.332554 0.576115
0.333099 0.425276
0.333794 0.265498
0.337143 0.745738
0.337758 0.814768
0.338050 0.365760
0.338058 0.143251
0.338956 0.114833
0.341650 0.126474
0.342501 0.464339
0.342688 0.538174
0.344194 0.289231
0.345632 0.115947
0.347479 0.624240
0.348554 0.803154
0.348924 0.204739
0.351717 0.096389
0.352424 0.390687
0.354629 0.610395
0.355018 0.251847
0.356633 0.035248
0.362091 0.781644
0.362154 0.128564
0.363972 0.586026
0.364467 0.406029
0.364953 0.793854
0.366022 0.599916
0.366137 0.671575
0.368254 0.252297
0.368392 0.148697
0.370040 0.126028
0.370169 0.743639
0.371511 0.753044
0.371575 0.513431
0.374822 0.520177
0.377898 0.568585
0.379121 0.578989
0.381384 0.127354
0.382499 0.655268
0.382555 0.148508
0.383832 0.554914
0.383977 0.608274
0.384097 0.243859
0.385836 0.385371
0.385939 0.290558
0.386570 0.157508
0.387846 0.222835
0.389500 0.613964
0.389914 0.552569
0.390923 0.536961
0.392121 0.345011
0.392917 0.338837
0.392997 0.656196
0.395174 0.765012
0.395255 0.571172
0.398191 0.638635
0.399655 0.797181
0.400917 0.549132
0.401926 0.564776
0.402073 0.214104
0.402238 0.272254
0.402699 0.342364
0.403416 0.464509
0.405750 0.620441
0.406005 0.668762
0.408288 0.201202
0.411609 0.278944
0.411700 0.157284
0.412697 0.478292
0.413394 0.158348
0.414611 0.315130
0.415132 0.554605
0.415344 0.268758
0.416786 0.424974
0.416857 0.125988
0.418259 0.107206
0.418537 0.753796
0.418630 0.726931
0.418794 0.093894
0.418994 0.578553
0.419587 0.636626
0.420868 0.582502
0.421234 0.721101
0.424831 0.777794
0.424843 0.654048
0.426184 0.722957
0.427019 0.724132
0.428618 0.516072
0.430248 0.627970
0.432063 0.459943
0.433300 0.717266
0.434942 0.206434
0.436356 0.784082
0.436738 0.151384
0.437227 0.637596
0.438054 0.751131
0.438787 0.446968
0.439633 0.717511
0.443436 0.453001
0.445389 0.371842
0.446002 0.423428
0.446866 0.496412
0.448315 0.679560
0.449907 0.605834
0.456575 0.759567
0.460279 0.298412
0.462031 0.094966
0.465543 0.628081
0.467766 0.285019
0.467921 0.575938
0.469592 0.337765
0.470582 0.540619
0.472773 0.677266
0.473238 0.605079
0.475751 0.585085
0.478722 0.456549
0.479865 0.215322
0.480484 0.636028
0.483865 0.554917
0.484448 0.463227
0.486973 0.317004
0.487799 0.752842
0.490345 0.473162
0.493359 0.532200
0.493414 0.571454
0.496293 0.247635
0.497757 0.233267
0.499157 0.659857
0.501135 0.556162
0.501607 0.358849
0.502210 0.618949
0.502814 0.751814
0.503378 0.795610
0.509924 0.353948
0.509969 0.219883
0.510620 0.507149
0.512020 0.803123
0.515805 0.493837
0.515821 0.487988
0.518520 0.228712
0.518871 0.660538
0.519360 0.217906
0.519751 0.545324
0.520005 0.437260
0.520028 0.439535
0.520575 0.653056
0.522285 0.253427
0.525258 0.524632
0.533270 0.468485
0.534412 0.752810
0.534714 0.297792
0.536863 0.294027
0.538065 0.202553
0.544556 0.333818
0.547356 0.744307
0.547695 0.169240
0.551004 0.452223
0.552780 0.737526
0.558235 0.179191
0.559883 0.683490
0.561691 0.387975
0.563418 0.531363
0.564142 0.326388
0.565295 0.266075
0.566075 0.297874
0.570184 0.539999
0.573503 0.593645
0.575066 0.430941
0.580053 0.342885
0.585731 0.612219
0.587557 0.261109
0.589936 0.738236
0.593667 0.505804
0.598843 0.560131
0.601813 0.504564
0.603041 0.356085
0.603738 0.587131
0.607699 0.636238
0.608184 0.359399
0.610278 0.299955
0.612712 0.811511
0.614017 0.518296
0.616760 0.613192
0.622070 0.771902
0.622545 0.249888
0.625296 0.712540
0.626794 0.536240
0.628075 0.210674
0.628179 0.751915
0.630293 0.719094
0.636037 0.663890
0.637081 0.794256
0.641708 0.619995
0.657875 0.649462
0.673680 0.636542
0.678457 0.526104
0.699888 0.478538
0.700138 0.818198
0.730851 0.615880
0.736951 0.262959
0.743159 0.628559
0.759794 0.605451
0.779644 0.508744
0.787563 0.391719
0.790518 0.486733
0.801999 0.698907
0.831329 0.849416
0.837632 0.614826
0.860020 0.391712
0.893069 0.547138
0.937216 0.864882
1.000000 1.000000
