0.000000 0.933252
0.022061 0.757210
0.022979 0.916369
0.025765 0.862909
0.032204 0.698007
0.047816 0.623376
0.049435 0.943866
0.051491 0.976596
0.054977 0.886027
0.058928 0.923289
0.064750 0.657535
0.069139 0.801701
0.071195 0.841135
0.074351 0.624455
0.076587 1.000000
0.085088 0.708808
0.085226 0.889087
0.085613 0.815575
0.087670 0.624653
0.090824 0.851204
0.091037 0.729530
0.099976 0.738925
0.102342 0.678882
0.103635 0.756211
0.104367 0.935740
0.107987 0.776065
0.114956 0.650595
0.116404 0.780943
0.118442 0.974187
0.119473 0.681977
0.121273 0.789998
0.127733 0.681084
0.131147 0.847692
0.135015 0.979143
0.135596 0.853655
0.135753 0.733457
0.135951 0.803371
0.137915 0.614705
0.139108 0.809253
0.140776 0.757054
0.142842 0.936195
0.143453 0.646714
0.144999 0.817070
0.150394 0.710181
0.154862 0.732702
0.158882 0.657808
0.160352 0.727541
0.164388 0.623005
0.165262 0.733192
0.165910 0.630618
0.166515 0.798656
0.169763 0.989620
0.171082 0.859923
0.171084 0.824291
0.171954 0.992873
0.173480 0.685866
0.175646 0.912586
0.183170 0.654570
0.185809 0.879564
0.186540 0.810960
0.187468 0.698046
0.190688 0.821091
0.192293 0.935249
0.192883 0.675069
0.193508 0.688777
0.195954 0.833773
0.196928 0.956527
0.198337 0.661455
0.201273 0.919223
0.204789 0.625608
0.206366 0.973379
0.211296 0.824551
0.212092 0.784607
0.214782 0.872893
0.216539 0.601076
0.220663 0.678870
0.221064 0.726383
0.227516 0.676736
0.229407 0.745983
0.231051 0.788349
0.234841 0.622333
0.239876 0.674146
0.242611 0.694655
0.244429 0.890409
0.247777 0.701911
0.253007 0.963313
0.255111 0.638223
0.255608 0.669931
0.257810 0.832404
0.258656 0.974090
0.259614 0.789842
0.261938 0.604724
0.262575 0.770489
0.265343 0.718166
0.265480 0.888571
0.265872 0.595731
0.268809 0.968900
0.271769 0.611143
0.272979 0.839866
0.273765 0.694937
0.286731 0.890942
0.295151 0.644101
0.296340 0.801570
0.296603 0.921329
0.297957 0.808914
0.298049 0.854398
0.299172 0.582090
0.300144 0.866506
0.301758 0.676357
0.303441 0.667255
0.304296 0.932899
0.304922 0.818991
0.308887 0.741203
0.313719 0.746678
0.314547 0.789644
0.323004 0.931324
0.323057 0.581590
0.325638 0.886427
0.346914 0.881754
0.357418 0.681787
0.359202 0.903575
0.362768 0.861878
0.370240 0.837740
0.370754 0.659589
0.373930 0.895701
0.377280 0.765333
0.378168 0.546023
0.384821 0.727198
0.386988 0.575805
0.390561 0.810026
0.406329 0.626136
0.407111 0.588236
0.413090 0.507377
0.414323 0.801270
0.421481 0.751766
0.426543 0.736133
0.429259 0.477813
0.435814 0.647836
0.440279 0.556629
0.443314 0.620129
0.450154 0.607665
0.450201 0.474904
0.450991 0.794073
0.470026 0.749836
0.473517 0.424837
0.491323 0.527257
0.499503 0.448527
0.503524 0.552719
0.505288 0.608997
0.506357 0.440471
0.507210 0.461881
0.508178 0.630062
0.515987 0.536138
0.543904 0.719969
0.549085 0.391674
0.559608 0.622384
0.561587 0.361091
0.575357 0.320471
0.610699 0.329838
0.613612 0.563537
0.625580 0.285729
0.669235 0.492542
0.714267 0.422273
0.771069 0.099161
0.777164 0.327664
0.780747 0.380312
0.821300 0.000000
1.000000 0.005550
