0.000000 1.000000
0.033392 0.868830
0.041162 0.792373
0.048105 0.686031
0.060795 0.628671
0.063971 0.745182
0.070609 0.726967
0.079470 0.582664
0.085402 0.701914
0.087531 0.603913
0.088211 0.553729
0.088657 0.647291
0.093069 0.582509
0.096596 0.636470
0.098248 0.586883
0.105190 0.567489
0.106522 0.538242
0.109082 0.529562
0.112075 0.562030
0.112801 0.584928
0.119789 0.547489
0.128876 0.413236
0.129598 0.491925
0.137800 0.490514
0.139651 0.398283
0.142113 0.466348
0.143463 0.610460
0.145743 0.430139
0.149187 0.455639
0.151041 0.456465
0.155507 0.481001
0.156951 0.529312
0.157518 0.447647
0.159519 0.405788
0.164778 0.480135
0.169147 0.418017
0.174314 0.347849
0.182388 0.433058
0.186337 0.452605
0.190502 0.433125
0.192083 0.355986
0.193297 0.385340
0.194991 0.374614
0.198039 0.361566
0.199012 0.391414
0.202707 0.341026
0.209025 0.406537
0.212099 0.344620
0.220954 0.312534
0.225327 0.324419
0.226471 0.298564
0.232798 0.258084
0.233416 0.395433
0.235430 0.265119
0.235603 0.316062
0.236315 0.390936
0.244334 0.376052
0.244791 0.340979
0.247298 0.330782
0.248216 0.341329
0.250026 0.325145
0.252807 0.316741
0.257685 0.426340
0.259277 0.251794
0.262013 0.289561
0.265469 0.313344
0.269779 0.334726
0.276045 0.242213
0.276540 0.294011
0.278876 0.381332
0.279968 0.503948
0.282956 0.253133
0.284931 0.301395
0.285353 0.404961
0.285522 0.250057
0.287398 0.261994
0.288861 0.371367
0.294940 0.247719
0.295785 0.190458
0.297378 0.230276
0.305160 0.340530
0.308313 0.216763
0.309798 0.270592
0.312392 0.227006
0.313462 0.195579
0.318635 0.241775
0.324743 0.329829
0.326375 0.345517
0.327123 0.196044
0.329433 0.256505
0.332467 0.247645
0.334134 0.328104
0.336485 0.271267
0.338809 0.265631
0.340987 0.260765
0.344807 0.292594
0.354738 0.213408
0.354993 0.309921
0.357168 0.257234
0.364179 0.148253
0.365941 0.245096
0.367440 0.172275
0.375236 0.282995
0.380466 0.270473
0.381279 0.265411
0.381873 0.239684
0.385054 0.214215
0.386265 0.222751
0.386753 0.175217
0.391188 0.173923
0.396721 0.194956
0.397819 0.221420
0.404647 0.249764
0.411581 0.229908
0.412702 0.192436
0.418732 0.137777
0.420462 0.261480
0.422579 0.170767
0.424356 0.224847
0.424507 0.251808
0.446415 0.143642
0.455185 0.104778
0.456275 0.135934
0.467111 0.271672
0.477222 0.152981
0.478252 0.095599
0.482796 0.256185
0.486937 0.168238
0.499910 0.250595
0.509051 0.166248
0.517926 0.198916
0.524967 0.221532
0.525627 0.113597
0.533907 0.340885
0.539745 0.113547
0.554157 0.133703
0.559228 0.091016
0.560816 0.237759
0.569701 0.115537
0.583048 0.062574
0.587212 0.213332
0.587905 0.236375
0.589374 0.263314
0.593426 0.194529
0.603950 0.159022
0.611071 0.131314
0.626133 0.112294
0.628708 0.256499
0.638017 0.087787
0.640927 0.198807
0.641691 0.057192
0.645994 0.195432
0.702791 0.256178
0.705212 0.227247
0.734828 0.030861
0.872507 0.030256
1.000000 0.000000
