0.000000 0.000000
0.005123 0.460375
0.028177 0.085037
0.030666 0.286688
0.031969 0.038104
0.035370 0.545301
0.039185 0.260512
0.046611 0.325200
0.046932 0.442555
0.048709 0.181393
0.049146 0.043573
0.051694 0.446797
0.059066 0.380972
0.060582 0.318071
0.060628 0.489573
0.068508 0.487566
0.070415 0.457043
0.075178 0.569323
0.077437 0.412064
0.077828 0.515935
0.081714 0.314137
0.086621 0.451648
0.088274 0.227957
0.094236 0.552911
0.096193 0.557912
0.097463 0.345610
0.099656 0.399302
0.100131 0.428574
0.100726 0.492688
0.101204 0.189728
0.103449 0.327988
0.103891 0.444924
0.104400 0.302424
0.118040 0.641908
0.125155 0.389248
0.126072 0.429889
0.131908 0.446896
0.133816 0.501639
0.138379 0.601509
0.141422 0.561198
0.142744 0.348762
0.144936 0.141294
0.146346 0.610560
0.146348 0.591967
0.147610 0.156263
0.148909 0.630448
0.149603 0.360321
0.153080 0.459742
0.153791 0.662593
0.155547 0.521311
0.155686 0.359580
0.161325 0.402851
0.162502 0.608173
0.164571 0.589245
0.165446 0.437106
0.167269 0.591051
0.167452 0.594912
0.167807 0.460665
0.168529 0.657983
0.168797 0.439060
0.172062 0.390037
0.173594 0.247668
0.173844 0.379062
0.175030 0.658169
0.175619 0.351007
0.178557 0.347320
0.178622 0.733984
0.179717 0.594176
0.182246 0.578769
0.182359 0.579919
0.183881 0.642501
0.184028 0.346344
0.187397 0.539204
0.189201 0.519509
0.190385 0.227479
0.190406 0.562161
0.192471 0.705013
0.195297 0.530259
0.197821 0.536599
0.199916 0.615329
0.200164 0.597231
0.201971 0.626363
0.203233 0.566420
0.204024 0.590365
0.205215 0.707573
0.211037 0.732656
0.211621 0.664048
0.213827 0.397827
0.215698 0.702915
0.220333 0.670861
0.221402 0.767164
0.224517 0.434795
0.224607 0.635078
0.226246 0.709170
0.232545 0.606455
0.235375 0.582414
0.236424 0.511421
0.238415 0.725378
0.239481 0.535441
0.240714 0.755028
0.240721 0.555231
0.241269 0.726839
0.241515 0.491775
0.242366 0.774606
0.242375 0.477695
0.243090 0.699981
0.245144 0.619480
0.246413 0.519919
0.248132 0.579162
0.251621 0.695176
0.251886 0.460281
0.253320 0.628680
0.255898 0.618461
0.257499 0.547914
0.259657 0.625486
0.261620 0.617451
0.261783 0.716693
0.262179 0.665626
0.262436 0.646343
0.263332 0.553150
0.266131 0.519256
0.266266 0.720420
0.266465 0.555395
0.267295 0.571694
0.267922 0.616818
0.268365 0.534399
0.269927 0.465877
0.270487 0.749656
0.271528 0.457032
0.274311 0.653558
0.281641 0.718807
0.281966 0.383775
0.286793 0.784633
0.287088 0.350392
0.289884 0.789516
0.289961 0.587102
0.290803 0.775742
0.292772 0.650441
0.296487 0.804843
0.298378 0.704035
0.301413 0.709081
0.301573 0.646273
0.303790 0.621204
0.304302 0.506360
0.306423 0.730750
0.313436 0.694820
0.314135 0.469302
0.317749 0.483703
0.317900 0.754836
0.319478 0.792046
0.319793 0.636105
0.323585 0.677608
0.323909 0.461903
0.326608 0.726758
0.327658 0.763026
0.328259 0.534704
0.330341 0.596986
0.330382 0.634090
0.331684 0.636654
0.333260 0.632961
0.334277 0.803143
0.334485 0.627446
0.336212 0.681494
0.336504 0.572301
0.339019 0.492051
0.340294 0.735740
0.342986 0.547383
0.343699 0.547458
0.344845 0.671955
0.345607 0.587151
0.349544 0.612538
0.350068 0.673676
0.351990 0.595826
0.352811 0.723207
0.354566 0.711752
0.356308 0.622028
0.356645 0.772593
0.358243 0.744494
0.358742 0.572292
0.361927 0.809212
0.362032 0.414321
0.367136 0.700149
0.369764 0.688000
0.371247 0.606118
0.371456 0.640840
0.372680 0.706009
0.373166 0.615129
0.374624 0.699261
0.375744 0.691751
0.375804 0.834448
0.375933 0.720513
0.377436 0.620562
0.377511 0.555534
0.378096 0.835783
0.381187 0.694429
0.381561 0.610359
0.386239 0.494311
0.389961 0.542287
0.392526 0.647185
0.392627 0.343973
0.394040 0.699825
0.394646 0.568073
0.395083 0.739763
0.398297 0.675646
0.398355 0.647377
0.399337 0.473426
0.399470 0.561372
0.399487 0.870744
0.401045 0.545385
0.401156 0.731237
0.403345 0.777286
0.403568 0.748009
0.405358 0.840559
0.406954 0.678142
0.407543 0.674801
0.408806 0.594773
0.409064 0.777791
0.409144 0.623198
0.410872 0.823199
0.412871 0.849521
0.417266 0.718403
0.422209 0.552672
0.425594 0.669713
0.425683 0.602861
0.425905 0.753017
0.426028 0.818523
0.426723 0.665331
0.426726 0.609573
0.427989 0.813919
0.428953 0.438783
0.429280 0.753520
0.429575 0.654524
0.429806 0.619791
0.434006 0.666221
0.435659 0.679894
0.435955 0.697383
0.438831 0.744596
0.438984 0.798792
0.440290 0.769080
0.442808 0.683197
0.442941 0.676494
0.447470 0.801165
0.448795 0.835109
0.449728 0.515746
0.451151 0.814671
0.452251 0.747090
0.454546 0.796163
0.454636 0.650170
0.455831 0.630757
0.458567 0.745327
0.459656 0.723010
0.461665 0.783780
0.465350 0.638329
0.465508 0.593832
0.466811 0.511145
0.467900 0.779090
0.471214 0.764808
0.471605 0.874493
0.474874 0.845075
0.478519 0.832111
0.478569 0.204812
0.481038 0.470993
0.488929 0.578177
0.489003 0.790244
0.490415 0.855192
0.490540 0.740880
0.490875 0.868620
0.491422 0.678136
0.496203 0.838630
0.497584 0.542565
0.500986 0.606514
0.501077 0.412995
0.507327 0.892303
0.507914 0.666738
0.508371 0.733995
0.510124 0.835240
0.512775 0.684111
0.513187 0.658229
0.516770 0.816609
0.518690 0.480732
0.521281 0.574268
0.522695 0.743607
0.522870 0.634828
0.523220 0.859990
0.526142 0.614772
0.527191 0.859300
0.529587 0.947633
0.531519 0.833394
0.534595 0.513541
0.537921 0.889487
0.542433 0.864039
0.543157 0.573377
0.543843 0.782696
0.543901 0.682740
0.546519 0.710330
0.549231 0.648525
0.551920 0.548894
0.552702 0.817880
0.557142 0.761565
0.557981 0.717844
0.561046 0.884974
0.563341 0.845076
0.563921 0.685760
0.564059 0.630052
0.564595 0.726062
0.566385 0.690545
0.569332 0.862094
0.569632 0.872372
0.570175 0.827800
0.575330 0.850930
0.577384 0.831029
0.578336 0.649724
0.580525 0.526603
0.580779 0.865154
0.584962 0.962273
0.589473 0.631326
0.589948 0.663279
0.591014 0.672668
0.592274 0.944908
0.592913 0.722380
0.593515 0.747468
0.596270 0.652051
0.597636 0.738894
0.598989 0.714384
0.605375 0.941218
0.612227 0.850921
0.616004 0.944956
0.623883 0.831215
0.625782 0.935567
0.627108 0.747261
0.638901 0.865012
0.638951 0.788602
0.642449 0.921539
0.644124 0.709580
0.647149 0.714035
0.647420 0.881488
0.652687 0.696603
0.662256 0.694614
0.662602 0.754775
0.663384 0.852237
0.663502 0.809921
0.684000 0.341029
0.685727 0.756389
0.688531 0.924768
0.692043 0.532596
0.695453 1.000000
0.696938 0.846475
0.697606 0.526565
0.700136 0.614570
0.701365 0.567470
0.715481 0.804507
0.724773 0.899097
0.729337 0.702432
0.749356 0.955453
0.750810 0.783694
0.763260 0.865251
0.769474 0.829552
0.778816 0.970336
0.782801 0.793195
0.786528 0.718485
0.790026 0.790828
0.802446 0.752036
0.807026 0.834140
0.809862 0.807315
0.817452 0.532435
0.820988 0.820565
0.826598 0.905984
0.840547 0.826132
0.841529 0.778563
0.846401 0.583491
0.846486 0.891903
0.846822 0.781184
0.852277 0.794969
0.853635 0.792961
0.860086 0.724048
0.860875 0.884607
0.905007 0.920489
0.920371 0.698527
0.947521 0.848834
0.958486 0.953507
1.000000 0.763525
