0.000000 0.001029
0.002731 0.024013
0.006051 0.008141
0.006470 0.057594
0.006624 0.012413
0.006686 0.039805
0.007459 0.000000
0.008633 0.073702
0.008921 0.004562
0.012808 0.102671
0.013066 0.000557
0.014723 0.009639
0.017869 0.151849
0.018046 0.001829
0.019491 0.165287
0.021066 0.011277
0.023407 0.005745
0.026453 0.017019
0.035220 0.007768
0.036086 0.034382
0.038384 0.090862
0.038947 0.002769
0.039199 0.046914
0.039208 0.160599
0.042416 0.002818
0.043635 0.009550
0.045616 0.028949
0.046334 0.053964
0.047244 0.013101
0.047748 0.015606
0.049007 0.017115
0.051088 0.088866
0.053044 0.005334
0.054075 0.160921
0.055010 0.011424
0.056744 0.031095
0.058225 0.186623
0.060408 0.021399
0.060743 0.010647
0.060907 0.010510
0.061075 0.129202
0.062139 0.194744
0.062927 0.026804
0.063890 0.010111
0.064132 0.027713
0.064205 0.038011
0.069179 0.109691
0.069338 0.140622
0.071008 0.043265
0.073495 0.052089
0.074944 0.007229
0.075834 0.032038
0.078770 0.011020
0.084946 0.026842
0.086011 0.114666
0.089494 0.103660
0.090928 0.016509
0.091684 0.168355
0.091891 0.076632
0.092890 0.026784
0.095026 0.025757
0.096312 0.034475
0.099012 0.052218
0.100319 0.174566
0.100405 0.119663
0.104327 0.048180
0.104973 0.155244
0.105657 0.034218
0.109148 0.036270
0.109877 0.106803
0.110627 0.015104
0.112600 0.044866
0.115708 0.110675
0.115864 0.220651
0.116289 0.050692
0.118279 0.053474
0.118900 0.089578
0.120303 0.106559
0.121874 0.020918
0.121875 0.096055
0.122277 0.098151
0.124765 0.215341
0.124894 0.064297
0.125493 0.055800
0.125676 0.098904
0.129743 0.039082
0.133872 0.027251
0.137559 0.240552
0.138280 0.104751
0.138424 0.093246
0.143067 0.059450
0.148793 0.128847
0.149044 0.189332
0.149244 0.218100
0.153334 0.116481
0.154567 0.176944
0.156561 0.100146
0.156802 0.090606
0.157124 0.201667
0.159961 0.025158
0.164062 0.079828
0.166795 0.074724
0.166912 0.120317
0.170674 0.255775
0.173493 0.076549
0.173605 0.124266
0.175100 0.100122
0.176309 0.154026
0.176829 0.270791
0.178896 0.149012
0.179969 0.192234
0.183862 0.044498
0.185247 0.208809
0.187306 0.113218
0.189642 0.084499
0.189954 0.034689
0.190955 0.051863
0.199560 0.141799
0.202227 0.153347
0.202462 0.308454
0.204603 0.113111
0.206777 0.049414
0.206859 0.239276
0.209358 0.049426
0.214097 0.048952
0.214634 0.043686
0.215215 0.181909
0.222187 0.077720
0.226076 0.156601
0.227614 0.270257
0.227864 0.099219
0.228821 0.084652
0.230789 0.290421
0.231983 0.121089
0.234168 0.148622
0.239426 0.229220
0.239802 0.212471
0.240040 0.050268
0.242453 0.154574
0.243603 0.055442
0.247005 0.057790
0.252020 0.120626
0.254539 0.080531
0.254905 0.209991
0.257522 0.111876
0.258066 0.372588
0.261471 0.068715
0.262230 0.197465
0.265480 0.310787
0.265945 0.102546
0.267127 0.062724
0.268777 0.183365
0.272193 0.076214
0.272381 0.070268
0.273524 0.099170
0.274034 0.276948
0.274192 0.115775
0.275693 0.270718
0.276465 0.107891
0.281703 0.364869
0.284113 0.069912
0.288776 0.114334
0.288962 0.119584
0.290839 0.117898
0.292351 0.351708
0.292812 0.107364
0.293447 0.112180
0.293822 0.164512
0.293903 0.102036
0.295154 0.398891
0.296513 0.407714
0.297356 0.362951
0.300947 0.342669
0.301513 0.277135
0.301713 0.361174
0.304041 0.285451
0.309540 0.082710
0.310278 0.299585
0.311336 0.120867
0.311939 0.147697
0.312534 0.105253
0.315051 0.361127
0.317374 0.235521
0.317938 0.309511
0.329245 0.203421
0.334338 0.405773
0.336402 0.362680
0.338024 0.114483
0.341467 0.132239
0.343502 0.320671
0.344653 0.138511
0.348718 0.316609
0.350177 0.096321
0.351582 0.429948
0.358495 0.235048
0.359046 0.096637
0.361078 0.159991
0.362020 0.182174
0.364218 0.139675
0.365429 0.439455
0.367771 0.440306
0.368267 0.141082
0.370602 0.315932
0.372842 0.284932
0.373598 0.151820
0.376850 0.158568
0.377272 0.455311
0.378108 0.150251
0.380449 0.307390
0.381111 0.210799
0.387213 0.494193
0.392277 0.424905
0.393859 0.142008
0.396654 0.236273
0.396661 0.212392
0.405681 0.144217
0.406760 0.246268
0.407266 0.266707
0.409154 0.341093
0.412418 0.294169
0.412952 0.413885
0.417001 0.141815
0.419418 0.135452
0.422099 0.253623
0.424136 0.288963
0.424259 0.133174
0.426947 0.297048
0.429185 0.537741
0.435730 0.136935
0.440071 0.349784
0.441125 0.252231
0.442423 0.323313
0.442703 0.154429
0.444356 0.136504
0.445362 0.147292
0.447089 0.423359
0.447208 0.174319
0.447581 0.329949
0.448733 0.295176
0.448876 0.180658
0.449852 0.416596
0.449979 0.199695
0.450101 0.428827
0.451165 0.176986
0.452353 0.364473
0.452554 0.408272
0.453345 0.333911
0.454880 0.562336
0.455943 0.188326
0.457095 0.204997
0.457729 0.161318
0.459115 0.417951
0.462344 0.146934
0.463877 0.428553
0.465559 0.202361
0.466975 0.290916
0.471493 0.183508
0.472384 0.199146
0.472570 0.396711
0.474128 0.315409
0.477790 0.303033
0.478423 0.310408
0.481649 0.485669
0.485416 0.261238
0.486640 0.333292
0.488823 0.266316
0.489576 0.342276
0.489799 0.195891
0.489810 0.395452
0.490616 0.194535
0.491217 0.328277
0.497342 0.506151
0.500109 0.172543
0.502401 0.395990
0.502408 0.339008
0.503545 0.446796
0.508014 0.196543
0.510396 0.275355
0.512082 0.516621
0.515768 0.379313
0.518271 0.249041
0.521213 0.215242
0.521391 0.478399
0.524318 0.613873
0.524502 0.293200
0.525466 0.193175
0.525986 0.524493
0.526528 0.380183
0.527475 0.208862
0.528425 0.387292
0.529451 0.333410
0.533600 0.232947
0.534642 0.296993
0.534795 0.365364
0.536412 0.281405
0.537126 0.602705
0.537775 0.406218
0.537841 0.237779
0.539663 0.412603
0.541621 0.567176
0.543443 0.256675
0.545018 0.348501
0.546183 0.557802
0.546829 0.450798
0.548293 0.246417
0.550596 0.476757
0.557210 0.283160
0.560752 0.573656
0.563235 0.597027
0.563920 0.420260
0.566020 0.311895
0.566806 0.287891
0.567185 0.465574
0.567731 0.416451
0.569042 0.287530
0.569153 0.435206
0.575409 0.237277
0.577655 0.516841
0.579415 0.510470
0.579874 0.418596
0.580645 0.234781
0.581999 0.314953
0.582024 0.334309
0.586166 0.419575
0.586787 0.243605
0.588442 0.313981
0.589430 0.459687
0.591368 0.374175
0.598829 0.522076
0.606073 0.628920
0.608885 0.337616
0.609950 0.413680
0.614647 0.384816
0.616397 0.671754
0.616970 0.344764
0.617858 0.468487
0.618726 0.514708
0.619027 0.421761
0.619714 0.526801
0.620314 0.600749
0.623920 0.473467
0.623950 0.294099
0.630408 0.403780
0.630873 0.494463
0.631487 0.478913
0.631865 0.373307
0.637691 0.294210
0.640833 0.553582
0.648174 0.300863
0.649472 0.483481
0.651169 0.344074
0.655468 0.645099
0.657447 0.429189
0.659270 0.587453
0.662923 0.396532
0.663147 0.417347
0.664640 0.421483
0.667839 0.649615
0.668826 0.532308
0.669502 0.494305
0.669585 0.453110
0.670942 0.357090
0.671563 0.395707
0.671720 0.586439
0.671852 0.543648
0.672833 0.368710
0.673522 0.389879
0.680887 0.760018
0.680988 0.473633
0.682930 0.353165
0.684221 0.534464
0.685723 0.462513
0.689199 0.518238
0.690497 0.564032
0.697871 0.378782
0.698728 0.457847
0.700820 0.605527
0.701451 0.724374
0.702823 0.422839
0.702849 0.518308
0.702876 0.413562
0.713862 0.508192
0.716507 0.751929
0.717038 0.677444
0.720531 0.418212
0.722525 0.765122
0.722624 0.482568
0.725353 0.500573
0.729634 0.481335
0.730927 0.781185
0.731783 0.575153
0.733430 0.640459
0.733469 0.535517
0.734884 0.690219
0.740757 0.627410
0.740778 0.527243
0.741629 0.592679
0.746305 0.588998
0.746900 0.447142
0.750994 0.423208
0.751874 0.796242
0.755399 0.450445
0.760653 0.541259
0.763324 0.777224
0.766134 0.445289
0.769044 0.529710
0.770945 0.462717
0.772502 0.585388
0.772748 0.648676
0.773795 0.839550
0.776802 0.536078
0.780433 0.545618
0.781551 0.841858
0.781560 0.491179
0.781946 0.414914
0.783887 0.474772
0.784040 0.696895
0.786016 0.438684
0.786289 0.752102
0.788486 0.641821
0.790335 0.594858
0.790383 0.540276
0.791648 0.758022
0.792303 0.527635
0.793614 0.792329
0.794525 0.517830
0.796654 0.501259
0.799737 0.784239
0.801030 0.775239
0.806742 0.590979
0.809080 0.800253
0.813785 0.688000
0.814751 0.839878
0.815053 0.489550
0.820912 0.493510
0.823002 0.532665
0.823300 0.871756
0.825807 0.812467
0.827670 0.483118
0.842081 0.633579
0.844099 0.812348
0.844517 0.597102
0.844924 0.573835
0.845820 0.537268
0.846339 0.722112
0.850566 0.571538
0.851665 0.496832
0.862251 0.805947
0.862404 0.771048
0.862739 0.603974
0.865694 0.682861
0.866818 0.540908
0.868212 0.534367
0.868491 0.725810
0.873892 0.637970
0.875040 0.644380
0.876514 0.748157
0.877187 0.543716
0.877755 0.583420
0.878957 0.832243
0.886693 0.797662
0.887353 0.570922
0.887788 0.641482
0.890366 0.601700
0.893443 0.866310
0.896501 0.652855
0.896686 0.564596
0.898210 0.815788
0.899065 0.817830
0.899291 0.801049
0.899922 0.619575
0.901533 0.733853
0.901834 0.641782
0.901864 0.855996
0.908293 0.566669
0.917769 0.599110
0.920998 0.822910
0.922970 0.644855
0.923097 0.636068
0.923160 0.725173
0.925415 0.590336
0.926624 0.955720
0.926767 0.784603
0.928300 0.695345
0.929700 0.912847
0.930134 0.822847
0.930196 0.736414
0.933785 0.884636
0.933864 0.614163
0.934502 0.980423
0.934568 0.695789
0.938350 0.742064
0.939293 0.642572
0.940251 0.886785
0.940442 0.757092
0.943458 0.614121
0.947599 0.786518
0.952485 0.863298
0.957707 0.851500
0.957868 1.000000
0.961075 0.897970
0.965329 0.720437
0.969293 0.923763
0.969912 0.731710
0.971636 0.689134
0.974986 0.847048
0.976977 0.873857
0.977193 0.908145
0.980345 0.767938
0.980786 0.872464
0.981221 0.760795
0.985344 0.801957
0.986009 0.715327
0.989194 0.929201
0.990274 0.728995
0.990797 0.976505
0.998062 0.898618
0.998094 0.744476
0.999149 0.911568
1.000000 0.885429
