0.000000 0.334815
0.002838 0.413963
0.009951 1.000000
0.011224 0.795497
0.017839 0.973420
0.020654 0.856821
0.024862 0.806457
0.025081 0.586423
0.032154 0.896237
0.038800 0.800085
0.039560 0.948227
0.040670 0.712988
0.041175 0.301442
0.041287 0.434799
0.042523 0.421752
0.045673 0.448331
0.050822 0.423325
0.051130 0.821260
0.059684 0.266829
0.059830 0.639267
0.060057 0.489962
0.066255 0.213178
0.069142 0.466166
0.070921 0.576738
0.075529 0.495187
0.076964 0.355201
0.081478 0.467608
0.082215 0.584558
0.086808 0.530243
0.088187 0.432073
0.091413 0.302309
0.097179 0.731395
0.102990 0.199406
0.103366 0.441073
0.105419 0.247747
0.106991 0.253880
0.118364 0.397484
0.119311 0.268439
0.119473 0.243847
0.120244 0.521052
0.122889 0.665622
0.125865 0.528250
0.132886 0.361812
0.133100 0.286638
0.134779 0.505901
0.134869 0.189148
0.136867 0.209302
0.137302 0.205347
0.139534 0.178144
0.142369 0.176550
0.148088 0.389687
0.149373 0.498591
0.150683 0.255298
0.151413 0.240170
0.154760 0.391563
0.156217 0.304495
0.156485 0.195994
0.163934 0.161684
0.164349 0.627942
0.166856 0.482465
0.172214 0.501027
0.181178 0.230916
0.182110 0.538867
0.182307 0.156592
0.182958 0.241103
0.186540 0.227489
0.188823 0.167304
0.189047 0.445540
0.189662 0.533054
0.190323 0.393060
0.199803 0.224488
0.200700 0.355994
0.201790 0.371611
0.201859 0.259908
0.203905 0.480623
0.211928 0.165214
0.215241 0.429121
0.215614 0.256531
0.229286 0.503400
0.229380 0.205276
0.235880 0.238327
0.237517 0.232652
0.239456 0.237411
0.240465 0.288454
0.242218 0.260215
0.245585 0.174463
0.245765 0.469454
0.247611 0.314582
0.249385 0.237979
0.252500 0.161174
0.258934 0.181239
0.259234 0.400211
0.259502 0.222420
0.262371 0.418076
0.264041 0.364805
0.269618 0.401491
0.269729 0.407906
0.273131 0.137131
0.276741 0.380779
0.277878 0.313254
0.278031 0.119397
0.278581 0.277031
0.279507 0.228278
0.285404 0.168046
0.290285 0.305356
0.300111 0.241999
0.300632 0.212562
0.307009 0.211059
0.309128 0.133828
0.309161 0.107770
0.310782 0.339489
0.311621 0.284986
0.313491 0.251006
0.315862 0.182732
0.316492 0.267644
0.320388 0.371736
0.320422 0.232427
0.320869 0.216609
0.321923 0.236094
0.323856 0.142154
0.325656 0.238428
0.335874 0.205555
0.336468 0.203144
0.336868 0.336529
0.340841 0.204175
0.341254 0.140029
0.342140 0.275119
0.346413 0.314803
0.363715 0.279142
0.364789 0.101788
0.367638 0.152273
0.368773 0.137923
0.372208 0.191493
0.378586 0.184845
0.378728 0.248765
0.378856 0.302472
0.379724 0.085609
0.379917 0.129784
0.380945 0.194935
0.384216 0.183211
0.392978 0.157957
0.393613 0.206251
0.394652 0.276002
0.396546 0.102313
0.397886 0.232784
0.399182 0.243685
0.410874 0.118242
0.417049 0.142137
0.419855 0.191120
0.423600 0.084292
0.424952 0.114702
0.427584 0.250931
0.430861 0.107651
0.433026 0.077720
0.433666 0.160408
0.440683 0.076110
0.442066 0.103706
0.442979 0.188373
0.444046 0.191874
0.450497 0.155168
0.455359 0.180941
0.455602 0.076619
0.457116 0.163438
0.458783 0.097889
0.459042 0.133294
0.465353 0.134405
0.465700 0.211179
0.466922 0.087443
0.467707 0.132082
0.469751 0.226785
0.472167 0.138076
0.474594 0.077639
0.475419 0.089576
0.476770 0.128261
0.478746 0.080843
0.482531 0.120684
0.488022 0.151829
0.492266 0.084125
0.494783 0.104120
0.498391 0.104110
0.500854 0.128783
0.505255 0.066474
0.505555 0.098524
0.513091 0.110818
0.517078 0.084918
0.523118 0.106785
0.529231 0.104675
0.529718 0.086260
0.530210 0.125971
0.532826 0.073855
0.533554 0.056375
0.534021 0.120501
0.535965 0.090939
0.539706 0.141654
0.540452 0.065138
0.540956 0.100544
0.542864 0.150095
0.550215 0.065866
0.551677 0.092107
0.552093 0.060378
0.552290 0.080962
0.559113 0.074367
0.563030 0.161545
0.563358 0.173204
0.564671 0.142645
0.566062 0.168609
0.567351 0.078585
0.573330 0.062373
0.580469 0.071603
0.581249 0.127937
0.582099 0.151148
0.585202 0.058755
0.585537 0.053327
0.586856 0.088804
0.591100 0.094041
0.594945 0.095989
0.599601 0.131515
0.600657 0.148336
0.603955 0.093438
0.608516 0.088246
0.609765 0.092845
0.611804 0.049228
0.614977 0.045782
0.616528 0.122563
0.616718 0.077913
0.619168 0.122499
0.620376 0.087894
0.627517 0.039793
0.630015 0.099579
0.636902 0.052734
0.637818 0.085054
0.643476 0.097660
0.645331 0.105183
0.647475 0.057185
0.653356 0.072509
0.653455 0.083590
0.658142 0.115881
0.658717 0.046376
0.662347 0.111000
0.664289 0.112536
0.664707 0.081891
0.666426 0.056876
0.666711 0.100372
0.667820 0.100440
0.673435 0.046842
0.679340 0.048604
0.681469 0.094829
0.692351 0.101416
0.696644 0.030996
0.700501 0.086234
0.703934 0.068525
0.704242 0.078201
0.708804 0.031874
0.711344 0.075806
0.711798 0.031678
0.712813 0.065637
0.714486 0.031772
0.716123 0.046359
0.718079 0.044201
0.719911 0.027654
0.721117 0.049196
0.727362 0.052873
0.729805 0.094819
0.740541 0.035572
0.743683 0.028587
0.744642 0.059976
0.746822 0.044421
0.750311 0.080173
0.751090 0.052346
0.752067 0.028683
0.753265 0.023061
0.753990 0.048881
0.754007 0.021994
0.756154 0.058650
0.774993 0.058934
0.775086 0.028332
0.777591 0.022737
0.782931 0.070844
0.786315 0.051580
0.788135 0.051833
0.789484 0.035818
0.789538 0.052754
0.790155 0.069642
0.796047 0.064159
0.797967 0.048231
0.800961 0.051780
0.801029 0.017637
0.801636 0.017556
0.811041 0.022066
0.812257 0.055705
0.812475 0.034681
0.817612 0.026984
0.819061 0.027725
0.823264 0.015899
0.831609 0.059132
0.831846 0.034578
0.834310 0.042236
0.834578 0.032340
0.834721 0.017452
0.839084 0.051691
0.840604 0.039410
0.840902 0.057870
0.842289 0.046814
0.855335 0.040064
0.859682 0.026140
0.863115 0.033114
0.863154 0.044676
0.863684 0.024051
0.866704 0.026302
0.867476 0.035493
0.868935 0.043293
0.869425 0.042144
0.872023 0.026550
0.872075 0.024213
0.872227 0.032871
0.874873 0.026888
0.879807 0.046486
0.882572 0.023622
0.883252 0.030012
0.883684 0.038516
0.886016 0.024372
0.893662 0.044000
0.896092 0.014056
0.896242 0.016391
0.896833 0.019747
0.899618 0.036905
0.904055 0.011546
0.908035 0.037691
0.911221 0.036578
0.913141 0.030081
0.917867 0.020424
0.920401 0.014813
0.922440 0.012686
0.924006 0.012831
0.924335 0.008213
0.925230 0.035045
0.926824 0.020146
0.932004 0.033892
0.932492 0.025912
0.932821 0.006566
0.933063 0.033715
0.934802 0.003671
0.934875 0.022107
0.937130 0.034672
0.937919 0.008514
0.950066 0.014316
0.951497 0.022825
0.953151 0.025529
0.955625 0.011343
0.956790 0.016362
0.957405 0.013512
0.961262 0.013548
0.966356 0.004674
0.972766 0.006614
0.972999 0.005702
0.976557 0.016964
0.976576 0.014388
0.978058 0.024649
0.985981 0.000000
0.986009 0.021430
0.986924 0.013130
0.988605 0.000036
0.989785 0.007236
0.991169 0.001798
0.992074 0.009102
0.994074 0.019771
0.997542 0.003235
1.000000 0.007559
