0.000000 0.162234
0.003684 1.000000
0.007452 0.082148
0.007557 0.024167
0.008165 0.015968
0.010428 0.110017
0.012448 0.042782
0.018273 0.012876
0.018945 0.011742
0.020308 0.396817
0.023405 0.044240
0.024426 0.114496
0.025313 0.024535
0.027948 0.210202
0.027960 0.461445
0.034989 0.051720
0.037931 0.018138
0.041545 0.011135
0.044492 0.055001
0.045910 0.028162
0.046167 0.038310
0.054713 0.013586
0.056361 0.176028
0.057372 0.021159
0.057786 0.108188
0.058454 0.215369
0.060824 0.103261
0.063702 0.279353
0.066154 0.242747
0.067316 0.050382
0.073462 0.112733
0.076120 0.233441
0.079727 0.008253
0.081364 0.009977
0.081952 0.214988
0.083090 0.019866
0.083274 0.008035
0.083679 0.073253
0.086854 0.032261
0.087032 0.030927
0.092592 0.005656
0.096391 0.066740
0.096471 0.010656
0.096784 0.140700
0.096907 0.189532
0.099139 0.021234
0.099223 0.086568
0.103300 0.133369
0.103433 0.093845
0.105606 0.054252
0.106861 0.010181
0.109961 0.083272
0.110300 0.082470
0.112895 0.032351
0.114280 0.027140
0.117720 0.009093
0.124695 0.023320
0.129113 0.005345
0.137749 0.004453
0.139412 0.006657
0.148375 0.051480
0.152101 0.003918
0.152411 0.030322
0.152664 0.003438
0.155847 0.006870
0.160639 0.058396
0.162597 0.031941
0.162808 0.060204
0.164228 0.039724
0.170465 0.017088
0.173925 0.007381
0.176000 0.026682
0.176740 0.061376
0.179316 0.008950
0.183071 0.031452
0.184032 0.051652
0.184655 0.017857
0.189126 0.015976
0.189471 0.007648
0.194746 0.009099
0.196845 0.035772
0.197572 0.013165
0.200758 0.006202
0.203475 0.034514
0.203527 0.005070
0.205573 0.004763
0.207984 0.006529
0.209116 0.022408
0.211353 0.024961
0.212117 0.028408
0.214564 0.011510
0.216105 0.007873
0.216307 0.005692
0.218115 0.022316
0.219023 0.010543
0.220471 0.019550
0.221625 0.022955
0.222282 0.007282
0.222991 0.003185
0.223274 0.010889
0.225902 0.003147
0.225956 0.004483
0.226697 0.035044
0.230361 0.019179
0.231617 0.003088
0.232207 0.013693
0.232227 0.004412
0.233545 0.004656
0.237291 0.002838
0.239287 0.004051
0.239439 0.002035
0.239999 0.013682
0.249912 0.024215
0.251057 0.001816
0.251737 0.007287
0.252773 0.003626
0.254526 0.001913
0.255353 0.007877
0.256544 0.025051
0.259454 0.004470
0.268739 0.020480
0.269093 0.006940
0.270360 0.003077
0.271476 0.003476
0.271757 0.017550
0.274819 0.004775
0.275441 0.009329
0.278474 0.003162
0.280479 0.006989
0.282013 0.001462
0.288126 0.003095
0.288134 0.001942
0.288945 0.005582
0.289875 0.012833
0.290073 0.017386
0.299373 0.001762
0.300253 0.003285
0.300859 0.006288
0.301557 0.010894
0.305036 0.003066
0.305962 0.001372
0.311603 0.003094
0.314735 0.011129
0.316172 0.004118
0.319620 0.003589
0.320791 0.001194
0.322914 0.002224
0.324806 0.002163
0.325872 0.001541
0.326338 0.009049
0.333575 0.006188
0.333808 0.011993
0.334872 0.005361
0.337723 0.011607
0.346980 0.001075
0.347852 0.001979
0.349271 0.010984
0.349633 0.002654
0.350502 0.002291
0.351314 0.006721
0.351839 0.007402
0.354518 0.001328
0.357802 0.003071
0.361519 0.001620
0.362571 0.008007
0.364963 0.001544
0.367732 0.007828
0.371022 0.001699
0.373148 0.007272
0.375002 0.007157
0.377436 0.001597
0.381656 0.001849
0.385238 0.002775
0.392219 0.000812
0.393845 0.002990
0.395538 0.005248
0.398382 0.000921
0.402430 0.004057
0.403486 0.006028
0.404495 0.001348
0.406582 0.005586
0.408076 0.004155
0.409241 0.000772
0.410466 0.001129
0.412579 0.003845
0.415826 0.001219
0.420450 0.002271
0.421016 0.002218
0.423389 0.001142
0.423635 0.001072
0.425572 0.000979
0.426295 0.001063
0.429956 0.000735
0.430800 0.004962
0.434707 0.001357
0.434994 0.005138
0.438373 0.005550
0.439621 0.001479
0.443000 0.003218
0.444535 0.000828
0.444659 0.001786
0.447135 0.003933
0.452578 0.001029
0.452935 0.003303
0.457076 0.001330
0.457720 0.001870
0.460878 0.001057
0.464277 0.003050
0.466880 0.002366
0.467803 0.001122
0.471875 0.001037
0.472080 0.000807
0.479510 0.000785
0.481266 0.003291
0.482820 0.001105
0.483136 0.001848
0.486532 0.001327
0.487326 0.000892
0.487663 0.002544
0.488962 0.001262
0.491047 0.000573
0.491589 0.001541
0.491812 0.002037
0.492410 0.000591
0.492838 0.001639
0.495510 0.001694
0.496135 0.000578
0.499428 0.000818
0.499733 0.002499
0.502396 0.002621
0.504496 0.001721
0.512854 0.000764
0.519434 0.002465
0.520574 0.001423
0.522799 0.001301
0.527012 0.000674
0.529760 0.000565
0.533000 0.002334
0.533588 0.001548
0.539767 0.000509
0.540703 0.001235
0.540897 0.002435
0.541650 0.000964
0.542828 0.000485
0.546479 0.001948
0.552790 0.001120
0.563400 0.001085
0.566964 0.001068
0.567682 0.000481
0.569259 0.002212
0.571021 0.000373
0.573341 0.001197
0.575499 0.000487
0.576100 0.001509
0.577689 0.000392
0.578665 0.001608
0.581603 0.000616
0.584160 0.000367
0.585127 0.001821
0.590710 0.001764
0.594718 0.001010
0.604600 0.000623
0.604616 0.001353
0.604777 0.000508
0.606255 0.000875
0.610373 0.000496
0.613568 0.000720
0.615036 0.000364
0.619562 0.000448
0.619742 0.000975
0.624161 0.000335
0.625226 0.001293
0.625783 0.000281
0.627872 0.000501
0.629270 0.000335
0.629583 0.001432
0.631355 0.000773
0.635007 0.000992
0.638722 0.000378
0.639237 0.000571
0.652416 0.001386
0.653446 0.000835
0.654805 0.000263
0.658806 0.000291
0.659121 0.000603
0.661397 0.000673
0.662697 0.000361
0.663355 0.000273
0.665877 0.000668
0.666967 0.000814
0.673662 0.000583
0.676785 0.000373
0.680919 0.000369
0.683187 0.000316
0.684856 0.000235
0.687476 0.000801
0.689863 0.001067
0.693171 0.000253
0.693230 0.000190
0.696108 0.000395
0.698369 0.000360
0.699539 0.000197
0.700426 0.000466
0.703884 0.000851
0.709599 0.000477
0.711340 0.000793
0.711851 0.000648
0.712221 0.000338
0.713849 0.000773
0.715351 0.000473
0.715816 0.000688
0.719088 0.000596
0.719946 0.000454
0.723828 0.000479
0.724258 0.000718
0.724512 0.000160
0.726562 0.000615
0.730938 0.000277
0.731709 0.000544
0.733379 0.000460
0.733726 0.000210
0.736249 0.000219
0.737363 0.000369
0.743213 0.000586
0.745688 0.000622
0.748335 0.000721
0.750188 0.000376
0.755001 0.000182
0.757056 0.000722
0.761274 0.000189
0.761378 0.000346
0.767932 0.000239
0.768252 0.000654
0.769799 0.000238
0.770713 0.000485
0.771462 0.000480
0.771562 0.000366
0.773101 0.000510
0.774097 0.000715
0.775168 0.000694
0.777290 0.000393
0.777434 0.000650
0.779014 0.000285
0.779089 0.000528
0.779158 0.000400
0.780489 0.000256
0.783213 0.000278
0.783263 0.000152
0.783470 0.000366
0.786577 0.000152
0.787115 0.000265
0.788313 0.000217
0.791325 0.000278
0.791515 0.000432
0.792260 0.000379
0.794128 0.000351
0.795914 0.000337
0.795973 0.000124
0.796499 0.000626
0.796833 0.000173
0.797613 0.000386
0.799615 0.000180
0.802272 0.000524
0.803716 0.000518
0.805092 0.000549
0.805592 0.000194
0.806047 0.000171
0.806487 0.000265
0.807528 0.000127
0.810770 0.000488
0.810948 0.000130
0.813451 0.000261
0.814308 0.000282
0.814705 0.000149
0.817452 0.000375
0.820029 0.000119
0.820924 0.000142
0.823445 0.000229
0.826192 0.000116
0.826296 0.000319
0.827930 0.000079
0.828720 0.000327
0.833406 0.000490
0.840817 0.000134
0.841373 0.000193
0.851106 0.000210
0.856468 0.000243
0.863367 0.000165
0.864079 0.000097
0.871280 0.000078
0.872827 0.000394
0.873413 0.000186
0.877053 0.000346
0.878650 0.000059
0.880468 0.000167
0.883213 0.000115
0.883867 0.000123
0.888823 0.000233
0.890486 0.000069
0.891512 0.000240
0.895815 0.000164
0.897364 0.000317
0.897656 0.000045
0.898850 0.000148
0.899297 0.000237
0.899371 0.000166
0.902878 0.000077
0.903424 0.000057
0.904980 0.000145
0.907449 0.000054
0.909599 0.000274
0.910223 0.000239
0.911898 0.000278
0.915604 0.000128
0.920040 0.000089
0.930985 0.000170
0.932099 0.000088
0.937931 0.000161
0.938848 0.000158
0.943713 0.000027
0.944078 0.000037
0.944936 0.000060
0.947371 0.000134
0.949406 0.000033
0.949533 0.000016
0.953134 0.000155
0.958722 0.000180
0.963213 0.000079
0.964231 0.000072
0.964379 0.000120
0.968388 0.000116
0.971720 0.000091
0.973146 0.000048
0.974300 0.000036
0.974680 0.000033
0.980025 0.000131
0.980136 0.000024
0.986460 0.000128
0.987891 0.000024
0.988349 0.000120
0.990381 0.000000
0.990660 0.000099
0.990897 0.000134
0.991194 0.000033
0.991901 0.000164
0.992086 0.000043
0.995648 0.000084
0.996252 0.000036
0.996473 0.000125
1.000000 0.000038
