0.000000 0.079873
0.000167 1.000000
0.001491 0.055785
0.002364 0.049237
0.002752 0.343015
0.003559 0.152789
0.003859 0.880618
0.004534 0.504974
0.005438 0.219436
0.008662 0.369058
0.010057 0.058847
0.011432 0.204981
0.012923 0.196609
0.013904 0.685281
0.014439 0.873770
0.014466 0.069539
0.015580 0.257117
0.015752 0.178837
0.015789 0.507038
0.019858 0.924831
0.020923 0.600450
0.023015 0.510933
0.026653 0.366509
0.029034 0.169253
0.029133 0.076262
0.029271 0.092705
0.030584 0.490693
0.031901 0.269168
0.032354 0.154843
0.032476 0.312240
0.034190 0.137758
0.034586 0.235372
0.034696 0.698520
0.036937 0.059640
0.039029 0.161406
0.040722 0.558882
0.043685 0.564105
0.045073 0.032040
0.045822 0.143100
0.047177 0.032810
0.047182 0.093758
0.048505 0.083275
0.051630 0.187668
0.052156 0.154604
0.053080 0.031981
0.054270 0.562075
0.054901 0.154840
0.056009 0.167315
0.056772 0.581432
0.057397 0.207537
0.057426 0.084955
0.058760 0.638029
0.059567 0.364192
0.060015 0.199268
0.061231 0.457898
0.061599 0.629381
0.062271 0.412238
0.063152 0.478101
0.063424 0.099995
0.066940 0.689377
0.067211 0.290449
0.067682 0.201142
0.070050 0.069850
0.073134 0.116984
0.074503 0.114559
0.075646 0.141937
0.076157 0.097631
0.077337 0.146590
0.077461 0.190374
0.078269 0.592545
0.078412 0.186155
0.080160 0.472934
0.082938 0.110965
0.083907 0.077330
0.083957 0.283644
0.084474 0.058893
0.085224 0.345789
0.085672 0.346904
0.086834 0.041033
0.087327 0.280460
0.090777 0.260667
0.090804 0.330899
0.091301 0.117409
0.091307 0.548938
0.094037 0.023507
0.094153 0.397970
0.095068 0.261831
0.095192 0.045869
0.096960 0.583265
0.097651 0.395399
0.097652 0.428899
0.098542 0.508468
0.098602 0.114882
0.099083 0.481189
0.099489 0.406227
0.099773 0.451528
0.099855 0.226050
0.099983 0.066933
0.100764 0.210653
0.101171 0.174146
0.101371 0.034019
0.103514 0.042846
0.105659 0.405827
0.106133 0.108558
0.106799 0.422434
0.106823 0.267276
0.106875 0.027300
0.108274 0.310104
0.108586 0.069309
0.108898 0.233485
0.109383 0.100314
0.110923 0.204541
0.111838 0.314780
0.111856 0.343980
0.113618 0.366844
0.114042 0.139070
0.117896 0.195334
0.119035 0.488595
0.119920 0.117096
0.122226 0.220829
0.123970 0.209576
0.124109 0.176833
0.124196 0.081520
0.125402 0.306252
0.127631 0.057549
0.130725 0.083004
0.131521 0.114602
0.131958 0.118733
0.132090 0.288294
0.133211 0.272496
0.137490 0.035032
0.138140 0.158862
0.138810 0.109128
0.139575 0.029390
0.140032 0.184992
0.142595 0.081923
0.142799 0.246974
0.144503 0.311487
0.149914 0.022958
0.150532 0.032856
0.152718 0.167106
0.155357 0.088663
0.156914 0.130691
0.157579 0.142548
0.157588 0.383413
0.159940 0.131224
0.160655 0.363857
0.161127 0.183147
0.163463 0.065215
0.164361 0.247136
0.165679 0.034532
0.166542 0.308419
0.167727 0.150264
0.167966 0.093395
0.168695 0.075425
0.169272 0.423702
0.170150 0.160455
0.170600 0.254431
0.174362 0.125060
0.174614 0.355405
0.174636 0.126335
0.174677 0.024631
0.177043 0.150130
0.177491 0.158216
0.179774 0.046510
0.179973 0.262657
0.180808 0.096693
0.181580 0.150619
0.182036 0.051679
0.190725 0.095626
0.191509 0.053213
0.193737 0.150788
0.194227 0.098390
0.194296 0.215603
0.194501 0.026678
0.195068 0.246966
0.195332 0.023323
0.197385 0.078083
0.198767 0.059637
0.199101 0.022775
0.200296 0.074589
0.201439 0.034959
0.202046 0.022519
0.204114 0.361211
0.204668 0.334337
0.206595 0.115677
0.208001 0.042683
0.208291 0.376529
0.208719 0.059214
0.209363 0.132280
0.211418 0.044529
0.212742 0.251105
0.214198 0.248111
0.214383 0.027706
0.215872 0.105599
0.217285 0.238324
0.217509 0.074594
0.217544 0.096369
0.220393 0.040584
0.220443 0.041856
0.220704 0.156059
0.220979 0.063649
0.220980 0.044736
0.221417 0.140672
0.221499 0.209788
0.223151 0.176096
0.224683 0.099917
0.224995 0.210287
0.226494 0.128783
0.228569 0.092979
0.228732 0.104171
0.228745 0.174925
0.229108 0.283706
0.229442 0.192352
0.230194 0.053420
0.231320 0.035797
0.232103 0.065187
0.233800 0.257914
0.236912 0.043027
0.238889 0.278862
0.240862 0.014894
0.241242 0.137029
0.241691 0.175718
0.241719 0.135969
0.242449 0.336599
0.243128 0.043901
0.243164 0.053555
0.245911 0.124696
0.246203 0.151187
0.247709 0.050292
0.247986 0.031043
0.248856 0.281121
0.250100 0.093276
0.250780 0.085375
0.250953 0.094960
0.251306 0.128123
0.251811 0.057051
0.252324 0.111686
0.253746 0.047037
0.255241 0.055664
0.255686 0.153377
0.257149 0.017697
0.257952 0.062986
0.258271 0.314946
0.259032 0.037756
0.261289 0.150176
0.262697 0.143406
0.265001 0.275577
0.265054 0.101488
0.267277 0.079837
0.267939 0.089174
0.268941 0.019750
0.270060 0.124675
0.270773 0.041229
0.272121 0.023965
0.272467 0.054517
0.272664 0.015759
0.272834 0.283594
0.274005 0.139244
0.275167 0.134838
0.275954 0.117711
0.278455 0.074912
0.278509 0.047034
0.282723 0.058079
0.283768 0.158846
0.284096 0.158681
0.285950 0.158290
0.287456 0.106085
0.288281 0.082013
0.288516 0.030809
0.289595 0.216939
0.294090 0.206245
0.294382 0.042465
0.297022 0.106594
0.300351 0.164603
0.302084 0.084112
0.304081 0.109019
0.305166 0.134095
0.305664 0.068817
0.306031 0.239557
0.307714 0.213724
0.308449 0.029478
0.309844 0.230912
0.311142 0.109922
0.313873 0.074976
0.315308 0.216779
0.315699 0.272456
0.316174 0.213682
0.317070 0.237863
0.321470 0.095695
0.321664 0.078129
0.321822 0.267408
0.323112 0.099563
0.323459 0.149679
0.324199 0.258288
0.324595 0.152946
0.325961 0.071378
0.327188 0.096896
0.327397 0.131062
0.329089 0.040884
0.330736 0.096109
0.332125 0.204929
0.332887 0.148577
0.334749 0.100938
0.335421 0.110555
0.335601 0.245572
0.336103 0.224868
0.336632 0.252491
0.338687 0.048000
0.338967 0.248239
0.338973 0.119936
0.339408 0.149221
0.339832 0.060243
0.340071 0.165623
0.340472 0.213619
0.340672 0.082382
0.341098 0.048836
0.341300 0.195851
0.343413 0.042523
0.344418 0.044151
0.344480 0.069165
0.346526 0.010760
0.348370 0.102233
0.348960 0.095558
0.350115 0.096414
0.350267 0.150421
0.352218 0.176744
0.352870 0.054427
0.353091 0.090999
0.354373 0.162510
0.359476 0.074430
0.360516 0.018864
0.360622 0.059031
0.361700 0.121867
0.362333 0.188102
0.363712 0.212351
0.365308 0.027344
0.368676 0.126158
0.370568 0.064961
0.372591 0.110380
0.376213 0.136272
0.378297 0.028262
0.379960 0.010564
0.380828 0.010065
0.381628 0.065012
0.382573 0.062657
0.385047 0.013255
0.385826 0.048786
0.389238 0.169712
0.394331 0.206428
0.395084 0.014665
0.395124 0.057942
0.397915 0.084908
0.398282 0.037264
0.400019 0.197124
0.400921 0.091073
0.401321 0.020434
0.408113 0.083404
0.408460 0.018090
0.409464 0.151162
0.410460 0.118859
0.411045 0.101128
0.411048 0.027151
0.411391 0.026809
0.412042 0.119735
0.413880 0.032555
0.414652 0.033748
0.414933 0.135348
0.415806 0.078143
0.416121 0.028740
0.416804 0.041505
0.420420 0.112572
0.420673 0.029203
0.424563 0.167280
0.424831 0.149209
0.428168 0.033694
0.428391 0.029336
0.428708 0.081746
0.429965 0.040802
0.431266 0.139012
0.432976 0.057569
0.433157 0.167730
0.433425 0.047922
0.434040 0.027651
0.435664 0.014616
0.435918 0.081768
0.435935 0.096585
0.436084 0.129765
0.437541 0.064949
0.438128 0.141364
0.440276 0.100794
0.444140 0.175596
0.445008 0.028634
0.445540 0.030404
0.445950 0.077702
0.448241 0.137165
0.448451 0.096986
0.449844 0.150861
0.453128 0.158358
0.453718 0.112213
0.453823 0.162170
0.454113 0.019680
0.454175 0.143430
0.457182 0.052238
0.457737 0.170302
0.460952 0.070151
0.461508 0.069255
0.463718 0.125118
0.463848 0.089469
0.465417 0.022453
0.468502 0.159318
0.469469 0.039714
0.469648 0.024217
0.470065 0.099106
0.470075 0.057662
0.470189 0.051880
0.474082 0.092551
0.475836 0.161049
0.478000 0.089532
0.478828 0.067161
0.478903 0.115830
0.478937 0.088401
0.483144 0.134735
0.483652 0.138606
0.484401 0.117750
0.484725 0.050299
0.486004 0.105104
0.486097 0.064835
0.486186 0.137060
0.487210 0.083627
0.488037 0.134416
0.488506 0.073906
0.489498 0.049926
0.489521 0.039887
0.489774 0.068427
0.490991 0.057047
0.492793 0.086093
0.495508 0.025667
0.496365 0.020676
0.497230 0.039249
0.497438 0.035235
0.497727 0.116879
0.498258 0.046433
0.498409 0.110307
0.499522 0.048479
0.500073 0.025481
0.500104 0.040057
0.500332 0.123882
0.503517 0.059610
0.505040 0.008803
0.505439 0.045766
0.505538 0.107982
0.505990 0.067520
0.506997 0.011382
0.508504 0.102324
0.509769 0.090855
0.510300 0.021611
0.510821 0.007403
0.512372 0.035889
0.512790 0.092339
0.512993 0.146962
0.513737 0.061735
0.514079 0.020132
0.514133 0.066892
0.514670 0.025493
0.515591 0.103353
0.516031 0.124681
0.518088 0.016265
0.519007 0.048002
0.519442 0.016364
0.520515 0.138187
0.522311 0.023031
0.522345 0.011987
0.523557 0.092503
0.524148 0.143323
0.524603 0.115167
0.526504 0.102705
0.526917 0.076979
0.529238 0.021881
0.530595 0.025544
0.531195 0.009957
0.531335 0.046431
0.533057 0.067029
0.533933 0.018816
0.536435 0.104691
0.536715 0.031632
0.538437 0.005874
0.538706 0.026395
0.540224 0.125497
0.540739 0.016066
0.540979 0.045516
0.541691 0.022329
0.543080 0.101091
0.543602 0.076993
0.544027 0.151329
0.544477 0.107377
0.546271 0.065392
0.547228 0.123043
0.550760 0.078563
0.551518 0.115885
0.554381 0.032307
0.554946 0.015472
0.556160 0.130164
0.558171 0.099798
0.559429 0.066518
0.560009 0.045506
0.560389 0.042297
0.560625 0.072289
0.561541 0.029989
0.561805 0.014090
0.563196 0.052947
0.568068 0.130783
0.569500 0.033727
0.569581 0.045524
0.569752 0.105723
0.570738 0.026624
0.571002 0.020757
0.571586 0.083773
0.571871 0.123610
0.574354 0.013853
0.574677 0.085483
0.575493 0.019154
0.576104 0.066465
0.577216 0.135667
0.578009 0.077909
0.578980 0.019160
0.580608 0.015935
0.580966 0.008619
0.582110 0.044076
0.583084 0.077762
0.583264 0.066337
0.584816 0.106248
0.587000 0.016467
0.588206 0.012689
0.588628 0.045370
0.588742 0.034938
0.588778 0.106839
0.589656 0.075507
0.590198 0.030366
0.592050 0.026354
0.592231 0.136635
0.592413 0.102788
0.593396 0.041548
0.593925 0.022320
0.594201 0.074377
0.595034 0.114608
0.597232 0.021898
0.597975 0.045785
0.599394 0.102762
0.599811 0.014909
0.601937 0.128040
0.602026 0.071171
0.603651 0.031748
0.604912 0.103173
0.605897 0.012341
0.605906 0.021254
0.606039 0.103448
0.607023 0.073551
0.608690 0.024325
0.609425 0.083400
0.610158 0.134123
0.610828 0.011328
0.610947 0.033707
0.611129 0.016297
0.611863 0.018212
0.612119 0.063862
0.613964 0.126113
0.614053 0.082421
0.614137 0.029671
0.616231 0.044239
0.617753 0.062858
0.619502 0.054604
0.620556 0.023455
0.620855 0.017294
0.621401 0.065231
0.622111 0.042136
0.622931 0.029817
0.625258 0.102005
0.625952 0.062257
0.627163 0.122050
0.627229 0.045380
0.627760 0.082772
0.628194 0.033591
0.629390 0.029301
0.630019 0.056433
0.630461 0.021887
0.632083 0.059079
0.632143 0.088450
0.633305 0.063306
0.634219 0.044353
0.634345 0.007742
0.634719 0.046497
0.635537 0.101266
0.636780 0.123973
0.637838 0.081570
0.637906 0.084699
0.638369 0.087796
0.639550 0.053611
0.639828 0.025469
0.644533 0.100292
0.645262 0.030931
0.646790 0.022383
0.647153 0.012649
0.648012 0.050177
0.648932 0.031535
0.649474 0.050977
0.650899 0.111725
0.651055 0.046179
0.654195 0.101187
0.655557 0.007376
0.656169 0.076941
0.657712 0.059964
0.658224 0.035186
0.658343 0.031560
0.662483 0.007126
0.662973 0.019492
0.663381 0.017618
0.664118 0.014068
0.669923 0.049319
0.671692 0.008467
0.674244 0.016634
0.674517 0.005765
0.676299 0.031450
0.677003 0.065105
0.680724 0.021224
0.681207 0.050806
0.684320 0.018207
0.684662 0.025320
0.686150 0.053608
0.689457 0.088238
0.691470 0.076360
0.694009 0.096398
0.694095 0.110396
0.694441 0.030574
0.694506 0.051982
0.695346 0.043459
0.696057 0.110701
0.696118 0.020773
0.700200 0.020769
0.700909 0.019243
0.701180 0.041388
0.702305 0.105502
0.704750 0.044087
0.705112 0.025930
0.706077 0.018835
0.706538 0.100993
0.706648 0.099791
0.707081 0.043151
0.707814 0.042443
0.708441 0.008703
0.708497 0.087275
0.710944 0.007384
0.716558 0.009662
0.716854 0.026642
0.719887 0.091722
0.720002 0.008563
0.721613 0.088750
0.721952 0.016762
0.722165 0.013109
0.722521 0.013867
0.725444 0.067969
0.725823 0.092527
0.727243 0.068281
0.729025 0.079938
0.729237 0.030784
0.733270 0.102160
0.734093 0.094425
0.738400 0.046980
0.738522 0.036876
0.739614 0.046718
0.739926 0.081240
0.740585 0.052518
0.741763 0.019573
0.742217 0.030895
0.742645 0.066692
0.743161 0.002599
0.744630 0.028406
0.744685 0.035859
0.745202 0.036840
0.745848 0.073924
0.747567 0.074984
0.747831 0.026684
0.752294 0.028552
0.752785 0.092985
0.755307 0.011408
0.756410 0.016579
0.757159 0.012317
0.757264 0.036778
0.758288 0.075190
0.764053 0.011707
0.764315 0.093219
0.765440 0.033995
0.766895 0.013837
0.767830 0.082819
0.768847 0.039541
0.770404 0.013585
0.773837 0.055031
0.773969 0.022950
0.774508 0.033560
0.778030 0.004516
0.778773 0.023510
0.779495 0.075977
0.779837 0.052647
0.779884 0.049045
0.781216 0.075825
0.782064 0.005898
0.783097 0.016974
0.783333 0.004236
0.785836 0.066918
0.787855 0.020584
0.789248 0.066854
0.789323 0.047827
0.790158 0.052932
0.791720 0.012863
0.792486 0.084530
0.796156 0.024309
0.796702 0.084503
0.796889 0.088105
0.798731 0.042078
0.802103 0.041860
0.802151 0.016915
0.802892 0.004957
0.803035 0.017565
0.803718 0.053628
0.803734 0.056392
0.804616 0.039966
0.804883 0.077807
0.808209 0.054196
0.809583 0.088077
0.809903 0.014405
0.810398 0.061654
0.811778 0.006836
0.813481 0.029329
0.813555 0.018285
0.814112 0.003835
0.814701 0.057878
0.815188 0.080403
0.816909 0.036880
0.817335 0.051973
0.819424 0.005987
0.821584 0.036581
0.821974 0.084308
0.822977 0.038510
0.825882 0.054149
0.826410 0.021410
0.826841 0.074724
0.828018 0.003907
0.828577 0.043230
0.831778 0.057999
0.835417 0.011480
0.836566 0.024507
0.837183 0.004545
0.837222 0.063237
0.837239 0.079506
0.837300 0.054168
0.837425 0.082339
0.837585 0.014021
0.838554 0.040155
0.838729 0.014926
0.838832 0.044871
0.839082 0.030544
0.839258 0.036676
0.840008 0.002052
0.842335 0.057683
0.843523 0.027953
0.843852 0.015733
0.845257 0.017505
0.849588 0.006739
0.849657 0.076767
0.849752 0.068696
0.850243 0.050580
0.850874 0.068994
0.851639 0.043315
0.852325 0.001931
0.852509 0.068431
0.852718 0.011093
0.853690 0.009519
0.854939 0.075473
0.856641 0.032604
0.857120 0.055295
0.857799 0.011368
0.860299 0.016520
0.860414 0.032893
0.860467 0.025618
0.860726 0.023604
0.862437 0.024356
0.863539 0.049852
0.865245 0.015207
0.869637 0.074116
0.870067 0.011493
0.870560 0.046755
0.871212 0.056771
0.873112 0.062178
0.873780 0.006530
0.875192 0.036088
0.876329 0.018334
0.876526 0.023750
0.876822 0.055357
0.877943 0.003009
0.878066 0.011104
0.879599 0.006464
0.880118 0.075459
0.880167 0.074711
0.881917 0.003537
0.882027 0.014037
0.885220 0.015340
0.886146 0.004380
0.887802 0.001791
0.888740 0.040301
0.890448 0.010250
0.894239 0.048112
0.895468 0.027796
0.899723 0.067499
0.901133 0.015424
0.901533 0.048335
0.901824 0.011461
0.903070 0.012276
0.906426 0.006225
0.906731 0.043730
0.907259 0.001867
0.909096 0.049916
0.909186 0.035624
0.910973 0.060478
0.914789 0.059570
0.915477 0.006406
0.915509 0.043048
0.918864 0.055580
0.918913 0.042466
0.918997 0.053288
0.921040 0.021050
0.921556 0.025018
0.923053 0.048863
0.923844 0.035103
0.924001 0.017344
0.925383 0.067144
0.926858 0.033951
0.928680 0.063925
0.934378 0.002383
0.934846 0.020043
0.935986 0.028244
0.937400 0.062203
0.939070 0.036144
0.939835 0.009744
0.943266 0.016359
0.943405 0.031816
0.943838 0.048457
0.944187 0.054779
0.944707 0.030563
0.944958 0.000000
0.945283 0.038897
0.945397 0.006636
0.946684 0.021279
0.948041 0.023139
0.948167 0.035823
0.948334 0.063179
0.948950 0.026087
0.949377 0.026534
0.953725 0.056430
0.954076 0.032244
0.956770 0.008602
0.957504 0.014012
0.959865 0.019593
0.962519 0.036286
0.962519 0.029531
0.963734 0.020426
0.965754 0.011168
0.965861 0.051341
0.966258 0.008384
0.966684 0.004837
0.966741 0.057025
0.967085 0.050343
0.972300 0.001504
0.972881 0.046044
0.974495 0.023390
0.974599 0.031472
0.976350 0.032769
0.976460 0.030356
0.976537 0.045128
0.977678 0.050340
0.978964 0.033446
0.981788 0.047700
0.982677 0.047344
0.984333 0.029155
0.985821 0.018098
0.985945 0.030825
0.985981 0.013245
0.988453 0.006457
0.991342 0.004685
0.992903 0.048917
0.993810 0.038797
0.994979 0.023480
0.998444 0.009332
0.999147 0.021072
0.999929 0.033548
1.000000 0.050506
