0.000000 0.508087
0.014157 0.387647
0.022228 0.369794
0.022659 0.842900
0.025545 0.742014
0.034816 0.919267
0.036594 0.625339
0.043791 0.371406
0.044914 0.516383
0.048511 0.701377
0.051904 0.686039
0.052668 0.730072
0.052745 0.861919
0.052818 0.771094
0.054823 0.504235
0.056151 0.598035
0.056756 0.658238
0.057132 0.787321
0.057225 0.957209
0.057666 0.758287
0.057838 0.457746
0.058386 0.618277
0.059216 0.588085
0.059624 0.588833
0.061407 0.887953
0.062646 0.850590
0.063570 0.825057
0.064774 0.838953
0.065766 0.358521
0.067488 0.747219
0.069891 0.369364
0.070699 0.955340
0.071554 0.645843
0.071701 0.869346
0.071768 0.932390
0.072008 0.922861
0.072838 0.905488
0.072881 0.530196
0.073175 0.454669
0.074739 0.580357
0.078626 0.538984
0.081185 0.364950
0.081590 0.708875
0.082339 0.865645
0.082377 0.365813
0.085786 0.912750
0.086587 0.793397
0.087169 0.673828
0.088136 0.467914
0.088357 0.707423
0.088594 0.461238
0.088812 0.808749
0.088868 0.488567
0.088915 0.434862
0.089827 0.508621
0.090308 0.775920
0.091238 0.834627
0.092007 0.435945
0.092882 0.484231
0.093413 0.355668
0.097895 0.728654
0.098262 0.912430
0.098638 0.841772
0.099495 0.949813
0.100633 0.365447
0.100722 0.684658
0.102389 0.783562
0.105906 0.706240
0.106926 0.392472
0.107153 0.854101
0.109035 0.884185
0.109467 0.721864
0.110316 0.932936
0.110361 0.526929
0.110392 0.463263
0.110737 0.932345
0.112032 0.903176
0.113258 0.637402
0.114734 0.665173
0.116427 0.459937
0.117658 0.669381
0.118946 0.712061
0.118949 0.910957
0.120514 0.647795
0.121177 0.805108
0.121235 0.932770
0.121696 0.699768
0.122324 0.864192
0.123467 0.501101
0.123686 0.886991
0.124364 0.856714
0.124938 0.765043
0.125895 0.541568
0.128289 0.652664
0.129015 0.768380
0.130390 0.890894
0.132753 0.549291
0.133289 0.364990
0.133859 0.585471
0.134825 0.614744
0.135064 0.837904
0.135803 0.694122
0.136079 0.417874
0.136389 0.419573
0.136733 0.794117
0.137192 0.921860
0.137967 0.668794
0.138378 0.732890
0.139303 0.579693
0.139676 0.542801
0.140222 0.436372
0.140389 0.697343
0.141069 0.717676
0.143573 0.539803
0.145745 0.861968
0.146736 0.670464
0.147120 0.559700
0.150046 0.441543
0.153163 0.810124
0.153451 0.921636
0.154090 0.679175
0.154180 0.759128
0.156060 0.979212
0.156656 0.380638
0.157002 0.742911
0.157185 0.758598
0.159693 0.424334
0.159817 0.527224
0.160088 0.783235
0.160678 0.763080
0.162211 0.507912
0.162484 0.905927
0.163670 0.437021
0.164298 0.818186
0.164529 0.947890
0.165386 0.355213
0.166494 0.857833
0.166630 0.661293
0.168232 0.346824
0.169190 0.821461
0.169770 0.646244
0.171266 0.440930
0.171589 0.608906
0.173315 0.946399
0.173894 0.450731
0.174058 0.466384
0.174140 0.888037
0.175386 0.407327
0.175536 0.501119
0.175702 0.406196
0.175823 0.920702
0.177036 0.576265
0.177344 0.859386
0.177514 0.479218
0.178623 0.474124
0.179107 0.726218
0.179768 0.615135
0.180941 0.631500
0.181285 0.912627
0.181631 0.791138
0.182002 0.397132
0.182079 0.830858
0.182923 0.321230
0.183014 0.907406
0.183387 0.321710
0.183425 0.396875
0.183800 0.407731
0.185457 0.945538
0.185497 0.599337
0.185511 0.672905
0.186180 0.320531
0.186430 0.497044
0.186641 0.822290
0.189088 0.788311
0.189390 0.669406
0.189721 0.488585
0.190348 0.711938
0.191586 0.648682
0.191853 0.488881
0.192419 0.542777
0.192589 0.690406
0.192890 0.867664
0.193118 0.419661
0.194139 0.767092
0.194662 0.536267
0.195091 0.776739
0.195481 0.410977
0.195495 0.926795
0.195729 0.569446
0.196295 0.931720
0.196889 0.743435
0.197568 0.362092
0.198960 0.944089
0.199244 0.430285
0.199339 0.659959
0.199869 0.743423
0.200631 0.976915
0.201016 0.350626
0.202477 0.693704
0.202692 0.624871
0.203568 0.811875
0.204244 0.618336
0.204308 0.654380
0.204445 0.525736
0.204573 0.393870
0.204998 0.544561
0.205004 0.635261
0.206940 0.803979
0.207091 0.707994
0.207927 0.403018
0.208708 0.590637
0.209616 0.620382
0.209642 0.749098
0.211535 0.733104
0.211792 0.719204
0.212420 0.529700
0.212541 0.736973
0.213609 0.439334
0.213762 0.494317
0.213795 0.509162
0.214604 0.814377
0.216835 0.869586
0.216865 0.712492
0.217406 0.297732
0.217756 0.331577
0.217788 0.960095
0.218324 0.765393
0.220079 0.379308
0.220240 0.663808
0.220245 0.488824
0.221272 0.439242
0.221907 0.789340
0.221938 0.436221
0.222065 0.416246
0.222906 0.396754
0.222913 0.588701
0.222950 0.358980
0.223275 0.512036
0.223285 0.530285
0.224249 0.662582
0.224643 0.355573
0.224954 0.371546
0.225071 0.567684
0.225276 0.630854
0.226522 0.842432
0.226814 0.738612
0.227347 0.509395
0.227570 0.771003
0.228063 0.523211
0.228182 0.839309
0.230047 0.964702
0.230621 0.719491
0.231586 0.309329
0.233676 0.601087
0.233775 0.574238
0.234121 0.464463
0.234245 0.392846
0.235102 0.617739
0.236023 0.895258
0.236141 0.756854
0.236171 0.859871
0.236713 0.683455
0.237192 0.817948
0.237330 0.348895
0.237353 0.343821
0.237935 0.767913
0.239340 0.934407
0.239920 0.594991
0.239979 0.790342
0.240039 0.372094
0.240906 0.647055
0.240996 0.485963
0.241018 0.594217
0.241217 0.855941
0.241941 0.411722
0.242161 0.524665
0.242398 0.415228
0.243798 0.630680
0.244131 0.638613
0.245343 0.822913
0.245596 0.446411
0.245631 0.867206
0.245984 0.956253
0.246561 0.529553
0.247655 0.538614
0.248605 0.893131
0.248843 0.907244
0.249061 0.809305
0.249378 0.855550
0.250507 0.980574
0.251938 0.323464
0.252947 0.453967
0.253028 0.779301
0.253208 0.525478
0.253619 0.912518
0.253828 0.380439
0.254008 0.681596
0.254059 0.406559
0.254707 0.856055
0.254921 0.408445
0.254996 0.432150
0.255193 0.562756
0.255427 0.647624
0.256345 0.325901
0.257416 0.820158
0.257883 0.788734
0.257971 0.536388
0.259832 0.471508
0.260790 0.780880
0.261292 0.937297
0.261559 0.410655
0.262265 0.366873
0.262636 0.473205
0.262669 0.624394
0.263042 0.891254
0.263817 0.355670
0.264232 0.738323
0.265056 0.752678
0.265531 0.393515
0.265922 0.723874
0.266740 0.625470
0.267814 0.800757
0.268027 0.484550
0.269093 0.797664
0.269324 0.881954
0.269423 0.606338
0.269455 0.303980
0.269653 0.875256
0.270312 0.693861
0.270893 0.895139
0.271271 0.776453
0.271286 0.854404
0.271952 0.812958
0.272820 0.380149
0.273116 0.484200
0.273206 0.461430
0.274783 0.828644
0.274882 0.498463
0.275503 0.764209
0.275804 0.904416
0.275954 0.457997
0.275976 0.818269
0.276241 0.329299
0.276731 0.701859
0.276857 0.443040
0.276986 0.943762
0.277565 0.765339
0.278451 0.805668
0.278546 0.576329
0.278734 0.871561
0.278770 0.590494
0.279497 0.442789
0.281350 0.856585
0.281596 0.424031
0.285216 0.532362
0.285717 0.555208
0.285827 0.749098
0.285838 0.500769
0.286941 0.606842
0.288341 0.870345
0.288781 0.791409
0.288942 0.610752
0.289210 0.899080
0.289655 0.729436
0.289846 0.665369
0.290192 0.589542
0.290517 0.526779
0.290517 0.534569
0.291314 0.489086
0.291702 0.409379
0.291811 0.797309
0.292138 0.351018
0.292540 0.872728
0.292714 0.594978
0.294134 0.624268
0.294896 0.797140
0.296360 0.384570
0.296689 0.894217
0.297164 0.373145
0.297625 0.456807
0.298065 0.930005
0.299052 0.548032
0.299158 0.672954
0.299253 0.483756
0.299335 0.861157
0.299448 0.463868
0.300379 0.803921
0.301999 0.717876
0.302067 0.685602
0.302289 0.756297
0.302345 0.900908
0.302709 0.820269
0.303678 0.852126
0.303894 0.582248
0.304272 0.696171
0.304955 0.557723
0.305647 0.757302
0.305779 0.736753
0.307024 0.373709
0.308083 0.570205
0.308349 0.545765
0.309836 0.617163
0.310264 0.382869
0.310593 0.447183
0.312020 0.515300
0.313079 0.919075
0.313087 0.347908
0.313332 0.674304
0.313398 0.428726
0.313537 0.504250
0.314423 0.676072
0.314441 0.399186
0.314494 0.758922
0.314957 0.486887
0.315534 0.707500
0.315624 0.761564
0.315838 0.463896
0.315893 0.874238
0.316119 0.947192
0.316450 0.956645
0.316511 0.500100
0.317653 0.660691
0.318961 0.603143
0.319102 0.303586
0.319910 0.865046
0.320379 0.689925
0.320617 0.640233
0.321455 0.901416
0.321876 0.601378
0.322421 0.365363
0.322686 0.665605
0.323366 0.447627
0.323386 0.864387
0.323711 0.681694
0.323942 0.607206
0.323983 0.657042
0.324456 0.344487
0.324968 0.924554
0.325058 0.739904
0.325388 0.902036
0.325734 0.743046
0.326422 0.545608
0.326738 0.857614
0.327107 0.821601
0.327162 0.454117
0.327690 0.605003
0.329587 0.377069
0.329793 0.890090
0.330346 0.424803
0.331478 0.391321
0.332388 0.802659
0.332410 0.621906
0.332653 0.424500
0.332716 0.623784
0.333446 0.424370
0.333542 0.612546
0.333710 0.485552
0.333769 0.507715
0.335192 0.658219
0.335373 0.831671
0.336489 0.810113
0.336502 0.712993
0.336605 0.705997
0.336702 0.722076
0.337155 0.777327
0.338544 0.652838
0.339065 0.588072
0.339071 0.649994
0.339282 0.381315
0.340483 0.792387
0.342671 0.572009
0.343024 0.638720
0.343206 0.424903
0.343380 0.544162
0.343445 0.493185
0.343579 0.883622
0.343625 0.597075
0.343701 0.503324
0.344649 0.341788
0.345061 0.790760
0.345789 0.780900
0.345856 0.537925
0.346011 0.864699
0.347276 0.893559
0.348327 0.276725
0.348858 0.876857
0.348979 0.867733
0.349139 0.644718
0.349328 0.466329
0.350338 0.497936
0.350356 0.616005
0.350729 0.888239
0.351062 0.484442
0.351949 0.620354
0.352826 0.790114
0.352987 0.593095
0.354683 0.632597
0.354684 0.457316
0.354763 0.738212
0.356079 0.840937
0.356300 0.594408
0.356397 0.361176
0.358916 0.895086
0.359120 0.641900
0.361191 0.849269
0.361695 0.661914
0.362342 0.568226
0.362392 0.837558
0.362412 0.322171
0.363639 0.801121
0.364647 0.684562
0.365974 0.504993
0.368103 0.427858
0.368461 0.666058
0.368473 0.797501
0.369320 0.491226
0.369557 0.478587
0.369586 0.912705
0.369825 0.620232
0.370124 0.552815
0.370782 0.529309
0.371142 0.517004
0.371261 0.463048
0.371268 0.497570
0.371306 0.664276
0.371980 0.352845
0.373054 0.671509
0.373063 0.528889
0.373835 0.842744
0.374340 0.544751
0.374735 0.573794
0.375343 0.398109
0.375925 0.443279
0.376297 0.646816
0.376440 0.411102
0.378286 0.476229
0.378358 0.730557
0.378390 0.570266
0.378541 0.832395
0.378777 0.299242
0.379259 0.385942
0.380139 0.583840
0.380252 0.910133
0.381166 0.774455
0.381785 0.805140
0.382018 0.631002
0.382191 0.555548
0.382850 0.869636
0.383639 0.500982
0.384075 0.448822
0.384208 0.616249
0.384244 0.830610
0.385132 0.509009
0.385575 0.690639
0.385854 0.653952
0.386444 0.444240
0.387036 0.848776
0.387927 0.400639
0.389962 0.380091
0.390340 0.360816
0.390517 0.627115
0.390945 0.559738
0.391723 0.614315
0.392438 0.714324
0.392537 0.888882
0.392612 0.835273
0.393817 0.319330
0.394893 0.651883
0.394937 0.467795
0.395940 0.410653
0.396080 0.334779
0.397327 0.540037
0.398603 0.513416
0.398656 0.860202
0.399707 0.822441
0.399791 0.504237
0.399922 0.901430
0.400379 0.370162
0.401883 0.707129
0.403192 0.882366
0.404327 0.365782
0.406265 0.302463
0.408495 0.399256
0.408771 0.920226
0.409166 0.586138
0.409666 0.913215
0.410259 0.582006
0.411415 0.908447
0.414769 0.733869
0.416036 0.511019
0.417010 0.817893
0.417330 0.440230
0.418874 0.397091
0.419814 0.398007
0.420957 0.841106
0.421333 0.456616
0.421979 0.717024
0.423549 0.695578
0.425006 1.000000
0.425162 0.517002
0.425235 0.865205
0.426397 0.695874
0.426714 0.411418
0.426783 0.707717
0.427786 0.866016
0.428698 0.650124
0.428705 0.622347
0.429073 0.743394
0.429960 0.636270
0.430302 0.872847
0.431207 0.610853
0.431956 0.372693
0.432299 0.341520
0.432679 0.471242
0.433304 0.858431
0.433733 0.587100
0.434509 0.540712
0.434881 0.713135
0.435072 0.648876
0.435162 0.946285
0.435270 0.792095
0.435285 0.573582
0.435447 0.847983
0.437339 0.571766
0.437478 0.345443
0.437801 0.892939
0.438280 0.512575
0.439632 0.500762
0.439869 0.492938
0.441356 0.556664
0.441903 0.429886
0.442072 0.824980
0.442917 0.730775
0.443560 0.952816
0.443903 0.590468
0.444793 0.540332
0.445396 0.890532
0.445502 0.601014
0.446296 0.400839
0.446580 0.370780
0.447742 0.249828
0.448630 0.799441
0.448817 0.733005
0.449162 0.321153
0.449349 0.647130
0.449991 0.286687
0.450689 0.322344
0.450972 0.868455
0.451094 0.674232
0.451131 0.727974
0.451160 0.429922
0.451423 0.640597
0.451477 0.305392
0.451821 0.547775
0.452112 0.594075
0.452146 0.649535
0.452516 0.704002
0.453008 0.832664
0.453109 0.679346
0.454837 0.701771
0.455035 0.688755
0.455873 0.412714
0.456743 0.775985
0.457854 0.377016
0.458002 0.516129
0.458280 0.574102
0.458542 0.578776
0.459378 0.552182
0.460443 0.696758
0.462483 0.635955
0.462538 0.306525
0.462899 0.728317
0.464624 0.322581
0.465255 0.451177
0.466765 0.305280
0.466936 0.452716
0.467676 0.652202
0.468310 0.752212
0.469252 0.577200
0.470173 0.422045
0.471140 0.488360
0.473739 0.848184
0.474051 0.343174
0.474524 0.709452
0.476188 0.525446
0.478042 0.355634
0.479300 0.787415
0.480122 0.766491
0.480514 0.674310
0.480722 0.931393
0.481187 0.548405
0.481305 0.372969
0.481809 0.381904
0.482903 0.660549
0.483715 0.550405
0.485841 0.326290
0.487083 0.470384
0.487272 0.410992
0.487726 0.568708
0.489283 0.397034
0.490209 0.651260
0.491381 0.856263
0.492187 0.628141
0.493628 0.444780
0.493991 0.700822
0.495149 0.371290
0.495557 0.447927
0.496601 0.363548
0.497254 0.805533
0.498573 0.814761
0.499135 0.840682
0.499159 0.300522
0.500759 0.372701
0.501844 0.432973
0.502094 0.433735
0.502544 0.898253
0.502845 0.857465
0.502911 0.591377
0.505118 0.519130
0.505481 0.817491
0.506155 0.402536
0.506876 0.760585
0.508604 0.904081
0.508633 0.292157
0.509408 0.883379
0.510075 0.434025
0.511217 0.381100
0.511751 0.920195
0.513290 0.816252
0.513695 0.359417
0.515572 0.835475
0.517171 0.844204
0.518556 0.647178
0.519322 0.387115
0.519777 0.855742
0.520144 0.872472
0.520526 0.575138
0.520690 0.691490
0.520745 0.558332
0.521613 0.494596
0.522623 0.344669
0.523569 0.528485
0.524390 0.337281
0.524940 0.907521
0.525155 0.375460
0.525442 0.693899
0.525795 0.778277
0.525991 0.409128
0.530240 0.292058
0.532148 0.887447
0.532317 0.607628
0.533871 0.378597
0.535463 0.499702
0.536426 0.803997
0.536537 0.605303
0.537234 0.510946
0.538486 0.504127
0.539533 0.655610
0.539573 0.557168
0.540382 0.935397
0.541038 0.345072
0.541523 0.678027
0.542749 0.712668
0.545430 0.627581
0.545977 0.567906
0.546696 0.431977
0.546884 0.611341
0.548134 0.732818
0.550327 0.498800
0.550418 0.361607
0.553303 0.654517
0.553347 0.872492
0.553368 0.711119
0.553528 0.539501
0.554225 0.587175
0.555262 0.300808
0.557066 0.752818
0.557762 0.510201
0.558091 0.496763
0.559529 0.845264
0.560072 0.940681
0.560688 0.411458
0.561284 0.932109
0.561857 0.327116
0.562011 0.411136
0.563183 0.749765
0.564212 0.767796
0.567688 0.510342
0.568679 0.819173
0.569929 0.642266
0.570838 0.267004
0.571657 0.616346
0.573977 0.557166
0.574339 0.351699
0.574694 0.668558
0.575468 0.498496
0.575624 0.881773
0.576835 0.331597
0.579794 0.539738
0.582315 0.528889
0.586527 0.732251
0.587987 0.442408
0.588339 0.932688
0.588568 0.771373
0.589075 0.585754
0.589479 0.540629
0.589530 0.472413
0.590254 0.683553
0.591076 0.568649
0.592651 0.972403
0.593230 0.550132
0.594028 0.412666
0.594573 0.387508
0.595225 0.563952
0.596412 0.534918
0.598265 0.298951
0.603786 0.654404
0.606897 0.588524
0.607043 0.893937
0.607601 0.384808
0.607815 0.747755
0.609719 0.738225
0.611070 0.264994
0.612946 0.242088
0.613685 0.499343
0.614241 0.834551
0.616080 0.534143
0.616265 0.424211
0.616366 0.607125
0.617141 0.488050
0.618467 0.750977
0.619660 0.507621
0.621144 0.966522
0.622755 0.738826
0.629074 0.637553
0.629823 0.546686
0.630739 0.578082
0.633051 0.833017
0.634494 0.688120
0.634634 0.456531
0.639745 0.526856
0.640257 0.420179
0.642934 0.782284
0.643043 0.419477
0.645090 0.761546
0.646148 0.612603
0.646173 0.883174
0.646938 0.672702
0.650585 0.560955
0.651366 0.938318
0.654172 0.863773
0.655846 0.856985
0.656416 0.436480
0.662818 0.367845
0.667608 0.322840
0.669122 0.903046
0.669771 0.461042
0.671902 0.464200
0.672789 0.673531
0.675736 0.334225
0.676101 0.789314
0.680750 0.484095
0.680950 0.600917
0.681179 0.689828
0.682551 0.796294
0.683112 0.733837
0.683858 0.536978
0.685001 0.276205
0.688801 0.362618
0.688936 0.644368
0.693879 0.964659
0.697379 0.371180
0.699061 0.630779
0.700310 0.770956
0.703285 0.656753
0.704374 0.539221
0.706044 0.429481
0.706280 0.199257
0.707571 0.436796
0.707697 0.452055
0.708058 0.364739
0.712280 0.469507
0.713184 0.726385
0.716370 0.903905
0.718744 0.188718
0.721356 0.817093
0.721868 0.661378
0.724399 0.339234
0.725675 0.574918
0.727396 0.705069
0.727722 0.853353
0.728465 0.714002
0.730400 0.708292
0.730691 0.534881
0.737334 0.527134
0.751961 0.300289
0.760367 0.429127
0.764344 0.678264
0.773019 0.765734
0.794559 0.891309
0.803914 0.895516
0.815012 0.630754
0.833389 0.643270
0.836204 0.426552
0.858616 0.582580
0.868678 0.528267
0.880240 0.770143
0.889631 0.185701
0.896237 0.657656
0.906782 0.624869
0.911687 0.855349
0.935992 0.000000
0.960785 0.619522
0.989781 0.639291
1.000000 0.454530
