0.000000 0.279013
0.008772 0.087518
0.014041 0.404887
0.022743 0.560937
0.023209 0.365711
0.027225 0.072585
0.030137 0.405465
0.036628 0.455530
0.041136 0.221926
0.045178 0.490631
0.050167 0.182572
0.055129 0.076105
0.059815 0.194610
0.060504 0.237576
0.061542 0.328277
0.062933 0.494143
0.066833 0.531962
0.069836 0.142885
0.070732 0.450915
0.071849 0.367512
0.079171 0.216769
0.080490 0.505896
0.081025 0.280573
0.083565 0.448741
0.083628 0.152306
0.085621 0.383940
0.089067 0.398079
0.090377 0.490438
0.091047 0.614792
0.092015 0.450413
0.097342 0.382147
0.097424 0.328921
0.098103 0.337811
0.102347 0.481333
0.102610 0.463890
0.109386 0.598000
0.109446 0.560823
0.109525 0.445190
0.110368 0.288483
0.111283 0.467269
0.111876 0.337237
0.111955 0.125155
0.114283 0.583734
0.114969 0.508263
0.115090 0.384155
0.115947 0.341658
0.116979 0.468206
0.117499 0.489092
0.119067 0.335442
0.119618 0.489816
0.119766 0.509530
0.120534 0.167361
0.123095 0.529911
0.124241 0.454375
0.125292 0.409174
0.128124 0.394737
0.130266 0.557305
0.131800 0.557385
0.131863 0.092983
0.133402 0.100386
0.133534 0.587265
0.133726 0.257030
0.134227 0.627514
0.134580 0.286226
0.137076 0.510802
0.139686 0.600273
0.140148 0.101882
0.140333 0.343764
0.140693 0.551697
0.140869 0.217491
0.142545 0.204264
0.143385 0.353179
0.145040 0.121460
0.146684 0.179031
0.149205 0.507557
0.152251 0.326670
0.157328 0.404008
0.158497 0.508883
0.158845 0.476197
0.159185 0.185337
0.162111 0.299740
0.162827 0.322849
0.162864 0.293206
0.165048 0.531405
0.166413 0.370684
0.167140 0.350528
0.171266 0.509150
0.172023 0.298117
0.172629 0.286482
0.172819 0.547993
0.173303 0.356379
0.174496 0.194649
0.175634 0.623220
0.177942 0.524692
0.179505 0.634650
0.179791 0.594456
0.180292 0.595271
0.181540 0.296071
0.182051 0.489613
0.183099 0.589358
0.185681 0.436035
0.187769 0.286984
0.187782 0.226251
0.188735 0.152507
0.188804 0.548368
0.192116 0.398813
0.194890 0.582254
0.196850 0.202895
0.197122 0.320093
0.197957 0.131099
0.199187 0.514314
0.200088 0.577878
0.200120 0.266751
0.200294 0.287015
0.200660 0.617718
0.202604 0.290998
0.204987 0.120825
0.206458 0.200454
0.207202 0.400471
0.209569 0.190511
0.210344 0.222420
0.213310 0.396888
0.218319 0.298900
0.218598 0.384488
0.220062 0.340345
0.220972 0.219890
0.222684 0.285306
0.223499 0.152664
0.223724 0.196824
0.226458 0.527593
0.227752 0.538251
0.228199 0.702553
0.230504 0.571929
0.230519 0.173338
0.230678 0.189316
0.231466 0.406576
0.231806 0.345404
0.232480 0.097271
0.233124 0.405923
0.233464 0.440957
0.233474 0.272556
0.234043 0.496863
0.234218 0.304488
0.234921 0.132969
0.234925 0.132342
0.238345 0.451132
0.238546 0.230980
0.239146 0.533845
0.240992 0.307499
0.242280 0.272795
0.243499 0.599644
0.244254 0.284430
0.244778 0.341778
0.245193 0.548501
0.245760 0.515163
0.246660 0.579671
0.247051 0.472468
0.247333 0.193010
0.249056 0.432187
0.249277 0.693357
0.250107 0.627278
0.250204 0.221684
0.250324 0.120806
0.251465 0.315543
0.252342 0.373056
0.252671 0.515444
0.253183 0.335570
0.253442 0.403817
0.253520 0.344531
0.255079 0.420135
0.255545 0.475397
0.256197 0.544734
0.260022 0.378596
0.262019 0.188128
0.264576 0.526436
0.264895 0.242496
0.268263 0.173190
0.268455 0.244793
0.268833 0.392472
0.269696 0.716697
0.270120 0.625488
0.270670 0.429356
0.274014 0.645052
0.274749 0.303372
0.275493 0.153648
0.275802 0.212676
0.276278 0.448430
0.276415 0.588721
0.276613 0.243617
0.277919 0.599417
0.278065 0.239295
0.279008 0.188577
0.279599 0.604694
0.280523 0.311379
0.282757 0.231802
0.286999 0.349241
0.288536 0.559770
0.289564 0.655652
0.289572 0.485976
0.292606 0.511462
0.296390 0.443982
0.299677 0.268620
0.301422 0.376360
0.303317 0.627073
0.304329 0.670773
0.305998 0.619132
0.306317 0.115957
0.306336 0.266315
0.306361 0.406079
0.308362 0.538887
0.310843 0.292340
0.311155 0.651350
0.312544 0.402901
0.313543 0.556590
0.315361 0.479514
0.315843 0.229206
0.317223 0.258164
0.317461 0.389694
0.317897 0.276113
0.318823 0.526060
0.319230 0.452594
0.320987 0.376956
0.321084 0.491266
0.321412 0.130120
0.321926 0.523580
0.323607 0.535289
0.323732 0.299381
0.324958 0.238747
0.325032 0.566529
0.325936 0.075283
0.327575 0.737163
0.327848 0.557993
0.328418 0.502200
0.328834 0.540833
0.329043 0.275973
0.329244 0.230030
0.329906 0.256185
0.331035 0.347142
0.333241 0.406813
0.333649 0.382105
0.337002 0.182728
0.339410 0.203413
0.340117 0.404859
0.340185 0.529119
0.340676 0.259872
0.341015 0.320763
0.342764 0.531312
0.345747 0.281769
0.346070 0.596505
0.346155 0.413466
0.346767 0.751037
0.346864 0.696891
0.348979 0.344642
0.351067 0.326942
0.351160 0.169066
0.353184 0.153078
0.355471 0.384848
0.356433 0.219029
0.356703 0.360222
0.357592 0.608569
0.358158 0.288490
0.358387 0.393976
0.358434 0.266773
0.358484 0.463521
0.359522 0.508080
0.360261 0.374451
0.360380 0.519938
0.360867 0.619935
0.366440 0.624708
0.366686 0.543120
0.367494 0.169696
0.368516 0.635852
0.372550 0.562494
0.375877 0.364247
0.376270 0.341562
0.378041 0.433254
0.378491 0.287836
0.378755 0.269581
0.379930 0.586936
0.380441 0.241580
0.382291 0.695686
0.384500 0.715566
0.385033 0.160493
0.385100 0.387076
0.385950 0.407058
0.387266 0.420733
0.387720 0.289181
0.387854 0.644869
0.390165 0.238820
0.393343 0.241432
0.394072 0.276791
0.394120 0.557372
0.394733 0.304194
0.395750 0.667411
0.398881 0.336898
0.399100 0.237353
0.399716 0.223667
0.400226 0.274387
0.400618 0.645331
0.401587 0.692588
0.402179 0.326236
0.403083 0.611502
0.403898 0.565756
0.404184 0.133897
0.407167 0.545541
0.407382 0.495181
0.410941 0.471520
0.411583 0.724845
0.412323 0.272921
0.413517 0.669565
0.414036 0.713397
0.417013 0.438114
0.418868 0.455573
0.420657 0.400482
0.424247 0.659266
0.424811 0.492999
0.425307 0.291769
0.426475 0.473070
0.427157 0.161324
0.427444 0.591650
0.427818 0.364223
0.430316 0.492216
0.432608 0.467844
0.432774 0.607127
0.439350 0.641951
0.439991 0.230329
0.440423 0.681147
0.442668 0.403649
0.443168 0.545019
0.445047 0.520814
0.446342 0.766635
0.448823 0.295358
0.450295 0.649214
0.451496 0.290307
0.457613 0.061413
0.457799 0.359338
0.460156 0.152702
0.460166 0.461837
0.465448 0.344249
0.466196 0.210244
0.466296 0.556394
0.466550 0.679868
0.467535 0.584736
0.467623 0.620606
0.468253 0.730736
0.468794 0.416579
0.470521 0.713428
0.472918 0.700413
0.475245 0.366359
0.475736 0.609107
0.477033 0.576945
0.477997 0.612233
0.478474 0.587195
0.480458 0.504683
0.481018 0.274627
0.484472 0.218869
0.486800 0.493877
0.486820 0.499011
0.487536 0.689656
0.488671 0.416270
0.494218 0.164376
0.494964 0.330748
0.495086 0.252390
0.496246 0.230021
0.500102 0.411790
0.500469 0.298030
0.501109 0.201307
0.501956 0.676992
0.504438 0.224671
0.505149 0.637847
0.506215 0.522090
0.507912 0.462427
0.508590 0.497956
0.508706 0.449963
0.509502 0.551592
0.510726 0.820626
0.510811 0.263064
0.516792 0.742307
0.518630 0.635908
0.518825 0.399316
0.520275 0.612160
0.523040 0.358924
0.525955 0.442987
0.526378 0.642106
0.528106 0.663853
0.530224 0.306992
0.534086 0.560809
0.534971 0.508054
0.537668 0.723919
0.538096 0.719205
0.538770 0.543977
0.541081 0.415006
0.541732 0.470069
0.544454 0.337656
0.546875 0.823987
0.550571 0.471565
0.550830 0.356032
0.553825 0.424353
0.554891 0.849294
0.554968 0.373931
0.555834 0.420975
0.557456 0.729464
0.567049 0.682106
0.571133 0.622821
0.573113 0.608662
0.573928 0.476587
0.577005 0.512091
0.577100 0.727260
0.578059 0.385173
0.581104 0.453116
0.589404 0.591577
0.595196 0.120117
0.599001 0.028169
0.603781 0.463365
0.608794 0.386844
0.609526 0.570526
0.609649 0.754505
0.611748 0.800250
0.616789 0.487599
0.618042 0.381972
0.618535 0.672303
0.620067 0.636452
0.620124 0.518106
0.623165 0.170938
0.623195 0.373904
0.625122 0.767656
0.633362 0.398048
0.636007 0.396006
0.638070 0.505053
0.643081 0.704508
0.647283 0.272286
0.651383 1.000000
0.653810 0.532249
0.659965 0.312284
0.669746 0.345565
0.671793 0.382637
0.690783 0.685577
0.693910 0.900631
0.709092 0.639260
0.726642 0.759329
0.739367 0.688351
0.769685 0.330271
0.789657 0.952533
0.793417 0.319981
0.808837 0.268252
0.823163 0.743024
0.830503 0.771571
0.834844 0.873744
0.868730 0.000000
0.931052 0.606304
0.970391 0.631701
0.989186 0.665952
1.000000 0.483836
