0.000000 0.740075
0.000665 0.964797
0.002320 0.516452
0.004264 0.039411
0.008727 0.023976
0.009272 0.532916
0.012576 0.385399
0.017161 0.300642
0.019083 0.711623
0.023516 0.694189
0.029456 0.409870
0.032655 0.564916
0.038711 0.820479
0.040329 0.472801
0.042678 0.318917
0.045032 0.910309
0.045065 0.767800
0.045202 0.724052
0.045454 0.862845
0.048508 0.004762
0.051767 1.000000
0.053039 0.411153
0.056152 0.964086
0.059699 0.132537
0.060246 0.421252
0.060990 0.221367
0.061634 0.400861
0.062208 0.689383
0.062219 0.312282
0.062256 0.775458
0.062722 0.633868
0.063527 0.303405
0.064507 0.763945
0.064976 0.746861
0.066001 0.352981
0.068186 0.474678
0.068250 0.556454
0.073171 0.985604
0.073710 0.531832
0.073971 0.082111
0.074890 0.903853
0.074975 0.781780
0.075438 0.269084
0.075906 0.627634
0.075933 0.495096
0.076044 0.964217
0.076109 0.164840
0.077937 0.271521
0.079611 0.470156
0.080336 0.306186
0.081175 0.869566
0.081182 0.354293
0.081304 0.947881
0.081622 0.784957
0.083317 0.834746
0.083386 0.952461
0.084145 0.137944
0.088118 0.930307
0.088690 0.602060
0.088719 0.728814
0.091765 0.770197
0.093311 0.217716
0.094429 0.503191
0.095024 0.840439
0.095484 0.454743
0.096330 0.881943
0.096579 0.836667
0.096867 0.152924
0.097292 0.007639
0.097297 0.312746
0.100998 0.076148
0.103141 0.882427
0.103660 0.221686
0.104168 0.038989
0.105950 0.884706
0.107706 0.018208
0.109697 0.437468
0.109712 0.303620
0.111241 0.897668
0.111358 0.567983
0.111843 0.499159
0.112804 0.345733
0.114316 0.081811
0.115510 0.650635
0.116455 0.456459
0.116629 0.956677
0.118266 0.800586
0.118771 0.280254
0.119146 0.458550
0.119224 0.304070
0.119587 0.461411
0.119635 0.767605
0.122194 0.493456
0.123151 0.956810
0.124001 0.633114
0.124921 0.646982
0.126617 0.592440
0.127607 0.316947
0.127886 0.431618
0.129619 0.740774
0.129797 0.326549
0.130189 0.611812
0.132337 0.899525
0.132726 0.039046
0.133316 0.792782
0.133360 0.529990
0.134716 0.849378
0.134843 0.267813
0.135173 0.712324
0.135632 0.075822
0.136228 0.730115
0.136230 0.830779
0.137736 0.107968
0.138197 0.636286
0.138238 0.203501
0.139091 0.987206
0.141759 0.765809
0.143312 0.285146
0.143616 0.356010
0.144672 0.795107
0.145398 0.303679
0.145692 0.249041
0.146570 0.244450
0.149308 0.782460
0.151659 0.761089
0.151801 0.307206
0.153245 0.868385
0.154184 0.454493
0.154522 0.671014
0.154889 0.671054
0.155043 0.307167
0.155132 0.373273
0.155639 0.067534
0.155645 0.169338
0.156713 0.285895
0.157902 0.815986
0.158578 0.026241
0.160115 0.300588
0.160168 0.248471
0.160393 0.317373
0.160579 0.195727
0.162533 0.939648
0.164536 0.425567
0.164545 0.276471
0.165086 0.822976
0.167011 0.232925
0.167127 0.184299
0.167728 0.372390
0.168370 0.131159
0.168550 0.511281
0.168730 0.131377
0.170583 0.311773
0.171379 0.129950
0.171696 0.823598
0.172182 0.208706
0.172291 0.687248
0.172552 0.029599
0.173317 0.532147
0.173714 0.225838
0.173958 0.039885
0.174280 0.707045
0.174384 0.445101
0.174437 0.970299
0.174709 0.727397
0.175099 0.653716
0.176955 0.038810
0.178262 0.859164
0.178578 0.398533
0.179050 0.935026
0.179096 0.671252
0.180565 0.707893
0.180870 0.627261
0.181177 0.167491
0.181993 0.744825
0.182213 0.597596
0.182306 0.706956
0.182654 0.061145
0.185189 0.635812
0.185224 0.425074
0.185381 0.078307
0.185456 0.214156
0.186363 0.565708
0.187330 0.438115
0.188027 0.907357
0.188070 0.833261
0.188191 0.822219
0.188286 0.531807
0.188459 0.590175
0.189564 0.403390
0.190022 0.046665
0.192193 0.407108
0.192209 0.602741
0.192271 0.229777
0.192879 0.978136
0.192932 0.062202
0.193161 0.909936
0.194124 0.730896
0.194394 0.903168
0.194420 0.733035
0.194707 0.491364
0.194784 0.280988
0.195412 0.945065
0.195990 0.836722
0.196559 0.971280
0.197001 0.322869
0.197031 0.200340
0.197692 0.752812
0.197733 0.574144
0.198655 0.180307
0.199643 0.017506
0.200131 0.185541
0.200157 0.660958
0.201137 0.170983
0.201616 0.362872
0.201616 0.607175
0.202371 0.498601
0.202618 0.264518
0.202678 0.781581
0.203000 0.880943
0.204273 0.781227
0.204418 0.789070
0.204995 0.805877
0.205048 0.720785
0.206112 0.179705
0.206885 0.117739
0.206942 0.330560
0.207507 0.012979
0.207812 0.182624
0.208742 0.388852
0.209304 0.073695
0.210502 0.663236
0.210878 0.151350
0.211381 0.462238
0.211670 0.769671
0.212220 0.802754
0.213554 0.942910
0.214093 0.213025
0.214101 0.376585
0.215426 0.350005
0.215678 0.539941
0.215756 0.043781
0.216539 0.252917
0.216645 0.766871
0.216691 0.035058
0.216836 0.515690
0.217243 0.353210
0.218111 0.190788
0.218330 0.275362
0.218618 0.208377
0.218634 0.583552
0.218904 0.244966
0.219206 0.022206
0.219285 0.132385
0.220284 0.458291
0.220824 0.694107
0.221743 0.529985
0.222580 0.766563
0.222778 0.011993
0.223769 0.039626
0.224621 0.617729
0.225110 0.555148
0.225174 0.777373
0.225369 0.410140
0.225743 0.398508
0.226087 0.777417
0.226689 0.439339
0.228016 0.314643
0.228275 0.833163
0.229790 0.846307
0.231914 0.140759
0.231939 0.628161
0.231964 0.576210
0.232821 0.478638
0.233249 0.183497
0.233428 0.941713
0.233593 0.248703
0.233941 0.217683
0.234196 0.823179
0.235131 0.829038
0.235422 0.439704
0.235475 0.826796
0.237888 0.600621
0.238058 0.106815
0.238641 0.009615
0.239167 0.035209
0.239224 0.450550
0.240765 0.508187
0.241582 0.410954
0.241978 0.823902
0.242149 0.583613
0.242520 0.769331
0.242873 0.812612
0.243498 0.899670
0.243563 0.543258
0.243871 0.116725
0.244341 0.194687
0.244366 0.247919
0.245700 0.303446
0.245936 0.057308
0.246169 0.997172
0.246502 0.400811
0.246756 0.208821
0.247821 0.283788
0.248117 0.926042
0.248504 0.670115
0.248984 0.125460
0.249004 0.931169
0.249517 0.508759
0.249519 0.477586
0.250017 0.919109
0.250140 0.114058
0.250190 0.302133
0.251235 0.707955
0.252468 0.805977
0.252504 0.535236
0.252849 0.170459
0.253790 0.127664
0.254288 0.538496
0.254320 0.169431
0.255928 0.913737
0.256121 0.617380
0.258142 0.745885
0.258260 0.302008
0.258634 0.405803
0.258914 0.380548
0.260615 0.934264
0.262178 0.713365
0.263070 0.319317
0.264260 0.164155
0.266234 0.799554
0.266312 0.020608
0.267346 0.186023
0.268443 0.666425
0.269545 0.836692
0.270025 0.575666
0.270137 0.802370
0.270210 0.485383
0.270524 0.968904
0.271147 0.079279
0.271614 0.942661
0.271758 0.202735
0.271800 0.472908
0.272391 0.629459
0.272556 0.723944
0.272613 0.625317
0.272766 0.477226
0.273066 0.419829
0.273109 0.323658
0.273114 0.900188
0.273196 0.740451
0.273709 0.951558
0.276312 0.964741
0.276615 0.348578
0.276623 0.959600
0.277038 0.912363
0.277274 0.772020
0.277343 0.204001
0.277631 0.636717
0.278149 0.831644
0.278376 0.245355
0.278865 0.279689
0.279060 0.301828
0.279211 0.225145
0.279751 0.568021
0.279842 0.712331
0.280011 0.968550
0.280165 0.186847
0.280878 0.794139
0.280931 0.031599
0.281405 0.261963
0.281692 0.037351
0.281770 0.783521
0.281937 0.808245
0.282403 0.543241
0.283375 0.738085
0.284026 0.187116
0.285537 0.335798
0.286482 0.010015
0.286879 0.320381
0.287324 0.233207
0.287942 0.772033
0.288110 0.503634
0.288877 0.936960
0.288959 0.505942
0.289082 0.161567
0.289164 0.953724
0.290536 0.312368
0.291395 0.471193
0.291875 0.364725
0.292088 0.452430
0.294690 0.530890
0.295471 0.681423
0.298013 0.731933
0.298211 0.459200
0.299219 0.248705
0.300237 0.874834
0.300692 0.246352
0.303185 0.705498
0.303816 0.610429
0.304094 0.515320
0.304161 0.812323
0.306085 0.818885
0.306120 0.018561
0.306349 0.142409
0.306366 0.749416
0.306469 0.528793
0.307518 0.525169
0.310031 0.924420
0.310502 0.600412
0.310941 0.382361
0.311030 0.139758
0.311046 0.601494
0.312027 0.706611
0.313514 0.894774
0.314491 0.032693
0.314554 0.803480
0.314865 0.053036
0.315908 0.825262
0.315935 0.141768
0.317123 0.178341
0.317387 0.907183
0.317524 0.371598
0.318332 0.091356
0.318501 0.914046
0.319179 0.860000
0.319345 0.715425
0.321092 0.792559
0.321237 0.107469
0.321623 0.734180
0.321676 0.736046
0.322036 0.070240
0.322414 0.047133
0.322719 0.577835
0.323192 0.136118
0.325365 0.272591
0.325887 0.488203
0.326160 0.061120
0.326761 0.985362
0.326908 0.035725
0.328226 0.556151
0.328885 0.783711
0.329272 0.992501
0.329428 0.941176
0.329603 0.692592
0.330608 0.222384
0.331164 0.676675
0.331660 0.846422
0.332112 0.962380
0.332236 0.328736
0.332952 0.863865
0.333023 0.523681
0.333752 0.761618
0.334214 0.553646
0.335027 0.665274
0.335890 0.293512
0.337209 0.617095
0.337656 0.711258
0.338401 0.971620
0.339760 0.859671
0.339915 0.948157
0.340857 0.659783
0.341153 0.575597
0.341797 0.616392
0.343287 0.220064
0.343837 0.292447
0.344298 0.849842
0.344420 0.636738
0.345014 0.392362
0.345504 0.255864
0.346224 0.179901
0.346268 0.831238
0.346615 0.824526
0.347762 0.326264
0.348199 0.608519
0.348969 0.825184
0.348972 0.399633
0.350578 0.016432
0.351345 0.606145
0.351701 0.250283
0.352978 0.216343
0.353406 0.145843
0.353695 0.749474
0.353879 0.160115
0.354373 0.801785
0.354710 0.979866
0.355158 0.505533
0.355744 0.028409
0.356790 0.102495
0.357369 0.930223
0.357678 0.022648
0.357842 0.527969
0.358008 0.832404
0.358081 0.008971
0.358470 0.094834
0.358870 0.914042
0.358967 0.490842
0.359814 0.078764
0.359976 0.803486
0.360121 0.760288
0.360276 0.439432
0.360390 0.654986
0.360793 0.221863
0.361014 0.002768
0.362474 0.543589
0.362745 0.435513
0.363312 0.578308
0.363554 0.488686
0.364113 0.768637
0.364748 0.229309
0.365060 0.314943
0.366485 0.354561
0.366811 0.515921
0.368519 0.021750
0.368962 0.934465
0.369081 0.706548
0.369520 0.525796
0.370415 0.193358
0.371278 0.456578
0.371476 0.887696
0.372343 0.182899
0.372434 0.936794
0.373174 0.421342
0.373816 0.102378
0.374057 0.176727
0.374839 0.192255
0.374882 0.427639
0.374913 0.412556
0.375372 0.101510
0.375514 0.652818
0.376235 0.316264
0.377948 0.027471
0.379171 0.608593
0.380306 0.365701
0.380422 0.181407
0.380683 0.615623
0.382632 0.583889
0.382652 0.117911
0.382848 0.855989
0.385708 0.406217
0.386387 0.189599
0.387390 0.682119
0.387439 0.536028
0.388767 0.625950
0.389870 0.163272
0.389921 0.236019
0.390252 0.000000
0.393434 0.891396
0.393816 0.431220
0.394338 0.709415
0.396524 0.463083
0.397160 0.583749
0.397758 0.085460
0.398131 0.478169
0.398166 0.588734
0.398351 0.388357
0.399031 0.114271
0.399054 0.036741
0.399316 0.858862
0.400977 0.107181
0.401147 0.147215
0.401364 0.865189
0.401547 0.094841
0.402765 0.025078
0.402962 0.234182
0.402966 0.050681
0.405174 0.891462
0.405215 0.439788
0.405651 0.324409
0.406224 0.378401
0.407636 0.444683
0.407839 0.533658
0.408298 0.740786
0.409994 0.537075
0.410213 0.469104
0.410666 0.503990
0.410859 0.988874
0.411591 0.011412
0.411808 0.615169
0.412764 0.317499
0.413296 0.643588
0.413590 0.499648
0.413631 0.425437
0.415063 0.756129
0.415645 0.815436
0.417110 0.985789
0.418518 0.634773
0.418675 0.816261
0.418838 0.943165
0.419548 0.720508
0.420027 0.342542
0.421045 0.650102
0.421799 0.453584
0.421900 0.181821
0.421938 0.514187
0.422078 0.125498
0.422368 0.776841
0.425449 0.188148
0.425749 0.532338
0.426487 0.357484
0.426848 0.514673
0.428983 0.183887
0.429370 0.730619
0.429861 0.037229
0.429937 0.347164
0.430292 0.001843
0.431358 0.054761
0.431459 0.637177
0.432449 0.056359
0.432777 0.518157
0.433605 0.834357
0.433614 0.924614
0.434120 0.957180
0.434328 0.594333
0.434529 0.658543
0.435013 0.786965
0.436469 0.644208
0.436754 0.368656
0.436840 0.397404
0.440954 0.131740
0.441549 0.947793
0.441816 0.504460
0.441858 0.488122
0.442734 0.256494
0.442869 0.429398
0.444092 0.224792
0.446258 0.241055
0.447118 0.303180
0.448778 0.735452
0.450243 0.005901
0.452699 0.882208
0.453952 0.665505
0.454712 0.637896
0.454861 0.117894
0.454869 0.724630
0.455027 0.883131
0.457674 0.133180
0.457969 0.782428
0.460428 0.773677
0.461307 0.457606
0.461375 0.458551
0.461832 0.565474
0.461993 0.720523
0.462251 0.024036
0.462722 0.466952
0.464255 0.504616
0.464945 0.610880
0.467064 0.367415
0.468966 0.247265
0.468976 0.835314
0.471415 0.305469
0.471449 0.980713
0.472319 0.178589
0.472790 0.760450
0.475491 0.072616
0.476002 0.587503
0.477990 0.505557
0.479274 0.051218
0.479477 0.381378
0.480988 0.886461
0.482224 0.996452
0.483595 0.011561
0.485839 0.486900
0.487710 0.009538
0.488068 0.790105
0.490998 0.692054
0.494110 0.825831
0.497931 0.330267
0.500594 0.399220
0.502132 0.656527
0.502590 0.029591
0.504241 0.727563
0.508226 0.270242
0.508912 0.294279
0.512333 0.346961
0.517267 0.774584
0.517413 0.439902
0.517529 0.830722
0.519146 0.227985
0.519550 0.298443
0.520067 0.747205
0.520336 0.311734
0.520490 0.406299
0.521471 0.761256
0.522163 0.790142
0.522713 0.586684
0.524337 0.982353
0.531456 0.457040
0.533582 0.934027
0.533651 0.305117
0.534628 0.651815
0.537973 0.260173
0.538245 0.483794
0.541488 0.264188
0.543549 0.551339
0.548837 0.380894
0.548869 0.970371
0.549796 0.123573
0.552554 0.239058
0.552692 0.436259
0.557949 0.445821
0.560472 0.241699
0.560802 0.480890
0.560832 0.212848
0.561826 0.095193
0.562578 0.394996
0.562893 0.263931
0.564540 0.964286
0.567800 0.042625
0.569068 0.219007
0.569618 0.542209
0.571113 0.540525
0.571564 0.590011
0.571941 0.143038
0.575996 0.413799
0.578497 0.175954
0.578669 0.189482
0.579520 0.367374
0.580120 0.162645
0.585477 0.363923
0.585840 0.357667
0.588505 0.981186
0.589930 0.577392
0.591272 0.454737
0.595900 0.755764
0.596692 0.258253
0.601902 0.821313
0.603510 0.644567
0.604776 0.598537
0.611748 0.166117
0.619320 0.093168
0.624410 0.186230
0.632028 0.459083
0.633267 0.724820
0.634470 0.342430
0.635080 0.581425
0.636819 0.588744
0.638678 0.777375
0.653306 0.961588
0.655082 0.888736
0.658965 0.206739
0.670426 0.142856
0.672803 0.868777
0.673054 0.272916
0.673533 0.139636
0.678123 0.266522
0.679449 0.530097
0.684724 0.131918
0.685398 0.585859
0.686669 0.595090
0.691531 0.678963
0.698593 0.059011
0.705351 0.621146
0.706118 0.071335
0.707912 0.747612
0.710552 0.346066
0.729398 0.604074
0.746564 0.710213
0.746696 0.395340
0.747376 0.547429
0.752481 0.772737
0.758768 0.651396
0.767237 0.844632
0.768352 0.935289
0.778756 0.915882
0.786549 0.966170
0.799629 0.316388
0.802319 0.831749
0.805869 0.167953
0.807074 0.586937
0.807870 0.857619
0.813280 0.274054
0.833312 0.930431
0.834164 0.942683
0.845835 0.077229
0.847091 0.293275
0.878448 0.591501
0.881038 0.826857
0.895527 0.270500
0.928476 0.137020
0.932120 0.211855
0.949098 0.678933
1.000000 0.428921
