0.000000 0.709239
0.006584 0.484186
0.039865 0.385921
0.059902 0.677856
0.083051 0.763697
0.089744 0.762099
0.091495 0.735920
0.110269 0.691047
0.110308 0.619160
0.119003 0.325507
0.122166 0.422482
0.131201 0.500232
0.131354 0.563573
0.137476 0.539202
0.144633 0.598508
0.147040 0.692592
0.148039 0.542560
0.150851 0.503001
0.151710 0.434314
0.163159 0.497665
0.163397 0.602310
0.164494 0.501370
0.173840 0.522085
0.184209 0.577673
0.184476 0.656912
0.184687 0.828677
0.187798 0.482745
0.189257 0.593066
0.195538 0.524222
0.199986 0.557015
0.200947 0.700252
0.220166 0.400653
0.220753 0.627025
0.231108 0.300958
0.231252 0.512690
0.231862 0.581054
0.232502 0.791683
0.233631 0.641775
0.236297 0.281128
0.236526 0.633025
0.240556 0.650634
0.244178 0.802852
0.248244 0.550636
0.248731 0.383963
0.248816 0.623958
0.249072 0.599176
0.249799 0.280456
0.256797 0.362754
0.260728 0.381482
0.262633 0.699612
0.268807 0.270121
0.275108 0.335516
0.277124 0.216081
0.277532 0.474905
0.286588 0.299457
0.295431 0.645781
0.295616 0.386203
0.297004 0.718650
0.297454 0.872190
0.302984 0.748605
0.308292 0.598604
0.316544 0.572026
0.317291 0.560898
0.326951 0.589446
0.331003 0.667875
0.331303 0.634386
0.341288 0.752181
0.350133 0.484722
0.356389 0.657246
0.367968 0.576698
0.370653 0.732349
0.386418 0.398760
0.388491 0.701970
0.388659 0.440399
0.394678 0.406621
0.398044 0.679666
0.402800 0.684378
0.403268 0.531661
0.410370 0.768356
0.420453 0.660805
0.429466 0.305676
0.432063 0.610977
0.432934 0.571907
0.433923 0.225314
0.438180 0.547186
0.438859 0.437293
0.439711 0.660569
0.441749 0.585480
0.448760 0.535137
0.449789 0.751825
0.451573 0.320581
0.456122 0.720640
0.460263 0.274667
0.466458 0.847056
0.470240 0.510875
0.471220 0.668199
0.471419 0.821509
0.475793 0.184958
0.477768 0.436720
0.480431 0.532558
0.487801 0.568363
0.489109 0.383778
0.495491 0.472888
0.497821 0.692753
0.503161 0.295712
0.505185 0.288691
0.506149 0.573365
0.510523 0.322701
0.511570 0.527818
0.515838 0.272519
0.523534 0.587622
0.528031 0.832460
0.537287 0.630164
0.549865 0.415646
0.550983 0.744165
0.551364 0.705029
0.558129 0.643453
0.561909 0.925626
0.578704 0.478608
0.585624 0.483409
0.602241 0.852001
0.605642 0.686301
0.613416 0.905944
0.616931 0.512263
0.626166 0.616943
0.632870 0.549541
0.648716 0.633631
0.651483 0.766766
0.659438 0.811399
0.682541 0.270859
0.706806 0.499440
0.720267 0.739825
0.725014 0.763533
0.725496 0.958409
0.748055 1.000000
0.748140 0.699613
0.753366 0.098751
0.755127 0.599663
0.772492 0.499130
0.777107 0.837717
0.803114 0.555398
0.819219 0.446402
0.827292 0.200091
0.876501 0.716940
0.911022 0.245769
0.938411 0.888697
1.000000 0.000000
