0.000000 0.631947
0.008221 0.339475
0.008288 0.537325
0.023168 0.805623
0.024330 0.512558
0.034183 0.753424
0.044489 0.647450
0.046575 0.382602
0.047444 0.642283
0.053040 0.471396
0.053714 0.304382
0.054050 0.356167
0.055474 0.308841
0.056990 0.608584
0.059292 0.218895
0.060420 0.555880
0.067145 0.559192
0.067189 0.548359
0.073201 0.569615
0.075221 0.643823
0.075242 0.346694
0.078467 0.434572
0.081801 0.469603
0.082385 0.426769
0.083734 0.739578
0.083754 0.530248
0.088661 0.700664
0.091107 0.549154
0.095152 0.872538
0.095423 0.883122
0.095598 0.548696
0.098560 0.590119
0.102526 0.569521
0.102793 0.756661
0.104800 0.637111
0.106906 0.520321
0.107888 0.536720
0.108780 0.349945
0.108898 0.359929
0.113835 0.565866
0.116517 0.257846
0.120658 0.291288
0.126821 0.612232
0.127834 0.633414
0.127940 0.650537
0.128517 0.096408
0.129864 0.647946
0.130137 0.717811
0.130529 0.526076
0.132886 0.587571
0.136839 0.379847
0.136855 0.529196
0.136905 0.742946
0.137259 0.363404
0.139442 0.558731
0.139618 0.503671
0.141721 0.634289
0.142798 0.595532
0.142902 0.791967
0.145500 0.357004
0.147214 0.639163
0.149307 0.698857
0.150443 0.509565
0.150837 0.577731
0.151234 0.389589
0.152071 0.588360
0.153098 0.649820
0.153157 0.718965
0.155419 0.651135
0.156753 0.607199
0.160367 0.260984
0.161141 0.271786
0.161610 0.471758
0.161914 0.447352
0.162269 0.373786
0.162813 0.738208
0.163333 0.879882
0.165304 0.437832
0.166679 0.516878
0.167487 0.399298
0.167526 0.515199
0.168118 0.605134
0.168971 0.637502
0.171293 0.527722
0.171677 0.128832
0.172030 0.389993
0.172076 0.491184
0.172118 0.645164
0.176881 0.707976
0.178674 0.279506
0.179653 0.514503
0.181381 0.806118
0.182345 0.523530
0.182637 0.535139
0.182875 0.524465
0.186387 0.505135
0.186587 0.520212
0.186933 0.455728
0.188520 0.778478
0.188637 0.624872
0.188894 0.729215
0.191302 0.494275
0.192081 0.569722
0.193432 0.445667
0.193445 0.609194
0.195179 0.567616
0.195757 0.765064
0.196023 0.445608
0.196604 0.640999
0.196926 0.449627
0.197069 0.879989
0.197132 0.592160
0.197395 0.354942
0.198432 0.637730
0.200168 0.806949
0.200788 0.370423
0.201014 0.490320
0.201030 0.308451
0.201114 0.397926
0.201732 0.275952
0.203785 0.619865
0.203801 0.764466
0.204737 0.499084
0.204974 0.561276
0.205553 0.447098
0.205832 0.325585
0.206623 0.619813
0.207635 0.699853
0.208550 0.271146
0.209352 0.715008
0.210479 0.526819
0.211489 0.490861
0.213645 0.537370
0.216269 0.649622
0.216878 0.518325
0.218151 0.310960
0.218829 0.745890
0.220386 0.588292
0.220529 0.087963
0.221332 0.559745
0.221555 0.431756
0.221769 0.671410
0.224199 0.685582
0.224680 0.787819
0.227185 0.617197
0.228385 0.459362
0.229208 0.414119
0.229466 0.206040
0.229853 0.545176
0.230691 0.196884
0.230771 0.857218
0.231253 0.438785
0.236528 0.538548
0.240794 0.937419
0.241140 0.389662
0.241364 0.647252
0.242088 0.497217
0.242174 0.748753
0.243639 0.550805
0.243766 0.454526
0.244493 0.344103
0.245639 0.524237
0.246877 0.510075
0.247313 0.559312
0.247884 0.672271
0.248693 0.591869
0.250045 0.143211
0.252146 0.409807
0.252610 0.469682
0.253818 0.766193
0.253885 0.498522
0.253982 0.693943
0.254929 0.513233
0.257018 0.333868
0.257532 0.710788
0.257942 0.654632
0.258452 0.783308
0.258880 0.556096
0.260498 0.558965
0.261057 0.294785
0.262665 0.654258
0.262995 0.469478
0.263352 0.777118
0.264465 0.469338
0.265809 0.721056
0.266305 0.079714
0.266402 0.417481
0.267120 0.495938
0.267182 0.521544
0.269560 0.344783
0.269701 0.411614
0.269924 0.524449
0.272300 0.363083
0.273458 0.686163
0.275918 0.918739
0.276079 0.646649
0.276972 0.649043
0.277525 0.191929
0.278216 0.513979
0.278802 0.521901
0.284686 0.805298
0.285702 0.475326
0.285848 0.303757
0.286726 0.429053
0.287439 0.491308
0.290676 0.292474
0.293412 0.427403
0.294105 0.684967
0.295482 0.000000
0.296275 0.861118
0.297146 0.166704
0.298292 0.419719
0.298407 0.427506
0.298454 0.633646
0.300130 0.576997
0.300150 0.394754
0.300912 0.620830
0.301245 0.378684
0.302469 0.662418
0.303002 0.433867
0.303990 0.761061
0.304103 0.368201
0.305845 0.528903
0.305974 0.780209
0.306475 0.897525
0.306958 0.301484
0.307014 0.307579
0.308874 0.561578
0.309902 0.463107
0.310118 0.511953
0.311945 0.408694
0.314164 0.734223
0.314490 0.427274
0.315679 0.614800
0.315780 0.344799
0.317027 0.385710
0.317434 0.374426
0.318056 0.374411
0.318239 0.399186
0.318255 0.718021
0.318763 0.689040
0.318918 0.710954
0.318928 0.744646
0.320028 0.782433
0.322226 0.730301
0.323202 0.612069
0.324031 0.257612
0.325074 0.875861
0.326096 0.389241
0.326105 0.944305
0.328015 0.585242
0.329695 0.643359
0.329824 0.735354
0.330186 0.315458
0.330542 0.449502
0.332400 0.429696
0.333406 0.491577
0.333447 0.450473
0.333528 0.573301
0.335370 0.775054
0.335711 0.413273
0.336536 0.341491
0.336937 0.425009
0.339871 0.856805
0.340629 0.469341
0.340756 0.396623
0.341113 0.337346
0.342128 0.460827
0.342371 0.607597
0.342648 0.693324
0.342676 0.585046
0.343227 0.375465
0.344318 0.695282
0.344535 0.703236
0.344802 0.858001
0.344862 0.850082
0.347213 0.555847
0.348222 0.414961
0.348568 0.260120
0.349681 0.600195
0.350320 0.626705
0.351318 0.833002
0.351726 0.723841
0.352422 0.649448
0.352558 0.359192
0.354395 0.516280
0.355530 0.248827
0.356756 0.443274
0.357307 0.599075
0.357337 0.512361
0.358976 0.563504
0.360327 0.266108
0.360336 0.578653
0.360527 0.749889
0.360718 0.751572
0.361110 0.552723
0.361326 0.734950
0.361443 0.666079
0.361706 0.671436
0.362265 0.587977
0.362532 0.638552
0.366714 0.549958
0.367102 0.301831
0.368335 0.446506
0.372357 0.548896
0.372754 0.770870
0.373098 0.276252
0.373732 0.764661
0.376496 0.471733
0.376605 0.575513
0.376707 0.528733
0.377608 0.397283
0.378227 0.513394
0.378509 0.494611
0.379182 0.595153
0.380150 0.641495
0.381498 0.452835
0.382554 0.553239
0.382771 0.381285
0.383012 0.634695
0.383138 0.563284
0.384037 0.488723
0.384616 0.357824
0.384729 0.221747
0.385411 0.447550
0.385472 0.528067
0.387318 0.446209
0.388655 0.514698
0.388844 0.481964
0.388992 0.352248
0.389191 0.698892
0.392033 0.633018
0.392046 0.203703
0.394275 0.418915
0.396029 0.937940
0.396112 0.524422
0.396308 0.271815
0.398456 0.482723
0.398759 0.629045
0.400129 0.714482
0.400437 0.421671
0.400522 0.312367
0.400633 0.525108
0.401106 0.536388
0.401541 0.557544
0.401629 0.719840
0.401824 0.531114
0.402336 0.355969
0.402757 0.613300
0.404715 0.818069
0.407070 0.969455
0.408972 0.887760
0.409476 0.781441
0.411752 0.607017
0.412548 0.867969
0.413353 0.528971
0.415678 0.476230
0.415801 0.701366
0.415938 0.627327
0.416172 0.493870
0.416483 0.583628
0.421048 0.503797
0.423919 0.481107
0.424773 0.675090
0.425705 0.499193
0.426970 0.544632
0.427113 0.394474
0.427994 0.258764
0.429059 0.521638
0.430483 0.324993
0.431246 0.350207
0.432727 0.806778
0.435019 0.682930
0.435660 0.424493
0.440544 0.480980
0.441388 0.768402
0.444221 0.497824
0.445330 0.819729
0.446951 0.591933
0.447207 0.392439
0.448184 0.478750
0.449320 0.646545
0.449343 0.584307
0.450607 0.444766
0.451145 0.101388
0.452464 0.522214
0.453235 0.495595
0.453804 0.770374
0.454693 0.568632
0.454970 0.353647
0.455434 0.291502
0.456388 0.273938
0.456975 0.145455
0.458712 0.707361
0.460207 0.871074
0.460287 0.583316
0.461750 0.332469
0.465730 0.404660
0.466236 0.829786
0.466483 0.519814
0.467045 0.620265
0.469184 0.219174
0.472222 0.513456
0.473178 0.600043
0.474101 0.706537
0.474967 0.773023
0.476420 0.645887
0.478988 0.883257
0.479212 0.554029
0.480245 0.387447
0.481150 0.347022
0.482707 0.356261
0.484745 0.775075
0.485903 0.595176
0.488938 0.681597
0.489648 0.352799
0.490531 0.544429
0.490592 0.388962
0.491313 0.404703
0.492344 0.481615
0.493165 0.792527
0.496050 0.521475
0.499864 0.358260
0.501086 0.381537
0.501799 0.640926
0.506611 0.356670
0.508518 0.421892
0.514722 0.712135
0.515964 0.467687
0.516604 0.418311
0.519282 0.288100
0.526019 0.387699
0.526707 0.447034
0.528464 0.772591
0.529206 0.610624
0.530178 0.509820
0.533411 0.497006
0.534403 0.696402
0.534874 0.596094
0.535411 0.488890
0.536170 0.642863
0.536173 0.662823
0.538331 0.539796
0.538458 0.540481
0.539939 0.463702
0.540294 0.539703
0.544414 0.787181
0.545502 0.007068
0.549901 0.282283
0.553658 0.425136
0.554044 0.490976
0.555374 0.624068
0.556931 0.952816
0.559043 0.420007
0.559240 0.715686
0.559644 0.747553
0.560086 0.629377
0.561752 0.516020
0.564310 0.591987
0.566281 0.592124
0.568923 0.669743
0.569783 0.455432
0.571487 0.949128
0.572773 0.416636
0.573344 0.459730
0.574033 0.080924
0.575818 0.600626
0.581432 0.766169
0.584465 0.676992
0.586480 0.579884
0.587379 0.437233
0.588599 0.523062
0.590079 0.318212
0.591693 0.511950
0.595163 0.412688
0.595428 0.466178
0.595653 0.475640
0.600341 0.785295
0.607659 0.739540
0.618094 0.683237
0.618726 0.522596
0.620842 0.895337
0.621534 0.604122
0.628639 0.495271
0.629251 0.762549
0.629755 0.367855
0.629946 0.721202
0.630648 0.721094
0.632233 0.440886
0.634400 0.480314
0.636544 0.575587
0.642712 0.931968
0.644587 0.717650
0.645062 0.525339
0.646911 0.350937
0.648951 0.998078
0.650797 0.484930
0.654377 0.821657
0.659529 0.476808
0.677378 0.425147
0.677741 0.565423
0.682299 0.535373
0.684543 0.818999
0.685147 0.947129
0.690362 0.470787
0.703927 0.583938
0.706645 0.812185
0.709575 0.827422
0.727555 0.451057
0.729204 0.614735
0.734312 0.562398
0.735615 0.563061
0.735967 0.500151
0.738758 0.617314
0.742811 0.833612
0.780938 0.500837
0.796903 0.660554
0.798799 0.611319
0.824460 0.348807
0.825731 0.812456
0.829835 0.678630
0.878690 0.367906
0.895645 0.560568
0.923073 1.000000
0.941077 0.307931
0.955948 0.767894
0.984056 0.870578
1.000000 0.773716
