0.000000 0.557056
0.009177 0.436459
0.070669 0.418553
0.105338 0.450555
0.116473 0.251588
0.118285 0.478670
0.130554 0.361801
0.133263 0.508558
0.145389 0.659191
0.147510 0.423197
0.148041 0.557875
0.149429 0.421555
0.155906 0.328236
0.162238 0.396501
0.166635 0.238801
0.169017 0.356093
0.175305 0.415824
0.182326 0.365708
0.190093 0.458930
0.193433 0.506744
0.193446 0.592674
0.211603 0.491301
0.212246 0.839032
0.214433 0.606591
0.230186 0.395794
0.236072 0.396840
0.236704 0.540319
0.240304 0.607976
0.242409 0.698492
0.243393 0.604163
0.248155 0.471410
0.252215 0.305884
0.255237 0.702394
0.255958 0.306786
0.258110 0.285023
0.258155 0.662883
0.260144 0.398623
0.260531 0.457573
0.264202 0.265443
0.270629 0.391225
0.271383 0.396162
0.271712 0.692163
0.273019 0.586289
0.273759 0.536672
0.279804 0.365522
0.280000 0.335780
0.282272 0.496082
0.282801 0.477000
0.283173 0.454821
0.284223 0.426968
0.287485 0.549307
0.290938 0.289970
0.292547 0.614395
0.296806 0.376224
0.300525 0.582141
0.302005 0.479151
0.302312 0.371599
0.304839 0.520212
0.305001 0.383044
0.305219 0.534160
0.306104 0.420956
0.311504 0.524409
0.313821 0.349881
0.314314 0.371178
0.316469 0.372546
0.316502 0.461995
0.318876 0.535708
0.319337 0.627777
0.321115 0.478499
0.323759 0.596276
0.328166 0.561971
0.330954 0.519836
0.332129 0.426217
0.333865 0.501136
0.334619 0.405359
0.335911 0.423927
0.338009 0.740660
0.339418 0.821594
0.340093 0.351860
0.340358 0.453171
0.341002 0.506151
0.344156 0.334763
0.344904 0.498393
0.346830 0.563603
0.349367 0.390171
0.353947 0.555214
0.354032 0.428583
0.355563 0.495650
0.356275 0.389126
0.356703 0.601261
0.359919 0.326477
0.361036 0.650950
0.362541 0.594820
0.365250 0.455898
0.368595 0.382422
0.371274 0.344109
0.371942 0.445652
0.373584 0.463373
0.378690 0.556181
0.378785 0.598820
0.378979 0.357042
0.380358 0.539192
0.381089 0.542744
0.381258 0.497307
0.382451 0.490505
0.384552 0.310254
0.388349 0.506554
0.389289 0.440606
0.390900 0.425175
0.393122 0.452440
0.393258 0.432081
0.393316 0.406067
0.393674 0.308063
0.395570 0.558348
0.397546 0.528889
0.399938 0.407246
0.400166 0.433358
0.400309 0.428078
0.400400 0.304491
0.400412 0.457396
0.403234 0.563381
0.405113 0.347823
0.405275 0.374313
0.405522 0.668279
0.406803 0.406284
0.410112 0.537443
0.410781 0.583524
0.411342 0.686946
0.411389 0.336178
0.416330 0.552590
0.417690 0.795864
0.418531 0.441934
0.421859 0.598216
0.422008 0.435959
0.423613 0.460018
0.425414 0.509706
0.427069 0.437508
0.427290 0.474862
0.428458 0.511804
0.428481 0.548582
0.430400 0.566115
0.430867 0.355229
0.433961 0.363993
0.433975 0.595082
0.435271 0.405989
0.435842 0.579885
0.437898 0.525502
0.438313 0.437553
0.438755 0.460124
0.439118 0.726271
0.441160 0.564507
0.441539 0.419635
0.441672 0.205907
0.442117 0.657168
0.442153 0.336745
0.444420 0.541309
0.445202 0.493741
0.446397 0.658015
0.446893 0.334634
0.447052 0.556700
0.447060 0.513136
0.447099 0.492769
0.447974 0.351445
0.449744 0.626582
0.449799 0.222865
0.450639 0.422041
0.451723 0.543750
0.452220 0.489261
0.453018 0.697045
0.453234 0.399226
0.461534 0.414936
0.462991 0.380462
0.464279 0.413557
0.465030 0.547023
0.465957 0.577714
0.473208 0.291831
0.473772 0.553811
0.473914 0.595731
0.474749 0.527577
0.476041 0.268857
0.476681 0.358640
0.476826 0.463982
0.478125 0.663470
0.479473 0.342856
0.480433 0.225154
0.480866 0.283189
0.485499 0.511528
0.485922 0.344770
0.486334 0.524219
0.486339 0.940473
0.486772 0.514731
0.486902 0.494775
0.487060 0.595042
0.487468 0.519869
0.488249 0.663094
0.492523 0.456807
0.493313 0.305319
0.493475 0.425753
0.494758 0.618295
0.494810 0.283818
0.498179 0.476337
0.499819 0.489542
0.500990 0.292594
0.501440 0.625937
0.501606 0.589719
0.502463 0.379466
0.502466 0.367162
0.503061 0.579747
0.503532 0.439681
0.504221 0.620582
0.504360 0.332996
0.504791 0.537329
0.506002 0.854631
0.506607 0.436723
0.508813 0.373818
0.509254 0.362376
0.510114 0.450632
0.510665 0.649902
0.511386 0.617669
0.513242 0.650562
0.515564 0.449071
0.515970 0.579457
0.517321 0.383460
0.520227 0.259643
0.520522 0.286859
0.521424 0.562390
0.523050 0.520804
0.523115 0.857518
0.523695 0.608908
0.523769 0.380542
0.525313 0.700164
0.525823 0.572241
0.526922 0.558142
0.527088 0.354234
0.527317 0.615668
0.528020 0.502278
0.529140 0.426047
0.529442 0.358592
0.534083 0.445266
0.534581 0.590165
0.535356 0.431160
0.536090 0.343999
0.537765 0.529821
0.538615 0.715140
0.539013 0.481123
0.540743 0.365198
0.542519 0.560724
0.545274 0.265002
0.545466 0.404282
0.546418 0.443277
0.548613 0.482840
0.549328 0.447214
0.549863 0.484019
0.551501 0.818010
0.551618 0.735445
0.551988 0.494532
0.552954 0.430248
0.553020 0.266392
0.553271 0.511758
0.554008 0.391599
0.554094 0.494862
0.554301 0.383006
0.555014 0.216708
0.555637 0.619911
0.558292 0.460524
0.558373 0.478355
0.561006 0.303803
0.562003 0.376590
0.562042 0.305645
0.563252 0.538585
0.563697 0.613592
0.563904 0.499897
0.563933 0.476653
0.565997 0.540255
0.567296 0.586227
0.570423 0.543085
0.570608 0.325322
0.571194 0.669895
0.571229 0.615516
0.571785 0.256969
0.572104 0.573044
0.572278 0.280168
0.573008 0.799814
0.573776 0.581331
0.574987 0.657304
0.575220 0.535145
0.575755 0.318042
0.577260 0.463409
0.584347 0.528451
0.585322 0.549617
0.585362 0.308342
0.588238 0.509577
0.588273 0.363734
0.592517 0.431471
0.592723 0.438323
0.594415 0.538551
0.594762 0.678092
0.595090 0.630279
0.595373 0.617039
0.596349 0.467371
0.597244 0.753655
0.598328 0.463198
0.599546 0.357687
0.600666 0.784760
0.601332 0.702748
0.601389 0.345499
0.602521 0.359735
0.605756 0.320975
0.608368 0.502374
0.608490 0.503436
0.614065 0.551516
0.620756 0.408310
0.626620 0.477201
0.627647 0.535008
0.628788 0.625677
0.629182 0.556463
0.631352 0.392679
0.633159 0.589221
0.636273 0.334064
0.636811 0.460527
0.638995 0.409532
0.639433 0.655037
0.640755 0.266748
0.640774 0.335667
0.642531 0.544723
0.642784 0.847576
0.642835 0.286323
0.643642 0.684190
0.643929 0.438933
0.643960 0.304951
0.645090 0.381653
0.645790 0.592615
0.646556 0.495527
0.646764 0.648259
0.648332 0.409763
0.652123 0.445724
0.653312 0.424277
0.653581 0.391297
0.654615 0.293807
0.660059 0.638664
0.662092 0.441750
0.663916 0.362790
0.664496 0.663048
0.665553 0.737529
0.665760 0.892582
0.666461 0.742848
0.669306 0.494911
0.670615 0.483566
0.671128 0.423508
0.672163 0.626966
0.672171 0.514505
0.674149 0.373381
0.676157 0.379161
0.677195 0.288005
0.678386 0.258606
0.678506 0.712797
0.679652 0.565196
0.680797 0.834013
0.681312 0.555403
0.682021 0.301406
0.689870 0.445869
0.690087 0.491054
0.691933 1.000000
0.692604 0.580603
0.695349 0.456046
0.695844 0.288553
0.695995 0.558571
0.704225 0.867604
0.705295 0.581105
0.710076 0.697285
0.710915 0.585441
0.716444 0.238988
0.717365 0.562453
0.717918 0.862079
0.720159 0.612484
0.721324 0.524200
0.722580 0.441466
0.722959 0.738933
0.729191 0.441487
0.730218 0.312953
0.732463 0.659714
0.737622 0.480559
0.744440 0.370815
0.745093 0.312477
0.745824 0.473406
0.746872 0.318549
0.747027 0.443891
0.756933 0.601342
0.760238 0.065762
0.761031 0.231616
0.761699 0.250769
0.766095 0.417973
0.767574 0.549845
0.773026 0.310438
0.774627 0.344799
0.778376 0.546711
0.779968 0.415749
0.784188 0.772548
0.796144 0.281119
0.803150 0.472480
0.809725 0.322867
0.816185 0.338502
0.823240 0.549760
0.844361 0.465634
0.845835 0.130984
0.856184 0.221798
0.872123 0.667503
0.889581 0.000000
0.909668 0.153535
0.964949 0.343702
0.966610 0.574008
1.000000 0.126364
