0.000000 0.852330
0.000121 1.000000
0.000740 0.929277
0.001515 0.837357
0.002879 0.893854
0.004732 0.848675
0.006089 0.946506
0.006153 0.822946
0.011717 0.880131
0.012560 0.939081
0.014124 0.910338
0.016436 0.893181
0.018919 0.885463
0.019526 0.810391
0.022509 0.848466
0.023557 0.794692
0.024772 0.814952
0.026891 0.837359
0.028107 0.888337
0.029427 0.720819
0.031412 0.860678
0.031756 0.719552
0.032054 0.830947
0.032910 0.782205
0.033521 0.801645
0.033590 0.762215
0.033907 0.709816
0.036391 0.837562
0.037143 0.833697
0.040742 0.784716
0.040858 0.844551
0.041128 0.725986
0.042230 0.835690
0.042241 0.865102
0.043433 0.790550
0.049261 0.654567
0.050456 0.757864
0.052606 0.671052
0.053079 0.784368
0.054346 0.681265
0.055181 0.668266
0.055538 0.835494
0.055837 0.796262
0.056068 0.790982
0.056914 0.832622
0.057166 0.744149
0.057470 0.808019
0.061660 0.638181
0.063818 0.748433
0.063986 0.623382
0.065103 0.780432
0.066167 0.671483
0.067464 0.769650
0.068753 0.793106
0.069216 0.670783
0.071188 0.784887
0.073032 0.653434
0.073854 0.738671
0.073894 0.784761
0.074607 0.675622
0.075111 0.678981
0.076441 0.695597
0.077045 0.727705
0.078816 0.700289
0.080370 0.637377
0.081264 0.695043
0.081988 0.565477
0.083413 0.613957
0.084587 0.570230
0.084854 0.722167
0.085028 0.727247
0.086447 0.569293
0.086619 0.614613
0.086889 0.701021
0.087378 0.601604
0.087938 0.593480
0.090089 0.703126
0.090687 0.731851
0.091236 0.676742
0.092983 0.600780
0.093748 0.592625
0.093806 0.645686
0.096480 0.531017
0.096599 0.735308
0.098118 0.674363
0.098444 0.642310
0.098889 0.683426
0.099755 0.563663
0.101064 0.620776
0.101764 0.621560
0.102434 0.710809
0.103227 0.695280
0.104239 0.691091
0.104707 0.619136
0.104713 0.624542
0.105532 0.565777
0.105854 0.598361
0.108902 0.550067
0.109759 0.625604
0.110325 0.646240
0.111028 0.529428
0.111046 0.661069
0.113965 0.555301
0.114253 0.635187
0.117359 0.647570
0.118120 0.638229
0.121444 0.646127
0.122390 0.501232
0.122409 0.668294
0.122859 0.499027
0.123019 0.598482
0.123151 0.474831
0.123722 0.564561
0.124221 0.591615
0.125120 0.519567
0.125598 0.557794
0.127166 0.511302
0.127869 0.491542
0.128264 0.551821
0.130346 0.517737
0.131948 0.556618
0.135175 0.550239
0.135552 0.649421
0.135884 0.603359
0.138853 0.549084
0.139512 0.595015
0.140021 0.473100
0.140266 0.600190
0.141479 0.564690
0.142958 0.564632
0.143451 0.544836
0.143483 0.542694
0.144181 0.494877
0.145956 0.607723
0.146014 0.458616
0.146849 0.469244
0.147000 0.616499
0.148502 0.506806
0.149414 0.572472
0.149800 0.610562
0.149904 0.476450
0.149926 0.472426
0.150427 0.606607
0.152080 0.489200
0.153568 0.582416
0.153661 0.590966
0.153720 0.448747
0.154941 0.532480
0.155452 0.598808
0.156315 0.500107
0.156533 0.435301
0.156879 0.417477
0.158275 0.579099
0.162292 0.427926
0.163716 0.454152
0.164857 0.565654
0.165468 0.559785
0.168069 0.541727
0.168239 0.569365
0.168611 0.561773
0.169447 0.564048
0.169484 0.531300
0.170686 0.572691
0.170702 0.547898
0.171030 0.464706
0.171253 0.472957
0.171590 0.434075
0.171912 0.432193
0.173516 0.494638
0.177646 0.529678
0.177907 0.414689
0.178080 0.473144
0.178632 0.535294
0.178847 0.403723
0.180181 0.564220
0.181898 0.394391
0.182224 0.512005
0.185967 0.457791
0.187582 0.573591
0.188890 0.544537
0.190289 0.435711
0.191866 0.411053
0.192668 0.420686
0.192832 0.471902
0.193338 0.526820
0.194253 0.425192
0.194678 0.385533
0.195071 0.381708
0.195589 0.381080
0.195751 0.454873
0.195871 0.363908
0.198693 0.363271
0.199570 0.543253
0.200367 0.435132
0.200444 0.422242
0.200627 0.393708
0.201475 0.429986
0.203198 0.517534
0.203209 0.526875
0.204353 0.419894
0.207524 0.433588
0.207776 0.539454
0.209766 0.350775
0.210273 0.547301
0.211368 0.490701
0.214061 0.417009
0.214175 0.439313
0.214206 0.518238
0.214550 0.356334
0.215965 0.441549
0.216665 0.529996
0.218304 0.451462
0.218875 0.473866
0.219070 0.404320
0.219351 0.370512
0.220776 0.375104
0.222192 0.491317
0.222437 0.463925
0.224495 0.507102
0.224739 0.398997
0.226283 0.351447
0.228517 0.422517
0.230361 0.433653
0.230602 0.329619
0.232270 0.332182
0.233823 0.483355
0.234456 0.377012
0.234608 0.373825
0.234679 0.460109
0.234918 0.517882
0.236049 0.436280
0.237805 0.347253
0.237946 0.372376
0.238834 0.385557
0.239858 0.420022
0.241047 0.322382
0.242039 0.500657
0.242254 0.312712
0.245487 0.375246
0.245732 0.465274
0.250585 0.436443
0.250775 0.305921
0.254717 0.462160
0.255485 0.478163
0.258185 0.460778
0.259262 0.284456
0.259800 0.401811
0.260748 0.464920
0.260978 0.404606
0.261594 0.294617
0.261770 0.401130
0.262447 0.378717
0.263755 0.410834
0.265438 0.405393
0.265470 0.306914
0.266837 0.307205
0.267947 0.472855
0.268068 0.324163
0.268097 0.336477
0.268187 0.401691
0.268793 0.281076
0.269086 0.291404
0.270754 0.333186
0.274302 0.310485
0.274991 0.332939
0.275616 0.309544
0.276744 0.462672
0.276797 0.291449
0.276901 0.268561
0.278772 0.446803
0.279534 0.464542
0.280381 0.291585
0.282872 0.267278
0.282893 0.372961
0.283272 0.278561
0.283429 0.380935
0.284136 0.419240
0.284863 0.298407
0.285727 0.409524
0.286454 0.389328
0.287760 0.370094
0.287986 0.259897
0.289559 0.387325
0.292328 0.377494
0.293037 0.272576
0.294197 0.457173
0.299137 0.427597
0.299713 0.382025
0.300383 0.255212
0.300625 0.431706
0.300896 0.343801
0.301000 0.395132
0.301336 0.249735
0.301461 0.264596
0.302942 0.413941
0.309117 0.414228
0.309239 0.319935
0.310112 0.238871
0.311528 0.385179
0.312813 0.303032
0.313037 0.394194
0.313278 0.271481
0.318548 0.411441
0.320223 0.371885
0.320699 0.271509
0.322345 0.381981
0.324019 0.254296
0.324691 0.228005
0.326127 0.351718
0.326818 0.242860
0.327095 0.332376
0.327342 0.411465
0.327903 0.355128
0.328563 0.382017
0.329154 0.223635
0.330751 0.244980
0.331620 0.306311
0.331954 0.290071
0.331958 0.287975
0.335918 0.362641
0.336473 0.352719
0.337410 0.354895
0.338080 0.234552
0.338583 0.247357
0.338996 0.220710
0.340113 0.383823
0.341249 0.265546
0.341317 0.336949
0.341864 0.402944
0.342049 0.417931
0.342667 0.343104
0.342684 0.407827
0.344554 0.374648
0.347347 0.378246
0.349153 0.261447
0.349231 0.253386
0.349291 0.270231
0.349867 0.339965
0.352609 0.246051
0.353480 0.329533
0.355041 0.388277
0.355214 0.216668
0.355540 0.303189
0.358203 0.243738
0.358426 0.244669
0.358972 0.364344
0.359516 0.252705
0.359694 0.241642
0.360014 0.314558
0.361479 0.394156
0.363452 0.266692
0.364734 0.350805
0.369254 0.259355
0.372400 0.236650
0.373431 0.386244
0.375433 0.265360
0.376470 0.269314
0.377366 0.348612
0.378038 0.214558
0.379402 0.226744
0.379527 0.217053
0.380417 0.313023
0.380668 0.242783
0.382444 0.252623
0.384133 0.194147
0.384521 0.203948
0.385391 0.291865
0.387556 0.309910
0.388434 0.297894
0.389548 0.197507
0.389592 0.330272
0.392204 0.370490
0.392681 0.295610
0.396426 0.337730
0.398225 0.315686
0.399931 0.375115
0.399936 0.325595
0.400992 0.220719
0.401517 0.214985
0.401791 0.193303
0.404199 0.238137
0.405166 0.352536
0.407087 0.191733
0.407150 0.319125
0.408286 0.202353
0.411312 0.213561
0.412849 0.266944
0.414107 0.271236
0.415146 0.235170
0.415456 0.272867
0.415769 0.308196
0.415899 0.292575
0.416498 0.315257
0.417153 0.327125
0.417171 0.196604
0.417795 0.313152
0.419899 0.196409
0.420985 0.327774
0.421300 0.353334
0.422201 0.202192
0.422719 0.224676
0.425653 0.191862
0.426071 0.181674
0.426950 0.159638
0.427948 0.318964
0.428794 0.357927
0.429044 0.362125
0.429409 0.170515
0.429413 0.205153
0.429936 0.156834
0.430754 0.193120
0.433761 0.251152
0.434438 0.294592
0.435771 0.169758
0.438194 0.289591
0.438352 0.198134
0.438669 0.157229
0.441634 0.295347
0.442266 0.246485
0.442341 0.283767
0.442649 0.215094
0.443024 0.252367
0.444398 0.154621
0.445200 0.225908
0.445878 0.324778
0.446182 0.177427
0.446809 0.347311
0.447560 0.252049
0.450151 0.231597
0.455562 0.165262
0.455593 0.193403
0.457659 0.289556
0.459126 0.228822
0.460617 0.146741
0.461302 0.267476
0.463109 0.312647
0.464976 0.159178
0.466058 0.147697
0.467065 0.162213
0.467196 0.256881
0.467629 0.175337
0.469482 0.201053
0.469893 0.226478
0.470507 0.270763
0.472636 0.163861
0.473375 0.166779
0.473488 0.242807
0.475525 0.161378
0.477809 0.248814
0.480207 0.175269
0.480490 0.253094
0.481143 0.145754
0.481733 0.227086
0.482305 0.316748
0.483762 0.291748
0.486941 0.186422
0.487703 0.154944
0.488456 0.304862
0.489466 0.159925
0.489639 0.174719
0.490356 0.178700
0.490458 0.245261
0.490477 0.239918
0.490481 0.235355
0.493027 0.327522
0.493607 0.135721
0.493734 0.249078
0.494688 0.284821
0.498983 0.326503
0.499043 0.236435
0.499437 0.289397
0.501441 0.305244
0.501870 0.317534
0.508929 0.253190
0.511594 0.304595
0.512419 0.114955
0.512423 0.279391
0.513827 0.194837
0.514812 0.267323
0.515670 0.213957
0.517354 0.215325
0.519236 0.204846
0.519718 0.212931
0.519752 0.220733
0.520199 0.129400
0.520367 0.287371
0.521418 0.258910
0.521938 0.181696
0.522633 0.150101
0.522996 0.186157
0.523858 0.209024
0.525182 0.197029
0.526903 0.252450
0.527794 0.282076
0.529044 0.249223
0.530721 0.279897
0.535068 0.282299
0.539217 0.170471
0.540811 0.278643
0.541548 0.209593
0.541634 0.103649
0.542610 0.244142
0.542886 0.227170
0.543307 0.256072
0.543856 0.252149
0.544897 0.249126
0.545117 0.120675
0.548893 0.251479
0.549247 0.142662
0.549793 0.280805
0.549912 0.153262
0.550789 0.191333
0.553455 0.129019
0.553546 0.157118
0.555995 0.193218
0.556584 0.235458
0.558901 0.240939
0.559234 0.182684
0.559874 0.137202
0.561058 0.292066
0.563975 0.242138
0.564534 0.164741
0.564608 0.153665
0.565411 0.105596
0.566164 0.141917
0.571495 0.184697
0.572759 0.251441
0.575384 0.157491
0.575885 0.174383
0.576524 0.225073
0.578319 0.256377
0.578815 0.253177
0.579979 0.225875
0.580734 0.204093
0.584748 0.097082
0.587611 0.218369
0.588069 0.198782
0.588280 0.214907
0.589256 0.133684
0.589838 0.187991
0.591835 0.133995
0.591905 0.121686
0.593429 0.091555
0.594281 0.273470
0.594992 0.178210
0.595509 0.235370
0.595783 0.254259
0.596559 0.162658
0.597622 0.101630
0.598541 0.089439
0.599024 0.192395
0.604491 0.104684
0.605243 0.112224
0.606344 0.267252
0.607252 0.105987
0.608306 0.078424
0.609070 0.109852
0.613444 0.192243
0.615059 0.177918
0.615583 0.155089
0.616569 0.217162
0.617753 0.247538
0.618994 0.177780
0.620776 0.167615
0.622539 0.184470
0.624217 0.073606
0.624508 0.215021
0.625280 0.177884
0.625355 0.256799
0.630839 0.255682
0.631003 0.137956
0.632191 0.199366
0.633456 0.161479
0.634802 0.202132
0.634912 0.218869
0.635843 0.195963
0.638709 0.264612
0.642034 0.212257
0.645879 0.221526
0.646497 0.206173
0.648831 0.122221
0.649159 0.249753
0.649712 0.123413
0.651060 0.183230
0.651655 0.229963
0.652290 0.139829
0.653910 0.236318
0.655181 0.128108
0.655765 0.065687
0.657591 0.131524
0.659351 0.146802
0.659370 0.132768
0.659822 0.260474
0.661101 0.187231
0.663974 0.151197
0.665669 0.263554
0.666814 0.112604
0.666952 0.157786
0.667075 0.082972
0.667244 0.144875
0.667676 0.072862
0.670104 0.211229
0.671206 0.137723
0.671441 0.213372
0.672747 0.101430
0.673305 0.067594
0.673904 0.243324
0.674989 0.166549
0.676364 0.112035
0.681300 0.184529
0.682228 0.228118
0.685293 0.259446
0.686980 0.177469
0.689397 0.138909
0.689694 0.148475
0.690424 0.065304
0.691104 0.144820
0.696644 0.142160
0.697230 0.093980
0.699741 0.108963
0.702174 0.059741
0.703180 0.084822
0.704780 0.138559
0.705443 0.213889
0.706945 0.054133
0.708405 0.120437
0.708499 0.137932
0.709446 0.208418
0.712655 0.130526
0.714204 0.093068
0.714598 0.098547
0.715339 0.195868
0.716638 0.201782
0.717933 0.067729
0.719672 0.110052
0.720124 0.183205
0.720539 0.202027
0.722672 0.098616
0.723411 0.212826
0.723531 0.072968
0.723541 0.105573
0.723644 0.200301
0.723775 0.071715
0.723889 0.110869
0.723916 0.142135
0.724361 0.066843
0.724402 0.136206
0.727472 0.114893
0.730950 0.205640
0.731949 0.203129
0.733960 0.146017
0.735599 0.132194
0.736285 0.066355
0.736598 0.123923
0.737293 0.234391
0.738264 0.180857
0.738669 0.173572
0.739504 0.081226
0.741109 0.219130
0.741245 0.124762
0.742751 0.182607
0.745593 0.048692
0.745685 0.192708
0.746281 0.233586
0.752806 0.118244
0.754959 0.234191
0.760091 0.162255
0.760808 0.153943
0.760890 0.208625
0.762311 0.220428
0.762330 0.139629
0.763052 0.078127
0.763162 0.101872
0.763526 0.049572
0.764492 0.206271
0.765238 0.202844
0.765409 0.199875
0.766005 0.121606
0.766095 0.221221
0.766716 0.173633
0.767806 0.126827
0.768986 0.061984
0.769576 0.091484
0.769928 0.037857
0.770798 0.066056
0.772010 0.137007
0.775406 0.185448
0.776198 0.141333
0.776336 0.028475
0.778411 0.144367
0.778642 0.143276
0.779353 0.131034
0.779603 0.165829
0.780547 0.111921
0.781631 0.056431
0.782798 0.163389
0.783538 0.058646
0.785311 0.144980
0.786662 0.224940
0.787039 0.027879
0.787991 0.109965
0.788328 0.028669
0.789354 0.031558
0.790071 0.188923
0.790810 0.051742
0.791132 0.119023
0.792592 0.062226
0.792612 0.150683
0.793834 0.184054
0.794225 0.195517
0.794238 0.173113
0.795728 0.032729
0.797105 0.166179
0.797140 0.072051
0.798916 0.192817
0.799433 0.036897
0.802316 0.137062
0.804179 0.035788
0.804625 0.120240
0.805898 0.163893
0.807443 0.044649
0.808312 0.108727
0.809069 0.140023
0.809617 0.028857
0.811540 0.035491
0.814486 0.205652
0.818340 0.140189
0.819457 0.023846
0.819550 0.148543
0.824359 0.148359
0.827038 0.096248
0.830797 0.165372
0.832938 0.021726
0.833166 0.131904
0.834602 0.067734
0.835670 0.176621
0.835728 0.216045
0.837008 0.150885
0.837082 0.050773
0.837329 0.181722
0.839014 0.032429
0.839205 0.141875
0.840981 0.065541
0.844273 0.048658
0.844955 0.094968
0.845488 0.112374
0.847640 0.181191
0.847736 0.022472
0.848173 0.055767
0.850720 0.182066
0.851813 0.215702
0.852260 0.063278
0.852853 0.212245
0.853049 0.117526
0.854133 0.141539
0.855524 0.216088
0.855524 0.130130
0.856526 0.131381
0.856823 0.101683
0.857617 0.113769
0.862172 0.205517
0.862939 0.116492
0.863874 0.037604
0.864739 0.120718
0.864741 0.179223
0.867298 0.124238
0.867457 0.192312
0.868487 0.183539
0.869700 0.010666
0.870272 0.113745
0.870565 0.101712
0.873513 0.129185
0.874567 0.202949
0.875906 0.059884
0.877006 0.088348
0.877420 0.041730
0.878869 0.123570
0.879792 0.152724
0.883993 0.198895
0.885091 0.090252
0.885423 0.092443
0.885782 0.096295
0.886340 0.183354
0.886390 0.089318
0.887971 0.054649
0.888117 0.185313
0.888458 0.092873
0.891970 0.064010
0.893473 0.158344
0.893768 0.057498
0.894669 0.004292
0.894760 0.048824
0.894906 0.110964
0.896410 0.027084
0.896973 0.040432
0.898359 0.009242
0.898785 0.009947
0.901393 0.102380
0.901534 0.156135
0.901974 0.173329
0.902883 0.183678
0.903966 0.114024
0.907640 0.166214
0.909621 0.206647
0.910795 0.153934
0.913172 0.127507
0.915900 0.115082
0.917853 0.071452
0.918439 0.171001
0.919552 0.135431
0.919851 0.021284
0.922191 0.156150
0.923734 0.046060
0.924983 0.011774
0.925847 0.197993
0.926577 0.189216
0.927592 0.134674
0.929092 0.154382
0.929340 0.078776
0.929705 0.143772
0.930209 0.073889
0.930413 0.011899
0.930747 0.128249
0.933573 0.179124
0.933628 0.039711
0.933848 0.102074
0.935602 0.065058
0.937280 0.064739
0.938231 0.131957
0.940238 0.137223
0.942315 0.173638
0.942791 0.062547
0.943630 0.087216
0.943823 0.200361
0.948219 0.016154
0.948819 0.170339
0.950622 0.131657
0.950782 0.046609
0.952067 0.042878
0.954426 0.008158
0.954634 0.046028
0.954821 0.001163
0.956373 0.020897
0.957097 0.137805
0.958086 0.075558
0.961702 0.081410
0.962085 0.050143
0.964420 0.089465
0.964752 0.144526
0.965304 0.022992
0.966667 0.000000
0.966798 0.067755
0.967289 0.084972
0.967485 0.150345
0.967564 0.111640
0.968070 0.150679
0.968453 0.190856
0.971716 0.167382
0.971886 0.193923
0.974115 0.111306
0.974338 0.148370
0.977153 0.109019
0.978173 0.109164
0.981690 0.123691
0.986332 0.131555
0.986427 0.151562
0.986435 0.021693
0.986779 0.050733
0.987059 0.090148
0.990300 0.096063
0.991555 0.095210
0.993068 0.044235
0.993088 0.028135
0.994581 0.057755
0.995546 0.062565
0.995719 0.177109
0.995827 0.052251
0.997693 0.031045
1.000000 0.170542
