0.000000 1.000000
0.002098 0.739925
0.003606 0.889818
0.004634 0.918538
0.004887 0.731338
0.008962 0.774322
0.009363 0.769472
0.009786 0.718137
0.012310 0.847405
0.014221 0.888935
0.019528 0.971879
0.024089 0.777131
0.024260 0.944527
0.024768 0.818731
0.024788 0.876808
0.025472 0.920012
0.025568 0.903049
0.026327 0.842603
0.026529 0.930035
0.031010 0.857674
0.033004 0.891535
0.034023 0.725105
0.034272 0.745457
0.036898 0.734354
0.037760 0.906400
0.038499 0.909283
0.039605 0.808421
0.040069 0.757202
0.041125 0.826674
0.041990 0.651488
0.043195 0.615781
0.044189 0.721374
0.044871 0.604465
0.045148 0.844824
0.046365 0.716883
0.046983 0.903418
0.052305 0.870916
0.052626 0.624998
0.052682 0.867246
0.053869 0.759134
0.055415 0.855455
0.055533 0.711906
0.060958 0.616198
0.063010 0.825300
0.063685 0.754612
0.065325 0.622094
0.065475 0.850459
0.065568 0.788938
0.067130 0.772265
0.068368 0.757119
0.069575 0.716054
0.070953 0.624912
0.072720 0.828337
0.072923 0.564748
0.077562 0.583915
0.077773 0.527450
0.078504 0.647988
0.079781 0.641671
0.081745 0.664739
0.082735 0.822585
0.083711 0.761272
0.083801 0.526493
0.084055 0.816300
0.090159 0.562231
0.090304 0.795278
0.091336 0.605782
0.091890 0.508359
0.092090 0.599509
0.092792 0.531125
0.095552 0.545980
0.100657 0.595377
0.100885 0.683501
0.104563 0.646003
0.105930 0.657313
0.106776 0.498966
0.108062 0.599613
0.110375 0.737704
0.112598 0.622583
0.113718 0.696112
0.114548 0.577460
0.118589 0.465136
0.118872 0.500725
0.119614 0.447127
0.127793 0.555929
0.128972 0.451253
0.132144 0.561601
0.133213 0.656418
0.133523 0.553184
0.135862 0.509225
0.136550 0.666780
0.137073 0.429287
0.137349 0.508213
0.138637 0.474294
0.139838 0.593068
0.141004 0.551322
0.142927 0.682584
0.144012 0.484628
0.152627 0.404942
0.153104 0.580428
0.153723 0.674449
0.154631 0.452541
0.155500 0.517404
0.161065 0.507803
0.161896 0.624041
0.163773 0.655339
0.165733 0.504381
0.165780 0.505255
0.167402 0.431298
0.169272 0.454960
0.169355 0.458144
0.171811 0.456206
0.172262 0.672516
0.178711 0.570127
0.180017 0.576339
0.181126 0.417228
0.181197 0.386057
0.182037 0.368284
0.183133 0.572564
0.188740 0.407918
0.192224 0.606080
0.194426 0.428474
0.195225 0.497702
0.196795 0.598628
0.200244 0.407497
0.201071 0.398572
0.202282 0.594478
0.205009 0.508259
0.205762 0.629949
0.207962 0.590287
0.208050 0.469351
0.211501 0.536643
0.211785 0.510818
0.214569 0.360991
0.215173 0.550234
0.215740 0.619375
0.215813 0.470228
0.218044 0.609678
0.219066 0.502800
0.220652 0.497653
0.224610 0.557810
0.224724 0.449840
0.225486 0.529574
0.225582 0.600314
0.228133 0.587890
0.231924 0.467424
0.232138 0.551193
0.232970 0.486591
0.235895 0.486294
0.241739 0.414179
0.242535 0.585405
0.244778 0.286922
0.249332 0.315857
0.253545 0.567112
0.253921 0.361075
0.259223 0.393185
0.261466 0.444196
0.261571 0.436889
0.262873 0.334762
0.263922 0.354095
0.263962 0.471844
0.264447 0.523806
0.265655 0.413100
0.266349 0.352079
0.268469 0.405717
0.268820 0.436801
0.270187 0.434625
0.271275 0.564564
0.271818 0.524155
0.272091 0.530692
0.274978 0.464688
0.280768 0.317329
0.281277 0.524010
0.285939 0.492287
0.286361 0.459779
0.287535 0.487633
0.287761 0.405096
0.293639 0.469282
0.294855 0.490980
0.298477 0.302202
0.302725 0.465320
0.306715 0.405621
0.309466 0.306259
0.310503 0.368195
0.310847 0.474894
0.312099 0.494338
0.314544 0.463742
0.319688 0.405579
0.321095 0.221723
0.322539 0.435561
0.326769 0.506130
0.331220 0.245592
0.331397 0.288684
0.331735 0.418025
0.333714 0.432725
0.335760 0.265238
0.337203 0.232015
0.338824 0.364773
0.342339 0.328003
0.346291 0.433565
0.347129 0.433924
0.347332 0.467920
0.349239 0.387652
0.353108 0.459418
0.355039 0.251205
0.365630 0.329604
0.367344 0.389119
0.369894 0.364720
0.373531 0.198981
0.374146 0.358256
0.375977 0.283309
0.376434 0.273682
0.378204 0.313540
0.378764 0.211387
0.381745 0.399374
0.381835 0.470778
0.382465 0.209213
0.384530 0.379670
0.390530 0.212203
0.390561 0.314859
0.390756 0.337382
0.391046 0.216901
0.391999 0.430237
0.394790 0.436462
0.395497 0.444338
0.396031 0.479095
0.396420 0.420433
0.396517 0.307009
0.397503 0.398275
0.401892 0.429272
0.402991 0.432618
0.403588 0.244287
0.408320 0.321360
0.408497 0.391443
0.410253 0.211986
0.413223 0.231718
0.418362 0.279351
0.420218 0.328768
0.422499 0.453495
0.426902 0.389840
0.429633 0.319525
0.429786 0.276055
0.432499 0.294812
0.432967 0.249837
0.434140 0.200015
0.436337 0.243206
0.440369 0.434331
0.440499 0.281884
0.440546 0.191853
0.441245 0.202400
0.443230 0.449982
0.445106 0.226836
0.447509 0.380634
0.448184 0.405894
0.449074 0.375339
0.456556 0.420347
0.457213 0.427591
0.457811 0.163369
0.457958 0.222135
0.458927 0.294458
0.459537 0.379080
0.461681 0.295599
0.462354 0.302689
0.463610 0.166190
0.465489 0.320935
0.465627 0.349233
0.465869 0.391302
0.467151 0.283698
0.468446 0.366806
0.468833 0.377950
0.469165 0.185150
0.469473 0.384447
0.470648 0.270834
0.472231 0.364926
0.474287 0.433135
0.475105 0.245101
0.478810 0.231658
0.478959 0.397733
0.487302 0.243939
0.487965 0.240515
0.492062 0.138568
0.492846 0.345608
0.493864 0.176179
0.498500 0.234354
0.500119 0.294942
0.501641 0.248027
0.502036 0.189332
0.502360 0.239368
0.502765 0.263940
0.503128 0.309891
0.504984 0.427202
0.505464 0.374194
0.508063 0.394932
0.510794 0.341728
0.511113 0.206514
0.514834 0.380154
0.514953 0.132599
0.516160 0.175527
0.520641 0.199135
0.521025 0.219814
0.524529 0.261398
0.529800 0.172491
0.530053 0.296270
0.530925 0.289696
0.532385 0.342860
0.534286 0.287473
0.535521 0.128609
0.535916 0.147581
0.536157 0.161128
0.536693 0.342073
0.539180 0.188310
0.539370 0.394647
0.540746 0.391263
0.544643 0.241148
0.544811 0.369177
0.546351 0.158691
0.547717 0.411338
0.548669 0.106266
0.549972 0.255889
0.550542 0.159384
0.550568 0.401914
0.562579 0.258106
0.562616 0.364329
0.564067 0.322773
0.566852 0.111471
0.568100 0.160886
0.568314 0.350082
0.568493 0.253933
0.571397 0.386804
0.572774 0.136736
0.574683 0.269509
0.574884 0.127395
0.575060 0.112702
0.580215 0.192590
0.581249 0.358421
0.583930 0.284694
0.585010 0.143154
0.585747 0.168805
0.588868 0.142295
0.591390 0.150348
0.591559 0.369643
0.591713 0.357093
0.593784 0.240041
0.594978 0.154419
0.595702 0.333747
0.600019 0.317177
0.600912 0.129281
0.600916 0.352175
0.601597 0.311792
0.602632 0.218684
0.605029 0.191688
0.611218 0.359505
0.612084 0.256925
0.613554 0.109617
0.616990 0.233512
0.621776 0.149686
0.623694 0.356821
0.625232 0.156792
0.625786 0.283183
0.627268 0.321306
0.631247 0.100482
0.634711 0.179629
0.634893 0.287308
0.637026 0.284156
0.640397 0.318681
0.641228 0.203593
0.643137 0.125523
0.644397 0.153463
0.644578 0.133481
0.646024 0.373582
0.650218 0.154606
0.653082 0.143710
0.656758 0.336609
0.658120 0.358059
0.658916 0.181823
0.665443 0.280516
0.666616 0.074774
0.670118 0.279968
0.673748 0.333742
0.679203 0.230147
0.683343 0.240260
0.683870 0.174734
0.685783 0.066793
0.685825 0.207040
0.685880 0.145297
0.693560 0.335565
0.698702 0.218992
0.699597 0.232585
0.701040 0.277085
0.705387 0.055639
0.705500 0.348462
0.706941 0.083078
0.708627 0.197193
0.709676 0.215539
0.710943 0.117311
0.711096 0.229172
0.712336 0.286208
0.715034 0.346543
0.715837 0.328207
0.715905 0.173442
0.716636 0.185175
0.717397 0.278887
0.717527 0.302640
0.720043 0.175273
0.720498 0.134060
0.721194 0.290574
0.724106 0.352586
0.724583 0.142177
0.724881 0.317068
0.733561 0.201337
0.738720 0.238262
0.738752 0.250112
0.739393 0.211833
0.739839 0.286296
0.740854 0.102759
0.743426 0.129608
0.744729 0.115552
0.746303 0.307802
0.748354 0.059321
0.751090 0.307256
0.751960 0.207913
0.754815 0.253878
0.754980 0.227110
0.757791 0.111142
0.758181 0.086735
0.759142 0.297730
0.759403 0.164001
0.759841 0.331728
0.759869 0.328040
0.763421 0.343934
0.765117 0.321047
0.767426 0.095007
0.768065 0.091486
0.769331 0.123951
0.769595 0.168598
0.769976 0.056580
0.770016 0.242218
0.772198 0.296127
0.774015 0.130366
0.774331 0.191270
0.774908 0.040767
0.775650 0.117241
0.776165 0.206957
0.778520 0.145965
0.780488 0.148538
0.784617 0.204125
0.789646 0.072603
0.789788 0.325639
0.789905 0.295599
0.791394 0.151192
0.792297 0.311001
0.794482 0.196821
0.794512 0.147730
0.795843 0.323500
0.800236 0.195791
0.800668 0.331765
0.803036 0.046989
0.803411 0.261244
0.804819 0.196151
0.805959 0.026730
0.807900 0.275808
0.808710 0.285678
0.809697 0.237704
0.809875 0.295256
0.813634 0.222893
0.813664 0.113573
0.815226 0.175257
0.816264 0.047893
0.816632 0.114691
0.817888 0.050301
0.818734 0.270654
0.819728 0.318561
0.822457 0.208049
0.826720 0.108637
0.827398 0.331409
0.829706 0.024216
0.834045 0.225613
0.839374 0.235547
0.839912 0.314851
0.840967 0.276594
0.843042 0.317144
0.844842 0.028133
0.846706 0.209933
0.853418 0.078525
0.853458 0.224789
0.854279 0.135087
0.858362 0.181820
0.858486 0.043603
0.861852 0.211272
0.862087 0.324232
0.862330 0.211040
0.862869 0.111951
0.864803 0.028439
0.865713 0.080340
0.867326 0.325097
0.869742 0.252099
0.870208 0.020604
0.871265 0.082989
0.874429 0.154702
0.876091 0.321097
0.876769 0.069212
0.877012 0.043774
0.877258 0.087290
0.878312 0.292014
0.879458 0.308255
0.880245 0.267409
0.881103 0.068507
0.885196 0.106791
0.885219 0.088400
0.885514 0.067260
0.885926 0.161333
0.887108 0.129696
0.887317 0.273660
0.887324 0.138141
0.887445 0.072614
0.888425 0.298328
0.888560 0.146829
0.889588 0.026981
0.891799 0.061516
0.891928 0.195725
0.895472 0.207904
0.896694 0.218800
0.897589 0.180569
0.899064 0.170361
0.901063 0.165121
0.905351 0.043601
0.909956 0.111944
0.913232 0.198103
0.914722 0.080770
0.915309 0.167927
0.916881 0.030772
0.918011 0.211209
0.918340 0.113331
0.919272 0.009089
0.920050 0.243703
0.920520 0.053136
0.920942 0.109040
0.922805 0.062970
0.922865 0.124038
0.922920 0.177428
0.924761 0.035493
0.927042 0.143948
0.928559 0.129370
0.931584 0.177130
0.933510 0.041244
0.938154 0.055392
0.939235 0.214866
0.939871 0.204450
0.940055 0.059106
0.940321 0.220726
0.942556 0.221840
0.946053 0.246375
0.947745 0.042947
0.953774 0.085272
0.954031 0.052168
0.955228 0.000000
0.956893 0.306811
0.962007 0.104001
0.963354 0.094794
0.963364 0.224104
0.963566 0.204611
0.966028 0.110387
0.966664 0.160085
0.967527 0.122777
0.968891 0.180881
0.969038 0.144745
0.970377 0.281558
0.971956 0.119274
0.972720 0.257737
0.974548 0.026305
0.978710 0.109761
0.980895 0.193360
0.983744 0.217350
0.988102 0.031232
0.988806 0.231124
0.989239 0.197940
0.991204 0.227363
0.993966 0.051490
1.000000 0.145981
