0.000000 0.951862
0.012561 0.856651
0.013818 1.000000
0.018087 0.944439
0.030713 0.893790
0.045203 0.688678
0.049527 0.827615
0.057716 0.852304
0.059154 0.891936
0.071156 0.768448
0.074566 0.887768
0.074961 0.759567
0.082210 0.794097
0.085736 0.713202
0.085999 0.696220
0.097321 0.631518
0.098147 0.780940
0.101387 0.755949
0.102002 0.813641
0.105912 0.735614
0.134198 0.511107
0.138494 0.487968
0.138597 0.556706
0.179894 0.601502
0.198191 0.634157
0.245938 0.405900
0.249014 0.416311
0.261656 0.556740
0.266705 0.491167
0.272293 0.378932
0.273421 0.371241
0.290769 0.428309
0.291676 0.492910
0.291957 0.379373
0.298205 0.548478
0.307471 0.456466
0.324278 0.286093
0.333995 0.341851
0.338461 0.401065
0.342034 0.362888
0.343297 0.352966
0.344921 0.246448
0.344974 0.433289
0.345660 0.292849
0.349581 0.486150
0.352687 0.458139
0.364108 0.245451
0.365488 0.467908
0.386402 0.259964
0.394917 0.389708
0.404105 0.376713
0.427257 0.451696
0.428725 0.452827
0.432316 0.403048
0.472011 0.265787
0.472996 0.251451
0.480169 0.180476
0.512435 0.188844
0.523690 0.210659
0.537112 0.226106
0.547916 0.240079
0.552392 0.207861
0.572324 0.262513
0.573754 0.167279
0.582183 0.218744
0.587489 0.087055
0.587643 0.292081
0.588262 0.133401
0.588527 0.327885
0.592987 0.084458
0.605142 0.330988
0.606471 0.356020
0.618345 0.236012
0.619065 0.346286
0.622092 0.196274
0.623121 0.284139
0.624922 0.283420
0.628356 0.181255
0.639855 0.246266
0.642592 0.318470
0.645051 0.073127
0.652976 0.298510
0.668551 0.050247
0.670445 0.146770
0.693271 0.180098
0.695976 0.215482
0.760606 0.030217
0.789138 0.104178
0.803031 0.122254
0.813783 0.157860
0.820115 0.110044
0.851943 0.000000
0.857847 0.095008
0.863644 0.046951
0.864396 0.018950
0.891302 0.074876
0.929177 0.009456
0.978466 0.177376
0.991667 0.025320
1.000000 0.102454
