0.000000 0.811738
0.000196 0.976840
0.002421 0.833643
0.002633 0.810207
0.002665 1.000000
0.004362 0.778131
0.007443 0.784855
0.012181 0.734773
0.012790 0.712893
0.013542 0.817057
0.013979 0.815813
0.016056 0.928791
0.016486 0.834733
0.022981 0.697472
0.024020 0.756739
0.025070 0.778222
0.025661 0.885431
0.025773 0.742664
0.025806 0.898244
0.026364 0.734745
0.027392 0.979008
0.029042 0.702297
0.034957 0.795979
0.035943 0.674236
0.036725 0.769247
0.037032 0.878174
0.041078 0.911915
0.042953 0.940568
0.044202 0.660770
0.045628 0.751184
0.045889 0.824852
0.047214 0.618364
0.047924 0.907939
0.050021 0.756402
0.051035 0.703553
0.051053 0.749458
0.053493 0.913399
0.053877 0.892662
0.054185 0.622871
0.058705 0.738885
0.061108 0.883148
0.061121 0.784499
0.062805 0.781785
0.062973 0.659792
0.064109 0.619806
0.067995 0.694855
0.068248 0.611062
0.073614 0.589804
0.074890 0.614673
0.078100 0.777298
0.078396 0.824179
0.080928 0.574397
0.081105 0.633754
0.085282 0.700636
0.085604 0.692823
0.087203 0.739847
0.087335 0.564607
0.090755 0.768190
0.091316 0.597446
0.093345 0.623709
0.093938 0.575065
0.094626 0.612542
0.096125 0.777782
0.097068 0.816391
0.098530 0.652215
0.099287 0.558582
0.100199 0.532640
0.102132 0.632637
0.103637 0.795302
0.104051 0.652005
0.108450 0.599938
0.118379 0.507783
0.119857 0.709727
0.122765 0.712064
0.124444 0.628469
0.125417 0.625944
0.127380 0.716636
0.128797 0.601192
0.130234 0.619746
0.130749 0.636138
0.132619 0.669428
0.135126 0.635562
0.135852 0.601523
0.136529 0.451957
0.137798 0.677565
0.138960 0.669316
0.144090 0.712371
0.149018 0.637168
0.150462 0.485029
0.151162 0.517419
0.151720 0.446913
0.155770 0.524705
0.156557 0.651130
0.157115 0.721874
0.160307 0.560065
0.162444 0.576171
0.165103 0.505752
0.172813 0.441232
0.175637 0.510277
0.176590 0.413628
0.177059 0.658475
0.182539 0.573340
0.183628 0.552822
0.187473 0.508844
0.188394 0.643532
0.189017 0.453141
0.189736 0.531248
0.190040 0.425192
0.191073 0.629831
0.191632 0.485040
0.192533 0.534112
0.193823 0.524346
0.194338 0.601342
0.194714 0.580733
0.195228 0.612392
0.196085 0.371994
0.196919 0.511973
0.197488 0.516522
0.198534 0.669847
0.198826 0.550376
0.199820 0.409137
0.201867 0.544104
0.202087 0.668150
0.202261 0.544913
0.202439 0.405670
0.203493 0.374694
0.203569 0.584405
0.204784 0.372471
0.204969 0.558262
0.205908 0.579226
0.205990 0.514915
0.206381 0.529139
0.208420 0.462737
0.215901 0.415767
0.217356 0.588322
0.219711 0.426656
0.220448 0.515766
0.220701 0.539193
0.221959 0.465876
0.222042 0.445174
0.223953 0.452795
0.225898 0.610240
0.228135 0.507191
0.230048 0.625447
0.231034 0.403481
0.232793 0.544138
0.236981 0.483296
0.237430 0.489704
0.240378 0.432924
0.243025 0.418178
0.244256 0.490969
0.252130 0.573828
0.255447 0.469593
0.257769 0.417442
0.259597 0.598637
0.259826 0.503507
0.260344 0.524667
0.263660 0.319548
0.265480 0.439713
0.269296 0.323133
0.272675 0.331550
0.273745 0.337672
0.277612 0.334596
0.280683 0.383854
0.282181 0.282968
0.282501 0.552946
0.283274 0.520575
0.284266 0.420682
0.286516 0.398561
0.287937 0.524465
0.292778 0.319633
0.295257 0.508177
0.296842 0.490150
0.297510 0.441964
0.298348 0.560344
0.298449 0.270708
0.299929 0.509994
0.301102 0.288577
0.306611 0.410523
0.307533 0.533611
0.309430 0.351845
0.310716 0.509069
0.311200 0.453708
0.315009 0.406407
0.318454 0.388022
0.322616 0.280768
0.322702 0.349011
0.323074 0.414913
0.324624 0.516899
0.328978 0.373258
0.330127 0.400823
0.331776 0.537521
0.332099 0.505725
0.333245 0.504579
0.336983 0.242893
0.338964 0.238100
0.340158 0.342129
0.340761 0.431811
0.342922 0.256534
0.342976 0.464191
0.346616 0.425239
0.346764 0.504445
0.355070 0.227112
0.356456 0.434820
0.356634 0.438391
0.357468 0.455603
0.358034 0.323166
0.358801 0.529441
0.359351 0.231976
0.363409 0.405520
0.364728 0.443617
0.365231 0.446813
0.366252 0.413909
0.366682 0.412622
0.367184 0.443173
0.369307 0.404388
0.372390 0.257184
0.376287 0.258446
0.381816 0.243808
0.385712 0.487180
0.387846 0.416123
0.388663 0.398416
0.388844 0.369310
0.395325 0.309411
0.395455 0.408165
0.395925 0.337965
0.397620 0.305507
0.397746 0.280961
0.397795 0.269606
0.398526 0.444470
0.400692 0.212130
0.406923 0.497738
0.408683 0.194488
0.409893 0.387591
0.411099 0.442256
0.412094 0.325964
0.412858 0.278605
0.416775 0.349822
0.417960 0.376542
0.418725 0.356555
0.418729 0.467334
0.419576 0.432493
0.421810 0.202650
0.422973 0.245836
0.423610 0.456354
0.423636 0.388393
0.423767 0.487343
0.423998 0.476954
0.425145 0.368515
0.426212 0.429779
0.429472 0.238319
0.435749 0.263873
0.437284 0.477953
0.437783 0.241740
0.438828 0.477460
0.444934 0.198233
0.448788 0.182795
0.451725 0.357892
0.452076 0.218143
0.454719 0.330280
0.455679 0.286087
0.455706 0.286002
0.457844 0.260660
0.459635 0.268424
0.460409 0.245784
0.463049 0.386562
0.465783 0.154483
0.465977 0.369180
0.472706 0.390871
0.472770 0.360619
0.473868 0.395198
0.476670 0.305991
0.479296 0.407251
0.480317 0.363640
0.481621 0.261161
0.481864 0.293452
0.484335 0.289251
0.484683 0.402606
0.485793 0.146983
0.489242 0.276019
0.490091 0.282109
0.490693 0.287720
0.491772 0.212271
0.492747 0.257642
0.494704 0.332850
0.496140 0.269380
0.496673 0.430264
0.499478 0.382933
0.501772 0.202666
0.502961 0.299797
0.504883 0.388492
0.504973 0.243448
0.508005 0.297582
0.508593 0.389481
0.508846 0.348131
0.510382 0.426467
0.515072 0.203826
0.517165 0.385534
0.518048 0.343856
0.518249 0.274063
0.518341 0.135112
0.519551 0.250425
0.521463 0.234283
0.522055 0.415729
0.524431 0.167334
0.526618 0.342412
0.527175 0.365297
0.531730 0.178659
0.533069 0.164151
0.533177 0.229537
0.533925 0.380527
0.538293 0.356272
0.538635 0.229772
0.540520 0.385400
0.541924 0.418255
0.542144 0.144100
0.544403 0.389233
0.544641 0.175900
0.544756 0.157626
0.545857 0.429495
0.550636 0.390944
0.550939 0.229032
0.554372 0.155006
0.554753 0.146637
0.556984 0.208856
0.560869 0.138527
0.563461 0.399617
0.563933 0.288976
0.565368 0.195451
0.567037 0.417925
0.570054 0.389918
0.570531 0.373120
0.572221 0.330532
0.572275 0.250088
0.573857 0.290401
0.575187 0.319737
0.575417 0.414767
0.575895 0.206919
0.578412 0.242538
0.580677 0.390079
0.581955 0.352877
0.584743 0.293429
0.588416 0.364960
0.589504 0.327900
0.591419 0.128635
0.593746 0.178359
0.595442 0.350655
0.599542 0.399898
0.600423 0.224624
0.603534 0.378218
0.603563 0.301916
0.604109 0.384600
0.608661 0.162855
0.615672 0.173786
0.617190 0.113281
0.617537 0.210446
0.621654 0.342047
0.621854 0.125246
0.623932 0.094799
0.625486 0.316288
0.627566 0.252944
0.629193 0.354520
0.630202 0.238248
0.630286 0.198238
0.631650 0.352760
0.632529 0.183850
0.633504 0.222450
0.635887 0.265820
0.639286 0.371476
0.639846 0.361159
0.642513 0.277751
0.642622 0.266491
0.645370 0.304104
0.646571 0.261417
0.647276 0.141484
0.647812 0.231179
0.648498 0.223077
0.649109 0.240290
0.650124 0.344653
0.651786 0.136683
0.653351 0.359910
0.655308 0.224449
0.655364 0.290329
0.655742 0.305556
0.658109 0.142338
0.662020 0.107496
0.662738 0.331299
0.662800 0.125014
0.663637 0.128782
0.664875 0.216658
0.665180 0.155354
0.670140 0.150331
0.672829 0.124810
0.678452 0.202613
0.686154 0.330545
0.688265 0.364979
0.689127 0.195056
0.689917 0.346720
0.690850 0.119026
0.691899 0.070961
0.692838 0.336703
0.693619 0.104814
0.695061 0.172410
0.696277 0.202412
0.696294 0.175154
0.698838 0.370016
0.701055 0.328536
0.701706 0.264694
0.701865 0.180093
0.706249 0.197560
0.707620 0.279640
0.707893 0.124026
0.712007 0.319264
0.712920 0.223214
0.714102 0.282300
0.714730 0.322943
0.716516 0.333278
0.718213 0.158510
0.718682 0.313943
0.719221 0.099939
0.719665 0.292522
0.719775 0.312094
0.719999 0.212847
0.720345 0.320917
0.722816 0.083270
0.724023 0.319348
0.724682 0.227347
0.731262 0.143864
0.733813 0.141451
0.737757 0.334129
0.738305 0.228927
0.742237 0.057242
0.742777 0.282011
0.744477 0.277702
0.745561 0.142679
0.745597 0.072155
0.746727 0.157657
0.759127 0.204576
0.765140 0.104195
0.766272 0.079847
0.767711 0.338575
0.770501 0.231997
0.772433 0.083876
0.775803 0.277921
0.775922 0.345149
0.776025 0.238602
0.776159 0.070044
0.777718 0.241486
0.780653 0.084213
0.782655 0.176086
0.783661 0.309707
0.785641 0.267033
0.786072 0.295094
0.786123 0.255811
0.787940 0.245115
0.790378 0.069312
0.790895 0.134713
0.793960 0.289999
0.794817 0.245778
0.796394 0.316631
0.800508 0.059721
0.800903 0.121949
0.801603 0.333383
0.803642 0.188698
0.803920 0.190091
0.807483 0.137965
0.809124 0.267742
0.813010 0.179616
0.813614 0.052787
0.814608 0.174222
0.816808 0.239131
0.817587 0.120469
0.818794 0.083823
0.822582 0.313330
0.823445 0.274670
0.824623 0.242003
0.825298 0.208126
0.827065 0.045963
0.831037 0.163160
0.831435 0.148485
0.832131 0.052180
0.835662 0.277846
0.835902 0.188464
0.836577 0.255078
0.836795 0.258106
0.837872 0.093215
0.843070 0.204390
0.843248 0.175048
0.845985 0.287838
0.846848 0.318896
0.849581 0.086786
0.857932 0.187515
0.858678 0.166509
0.859951 0.217582
0.863514 0.138333
0.866627 0.104360
0.867304 0.326957
0.867816 0.160198
0.868564 0.184646
0.869546 0.031959
0.869699 0.039910
0.872400 0.121310
0.873630 0.254595
0.873808 0.281789
0.874641 0.215053
0.874756 0.082429
0.884514 0.275658
0.885187 0.178033
0.888438 0.285735
0.894742 0.057151
0.896540 0.109249
0.898268 0.080064
0.898640 0.268960
0.900421 0.090602
0.904292 0.145930
0.904659 0.315630
0.905340 0.256307
0.907040 0.168665
0.907259 0.235600
0.908502 0.050611
0.910453 0.102108
0.911305 0.222269
0.912184 0.176627
0.913053 0.217658
0.916165 0.177459
0.916519 0.306293
0.916939 0.022865
0.923060 0.214103
0.923676 0.100858
0.924510 0.318461
0.925822 0.209054
0.926149 0.081823
0.926611 0.059562
0.930835 0.273970
0.932651 0.088240
0.933799 0.323794
0.935801 0.056886
0.935838 0.062213
0.939449 0.027921
0.941769 0.068523
0.942392 0.277090
0.943737 0.037786
0.946606 0.277668
0.946610 0.052039
0.952242 0.294866
0.955876 0.233320
0.957665 0.020221
0.958848 0.040684
0.959508 0.286362
0.961063 0.235457
0.961136 0.024664
0.962374 0.010655
0.966794 0.180977
0.970219 0.035938
0.974268 0.133449
0.975912 0.188678
0.979731 0.226332
0.982379 0.273057
0.982505 0.066369
0.983575 0.244111
0.984591 0.296073
0.985552 0.295081
0.986580 0.096081
0.986730 0.103891
0.989406 0.000000
0.989654 0.254816
0.993495 0.304054
0.994525 0.131255
0.999099 0.091761
1.000000 0.009653
