0.000000 0.072803
0.000004 0.162016
0.001811 0.000000
0.001858 0.317752
0.002245 0.157975
0.003287 0.089329
0.003471 0.227645
0.003787 0.288909
0.005497 0.361466
0.005674 0.333152
0.005755 0.352880
0.006430 0.290654
0.006904 0.122241
0.007153 0.159130
0.008463 0.208928
0.008852 0.324985
0.009367 0.285384
0.011302 0.013058
0.011416 0.287187
0.011929 0.328941
0.012156 0.269884
0.013772 0.299843
0.013926 0.325607
0.014956 0.017931
0.018113 0.224373
0.020626 0.413303
0.022157 0.350398
0.022677 0.423814
0.028108 0.196466
0.030672 0.326127
0.030841 0.408994
0.031499 0.131327
0.032300 0.223635
0.033608 0.407687
0.034394 0.019598
0.039205 0.160169
0.040167 0.180715
0.041465 0.271693
0.041770 0.149030
0.041999 0.077354
0.042660 0.269192
0.043318 0.236710
0.044451 0.170936
0.045068 0.232123
0.045312 0.215186
0.046762 0.076431
0.047594 0.456616
0.048659 0.245552
0.048735 0.082477
0.049319 0.147918
0.050654 0.259912
0.051979 0.432446
0.052355 0.177184
0.052425 0.194004
0.052483 0.202434
0.055999 0.073642
0.058287 0.367066
0.058423 0.309522
0.058821 0.390931
0.067000 0.472348
0.067448 0.449828
0.068438 0.438955
0.068731 0.483902
0.068797 0.187463
0.072634 0.387315
0.073634 0.506838
0.073720 0.153167
0.074354 0.419084
0.075468 0.459820
0.077710 0.410202
0.077878 0.160847
0.077901 0.409547
0.078180 0.298702
0.079322 0.225686
0.081051 0.195558
0.081091 0.416691
0.081954 0.320954
0.082294 0.473787
0.085136 0.364170
0.085350 0.445214
0.089804 0.349057
0.091578 0.163651
0.091961 0.286791
0.095070 0.339704
0.095625 0.441031
0.096205 0.140345
0.096683 0.266122
0.097473 0.319046
0.097636 0.332550
0.098678 0.314698
0.101132 0.145315
0.101320 0.481843
0.103800 0.266525
0.104811 0.179945
0.106770 0.441813
0.107887 0.405325
0.108126 0.404010
0.112864 0.311006
0.113215 0.539415
0.113531 0.538619
0.113534 0.427892
0.118461 0.354041
0.118526 0.494185
0.119112 0.213090
0.119647 0.416893
0.120731 0.177325
0.121346 0.548794
0.122141 0.326023
0.122740 0.537696
0.122917 0.576087
0.123088 0.352350
0.123798 0.337054
0.124024 0.518716
0.124667 0.468189
0.125620 0.568934
0.127172 0.565300
0.127969 0.581649
0.128304 0.371068
0.128310 0.414785
0.130021 0.507662
0.132219 0.228350
0.133384 0.205391
0.136201 0.196942
0.137543 0.522711
0.138688 0.215544
0.138790 0.339433
0.139639 0.362855
0.140573 0.337697
0.140688 0.374632
0.141894 0.181428
0.142234 0.273938
0.143466 0.325485
0.143619 0.485043
0.143754 0.495058
0.143895 0.451291
0.144685 0.328709
0.144913 0.399108
0.144993 0.481092
0.146263 0.274571
0.146515 0.205823
0.146765 0.522975
0.147254 0.444213
0.150812 0.531950
0.151136 0.603579
0.152061 0.213766
0.152219 0.485053
0.152297 0.398882
0.152625 0.370261
0.153180 0.414520
0.153839 0.221107
0.154408 0.494695
0.155726 0.256818
0.156002 0.519815
0.156310 0.301413
0.160439 0.307873
0.161123 0.234936
0.163508 0.346756
0.164207 0.403354
0.165606 0.278000
0.165848 0.547994
0.167629 0.400046
0.169368 0.252757
0.171289 0.552601
0.171557 0.437118
0.173700 0.445698
0.174030 0.449140
0.174905 0.277909
0.175200 0.239794
0.175328 0.338521
0.178623 0.290162
0.179280 0.585461
0.179610 0.624671
0.180465 0.608436
0.183416 0.600413
0.183691 0.285335
0.183766 0.436288
0.185865 0.452776
0.187871 0.587182
0.189442 0.374886
0.189495 0.616682
0.192725 0.428617
0.192831 0.266051
0.195657 0.262455
0.196254 0.347084
0.197339 0.385180
0.197397 0.388203
0.199823 0.481781
0.201054 0.297381
0.201287 0.584843
0.201957 0.657278
0.202855 0.543850
0.203594 0.268448
0.204026 0.508819
0.204646 0.467426
0.205260 0.285013
0.206089 0.509542
0.207134 0.386986
0.207585 0.517998
0.208063 0.356906
0.209273 0.412856
0.210054 0.337314
0.210871 0.518891
0.213798 0.562290
0.214471 0.492551
0.214548 0.631869
0.214747 0.519835
0.214899 0.416437
0.215250 0.654372
0.215789 0.482626
0.218389 0.483840
0.219497 0.587104
0.222920 0.568683
0.223409 0.591349
0.224081 0.571557
0.224152 0.480560
0.224413 0.466851
0.224715 0.427904
0.225930 0.598218
0.226324 0.504008
0.226435 0.263573
0.226592 0.641430
0.227389 0.266586
0.229626 0.594549
0.231613 0.287875
0.233715 0.399402
0.236191 0.590817
0.237488 0.299846
0.238376 0.391853
0.238658 0.638731
0.238717 0.686961
0.242458 0.648380
0.245775 0.407744
0.246221 0.275808
0.248100 0.548080
0.249748 0.639713
0.250173 0.348254
0.251015 0.632179
0.252404 0.597606
0.252738 0.707808
0.253705 0.309412
0.254067 0.515339
0.254114 0.331409
0.254809 0.356371
0.256707 0.376068
0.256868 0.680719
0.258677 0.683003
0.259410 0.314701
0.259562 0.644347
0.260255 0.389077
0.260334 0.344330
0.262989 0.605422
0.267070 0.304716
0.267900 0.522631
0.268334 0.662630
0.268516 0.381291
0.269132 0.486176
0.273600 0.681396
0.273676 0.405668
0.274413 0.357003
0.274497 0.501668
0.275747 0.549728
0.276844 0.606373
0.277467 0.388382
0.278141 0.362437
0.279324 0.402733
0.280531 0.333826
0.280942 0.604412
0.281795 0.537790
0.282797 0.478919
0.283023 0.639701
0.286351 0.408301
0.287151 0.399655
0.289244 0.511612
0.289958 0.714445
0.289970 0.670218
0.290410 0.700806
0.290490 0.660042
0.292272 0.326724
0.292544 0.618158
0.294579 0.736117
0.294648 0.708986
0.296674 0.676218
0.297732 0.547257
0.298192 0.503416
0.298534 0.522236
0.300508 0.376343
0.302007 0.451290
0.302448 0.643125
0.303603 0.519771
0.305259 0.638424
0.305266 0.656290
0.305486 0.478298
0.305999 0.390551
0.306222 0.377996
0.308166 0.360792
0.309995 0.624748
0.310785 0.486098
0.311274 0.589923
0.311413 0.351768
0.312547 0.686859
0.313781 0.509738
0.313850 0.614098
0.315334 0.570207
0.316522 0.639043
0.318400 0.373276
0.319325 0.744391
0.319458 0.383704
0.319882 0.743005
0.320714 0.756544
0.320963 0.592838
0.322004 0.418074
0.322959 0.517741
0.323098 0.511172
0.325558 0.626758
0.327020 0.728743
0.328953 0.650797
0.329535 0.700393
0.334598 0.666944
0.334705 0.495018
0.336492 0.638396
0.338126 0.648287
0.341796 0.664242
0.341834 0.603490
0.342304 0.346683
0.344367 0.430249
0.344910 0.595033
0.345769 0.395047
0.346022 0.541207
0.346520 0.456286
0.349346 0.654846
0.349374 0.612655
0.350371 0.479911
0.351054 0.585795
0.352268 0.410334
0.352746 0.391923
0.354381 0.656105
0.354764 0.376745
0.356662 0.467414
0.357099 0.600544
0.362379 0.716540
0.364077 0.463317
0.365040 0.634199
0.366353 0.713219
0.366377 0.562251
0.367546 0.370722
0.368576 0.711462
0.368801 0.499358
0.370715 0.670099
0.371290 0.741177
0.372237 0.575498
0.372907 0.432448
0.373540 0.616251
0.375086 0.670255
0.376179 0.446798
0.376922 0.414163
0.377297 0.387076
0.377397 0.765434
0.377783 0.739500
0.382119 0.552505
0.383485 0.784264
0.383922 0.501317
0.384401 0.535524
0.384767 0.599998
0.385009 0.563581
0.385232 0.545922
0.386586 0.710714
0.386772 0.694240
0.387735 0.538129
0.388283 0.600318
0.389194 0.783942
0.390200 0.640336
0.391237 0.743888
0.392379 0.755241
0.395104 0.575440
0.395220 0.686074
0.395892 0.702213
0.396662 0.571250
0.397309 0.568765
0.401918 0.711585
0.401999 0.431513
0.402319 0.679564
0.403316 0.625250
0.403946 0.680239
0.404448 0.548644
0.404795 0.479979
0.407058 0.445631
0.409024 0.679463
0.410685 0.545365
0.410895 0.456970
0.411365 0.739008
0.411559 0.673207
0.412274 0.440592
0.415484 0.775255
0.415689 0.670705
0.416270 0.392110
0.416353 0.522325
0.417075 0.685372
0.417711 0.816320
0.417735 0.660730
0.417763 0.747094
0.418043 0.401820
0.418376 0.720391
0.419591 0.576811
0.420125 0.703619
0.420599 0.723123
0.422330 0.517689
0.423559 0.405758
0.425628 0.729709
0.428673 0.606911
0.430543 0.556893
0.431011 0.806894
0.431596 0.597315
0.432664 0.777848
0.433491 0.662407
0.434708 0.703064
0.435798 0.755968
0.436236 0.664002
0.436977 0.692639
0.437529 0.436130
0.439069 0.569924
0.439653 0.573683
0.439666 0.671238
0.439721 0.827372
0.440972 0.642125
0.442333 0.479594
0.443780 0.522605
0.446460 0.592306
0.447988 0.657923
0.448010 0.687515
0.448617 0.710586
0.449045 0.452688
0.449445 0.827236
0.449732 0.738899
0.450533 0.666013
0.451242 0.609198
0.452412 0.546168
0.452835 0.725714
0.454013 0.672476
0.454386 0.750787
0.454978 0.477070
0.455781 0.663382
0.456574 0.447187
0.457613 0.793284
0.460419 0.503899
0.463444 0.566256
0.463543 0.558925
0.463875 0.467153
0.464779 0.465877
0.466249 0.610732
0.466638 0.586887
0.468046 0.497268
0.470215 0.658503
0.471417 0.744048
0.472348 0.688981
0.473611 0.606638
0.474789 0.754663
0.474970 0.685539
0.476206 0.433924
0.478825 0.567140
0.479076 0.466248
0.479159 0.840197
0.480057 0.460813
0.480905 0.539701
0.481275 0.541619
0.481536 0.809098
0.483737 0.471227
0.484284 0.458222
0.487755 0.817049
0.487863 0.656983
0.488714 0.834662
0.488788 0.677480
0.490010 0.715545
0.490405 0.750536
0.490437 0.592618
0.491168 0.655007
0.493098 0.794460
0.493149 0.811909
0.494344 0.491523
0.494853 0.668593
0.496806 0.708456
0.497543 0.782204
0.497625 0.655546
0.497743 0.696941
0.498572 0.690610
0.498732 0.489690
0.499691 0.657722
0.499789 0.821399
0.501174 0.545284
0.501628 0.479027
0.501654 0.552004
0.502182 0.769393
0.502198 0.842513
0.503184 0.620433
0.503976 0.770053
0.505536 0.800236
0.505573 0.763326
0.506926 0.704332
0.507632 0.712960
0.507767 0.806672
0.508736 0.850227
0.508755 0.791162
0.508775 0.592699
0.509070 0.812135
0.512604 0.837156
0.513607 0.834901
0.513918 0.446957
0.514802 0.807959
0.515860 0.865784
0.516405 0.784767
0.521531 0.787140
0.524298 0.497720
0.525356 0.854446
0.526766 0.815042
0.527736 0.845233
0.528177 0.799551
0.528783 0.770110
0.529834 0.502461
0.530298 0.582052
0.533109 0.689690
0.533636 0.813222
0.534181 0.733267
0.534676 0.704872
0.535034 0.502266
0.535983 0.604129
0.537333 0.786118
0.539189 0.752526
0.539513 0.514003
0.540245 0.713059
0.541003 0.645277
0.541666 0.608670
0.542741 0.536036
0.542993 0.746344
0.543277 0.457552
0.543500 0.804405
0.543671 0.632061
0.546296 0.642320
0.546669 0.719827
0.547693 0.494827
0.548943 0.779099
0.549937 0.510494
0.551083 0.765965
0.551505 0.842103
0.553952 0.784219
0.554260 0.506001
0.554555 0.751092
0.555322 0.832805
0.556339 0.696927
0.557521 0.460692
0.558454 0.746665
0.558636 0.717004
0.558887 0.603744
0.559058 0.694587
0.559196 0.686350
0.559314 0.534406
0.560306 0.604767
0.561253 0.759660
0.562577 0.589294
0.563714 0.729355
0.563797 0.625143
0.563977 0.779679
0.564499 0.644922
0.565829 0.831185
0.567528 0.641441
0.567651 0.820682
0.568393 0.863047
0.568913 0.536509
0.569990 0.847024
0.570097 0.497113
0.570617 0.494196
0.572219 0.669251
0.572929 0.690432
0.574209 0.884226
0.574418 0.789163
0.575405 0.480464
0.576454 0.883852
0.577052 0.646998
0.578355 0.685684
0.578832 0.547468
0.579218 0.640673
0.581526 0.484593
0.583299 0.690393
0.586308 0.893704
0.586550 0.526009
0.586644 0.624890
0.587605 0.756969
0.589847 0.514016
0.590911 0.570882
0.591375 0.722968
0.591424 0.760881
0.593490 0.491858
0.594694 0.620258
0.595164 0.821030
0.597082 0.807584
0.598401 0.762187
0.600881 0.477546
0.600910 0.563964
0.601558 0.527732
0.602212 0.615102
0.603373 0.844238
0.603767 0.792298
0.604481 0.773713
0.606991 0.854970
0.607288 0.641046
0.608649 0.669520
0.608687 0.792790
0.610404 0.681607
0.611048 0.727699
0.611350 0.881342
0.612298 0.657729
0.613282 0.565500
0.614221 0.706137
0.614834 0.611615
0.617153 0.676201
0.618073 0.778916
0.618617 0.803036
0.618907 0.867636
0.620957 0.593982
0.622960 0.631642
0.624147 0.635195
0.628615 0.672004
0.629160 0.685825
0.629844 0.650656
0.631740 0.494400
0.632173 0.754331
0.632913 0.630057
0.632972 0.646410
0.633975 0.733027
0.634216 0.837820
0.635220 0.858193
0.635814 0.555974
0.636020 0.518140
0.636122 0.767500
0.637433 0.520294
0.638375 0.598332
0.638666 0.724214
0.638900 0.559849
0.639150 0.622662
0.641279 0.783772
0.641940 0.823441
0.642115 0.661068
0.642477 0.687906
0.648546 0.873726
0.648883 0.504216
0.649107 0.896069
0.650824 0.913915
0.651049 0.841428
0.652628 0.758027
0.653494 0.723663
0.654609 0.520019
0.655474 0.714328
0.656750 0.852192
0.657547 0.598800
0.659892 0.578053
0.661860 0.847753
0.663341 0.596511
0.666691 0.845040
0.667212 0.684162
0.667677 0.736962
0.668577 0.616692
0.668969 0.743776
0.669765 0.826866
0.670421 0.753270
0.671427 0.514896
0.672790 0.769704
0.673362 0.665088
0.675179 0.746678
0.678171 0.817865
0.678499 0.752733
0.680423 0.520791
0.680628 0.860660
0.682264 0.663824
0.682408 0.881638
0.682937 0.780459
0.683559 0.799813
0.683764 0.633367
0.685562 0.895019
0.687315 0.739700
0.687768 0.900539
0.689114 0.723061
0.692734 0.789292
0.692968 0.647701
0.693929 0.768046
0.694250 0.590119
0.695760 0.617756
0.696227 0.815069
0.697199 0.743234
0.699226 0.926454
0.700238 0.560342
0.700359 0.888591
0.700494 0.716742
0.701516 0.645135
0.702142 0.905812
0.702941 0.658750
0.703322 0.901103
0.704480 0.701367
0.710527 0.928835
0.711211 0.632709
0.714038 0.645090
0.715078 0.927914
0.715362 0.704714
0.715566 0.877014
0.716366 0.537359
0.716761 0.696183
0.717476 0.529960
0.718498 0.709272
0.719628 0.902417
0.719876 0.795563
0.720221 0.521209
0.721188 0.568468
0.721268 0.527224
0.723981 0.909355
0.724840 0.838565
0.726009 0.772485
0.729858 0.568075
0.730032 0.655979
0.731002 0.519831
0.731681 0.703597
0.735133 0.890241
0.736572 0.705469
0.736957 0.774640
0.737458 0.535439
0.738139 0.629848
0.739018 0.658054
0.740576 0.723631
0.741012 0.567343
0.741252 0.600788
0.742451 0.877425
0.742629 0.690924
0.743660 0.766930
0.744004 0.764062
0.745426 0.674024
0.745564 0.864331
0.747409 0.818145
0.747838 0.672733
0.747943 0.586884
0.750043 0.678463
0.750504 0.592365
0.751367 0.563756
0.751959 0.543611
0.752126 0.930497
0.753120 0.799295
0.754325 0.571103
0.754686 0.827086
0.757235 0.811049
0.758694 0.558985
0.759484 0.847112
0.759898 0.587674
0.761388 0.776893
0.761919 0.837533
0.764423 0.695112
0.765786 0.652866
0.766509 0.600244
0.768151 0.893256
0.769700 0.814025
0.769771 0.670532
0.770145 0.806829
0.773491 0.640392
0.773661 0.936505
0.774111 0.750523
0.774572 0.925121
0.774743 0.779271
0.774759 0.600552
0.775641 0.941402
0.776306 0.923637
0.776471 0.699512
0.776503 0.615249
0.777110 0.922466
0.778046 0.761662
0.778930 0.724378
0.779339 0.556253
0.779610 0.836670
0.782821 0.555657
0.785187 0.803598
0.786365 0.926417
0.789638 0.771661
0.790629 0.830695
0.791679 0.886816
0.792057 0.537843
0.792251 0.958403
0.792457 0.573363
0.792760 0.920678
0.792810 0.770458
0.794608 0.797235
0.798309 0.747140
0.802839 0.597747
0.803401 0.657366
0.804553 0.854109
0.806327 0.836506
0.806341 0.606410
0.809679 0.771030
0.809688 0.762666
0.810257 0.962118
0.810572 0.593711
0.810574 0.881765
0.814084 0.890961
0.815571 0.691942
0.815743 0.647175
0.816261 0.891613
0.816499 0.589141
0.817265 0.951766
0.820310 0.820600
0.822660 0.615984
0.824193 0.895138
0.824211 0.581925
0.824672 0.825355
0.825497 0.660632
0.825552 0.669730
0.825612 0.952871
0.826138 0.640545
0.826957 0.935002
0.827533 0.905566
0.828074 0.763014
0.828219 0.603755
0.832261 0.590444
0.833960 0.619088
0.836197 0.658617
0.836230 0.829465
0.837153 0.569105
0.837389 0.897775
0.837992 0.551756
0.838851 0.935403
0.838918 0.562842
0.841156 0.672676
0.842791 0.576844
0.842990 0.731902
0.843251 0.611952
0.843756 0.747106
0.843839 0.582636
0.844285 0.627296
0.844680 0.664569
0.846017 0.620573
0.846403 0.773784
0.847522 0.790761
0.848266 0.827243
0.850193 0.651138
0.853069 0.812828
0.854107 0.917130
0.854439 0.961689
0.854576 0.918941
0.854865 0.729198
0.855022 0.900825
0.856458 0.667459
0.857203 0.569679
0.859582 0.876043
0.859679 0.848605
0.860130 0.746822
0.860134 0.552835
0.860803 0.628549
0.860994 0.655783
0.861585 0.779611
0.862718 0.913389
0.862923 0.752798
0.863507 0.716082
0.864545 0.830577
0.865805 0.750089
0.865915 0.681458
0.867614 0.798947
0.868023 0.742222
0.869025 0.697936
0.871974 0.713006
0.874392 0.681263
0.874765 0.885964
0.875062 0.869382
0.876787 0.698076
0.879592 0.757026
0.880873 0.568500
0.884156 0.563697
0.884381 0.558097
0.884413 0.785375
0.884521 0.610276
0.884968 0.731624
0.886541 0.980947
0.886929 0.787224
0.888053 0.926375
0.888096 0.740913
0.890336 0.950106
0.891571 0.885299
0.893096 0.862864
0.894127 0.739568
0.894334 0.972053
0.894755 0.797607
0.896019 0.954791
0.896736 0.749096
0.897106 0.849588
0.897585 0.860598
0.898932 0.659421
0.900935 0.873284
0.901324 0.964007
0.905940 0.708680
0.906519 0.940899
0.906941 0.882955
0.906965 0.802068
0.907686 0.692877
0.907738 0.914644
0.908649 0.685232
0.909156 0.622841
0.910578 0.922312
0.911502 0.928349
0.912433 0.894026
0.914092 0.700053
0.914583 0.830564
0.916531 0.620234
0.916993 0.779222
0.917878 0.628687
0.920632 0.872034
0.921950 0.676432
0.922108 0.569355
0.924303 0.594077
0.926327 0.719738
0.927307 0.959898
0.927309 0.635136
0.928225 0.884655
0.932255 0.713176
0.932926 0.720920
0.935379 0.611739
0.936058 0.568986
0.936103 0.589045
0.937809 0.663631
0.939585 0.601036
0.940369 0.581345
0.940775 0.938425
0.941007 0.780306
0.942696 0.984038
0.943189 0.952727
0.944216 0.635953
0.945507 0.791651
0.948478 0.799003
0.948859 0.680256
0.949340 0.710589
0.951525 0.659629
0.952691 0.768461
0.958623 0.924581
0.960754 0.952369
0.962583 0.798146
0.963539 0.848909
0.964492 0.905454
0.965685 0.844231
0.966604 0.613144
0.966629 0.767326
0.966926 0.981440
0.966966 0.869737
0.967116 0.799462
0.968660 0.810287
0.971356 0.960541
0.971493 0.744290
0.972165 0.878420
0.973007 0.687386
0.973617 0.820339
0.973948 0.891711
0.974039 0.619954
0.974571 0.599037
0.975864 0.610006
0.979703 0.830544
0.979919 0.711072
0.980892 0.913959
0.981750 0.674505
0.981877 0.776618
0.981988 0.725227
0.982287 0.995848
0.983847 0.645920
0.984226 1.000000
0.984714 0.662738
0.984821 0.974036
0.985292 0.658196
0.985997 0.705840
0.991216 0.970243
0.991251 0.701057
0.991293 0.637676
0.992948 0.975632
0.996862 0.876792
0.997105 0.963243
0.998556 0.762353
0.999332 0.760039
1.000000 0.957269
