0.000000 0.923508
0.001797 0.866315
0.002376 1.000000
0.004529 0.903970
0.006167 0.927455
0.006514 0.947013
0.011004 0.891546
0.012357 0.793835
0.013825 0.891068
0.016152 0.800250
0.020868 0.837884
0.021199 0.787034
0.026893 0.760292
0.030134 0.709804
0.032723 0.672977
0.034749 0.757367
0.035272 0.739446
0.035782 0.658554
0.037798 0.751460
0.038710 0.667563
0.038760 0.686710
0.039358 0.739208
0.044356 0.619779
0.044881 0.688246
0.047094 0.673388
0.048535 0.623599
0.049997 0.704152
0.050636 0.625888
0.051800 0.636931
0.052404 0.709068
0.053837 0.652117
0.055176 0.582955
0.055707 0.688467
0.055808 0.627511
0.060347 0.655812
0.061738 0.623681
0.063018 0.595287
0.064672 0.537669
0.065993 0.623083
0.066767 0.573185
0.069184 0.569484
0.070265 0.534503
0.071157 0.624355
0.071344 0.578528
0.071590 0.630746
0.074181 0.600129
0.074449 0.632706
0.074657 0.528993
0.076318 0.598378
0.076394 0.545507
0.076968 0.640421
0.077791 0.561897
0.079196 0.516801
0.080187 0.530903
0.081084 0.588569
0.081425 0.627208
0.083687 0.485812
0.083746 0.500090
0.084085 0.605043
0.085564 0.530460
0.086554 0.502978
0.087196 0.544831
0.088760 0.547476
0.088873 0.471843
0.090416 0.469150
0.090580 0.496349
0.091256 0.524449
0.092011 0.489155
0.093197 0.566555
0.093339 0.562840
0.094265 0.484768
0.095974 0.552305
0.098597 0.579707
0.099652 0.461953
0.099925 0.453917
0.100241 0.489312
0.101998 0.563707
0.106638 0.473812
0.107589 0.414880
0.113400 0.400686
0.115842 0.416237
0.119273 0.444607
0.123776 0.481052
0.124325 0.463746
0.124366 0.456037
0.124919 0.377027
0.126222 0.507122
0.127725 0.373558
0.129475 0.396151
0.132101 0.442374
0.133308 0.479335
0.133712 0.431435
0.134383 0.364339
0.134405 0.470905
0.138317 0.490824
0.138487 0.429433
0.139172 0.388676
0.139597 0.443580
0.139775 0.372078
0.142480 0.468660
0.144136 0.458343
0.145284 0.453989
0.147073 0.423040
0.148070 0.351670
0.148108 0.396727
0.148508 0.406649
0.149066 0.358135
0.149089 0.379314
0.149853 0.391249
0.150748 0.464302
0.151259 0.449858
0.153526 0.417268
0.158063 0.444004
0.158218 0.356519
0.159064 0.427555
0.160045 0.455925
0.160269 0.324116
0.162150 0.394286
0.164132 0.349935
0.165696 0.450796
0.173291 0.396581
0.175003 0.376890
0.177275 0.426773
0.177567 0.412074
0.179467 0.300103
0.181777 0.428196
0.185194 0.361028
0.185889 0.276203
0.185928 0.421495
0.185936 0.335508
0.187013 0.388456
0.196384 0.320050
0.196386 0.328508
0.198758 0.317612
0.199378 0.372905
0.202058 0.291274
0.208288 0.295223
0.210370 0.250090
0.212096 0.348343
0.214943 0.318433
0.220749 0.289584
0.221624 0.284994
0.224431 0.291527
0.224919 0.313049
0.225010 0.365552
0.226304 0.263627
0.226691 0.376573
0.227257 0.369370
0.227450 0.336411
0.227969 0.354714
0.229422 0.234544
0.235901 0.231140
0.237378 0.296780
0.238089 0.238604
0.241503 0.294684
0.241856 0.309545
0.242417 0.321981
0.244118 0.289978
0.244125 0.360517
0.244382 0.338268
0.247219 0.356771
0.248161 0.277369
0.248850 0.349366
0.249363 0.267240
0.250759 0.342550
0.250769 0.218546
0.253752 0.285739
0.255579 0.281995
0.259928 0.302340
0.260083 0.262152
0.260401 0.269073
0.261526 0.290498
0.262061 0.256416
0.263107 0.288316
0.264684 0.298579
0.265427 0.269769
0.265514 0.239802
0.266950 0.331902
0.267335 0.296110
0.268641 0.266240
0.272739 0.324062
0.275517 0.212287
0.277412 0.195355
0.284119 0.287590
0.285402 0.236583
0.285776 0.202415
0.286558 0.259389
0.287609 0.227473
0.289092 0.275698
0.290280 0.188669
0.290287 0.312914
0.290689 0.272331
0.293077 0.197894
0.293819 0.238390
0.296268 0.244153
0.296317 0.221624
0.296446 0.185553
0.297003 0.268229
0.299335 0.271898
0.303273 0.278105
0.306851 0.272812
0.307212 0.250907
0.307768 0.275620
0.307898 0.274126
0.309182 0.184884
0.309265 0.262791
0.311290 0.297782
0.312590 0.199037
0.313265 0.230429
0.316700 0.275514
0.317436 0.278209
0.317475 0.229087
0.317519 0.286172
0.320369 0.181862
0.320756 0.261889
0.320994 0.252777
0.323622 0.195894
0.325000 0.217491
0.325578 0.194509
0.326806 0.197214
0.327123 0.225585
0.327536 0.200584
0.332601 0.277971
0.334541 0.238511
0.338270 0.257035
0.339038 0.268338
0.339399 0.158199
0.339869 0.221019
0.340036 0.185047
0.341357 0.267483
0.341487 0.276221
0.342765 0.157917
0.342857 0.148210
0.343163 0.218930
0.344872 0.198543
0.348841 0.162021
0.349554 0.190772
0.349791 0.149085
0.350905 0.196826
0.351865 0.235206
0.352436 0.274611
0.353308 0.208434
0.353849 0.144258
0.355084 0.270306
0.355789 0.169525
0.357938 0.151466
0.363501 0.223217
0.367482 0.243544
0.367532 0.194157
0.367545 0.247820
0.370238 0.218776
0.375670 0.183070
0.376583 0.199299
0.377479 0.197900
0.380577 0.153117
0.380896 0.231316
0.381359 0.186523
0.383497 0.189447
0.385850 0.216087
0.390215 0.195458
0.390742 0.155783
0.393337 0.228390
0.397029 0.132171
0.398580 0.255185
0.401446 0.177985
0.403067 0.204592
0.403975 0.122955
0.405307 0.143025
0.410468 0.212069
0.410968 0.243315
0.415908 0.158442
0.416032 0.156120
0.418512 0.221231
0.418765 0.138835
0.425183 0.116806
0.425189 0.245262
0.425923 0.235127
0.428006 0.126281
0.430115 0.215374
0.430269 0.209258
0.430557 0.118047
0.434159 0.169294
0.436327 0.142833
0.436486 0.226597
0.436558 0.141207
0.436596 0.165004
0.437277 0.132147
0.438594 0.110265
0.439444 0.151835
0.439671 0.116575
0.442364 0.176168
0.444124 0.098767
0.446113 0.210311
0.447826 0.125106
0.451052 0.114118
0.454342 0.120419
0.454489 0.168805
0.455010 0.126304
0.456680 0.111253
0.456978 0.092949
0.459058 0.197568
0.459431 0.172075
0.460692 0.168190
0.461752 0.189506
0.462218 0.199556
0.463315 0.093556
0.464351 0.205035
0.468916 0.221269
0.469103 0.163432
0.469890 0.197685
0.470265 0.124666
0.471151 0.127283
0.472459 0.149562
0.474225 0.118734
0.474854 0.113992
0.474944 0.207764
0.475650 0.194441
0.476862 0.177111
0.478478 0.159157
0.479971 0.144423
0.482623 0.189072
0.484807 0.134416
0.486598 0.116171
0.487899 0.088301
0.488769 0.110948
0.488776 0.205623
0.490173 0.115120
0.491002 0.169395
0.494483 0.179323
0.495468 0.158352
0.497051 0.162091
0.498883 0.198826
0.502348 0.189051
0.503202 0.203827
0.504303 0.086517
0.507391 0.087902
0.507734 0.193169
0.507762 0.115978
0.508841 0.127436
0.509217 0.155212
0.509228 0.162525
0.509389 0.204159
0.512387 0.083243
0.513841 0.111438
0.515742 0.076480
0.516467 0.078713
0.516824 0.075108
0.517683 0.211908
0.520923 0.080149
0.523716 0.123918
0.523726 0.155959
0.524910 0.174507
0.525484 0.144413
0.526143 0.180634
0.526206 0.082200
0.526242 0.076342
0.526778 0.069920
0.529627 0.207429
0.530702 0.150874
0.531228 0.143533
0.531682 0.098674
0.531707 0.105718
0.533603 0.071709
0.534818 0.101962
0.536194 0.097850
0.536983 0.171777
0.537047 0.106831
0.538576 0.114301
0.539033 0.149293
0.541566 0.149469
0.542080 0.068102
0.544995 0.084301
0.546800 0.114669
0.547746 0.163341
0.551578 0.087850
0.552341 0.085173
0.555655 0.091215
0.555920 0.065212
0.558938 0.078357
0.561696 0.183353
0.565043 0.118324
0.567178 0.190041
0.570209 0.059577
0.572132 0.070367
0.574182 0.079240
0.575449 0.159200
0.577289 0.125482
0.577459 0.157748
0.577547 0.055558
0.578125 0.155003
0.579079 0.121233
0.579292 0.162120
0.580831 0.087638
0.586576 0.194736
0.606110 0.114239
0.606166 0.170847
0.606594 0.117334
0.606984 0.133230
0.607856 0.106850
0.610503 0.101880
0.611479 0.181410
0.612608 0.104258
0.613918 0.097468
0.613990 0.052938
0.614901 0.134206
0.615330 0.171380
0.616498 0.157954
0.618293 0.142202
0.619564 0.067296
0.620632 0.138356
0.620837 0.148217
0.621089 0.156766
0.621524 0.150079
0.623312 0.103382
0.625042 0.168205
0.625533 0.140600
0.629224 0.111997
0.629495 0.173338
0.630065 0.132191
0.632023 0.095576
0.633294 0.097576
0.634902 0.167005
0.635451 0.057107
0.637900 0.063901
0.639967 0.129660
0.640890 0.091286
0.642518 0.168269
0.643152 0.060894
0.644648 0.170907
0.647330 0.117701
0.649725 0.088268
0.652828 0.084612
0.653577 0.055774
0.656810 0.153412
0.659223 0.047601
0.663661 0.088988
0.664171 0.043648
0.665539 0.160702
0.666317 0.085667
0.666353 0.089677
0.666358 0.166757
0.668506 0.035788
0.670619 0.147790
0.671753 0.082765
0.674499 0.062467
0.677589 0.115243
0.678314 0.158477
0.679467 0.158120
0.680092 0.089844
0.680103 0.111793
0.680196 0.035174
0.680715 0.108645
0.681784 0.092842
0.682122 0.140738
0.683156 0.175904
0.687132 0.117147
0.689292 0.046330
0.689464 0.126485
0.689677 0.154415
0.690821 0.074487
0.691904 0.136556
0.691905 0.053308
0.692691 0.165807
0.694177 0.031705
0.695059 0.135968
0.696267 0.086303
0.700531 0.060361
0.702354 0.050687
0.703528 0.035973
0.704949 0.172836
0.706995 0.163517
0.709551 0.070126
0.712178 0.042375
0.712855 0.027295
0.715065 0.128651
0.717427 0.101453
0.718355 0.064825
0.720098 0.168450
0.721643 0.097087
0.724847 0.030746
0.727101 0.164827
0.729090 0.036793
0.729706 0.051041
0.731342 0.046331
0.734875 0.029919
0.736029 0.062981
0.736791 0.150562
0.736794 0.142755
0.743110 0.164602
0.744386 0.140620
0.745159 0.161200
0.747322 0.132498
0.749355 0.080472
0.749734 0.120832
0.749745 0.044391
0.751768 0.074254
0.756499 0.123151
0.757203 0.074397
0.757602 0.115100
0.757829 0.076733
0.759905 0.127151
0.764186 0.027527
0.764400 0.052915
0.766609 0.159786
0.767545 0.020143
0.768662 0.075145
0.769267 0.160743
0.770852 0.017408
0.771232 0.013882
0.772339 0.147882
0.775022 0.157308
0.775749 0.072121
0.783335 0.144469
0.785203 0.074448
0.786448 0.080470
0.786878 0.066364
0.787771 0.024433
0.788718 0.077745
0.789545 0.118194
0.789728 0.099735
0.791347 0.066824
0.792899 0.132182
0.793251 0.049388
0.796067 0.029979
0.797761 0.132847
0.800692 0.030269
0.800887 0.142589
0.801039 0.076862
0.804477 0.014049
0.806183 0.084516
0.807078 0.048763
0.813260 0.149050
0.817286 0.053845
0.817855 0.077509
0.818413 0.045721
0.819946 0.072253
0.821142 0.028497
0.821342 0.044236
0.821704 0.089947
0.824276 0.031138
0.825082 0.109445
0.826797 0.102020
0.827228 0.145232
0.827811 0.045004
0.829178 0.064243
0.830489 0.036811
0.831143 0.054426
0.835201 0.135241
0.835688 0.008997
0.837061 0.066217
0.838649 0.098574
0.839472 0.020745
0.841036 0.087183
0.842694 0.029682
0.842993 0.112158
0.843822 0.076085
0.844326 0.058917
0.845025 0.008613
0.846531 0.010029
0.848170 0.053326
0.849226 0.116394
0.853358 0.137908
0.853819 0.144916
0.854360 0.120427
0.855256 0.018480
0.857634 0.028145
0.859281 0.041551
0.859534 0.116213
0.861016 0.132690
0.861831 0.018944
0.864718 0.133121
0.869784 0.123794
0.873032 0.099654
0.874283 0.070668
0.875524 0.110515
0.875659 0.081660
0.876944 0.119451
0.876946 0.069184
0.878802 0.097429
0.878833 0.142874
0.881436 0.006196
0.881903 0.021058
0.883583 0.089638
0.884349 0.112711
0.885129 0.114173
0.887278 0.078038
0.888765 0.019218
0.889618 0.077524
0.890655 0.001457
0.890713 0.043853
0.891971 0.084451
0.893545 0.032966
0.894117 0.040197
0.895477 0.054818
0.897467 0.090745
0.898498 0.113992
0.898564 0.092517
0.898893 0.058898
0.900439 0.126206
0.901222 0.041640
0.901961 0.095898
0.906869 0.087011
0.908171 0.093892
0.908637 0.067447
0.909836 0.065808
0.911778 0.036576
0.911780 0.135678
0.912786 0.033193
0.912816 0.075399
0.913050 0.137946
0.913263 0.081274
0.915628 0.071779
0.916097 0.088910
0.916761 0.131655
0.917130 0.071955
0.917373 0.111156
0.918172 0.020487
0.918524 0.048782
0.919551 0.079416
0.920013 0.023927
0.922982 0.060655
0.926379 0.087615
0.927462 0.109694
0.929275 0.016520
0.929574 0.000134
0.930848 0.062807
0.931501 0.098302
0.935349 0.024001
0.935806 0.133786
0.936857 0.129384
0.936892 0.101918
0.937354 0.132470
0.938148 0.057531
0.938180 0.110418
0.938562 0.042109
0.940632 0.036980
0.943054 0.081660
0.947530 0.016564
0.952789 0.111459
0.952901 0.013937
0.954101 0.090172
0.954555 0.000342
0.954803 0.113064
0.955441 0.137107
0.956797 0.080620
0.957089 0.009698
0.957400 0.132672
0.959521 0.058712
0.959562 0.002943
0.960415 0.000000
0.964751 0.040454
0.966984 0.029465
0.969557 0.069818
0.971404 0.112773
0.971566 0.040116
0.972080 0.074420
0.972122 0.036773
0.972540 0.125837
0.972988 0.131896
0.973245 0.083190
0.973363 0.108183
0.973634 0.001626
0.974532 0.056544
0.976561 0.110844
0.977578 0.071419
0.981895 0.032773
0.982740 0.026264
0.984930 0.134436
0.987960 0.029274
0.988798 0.097426
0.989213 0.089918
0.989747 0.010640
0.991758 0.121287
1.000000 0.067040
