0.000000 0.593408
0.006578 0.574068
0.007047 0.142230
0.007607 0.526816
0.013272 0.506320
0.017998 0.611412
0.018571 0.533370
0.023763 0.000000
0.035938 0.542220
0.039193 0.684368
0.046502 0.527528
0.049123 0.145047
0.051792 0.195179
0.052792 0.626192
0.054905 0.617974
0.060369 0.538363
0.063247 0.579492
0.065424 0.612904
0.071899 0.559109
0.073507 0.620566
0.077838 0.652586
0.077943 0.311988
0.078085 0.443750
0.078478 0.485297
0.081648 0.679542
0.083464 0.501606
0.083674 0.453119
0.084957 0.472099
0.087004 0.486775
0.088691 0.712772
0.090462 0.357409
0.091912 0.674217
0.093538 0.356666
0.095359 0.445557
0.096452 0.583001
0.097974 0.699071
0.100552 0.367833
0.105530 0.547720
0.106051 0.457964
0.107507 0.715928
0.109302 0.584089
0.112969 0.521185
0.115328 0.736112
0.116916 0.404986
0.117765 0.417502
0.118583 0.613902
0.119243 0.406908
0.120151 0.691761
0.120313 0.612966
0.126688 0.536462
0.129450 0.595247
0.131219 0.672630
0.132518 0.700386
0.135423 0.697549
0.138558 0.757391
0.138800 0.563465
0.141289 0.677755
0.141455 0.739780
0.143366 0.510050
0.143877 0.460175
0.146701 0.606256
0.148766 0.767658
0.149264 0.626529
0.149365 0.516299
0.149755 0.636169
0.152524 0.511844
0.152646 0.685614
0.154724 0.646868
0.154839 0.697753
0.155226 0.584263
0.155479 0.628165
0.157879 0.627970
0.158578 0.602232
0.160115 0.502215
0.160735 0.444649
0.160988 0.592363
0.161989 0.718489
0.162287 0.768091
0.162946 0.582304
0.164276 0.691487
0.165277 0.702375
0.165396 0.721288
0.167064 0.601363
0.168394 0.480363
0.169227 0.711908
0.169352 0.680758
0.170866 0.571752
0.171730 0.484415
0.172958 0.596541
0.174573 0.577888
0.176102 0.627855
0.176130 0.704839
0.177221 0.693115
0.177814 0.581894
0.178659 0.523229
0.180337 0.543729
0.181681 0.592659
0.182184 0.689554
0.182201 0.515499
0.183910 0.687767
0.184495 0.539827
0.185899 0.684889
0.186030 0.530684
0.190421 0.601117
0.191599 0.622686
0.195217 0.586274
0.196123 0.620281
0.196702 0.763726
0.198152 0.693891
0.200943 0.686521
0.202653 0.695111
0.202801 0.635953
0.202963 0.709014
0.203728 0.562629
0.204229 0.674827
0.204408 0.629645
0.205360 0.762103
0.207320 0.685314
0.209411 0.618528
0.210652 0.724066
0.212013 0.684159
0.212083 0.707264
0.212088 0.685059
0.213325 0.694677
0.213736 0.526745
0.219902 0.595254
0.220708 0.722258
0.223076 0.679669
0.225276 0.771795
0.226312 0.774953
0.227072 0.736954
0.227984 0.547783
0.228794 0.698240
0.229990 0.753256
0.231574 0.786416
0.235040 0.689903
0.235129 0.661865
0.236014 0.793387
0.238311 0.771840
0.239302 0.585132
0.239807 0.669799
0.240173 0.757026
0.241552 0.732777
0.242267 0.694593
0.243926 0.729351
0.244325 0.699944
0.244498 0.586812
0.246391 0.731180
0.246813 0.704516
0.246966 0.722145
0.249177 0.783607
0.250845 0.637002
0.251306 0.670529
0.251483 0.730441
0.253481 0.603336
0.253500 0.778432
0.253869 0.730298
0.259167 0.784415
0.259864 0.669691
0.260484 0.642043
0.260577 0.767518
0.261171 0.738156
0.263665 0.610202
0.265299 0.709585
0.268247 0.584089
0.269143 0.667688
0.270422 0.724584
0.270494 0.671132
0.270500 0.651440
0.270534 0.610600
0.270980 0.685032
0.271360 0.662076
0.271495 0.780442
0.273050 0.645798
0.274106 0.609307
0.274167 0.602043
0.275021 0.717472
0.276826 0.678900
0.277562 0.653673
0.279103 0.749635
0.279722 0.733202
0.280578 0.729465
0.281697 0.658606
0.282712 0.725615
0.282783 0.747536
0.284750 0.737567
0.285958 0.762836
0.286859 0.690043
0.287477 0.699990
0.287493 0.724383
0.288097 0.712065
0.288541 0.831786
0.289129 0.834742
0.289997 0.744615
0.292661 0.643134
0.297957 0.757193
0.301274 0.634819
0.301996 0.715353
0.302208 0.819652
0.304544 0.791036
0.304567 0.732437
0.308175 0.642035
0.308845 0.635096
0.309727 0.774169
0.312989 0.671592
0.314525 0.736490
0.315929 0.745019
0.317323 0.688060
0.318633 0.813867
0.319539 0.697957
0.323921 0.695689
0.324034 0.650980
0.326735 0.775096
0.327403 0.761737
0.329882 0.670443
0.330429 0.734844
0.331111 0.826581
0.331503 0.640140
0.331877 0.774398
0.332148 0.838987
0.338621 0.816644
0.338737 0.838247
0.339483 0.804527
0.340463 0.752648
0.340610 0.846143
0.341383 0.738353
0.342985 0.678953
0.343702 0.779999
0.344029 0.700763
0.344829 0.653936
0.344998 0.818545
0.346887 0.673659
0.347604 0.826786
0.348944 0.854663
0.350678 0.707079
0.350691 0.830245
0.352507 0.687871
0.352869 0.708634
0.352983 0.851375
0.353280 0.739978
0.353310 0.751118
0.356993 0.702358
0.359097 0.857212
0.359658 0.679550
0.360089 0.682674
0.362384 0.788685
0.363729 0.779376
0.363878 0.746101
0.364367 0.695421
0.365684 0.814893
0.365824 0.672095
0.366679 0.776073
0.368989 0.718881
0.369335 0.819731
0.372234 0.801059
0.373258 0.731508
0.373705 0.819125
0.373716 0.676775
0.376124 0.705383
0.376367 0.757224
0.376854 0.695839
0.377788 0.755381
0.377812 0.747975
0.377903 0.843993
0.382305 0.720362
0.383052 0.705586
0.383700 0.679418
0.383828 0.717264
0.386035 0.836003
0.389306 0.792812
0.391282 0.822956
0.391416 0.761223
0.391907 0.807517
0.392127 0.786717
0.393147 0.753524
0.394793 0.774595
0.395572 0.714109
0.395747 0.775925
0.399830 0.855977
0.404387 0.813197
0.405487 0.870461
0.408109 0.826087
0.408335 0.809558
0.409657 0.713982
0.412569 0.782659
0.414281 0.844131
0.417946 0.835492
0.418649 0.769404
0.419770 0.822038
0.420582 0.730664
0.420685 0.756032
0.423669 0.833313
0.424291 0.841666
0.424878 0.784577
0.426576 0.870505
0.427667 0.732089
0.428921 0.827658
0.430325 0.725223
0.430441 0.763910
0.430509 0.715614
0.432020 0.838838
0.433739 0.855183
0.435034 0.728972
0.435546 0.711673
0.436406 0.747030
0.436776 0.728244
0.437343 0.835841
0.437745 0.807194
0.440730 0.849784
0.443106 0.820740
0.444805 0.732039
0.445070 0.747853
0.445348 0.828206
0.451589 0.760030
0.453824 0.792177
0.454717 0.866293
0.454765 0.845975
0.455116 0.768577
0.455242 0.724207
0.457297 0.835390
0.461654 0.735240
0.462756 0.845435
0.467242 0.752125
0.467884 0.826724
0.471056 0.774594
0.471701 0.840878
0.477026 0.828205
0.477351 0.860017
0.477661 0.770440
0.483166 0.856300
0.483645 0.874010
0.485100 0.842015
0.493133 0.894921
0.499558 0.848358
0.500675 0.781149
0.501009 0.766367
0.502269 0.760107
0.502545 0.844818
0.503991 0.848930
0.504759 0.830808
0.504805 0.795107
0.510276 0.826867
0.513601 0.802394
0.515181 0.818672
0.519584 0.777459
0.521285 0.766637
0.523498 0.806339
0.523759 0.862763
0.525457 0.885829
0.526893 0.849156
0.530448 0.830440
0.531563 0.811811
0.532695 0.863218
0.535572 0.782178
0.537062 0.793473
0.537821 0.819436
0.539207 0.820542
0.539428 0.844078
0.540376 0.825276
0.543885 0.879787
0.544702 0.856480
0.546572 0.807759
0.546991 0.820282
0.554334 0.857701
0.559240 0.874863
0.565457 0.841683
0.567501 0.849155
0.568597 0.804105
0.570518 0.909443
0.570551 0.812877
0.570799 0.849977
0.572481 0.895927
0.574568 0.878971
0.575724 0.827962
0.576591 0.810238
0.584177 0.821364
0.589587 0.862209
0.595719 0.874304
0.597317 0.825700
0.610395 0.887625
0.616455 0.937301
0.621961 0.932368
0.628174 0.828721
0.640901 0.839167
0.667681 0.852964
0.672612 0.878746
0.696436 0.896911
0.713742 0.930157
0.734656 0.863746
0.736631 0.901481
0.740573 0.929314
0.761112 0.936644
0.775489 0.938095
0.878224 1.000000
0.891759 0.914723
1.000000 0.981996
