0.000000 0.301021
0.002876 0.236520
0.006868 0.000000
0.008386 0.497325
0.008873 0.417007
0.017890 0.525889
0.019326 0.583366
0.025713 0.570111
0.028080 0.514774
0.036128 0.566463
0.037380 0.531325
0.042897 0.464868
0.044580 0.606958
0.056766 0.637484
0.059762 0.257595
0.060861 0.549531
0.061175 0.639664
0.068018 0.704164
0.070432 0.505787
0.070519 0.699524
0.071790 0.673577
0.072175 0.050650
0.074467 0.556645
0.074768 0.178754
0.075734 0.716508
0.076767 0.621028
0.078199 0.499026
0.083000 0.443732
0.085588 0.702109
0.087552 0.675965
0.091400 0.654025
0.091600 0.657056
0.091652 0.588578
0.094656 0.672192
0.094812 0.744936
0.096986 0.727175
0.101512 0.242110
0.101801 0.561683
0.103950 0.321773
0.103979 0.331576
0.104166 0.608097
0.111578 0.272683
0.111810 0.765330
0.117485 0.315334
0.118567 0.250232
0.119937 0.730777
0.121472 0.502212
0.122012 0.347520
0.123893 0.647401
0.124927 0.528638
0.125093 0.639358
0.126144 0.221704
0.126192 0.774205
0.126228 0.344106
0.126531 0.478244
0.127324 0.486479
0.129673 0.382472
0.131826 0.251488
0.131892 0.234830
0.132893 0.315680
0.133449 0.602264
0.133697 0.410871
0.133961 0.442863
0.134112 0.571869
0.138050 0.386953
0.138624 0.342604
0.139433 0.560266
0.142863 0.306199
0.143578 0.283650
0.143696 0.423858
0.145117 0.436989
0.145933 0.653985
0.146319 0.446350
0.149036 0.593067
0.149820 0.214897
0.152022 0.661705
0.152414 0.225086
0.152612 0.752623
0.152999 0.230097
0.153397 0.653558
0.157034 0.576983
0.159405 0.758786
0.161614 0.739010
0.162858 0.412674
0.164267 0.538187
0.164360 0.556605
0.164424 0.323080
0.165717 0.751536
0.167752 0.682309
0.167913 0.698635
0.168527 0.547539
0.170781 0.680952
0.173086 0.373558
0.174905 0.574105
0.175338 0.485608
0.175772 0.767408
0.176623 0.363981
0.177504 0.714982
0.177710 0.404734
0.178676 0.439954
0.178931 0.593465
0.179135 0.342366
0.179277 0.431653
0.179528 0.620641
0.180602 0.551202
0.181363 0.760299
0.183293 0.605956
0.183698 0.593453
0.185042 0.467022
0.186296 0.656069
0.187587 0.656235
0.188500 0.745819
0.188991 0.480819
0.189918 0.592754
0.190050 0.324997
0.190422 0.651924
0.191075 0.580691
0.191423 0.671120
0.191451 0.759885
0.191753 0.556674
0.192238 0.433708
0.193816 0.640948
0.194468 0.803264
0.194723 0.658852
0.194999 0.644497
0.195234 0.791364
0.195528 0.715864
0.196206 0.513419
0.196813 0.411504
0.197169 0.589561
0.197309 0.435085
0.198511 0.378726
0.202579 0.681200
0.203499 0.458532
0.204932 0.747103
0.205752 0.669686
0.207848 0.419528
0.208802 0.724008
0.211850 0.756628
0.212892 0.807650
0.213652 0.707878
0.213819 0.609632
0.213893 0.363419
0.214500 0.512992
0.214573 0.730514
0.214707 0.361054
0.214883 0.527592
0.215790 0.812345
0.216514 0.612727
0.216715 0.594605
0.217227 0.454269
0.219375 0.536653
0.219703 0.809526
0.220088 0.675495
0.220143 0.505474
0.220246 0.785394
0.221091 0.399102
0.221707 0.432851
0.222937 0.349395
0.225080 0.629944
0.226329 0.637096
0.226407 0.587350
0.226522 0.473665
0.227258 0.634829
0.227328 0.519231
0.228795 0.608700
0.229314 0.373807
0.230823 0.436222
0.230875 0.738478
0.231720 0.595721
0.232985 0.581244
0.233198 0.412491
0.234044 0.595382
0.234609 0.636591
0.235425 0.455996
0.237122 0.734968
0.237147 0.687438
0.237331 0.582741
0.238699 0.620983
0.239556 0.599206
0.240398 0.675351
0.240399 0.718288
0.241111 0.738831
0.241538 0.682110
0.242564 0.537808
0.242839 0.655418
0.243798 0.634424
0.243813 0.807190
0.243832 0.640742
0.244457 0.536954
0.245385 0.470336
0.246020 0.523557
0.246832 0.681396
0.247568 0.696128
0.249326 0.575461
0.250022 0.636564
0.250094 0.682586
0.253360 0.658527
0.253618 0.734525
0.259524 0.699580
0.259788 0.737603
0.261807 0.633093
0.262372 0.773329
0.263050 0.473212
0.263286 0.775227
0.263611 0.792065
0.264593 0.405754
0.264934 0.729908
0.266283 0.683695
0.269531 0.530212
0.269827 0.645773
0.270456 0.732053
0.273749 0.563562
0.273848 0.428061
0.273929 0.449410
0.274162 0.498330
0.275272 0.449512
0.275387 0.675936
0.276022 0.730904
0.277687 0.545626
0.277923 0.747138
0.278093 0.487426
0.278869 0.576510
0.281292 0.492575
0.282294 0.776869
0.284836 0.768503
0.285259 0.686204
0.285333 0.700695
0.287038 0.555335
0.287664 0.828857
0.288727 0.460370
0.292286 0.755731
0.292432 0.499125
0.292858 0.492826
0.293436 0.723450
0.293501 0.643756
0.294608 0.503257
0.296471 0.815574
0.298230 0.773829
0.298483 0.806521
0.298602 0.586353
0.299620 0.622812
0.300943 0.755427
0.301542 0.792622
0.301614 0.795453
0.301755 0.621886
0.301984 0.519426
0.302129 0.781399
0.302572 0.512100
0.303493 0.626394
0.303704 0.539110
0.304515 0.616926
0.305119 0.510861
0.306297 0.785715
0.307653 0.644924
0.310057 0.705928
0.310396 0.623801
0.312629 0.771641
0.313234 0.739621
0.313338 0.791947
0.315637 0.561857
0.316316 0.525688
0.316600 0.648293
0.317065 0.786115
0.318701 0.556315
0.319473 0.809879
0.319698 0.837530
0.320116 0.694451
0.321068 0.789038
0.321462 0.770802
0.321850 0.816587
0.322630 0.558527
0.323056 0.673402
0.323143 0.745154
0.324210 0.658878
0.324694 0.810035
0.326372 0.625295
0.326408 0.570955
0.326921 0.745135
0.328383 0.672014
0.329987 0.764003
0.331113 0.774213
0.331915 0.618746
0.332087 0.555949
0.332256 0.721888
0.332325 0.666768
0.332778 0.771289
0.333257 0.737431
0.334183 0.779956
0.334243 0.849555
0.334672 0.719734
0.335490 0.734917
0.337137 0.760412
0.339436 0.795785
0.340791 0.774460
0.341724 0.496028
0.342109 0.744829
0.342997 0.618160
0.344729 0.600997
0.344997 0.701286
0.346101 0.736331
0.347562 0.496003
0.349089 0.543828
0.350341 0.588738
0.351693 0.712240
0.351821 0.554175
0.351845 0.785812
0.351890 0.595205
0.352062 0.760356
0.352096 0.713597
0.357269 0.589392
0.358924 0.699638
0.359610 0.668359
0.359658 0.652149
0.362743 0.551575
0.363317 0.856360
0.363797 0.706710
0.366604 0.768328
0.367149 0.729759
0.367158 0.614238
0.369327 0.628833
0.370118 0.585225
0.370345 0.552369
0.375614 0.781336
0.375848 0.747841
0.376723 0.680047
0.378775 0.565382
0.378971 0.702008
0.381034 0.752481
0.384103 0.543945
0.384887 0.779784
0.386565 0.757488
0.389126 0.845385
0.390030 0.779985
0.391116 0.785013
0.392312 0.537032
0.392888 0.846879
0.393456 0.656835
0.394075 0.730062
0.395285 0.798373
0.395773 0.695232
0.395909 0.598037
0.397623 0.723379
0.397698 0.782107
0.398133 0.588568
0.398656 0.707454
0.399554 0.791730
0.401818 0.656454
0.403187 0.744623
0.403322 0.661873
0.405426 0.651724
0.406420 0.678901
0.406642 0.570697
0.407924 0.766796
0.411042 0.765975
0.411142 0.686409
0.411991 0.745102
0.414292 0.633601
0.414323 0.877218
0.416747 0.698872
0.417380 0.653525
0.417834 0.579895
0.417920 0.654994
0.419300 0.807848
0.419524 0.657810
0.424832 0.779029
0.425944 0.615694
0.428543 0.581452
0.429651 0.735131
0.431162 0.723209
0.432012 0.713712
0.432610 0.716383
0.432697 0.871924
0.433493 0.850953
0.433923 0.787288
0.436902 0.841586
0.438708 0.675431
0.438762 0.806293
0.440723 0.802017
0.441243 0.693529
0.441775 0.802074
0.443758 0.770074
0.443889 0.616432
0.444203 0.685491
0.446972 0.821769
0.447739 0.747782
0.448332 0.862172
0.448598 0.611780
0.449574 0.847671
0.450001 0.723342
0.452400 0.837713
0.453373 0.595275
0.455239 0.710299
0.455401 0.801874
0.456002 0.596550
0.457068 0.752571
0.457368 0.605662
0.458892 0.733003
0.459119 0.757575
0.460092 0.708522
0.462865 0.661330
0.463022 0.846770
0.463446 0.621719
0.463872 0.760490
0.464065 0.682582
0.466142 0.889757
0.466228 0.724325
0.466375 0.779572
0.466555 0.791944
0.468272 0.893467
0.471511 0.857991
0.472618 0.861098
0.473916 0.689793
0.475088 0.608412
0.475871 0.666559
0.476116 0.685281
0.476952 0.881399
0.477390 0.641323
0.479661 0.752278
0.479703 0.877389
0.479756 0.894560
0.481765 0.687625
0.482040 0.679938
0.482956 0.796753
0.484189 0.872145
0.484540 0.692114
0.484804 0.611246
0.485351 0.710178
0.486419 0.616579
0.488165 0.795392
0.489797 0.699248
0.491821 0.820724
0.492130 0.644499
0.492449 0.660283
0.492648 0.733299
0.493204 0.755658
0.493400 0.688161
0.493686 0.819858
0.500382 0.713329
0.501826 0.902016
0.503626 0.670068
0.503672 0.837687
0.505247 0.739409
0.507548 0.749549
0.507939 0.700608
0.511487 0.644446
0.511870 0.783542
0.512371 0.655457
0.513436 0.707735
0.515315 0.778886
0.516836 0.690518
0.520515 0.903529
0.524857 0.783926
0.527028 0.902293
0.531436 0.784078
0.532361 0.887543
0.533521 0.850190
0.535707 0.845689
0.537009 0.676848
0.537832 0.644375
0.537951 0.776045
0.538212 0.825067
0.538896 0.850013
0.539253 0.755641
0.542994 0.678077
0.543637 0.721412
0.544526 0.775330
0.545461 0.837478
0.546596 0.665625
0.546600 0.875010
0.547608 0.659291
0.548936 0.867605
0.550423 0.867669
0.553379 0.775619
0.553632 0.903521
0.554443 0.799831
0.555291 0.745127
0.558139 0.863882
0.558436 0.833797
0.559150 0.845894
0.560056 0.768842
0.562741 0.728700
0.563469 0.781761
0.563620 0.763618
0.566181 0.755487
0.567117 0.793825
0.568789 0.719125
0.571916 0.689557
0.573052 0.726509
0.582052 0.856415
0.582151 0.825991
0.582676 0.751910
0.582688 0.901064
0.583723 0.862680
0.584716 0.710227
0.586509 0.694544
0.587253 0.748157
0.589211 0.719583
0.591224 0.862994
0.592414 0.794221
0.593967 0.782964
0.606985 0.832598
0.609942 0.908331
0.612468 0.874051
0.614092 0.795146
0.616343 0.918853
0.621181 0.924740
0.624799 0.780738
0.626583 0.855531
0.626875 0.716450
0.627622 0.737995
0.628708 0.893738
0.633164 0.787866
0.633340 0.858863
0.639210 0.883312
0.644850 0.737618
0.649630 0.850544
0.649862 0.835149
0.650806 0.836084
0.651543 0.843410
0.651784 0.788117
0.655380 0.851794
0.655542 0.823815
0.655710 0.885237
0.656849 0.939745
0.661825 0.780098
0.661830 0.906098
0.663361 0.741809
0.664052 0.863688
0.666223 0.805196
0.666912 0.785679
0.671473 0.871052
0.676861 0.879244
0.677244 0.904913
0.683459 0.860263
0.684588 0.797699
0.686649 0.846591
0.688364 0.905996
0.690953 0.797466
0.691831 0.795756
0.697183 0.859113
0.701989 0.745185
0.711475 0.894685
0.716643 0.925385
0.720940 0.894771
0.729552 0.790020
0.735171 0.846298
0.740310 0.827861
0.749734 0.893504
0.756471 0.887223
0.759307 0.805382
0.760474 0.854771
0.761758 0.789875
0.762007 0.803133
0.764323 0.907388
0.770621 0.911758
0.771697 0.933406
0.776966 0.904294
0.777819 0.871160
0.793339 0.802693
0.801178 0.790003
0.815985 0.855020
0.828810 0.871220
0.829093 0.884392
0.836768 0.951883
0.841221 0.834934
0.846610 0.950737
0.848524 0.954752
0.857278 0.860579
0.867143 1.000000
0.869394 0.998023
0.884862 0.926895
0.886846 0.828462
0.917940 0.943862
0.931170 0.957616
1.000000 0.863256
