0.000000 0.203910
0.004261 0.285776
0.021710 0.044813
0.023047 0.560238
0.023869 0.401059
0.032283 0.304564
0.032498 0.481378
0.032583 0.396255
0.035500 0.741968
0.035808 0.190834
0.039751 0.106177
0.042523 0.288256
0.042844 0.165344
0.044503 0.384100
0.056725 0.135823
0.058026 0.057956
0.058505 0.385866
0.061598 0.257923
0.062575 0.574060
0.066781 0.162279
0.067284 0.514901
0.067575 0.344469
0.068926 0.353230
0.078231 0.200362
0.079033 0.325423
0.082138 0.194074
0.086003 0.100281
0.088031 0.617568
0.091386 0.336242
0.091808 0.181716
0.094562 0.431882
0.095215 0.153887
0.099147 0.301265
0.106342 0.129467
0.108142 0.266753
0.110785 0.280664
0.110786 0.241699
0.113701 0.340353
0.114196 0.288929
0.115604 0.245574
0.119276 0.298623
0.119996 0.399800
0.120080 0.106347
0.120177 0.098295
0.121989 0.682470
0.128928 0.512192
0.131315 0.078756
0.131678 0.445453
0.132967 0.356012
0.134334 0.380606
0.137657 0.247673
0.137724 0.151856
0.138997 0.339674
0.140066 0.154325
0.142376 0.472461
0.144559 0.408189
0.144735 0.266565
0.145951 0.083327
0.149161 0.415047
0.150900 0.192681
0.150910 0.242795
0.153351 0.491370
0.156451 0.561100
0.158011 0.391785
0.158117 0.460114
0.160261 0.120705
0.160342 0.368470
0.164582 0.432329
0.165166 0.601475
0.165930 0.725680
0.166555 0.150412
0.166659 0.764504
0.168709 0.431644
0.168756 0.327900
0.168878 0.320471
0.170582 0.536021
0.172403 0.465487
0.172794 0.575789
0.173907 0.186999
0.174093 0.485741
0.175229 0.323913
0.176251 0.232039
0.176465 0.125772
0.178841 0.376276
0.183868 0.426868
0.185011 0.471794
0.185398 0.412596
0.185899 0.430220
0.189874 0.438914
0.192556 0.751584
0.193549 0.192389
0.195414 0.351631
0.196257 0.271148
0.197399 0.294725
0.198762 0.435103
0.201326 0.297441
0.201363 0.194675
0.201690 0.111188
0.203446 0.207127
0.204660 0.599957
0.204997 0.287329
0.206764 0.617925
0.208251 0.401538
0.210292 0.203652
0.211585 0.234548
0.211939 0.020727
0.212667 0.162424
0.212682 0.238027
0.214038 0.341899
0.214585 0.446693
0.218515 0.380138
0.218791 0.242663
0.227056 0.183758
0.229720 0.163341
0.229731 0.245919
0.230528 0.119357
0.231568 0.337522
0.232258 0.169164
0.232384 0.525945
0.233972 0.225320
0.234396 0.498389
0.234661 0.550032
0.234834 0.295475
0.236865 0.342283
0.237046 0.253431
0.237534 0.263759
0.240125 0.410001
0.242809 0.414579
0.244865 0.441659
0.246476 0.182753
0.248833 0.340112
0.252836 0.341314
0.253579 0.486555
0.256361 0.182427
0.257229 0.178559
0.259297 0.145840
0.259904 0.000000
0.259971 0.294008
0.260144 0.162885
0.260313 0.398987
0.263337 0.358962
0.264506 0.352708
0.265649 0.418898
0.267814 0.289583
0.268602 0.330028
0.269871 0.338869
0.270667 0.436114
0.271746 0.697655
0.271900 0.516507
0.273213 0.374871
0.275173 0.403736
0.278204 0.302529
0.279844 0.292146
0.281380 0.172741
0.282330 0.608664
0.282523 0.509299
0.282923 0.471661
0.283827 0.249922
0.284241 0.350609
0.284532 0.511918
0.284550 0.603159
0.287512 0.385389
0.287746 0.433083
0.288189 0.359430
0.290476 0.145872
0.291489 0.129830
0.291573 0.363200
0.292253 0.306376
0.295046 0.284185
0.295353 0.492606
0.300660 0.372171
0.300919 0.282058
0.301846 0.236398
0.303534 0.177042
0.304393 0.528653
0.307848 0.240539
0.308909 0.390691
0.309061 0.434380
0.309907 0.401253
0.311471 0.701335
0.312334 0.248264
0.312539 0.287615
0.312965 0.299507
0.317160 0.651666
0.317285 0.125899
0.319695 0.408785
0.319760 0.115561
0.320768 0.353157
0.321759 0.419725
0.322251 0.107916
0.322452 0.451082
0.323827 0.392987
0.328341 0.655455
0.328647 0.368340
0.329486 0.205585
0.330074 0.513979
0.330458 0.382095
0.333403 0.522508
0.335016 0.315676
0.335442 0.374572
0.335526 0.359204
0.337429 0.767649
0.338409 0.375888
0.338535 0.566351
0.338691 0.549393
0.339702 0.224681
0.339813 0.214294
0.340365 0.365996
0.340604 0.443986
0.340685 0.470832
0.340971 0.230426
0.341005 0.332534
0.341033 0.437490
0.342286 0.956185
0.343360 0.354714
0.344284 0.535924
0.345364 0.001462
0.346834 0.231526
0.346838 0.365293
0.346988 0.526126
0.347104 0.443025
0.349059 0.469959
0.349474 0.255816
0.353060 0.575336
0.355672 0.533749
0.356265 0.891993
0.356303 0.435148
0.357017 0.445586
0.357383 0.727073
0.361211 0.348907
0.362175 0.569286
0.363544 0.422465
0.363702 0.379611
0.363858 0.352120
0.365723 0.250871
0.366732 0.270152
0.368426 0.292455
0.369067 0.383997
0.369560 0.169103
0.369799 0.164006
0.370467 0.190739
0.370782 0.125778
0.371071 0.407377
0.371722 0.244608
0.371822 0.420155
0.371982 0.079406
0.373737 0.287341
0.374116 0.517513
0.374182 0.255476
0.375382 0.064162
0.375511 0.469446
0.376601 0.453105
0.377493 0.191533
0.380954 0.657062
0.382165 0.211415
0.382640 0.506345
0.386919 0.365667
0.389239 0.487613
0.390999 0.305691
0.392370 0.312798
0.395106 0.185577
0.395434 0.621749
0.397391 0.362543
0.398032 0.638785
0.398269 0.129138
0.398467 0.098447
0.401548 0.212254
0.402486 0.122105
0.402545 0.227660
0.402814 0.128034
0.404714 0.436864
0.407303 0.218514
0.410861 0.286430
0.413076 0.319034
0.413560 0.656071
0.416376 0.141316
0.422204 0.268430
0.424353 0.180941
0.426292 0.538528
0.427316 0.544075
0.428250 0.544711
0.430532 0.763119
0.438306 0.493869
0.438496 0.381746
0.438507 0.355867
0.443252 0.119073
0.443926 0.101702
0.446195 0.276253
0.447102 0.263622
0.450042 0.182165
0.452397 0.866873
0.456189 0.474609
0.458997 0.314895
0.459588 0.747026
0.460530 0.287444
0.461907 0.370131
0.462205 0.473993
0.463696 0.580337
0.465212 0.515201
0.465312 0.313713
0.465938 0.426009
0.468039 0.202037
0.471685 0.408998
0.475361 0.146067
0.478353 0.668341
0.479840 0.030131
0.484002 0.369574
0.485683 0.263820
0.486401 0.445899
0.486957 0.419273
0.488895 0.476832
0.491464 0.133756
0.493203 0.587471
0.498410 0.459118
0.506153 0.576937
0.508674 0.445454
0.510783 0.591873
0.511036 0.570629
0.519700 0.466076
0.520930 0.449425
0.521553 0.464259
0.523363 0.864488
0.533030 0.616392
0.534795 0.815404
0.538335 0.236769
0.538566 0.552104
0.539880 0.717812
0.542999 0.614468
0.547673 0.164232
0.550079 0.325277
0.550320 0.434694
0.552449 0.561546
0.553795 0.391679
0.559083 0.330796
0.559730 0.269733
0.563157 0.537552
0.563437 0.376470
0.564552 0.555972
0.566440 0.581862
0.567340 0.361227
0.567465 0.315551
0.576673 0.247503
0.579095 0.428242
0.587345 0.552859
0.588025 0.401907
0.592016 0.364435
0.595597 0.550998
0.596636 0.453696
0.601501 0.329700
0.603562 0.508537
0.611636 0.500877
0.611852 0.546143
0.623260 0.457508
0.626102 0.459441
0.627286 0.659320
0.627653 0.610332
0.627747 0.563616
0.628422 0.396412
0.628734 0.574683
0.633829 0.600135
0.634861 0.518960
0.637893 0.524110
0.640323 0.532804
0.641197 0.389570
0.643153 0.450704
0.643830 0.223619
0.644653 0.383016
0.645073 0.485436
0.646950 0.404505
0.647981 0.370157
0.650227 0.635085
0.656588 0.456603
0.687946 0.596056
0.693063 0.717742
0.706177 0.210471
0.709217 0.705065
0.714165 0.663227
0.718696 0.314078
0.736263 0.656398
0.738982 0.497531
0.740516 0.305975
0.741478 0.309635
0.750667 0.570412
0.752970 0.168179
0.771524 0.557555
0.771708 0.424488
0.774427 0.280302
0.778402 1.000000
0.783877 0.331706
0.784428 0.536841
0.797770 0.640534
0.815465 0.573895
0.815736 0.903167
0.816429 0.461748
0.824831 0.465818
0.851258 0.344116
0.899008 0.454765
0.914190 0.186087
0.999876 0.232029
1.000000 0.522266
