0.000000 0.363228
0.100286 0.430989
0.147709 0.400664
0.187802 0.498608
0.203387 0.421279
0.206730 0.380949
0.231863 0.439925
0.254961 0.443955
0.257599 0.361064
0.265448 0.407162
0.270195 0.445112
0.284811 0.422258
0.285124 0.463169
0.285943 0.330384
0.294168 0.544115
0.294497 0.560524
0.300354 0.521086
0.312341 0.321153
0.316654 0.106542
0.319076 0.573208
0.324365 0.558087
0.326478 0.594227
0.327879 0.291376
0.332160 0.468533
0.338947 0.288775
0.345669 0.533639
0.360029 0.648954
0.362445 0.432910
0.363216 0.465010
0.365478 0.418657
0.367058 0.700063
0.372275 0.641410
0.373991 0.495283
0.378134 0.546260
0.381085 0.342685
0.381626 0.527484
0.382307 0.381130
0.385797 0.191128
0.391108 0.495938
0.396249 0.410128
0.396789 0.518266
0.402043 0.324078
0.402401 0.323608
0.402683 0.581245
0.411090 0.503431
0.418136 0.759024
0.420711 0.457561
0.424355 0.640194
0.427963 0.607455
0.429966 0.413612
0.430767 0.692891
0.435504 0.535101
0.436962 0.609163
0.439367 0.557149
0.440277 0.451841
0.440451 0.465617
0.440571 0.539465
0.440790 0.744722
0.441605 0.426344
0.441855 0.521886
0.444769 0.775610
0.449494 0.628164
0.454096 0.660910
0.454223 0.399875
0.454849 0.619429
0.458653 0.707136
0.458872 0.364873
0.462041 0.558417
0.463582 0.266667
0.464523 0.546607
0.470667 0.447261
0.472045 0.747717
0.473821 0.532269
0.474022 0.477887
0.474766 0.399592
0.479204 0.513129
0.483477 0.652152
0.484315 0.534026
0.485479 0.674407
0.488111 0.433208
0.489367 0.404550
0.492496 0.391441
0.493364 0.737608
0.493786 0.310688
0.494559 0.573402
0.496495 0.494692
0.498565 0.351986
0.498591 0.526074
0.499062 0.414524
0.503192 0.630037
0.507939 0.695946
0.511329 0.633529
0.511883 0.454058
0.513215 0.589998
0.513256 0.500686
0.514144 0.520416
0.518987 0.482796
0.521253 0.409207
0.522148 0.350485
0.525423 0.615345
0.528912 0.738824
0.529556 0.333904
0.530606 0.492094
0.530633 0.459589
0.530884 0.539690
0.532646 0.498230
0.532776 0.416589
0.537218 0.350967
0.537835 0.312438
0.538772 0.396375
0.538795 0.636026
0.540119 0.277711
0.542691 0.574076
0.543031 0.660146
0.543696 0.461048
0.548349 0.517681
0.549925 0.446556
0.549945 0.367644
0.552196 0.575329
0.554688 0.321621
0.555042 0.394723
0.555309 0.384397
0.555548 0.368325
0.556261 0.486960
0.556733 0.788477
0.558068 0.384419
0.558585 0.412144
0.560173 0.391728
0.560591 0.551383
0.562017 0.850893
0.562787 0.730001
0.566705 0.612696
0.568509 0.441736
0.570339 0.408470
0.572301 0.691510
0.573521 0.450363
0.574203 0.751605
0.574798 0.712346
0.576095 0.328719
0.576995 0.358426
0.577493 0.477555
0.580119 0.583664
0.582271 0.452803
0.584301 0.343398
0.586098 0.423979
0.586198 0.553386
0.586273 0.542625
0.589007 0.387539
0.589921 0.491623
0.592156 0.609404
0.596430 0.759976
0.596798 0.646776
0.597638 0.503621
0.598607 0.596527
0.599265 0.461450
0.599988 0.514477
0.601675 0.398778
0.602558 0.440493
0.609180 0.587984
0.610664 0.225506
0.611558 0.724924
0.612356 0.541538
0.613501 0.350240
0.614708 0.503733
0.616631 0.517539
0.620881 0.557817
0.623029 0.557073
0.627137 0.365113
0.628248 0.718158
0.632597 0.447178
0.634859 0.285833
0.636699 0.512991
0.638905 0.413568
0.642663 0.661013
0.643260 0.761275
0.643408 0.164446
0.644432 0.449502
0.644781 0.111533
0.645501 0.663114
0.650704 0.653588
0.653610 0.615919
0.656500 0.459047
0.657123 0.500062
0.658638 0.412079
0.659885 0.558752
0.660013 0.702347
0.661377 0.693758
0.662712 0.747320
0.664601 0.724673
0.666696 0.465033
0.670228 0.361001
0.671895 0.769350
0.673843 0.204876
0.676196 0.346475
0.676304 0.187938
0.679667 0.708401
0.682766 0.455142
0.686421 0.466929
0.686522 0.173919
0.689259 0.512460
0.691599 0.592829
0.692693 0.485530
0.692834 0.127473
0.701096 0.332456
0.702006 0.196063
0.704462 0.600530
0.707416 0.246776
0.715199 0.385272
0.716571 0.110369
0.717860 0.364609
0.718333 0.630499
0.718358 0.546601
0.718666 0.729912
0.723593 0.324152
0.724520 0.630712
0.733178 0.550083
0.734319 0.269332
0.734360 0.368310
0.735987 0.525326
0.736839 0.566585
0.742472 0.472175
0.742894 0.394085
0.744871 0.471972
0.744892 0.188981
0.745174 0.068834
0.748125 0.743188
0.760301 0.918072
0.763710 0.824400
0.775651 0.020126
0.775768 0.560457
0.778063 0.505526
0.782971 0.635069
0.786805 0.635092
0.789399 0.714207
0.796999 0.371313
0.802069 0.481119
0.804485 0.280426
0.813613 0.429868
0.814727 0.350419
0.816994 0.000000
0.820417 0.481015
0.824345 0.888228
0.832794 0.337276
0.834849 0.682709
0.836108 0.363513
0.841544 0.610301
0.843560 0.307534
0.858748 0.348519
0.871178 0.554773
0.877008 0.704897
0.899489 0.632160
0.913129 1.000000
0.913273 0.204582
0.926594 0.646438
0.951588 0.414763
1.000000 0.052055
