0.000000 0.824913
0.009203 0.731870
0.052319 0.803989
0.067957 0.642919
0.079604 0.740939
0.088772 0.809221
0.108989 0.702528
0.110471 0.754683
0.113584 0.663216
0.116187 0.686244
0.120728 0.665872
0.126038 0.615032
0.132980 0.738126
0.136449 0.754596
0.148818 0.812822
0.149468 0.715494
0.152535 0.703174
0.157294 0.702372
0.177016 0.724498
0.177738 0.833638
0.179907 0.848827
0.182252 0.735456
0.182635 0.723720
0.183306 0.739398
0.189210 0.728313
0.192876 0.736693
0.193914 0.740458
0.196155 0.588137
0.197509 0.765154
0.199283 0.808742
0.200077 0.659952
0.201442 0.775329
0.202034 0.721835
0.203441 0.728631
0.204262 0.767945
0.208704 0.742524
0.210844 0.621729
0.212449 0.630795
0.214004 0.713042
0.215744 0.702212
0.215884 0.649809
0.219134 0.739018
0.222611 0.744600
0.222879 0.708395
0.227890 0.828240
0.229218 0.644404
0.229956 0.735856
0.231474 0.774625
0.232713 0.769992
0.234779 0.548604
0.234942 0.797738
0.241516 0.704594
0.243099 0.628791
0.245666 0.649818
0.249958 0.792957
0.254850 0.592635
0.256405 0.690019
0.256858 0.769165
0.257235 0.600338
0.257567 0.718938
0.257915 0.735392
0.258398 0.791512
0.264249 0.729059
0.264462 0.691343
0.264518 0.765770
0.265896 0.678344
0.266605 0.599577
0.266730 0.792582
0.266817 0.646974
0.267977 0.739779
0.268011 0.819373
0.268251 0.681570
0.269123 0.702465
0.269134 0.722371
0.269329 0.791745
0.271362 0.701235
0.272268 0.727594
0.275023 0.574048
0.276779 0.649677
0.277090 0.641681
0.279337 0.764494
0.280145 0.715269
0.280771 0.748931
0.281282 0.760628
0.281446 0.791986
0.281736 0.626894
0.282339 0.702626
0.282411 0.670845
0.282680 0.793307
0.282943 0.644680
0.283698 0.737585
0.283883 0.758634
0.284493 0.626571
0.284985 0.721119
0.286690 0.604841
0.286972 0.719524
0.288692 0.661983
0.288840 0.658680
0.289531 0.588866
0.291743 0.805404
0.292150 0.672948
0.292221 0.633790
0.293085 0.604101
0.293623 0.648284
0.294672 0.653324
0.294912 0.545655
0.295103 0.645795
0.296755 0.675997
0.297380 0.646407
0.297497 0.647016
0.298230 0.639655
0.299061 0.642937
0.300167 0.637013
0.300174 0.569296
0.301056 0.699001
0.301891 0.547155
0.303111 0.815505
0.304912 0.724872
0.305244 0.728291
0.306232 0.797804
0.307677 0.700277
0.308156 0.622315
0.308790 0.610706
0.309105 0.544330
0.309784 0.775452
0.310821 0.730581
0.311354 0.708706
0.311896 0.668449
0.312521 0.680831
0.313453 0.538918
0.314400 0.658840
0.314621 0.647999
0.314642 0.848146
0.314983 0.670886
0.315965 0.694191
0.316550 0.712738
0.316874 0.748138
0.317003 0.812812
0.317122 0.728543
0.317141 0.582509
0.318954 0.625945
0.319056 0.816211
0.319892 0.745793
0.320144 0.671827
0.320601 0.704419
0.321035 0.711894
0.321392 0.573060
0.322184 0.730417
0.322331 0.684366
0.322645 0.700028
0.323079 0.686267
0.323390 0.541532
0.324036 0.598426
0.324210 0.743470
0.326386 0.538563
0.327407 0.580499
0.327552 0.686648
0.328140 0.803424
0.329176 0.569977
0.329555 0.645480
0.330164 0.702152
0.332673 0.589627
0.333585 0.727814
0.333981 0.677816
0.334002 0.811995
0.334636 0.511641
0.334694 0.822940
0.335348 0.596342
0.335710 0.839398
0.336057 0.644945
0.336067 0.714565
0.338153 0.791391
0.338875 0.686699
0.340072 0.730015
0.342392 0.630642
0.342735 0.731959
0.343780 0.619958
0.344398 0.722067
0.345045 0.717087
0.345554 0.564398
0.346153 0.584711
0.346348 0.693908
0.346877 0.715053
0.347307 0.607105
0.347603 0.474676
0.349312 0.616059
0.349463 0.824603
0.349526 0.706511
0.349670 0.764106
0.349873 0.704448
0.350135 0.689676
0.350415 0.475194
0.351347 0.660667
0.351488 0.656369
0.351624 0.686714
0.351973 0.705788
0.352033 0.755988
0.352266 0.677920
0.353297 0.729111
0.353693 0.811122
0.354338 0.608538
0.355958 0.776355
0.355968 0.620669
0.356640 0.500635
0.356655 0.758873
0.356978 0.783823
0.358854 0.909718
0.358942 0.676154
0.359272 0.718438
0.359864 0.794293
0.360541 0.721417
0.361347 0.674889
0.361638 0.569190
0.362208 0.849060
0.362426 0.678612
0.362664 0.684746
0.363080 0.644576
0.363210 0.510263
0.363875 0.635533
0.364065 0.702297
0.365539 0.639182
0.366728 0.799619
0.367216 0.664204
0.367772 0.692722
0.368626 0.681513
0.369534 0.808923
0.369634 0.691690
0.369835 0.662436
0.369849 0.658056
0.369965 0.696370
0.370495 0.853083
0.371456 0.712516
0.371785 0.680542
0.371806 0.796438
0.372096 0.702863
0.372338 0.674673
0.374387 0.516649
0.376445 0.649466
0.376968 0.586728
0.377657 0.576466
0.378237 0.504977
0.378640 0.695096
0.378886 0.710771
0.379410 0.729265
0.379735 0.745707
0.380335 0.602241
0.380683 0.775826
0.381119 0.740985
0.381425 0.726758
0.381433 0.538297
0.384501 0.576021
0.385377 0.714559
0.385518 0.659233
0.386298 0.756883
0.386726 0.675796
0.387223 0.573964
0.387925 0.671898
0.387927 0.845280
0.388994 0.637074
0.389301 0.770543
0.389438 0.798403
0.389707 0.746470
0.390032 0.755646
0.391025 0.697430
0.391298 0.709636
0.392031 0.612194
0.392146 0.686287
0.392461 0.760055
0.392574 0.763004
0.392690 0.697731
0.392756 0.810072
0.392809 0.581176
0.394278 0.754616
0.394314 0.524301
0.394328 0.738359
0.394610 0.562213
0.394613 0.798967
0.394819 0.687007
0.395427 0.606202
0.395984 0.738911
0.396913 0.595040
0.397218 0.752364
0.397306 0.618376
0.397571 0.668223
0.397681 0.581293
0.398976 0.734025
0.399711 0.496807
0.399802 0.526620
0.400133 0.628072
0.400198 0.810092
0.400542 0.677449
0.400895 0.629922
0.402304 0.578096
0.402571 0.731029
0.404465 0.720843
0.404474 0.735979
0.404531 0.557825
0.405564 0.627360
0.406443 0.686515
0.406464 0.622002
0.406813 0.633302
0.409686 0.603025
0.409877 0.633776
0.410754 0.794508
0.410814 0.636502
0.410961 0.776268
0.411109 0.640723
0.411134 0.738070
0.412358 0.685209
0.413137 0.503990
0.413206 0.687256
0.413211 0.592210
0.413262 0.749826
0.413290 0.651676
0.413579 0.691130
0.414043 0.718323
0.414081 0.656089
0.414661 0.587027
0.414689 0.763121
0.416391 0.852351
0.416811 0.718312
0.417604 0.589542
0.417873 0.695289
0.418225 0.571834
0.418352 0.523921
0.418438 0.752094
0.418607 0.862169
0.418704 0.648654
0.419125 0.466542
0.419392 0.593294
0.419903 0.821381
0.419961 0.797996
0.420192 0.462510
0.420410 0.697488
0.420476 0.632934
0.420774 0.773626
0.421356 0.747966
0.421557 0.649800
0.421839 0.701289
0.421883 0.697321
0.421971 0.645825
0.422190 0.593176
0.423127 0.840978
0.423715 0.740658
0.424001 0.706496
0.424345 0.559640
0.424430 0.652700
0.424663 0.846329
0.424745 0.644586
0.425027 0.784344
0.426092 0.797783
0.426832 0.570524
0.426947 0.662821
0.427314 0.617506
0.427598 0.619280
0.428195 0.642829
0.428363 0.690281
0.428608 0.625007
0.428891 0.631131
0.429011 0.583709
0.429167 0.630970
0.429535 0.672166
0.429904 0.709408
0.432148 0.753101
0.432305 0.679030
0.432391 0.740895
0.432491 0.588621
0.432507 0.628427
0.432901 0.648136
0.433112 0.657297
0.433149 0.783653
0.433298 0.418789
0.433469 0.734890
0.434240 0.612112
0.435227 0.727228
0.435545 0.558215
0.435798 0.627623
0.435963 0.786487
0.438030 0.662001
0.438037 0.544824
0.438273 0.554306
0.438283 0.586107
0.438580 0.522710
0.439017 0.668504
0.439392 0.569944
0.439616 0.601151
0.439886 0.614577
0.440300 0.579050
0.440497 0.715889
0.440895 0.689107
0.440933 0.637273
0.441155 0.524306
0.441463 0.785407
0.442715 0.710229
0.443827 0.670561
0.444418 0.737833
0.444558 0.713190
0.444626 0.730923
0.445551 0.727050
0.445778 0.374639
0.446078 0.722903
0.446369 0.793592
0.447112 0.582935
0.447597 0.661827
0.447969 0.615928
0.448325 0.528589
0.449415 0.687185
0.449632 0.597480
0.450433 0.574782
0.451767 0.454948
0.452038 0.561012
0.452539 0.700165
0.452943 0.684297
0.455641 0.811370
0.456640 0.724558
0.456655 0.862208
0.456759 0.488985
0.457148 0.634014
0.457727 0.605677
0.459096 0.518526
0.459126 0.726397
0.459247 0.649249
0.459275 0.671935
0.459569 0.546753
0.459664 0.678537
0.460374 0.558997
0.460639 0.617046
0.460804 0.440013
0.461251 0.661149
0.461532 0.512065
0.461743 0.606541
0.462795 0.809299
0.463144 0.750712
0.464207 0.603486
0.464519 0.655338
0.464605 0.614820
0.464886 0.637104
0.465024 0.528738
0.465066 0.750897
0.465191 0.701055
0.465215 0.558262
0.465347 0.717886
0.466002 0.656443
0.467299 0.536025
0.467325 0.575297
0.467485 0.784442
0.467654 0.910845
0.468019 0.669546
0.468492 0.716298
0.468762 0.570138
0.469273 0.516208
0.469675 0.777703
0.470069 0.781769
0.470397 0.703705
0.472783 0.601240
0.473122 0.543404
0.473179 0.677231
0.473703 0.610862
0.473804 0.582730
0.474541 0.626721
0.474693 0.515187
0.474709 0.685497
0.475150 0.700450
0.475489 0.638692
0.475952 0.693532
0.476548 0.719258
0.476561 0.663961
0.476618 0.510564
0.477341 0.481482
0.477779 0.703621
0.477871 0.547497
0.477895 0.869056
0.478365 0.666552
0.478980 0.692291
0.479178 0.671197
0.479883 0.843654
0.480404 0.573565
0.480899 0.578696
0.482425 0.679119
0.482494 0.690531
0.483226 0.607723
0.483584 0.595961
0.483752 0.723456
0.484184 0.507891
0.484622 0.579471
0.484644 0.609689
0.484943 0.639088
0.484956 0.659437
0.485580 0.752831
0.485716 0.730497
0.485862 0.592847
0.485956 0.666609
0.486212 0.475888
0.486470 0.529966
0.487205 0.761348
0.487746 0.832026
0.487965 0.566516
0.488402 0.565050
0.488744 0.649935
0.489284 0.778567
0.489659 0.645863
0.489894 0.807417
0.489901 0.761758
0.490138 0.449265
0.490745 0.776211
0.490941 0.801671
0.491552 0.744822
0.491637 0.655366
0.492994 0.676653
0.493702 0.529101
0.493922 0.617744
0.494128 0.467678
0.494282 0.624708
0.494506 0.491653
0.494603 0.795129
0.494883 0.763806
0.495171 0.564047
0.495448 0.467099
0.495883 0.518319
0.496410 0.693483
0.497345 0.722622
0.497557 0.704693
0.497695 0.664049
0.498034 0.593996
0.498569 0.494384
0.499168 0.883713
0.500078 0.608664
0.500230 0.637407
0.500395 0.749760
0.500834 0.628482
0.500875 0.404213
0.500945 0.587845
0.501569 0.563634
0.502331 0.740878
0.502648 0.580626
0.503347 0.620075
0.503687 0.633279
0.503802 0.709097
0.504438 0.875435
0.506047 0.664008
0.506157 0.592445
0.506292 0.641804
0.506545 0.555772
0.506751 0.752254
0.506772 0.850706
0.507144 0.786818
0.507732 0.683622
0.508091 0.709345
0.509031 0.728880
0.509089 0.544226
0.509349 0.495525
0.509484 0.674794
0.509489 0.734698
0.509514 0.642939
0.509681 0.790889
0.509945 0.673255
0.510028 0.508307
0.510279 0.829861
0.510662 0.641447
0.511063 0.627288
0.511448 0.454983
0.511513 0.742725
0.512041 0.680950
0.512422 0.870540
0.512450 0.689175
0.512731 0.524490
0.513063 0.493007
0.514565 0.814238
0.514799 0.524465
0.516374 0.516189
0.517297 0.641399
0.518084 0.566797
0.518941 0.692288
0.519470 0.635608
0.520090 0.549172
0.520799 0.533112
0.521324 0.518488
0.522255 0.680240
0.522294 0.767814
0.522601 0.630322
0.523539 0.693864
0.524452 0.601099
0.524746 0.764988
0.526284 0.620166
0.526369 0.720993
0.527680 0.843919
0.527852 0.576271
0.528998 0.754936
0.529611 0.703717
0.529801 0.556907
0.529916 0.685527
0.531755 0.787750
0.533185 0.541999
0.533984 0.698508
0.534033 0.575857
0.534294 0.748762
0.535002 0.865461
0.535021 0.810752
0.535276 0.783427
0.535608 0.624449
0.535738 0.843213
0.535818 0.534574
0.536972 0.723034
0.537734 0.530059
0.538359 0.540990
0.538427 0.686036
0.538742 0.655203
0.539290 0.845822
0.539359 0.841575
0.539518 0.614080
0.540646 0.632917
0.540687 0.538696
0.540818 0.432043
0.541132 0.629743
0.541548 0.712979
0.542337 0.602521
0.542399 0.850963
0.543335 0.761691
0.544121 0.644912
0.544384 0.723228
0.545366 0.772479
0.546044 0.660973
0.546236 0.536844
0.546761 0.641989
0.548147 0.599298
0.548598 0.578020
0.548723 0.569526
0.549672 0.526287
0.550146 0.726982
0.550433 0.509144
0.550559 0.613489
0.550958 0.838627
0.552109 0.550785
0.552930 0.591306
0.553006 0.354763
0.553335 0.604732
0.553965 0.492170
0.554327 0.522950
0.554568 0.743170
0.555226 0.486000
0.555381 0.448381
0.555387 0.602526
0.555595 0.485184
0.555622 0.688900
0.555754 0.748737
0.555970 0.643229
0.556420 0.628615
0.556724 0.785511
0.556735 0.436988
0.558122 0.557254
0.559665 0.520541
0.559740 0.746364
0.560354 0.735003
0.563077 0.521138
0.563880 0.407172
0.564122 0.422939
0.564145 0.501635
0.564434 0.790362
0.564863 0.819086
0.565310 0.660349
0.565547 0.538867
0.568290 0.628044
0.568498 0.620854
0.568709 0.657235
0.569304 0.409233
0.570190 0.544034
0.570246 0.497512
0.571495 0.537955
0.571509 0.465266
0.571804 0.787968
0.573203 0.878020
0.573318 0.746419
0.573410 0.713809
0.573825 0.736226
0.573914 0.424621
0.575819 0.729250
0.575898 0.733050
0.576357 0.478990
0.577062 0.690444
0.578032 0.623851
0.578534 0.515398
0.578613 0.622235
0.578840 0.682207
0.578903 0.602169
0.579679 0.572157
0.579724 0.733701
0.580278 0.563779
0.581459 0.656971
0.581809 0.677486
0.583233 0.808058
0.583538 0.569347
0.584120 0.655664
0.584594 0.645083
0.584695 0.668430
0.584984 0.612659
0.586269 0.844168
0.587212 0.594456
0.587221 0.717393
0.587482 0.738945
0.587733 0.745830
0.588161 0.684846
0.588561 0.874349
0.588644 0.665326
0.589604 0.684193
0.589682 0.593061
0.590007 0.789705
0.591202 0.594777
0.592066 0.489954
0.592623 0.546997
0.594172 0.680129
0.594412 0.593393
0.595302 0.842294
0.596998 0.568820
0.597204 0.563704
0.597869 0.676273
0.598480 0.735309
0.598814 0.691854
0.599164 0.420943
0.599642 0.390751
0.600193 0.949951
0.600293 0.501194
0.600696 0.693820
0.600909 0.605400
0.601145 0.761215
0.602512 0.685096
0.602526 0.915695
0.603059 0.447718
0.603071 0.689665
0.603396 0.668065
0.603482 0.637174
0.604546 0.660064
0.606651 0.627096
0.607210 0.881196
0.607830 0.661064
0.608759 0.567049
0.610250 0.716946
0.611937 0.715028
0.612217 0.604682
0.612261 0.708126
0.612628 0.814564
0.613247 0.624960
0.613468 0.606457
0.613581 0.592045
0.615301 0.580840
0.615908 0.678883
0.616669 0.657103
0.617606 0.464278
0.618446 0.669115
0.618769 0.739921
0.619232 0.580614
0.619904 0.516638
0.619918 0.529110
0.620133 0.620902
0.620149 0.653490
0.620185 0.376674
0.620372 0.288858
0.620608 0.632740
0.620695 0.662680
0.620862 0.628850
0.621458 0.490625
0.622807 0.623510
0.622819 0.603842
0.622846 0.855027
0.622989 0.589066
0.623378 0.661006
0.623402 0.342058
0.623930 0.640271
0.624294 0.599838
0.624425 0.686866
0.624466 0.643909
0.625850 0.716777
0.627391 0.554453
0.627413 0.631945
0.627755 0.733245
0.627797 0.655376
0.627967 0.693197
0.628537 0.394294
0.629032 0.495500
0.631827 0.510013
0.633337 0.476336
0.633508 0.771714
0.633927 0.513433
0.633971 0.556200
0.635212 0.633928
0.635481 0.487745
0.635553 0.678100
0.636142 0.539390
0.636682 0.405876
0.636778 0.667444
0.637888 0.635634
0.638844 0.510319
0.639105 0.485731
0.639180 0.687998
0.639229 0.719209
0.640052 0.572452
0.641275 0.383195
0.643159 0.817884
0.644133 0.613090
0.644272 0.566869
0.645651 0.636770
0.645856 0.704428
0.645997 0.568750
0.646326 0.727409
0.646980 0.580861
0.647069 0.456699
0.648940 0.458412
0.648955 0.474903
0.649920 0.651701
0.650125 0.400655
0.650559 0.580381
0.650601 0.652346
0.651298 0.501617
0.652823 0.609746
0.654170 0.835820
0.654651 0.507113
0.654670 0.925254
0.654965 0.560825
0.659420 0.569882
0.660897 0.345990
0.661057 0.278846
0.661920 0.563399
0.662613 0.875532
0.662634 0.463205
0.664011 0.636220
0.664109 0.647732
0.664981 0.688209
0.664998 0.562371
0.665372 0.744072
0.666154 0.443865
0.666158 0.603169
0.666438 0.744078
0.667182 0.486862
0.668206 0.496333
0.669336 0.738952
0.669722 0.525895
0.669842 0.764910
0.670060 0.517499
0.670369 0.588211
0.671895 0.641150
0.671937 0.801226
0.672455 0.306523
0.672773 0.561077
0.673248 0.549688
0.673459 0.739158
0.674583 1.000000
0.675092 0.596907
0.675194 0.704351
0.675352 0.624455
0.676765 0.594059
0.676986 0.410159
0.677208 0.342684
0.678188 0.681047
0.680248 0.341165
0.683226 0.728366
0.683938 0.567325
0.683955 0.568421
0.684020 0.569903
0.684026 0.553866
0.686854 0.553273
0.688442 0.565580
0.689254 0.575065
0.690472 0.733896
0.690626 0.736486
0.692403 0.534017
0.692956 0.694367
0.695314 0.590038
0.695480 0.622104
0.696441 0.394120
0.697173 0.667888
0.697393 0.688841
0.700510 0.452646
0.702159 0.508966
0.702312 0.727374
0.702905 0.313366
0.706331 0.627434
0.706344 0.453201
0.709156 0.362518
0.709184 0.614611
0.711202 0.486004
0.711225 0.663023
0.711741 0.300190
0.714047 0.572100
0.714524 0.728356
0.714761 0.398930
0.717547 0.723287
0.719373 0.409126
0.719903 0.460740
0.722252 0.663724
0.722918 0.726305
0.723148 0.535654
0.723484 0.398249
0.724575 0.832924
0.724640 0.426720
0.730444 0.581696
0.730684 0.371319
0.733040 0.495646
0.734922 0.600054
0.737033 0.470885
0.739075 0.674567
0.740694 0.537071
0.742473 0.648840
0.743110 0.575076
0.746047 0.523262
0.747218 0.517612
0.747291 0.775201
0.748845 0.894014
0.750661 0.520892
0.751568 0.641685
0.752135 0.483233
0.753236 0.228210
0.763892 0.665724
0.767763 0.497164
0.773653 0.571418
0.774604 0.705762
0.774988 0.726728
0.776017 0.555570
0.776520 0.376679
0.776554 0.593716
0.778469 0.533992
0.778839 0.688972
0.790996 0.495925
0.792177 0.673624
0.793392 0.474585
0.795347 0.471154
0.797544 0.545218
0.797677 0.497389
0.799893 0.517383
0.804581 0.557595
0.807712 0.619915
0.808944 0.569138
0.816520 0.769289
0.816621 0.426492
0.821940 0.669949
0.823257 0.570724
0.825999 0.456929
0.827283 0.447258
0.835755 0.687746
0.838790 0.587515
0.845827 0.679441
0.847313 0.672713
0.849552 0.655011
0.853161 0.563517
0.866599 0.000000
0.871799 0.682002
0.873712 0.627765
0.880873 0.578416
0.881903 0.642087
0.893606 0.349190
0.901759 0.330342
0.936121 0.245887
0.939702 0.656543
0.940557 0.456405
1.000000 0.270861
