0.000000 0.279759
0.012995 0.327273
0.013286 0.665475
0.015319 0.616800
0.022204 0.456643
0.028311 0.634443
0.034151 0.822822
0.038774 0.603248
0.041163 0.504459
0.045211 0.315595
0.049400 0.031620
0.052303 0.515835
0.052731 0.782059
0.054098 0.869340
0.063999 0.684753
0.066835 0.546855
0.067118 0.550777
0.068918 0.584715
0.071973 0.260731
0.077260 0.536694
0.079042 0.799560
0.079140 0.536929
0.079545 0.665791
0.080114 0.506141
0.084732 0.371951
0.085361 0.439812
0.085591 0.401490
0.087245 0.637300
0.089576 0.879078
0.089886 0.562268
0.090501 0.518424
0.093401 0.596788
0.093907 0.416359
0.094432 0.820904
0.095632 0.382023
0.096495 0.376761
0.096690 0.743004
0.105728 0.709148
0.106891 0.408649
0.107205 0.603418
0.107375 0.493047
0.108604 0.533370
0.109394 0.657025
0.112635 0.507952
0.114159 0.487760
0.115549 0.489719
0.115938 0.550320
0.119336 0.357984
0.124155 0.427895
0.124501 0.702579
0.124951 0.396068
0.125000 0.622643
0.126735 0.643505
0.127191 0.828036
0.127650 0.556904
0.127770 0.459179
0.131481 0.670183
0.132975 0.555757
0.134239 0.403171
0.134821 0.615791
0.135234 0.482665
0.135640 0.655729
0.135767 0.546395
0.136290 0.505978
0.137245 0.205781
0.137952 0.443456
0.141027 0.419341
0.141192 0.542178
0.141661 0.659371
0.142338 0.707943
0.142907 0.513333
0.142939 0.800339
0.143499 0.444170
0.147246 0.373707
0.147387 0.502773
0.147874 0.586714
0.154345 0.593087
0.154389 0.287501
0.154414 0.549777
0.156794 0.326578
0.158411 0.724923
0.160576 0.436863
0.160612 0.278186
0.162362 0.196802
0.163194 0.546397
0.166234 0.327905
0.168459 0.541358
0.168665 0.622772
0.168813 0.612169
0.169153 0.667158
0.170254 0.455613
0.173291 0.417594
0.175140 0.530101
0.176573 0.200882
0.176676 0.585142
0.176743 0.401251
0.178981 0.518510
0.179250 0.503097
0.179665 0.657317
0.181033 0.540271
0.181322 0.446444
0.186564 0.466628
0.188973 0.584747
0.189609 0.526306
0.190274 0.440118
0.190385 0.454827
0.190823 0.481951
0.192149 0.509117
0.192216 0.669829
0.192295 0.458661
0.193404 0.615144
0.193985 0.378964
0.195186 0.418867
0.195358 0.533404
0.196292 0.442061
0.197556 0.660169
0.197823 0.746983
0.198999 0.669063
0.199983 0.628706
0.200085 0.535491
0.201561 0.742685
0.201636 0.512475
0.201930 0.586443
0.202632 0.472800
0.202823 0.471816
0.202852 0.576765
0.203022 0.565057
0.203078 0.544696
0.203512 0.560342
0.203676 0.421976
0.204141 0.823750
0.206468 0.649464
0.207152 0.785993
0.207919 0.423433
0.208339 0.397429
0.209715 0.604568
0.211208 0.061185
0.211839 0.637507
0.211883 0.438862
0.213690 0.266316
0.214282 0.642162
0.214641 0.655450
0.216680 0.325116
0.218134 0.697362
0.219198 0.586168
0.219619 0.568047
0.223298 0.692961
0.224308 0.349248
0.227195 0.808238
0.227343 0.447845
0.227375 0.503660
0.227771 0.664351
0.228827 0.293874
0.229365 0.703557
0.229473 0.260494
0.229854 0.587319
0.231220 0.286317
0.232488 0.555513
0.232528 0.586662
0.233963 0.394062
0.237542 0.777706
0.239184 0.493663
0.240013 0.547454
0.240521 0.640318
0.241636 0.633511
0.241778 0.692907
0.243804 0.791305
0.244393 0.545412
0.244786 0.261944
0.244904 0.235455
0.246907 0.663922
0.247105 0.659712
0.247413 1.000000
0.248094 0.434780
0.251547 0.452365
0.251862 0.478379
0.252916 0.601751
0.253643 0.509713
0.253924 0.412562
0.254408 0.795261
0.254466 0.533797
0.256254 0.714548
0.257393 0.392474
0.259859 0.567149
0.260320 0.466830
0.260663 0.583149
0.261068 0.581641
0.264313 0.579323
0.267791 0.451307
0.268059 0.636119
0.268789 0.252332
0.268914 0.418556
0.270976 0.602868
0.271067 0.255531
0.271992 0.466700
0.272643 0.580399
0.273570 0.477843
0.274207 0.138976
0.274280 0.355946
0.274988 0.426706
0.276377 0.215487
0.279175 0.453299
0.279628 0.553839
0.279968 0.309394
0.280011 0.732655
0.280864 0.743368
0.283694 0.397682
0.285204 0.182590
0.286077 0.408957
0.286513 0.452899
0.287829 0.079366
0.288311 0.783372
0.288850 0.618309
0.288935 0.423616
0.289121 0.462032
0.292038 0.470101
0.292353 0.690293
0.293480 0.532504
0.295625 0.529008
0.295741 0.868795
0.295884 0.421982
0.297549 0.502522
0.299093 0.366191
0.299559 0.599944
0.299937 0.535800
0.300566 0.520493
0.301532 0.806957
0.301657 0.578643
0.301874 0.494101
0.302215 0.437913
0.303034 0.740071
0.303907 0.292317
0.303927 0.517979
0.305554 0.675166
0.307167 0.503613
0.307540 0.018783
0.310054 0.491338
0.310133 0.594541
0.311670 0.452367
0.312072 0.622078
0.312414 0.397496
0.313027 0.637582
0.315072 0.365033
0.315655 0.464089
0.315956 0.362636
0.317039 0.329032
0.317910 0.560517
0.318231 0.466870
0.318477 0.362412
0.319794 0.554660
0.320406 0.437362
0.320948 0.320942
0.321522 0.475994
0.321725 0.505472
0.322150 0.578645
0.322331 0.421766
0.322348 0.473078
0.322402 0.438287
0.322405 0.165589
0.322446 0.467257
0.322619 0.516548
0.322705 0.595444
0.323159 0.697039
0.324342 0.581748
0.324451 0.303211
0.325257 0.428227
0.325694 0.637180
0.326880 0.314388
0.326939 0.607777
0.327616 0.401476
0.328383 0.396701
0.329939 0.533896
0.330993 0.471481
0.331808 0.545582
0.331832 0.608563
0.333312 0.402639
0.333403 0.396602
0.333978 0.293934
0.334670 0.450280
0.337127 0.282044
0.337766 0.550539
0.339102 0.264960
0.339477 0.694649
0.339700 0.388607
0.339719 0.160381
0.340488 0.515887
0.341090 0.450627
0.341220 0.479497
0.341483 0.362144
0.341499 0.560382
0.342238 0.481705
0.343266 0.380577
0.344262 0.396879
0.345081 0.450563
0.346257 0.679299
0.346968 0.365968
0.346987 0.293356
0.347951 0.460915
0.348619 0.458906
0.349603 0.181141
0.349722 0.349587
0.350401 0.199918
0.352131 0.594460
0.355313 0.275698
0.356158 0.369864
0.356831 0.595211
0.356849 0.616229
0.358229 0.526697
0.358372 0.671051
0.361252 0.773190
0.362318 0.116192
0.363148 0.331677
0.363370 0.427917
0.363422 0.642484
0.363818 0.373426
0.364737 0.323590
0.364914 0.826410
0.365854 0.511193
0.366672 0.571388
0.368702 0.561674
0.371513 0.476423
0.371969 0.362617
0.375356 0.140628
0.375573 0.513740
0.376398 0.381240
0.378513 0.374831
0.378655 0.651452
0.379641 0.607067
0.380011 0.340851
0.380493 0.463517
0.380606 0.452357
0.381981 0.251588
0.382918 0.278788
0.383369 0.674325
0.385128 0.467023
0.385757 0.594703
0.387580 0.357586
0.389150 0.509866
0.391281 0.586563
0.391767 0.468529
0.391823 0.685376
0.392401 0.633696
0.392636 0.435665
0.395284 0.577381
0.395713 0.611721
0.395971 0.155487
0.397198 0.521962
0.397257 0.158476
0.397579 0.305330
0.397838 0.273101
0.398477 0.284049
0.399070 0.463903
0.401862 0.260288
0.402353 0.460354
0.402486 0.299414
0.403193 0.445635
0.404865 0.346842
0.405996 0.435015
0.406390 0.464772
0.407079 0.444934
0.407279 0.622063
0.407479 0.487543
0.408789 0.350697
0.409031 0.557207
0.411345 0.500628
0.411390 0.386014
0.411653 0.293116
0.413154 0.442809
0.413385 0.564152
0.413461 0.733563
0.413470 0.415799
0.414578 0.823440
0.415237 0.524179
0.416985 0.658312
0.417011 0.617966
0.418140 0.233451
0.418319 0.607945
0.419812 0.571258
0.421002 0.343046
0.422153 0.469741
0.423892 0.579003
0.424134 0.381266
0.424193 0.520253
0.425083 0.523699
0.427707 0.527827
0.429564 0.240741
0.431503 0.640913
0.432298 0.215870
0.432853 0.501990
0.433148 0.518540
0.434638 0.440746
0.435088 0.451202
0.435681 0.400221
0.436056 0.476454
0.436195 0.554012
0.437144 0.558808
0.437928 0.157841
0.438075 0.573582
0.438271 0.542874
0.438695 0.546507
0.440154 0.538694
0.440321 0.320075
0.441546 0.722607
0.441724 0.407565
0.441799 0.567497
0.441863 0.356772
0.443079 0.494300
0.444470 0.150390
0.444511 0.288708
0.444886 0.534812
0.444934 0.482998
0.444997 0.371792
0.445143 0.476978
0.446035 0.288305
0.446790 0.277274
0.446878 0.628103
0.447646 0.340623
0.448727 0.424617
0.449805 0.342647
0.450863 0.226048
0.452967 0.204603
0.453272 0.211348
0.454241 0.482465
0.455140 0.606313
0.455425 0.462114
0.457618 0.381865
0.459399 0.471911
0.459890 0.391923
0.459957 0.296717
0.459977 0.391042
0.460778 0.500307
0.460928 0.354759
0.461652 0.639915
0.463097 0.380650
0.463823 0.519706
0.468146 0.335256
0.468323 0.555297
0.470525 0.542062
0.471228 0.331559
0.473770 0.377117
0.473862 0.346117
0.475278 0.417350
0.475861 0.401960
0.477783 0.519773
0.478480 0.518536
0.478505 0.812041
0.480401 0.438174
0.481329 0.491024
0.485600 0.518592
0.486544 0.543169
0.487097 0.317372
0.489510 0.250894
0.489787 0.306067
0.490007 0.588746
0.490109 0.557595
0.491753 0.640926
0.494341 0.486725
0.497035 0.606278
0.499672 0.415806
0.501284 0.526155
0.503543 0.540518
0.505116 0.666816
0.506149 0.656345
0.506287 0.472049
0.506479 0.281297
0.506611 0.593152
0.507198 0.528139
0.509876 0.388319
0.510821 0.465476
0.511101 0.320516
0.512408 0.411611
0.512839 0.512423
0.514053 0.497983
0.514129 0.436391
0.514822 0.391115
0.516713 0.427677
0.517054 0.000000
0.519043 0.515265
0.519752 0.189142
0.520309 0.556890
0.520335 0.369288
0.521269 0.282356
0.524427 0.554278
0.525971 0.549681
0.527315 0.280653
0.528843 0.418581
0.529209 0.195259
0.530568 0.575211
0.530670 0.426903
0.531778 0.331239
0.534583 0.405556
0.534944 0.470092
0.536218 0.535580
0.541305 0.515182
0.547154 0.439973
0.547833 0.591757
0.548431 0.303955
0.549327 0.186677
0.550399 0.441435
0.552188 0.536604
0.552762 0.431820
0.553217 0.754936
0.554734 0.580029
0.557633 0.543092
0.557648 0.415207
0.558413 0.485620
0.561275 0.479921
0.561598 0.269520
0.565141 0.501566
0.565228 0.350821
0.566436 0.411104
0.569976 0.609529
0.570283 0.416850
0.570948 0.404665
0.572106 0.486420
0.572607 0.242662
0.574233 0.477359
0.575218 0.562326
0.576383 0.329878
0.579161 0.312917
0.579411 0.376698
0.580358 0.633702
0.582056 0.542376
0.582962 0.327847
0.584532 0.525096
0.589431 0.437122
0.593456 0.543745
0.595430 0.370269
0.599270 0.567299
0.599884 0.605177
0.600620 0.341879
0.607526 0.351852
0.609285 0.404652
0.612558 0.507852
0.615031 0.597715
0.618890 0.343064
0.624738 0.316368
0.629368 0.402816
0.629722 0.230774
0.630396 0.311569
0.630612 0.504430
0.631701 0.096524
0.633757 0.298505
0.642114 0.295064
0.642669 0.302701
0.643280 0.338503
0.648513 0.167392
0.649536 0.519887
0.650149 0.328350
0.651683 0.542191
0.653107 0.504947
0.653567 0.237381
0.656552 0.547604
0.657183 0.392486
0.660022 0.406827
0.662020 0.434847
0.671114 0.549081
0.672718 0.364881
0.677788 0.265522
0.682132 0.294334
0.683391 0.323749
0.687316 0.423230
0.691441 0.242009
0.691729 0.368087
0.692138 0.361839
0.695090 0.159028
0.696096 0.240170
0.696470 0.331949
0.697014 0.488443
0.706316 0.477827
0.707898 0.222053
0.720115 0.336721
0.723885 0.181840
0.727016 0.392254
0.735571 0.343337
0.737545 0.222947
0.738571 0.317237
0.745473 0.606886
0.746521 0.512121
0.752929 0.638892
0.764817 0.454003
0.765939 0.347365
0.769055 0.210919
0.772304 0.246699
0.783001 0.507000
0.783271 0.089434
0.787561 0.542697
0.789410 0.488509
0.794104 0.337889
0.801415 0.490586
0.838955 0.343173
0.848245 0.319438
0.860380 0.346898
0.883812 0.062031
0.908424 0.266071
0.917896 0.424598
0.922144 0.359748
0.929486 0.422165
0.943085 0.305983
0.946909 0.238928
0.951017 0.244451
0.957199 0.251621
1.000000 0.482714
