0.000000 0.619337
0.002875 0.453222
0.004755 0.688061
0.004983 0.302817
0.005040 0.717724
0.021220 0.575342
0.023643 0.777643
0.024723 0.500530
0.026602 0.649157
0.033043 0.566851
0.035634 0.487796
0.039690 0.552978
0.041505 0.990579
0.041740 0.491417
0.041924 0.640645
0.042327 0.790529
0.042839 0.585338
0.044552 0.739937
0.047671 0.416279
0.048324 0.710950
0.048916 0.761334
0.049868 0.881218
0.052285 0.431641
0.053001 0.689786
0.053809 0.514028
0.057736 0.673286
0.059431 0.481933
0.061754 0.554917
0.063648 0.355984
0.065336 0.558606
0.069534 0.358262
0.070143 0.626208
0.070982 0.865355
0.072202 0.846647
0.072435 0.626159
0.073364 0.633472
0.075267 0.626700
0.075596 0.710073
0.079207 0.601671
0.079397 0.263845
0.079842 0.710080
0.080135 0.608022
0.080635 0.828198
0.080805 0.582299
0.081030 0.751915
0.082114 0.696482
0.084250 0.796220
0.084331 0.929805
0.084722 0.788005
0.086844 0.711011
0.087071 0.433152
0.087817 0.858658
0.088926 0.228662
0.089023 0.461537
0.091904 0.615934
0.092265 0.775130
0.094092 0.594505
0.094788 0.401086
0.095923 0.700356
0.097407 0.352919
0.099138 0.524760
0.099234 0.606257
0.100142 0.692066
0.100912 0.000000
0.101801 0.504173
0.102528 0.878362
0.102788 0.441849
0.103059 0.720579
0.104141 0.745198
0.104291 0.475751
0.107494 0.462624
0.109539 0.502130
0.110192 0.597231
0.111751 0.652983
0.112064 0.564456
0.113093 0.643641
0.113548 0.834286
0.113933 0.337579
0.113964 0.505331
0.114570 0.598534
0.115116 0.412186
0.116386 0.432091
0.118042 0.461342
0.118614 0.524776
0.118743 0.668764
0.119601 0.594026
0.120742 0.393288
0.121103 0.666396
0.121453 0.650406
0.121465 0.599189
0.121555 0.445006
0.122587 0.660903
0.123103 0.709685
0.124056 0.276760
0.126669 0.886573
0.130162 0.591667
0.130774 0.744331
0.131665 0.735682
0.132980 0.541766
0.133152 0.235853
0.133411 0.853709
0.134072 0.281193
0.136457 0.483157
0.137328 0.720853
0.138161 0.656981
0.139396 0.552554
0.139861 0.624506
0.141725 0.711402
0.143451 0.606638
0.144960 0.329904
0.145149 0.515207
0.146066 0.669260
0.146310 0.696228
0.147181 0.527338
0.147843 0.673525
0.149704 0.488903
0.151106 0.496656
0.151108 0.493698
0.152386 0.579333
0.153223 0.621348
0.154128 0.730710
0.154886 0.436218
0.155067 0.763012
0.155531 0.552902
0.156407 0.692650
0.159667 0.832614
0.160022 0.603198
0.160454 0.580715
0.160684 0.491533
0.162647 0.798455
0.164379 0.562725
0.165869 0.540023
0.166027 0.682933
0.166859 0.493346
0.167178 0.815929
0.167495 0.204884
0.169903 0.493574
0.170306 0.517964
0.173774 0.567689
0.176249 0.597132
0.177327 0.501155
0.179418 0.759748
0.181105 0.484766
0.181329 0.616861
0.181406 0.518749
0.181567 0.451277
0.184228 0.491978
0.185550 0.683705
0.185838 0.501851
0.185964 0.576649
0.186478 0.379828
0.187058 0.605077
0.187239 0.650010
0.188257 0.244668
0.188343 0.778759
0.189957 0.672372
0.190245 0.804259
0.191319 0.692287
0.192255 0.347582
0.192909 0.611110
0.193940 0.536723
0.195226 0.628582
0.195289 0.364645
0.196680 0.743760
0.197133 0.535884
0.197381 0.699978
0.198093 0.429431
0.200045 0.661678
0.200074 0.749240
0.201218 0.656592
0.201338 0.634195
0.201585 0.621476
0.203420 0.576788
0.203943 0.773334
0.203960 0.417805
0.204494 0.426647
0.204552 0.624429
0.206000 0.588906
0.206246 0.458911
0.207943 0.608797
0.208012 0.557750
0.208872 0.444005
0.209158 0.691482
0.212019 0.301420
0.212244 0.579956
0.212373 0.600215
0.213173 0.437015
0.213339 0.652069
0.213576 0.484584
0.213602 0.397623
0.213847 0.404385
0.215661 0.505463
0.216247 0.600243
0.216512 0.794733
0.217084 0.570524
0.217104 0.661793
0.217500 0.484606
0.217757 0.744998
0.218004 0.568195
0.218310 0.425101
0.219654 0.458742
0.220439 0.400993
0.221127 0.652762
0.221624 0.568072
0.222199 0.398078
0.223866 0.581318
0.224338 0.594967
0.227176 0.430144
0.227702 0.492148
0.228040 0.618757
0.228990 0.773892
0.229592 0.664102
0.231045 0.650184
0.232040 0.730733
0.233725 0.715348
0.235521 0.288345
0.237291 0.245758
0.238009 0.548202
0.238770 0.612101
0.239512 0.712374
0.240321 0.871788
0.240437 0.680044
0.241596 0.466407
0.242047 0.622469
0.243802 0.544725
0.244118 0.852997
0.244734 0.802117
0.245569 0.535826
0.246766 0.765315
0.249179 0.579102
0.249568 0.339622
0.250959 0.419735
0.251798 0.375950
0.254657 0.745085
0.254713 0.462346
0.255694 0.694837
0.257306 0.324054
0.258058 0.741606
0.259466 0.476411
0.263327 0.782776
0.263949 0.743272
0.264061 0.591317
0.265179 0.574936
0.265462 0.725510
0.266457 0.548109
0.266933 0.619114
0.267584 0.625212
0.269781 0.475223
0.269797 0.415578
0.271670 0.715537
0.272216 0.365711
0.272338 0.485409
0.273286 0.669598
0.274564 0.525852
0.275535 0.406784
0.279135 0.608261
0.280057 0.727389
0.282189 0.615351
0.282837 0.412392
0.284011 0.575913
0.284378 0.435059
0.287756 0.770609
0.288439 0.526807
0.290164 0.708867
0.291013 0.426336
0.291516 0.533335
0.292231 0.654482
0.292913 0.705401
0.293240 0.425507
0.293623 0.724086
0.294209 0.747996
0.294630 0.715397
0.300532 0.319098
0.302638 0.614962
0.302648 0.552867
0.302980 0.527677
0.304760 0.458113
0.305353 0.598597
0.305470 0.584074
0.306038 0.765512
0.307022 0.749805
0.308090 0.590686
0.308158 0.588161
0.309613 0.553980
0.309689 0.571872
0.309951 0.513682
0.310240 0.571649
0.310755 0.683904
0.311309 0.520170
0.312278 0.811205
0.312583 0.741512
0.313228 0.670098
0.313282 0.562560
0.315252 0.778875
0.317548 0.655137
0.317585 0.705501
0.317603 0.529601
0.318552 0.726212
0.318643 0.636724
0.319130 0.415566
0.320197 0.412891
0.320466 0.605147
0.321643 0.605395
0.322432 0.909349
0.322481 0.582649
0.322954 0.597115
0.323025 0.637950
0.323676 0.616436
0.324585 0.482785
0.325079 0.837071
0.326961 0.531815
0.328066 0.709370
0.328502 0.809095
0.328720 0.594100
0.329104 0.515601
0.329393 0.623274
0.329663 0.636715
0.329962 0.514898
0.332400 0.491186
0.332491 0.668128
0.333647 0.568058
0.334214 0.477305
0.336061 0.698393
0.336722 0.754841
0.338249 0.398765
0.339853 0.615012
0.340357 0.728638
0.340869 0.232153
0.341856 0.626106
0.342130 0.508425
0.343136 0.737626
0.345524 0.455017
0.345726 0.548185
0.352831 0.799237
0.353578 0.963581
0.354867 0.633508
0.356942 0.590631
0.358468 0.644107
0.360597 0.457241
0.361780 0.654734
0.362340 0.564391
0.363811 0.717251
0.365120 0.425782
0.365396 0.482204
0.366376 0.555536
0.366835 0.489791
0.368592 0.556097
0.368822 0.505647
0.369621 0.607075
0.370358 0.384539
0.371004 0.673210
0.372792 0.659274
0.372956 0.451135
0.373228 0.755687
0.375838 0.657070
0.378343 0.827100
0.379363 0.663534
0.379658 0.445026
0.380201 0.774343
0.381824 0.523112
0.382176 0.629113
0.382394 0.522211
0.382935 0.619720
0.383775 0.641050
0.384004 0.318103
0.384798 0.443428
0.385148 0.441172
0.386739 0.815696
0.387503 0.429340
0.389410 0.673126
0.390008 0.551812
0.391398 0.318782
0.394023 0.690938
0.395408 0.594915
0.397351 0.747953
0.397654 0.572270
0.397819 0.342156
0.398413 0.590630
0.398620 0.685310
0.399016 0.590518
0.399268 0.426436
0.400204 0.612420
0.400559 0.454055
0.401914 0.555303
0.402401 1.000000
0.402943 0.426000
0.403241 0.706428
0.403348 0.454826
0.405428 0.511028
0.407763 0.537519
0.408145 0.416752
0.409487 0.500593
0.409886 0.504237
0.411878 0.511475
0.414581 0.593509
0.416777 0.703409
0.417041 0.508980
0.418447 0.618068
0.420096 0.683386
0.422519 0.631642
0.423046 0.608747
0.424728 0.482368
0.429152 0.601597
0.431641 0.631168
0.432504 0.558514
0.433712 0.701280
0.436860 0.413297
0.437773 0.616448
0.439029 0.413965
0.439492 0.631037
0.446614 0.456486
0.446921 0.378913
0.448860 0.395245
0.449143 0.656884
0.449924 0.493098
0.450205 0.807982
0.453657 0.544552
0.454936 0.467530
0.455650 0.503563
0.456841 0.447548
0.464626 0.608174
0.466895 0.697616
0.469316 0.501969
0.472168 0.736087
0.472709 0.697757
0.475178 0.458928
0.475451 0.452404
0.476754 0.530642
0.477186 0.803028
0.478601 0.613178
0.479349 0.899076
0.481681 0.553595
0.483054 0.523317
0.485500 0.619697
0.487508 0.544614
0.490288 0.559015
0.494797 0.572743
0.498883 0.710636
0.501341 0.798194
0.502581 0.723779
0.505912 0.663898
0.508556 0.536678
0.508687 0.303965
0.509631 0.858670
0.509664 0.692090
0.510236 0.526921
0.516470 0.734096
0.516485 0.565500
0.516833 0.472117
0.519309 0.576955
0.519616 0.670639
0.523177 0.669934
0.525637 0.326418
0.527312 0.664001
0.529747 0.666930
0.531225 0.484305
0.533202 0.553568
0.533391 0.652176
0.533506 0.443595
0.536169 0.675046
0.536191 0.701115
0.540045 0.511501
0.553341 0.509068
0.555968 0.404005
0.559375 0.469895
0.567188 0.571044
0.569371 0.683312
0.576450 0.563351
0.578843 0.450212
0.579314 0.693877
0.581539 0.610051
0.583832 0.517513
0.585968 0.489880
0.587242 0.548737
0.588751 0.539209
0.593179 0.660226
0.595947 0.475743
0.604126 0.379503
0.604730 0.649755
0.606434 0.494888
0.616118 0.781656
0.621546 0.824065
0.621663 0.652618
0.622764 0.655289
0.623198 0.560031
0.624798 0.319202
0.628347 0.683405
0.636875 0.807125
0.639092 0.666993
0.645390 0.348393
0.646788 0.654373
0.647219 0.451076
0.658347 0.328728
0.662744 0.580512
0.678588 0.638992
0.693108 0.594345
0.698213 0.605315
0.702336 0.638755
0.712475 0.582483
0.720770 0.601557
0.725932 0.458538
0.727562 0.613453
0.739507 0.455139
0.748989 0.537909
0.758196 0.532563
0.800542 0.593019
0.803206 0.666422
0.817940 0.774567
0.818396 0.493109
0.887520 0.746718
1.000000 0.612079
