0.000000 0.000000
0.011371 0.994674
0.024932 0.566549
0.053253 0.450428
0.101725 0.906160
0.104547 0.812621
0.107787 0.890351
0.122352 1.000000
0.143968 0.954391
0.186694 0.380100
0.205362 0.892656
0.225789 0.535862
0.241314 0.556216
0.290642 0.785909
0.294986 0.879583
0.300763 0.444621
0.316178 0.734980
0.342397 0.777367
0.355872 0.781053
0.371136 0.885844
0.372430 0.753214
0.394791 0.868984
0.429219 0.727140
0.429886 0.726008
0.430297 0.762890
0.432271 0.508085
0.440160 0.771956
0.463741 0.763611
0.479007 0.730092
0.479637 0.833725
0.481189 0.922334
0.511060 0.845045
0.523419 0.307710
0.538812 0.764467
0.554196 0.630496
0.563752 0.621059
0.570330 0.626842
0.607694 0.637101
0.621135 0.608164
0.622037 0.688070
0.631498 0.770557
0.665648 0.744943
0.672596 0.593189
0.700834 0.626081
0.733789 0.709628
0.746719 0.597540
0.748620 0.570659
0.752137 0.630120
0.774130 0.718374
0.780505 0.523375
0.791250 0.603527
0.798466 0.456452
0.828245 0.575771
0.831985 0.641052
0.843279 0.483551
0.875295 0.571793
0.888884 0.450023
0.918683 0.493525
0.920944 0.512411
0.922659 0.434294
0.928147 0.561447
0.939027 0.495730
0.956410 0.402768
0.971810 0.430219
0.976010 0.420558
0.983597 0.485098
0.989681 0.510271
1.000000 0.440403
