0.000000 0.981756
0.000278 0.996332
0.001155 0.991075
0.001698 0.993148
0.002031 0.996829
0.004461 0.996408
0.005164 0.983968
0.007445 0.983687
0.011029 0.989446
0.011196 0.996917
0.011344 0.992532
0.013111 0.995819
0.013429 0.992107
0.014442 0.983477
0.015815 0.989389
0.015853 0.972055
0.018257 0.994383
0.018461 0.965088
0.020807 0.986989
0.021028 0.984810
0.021345 0.998742
0.024140 0.982682
0.028568 0.996050
0.028823 0.992685
0.029402 0.994973
0.029647 0.999186
0.029903 0.985778
0.031701 0.981924
0.032259 0.999037
0.033265 0.999027
0.033522 0.995024
0.033858 0.985613
0.035173 0.994166
0.035532 0.998967
0.037776 0.981247
0.038052 0.991038
0.040726 0.990602
0.041493 0.972046
0.046690 0.996227
0.048332 0.967798
0.049414 0.998247
0.049783 0.990357
0.050099 0.993912
0.051486 0.993503
0.052132 0.995115
0.052193 1.000000
0.052199 0.991365
0.053953 0.997885
0.054039 0.996478
0.054073 0.992115
0.057103 0.990325
0.057451 0.980415
0.057665 0.995663
0.059538 0.991909
0.064394 0.990225
0.065461 0.999075
0.065912 0.983804
0.066099 0.990959
0.066127 0.998679
0.066585 0.991825
0.067907 0.971036
0.068990 0.981847
0.073272 0.991803
0.073383 0.991188
0.073409 0.960523
0.076323 0.986257
0.078268 0.992428
0.079279 0.996467
0.079826 0.992579
0.082294 0.995757
0.082304 0.983938
0.084549 0.991215
0.085088 0.950496
0.089055 0.991067
0.089678 0.995282
0.090429 0.994478
0.091714 0.990842
0.092110 0.983264
0.093344 0.977919
0.093692 0.979969
0.093767 0.986642
0.094650 0.987594
0.095691 0.997947
0.096749 0.990583
0.099900 0.920806
0.100490 0.999309
0.101094 0.993098
0.101974 0.985332
0.103438 0.985137
0.103798 0.966736
0.103949 0.982738
0.106337 0.991574
0.106835 0.993624
0.107772 0.993748
0.108491 0.986456
0.112804 0.974478
0.115266 0.986479
0.115651 0.984576
0.115852 0.982060
0.119729 0.994878
0.120380 0.987005
0.121275 0.991481
0.123822 0.995283
0.127563 0.981796
0.128088 0.987538
0.128334 0.977456
0.129595 0.969478
0.131210 0.974492
0.131424 0.977826
0.132747 0.985513
0.132994 0.978376
0.133529 0.982188
0.133671 0.985161
0.133992 0.988742
0.135533 0.980260
0.136713 0.975156
0.137128 0.988374
0.137452 0.987750
0.138678 0.958934
0.140928 0.995966
0.144549 0.994893
0.148281 0.969389
0.148334 0.979333
0.148517 0.986814
0.150516 0.985781
0.150629 0.993265
0.150730 0.980157
0.151801 0.990443
0.151848 0.990505
0.151901 0.982932
0.152523 0.955082
0.153066 0.984213
0.154024 0.969744
0.154990 0.975724
0.156109 0.982378
0.156374 0.959791
0.161643 0.981042
0.163933 0.958123
0.165026 0.972313
0.165225 0.967881
0.165644 0.969900
0.166093 0.978854
0.167669 0.989856
0.168669 0.973123
0.169507 0.982685
0.172705 0.973539
0.173411 0.954871
0.176294 0.981944
0.177535 0.991998
0.177673 0.976894
0.178310 0.984456
0.178603 0.961352
0.180600 0.977771
0.180921 0.991124
0.181208 0.965264
0.181241 0.974694
0.182272 0.934059
0.182610 0.970419
0.186083 0.992559
0.188466 0.989471
0.190818 0.981435
0.191848 0.942976
0.192075 0.979136
0.194949 0.987115
0.196949 0.988461
0.201435 0.982147
0.204129 0.961877
0.204299 0.977647
0.210308 0.991554
0.211902 0.978082
0.212734 0.981252
0.219520 0.978369
0.220320 0.990504
0.221552 0.980423
0.221790 0.969042
0.222588 0.971513
0.223101 0.962034
0.223588 0.976238
0.224544 0.978931
0.224584 0.989049
0.225949 0.987169
0.228620 0.954138
0.228679 0.952902
0.229531 0.971851
0.229734 0.977797
0.229940 0.967247
0.231472 0.983689
0.233792 0.971701
0.234761 0.950494
0.240588 0.960439
0.240629 0.957499
0.242641 0.975885
0.242871 0.985882
0.243366 0.970525
0.244357 0.960820
0.246366 0.973561
0.246759 0.978913
0.248599 0.981795
0.248604 0.970299
0.249231 0.957562
0.250011 0.974342
0.251536 0.976573
0.253846 0.978835
0.253889 0.987975
0.254572 0.928178
0.254650 0.970584
0.255250 0.968188
0.257154 0.971485
0.257838 0.987631
0.259018 0.979312
0.260037 0.965112
0.260136 0.913732
0.263150 0.952282
0.263319 0.957947
0.263915 0.976458
0.265243 0.924844
0.265977 0.987372
0.266499 0.989899
0.267905 0.957490
0.268214 0.972113
0.268428 0.984845
0.269333 0.961857
0.270276 0.963792
0.272933 0.975505
0.273510 0.969704
0.277756 0.990032
0.277897 0.983949
0.279438 0.928629
0.279485 0.960433
0.281424 0.944640
0.283555 0.914862
0.283661 0.950105
0.284189 0.972079
0.284613 0.988247
0.284699 0.962900
0.285358 0.970274
0.288886 0.966936
0.288973 0.970572
0.289008 0.955006
0.289081 0.946617
0.290805 0.964757
0.291658 0.970320
0.291889 0.985335
0.293725 0.956871
0.296328 0.980456
0.298298 0.940809
0.299549 0.948439
0.302062 0.936489
0.303970 0.968182
0.304221 0.966764
0.305083 0.929169
0.307017 0.978477
0.307742 0.982446
0.308149 0.951915
0.308263 0.974453
0.309212 0.981607
0.310516 0.918767
0.311054 0.964998
0.311688 0.949842
0.313469 0.958498
0.313798 0.907470
0.313851 0.970354
0.315707 0.958624
0.315955 0.948675
0.315958 0.960923
0.316690 0.951231
0.316849 0.964554
0.318899 0.943799
0.319177 0.972870
0.319674 0.950591
0.320609 0.956501
0.321068 0.956011
0.323592 0.963102
0.325611 0.968715
0.328147 0.892542
0.331846 0.962651
0.334128 0.941068
0.335107 0.942051
0.335144 0.951407
0.335474 0.947396
0.335751 0.966667
0.336284 0.939649
0.336783 0.966547
0.337843 0.963625
0.342816 0.958798
0.346312 0.964725
0.348692 0.950347
0.349583 0.921810
0.349789 0.946764
0.350381 0.963983
0.350610 0.960804
0.354263 0.955538
0.355760 0.965038
0.356099 0.939470
0.356181 0.935546
0.359368 0.965004
0.359876 0.923677
0.365050 0.951119
0.365212 0.946259
0.365400 0.941709
0.367112 0.960533
0.367198 0.941446
0.367780 0.974576
0.370421 0.910748
0.375058 0.907159
0.379632 0.925075
0.380155 0.969452
0.380441 0.941722
0.381255 0.937338
0.382241 0.943996
0.385120 0.918093
0.385660 0.948108
0.388000 0.907179
0.389836 0.942250
0.390611 0.955920
0.392330 0.920904
0.399187 0.972726
0.401454 0.960157
0.402611 0.947253
0.404136 0.941470
0.405794 0.915464
0.406044 0.956469
0.407231 0.908126
0.407527 0.911233
0.408192 0.943809
0.413170 0.935051
0.414383 0.932510
0.415280 0.951178
0.415701 0.924941
0.417859 0.928095
0.417939 0.909613
0.418326 0.943246
0.418605 0.947529
0.421601 0.909234
0.421829 0.943332
0.422046 0.910539
0.424854 0.935470
0.425665 0.876914
0.425930 0.902888
0.427768 0.874280
0.437943 0.917089
0.437995 0.875700
0.438796 0.904420
0.438867 0.937316
0.442567 0.953542
0.444104 0.942739
0.445286 0.930270
0.448261 0.909667
0.450685 0.909101
0.451306 0.895405
0.451865 0.897892
0.452840 0.906111
0.458046 0.937791
0.458728 0.930799
0.459013 0.889855
0.460062 0.860150
0.460764 0.901973
0.462816 0.905698
0.464428 0.877644
0.465592 0.950014
0.466383 0.890332
0.466543 0.893971
0.467505 0.884152
0.470337 0.910187
0.470461 0.945443
0.472361 0.915448
0.472473 0.928471
0.472710 0.898501
0.476911 0.905497
0.478648 0.912193
0.478858 0.932624
0.478884 0.935646
0.479276 0.887603
0.480909 0.885598
0.482244 0.907775
0.483328 0.895458
0.483369 0.927917
0.484118 0.955670
0.484946 0.902236
0.485155 0.918782
0.485652 0.845384
0.486011 0.929738
0.489595 0.870587
0.489648 0.817898
0.490283 0.901177
0.490311 0.809423
0.495358 0.944198
0.496372 0.876359
0.496469 0.896804
0.499843 0.910328
0.500383 0.905677
0.501361 0.880192
0.501540 0.838416
0.503102 0.920113
0.503151 0.919926
0.504059 0.905340
0.506347 0.913755
0.506568 0.927504
0.507180 0.909454
0.508289 0.879063
0.509599 0.908293
0.510397 0.904903
0.512872 0.913845
0.514971 0.862273
0.515655 0.877644
0.516130 0.889144
0.516553 0.899701
0.517106 0.838965
0.520154 0.835593
0.520329 0.903397
0.520611 0.824471
0.521715 0.816077
0.523830 0.858912
0.524588 0.876689
0.524663 0.914037
0.526007 0.898946
0.526902 0.922764
0.527766 0.919300
0.534222 0.837267
0.536765 0.923294
0.541399 0.860743
0.541672 0.893121
0.542147 0.832217
0.544342 0.893050
0.547320 0.778866
0.547465 0.867270
0.549806 0.909468
0.551363 0.863765
0.552464 0.869333
0.555463 0.901677
0.555887 0.906207
0.557145 0.900586
0.558286 0.855274
0.559301 0.882312
0.559417 0.864843
0.561898 0.786927
0.562834 0.825659
0.563039 0.914854
0.563512 0.876989
0.564593 0.892374
0.565955 0.890294
0.570354 0.818364
0.571602 0.885493
0.573128 0.833763
0.573301 0.923624
0.574113 0.889275
0.574829 0.815819
0.574874 0.832907
0.575952 0.841884
0.576407 0.833195
0.577319 0.881824
0.577836 0.903217
0.580338 0.842116
0.582349 0.761683
0.583505 0.774506
0.589096 0.763309
0.593375 0.798153
0.593400 0.812733
0.594983 0.842998
0.601806 0.839810
0.601818 0.828064
0.601841 0.804530
0.602400 0.918651
0.602963 0.875976
0.603645 0.802848
0.603660 0.762120
0.604332 0.856508
0.606467 0.843568
0.608086 0.831739
0.610277 0.865763
0.610742 0.832502
0.611163 0.857953
0.612161 0.842278
0.613595 0.872888
0.614546 0.870498
0.619578 0.822943
0.620412 0.875757
0.620636 0.886432
0.621320 0.849476
0.622487 0.762749
0.623762 0.798478
0.624196 0.859953
0.625122 0.861194
0.628449 0.743003
0.630613 0.809441
0.630653 0.861488
0.632533 0.781376
0.633977 0.846863
0.634350 0.836479
0.634980 0.820522
0.635842 0.794192
0.636417 0.768250
0.637497 0.830817
0.637689 0.824131
0.637927 0.790916
0.640022 0.797628
0.640592 0.864054
0.640721 0.817842
0.642395 0.844067
0.644368 0.886025
0.645738 0.840642
0.646230 0.733041
0.646683 0.826516
0.647022 0.745157
0.647993 0.824199
0.649669 0.808334
0.650400 0.768907
0.651139 0.710712
0.652509 0.822843
0.652713 0.761114
0.653868 0.812241
0.653925 0.739949
0.654515 0.809317
0.658081 0.788999
0.660777 0.797191
0.662086 0.720752
0.664172 0.785576
0.665683 0.748598
0.668042 0.543532
0.669209 0.783264
0.670919 0.804111
0.671622 0.699548
0.672879 0.793398
0.673836 0.770761
0.676008 0.753670
0.676847 0.786366
0.676930 0.775098
0.678166 0.754709
0.679084 0.781065
0.679840 0.777045
0.680360 0.742573
0.680616 0.740345
0.680862 0.726466
0.681097 0.781938
0.681169 0.649290
0.681674 0.760283
0.682926 0.732885
0.683897 0.711696
0.684053 0.796946
0.685618 0.773895
0.685767 0.723365
0.687842 0.798712
0.691839 0.812727
0.691902 0.760201
0.692302 0.745114
0.693785 0.807457
0.694307 0.808495
0.699869 0.802764
0.699888 0.786652
0.699972 0.764882
0.701131 0.749469
0.706041 0.740714
0.707124 0.721172
0.707914 0.807846
0.708615 0.772657
0.710092 0.682739
0.710688 0.770785
0.710926 0.786679
0.712151 0.732847
0.715209 0.738913
0.717161 0.648303
0.717375 0.742249
0.719246 0.719912
0.719448 0.715533
0.722212 0.760547
0.722630 0.717323
0.723423 0.735331
0.725108 0.747358
0.727322 0.649044
0.727884 0.641875
0.730793 0.762405
0.731233 0.641765
0.731562 0.715406
0.735080 0.768955
0.736494 0.668028
0.736949 0.685839
0.737097 0.729130
0.737743 0.718549
0.738925 0.736661
0.740594 0.706864
0.742547 0.747109
0.742995 0.698932
0.744209 0.712123
0.744568 0.537615
0.744657 0.716201
0.746400 0.710707
0.748876 0.698849
0.749615 0.640370
0.750767 0.712143
0.751516 0.561689
0.751600 0.660938
0.754985 0.695135
0.757284 0.704507
0.760175 0.452943
0.761395 0.706633
0.763324 0.689701
0.764518 0.552153
0.764849 0.658097
0.765306 0.653299
0.766883 0.616928
0.766966 0.540022
0.768303 0.727875
0.769433 0.651003
0.769453 0.673953
0.773734 0.693760
0.777325 0.714143
0.780316 0.609347
0.781609 0.535252
0.783873 0.603568
0.784767 0.675599
0.787037 0.677389
0.787271 0.695936
0.788255 0.660850
0.790112 0.611232
0.793330 0.608350
0.796863 0.595621
0.797620 0.658968
0.801783 0.636382
0.802415 0.451456
0.803429 0.620133
0.808190 0.574830
0.809344 0.555258
0.810009 0.573415
0.812450 0.566947
0.813666 0.555817
0.815534 0.537446
0.817959 0.531682
0.819375 0.574029
0.819518 0.514056
0.821292 0.588023
0.825870 0.518317
0.826121 0.521326
0.828877 0.482203
0.833091 0.566918
0.833867 0.563756
0.834067 0.483803
0.837263 0.544575
0.838722 0.375271
0.839591 0.641247
0.840614 0.522311
0.840723 0.494273
0.844152 0.463456
0.844352 0.445875
0.845331 0.541348
0.845624 0.504868
0.847430 0.504531
0.848500 0.490050
0.848748 0.584833
0.850766 0.499009
0.850980 0.433784
0.853245 0.568611
0.853254 0.533406
0.856103 0.539874
0.856987 0.408189
0.858100 0.512549
0.858514 0.498586
0.859204 0.548869
0.860107 0.453423
0.860758 0.505792
0.860836 0.440374
0.863829 0.511875
0.864080 0.410019
0.864514 0.584883
0.864738 0.340894
0.864859 0.447877
0.864940 0.564662
0.865289 0.404863
0.865366 0.472564
0.866630 0.471391
0.868340 0.483804
0.869617 0.493508
0.870022 0.435830
0.870508 0.428447
0.870926 0.480060
0.874175 0.425967
0.875025 0.449818
0.877003 0.576647
0.878169 0.458827
0.879501 0.455277
0.879853 0.477884
0.880569 0.510765
0.880629 0.347865
0.882371 0.461929
0.883934 0.506565
0.884169 0.365578
0.885378 0.483212
0.886598 0.370942
0.889211 0.413287
0.890709 0.426599
0.891745 0.312127
0.891905 0.326470
0.891988 0.470060
0.892687 0.297520
0.892862 0.542667
0.897160 0.301396
0.898619 0.380777
0.899101 0.402629
0.900722 0.411173
0.900854 0.297433
0.902647 0.395518
0.904512 0.423740
0.905093 0.321381
0.905654 0.411938
0.908189 0.310328
0.910177 0.386846
0.913893 0.382448
0.914567 0.381933
0.914571 0.244683
0.915465 0.324276
0.920807 0.369276
0.921280 0.342009
0.922625 0.289448
0.924585 0.356490
0.924595 0.318469
0.924659 0.263934
0.926966 0.311333
0.929426 0.335283
0.929810 0.391575
0.931376 0.339214
0.931703 0.243118
0.932771 0.185873
0.937970 0.288567
0.940060 0.262700
0.940523 0.220371
0.945367 0.213024
0.948210 0.285186
0.950537 0.229004
0.950568 0.274641
0.951595 0.181569
0.952064 0.169093
0.952079 0.238065
0.953868 0.196679
0.954998 0.163459
0.955397 0.240265
0.955419 0.255480
0.955722 0.267701
0.955804 0.235209
0.956098 0.232135
0.958687 0.213726
0.958856 0.170406
0.963170 0.240217
0.963654 0.191486
0.963666 0.183100
0.965674 0.185988
0.968605 0.134203
0.969627 0.139453
0.970813 0.163243
0.972307 0.099476
0.972815 0.147771
0.973074 0.138699
0.974975 0.098665
0.977537 0.106428
0.977877 0.142652
0.979248 0.139569
0.981621 0.135990
0.982323 0.087427
0.984949 0.123845
0.986103 0.069154
0.986279 0.145104
0.986739 0.065019
0.988960 0.112252
0.989510 0.084845
0.989829 0.106371
0.991887 0.125889
0.992634 0.147803
0.993030 0.031981
0.997102 0.000000
1.000000 0.071139
