0.000000 0.220810
0.001485 0.271642
0.002795 0.102345
0.004497 0.274003
0.008361 0.251236
0.011697 0.452871
0.012162 0.182795
0.014779 0.239750
0.017256 0.199024
0.017337 0.318591
0.021230 0.339048
0.025820 0.467084
0.033254 0.000000
0.034371 0.083939
0.035263 0.316474
0.035599 0.434522
0.037082 0.281713
0.047261 0.208922
0.047319 0.433758
0.052485 0.280089
0.053730 0.244248
0.055449 0.099071
0.057534 0.339705
0.059642 0.276110
0.060222 0.483189
0.061113 0.355622
0.061723 0.340332
0.063212 0.091151
0.063530 0.489140
0.064179 0.239726
0.065694 0.175349
0.066975 0.337741
0.067017 0.405816
0.068559 0.352337
0.070817 0.241789
0.071273 0.421568
0.071356 0.359697
0.072497 0.118537
0.077273 0.188311
0.077804 0.160464
0.078564 0.365631
0.081181 0.669410
0.084881 0.334709
0.088294 0.566441
0.091375 0.477613
0.091946 0.440539
0.094225 0.532369
0.095680 0.565711
0.098994 0.377183
0.102736 0.321111
0.103771 0.350770
0.104380 0.469002
0.112662 0.458702
0.116405 0.350264
0.117338 0.451348
0.119856 0.337947
0.129515 0.445577
0.132072 0.341460
0.136009 0.306047
0.138853 0.230678
0.140675 0.556294
0.141142 0.322761
0.141246 0.451101
0.142720 0.538701
0.142950 0.649777
0.147671 0.387128
0.147810 0.565769
0.148166 0.397300
0.152805 0.349186
0.152941 0.411320
0.153515 0.277631
0.153793 0.463072
0.157175 0.299631
0.157953 0.416302
0.161679 0.162489
0.162176 0.390744
0.162348 0.578246
0.168797 0.512839
0.172912 0.109885
0.174264 0.368290
0.179583 0.357790
0.183263 0.357530
0.184173 0.571230
0.185412 0.528192
0.185866 0.291772
0.194974 0.388548
0.195868 0.590416
0.196338 0.560518
0.200047 0.409347
0.204369 0.268519
0.205439 0.490544
0.206208 0.380765
0.208222 0.473744
0.208534 0.487517
0.208967 0.171333
0.211286 0.530238
0.212085 0.458189
0.213675 0.398225
0.216411 0.398779
0.227543 0.286911
0.227624 0.523725
0.227946 0.555382
0.230025 0.515818
0.230536 0.576024
0.235435 0.478900
0.236484 0.480880
0.237198 0.702617
0.238718 0.358076
0.239471 0.483590
0.242629 0.586964
0.244290 0.432312
0.246033 0.329880
0.264724 0.481504
0.266548 0.632163
0.278004 0.582214
0.278138 0.451694
0.281370 0.575779
0.283976 0.364615
0.284014 0.539351
0.286032 0.430599
0.286789 0.465348
0.287478 0.482292
0.293006 0.316555
0.295393 0.477600
0.302551 0.632481
0.304707 0.517908
0.305629 0.582955
0.305647 0.384120
0.310087 0.420254
0.310772 0.550328
0.312049 0.554290
0.312445 0.650853
0.313391 0.566721
0.313986 0.600582
0.314403 0.629583
0.315211 0.525430
0.315636 0.435998
0.321533 0.613895
0.322221 0.390255
0.322491 0.446141
0.324996 0.470801
0.325708 0.505268
0.326007 0.576236
0.326943 0.540230
0.329841 0.632268
0.330611 0.589738
0.331580 0.503955
0.334144 0.629461
0.338196 0.639456
0.338465 0.633630
0.339627 0.475311
0.342743 0.470822
0.346832 0.598751
0.363709 0.345869
0.365604 0.466976
0.368150 0.342390
0.369431 0.517905
0.374630 0.431108
0.375401 0.705070
0.382366 0.561783
0.383317 0.540695
0.384541 0.624344
0.387423 0.520732
0.391003 0.584123
0.391950 0.522328
0.392671 0.418061
0.393075 0.454521
0.396603 0.519576
0.397323 0.742664
0.398333 0.660361
0.404509 0.433125
0.404651 0.611976
0.406472 0.506312
0.409345 0.547294
0.410230 0.547284
0.410901 0.480782
0.419223 0.516145
0.422618 0.728701
0.424352 0.731568
0.425202 0.568482
0.426277 0.518707
0.426561 0.454617
0.427407 0.609639
0.434059 0.541877
0.434587 0.544110
0.436460 0.511235
0.439381 0.295921
0.442795 0.603782
0.443443 0.537571
0.449715 0.565051
0.457105 0.605051
0.458549 0.662109
0.459193 0.655428
0.459684 0.641431
0.465666 0.594560
0.468715 0.367901
0.469752 0.645318
0.473935 0.729230
0.474985 0.505762
0.482059 0.605768
0.484526 0.576529
0.485132 0.541974
0.485820 0.715948
0.486506 0.486586
0.487586 0.651605
0.488335 0.755861
0.494968 0.651040
0.502536 0.568807
0.504312 0.652627
0.505284 0.468577
0.505955 0.605413
0.508176 0.485770
0.511355 0.531843
0.513080 0.620203
0.514308 0.593889
0.517309 0.553664
0.517521 0.486532
0.520194 0.782679
0.520333 0.562665
0.522920 0.483920
0.523544 0.602051
0.525522 0.618224
0.525610 0.602146
0.530085 0.664574
0.530553 0.584131
0.531734 0.618695
0.536958 0.670780
0.540150 0.719606
0.552268 0.743949
0.557010 0.493405
0.558375 0.506309
0.561885 0.639517
0.561903 0.636225
0.563429 0.493842
0.564056 0.525408
0.564238 0.650165
0.569045 0.767546
0.569281 0.504396
0.571075 0.569087
0.573902 0.628952
0.573906 0.727618
0.578300 0.580031
0.579133 0.644137
0.579495 0.549074
0.580279 0.550118
0.581020 0.623840
0.582783 0.782091
0.585864 0.637989
0.585988 0.668672
0.587053 0.737833
0.590704 0.557087
0.593885 0.459110
0.595842 0.627375
0.597020 0.496871
0.599275 0.541734
0.600654 0.528011
0.602268 0.666807
0.603499 0.701052
0.603605 0.432543
0.607347 0.453389
0.608303 0.631109
0.610281 0.717081
0.611248 0.707946
0.612645 0.597565
0.613157 0.752470
0.613322 0.510945
0.614719 0.615436
0.617344 0.601837
0.618646 0.547466
0.625948 0.569037
0.626070 0.565938
0.626409 0.646282
0.632125 0.676965
0.632599 0.484114
0.634252 0.575279
0.635196 0.474494
0.636073 0.719159
0.638027 0.639962
0.641745 0.689383
0.641897 0.650927
0.647187 0.609533
0.648009 0.567423
0.648302 0.678974
0.650390 0.429110
0.651070 0.714200
0.654903 0.638151
0.655227 0.497593
0.657685 0.783469
0.657915 0.608027
0.658546 0.766670
0.659000 0.705435
0.661805 0.644063
0.663547 0.574640
0.665078 0.651834
0.668616 0.632530
0.675396 0.519984
0.678530 0.528322
0.681177 0.753499
0.685992 0.488452
0.687097 0.728253
0.687522 0.712395
0.691068 0.671825
0.693578 0.500575
0.698090 0.582935
0.698919 0.814790
0.700705 0.573699
0.701038 0.768315
0.706166 0.604749
0.706747 0.635504
0.706748 0.671125
0.710793 0.507523
0.719197 0.758712
0.721326 0.524662
0.723449 0.642117
0.725487 0.614788
0.727516 0.575252
0.728194 0.537351
0.728267 0.754012
0.729480 0.608085
0.730248 0.746793
0.733623 0.713195
0.734153 0.768870
0.735949 0.663264
0.736349 0.507052
0.737533 0.749107
0.737766 0.746328
0.739046 0.446057
0.742714 0.779701
0.747150 0.601886
0.747358 0.624705
0.747637 0.462618
0.749182 0.475499
0.751217 0.499891
0.755481 0.689379
0.758424 0.617348
0.769710 0.699891
0.775650 0.547148
0.776512 0.589467
0.777457 0.757006
0.783246 0.616188
0.783355 0.810502
0.784308 0.755571
0.787827 0.730677
0.788092 0.686751
0.789996 0.642320
0.791048 0.627773
0.794480 0.562674
0.796558 0.624567
0.796719 0.697197
0.796813 0.764627
0.799151 0.760657
0.800739 0.612076
0.804069 0.892689
0.805072 0.603151
0.812210 0.647615
0.813824 0.795487
0.815047 0.677258
0.815067 0.542674
0.819219 0.572360
0.821063 0.778685
0.821954 0.414294
0.833764 0.536556
0.834197 0.704585
0.835143 0.487371
0.836378 0.652921
0.836668 0.533550
0.839944 0.611470
0.840328 0.580756
0.840568 0.590185
0.842457 0.506475
0.844928 0.817803
0.846901 0.525507
0.852310 0.604242
0.852758 0.485536
0.853296 0.760624
0.853353 0.663098
0.855235 0.628439
0.855945 0.672783
0.863049 0.586154
0.863092 0.643658
0.866525 0.616609
0.866846 0.674042
0.867963 0.652696
0.869592 0.508128
0.871040 0.674066
0.872869 0.710098
0.876859 0.712662
0.877613 0.722760
0.879216 0.581713
0.881399 0.739290
0.883296 0.714386
0.883842 0.680085
0.885397 0.858601
0.886464 0.585402
0.886799 0.824827
0.887581 0.886021
0.888238 0.846309
0.890244 0.580991
0.890262 0.594704
0.890444 0.590037
0.892190 0.717710
0.893955 0.588136
0.896634 0.765125
0.900091 1.000000
0.903531 0.791236
0.904251 0.586949
0.906374 0.506203
0.907307 0.556654
0.911061 0.732544
0.911293 0.630411
0.915782 0.614555
0.925218 0.726287
0.926715 0.688882
0.930255 0.656025
0.931958 0.740754
0.933043 0.606670
0.933313 0.657942
0.933468 0.832727
0.936649 0.612259
0.938305 0.738413
0.939853 0.777110
0.940183 0.765044
0.940269 0.629641
0.941212 0.686934
0.942047 0.513182
0.943194 0.728083
0.943342 0.947742
0.947276 0.774290
0.947391 0.731457
0.949408 0.676652
0.953451 0.587956
0.954186 0.631198
0.955294 0.661058
0.956341 0.775036
0.957281 0.725860
0.960947 0.828304
0.963188 0.841424
0.968153 0.860718
0.971001 0.753785
0.972417 0.852447
0.974912 0.673620
0.978874 0.438558
0.979677 0.773226
0.981183 0.689736
0.984581 0.529982
0.988503 0.853435
0.988513 0.714097
0.993164 0.639426
0.993341 0.597286
0.997041 0.946477
0.997939 0.888958
0.998213 0.797687
1.000000 0.884454
