0.000000 0.026186
0.000804 0.022556
0.005296 0.062499
0.007010 0.000000
0.007609 0.028627
0.010444 0.091454
0.011278 0.106557
0.015903 0.043103
0.020258 0.139275
0.021561 0.109744
0.023434 0.043697
0.024180 0.140701
0.036467 0.191018
0.038324 0.243857
0.039890 0.223294
0.040868 0.300202
0.044546 0.207410
0.045190 0.239030
0.046280 0.171730
0.048121 0.172410
0.051345 0.311988
0.052127 0.276293
0.060888 0.191869
0.065482 0.311097
0.072822 0.266950
0.080953 0.364955
0.085245 0.408289
0.086152 0.359632
0.091390 0.310454
0.093460 0.353926
0.094361 0.402435
0.096889 0.359367
0.107680 0.457223
0.112571 0.458224
0.114220 0.463754
0.115754 0.544201
0.126142 0.496818
0.130361 0.449311
0.131807 0.437850
0.134360 0.393887
0.136161 0.375433
0.138888 0.445013
0.142160 0.510939
0.143495 0.508239
0.143728 0.530861
0.151411 0.449008
0.154598 0.534291
0.162993 0.622544
0.167850 0.571529
0.169865 0.512905
0.174650 0.467964
0.176491 0.532728
0.181477 0.588949
0.182576 0.581585
0.187299 0.528843
0.191011 0.539566
0.195623 0.574794
0.199862 0.489412
0.200372 0.657353
0.201552 0.534813
0.204368 0.577804
0.204826 0.514992
0.213430 0.535725
0.217711 0.570017
0.220080 0.563652
0.223250 0.631321
0.227914 0.597028
0.231463 0.681514
0.233489 0.598016
0.234264 0.565170
0.242146 0.595262
0.242354 0.712481
0.245516 0.528688
0.247170 0.682706
0.248891 0.673417
0.249075 0.742967
0.252193 0.601381
0.252660 0.655631
0.255715 0.648239
0.255749 0.610972
0.261121 0.639715
0.265051 0.722865
0.265870 0.714367
0.267632 0.699103
0.267776 0.605467
0.268252 0.696650
0.268963 0.675711
0.271046 0.634684
0.272999 0.585025
0.273372 0.662340
0.283597 0.710340
0.284131 0.665143
0.287205 0.718439
0.298639 0.658146
0.303274 0.686283
0.304138 0.715176
0.306621 0.641970
0.311375 0.646620
0.313124 0.658763
0.314809 0.565517
0.318837 0.715066
0.321062 0.717528
0.327115 0.752752
0.331473 0.676660
0.338823 0.717319
0.341922 0.680194
0.345011 0.653021
0.349677 0.687321
0.353759 0.723982
0.355854 0.656104
0.364139 0.626923
0.365826 0.720802
0.374002 0.655305
0.376241 0.715508
0.376897 0.800097
0.387257 0.676992
0.389222 0.623042
0.390082 0.656453
0.393910 0.744974
0.395911 0.746108
0.396294 0.712513
0.396709 0.767185
0.398759 0.732019
0.404012 0.754166
0.407045 0.689422
0.408975 0.717578
0.413121 0.798162
0.421252 0.676293
0.424617 0.673553
0.426555 0.706408
0.426668 0.739776
0.429274 0.740609
0.432503 0.705606
0.432565 0.735276
0.437650 0.765476
0.437960 0.822158
0.442521 0.739497
0.442814 0.756655
0.453953 0.710897
0.456400 0.785808
0.460459 0.755505
0.463875 0.711695
0.464521 0.737142
0.471507 0.801140
0.473518 0.706545
0.475086 0.873117
0.475126 0.738383
0.479030 0.788782
0.481547 0.797559
0.483997 0.789216
0.492108 0.780539
0.492376 0.835077
0.493882 0.730121
0.497337 0.736625
0.499044 0.828130
0.501409 0.689656
0.503440 0.818979
0.504912 0.821497
0.505489 0.790456
0.508687 0.722901
0.512683 0.792508
0.519385 0.745543
0.520888 0.800681
0.523997 0.773901
0.525720 0.691831
0.534592 0.837345
0.544209 0.776318
0.552457 0.837889
0.552546 0.816303
0.553576 0.783499
0.558624 0.788240
0.560975 0.742861
0.561677 0.838996
0.564301 0.795449
0.567718 0.832609
0.568751 0.823974
0.569377 0.756693
0.572179 0.769851
0.573111 0.821658
0.578299 0.867275
0.579312 0.818563
0.579785 0.728210
0.580783 0.805904
0.581514 0.867815
0.582403 0.785154
0.582573 0.844226
0.583038 0.764941
0.585226 0.771946
0.586314 0.891410
0.589014 0.730083
0.590718 0.829066
0.594084 0.760517
0.596540 0.808209
0.599791 0.797020
0.600158 0.828430
0.605431 0.832371
0.606672 0.728451
0.610925 0.828520
0.611337 0.803825
0.615531 0.808659
0.623114 0.810507
0.625978 0.840435
0.627049 0.762090
0.628300 0.785134
0.630260 0.802423
0.634008 0.858427
0.634781 0.833649
0.635646 0.757939
0.636013 0.745566
0.638529 0.751017
0.650613 0.920942
0.658361 0.814056
0.658403 0.736092
0.658664 0.792022
0.661188 0.793452
0.661672 0.743684
0.663570 0.792217
0.666963 0.806220
0.669484 0.751256
0.671690 0.857885
0.679684 0.831760
0.679901 0.830252
0.682236 0.763602
0.691812 0.805888
0.691900 0.903083
0.694853 0.855606
0.696386 0.773465
0.704810 0.840290
0.707702 0.785076
0.711709 0.763088
0.712129 0.834620
0.715072 0.843378
0.717558 0.813376
0.718654 0.800266
0.721502 0.894335
0.725173 0.794159
0.726242 0.835108
0.728295 0.928158
0.733390 0.827469
0.742954 0.845948
0.746988 0.834606
0.747942 0.890299
0.758531 0.865358
0.762898 0.846386
0.763509 0.817212
0.770682 0.925925
0.772592 0.773767
0.778709 0.803405
0.781766 0.792612
0.782676 0.672905
0.793387 0.873145
0.793913 0.758022
0.797580 0.892725
0.800930 0.912647
0.801091 0.881851
0.801691 0.856076
0.801960 0.865282
0.810970 0.795307
0.812882 0.872986
0.813100 0.788885
0.817272 0.886350
0.818608 0.890557
0.818763 0.988427
0.821746 0.855612
0.822802 0.851274
0.825875 0.874569
0.828295 0.879448
0.831557 0.865622
0.832804 0.848763
0.833102 0.856445
0.834778 0.845309
0.842632 0.820821
0.844336 0.786718
0.846568 0.840276
0.847655 0.886600
0.848142 0.854143
0.850363 0.943696
0.850819 0.943551
0.857937 0.839161
0.863228 0.814394
0.864026 0.862530
0.871343 0.850489
0.876592 0.871251
0.881586 0.880842
0.881798 0.908269
0.883430 0.899228
0.884719 0.869924
0.887068 0.747523
0.888935 0.873136
0.891923 0.803721
0.894590 0.822719
0.894684 0.918732
0.898091 0.876246
0.899625 0.916787
0.900241 0.896519
0.902606 1.000000
0.902739 0.900134
0.903831 0.855794
0.906716 0.856607
0.907227 0.911358
0.913304 0.846521
0.913779 0.826725
0.916310 0.844065
0.919707 0.878017
0.920133 0.901826
0.925507 0.925454
0.941407 0.905185
0.942185 0.878457
0.945187 0.941292
0.946149 0.933916
0.960373 0.832235
0.965751 0.877844
0.972183 0.916847
0.980324 0.889570
0.981163 0.933244
0.983442 0.890233
0.983508 0.866700
0.985047 0.926716
0.985264 0.845379
0.989030 0.941449
0.989903 0.868352
0.990902 0.908738
0.990921 0.867309
0.994363 0.861555
0.995590 0.795457
1.000000 0.803630
