0.000000 0.048775
0.002010 0.349265
0.002691 0.203609
0.005453 0.167196
0.005675 0.173595
0.006832 0.342335
0.012430 0.000000
0.013828 0.264966
0.017958 0.359430
0.018177 0.229119
0.019143 0.282091
0.020543 0.369190
0.021370 0.231738
0.021528 0.385895
0.022472 0.418210
0.025229 0.088668
0.028465 0.308767
0.032885 0.315896
0.032892 0.406188
0.033127 0.217121
0.042561 0.288149
0.042862 0.380154
0.044424 0.093088
0.047652 0.160312
0.052579 0.428699
0.055007 0.313076
0.055401 0.272120
0.056999 0.346820
0.058968 0.406003
0.059331 0.251569
0.062732 0.343058
0.064703 0.361384
0.071911 0.393788
0.076423 0.378290
0.079424 0.390434
0.083921 0.316123
0.085577 0.392515
0.088048 0.544497
0.089078 0.564774
0.092329 0.371321
0.093824 0.345064
0.098768 0.405265
0.105554 0.452009
0.115418 0.539479
0.123923 0.298715
0.126207 0.380495
0.126828 0.439659
0.127153 0.478059
0.130829 0.432615
0.131408 0.400050
0.132454 0.376522
0.133472 0.433339
0.134800 0.402645
0.137051 0.444860
0.137348 0.473346
0.139836 0.475395
0.139837 0.535959
0.142863 0.412511
0.144952 0.372381
0.147776 0.400584
0.149807 0.536227
0.151486 0.492827
0.151601 0.364330
0.168535 0.556442
0.168680 0.476091
0.169747 0.372058
0.169893 0.397348
0.171523 0.452064
0.172512 0.432342
0.172723 0.424591
0.174568 0.417689
0.178633 0.531046
0.184507 0.534838
0.185986 0.583330
0.186119 0.332535
0.187775 0.486078
0.187885 0.470620
0.193599 0.405796
0.193873 0.522096
0.194616 0.535223
0.194827 0.560642
0.196578 0.397807
0.196952 0.546365
0.198782 0.348234
0.203917 0.522921
0.204753 0.528074
0.204934 0.439183
0.209049 0.574094
0.220734 0.610986
0.221132 0.448769
0.224087 0.572221
0.224691 0.577840
0.227398 0.524275
0.228243 0.540304
0.229545 0.595547
0.230872 0.486161
0.232745 0.400856
0.234663 0.588520
0.235718 0.629239
0.240814 0.448386
0.242500 0.614735
0.246551 0.524320
0.246764 0.675986
0.250801 0.530837
0.253093 0.645975
0.254826 0.676727
0.257274 0.575308
0.258469 0.518394
0.260259 0.609174
0.261028 0.533580
0.266083 0.682446
0.266588 0.690192
0.269275 0.645519
0.269562 0.572563
0.271963 0.565189
0.271987 0.537351
0.274116 0.526210
0.288327 0.695349
0.290405 0.457075
0.292233 0.492983
0.293811 0.558023
0.296203 0.746646
0.296864 0.768794
0.296980 0.649949
0.298132 0.494854
0.306065 0.606782
0.306923 0.496412
0.307575 0.581402
0.309277 0.599469
0.312577 0.603967
0.318104 0.337143
0.319168 0.530352
0.323277 0.674090
0.329900 0.572547
0.333559 0.393187
0.333831 0.418740
0.335159 0.593105
0.336564 0.452497
0.338739 0.796972
0.338860 0.569173
0.343998 0.768465
0.346570 0.731620
0.350060 0.687887
0.350468 0.711870
0.350764 0.673852
0.358986 0.487470
0.359125 0.553435
0.360913 0.732547
0.364320 0.593835
0.365407 0.499163
0.366568 0.542162
0.367354 0.638765
0.371323 0.672242
0.373018 0.611515
0.373954 0.571451
0.377470 0.630866
0.380360 0.526590
0.383778 0.530588
0.384616 0.685205
0.388639 0.736607
0.390162 0.534928
0.391798 0.626660
0.393609 0.484757
0.393756 0.616892
0.396232 0.688244
0.396408 0.605107
0.396540 0.528561
0.397620 0.575085
0.400645 0.768639
0.401132 0.476226
0.401142 0.643709
0.401158 0.477452
0.408885 0.567654
0.409530 0.631255
0.413426 0.672345
0.417900 0.862623
0.418126 0.731176
0.418819 0.541106
0.420034 0.550320
0.423665 0.688427
0.426865 0.543087
0.427012 0.661352
0.433269 0.710825
0.433639 0.677412
0.436290 0.702806
0.436414 0.774791
0.436806 0.692975
0.436862 0.603149
0.440823 0.708338
0.444256 0.733820
0.451826 0.635588
0.455719 0.605797
0.461043 0.516011
0.462890 0.791718
0.466765 0.705302
0.471113 0.578161
0.471522 0.646533
0.472915 0.569863
0.473430 0.741373
0.474193 0.691148
0.477169 0.787563
0.477725 0.598628
0.481571 0.629034
0.481761 0.725390
0.482083 0.640202
0.482950 0.687202
0.483709 0.597682
0.485538 0.607388
0.485722 0.697510
0.488946 0.714250
0.488984 0.616180
0.490022 0.703432
0.490372 0.587376
0.493428 0.689890
0.494745 0.505336
0.494866 0.608482
0.496396 0.725982
0.497040 0.806428
0.497200 0.585143
0.499163 0.582851
0.499195 0.722189
0.503644 0.570871
0.504167 0.452029
0.507299 0.597627
0.510452 0.761538
0.510532 0.582050
0.513440 0.643439
0.513834 0.632360
0.514674 0.734953
0.514840 0.626019
0.517034 0.462801
0.518144 0.678558
0.519299 0.609386
0.519691 0.646626
0.521492 0.690535
0.522153 0.727500
0.522393 0.612856
0.526148 0.601949
0.530156 0.585645
0.538876 0.698058
0.545552 0.639921
0.549665 0.559482
0.550308 0.714164
0.552959 0.834790
0.557087 0.603546
0.558498 0.702413
0.558884 0.689727
0.559015 0.726565
0.560994 0.717427
0.564442 0.541969
0.566757 0.686236
0.571347 0.708756
0.575862 0.651712
0.576283 0.737031
0.576645 0.659645
0.579735 0.894591
0.579976 0.658417
0.579988 0.680285
0.585623 0.682813
0.588797 0.779982
0.589276 0.622364
0.590959 0.832023
0.593536 0.718979
0.594437 0.651433
0.597167 0.721968
0.597819 0.699143
0.602962 0.736159
0.603407 0.836886
0.604253 0.629990
0.611218 0.665415
0.618102 0.686988
0.618126 0.614166
0.625801 0.732870
0.630314 0.693625
0.631783 0.741845
0.632157 0.726239
0.633967 0.725692
0.634935 0.632500
0.635775 0.824290
0.637851 0.728768
0.642195 0.624725
0.642461 0.652885
0.653263 0.540855
0.656266 0.627665
0.663006 0.851231
0.663424 0.870280
0.664221 0.761124
0.671645 0.603941
0.672089 0.814153
0.672307 0.770930
0.674403 0.601018
0.676596 0.675451
0.688042 0.627736
0.689125 0.749889
0.689138 0.606836
0.691282 0.907772
0.697202 0.760091
0.704280 0.698750
0.705063 0.805003
0.706161 0.477809
0.706420 0.815903
0.707639 0.734488
0.708251 0.690198
0.708332 0.673220
0.708945 0.664447
0.713209 0.693742
0.714785 0.795951
0.716750 0.809967
0.718001 0.649108
0.718556 0.751455
0.718972 0.692236
0.719381 0.680763
0.720142 0.678195
0.720154 0.834074
0.720226 0.584605
0.720389 0.753804
0.722743 0.795299
0.729140 0.743236
0.731954 0.815538
0.732623 0.523958
0.734147 0.727603
0.736571 0.617082
0.741003 0.770197
0.747675 0.790588
0.747846 0.613352
0.752677 0.761940
0.754276 0.531928
0.758021 0.605797
0.758100 0.705155
0.759896 0.747717
0.766869 0.882670
0.767813 0.916571
0.768306 0.591564
0.768914 0.555258
0.769816 0.755454
0.770129 0.495476
0.778502 0.824252
0.780180 0.792870
0.780574 0.652084
0.782957 0.771050
0.783964 0.621232
0.787084 0.652965
0.793449 0.673368
0.799104 0.843489
0.799149 0.859606
0.801819 0.668798
0.804553 0.672084
0.807994 0.663646
0.811968 0.815004
0.813343 0.553378
0.816242 0.706083
0.816729 0.767967
0.819045 0.668746
0.819351 0.875085
0.820420 0.799836
0.822553 0.573129
0.823279 0.778242
0.823905 0.660913
0.826249 0.723132
0.832596 0.773559
0.833038 0.823480
0.833611 0.799919
0.838645 0.678697
0.839288 0.745917
0.849518 0.833605
0.853651 0.870683
0.854670 0.738749
0.855339 0.728183
0.857123 0.815229
0.857430 0.769105
0.865714 0.667417
0.868000 0.775931
0.871341 0.834284
0.871543 0.598229
0.875244 0.841143
0.881250 0.895832
0.886485 0.754331
0.889939 0.742746
0.893514 0.762073
0.894067 0.570376
0.894810 0.558977
0.895005 0.722367
0.896911 0.705037
0.898876 0.800485
0.900053 0.702214
0.903825 0.633815
0.904250 1.000000
0.905188 0.682120
0.909269 0.845592
0.911801 0.840532
0.912621 0.815127
0.912769 0.801736
0.913775 0.789677
0.916509 0.853432
0.919769 0.945184
0.923114 0.832327
0.923540 0.762039
0.923761 0.726921
0.924363 0.800242
0.925280 0.730680
0.925651 0.642592
0.925654 0.723424
0.928129 0.689143
0.928539 0.658049
0.929250 0.707047
0.931090 0.615977
0.931357 0.848328
0.931775 0.792026
0.939066 0.715804
0.939475 0.861998
0.947408 0.825549
0.948658 0.837702
0.950797 0.698614
0.955974 0.670853
0.959372 0.712542
0.961172 0.780259
0.968611 0.813232
0.969486 0.852285
0.970012 0.724778
0.970294 0.737163
0.970564 0.673580
0.972036 0.811064
0.978659 0.814183
0.982091 0.808271
0.986349 0.768248
0.986612 0.820852
0.989232 0.724377
0.990510 0.676707
0.991264 0.713988
0.991592 0.827189
0.995754 0.790862
0.997021 0.760770
0.997095 0.775569
0.997101 0.733992
1.000000 0.866809
