0.000000 0.633421
0.002997 0.592378
0.012214 0.675481
0.023496 0.541182
0.034616 0.713551
0.048711 0.500775
0.061130 0.659346
0.067122 0.351657
0.071979 0.403577
0.078112 0.751662
0.082494 0.491463
0.088259 0.477066
0.096130 0.395839
0.100892 0.666146
0.101945 0.675112
0.107187 0.546037
0.113361 0.685889
0.115000 0.603062
0.115943 0.374249
0.119123 0.602277
0.126021 0.520032
0.130326 0.472124
0.133534 0.509424
0.143353 0.718133
0.145000 0.794728
0.148173 0.557561
0.148238 0.602183
0.153068 0.363268
0.154670 0.592483
0.163050 0.833237
0.163458 0.538798
0.164534 0.697878
0.165245 0.633613
0.167055 0.451676
0.167102 0.234217
0.167206 0.832218
0.167590 0.599848
0.168651 0.343101
0.170923 0.841121
0.171114 0.315333
0.173803 0.695245
0.176615 0.486182
0.177507 0.576456
0.177586 0.774085
0.178188 0.916245
0.178898 0.620692
0.179592 0.593434
0.184178 0.462118
0.188818 0.629278
0.190137 0.479075
0.190491 0.706963
0.191267 0.605470
0.192127 0.512122
0.192911 0.728887
0.202961 0.632401
0.208471 0.426258
0.211655 0.522288
0.213089 0.526090
0.214694 0.655648
0.218449 0.719765
0.218454 0.473799
0.219314 0.669843
0.219327 0.428865
0.220644 0.575829
0.223509 0.409492
0.223918 0.689942
0.225626 0.768278
0.227350 0.942892
0.227586 0.593224
0.228096 0.548990
0.232106 0.489626
0.232387 0.450849
0.233151 0.300792
0.233737 0.790298
0.236596 0.749797
0.236662 0.724366
0.238868 0.695199
0.240871 0.824779
0.243948 0.550924
0.245839 0.601011
0.246245 0.296510
0.248134 0.531893
0.250811 0.428644
0.251114 0.529119
0.251125 0.817479
0.252146 0.344957
0.252163 0.613718
0.255861 0.569884
0.256985 0.610453
0.259517 0.411363
0.259689 0.658221
0.263223 0.462779
0.265294 0.507118
0.265448 0.331662
0.266728 0.660597
0.269503 0.228617
0.270509 0.448199
0.270551 0.779239
0.270758 0.349321
0.270981 0.402937
0.271043 0.482489
0.271573 0.238733
0.276885 0.493041
0.277100 0.663878
0.277838 0.804675
0.283565 0.367999
0.284141 0.578989
0.285391 0.498276
0.285865 0.351948
0.288736 0.381373
0.289680 0.348120
0.289834 0.749876
0.291000 0.219184
0.292702 0.496797
0.293397 0.464397
0.293493 0.603965
0.295040 0.460322
0.296142 0.391213
0.296357 0.487792
0.297637 0.650697
0.297683 0.703679
0.300762 0.407690
0.300858 0.613265
0.302552 0.581252
0.303285 0.630526
0.303559 0.500749
0.304095 0.820187
0.308114 0.612260
0.308593 0.436543
0.308676 0.534073
0.310257 0.283635
0.310857 0.433012
0.311473 0.468594
0.312023 0.515406
0.315688 0.375036
0.315728 0.395485
0.315906 0.680046
0.316821 0.558599
0.317618 0.617561
0.318596 0.270691
0.318688 0.765534
0.318939 0.568053
0.319715 0.640082
0.320130 0.314285
0.320668 0.559704
0.321200 0.543011
0.321476 0.596553
0.321539 0.149662
0.324133 0.169763
0.325856 0.496196
0.326057 0.629336
0.326878 0.643469
0.329408 0.709103
0.330251 0.463967
0.331542 0.658301
0.331814 0.722482
0.332707 0.470434
0.332847 0.432997
0.332916 0.819556
0.334753 0.116711
0.335507 0.675029
0.335572 0.597984
0.335763 0.324193
0.336122 0.439794
0.336506 0.510009
0.336774 0.560612
0.337085 0.424970
0.337274 0.539268
0.337599 0.505597
0.337872 0.214652
0.339243 0.570837
0.339489 0.600323
0.339844 0.496183
0.340023 0.309395
0.340773 0.625464
0.342002 0.543584
0.342154 0.615007
0.342319 0.574036
0.342745 0.414219
0.345399 0.329524
0.345648 0.541523
0.345801 0.402253
0.346497 0.381324
0.347086 0.053271
0.347105 0.553279
0.348093 0.709135
0.350817 0.363325
0.352198 0.317963
0.353624 0.652165
0.353830 0.433332
0.353977 0.717219
0.354217 0.437067
0.354569 0.616420
0.354801 0.247993
0.355013 0.455432
0.355049 0.247336
0.355349 0.344470
0.355961 0.396816
0.358610 0.557064
0.358615 0.691480
0.359629 0.583830
0.361828 0.356792
0.362223 0.332117
0.363236 0.546196
0.364621 0.385896
0.364779 0.690862
0.367894 0.263545
0.369230 0.589065
0.372643 0.839101
0.374611 0.441622
0.376995 0.445412
0.379552 0.226994
0.379570 0.484244
0.379655 0.520746
0.380349 0.141535
0.381143 0.230202
0.381737 0.464582
0.381898 0.395831
0.382143 0.689650
0.382925 0.482827
0.383065 0.614890
0.383259 0.000000
0.383639 0.510554
0.385528 0.501597
0.387940 0.851388
0.388330 0.681528
0.388798 0.421371
0.389561 0.607651
0.389968 0.460284
0.391575 0.507117
0.392268 0.513104
0.392339 0.293363
0.392348 0.402266
0.392369 0.606446
0.394092 0.382008
0.394151 0.376989
0.394344 0.593619
0.394369 0.501669
0.394504 0.429291
0.396455 0.393336
0.396766 0.549327
0.398184 0.439860
0.398572 0.412023
0.398646 0.545908
0.398949 0.292270
0.399026 0.358454
0.399869 0.546290
0.400278 0.581866
0.400575 0.287575
0.400628 0.610044
0.401161 0.806359
0.402006 0.287253
0.403524 0.551306
0.403810 0.852775
0.404025 0.185564
0.404066 0.758075
0.404113 0.213163
0.404809 0.541351
0.407328 0.350719
0.407382 0.648629
0.407392 0.360977
0.407549 0.394261
0.407715 0.423186
0.408466 0.410994
0.408794 0.409895
0.409712 0.519782
0.410000 0.430259
0.410707 0.500392
0.411947 0.386781
0.412355 0.452416
0.412416 0.631195
0.413181 0.641606
0.413344 0.405379
0.414412 0.567723
0.414628 0.584153
0.414642 0.685324
0.415345 0.482849
0.416065 0.486703
0.416371 0.690814
0.417021 0.443440
0.417402 0.640014
0.418285 0.411606
0.418823 0.590734
0.420463 0.318339
0.420613 0.444983
0.422200 0.485349
0.422267 0.538639
0.422541 0.339160
0.423896 0.376329
0.424678 0.713557
0.425508 0.491794
0.426576 0.309697
0.426896 0.520012
0.428070 0.314081
0.428111 0.431905
0.428900 0.571236
0.430168 0.588878
0.430824 0.525855
0.430967 0.575803
0.431154 0.341643
0.433185 0.605447
0.433603 0.386887
0.435114 0.704963
0.435273 0.443006
0.435307 0.433853
0.435604 0.623747
0.435855 0.552915
0.436434 0.482031
0.436999 0.398115
0.437787 0.106543
0.438809 0.320004
0.438838 0.488495
0.439267 0.538355
0.439818 0.486898
0.440650 0.367392
0.441839 0.242961
0.442114 0.427314
0.442631 0.595572
0.442744 0.420899
0.442951 0.184328
0.443117 0.806182
0.443818 0.430979
0.444188 0.415215
0.444265 0.638251
0.444724 0.474437
0.445121 0.124276
0.445963 0.223672
0.446097 0.608609
0.446225 0.587629
0.446235 0.383466
0.448806 0.828184
0.450386 0.438590
0.450704 0.376584
0.452074 0.162216
0.452450 0.583676
0.453179 0.375333
0.453426 0.499102
0.453505 0.310001
0.455939 0.060023
0.456010 0.593817
0.456073 0.265674
0.456258 0.378322
0.457059 0.469184
0.457706 0.661799
0.458335 0.247094
0.458750 0.318815
0.460789 0.512051
0.460826 0.566194
0.462856 0.679085
0.463082 0.221014
0.463858 0.217997
0.463904 0.848127
0.464041 0.538292
0.465542 0.314711
0.465727 0.407107
0.465729 0.454063
0.466314 0.499778
0.466713 0.654998
0.467029 0.475539
0.469382 0.623052
0.470444 0.417347
0.470601 0.446342
0.470705 0.532468
0.472003 0.393654
0.472689 0.397573
0.472825 0.570359
0.473311 0.701450
0.473773 0.750925
0.473857 0.539463
0.474738 0.371718
0.475513 0.600407
0.475834 0.455443
0.476169 0.485802
0.477503 0.269831
0.478113 0.569539
0.478849 0.344653
0.480191 0.541712
0.480237 0.520700
0.480358 0.581820
0.482519 0.420522
0.483342 0.425638
0.483958 0.549516
0.484719 0.545899
0.484810 0.653342
0.484944 0.500945
0.489806 0.379594
0.491041 0.298410
0.491140 0.215317
0.491548 0.574355
0.492052 0.668017
0.492793 0.347258
0.493492 0.374207
0.493705 0.460774
0.493765 0.597796
0.496142 0.566684
0.496810 0.847686
0.497876 0.341237
0.498364 0.226908
0.498964 0.325879
0.500352 0.391197
0.503475 0.307672
0.504292 0.524740
0.504408 0.504148
0.505041 0.289847
0.506247 0.518540
0.507179 0.429617
0.508166 0.181117
0.508258 0.394404
0.508514 0.286881
0.509318 0.567506
0.510849 0.643870
0.511672 0.599723
0.511742 0.561696
0.511851 0.139095
0.513163 0.340313
0.513745 0.264951
0.514524 0.589799
0.514948 0.398850
0.516426 0.522955
0.516698 0.421310
0.518974 0.573240
0.520348 0.684481
0.522236 0.544940
0.523317 0.581878
0.523939 0.498225
0.524177 0.282785
0.525131 0.550059
0.526540 0.498289
0.527441 0.893279
0.528020 0.679808
0.528052 0.556596
0.528757 0.667926
0.529232 0.335373
0.530624 0.537387
0.531870 0.440585
0.532141 0.564831
0.533843 0.443944
0.533899 0.360138
0.534475 0.570734
0.535406 0.318672
0.536153 0.642695
0.537396 0.352772
0.537697 0.353894
0.538667 0.342541
0.540027 0.471370
0.541346 0.522274
0.543067 0.722503
0.546130 0.722708
0.546685 0.693163
0.546687 0.457237
0.547734 0.660027
0.547813 0.584341
0.549727 0.380399
0.550004 0.636031
0.550324 0.598297
0.552616 0.251031
0.552767 0.552089
0.553298 0.591497
0.553815 0.329614
0.554280 0.625525
0.555318 0.442394
0.555581 0.446374
0.556748 0.359305
0.557435 0.390519
0.557628 0.453478
0.557870 0.402334
0.560584 0.553505
0.562792 0.367675
0.563948 0.443415
0.565596 0.657791
0.566840 0.516341
0.568480 0.461862
0.569582 0.408004
0.569907 0.394791
0.569954 0.759082
0.570766 0.544080
0.571226 0.312067
0.571331 0.325292
0.571417 0.537103
0.572672 0.854809
0.573210 0.331750
0.573358 0.492071
0.573410 0.580558
0.573904 0.533873
0.574542 0.317414
0.577232 0.837732
0.578250 0.108477
0.579099 0.423124
0.579275 0.613774
0.580592 0.634774
0.581343 0.513116
0.582362 0.456424
0.582438 0.679767
0.583165 0.453513
0.585013 0.337548
0.586078 0.760477
0.586201 0.214845
0.586210 0.530625
0.587033 0.532936
0.587526 0.633879
0.587630 0.411641
0.588414 0.856323
0.588727 0.288450
0.589226 0.504724
0.589749 0.509542
0.590690 0.358513
0.590781 0.551272
0.591700 0.570861
0.592101 0.283850
0.592452 0.399783
0.594068 0.514387
0.595672 0.321388
0.596186 0.662409
0.598127 0.643393
0.599739 0.472920
0.601522 0.255705
0.602233 0.582489
0.606466 0.702267
0.607200 0.422026
0.607732 0.520475
0.610510 0.625058
0.610577 0.450071
0.610977 0.291694
0.611432 0.485032
0.611522 0.570620
0.614508 0.326763
0.614753 0.404704
0.615181 0.426553
0.615302 0.376937
0.616262 0.326743
0.619364 0.313488
0.619975 0.417640
0.621026 0.373618
0.622376 0.035903
0.622809 0.465349
0.623237 0.347278
0.623242 0.490854
0.624035 0.504195
0.624061 0.427690
0.624848 0.686612
0.626405 0.136258
0.627353 0.572969
0.628530 0.425648
0.628551 0.378111
0.629001 0.310824
0.630202 0.269700
0.630832 0.240792
0.631109 0.586599
0.631948 0.472049
0.632071 0.244026
0.633808 0.422984
0.634679 0.554540
0.635898 0.478269
0.636956 0.219054
0.637157 0.349960
0.638721 0.249111
0.638911 0.600738
0.642551 0.471638
0.643927 0.489586
0.644065 0.335206
0.645401 0.221781
0.645456 0.428245
0.645991 0.551274
0.647290 0.362599
0.647957 0.465198
0.653560 0.470197
0.653913 0.791892
0.654180 0.672612
0.655373 0.483814
0.660744 0.655142
0.661230 0.520753
0.662515 0.604069
0.664220 0.675457
0.666977 0.425976
0.668379 0.923680
0.668681 0.640381
0.669174 0.681643
0.669914 0.339730
0.675741 0.618341
0.676492 0.113072
0.689933 0.705438
0.690278 0.471120
0.690314 0.031142
0.690808 0.468829
0.693012 0.208802
0.695967 0.465830
0.696529 0.730737
0.699414 0.587889
0.699707 0.789028
0.711023 0.594098
0.711637 0.554713
0.713862 0.398282
0.715588 0.693214
0.717343 0.430188
0.717910 0.575698
0.718795 0.399090
0.718976 0.804631
0.725236 0.470719
0.727729 0.584267
0.732580 0.347977
0.738549 0.738959
0.751573 0.581168
0.752152 0.677176
0.753004 0.410797
0.757847 0.660842
0.766885 0.890033
0.769216 0.770359
0.773659 0.637050
0.785655 0.912413
0.796198 0.618422
0.803129 0.391315
0.860642 0.693100
0.874427 0.547543
0.884853 0.728649
0.906919 0.471072
1.000000 1.000000
