0.000000 0.373455
0.006210 0.338476
0.064977 0.245329
0.099385 0.496660
0.118187 0.278976
0.145895 0.463964
0.180618 0.493195
0.181685 0.334762
0.195436 0.438173
0.200705 0.240772
0.201903 0.267549
0.202071 0.299361
0.217240 0.375201
0.217467 0.238834
0.222739 0.120293
0.225918 0.435027
0.226918 0.451766
0.227317 0.577473
0.230420 0.685807
0.234750 0.483921
0.239746 0.349934
0.240329 0.374675
0.245332 0.318993
0.248243 0.371013
0.252185 0.578903
0.256896 0.488155
0.258019 0.252923
0.259277 0.336586
0.262486 0.379897
0.262538 0.384218
0.262585 0.498608
0.262968 0.682381
0.263801 0.434995
0.265005 0.523352
0.268468 0.385248
0.269085 0.445705
0.271670 0.480945
0.273695 0.186360
0.274140 0.401554
0.279493 0.534266
0.282285 0.404571
0.283923 0.387946
0.285938 0.345743
0.290290 0.364254
0.292241 0.480740
0.292948 0.584535
0.293044 0.408601
0.293085 0.698701
0.293334 0.247870
0.293602 0.659150
0.293945 0.422026
0.293951 0.316687
0.296851 0.304383
0.297314 0.546115
0.297647 0.623726
0.300291 0.487463
0.300448 0.242615
0.300602 0.407637
0.300714 0.615528
0.301989 0.513382
0.302768 0.334882
0.303635 0.479410
0.303719 0.485349
0.304076 0.481111
0.304295 0.352226
0.304840 0.721783
0.305172 0.749338
0.305568 0.467759
0.306759 0.511126
0.306955 0.546958
0.308750 0.384351
0.312420 0.370591
0.313943 0.483844
0.314016 0.512168
0.314232 0.596661
0.314466 0.761467
0.315239 0.487089
0.318214 0.443949
0.322348 0.189194
0.324096 0.307423
0.324942 0.418710
0.325580 0.479970
0.325990 0.533135
0.326418 0.428536
0.326678 0.442308
0.326942 0.621253
0.330375 0.438350
0.330570 0.537776
0.331460 0.401984
0.331856 0.426684
0.332079 0.285941
0.332482 0.393053
0.332578 0.590436
0.333747 0.363840
0.334206 0.652075
0.334594 0.450676
0.335121 0.430882
0.335192 0.514865
0.335625 0.330634
0.337974 0.276073
0.340746 0.455592
0.341068 0.679584
0.341647 0.399328
0.341959 0.483357
0.342025 0.444837
0.342075 0.616830
0.342104 0.253286
0.344136 0.487414
0.344637 0.265705
0.345510 0.532342
0.345665 0.310397
0.346249 0.387316
0.350411 0.312889
0.350706 0.267080
0.351254 0.680703
0.352037 0.554766
0.353518 0.368183
0.353631 0.425597
0.354068 0.543456
0.354407 0.595307
0.356290 0.329903
0.357155 0.702452
0.357434 0.520213
0.357480 0.497248
0.360856 0.641176
0.360997 0.513551
0.361342 0.632937
0.361441 0.368346
0.361757 0.228532
0.361782 0.804225
0.362951 0.262906
0.363283 0.252452
0.363796 0.390142
0.364426 0.870031
0.365144 0.470995
0.365228 0.391760
0.365953 0.601451
0.366176 0.341968
0.368085 0.326964
0.368547 0.207104
0.370184 0.246461
0.371070 0.309120
0.371715 0.298623
0.371820 0.228593
0.372444 0.419532
0.373999 0.474715
0.374626 0.226899
0.375564 0.487949
0.376054 0.587279
0.376754 0.354906
0.377136 0.477236
0.378426 0.206351
0.378620 0.228580
0.380909 0.409730
0.381072 0.378171
0.383342 0.616514
0.384337 0.262074
0.384596 0.654592
0.385203 0.180964
0.386503 0.314306
0.387666 0.368563
0.387789 0.329236
0.389607 0.277683
0.389764 0.228824
0.390092 0.299525
0.390188 0.602034
0.390245 0.376252
0.390841 0.494251
0.391405 0.350371
0.391830 0.462848
0.392526 0.408223
0.392648 0.225829
0.392799 0.712259
0.393857 0.539037
0.393955 0.385947
0.394196 0.607598
0.394570 0.226909
0.395321 0.518628
0.395470 0.290769
0.395857 0.216986
0.396311 0.651513
0.397561 0.222203
0.397912 0.463986
0.398203 0.428511
0.398988 0.399963
0.399042 0.346166
0.399638 0.386428
0.400403 0.710360
0.402036 0.581833
0.402245 0.389707
0.403652 0.356038
0.403683 0.526419
0.403834 0.311350
0.406831 0.586810
0.408476 0.520224
0.409372 0.549310
0.409436 0.468158
0.409674 0.512726
0.409774 0.454771
0.410817 0.263986
0.411224 0.385602
0.411258 0.348894
0.411636 0.661886
0.411945 0.150626
0.412552 0.428469
0.412894 0.495957
0.413214 0.234585
0.413627 0.360165
0.414795 0.697508
0.416202 0.195856
0.416499 0.594971
0.416619 0.565725
0.418365 0.384647
0.420177 0.373086
0.420692 0.470562
0.422280 0.430252
0.422467 0.280056
0.422625 0.596568
0.425542 0.429709
0.426261 0.304276
0.426541 0.709197
0.426548 0.582624
0.427029 0.308691
0.427189 0.390339
0.427309 0.500374
0.429390 0.268040
0.429834 0.209115
0.429958 0.622259
0.430112 0.387076
0.430137 0.447216
0.430816 0.100207
0.432174 0.326279
0.433630 0.334050
0.434068 0.344045
0.434738 0.441723
0.435295 0.546846
0.435375 0.204261
0.436034 0.418840
0.436687 0.271998
0.436753 0.422666
0.437352 0.489735
0.437996 0.635946
0.439260 0.605171
0.440007 0.606806
0.440038 0.319375
0.440113 0.421980
0.440213 0.319503
0.441099 0.488027
0.442487 0.270793
0.442498 0.228254
0.442578 0.167296
0.443388 0.268815
0.443677 0.015655
0.443871 0.387511
0.444517 0.363960
0.444750 0.513663
0.444907 0.463974
0.445530 0.508358
0.447244 0.747051
0.447333 0.308966
0.447832 0.427048
0.447964 0.389287
0.448012 0.404578
0.448041 0.403382
0.448722 0.359481
0.449359 0.319548
0.450223 0.460198
0.450663 0.641533
0.450731 0.667723
0.452462 0.446878
0.452888 0.497727
0.453779 0.444141
0.453846 0.479773
0.455031 0.593853
0.455182 0.598103
0.455211 0.400653
0.457438 0.646339
0.458271 0.420139
0.458673 0.412074
0.459911 0.390478
0.460445 0.577869
0.461442 0.399463
0.461487 0.418533
0.462209 0.472967
0.462277 0.651096
0.462872 0.384671
0.462937 0.550547
0.463900 0.477166
0.464781 0.378719
0.464795 0.530599
0.465680 0.572337
0.466127 0.419930
0.466372 0.406055
0.466667 0.364302
0.467139 0.317444
0.467310 0.474763
0.468268 0.534914
0.468336 0.282051
0.468748 0.194616
0.469409 0.537135
0.470134 0.385457
0.470162 0.365746
0.470210 0.310925
0.470870 0.615796
0.470950 0.447780
0.471256 0.458148
0.472421 0.266537
0.472806 0.465301
0.473201 0.578817
0.473210 0.021224
0.473669 0.631739
0.473737 0.630025
0.473940 0.396947
0.474117 0.466553
0.474290 0.691522
0.474524 0.210944
0.474570 0.300652
0.474905 0.772533
0.475056 0.357428
0.475724 0.751124
0.476432 0.604446
0.476644 0.592595
0.476769 0.534199
0.476948 0.436169
0.477527 0.353308
0.477662 0.311665
0.478160 0.540942
0.478484 0.544537
0.478725 0.546711
0.478962 0.612032
0.479114 0.309256
0.479730 0.547626
0.480132 0.427864
0.480434 0.597865
0.482973 0.677024
0.483452 0.539833
0.483554 0.503496
0.483751 0.355084
0.484265 0.695405
0.484958 0.516437
0.484975 0.391740
0.485186 0.634142
0.485535 0.424912
0.485978 0.420649
0.486045 0.281378
0.486091 0.574287
0.486139 0.612320
0.486296 0.529410
0.486483 0.471197
0.486730 0.753479
0.486785 0.337801
0.487882 0.348194
0.488002 0.729372
0.488490 0.482214
0.488620 0.596588
0.489370 0.574223
0.489544 0.360575
0.489580 0.429540
0.490995 0.139522
0.491078 0.266528
0.491287 0.608548
0.491499 0.406549
0.493047 0.381070
0.493057 0.369467
0.493220 0.664504
0.494560 0.287642
0.494742 0.475537
0.495077 0.466036
0.496661 0.299512
0.497142 0.378844
0.497329 0.484249
0.497492 0.522604
0.497634 0.413479
0.497684 0.433724
0.498421 0.549497
0.498988 0.460482
0.499015 0.255147
0.500663 0.438931
0.500959 0.238754
0.501756 0.379694
0.501856 0.400066
0.502204 0.414571
0.502855 0.477317
0.503504 0.412850
0.504154 0.478766
0.505072 0.265009
0.505080 0.498820
0.505629 0.405894
0.506177 0.562054
0.506806 0.592919
0.507827 0.219903
0.508299 0.221936
0.508343 0.489615
0.508396 0.445065
0.509260 0.395586
0.509958 0.334784
0.509994 0.551965
0.510018 0.437326
0.510536 0.460299
0.511198 0.675193
0.511539 0.376529
0.511945 0.385890
0.513254 0.296861
0.513343 0.459661
0.513430 0.617570
0.514114 0.542807
0.514122 0.423969
0.514550 0.550043
0.515181 0.391152
0.515725 0.459006
0.518143 0.393031
0.518219 0.746185
0.519776 0.398975
0.519953 0.410731
0.520595 0.399824
0.520647 0.389721
0.520719 0.698720
0.520916 0.564784
0.521878 0.557888
0.522232 0.362373
0.522439 0.564542
0.523932 0.654290
0.524664 0.262543
0.525511 0.293044
0.527242 0.462264
0.527603 0.392549
0.527887 0.391001
0.528048 0.000000
0.528124 0.529806
0.528774 0.587759
0.531499 0.525195
0.531781 0.386166
0.532079 0.526010
0.532388 0.492489
0.532400 0.404544
0.532660 0.573739
0.533444 0.560992
0.534760 0.190702
0.534828 0.509072
0.535480 0.332289
0.535773 0.541725
0.537510 0.513775
0.537640 0.667441
0.538597 0.402604
0.538915 0.707356
0.538939 0.485126
0.539026 0.749843
0.540053 0.333684
0.540143 0.542696
0.540309 0.660547
0.540639 0.218970
0.540681 0.257462
0.540704 0.279837
0.541846 0.484758
0.542323 0.352864
0.542340 0.609666
0.542675 0.290718
0.543524 0.238111
0.544247 0.493352
0.545508 0.417667
0.545660 0.502575
0.545717 0.307399
0.546007 0.522939
0.546068 0.557804
0.546115 0.363801
0.546271 0.573903
0.546281 0.464062
0.546387 0.672247
0.547398 0.443675
0.547555 0.680515
0.547621 0.621545
0.547949 0.473463
0.548437 0.676472
0.549195 0.569034
0.550017 0.473454
0.550781 0.538907
0.551445 0.348145
0.551840 0.257355
0.552368 0.537459
0.552787 0.699534
0.553916 0.577583
0.554772 0.397091
0.555031 0.667013
0.556376 0.444497
0.556717 0.265826
0.556898 0.294836
0.557054 0.349973
0.557059 0.363897
0.557208 0.530877
0.557802 0.443857
0.557984 0.528300
0.559007 0.612085
0.559268 0.493402
0.560029 0.545276
0.560505 0.501665
0.560957 0.519364
0.561116 0.508934
0.561493 0.240098
0.561645 0.660962
0.561700 0.367624
0.561882 0.279903
0.562494 0.913714
0.562956 0.104573
0.563018 0.597548
0.563144 0.557523
0.564815 0.358882
0.566211 0.417624
0.566237 0.663589
0.566635 0.591496
0.566705 0.470880
0.567185 0.509084
0.568052 0.424292
0.568420 0.499900
0.568420 0.305815
0.569501 0.499284
0.569986 0.358879
0.570471 0.493685
0.571386 0.599266
0.571682 0.283979
0.572701 0.691889
0.572796 0.442433
0.574088 0.406839
0.574350 0.521594
0.575418 0.521356
0.576105 0.545741
0.576131 0.627952
0.576206 0.457213
0.576326 0.603276
0.576660 0.388346
0.576827 0.548530
0.577693 0.493252
0.578167 0.782867
0.578565 0.652808
0.579407 0.588762
0.579475 0.572655
0.579845 0.547395
0.580035 0.379912
0.580585 0.730151
0.581131 0.464324
0.581464 0.621003
0.582074 0.715081
0.582414 0.467931
0.582683 0.349369
0.582853 0.430826
0.583563 0.530911
0.584168 0.198137
0.584264 0.640448
0.584504 0.409887
0.584721 0.548694
0.584752 0.571615
0.585039 0.086091
0.588805 0.380769
0.588911 0.730045
0.589534 0.574529
0.589810 0.618764
0.590840 0.488336
0.591253 0.584310
0.591279 0.547543
0.591355 0.443795
0.591832 0.668007
0.592789 0.617397
0.594184 0.461115
0.594288 0.487412
0.594410 0.514975
0.595245 0.550223
0.595388 0.600005
0.597034 0.395421
0.597074 0.625905
0.597099 0.471272
0.597170 0.569821
0.597767 0.556507
0.598722 0.592172
0.599813 0.453298
0.599984 0.553781
0.600408 0.311205
0.600585 0.379694
0.600614 0.620711
0.600979 0.418074
0.600995 0.555125
0.601643 0.326860
0.602054 0.484375
0.605336 0.400441
0.606121 0.510736
0.606212 0.353485
0.607234 0.209919
0.607250 0.560971
0.607505 0.320607
0.607522 0.364736
0.608323 0.399556
0.608562 0.481444
0.609552 0.227936
0.610258 0.451094
0.610548 0.413573
0.610572 0.621669
0.610929 0.582899
0.611455 0.492395
0.612192 0.517496
0.612223 0.498568
0.612410 0.426745
0.612508 0.542084
0.613085 0.690656
0.614571 0.389496
0.614684 0.461109
0.615555 0.726297
0.616249 0.446319
0.617620 0.438534
0.618762 0.568591
0.618862 0.447387
0.618935 0.435609
0.621065 0.451164
0.621687 0.649592
0.622295 0.324263
0.623212 0.210027
0.623691 0.546988
0.624079 0.451828
0.624116 0.435965
0.625235 0.689681
0.626341 0.465953
0.626347 0.816146
0.627740 0.533986
0.628468 0.447596
0.628546 0.701430
0.631090 0.505281
0.631218 0.386314
0.632198 0.608326
0.632202 0.491121
0.632341 0.527840
0.634390 0.420400
0.634609 0.496690
0.634666 0.222844
0.634795 0.387113
0.635138 0.602821
0.636573 0.820333
0.636990 0.799439
0.637478 0.363043
0.637665 0.623711
0.637872 0.166820
0.638163 0.331557
0.639394 0.648207
0.639590 0.624639
0.639779 0.600156
0.640018 0.716291
0.641406 0.059818
0.641458 0.454834
0.642244 0.626251
0.642399 0.328674
0.643992 0.485780
0.645060 0.351990
0.645644 0.509741
0.646105 0.273383
0.647907 0.390973
0.649673 0.539819
0.649740 0.436819
0.649870 0.445207
0.650074 0.510082
0.650769 0.493493
0.651526 0.472442
0.652032 0.540329
0.652299 0.586066
0.652754 0.387271
0.653042 0.531582
0.653646 0.302663
0.653802 0.319331
0.654160 0.351886
0.655024 0.722896
0.655166 0.758226
0.655514 0.464200
0.657191 0.584029
0.657856 0.705180
0.658800 0.584141
0.659890 0.473609
0.662571 0.446917
0.663158 0.550847
0.665027 0.578034
0.666123 0.492185
0.667172 0.527428
0.667506 0.597562
0.668176 0.504070
0.669556 0.444063
0.669700 0.699169
0.669811 0.542566
0.671048 0.544180
0.671088 0.617109
0.671571 0.531176
0.671598 0.509418
0.672434 0.403142
0.673186 0.223116
0.673648 0.355076
0.675657 0.779282
0.675684 0.562964
0.676457 0.428954
0.677042 0.619030
0.677367 0.488156
0.677857 0.765856
0.679682 0.775879
0.680034 0.533638
0.680110 0.410387
0.680945 0.358295
0.683548 0.537475
0.684775 0.653526
0.684788 0.320191
0.685423 0.679072
0.685498 0.766923
0.688190 0.461944
0.688432 0.543032
0.688926 0.489701
0.689299 0.427262
0.690866 0.492093
0.691438 0.593163
0.693452 0.390447
0.695079 0.621085
0.695391 0.489462
0.695696 0.610436
0.698379 0.470888
0.698623 0.476150
0.699068 0.395617
0.699595 0.538044
0.701500 0.293788
0.701778 0.632768
0.708334 0.489331
0.708350 0.422981
0.709274 0.679121
0.711712 0.645454
0.713182 0.337327
0.713902 0.615449
0.714170 0.459557
0.714806 0.800740
0.717004 0.379640
0.721583 0.608506
0.721737 0.619118
0.724951 0.583446
0.724973 0.546874
0.725783 0.630974
0.727416 0.518924
0.729095 0.629040
0.729468 0.624406
0.731939 0.503058
0.732692 0.509333
0.732807 0.822189
0.733798 0.695655
0.735822 0.441438
0.736315 0.667962
0.736596 0.615042
0.738479 0.637663
0.738809 0.579385
0.740121 0.576639
0.742652 0.322956
0.743676 0.489761
0.746108 0.854587
0.746392 0.663031
0.749754 0.322860
0.749933 0.616548
0.751796 0.509630
0.753602 0.695660
0.753626 0.553217
0.757695 0.595265
0.764531 0.517835
0.769038 0.562779
0.769738 0.620345
0.772888 0.536057
0.775089 0.712496
0.778511 0.433718
0.779010 0.528992
0.779087 0.541166
0.779565 0.368348
0.780213 0.668530
0.780630 0.283178
0.786291 0.425579
0.786692 0.759088
0.788444 0.625651
0.791531 0.686746
0.792674 0.546741
0.793440 0.880737
0.797531 0.670251
0.803430 0.365827
0.808295 0.636045
0.812031 0.536327
0.812953 0.617236
0.815594 0.493586
0.817391 0.766259
0.818776 0.848047
0.819852 0.985091
0.820820 0.459389
0.821798 0.539494
0.824278 0.577112
0.837393 0.565377
0.842767 0.568695
0.843429 0.760302
0.848112 0.526106
0.849445 0.760141
0.856809 0.828413
0.871983 0.849394
0.874239 0.718519
0.879046 0.757259
0.903707 0.742124
0.937082 1.000000
0.968133 0.846721
1.000000 0.895187
