0.000000 0.008984
0.000559 0.127813
0.000593 0.013342
0.000718 0.054358
0.000883 0.222649
0.007554 0.144360
0.008282 0.024612
0.015510 0.161063
0.016078 0.132363
0.024306 0.214299
0.024715 0.112675
0.024986 0.244464
0.026549 0.140239
0.026673 0.139452
0.027659 0.160050
0.028214 0.095485
0.029971 0.316932
0.032211 0.105615
0.032445 0.135768
0.032721 0.052246
0.032903 0.151181
0.036566 0.028609
0.036597 0.164588
0.037680 0.114138
0.038202 0.136949
0.039929 0.172149
0.042236 0.358264
0.044520 0.133083
0.047763 0.172098
0.048339 0.042482
0.049702 0.282448
0.051453 0.088075
0.051846 0.432361
0.052626 0.044634
0.054397 0.037300
0.056111 0.166465
0.058004 0.236912
0.061583 0.330235
0.063334 0.365020
0.066011 0.077986
0.067030 0.278387
0.067122 0.146579
0.067917 0.131403
0.072083 0.057466
0.073943 0.290003
0.074607 0.296158
0.076374 0.165719
0.077064 0.099663
0.078550 0.193451
0.079255 0.253809
0.079487 0.214893
0.080110 0.236116
0.080661 0.072695
0.082249 0.070140
0.083844 0.137562
0.084112 0.210594
0.084794 0.429397
0.089888 0.190114
0.093806 0.291228
0.095501 0.080538
0.095976 0.390321
0.096013 0.128694
0.098054 0.122275
0.098296 0.226038
0.099397 0.144843
0.101177 0.074544
0.101979 0.282737
0.103817 0.313532
0.103947 0.397653
0.104676 0.227313
0.107210 0.159203
0.107320 0.124019
0.108159 0.243539
0.110798 0.144336
0.113258 0.366393
0.114243 0.244678
0.115049 0.092947
0.117139 0.052701
0.117886 0.068557
0.119979 0.139229
0.123367 0.258493
0.123719 0.241740
0.124966 0.294532
0.126132 0.114507
0.128182 0.194025
0.129941 0.291721
0.130745 0.370589
0.133220 0.227319
0.133511 0.042159
0.133791 0.225858
0.134550 0.224052
0.135347 0.244296
0.137855 0.244909
0.138472 0.332856
0.142044 0.395709
0.142951 0.117450
0.143381 0.126500
0.143720 0.128842
0.144810 0.020669
0.145870 0.042040
0.146461 0.000000
0.146631 0.155702
0.147014 0.170642
0.147027 0.232494
0.151772 0.148796
0.152138 0.214158
0.156451 0.467143
0.156512 0.152214
0.158069 0.170292
0.159772 0.164654
0.161928 0.203344
0.162230 0.369982
0.162888 0.175667
0.168985 0.393172
0.169232 0.207005
0.171907 0.283486
0.171979 0.209545
0.172334 0.130671
0.172760 0.465478
0.173526 0.267145
0.177856 0.138833
0.178854 0.426687
0.181285 0.246044
0.182985 0.282797
0.186300 0.185661
0.191564 0.087271
0.192505 0.247975
0.197178 0.354593
0.198480 0.215800
0.198743 0.289579
0.198971 0.334330
0.200230 0.068257
0.202345 0.215533
0.202612 0.187830
0.203162 0.293920
0.203628 0.269248
0.206483 0.151974
0.208009 0.201398
0.208291 0.264802
0.208963 0.118030
0.210353 0.123483
0.212890 0.382712
0.213382 0.269626
0.213600 0.188165
0.217981 0.404784
0.218088 0.449890
0.219130 0.286336
0.219824 0.259773
0.226876 0.217252
0.227453 0.089688
0.228444 0.246474
0.229919 0.232855
0.230279 0.203522
0.231543 0.492644
0.233371 0.258543
0.234407 0.338885
0.235094 0.386164
0.239921 0.158523
0.240843 0.123651
0.242631 0.422234
0.242690 0.200606
0.243753 0.283298
0.248929 0.166973
0.249077 0.259417
0.249842 0.146356
0.252710 0.142550
0.254737 0.164120
0.257489 0.080904
0.258374 0.492097
0.260083 0.156793
0.260693 0.348904
0.260916 0.413276
0.262733 0.202999
0.262793 0.475495
0.263444 0.104922
0.263454 0.250041
0.265349 0.274899
0.265848 0.197490
0.268486 0.444523
0.269378 0.154810
0.270572 0.350744
0.273733 0.193943
0.274000 0.425615
0.276686 0.138330
0.279037 0.190119
0.279785 0.254696
0.280299 0.369890
0.281679 0.268278
0.281902 0.187379
0.286407 0.217789
0.287725 0.401073
0.288715 0.192699
0.290765 0.063242
0.293380 0.289032
0.295750 0.450860
0.297896 0.418776
0.300955 0.097100
0.301148 0.285684
0.301721 0.349873
0.308521 0.190857
0.308754 0.358726
0.309027 0.450116
0.314803 0.295052
0.315025 0.319839
0.316221 0.320248
0.316999 0.308344
0.319190 0.283405
0.320466 0.160907
0.321410 0.095188
0.322207 0.317397
0.322962 0.317676
0.324051 0.193421
0.325336 0.094884
0.327352 0.282060
0.327546 0.202476
0.328347 0.488753
0.332450 0.268852
0.333205 0.451356
0.334922 0.203815
0.336663 0.198619
0.336912 0.517820
0.337124 0.267401
0.338257 0.102855
0.339410 0.210567
0.341137 0.194927
0.344819 0.218970
0.346077 0.404271
0.347505 0.114115
0.347910 0.259972
0.348802 0.470043
0.349535 0.241268
0.349543 0.051722
0.350055 0.353381
0.351502 0.065522
0.353227 0.354899
0.354928 0.371592
0.359008 0.286837
0.359906 0.161901
0.360337 0.394774
0.360749 0.114935
0.362015 0.322344
0.363499 0.286869
0.364891 0.436575
0.368201 0.265847
0.370426 0.464643
0.370953 0.322811
0.371174 0.192183
0.374168 0.210717
0.376301 0.580625
0.377001 0.421453
0.377749 0.526667
0.377862 0.392911
0.379520 0.196895
0.380212 0.230015
0.380728 0.418671
0.383294 0.352125
0.388681 0.271838
0.389545 0.231924
0.391549 0.148083
0.392574 0.557304
0.392942 0.528091
0.394175 0.356682
0.395195 0.345874
0.395764 0.481801
0.397795 0.352237
0.400989 0.357405
0.403840 0.253938
0.404715 0.501244
0.407161 0.376056
0.409503 0.262107
0.410900 0.304221
0.411637 0.409624
0.412924 0.549379
0.413968 0.303068
0.417324 0.295558
0.417644 0.220175
0.419585 0.177065
0.420705 0.467873
0.422144 0.427149
0.422547 0.192838
0.422881 0.461027
0.423058 0.429801
0.425009 0.275425
0.425822 0.406973
0.427332 0.237197
0.428186 0.455869
0.432957 0.172442
0.434294 0.592528
0.435475 0.297156
0.443122 0.343799
0.445234 0.344627
0.446082 0.304614
0.446379 0.298402
0.447483 0.517578
0.451266 0.236581
0.451977 0.406173
0.454402 0.448293
0.456467 0.298589
0.459017 0.224088
0.459188 0.251334
0.459958 0.156396
0.461533 0.434076
0.461654 0.457105
0.462004 0.350423
0.462136 0.395468
0.464205 0.276015
0.464673 0.288889
0.464689 0.337968
0.465908 0.570965
0.467535 0.180629
0.469513 0.441913
0.472732 0.439463
0.472982 0.280677
0.473874 0.388039
0.475427 0.251837
0.479216 0.498334
0.479792 0.258256
0.480309 0.242790
0.481843 0.344606
0.482717 0.402284
0.485227 0.301632
0.485703 0.451289
0.488501 0.487393
0.489275 0.519703
0.491574 0.304673
0.491894 0.251687
0.493381 0.416572
0.494370 0.287977
0.495146 0.401193
0.495190 0.511266
0.497493 0.250323
0.497846 0.603398
0.498835 0.338910
0.499024 0.416124
0.501391 0.458495
0.502950 0.385858
0.503353 0.386175
0.505653 0.429096
0.507046 0.320788
0.510074 0.360983
0.510627 0.356491
0.511413 0.462507
0.514477 0.570362
0.518553 0.427319
0.518796 0.461519
0.519029 0.363484
0.519774 0.414085
0.520229 0.474764
0.520929 0.379007
0.521416 0.618921
0.523353 0.446230
0.527733 0.410370
0.527856 0.377036
0.532921 0.486924
0.533189 0.320450
0.535985 0.494814
0.537049 0.546906
0.537974 0.433240
0.538510 0.316029
0.540784 0.272766
0.543160 0.493866
0.545991 0.425815
0.546129 0.385579
0.546217 0.522950
0.546832 0.470621
0.547069 0.427127
0.547208 0.484488
0.548378 0.504619
0.548516 0.218321
0.549226 0.338175
0.549300 0.455122
0.550689 0.606033
0.550722 0.517424
0.551640 0.600074
0.554199 0.533484
0.558288 0.301070
0.559986 0.594863
0.561165 0.332511
0.562593 0.497453
0.563734 0.270085
0.564388 0.435259
0.565418 0.320428
0.567627 0.504151
0.571224 0.425907
0.571484 0.307395
0.571648 0.407052
0.571722 0.300449
0.573379 0.336404
0.579230 0.407835
0.581463 0.406191
0.583048 0.631983
0.583518 0.467065
0.584698 0.517185
0.585125 0.479706
0.585361 0.656834
0.588541 0.280781
0.590858 0.380173
0.590883 0.478461
0.594341 0.483938
0.594979 0.419399
0.595072 0.482864
0.596597 0.365704
0.596754 0.499653
0.598057 0.402494
0.598318 0.383231
0.598331 0.558198
0.598344 0.507912
0.599320 0.440136
0.599637 0.428966
0.600379 0.470571
0.603670 0.584446
0.605829 0.522796
0.606029 0.461765
0.606538 0.597689
0.607886 0.540698
0.608478 0.668386
0.610609 0.425872
0.614519 0.502315
0.615891 0.557169
0.623302 0.536292
0.624747 0.527759
0.625473 0.475703
0.628280 0.347027
0.629720 0.568692
0.630097 0.557543
0.630389 0.517499
0.631239 0.518365
0.633081 0.606702
0.635411 0.614109
0.636405 0.457059
0.639051 0.387827
0.639772 0.638592
0.640284 0.514923
0.641000 0.550941
0.643257 0.445747
0.644575 0.597792
0.646202 0.412345
0.646404 0.655445
0.646425 0.416789
0.649984 0.724468
0.650042 0.684851
0.650318 0.652428
0.650556 0.528191
0.650808 0.381986
0.652419 0.510537
0.658636 0.484873
0.658770 0.625601
0.658776 0.500986
0.659173 0.592518
0.659717 0.510174
0.660237 0.508683
0.660959 0.421624
0.661463 0.610986
0.667479 0.598910
0.668947 0.468983
0.670339 0.522684
0.670716 0.549872
0.671190 0.534878
0.671661 0.471284
0.673632 0.445760
0.673969 0.639692
0.674257 0.662125
0.676924 0.729882
0.677942 0.526552
0.679496 0.708935
0.682737 0.461651
0.682990 0.648889
0.683248 0.731271
0.685109 0.408649
0.687604 0.569117
0.688339 0.516428
0.692378 0.638403
0.693015 0.428357
0.693465 0.698926
0.693777 0.503613
0.694458 0.475609
0.697659 0.620323
0.699472 0.526621
0.700556 0.635346
0.701938 0.722528
0.702640 0.644350
0.702937 0.728045
0.703375 0.574724
0.706118 0.439745
0.706869 0.667223
0.708919 0.551865
0.709132 0.699336
0.710057 0.551846
0.710900 0.512911
0.711700 0.617713
0.712557 0.565523
0.712896 0.622415
0.713317 0.636153
0.714011 0.553584
0.714741 0.668163
0.714955 0.708055
0.715635 0.727299
0.719890 0.735798
0.722506 0.485656
0.723042 0.633794
0.723566 0.631773
0.725747 0.764567
0.725923 0.534095
0.726249 0.652002
0.729420 0.584070
0.730956 0.497346
0.734258 0.544317
0.737263 0.512406
0.737458 0.662475
0.739374 0.623750
0.739766 0.745930
0.740304 0.668367
0.742867 0.708884
0.743092 0.600278
0.745856 0.471078
0.746102 0.777261
0.747139 0.582237
0.747974 0.692937
0.750297 0.812672
0.750370 0.482973
0.753494 0.745644
0.754691 0.638869
0.754728 0.780540
0.754771 0.677493
0.757281 0.625087
0.759268 0.723183
0.759761 0.791511
0.761006 0.723993
0.761476 0.700936
0.763876 0.570079
0.767197 0.753680
0.767307 0.621306
0.767319 0.703111
0.770286 0.679285
0.771633 0.690469
0.772007 0.697098
0.773148 0.616367
0.773347 0.607507
0.774393 0.807413
0.774786 0.664071
0.776319 0.675666
0.777872 0.695035
0.779845 0.644068
0.781191 0.626552
0.783688 0.731085
0.786868 0.521984
0.787127 0.753740
0.787557 0.627947
0.787562 0.806453
0.787782 0.732647
0.788798 0.718916
0.790668 0.676287
0.791206 0.654951
0.792054 0.768072
0.792112 0.791634
0.793107 0.643979
0.793356 0.788119
0.794229 0.706228
0.794235 0.812336
0.795466 0.809448
0.797098 0.740145
0.799661 0.604103
0.800241 0.720966
0.803501 0.625073
0.804160 0.727045
0.805859 0.757620
0.807495 0.708634
0.810958 0.753768
0.810987 0.722770
0.813651 0.620914
0.814282 0.778444
0.815692 0.730534
0.817894 0.503179
0.823118 0.570659
0.824460 0.727558
0.825227 0.603343
0.825740 0.782123
0.825998 0.777932
0.826141 0.811550
0.830530 0.659937
0.831581 0.722939
0.833000 0.795928
0.835107 0.815693
0.835273 0.642808
0.835559 0.730146
0.839643 0.739854
0.840789 0.725383
0.840810 0.686333
0.843159 0.777779
0.843806 0.809404
0.846619 0.733423
0.848182 0.759011
0.848270 0.699975
0.848669 0.813894
0.848969 0.724507
0.850163 0.800360
0.850473 0.694037
0.852160 0.680824
0.853187 0.834482
0.854163 0.827777
0.856038 0.747317
0.857401 0.661413
0.858231 0.756179
0.858512 0.852581
0.858626 0.813878
0.858672 0.739531
0.859620 0.740414
0.861845 0.733443
0.863384 0.773812
0.864451 0.714413
0.865054 0.797751
0.865680 0.785921
0.867651 0.777297
0.868305 0.779528
0.870119 0.825807
0.870673 0.878412
0.871605 0.749466
0.871977 0.760271
0.877382 0.876872
0.880122 0.769598
0.888255 0.838182
0.890650 0.880634
0.891083 0.854680
0.891152 0.830861
0.891477 0.790492
0.900471 0.802151
0.908760 0.876469
0.909135 0.859606
0.910382 0.889895
0.912576 0.899164
0.913933 0.899273
0.915027 0.916434
0.915079 0.866719
0.918309 0.917033
0.920765 0.924597
0.921720 0.846458
0.922780 0.841766
0.924435 0.792778
0.929041 0.849663
0.932871 0.830284
0.933849 0.841660
0.939993 0.911520
0.940098 0.882753
0.943312 0.881476
0.943835 0.900396
0.944416 0.911261
0.945372 0.928753
0.945819 0.903794
0.946482 0.912496
0.947372 0.894830
0.948222 0.911494
0.949909 0.961356
0.950489 0.875197
0.952130 0.928794
0.953212 0.955086
0.953299 0.932654
0.953832 0.909680
0.954127 0.859159
0.958236 0.899094
0.958521 0.940384
0.959920 0.902873
0.960363 0.896390
0.963568 0.963325
0.963854 0.924416
0.964194 0.967376
0.964765 0.934949
0.965255 0.941819
0.965451 0.962980
0.967625 0.968207
0.969554 0.956859
0.970592 0.976110
0.974100 0.956028
0.976319 0.974501
0.980140 0.948652
0.981456 0.980212
0.981569 0.982353
0.986679 0.985031
0.987754 0.980136
0.988295 0.980532
0.988368 0.971234
0.991919 0.990005
0.992419 0.990480
0.994543 0.989461
0.994608 0.992287
0.994678 0.996639
0.995038 0.989902
0.995183 0.999422
0.995510 0.992771
1.000000 1.000000
