0.000000 0.989886
0.002648 0.983063
0.003091 0.978560
0.003963 0.983844
0.004753 0.970739
0.010383 0.984833
0.014974 0.935280
0.016800 0.994127
0.021569 0.961886
0.025339 0.966706
0.027912 0.919959
0.030175 0.980548
0.030223 0.977583
0.031014 0.979759
0.035427 0.946255
0.038898 0.992484
0.039833 1.000000
0.042490 0.935416
0.046417 0.942485
0.051805 0.974478
0.057815 0.962979
0.060198 0.988178
0.062154 0.989591
0.063429 0.967724
0.070376 0.945782
0.105713 0.939864
0.107561 0.984659
0.108197 0.949817
0.108473 0.963997
0.113543 0.978963
0.122944 0.972407
0.123510 0.938156
0.126618 0.982011
0.126905 0.907105
0.132227 0.962108
0.133591 0.947120
0.133865 0.954539
0.140857 0.936957
0.142350 0.952379
0.143646 0.938706
0.151602 0.973720
0.152020 0.930824
0.152370 0.971850
0.154834 0.973732
0.155185 0.973270
0.158081 0.912186
0.159884 0.937020
0.164542 0.928274
0.164769 0.976447
0.165058 0.932374
0.165617 0.936162
0.170950 0.934718
0.171650 0.921423
0.176147 0.959448
0.183162 0.925371
0.186908 0.944223
0.187131 0.898658
0.194677 0.987318
0.196222 0.950019
0.200332 0.954120
0.203107 0.925064
0.206586 0.944437
0.207637 0.942699
0.215151 0.888777
0.238783 0.934763
0.240558 0.975522
0.244464 0.944102
0.247924 0.896779
0.249036 0.936219
0.249813 0.898083
0.249853 0.973367
0.255014 0.852163
0.255453 0.912644
0.258620 0.940000
0.258904 0.932565
0.259366 0.839616
0.263562 0.950268
0.265714 0.923221
0.266069 0.952736
0.267755 0.888858
0.268222 0.953760
0.273749 0.861111
0.279084 0.940831
0.285066 0.966086
0.285702 0.917114
0.285739 0.936523
0.285924 0.962138
0.285961 0.909448
0.289482 0.923288
0.291590 0.889967
0.292139 0.932223
0.294199 0.884553
0.300172 0.838243
0.301157 0.925556
0.302725 0.957672
0.305500 0.914729
0.311211 0.926569
0.315630 0.846015
0.316506 0.901974
0.324956 0.906623
0.325147 0.838154
0.325545 0.960457
0.328796 0.925875
0.330417 0.866195
0.332622 0.911773
0.336107 0.925297
0.336258 0.946926
0.339136 0.875845
0.351771 0.802788
0.356518 0.889765
0.358993 0.854441
0.360272 0.873217
0.361570 0.947992
0.365352 0.926664
0.369663 0.832772
0.371004 0.936271
0.377219 0.857229
0.380471 0.876823
0.387683 0.896284
0.400395 0.943630
0.403051 0.864003
0.403073 0.916336
0.403521 0.890601
0.407346 0.800984
0.407399 0.874427
0.413321 0.908847
0.415695 0.912633
0.421600 0.911121
0.429636 0.895017
0.432523 0.877158
0.437020 0.826487
0.444536 0.887056
0.448069 0.830447
0.448463 0.912146
0.449050 0.947968
0.451026 0.755086
0.459275 0.824099
0.461552 0.840877
0.470114 0.865954
0.470433 0.769587
0.477754 0.835925
0.480746 0.888860
0.484802 0.725166
0.490096 0.767871
0.496897 0.885125
0.496986 0.732998
0.502892 0.760082
0.506736 0.768048
0.508070 0.794340
0.508924 0.862968
0.509936 0.864914
0.510275 0.744348
0.516142 0.863257
0.519031 0.723356
0.520405 0.828502
0.529491 0.737160
0.537073 0.736515
0.538802 0.777119
0.539930 0.807051
0.542163 0.864132
0.544355 0.831101
0.544412 0.857387
0.545097 0.803128
0.556172 0.839584
0.565014 0.758994
0.567004 0.844702
0.575897 0.819295
0.578846 0.700342
0.587314 0.786992
0.590378 0.745749
0.592284 0.790219
0.595816 0.826387
0.599016 0.740283
0.599077 0.763773
0.599490 0.786901
0.601677 0.779315
0.603074 0.845455
0.613110 0.796561
0.614039 0.671512
0.614119 0.731848
0.614235 0.708712
0.614591 0.836158
0.619200 0.765302
0.624500 0.661541
0.626398 0.686546
0.631165 0.768438
0.631567 0.795140
0.646222 0.759576
0.646334 0.652059
0.646775 0.602366
0.647621 0.674987
0.658763 0.750154
0.659813 0.695434
0.661118 0.578606
0.662100 0.735074
0.663505 0.623717
0.668156 0.713895
0.669166 0.750771
0.673137 0.691378
0.677267 0.689266
0.680040 0.678185
0.680953 0.660171
0.682535 0.720152
0.690070 0.634045
0.691229 0.556939
0.700549 0.593838
0.702822 0.611476
0.704618 0.614640
0.704668 0.597522
0.707215 0.547364
0.709857 0.525026
0.712419 0.634041
0.717837 0.630953
0.718797 0.527970
0.724896 0.514533
0.727356 0.581034
0.736027 0.536207
0.737292 0.645093
0.742516 0.629280
0.751155 0.552149
0.751273 0.587168
0.753382 0.491484
0.769098 0.646618
0.770515 0.610951
0.772771 0.463861
0.773070 0.567935
0.777617 0.510527
0.777935 0.434565
0.778227 0.617831
0.780206 0.547460
0.785444 0.468095
0.788665 0.462713
0.790958 0.444157
0.797465 0.424348
0.799262 0.452745
0.805929 0.485617
0.808619 0.510107
0.810070 0.515674
0.810292 0.543131
0.813204 0.451485
0.814130 0.494721
0.815532 0.487499
0.818404 0.404429
0.818923 0.501566
0.819840 0.406106
0.820207 0.386629
0.823299 0.506100
0.823905 0.456637
0.839672 0.515685
0.842304 0.329523
0.843304 0.353030
0.848771 0.417197
0.849013 0.375694
0.850486 0.377073
0.850528 0.358294
0.852651 0.449427
0.855814 0.447728
0.858811 0.363200
0.864083 0.333649
0.867727 0.378853
0.868640 0.437640
0.870854 0.343695
0.872376 0.429333
0.877687 0.342057
0.879456 0.312412
0.880730 0.425835
0.885770 0.321377
0.894339 0.317845
0.895191 0.354173
0.895663 0.292995
0.896555 0.313300
0.903251 0.243588
0.904188 0.311117
0.906204 0.293491
0.909332 0.316171
0.909741 0.238975
0.911447 0.252720
0.915674 0.279384
0.915863 0.247255
0.924739 0.248142
0.926823 0.195242
0.928356 0.196882
0.930822 0.259941
0.933167 0.185625
0.934515 0.209276
0.936475 0.248138
0.940385 0.173009
0.942887 0.192105
0.945678 0.170411
0.947010 0.169809
0.948639 0.177156
0.948797 0.188122
0.949814 0.158711
0.953268 0.167898
0.953638 0.155655
0.954458 0.154607
0.955400 0.153785
0.956167 0.165345
0.958402 0.144700
0.959192 0.128492
0.977180 0.080913
0.977316 0.080281
0.981134 0.067382
0.983054 0.056877
0.983335 0.059464
0.983990 0.055229
0.984160 0.056592
0.988007 0.053749
0.989002 0.039694
0.990838 0.021816
0.999923 0.009233
1.000000 0.000000
