0.000000 0.543371
0.026663 0.635080
0.040418 0.745611
0.042317 0.428374
0.048738 0.882719
0.056863 0.617243
0.058907 1.000000
0.069246 0.779928
0.069763 0.638009
0.070190 0.849959
0.075003 0.623311
0.078876 0.535795
0.080255 0.440073
0.081583 0.851416
0.081905 0.363437
0.082285 0.502915
0.084954 0.994535
0.087572 0.662190
0.089133 0.724789
0.090341 0.600415
0.090763 0.320172
0.093230 0.685353
0.093753 0.247403
0.098686 0.422655
0.102275 0.232718
0.110598 0.821251
0.113244 0.621713
0.113772 0.841332
0.119706 0.427049
0.126657 0.566333
0.127927 0.623006
0.129558 0.300790
0.130039 0.542195
0.130519 0.781187
0.131433 0.711667
0.132603 0.419677
0.134578 0.035423
0.135166 0.599808
0.136452 0.670578
0.136908 0.374951
0.139910 0.471214
0.146297 0.715179
0.147083 0.684939
0.147290 0.476649
0.148359 0.570285
0.148839 0.624090
0.149355 0.404307
0.152538 0.417586
0.153788 0.480781
0.153902 0.507795
0.154668 0.734929
0.156279 0.507534
0.159933 0.521246
0.161781 0.420319
0.162096 0.614920
0.163559 0.340777
0.166896 0.456152
0.170333 0.456815
0.170657 0.167988
0.171056 0.440798
0.173137 0.771655
0.174601 0.393011
0.175631 0.762792
0.175787 0.398450
0.176346 0.464806
0.176630 0.515877
0.180110 0.207409
0.181344 0.265160
0.182983 0.422813
0.183236 0.364337
0.188630 0.327238
0.190798 0.225712
0.191497 0.540233
0.191978 0.738039
0.194088 0.718103
0.196865 0.423589
0.197204 0.539233
0.197422 0.425946
0.198470 0.367509
0.198558 0.272013
0.201381 0.736380
0.203956 0.709125
0.204189 0.256238
0.204198 0.469389
0.204746 0.259823
0.206683 0.674086
0.211361 0.719022
0.212529 0.677512
0.215461 0.364767
0.217945 0.588657
0.218249 0.482898
0.218496 0.216941
0.219207 0.232388
0.219807 0.604847
0.221671 0.584308
0.223603 0.634715
0.226234 0.378350
0.228368 0.695100
0.228712 0.351611
0.232580 0.181888
0.233085 0.363942
0.233143 0.262192
0.233615 0.605354
0.235115 0.528327
0.237512 0.630757
0.238510 0.584768
0.239291 0.522219
0.239888 0.613503
0.240048 0.501622
0.241261 0.613950
0.243998 0.144132
0.246124 0.276373
0.248651 0.614676
0.252550 0.402982
0.253728 0.357806
0.256220 0.383875
0.256761 0.066961
0.257015 0.638267
0.258246 0.432049
0.258729 0.664659
0.261049 0.668581
0.262978 0.506761
0.265979 0.228840
0.266008 0.600455
0.271407 0.464812
0.273282 0.220973
0.276985 0.345819
0.277255 0.441018
0.280852 0.525549
0.282271 0.164213
0.282955 0.507164
0.283612 0.433469
0.285112 0.619080
0.286592 0.544748
0.286895 0.458246
0.289559 0.333707
0.290324 0.506344
0.294564 0.356721
0.299641 0.217752
0.300117 0.623020
0.300258 0.518484
0.312590 0.445886
0.313409 0.347636
0.316036 0.267202
0.316412 0.470775
0.317928 0.328058
0.318949 0.063629
0.320414 0.499635
0.324073 0.184580
0.324713 0.409191
0.329915 0.336090
0.331110 0.316574
0.332706 0.113514
0.336839 0.574901
0.340144 0.369748
0.340894 0.242901
0.342840 0.573164
0.346624 0.286790
0.351808 0.253293
0.353553 0.290981
0.355005 0.527690
0.356194 0.441422
0.358731 0.133111
0.358978 0.126683
0.361903 0.430601
0.362877 0.493543
0.363926 0.454526
0.364276 0.290194
0.366148 0.460306
0.370194 0.310929
0.372932 0.377546
0.373407 0.361553
0.374574 0.395507
0.381085 0.365844
0.381203 0.371807
0.381413 0.422124
0.383237 0.451445
0.383732 0.487684
0.385079 0.250944
0.388934 0.537342
0.389324 0.286678
0.391652 0.539965
0.395404 0.444748
0.400918 0.348952
0.402201 0.265207
0.404156 0.406035
0.404720 0.279134
0.406266 0.400022
0.406671 0.392850
0.408546 0.291310
0.415265 0.156723
0.415378 0.501448
0.415735 0.171589
0.421847 0.260081
0.422832 0.117048
0.435247 0.419958
0.441010 0.346036
0.442903 0.448578
0.443751 0.412164
0.448212 0.232577
0.448543 0.300952
0.449657 0.458088
0.450923 0.233801
0.455844 0.285029
0.458646 0.447126
0.459792 0.355998
0.460679 0.427617
0.462959 0.455263
0.464720 0.338108
0.465643 0.186612
0.466685 0.421367
0.466929 0.065013
0.470369 0.239647
0.471845 0.466609
0.471888 0.348137
0.474878 0.352440
0.476171 0.191990
0.478127 0.413111
0.480579 0.407755
0.482287 0.108691
0.484483 0.371127
0.485984 0.235325
0.487507 0.301098
0.489132 0.233933
0.494212 0.455753
0.494821 0.404500
0.496697 0.262147
0.508760 0.236566
0.510388 0.403754
0.510435 0.364244
0.510881 0.257256
0.513293 0.308009
0.513730 0.312386
0.518247 0.374007
0.520303 0.333696
0.520406 0.209155
0.527304 0.399145
0.532076 0.343386
0.538048 0.352451
0.542652 0.308960
0.554662 0.235176
0.554747 0.257460
0.556721 0.405841
0.561790 0.420396
0.564661 0.202219
0.566531 0.153382
0.568515 0.269308
0.569365 0.124064
0.579947 0.338328
0.587387 0.335303
0.587587 0.363128
0.594196 0.317884
0.603044 0.359106
0.607484 0.380794
0.619657 0.142090
0.634998 0.340541
0.650809 0.279011
0.672908 0.355176
0.677768 0.307166
0.680579 0.211346
0.686331 0.241433
0.708779 0.271422
0.718849 0.193383
0.737618 0.260848
0.792882 0.000000
0.813834 0.167148
1.000000 0.184063
