0.000000 0.128237
0.000143 0.623107
0.001720 0.532644
0.002156 0.773664
0.004090 0.000000
0.004893 0.298861
0.006802 0.527249
0.006811 0.499464
0.007737 0.469737
0.008903 0.161583
0.009425 0.565566
0.011783 0.398225
0.011997 0.534978
0.012094 0.208803
0.012159 0.076786
0.014392 0.176224
0.014470 0.367610
0.015498 0.454075
0.015513 0.313514
0.016499 0.159350
0.016512 0.447955
0.016833 0.402008
0.017411 0.141982
0.018833 0.501879
0.021013 0.295803
0.021371 0.629675
0.023403 0.409629
0.025153 0.039527
0.025369 0.388068
0.028027 0.549300
0.029227 0.143698
0.029273 0.271508
0.031859 0.557700
0.032601 0.477801
0.032879 0.048463
0.034175 0.435902
0.034399 0.338046
0.034490 0.586632
0.036232 0.641662
0.040017 0.338960
0.045276 0.426299
0.048633 0.177608
0.048705 0.398485
0.049441 0.213058
0.051773 0.164840
0.051809 0.092753
0.054141 0.207614
0.055129 0.017626
0.055834 0.616344
0.055875 0.489705
0.056827 0.068361
0.057664 0.361241
0.058236 0.207140
0.058368 0.496144
0.058663 0.564359
0.060739 0.125544
0.064139 0.258807
0.066535 0.459678
0.067748 0.611017
0.068422 0.304720
0.069337 0.247990
0.069505 0.521677
0.073101 0.147924
0.073881 0.241090
0.075442 0.338462
0.075634 0.460821
0.075834 0.363790
0.077301 0.506358
0.077601 0.284070
0.079374 0.360941
0.079495 0.542386
0.079675 0.338320
0.082621 0.545067
0.082965 0.588966
0.083687 0.274997
0.083717 0.311993
0.083785 0.157150
0.084049 0.552160
0.085943 0.396926
0.086153 0.467065
0.086186 0.191920
0.086511 0.227088
0.087287 0.208930
0.087914 0.394365
0.091182 0.297245
0.091259 0.341669
0.092303 0.289460
0.092541 0.180514
0.093330 0.414501
0.096202 0.064380
0.096992 0.224847
0.099136 0.355942
0.100297 0.445663
0.103718 0.686520
0.104550 0.417793
0.107131 0.727778
0.107134 0.288072
0.108837 0.226456
0.111865 0.471731
0.111875 0.627113
0.112016 0.461217
0.112300 0.138826
0.112987 0.527624
0.113417 0.545977
0.114558 0.329794
0.115103 0.343067
0.116440 0.232075
0.116478 0.313164
0.116820 0.535662
0.116854 0.143871
0.116950 0.641565
0.117654 0.209736
0.118333 0.512772
0.120708 0.573035
0.120863 0.073185
0.121317 0.224345
0.121387 0.444603
0.121749 0.350123
0.122291 0.229291
0.122706 0.472862
0.122783 0.337881
0.122887 0.484822
0.125363 0.258102
0.125433 0.479154
0.127369 0.412494
0.127753 0.378939
0.128416 0.226646
0.129637 0.387171
0.129887 0.285515
0.129919 0.436364
0.129949 0.441481
0.131415 0.426974
0.131871 0.418306
0.134293 0.282231
0.135044 0.326215
0.135188 0.348810
0.136080 0.440461
0.136827 0.615598
0.138941 0.581956
0.140326 0.495478
0.141791 0.339186
0.141807 0.233890
0.143003 0.141723
0.146890 0.572684
0.148173 0.194797
0.150314 0.650178
0.150357 0.145104
0.153686 0.315648
0.154608 0.348947
0.155135 0.493017
0.156891 0.155451
0.157329 0.471366
0.158100 0.690483
0.158628 0.776427
0.160078 0.375240
0.161570 0.206946
0.162640 0.327680
0.163181 0.234696
0.164208 0.434260
0.166199 0.279975
0.166546 0.332619
0.166549 0.117329
0.167809 0.475496
0.168119 0.566499
0.169469 0.203534
0.170075 0.204273
0.171340 0.091372
0.172338 0.289956
0.175064 0.173701
0.175308 0.299229
0.176290 0.317359
0.176331 0.472403
0.176914 0.450953
0.176941 0.496159
0.179128 0.497157
0.180001 0.562815
0.180583 0.623119
0.180827 0.444187
0.181226 0.505484
0.182597 0.713042
0.183938 0.659207
0.184158 0.402409
0.184567 0.202431
0.184960 0.718244
0.188054 0.308026
0.188407 0.471252
0.189011 0.707730
0.189630 0.402553
0.189962 0.279854
0.189997 0.259323
0.190597 0.428701
0.190658 0.322138
0.191370 0.206071
0.192010 0.327698
0.193277 0.432822
0.194989 0.445548
0.197714 0.622121
0.198144 0.519313
0.198617 0.346517
0.199836 0.490213
0.200285 0.389654
0.202102 0.252701
0.203863 0.174180
0.204617 0.477410
0.207812 0.273244
0.208624 0.487815
0.211607 0.411664
0.212137 0.368257
0.213883 0.629170
0.214313 0.609294
0.216958 0.618251
0.217561 0.492306
0.219126 0.486828
0.219282 0.547407
0.220804 0.580692
0.221199 0.134770
0.222548 0.376731
0.222550 0.474481
0.223588 0.550891
0.223678 0.470411
0.223889 0.220326
0.226760 0.260781
0.227209 0.257987
0.227781 0.845232
0.228141 0.397594
0.229793 0.309113
0.232999 0.314578
0.233191 0.552958
0.233251 0.546283
0.236638 0.394168
0.237347 0.749281
0.238159 0.550790
0.238831 0.111293
0.240800 0.403699
0.241094 0.327551
0.243388 0.447075
0.243866 0.191662
0.243959 0.451663
0.246837 0.423116
0.251787 0.756637
0.251810 0.538560
0.252173 0.425117
0.254237 0.550367
0.255067 0.599606
0.256550 0.439471
0.256665 0.288869
0.257150 0.785006
0.257881 0.243696
0.263855 0.678432
0.264908 0.528719
0.265077 0.192360
0.265719 0.322810
0.266476 0.509208
0.267807 0.646141
0.267945 0.198153
0.269443 0.525899
0.270238 0.451942
0.270311 0.617645
0.270615 0.287856
0.271013 0.574887
0.271431 0.195075
0.273171 0.811895
0.273537 0.588265
0.274045 0.192518
0.275746 0.382491
0.277391 0.544623
0.279272 0.603604
0.279740 0.179846
0.280686 0.234055
0.281129 0.351182
0.281341 0.739027
0.285129 0.330299
0.286404 0.407012
0.288199 0.242718
0.288212 0.428450
0.289426 0.574221
0.289831 0.717411
0.290773 0.440167
0.292651 0.437909
0.293085 0.694026
0.293348 0.451808
0.294206 0.380832
0.295547 0.548838
0.296338 0.309651
0.296497 0.252588
0.296884 0.580379
0.297966 0.504832
0.298468 0.488122
0.298785 0.369927
0.299305 0.250921
0.302708 0.153959
0.304904 0.480001
0.306674 0.568250
0.306806 0.781117
0.307915 0.341669
0.308440 0.239775
0.308684 0.328211
0.310308 0.604122
0.310592 0.745075
0.311145 0.688962
0.311933 0.495692
0.314251 0.472302
0.314422 0.318451
0.316497 0.436729
0.317715 0.345018
0.317731 0.514351
0.317918 0.376609
0.318434 0.555709
0.318725 0.380418
0.320019 0.359006
0.322331 0.038086
0.323237 0.411882
0.323701 0.319262
0.326801 0.471888
0.326856 0.610666
0.327286 0.612537
0.333894 0.499906
0.335527 0.459455
0.335886 0.386785
0.336927 0.538688
0.337597 0.512433
0.337675 0.566246
0.337684 0.433477
0.337712 0.513745
0.338564 0.556816
0.339251 0.511239
0.339479 0.645325
0.339947 0.515725
0.342886 0.249224
0.344536 0.492706
0.345322 0.383473
0.345866 0.528634
0.349062 0.396254
0.349192 0.201518
0.351951 0.363177
0.353368 0.388942
0.354603 0.546573
0.355152 0.645498
0.358750 0.511539
0.358865 0.508404
0.359031 0.693621
0.359670 0.478217
0.362923 0.440453
0.364717 0.342878
0.365328 0.445305
0.367659 0.473718
0.370084 0.394078
0.371391 0.684146
0.374040 0.665937
0.374233 0.571845
0.374558 0.725933
0.376418 0.807842
0.376547 0.342369
0.378965 0.493763
0.379050 0.627480
0.379434 0.586461
0.381034 0.454151
0.381861 0.586742
0.382605 0.753846
0.382663 0.611406
0.382926 0.449136
0.383075 0.283580
0.383383 0.576891
0.385649 0.381664
0.386761 0.412779
0.387254 0.763634
0.387326 0.435865
0.387590 0.639865
0.387749 0.674438
0.388017 0.594727
0.388042 0.862824
0.388127 0.393774
0.388317 0.590385
0.389597 0.341508
0.390231 0.905574
0.391264 0.230100
0.392452 0.536962
0.392663 0.404905
0.393358 0.431163
0.393614 0.334685
0.394715 0.317377
0.396253 0.488095
0.396362 0.925171
0.396532 0.560460
0.396761 0.538688
0.399334 0.544688
0.399535 0.624567
0.404053 0.724910
0.404195 0.558266
0.404312 0.639685
0.404924 0.480083
0.405387 0.446615
0.407637 0.581659
0.408322 0.572140
0.408367 0.562567
0.408918 0.535266
0.412844 0.492190
0.413208 0.305616
0.414162 0.493939
0.414396 0.416741
0.415025 0.476724
0.415477 0.491233
0.416687 0.442077
0.417587 0.444577
0.417745 0.511364
0.417746 0.582806
0.417913 0.385226
0.419488 0.470543
0.421031 0.679976
0.422002 0.309130
0.422183 0.346209
0.422409 0.478273
0.422972 0.700775
0.423315 0.558607
0.425228 0.704890
0.427964 0.708091
0.428306 0.242423
0.429928 0.596168
0.431572 0.536263
0.432286 0.336631
0.434072 0.766451
0.434107 0.507891
0.434294 0.073569
0.434850 0.676854
0.435541 0.390026
0.436100 0.575111
0.437036 0.749584
0.439120 0.750075
0.439260 0.659491
0.439705 0.490618
0.439746 0.488416
0.442355 0.449648
0.442571 0.581672
0.444253 0.472263
0.445936 0.429942
0.447037 0.517780
0.448855 0.481233
0.450891 0.496480
0.451111 0.695775
0.451144 0.522615
0.451213 0.653082
0.453660 0.370886
0.455850 0.153600
0.456854 0.645065
0.458071 0.705382
0.458634 0.585894
0.459681 0.227015
0.460151 0.250785
0.460350 0.354434
0.463225 0.397307
0.465251 0.563128
0.465893 0.360238
0.466267 0.557685
0.466533 0.725690
0.466746 0.474563
0.466813 0.515510
0.468861 0.613751
0.469133 0.568769
0.470075 0.675036
0.470618 0.633925
0.470847 0.479259
0.471632 0.622724
0.471643 0.665760
0.471692 0.436116
0.471788 0.475909
0.472023 0.621804
0.472265 0.548779
0.472776 0.354533
0.472779 0.476483
0.473405 0.353541
0.473790 0.437479
0.474989 0.635140
0.477676 0.710645
0.478689 0.595595
0.482765 0.684596
0.483276 0.528553
0.485167 0.508741
0.486713 0.595588
0.487045 0.395584
0.487902 0.475427
0.489228 0.405858
0.489491 0.274760
0.489607 0.556730
0.489777 0.659906
0.490490 0.572594
0.490739 0.557434
0.490818 0.662627
0.491218 0.520950
0.493765 0.932454
0.498159 0.785755
0.499281 0.490030
0.499913 0.879777
0.500114 0.638598
0.500350 0.502548
0.506005 0.491396
0.507021 0.376005
0.508289 0.482425
0.510031 0.839503
0.510092 0.354662
0.510491 0.616315
0.510898 0.641032
0.512467 0.707319
0.512681 0.668457
0.514483 0.496280
0.514934 0.470540
0.516952 0.515400
0.519173 0.612067
0.519318 0.484750
0.519841 0.161311
0.520278 0.680627
0.522072 0.655848
0.522946 0.612425
0.523044 0.281999
0.523402 0.637008
0.526138 0.608744
0.527274 0.665672
0.527747 0.302667
0.527963 0.674510
0.528604 0.429204
0.528605 0.614438
0.529977 0.397701
0.530886 0.449703
0.531303 0.709586
0.531780 0.772101
0.535021 0.932065
0.535248 0.408863
0.539014 0.635476
0.542744 0.619585
0.545358 0.658764
0.546066 0.318066
0.546209 0.392437
0.547464 0.561849
0.550348 0.534299
0.551482 0.667747
0.552056 0.423780
0.555467 0.630501
0.557238 0.493295
0.558309 0.857236
0.558978 0.612815
0.559139 0.421469
0.560047 0.653511
0.561550 0.583476
0.562421 0.667834
0.562617 0.769248
0.562764 0.547047
0.562971 0.427505
0.564021 0.592969
0.564075 0.494045
0.564719 0.775724
0.565313 0.522194
0.565365 0.594795
0.566942 0.710959
0.569195 0.387168
0.569388 0.496720
0.569798 0.589284
0.571792 0.721074
0.572312 0.727494
0.575634 0.726754
0.575948 0.588437
0.575971 0.705308
0.576046 0.697081
0.576754 0.610383
0.576970 0.529097
0.577262 0.509577
0.579394 0.543641
0.579516 0.519513
0.581298 0.568685
0.583310 0.497934
0.583433 0.707768
0.584226 0.243597
0.585066 0.825379
0.585742 0.749010
0.589451 0.842863
0.590334 0.622920
0.591297 0.768826
0.592740 0.632730
0.592995 0.399509
0.593342 0.424155
0.594028 0.627734
0.594213 0.635508
0.596931 0.581949
0.597041 0.770917
0.598098 0.820127
0.598545 0.697519
0.598874 0.481254
0.599319 0.433187
0.599741 0.704528
0.600480 0.518879
0.600855 0.458682
0.602546 0.404351
0.602738 0.623263
0.603048 0.472541
0.603589 0.732974
0.604767 0.448993
0.605337 0.556146
0.606311 0.717660
0.607066 0.542462
0.609138 0.481130
0.609366 0.857700
0.611200 0.761718
0.611571 0.392161
0.612447 0.296076
0.612778 0.443114
0.613571 0.815876
0.614192 0.439019
0.614969 0.665355
0.615577 0.629083
0.616063 0.331634
0.617071 0.518977
0.617127 0.571182
0.617141 0.782612
0.620126 0.696419
0.620840 0.607728
0.621086 0.761615
0.623217 0.569568
0.625415 0.595758
0.629195 0.563556
0.629787 0.681751
0.630351 0.436292
0.631692 0.769788
0.631987 0.665245
0.632384 0.643644
0.632502 0.647174
0.633081 0.771071
0.633172 0.467165
0.633430 0.546035
0.633624 0.594394
0.635332 0.461289
0.635568 0.603128
0.636163 0.491847
0.638574 0.865920
0.639213 0.741694
0.640449 0.600497
0.641842 0.774873
0.642361 0.744227
0.644179 0.550586
0.644855 0.636342
0.647148 0.739910
0.648711 0.747717
0.650632 0.654349
0.651041 0.683002
0.651070 0.580836
0.651219 0.810164
0.651495 0.651369
0.651968 0.866977
0.653385 0.719911
0.654368 0.659987
0.655017 0.659098
0.656186 0.696011
0.659766 0.339462
0.660638 0.448100
0.660961 0.705008
0.663812 0.538407
0.664292 0.450045
0.665779 0.738383
0.666045 0.884476
0.667299 0.703233
0.667815 0.596212
0.670590 0.353252
0.670716 0.841489
0.670781 0.670834
0.671197 0.597861
0.671343 0.377942
0.671895 0.537263
0.672112 0.521875
0.673392 0.670568
0.674585 0.519405
0.676334 0.600062
0.678169 0.809259
0.678298 0.486016
0.679213 0.606693
0.679432 0.460087
0.681139 0.551836
0.681765 0.651052
0.682022 0.622440
0.682135 0.690008
0.682426 0.801522
0.682465 0.512472
0.683214 0.802977
0.684296 0.707858
0.684938 0.671265
0.686098 0.649734
0.688352 0.815003
0.689208 0.756882
0.690999 0.815276
0.691277 0.593939
0.692505 0.569622
0.692932 0.690330
0.693218 0.493049
0.693961 0.717507
0.694229 0.613596
0.695451 0.499049
0.695553 0.813982
0.696029 0.533555
0.697074 0.545937
0.697684 0.533530
0.698329 0.828535
0.698433 0.640335
0.698469 0.601517
0.699376 0.501946
0.699401 0.565006
0.699926 0.638950
0.700225 0.471812
0.700574 0.587654
0.700968 0.661645
0.702650 0.745317
0.703677 0.553833
0.703856 0.500782
0.705834 0.412055
0.706303 0.526472
0.706308 0.958303
0.706431 0.620632
0.706880 0.525420
0.707601 0.666750
0.709420 0.427672
0.709895 0.435433
0.712303 0.750156
0.712988 0.630595
0.714746 0.813588
0.717068 0.404250
0.717143 0.589149
0.717158 0.660412
0.719019 0.789344
0.720918 0.673701
0.721780 0.643675
0.721834 0.807924
0.722995 0.680093
0.723423 0.540630
0.723693 0.771415
0.725441 0.388683
0.727801 0.757978
0.731176 0.669133
0.732542 0.580426
0.733159 0.615755
0.734938 0.691853
0.735988 0.444574
0.736742 0.682122
0.738192 0.514417
0.738662 0.722078
0.742174 0.842892
0.742711 0.841133
0.742998 0.815413
0.743320 0.738337
0.744322 0.640685
0.744807 0.570105
0.745698 0.669496
0.745700 0.579582
0.748202 0.631655
0.748956 0.784316
0.751032 0.636703
0.753247 0.724378
0.754350 0.754636
0.755751 0.763629
0.755923 0.604937
0.756070 0.649953
0.756172 0.905970
0.756565 0.689936
0.758284 0.481181
0.759390 0.801617
0.759429 0.802701
0.760606 0.750300
0.765197 0.759565
0.766937 0.731861
0.766938 0.665161
0.767979 0.501006
0.771725 0.750399
0.771790 0.793589
0.771911 0.711341
0.773278 0.586484
0.773610 0.586718
0.773783 0.711209
0.775588 0.498013
0.775685 0.297541
0.776407 0.650256
0.776855 0.677970
0.779602 0.654737
0.780046 0.565689
0.781581 0.749747
0.783282 0.617602
0.784598 0.799588
0.784720 0.555386
0.785457 0.760954
0.785932 0.753707
0.786275 0.515930
0.786484 0.709244
0.788345 0.509858
0.788477 0.587190
0.788731 0.497822
0.790452 0.654287
0.794737 0.623573
0.797788 0.781899
0.798103 0.863086
0.799877 0.833094
0.800745 0.595828
0.803049 0.714537
0.805341 0.902512
0.806165 0.477867
0.807087 0.602419
0.807845 0.574235
0.808534 0.584699
0.808587 0.797420
0.809467 0.770027
0.810925 0.865879
0.811041 0.715963
0.812110 0.481854
0.812645 0.533883
0.813445 0.899076
0.815122 0.730779
0.816974 0.881462
0.818812 0.689444
0.820092 0.637274
0.820986 0.660827
0.821255 0.594785
0.821679 0.637048
0.822708 0.661852
0.826321 0.599352
0.827194 0.789502
0.829233 0.651225
0.830361 0.633342
0.830860 0.764108
0.834147 0.547842
0.835075 0.794484
0.835224 0.646878
0.836623 0.665792
0.836685 0.744906
0.837809 0.861910
0.838582 0.705173
0.838600 0.729806
0.839113 0.613838
0.839795 0.761795
0.839909 0.788381
0.840415 0.750067
0.840668 0.731493
0.842324 0.575776
0.843930 0.449175
0.845492 0.573814
0.846778 0.852150
0.847408 0.824167
0.847836 0.767290
0.849236 0.821650
0.849533 0.582321
0.850946 0.647980
0.852534 0.884337
0.856725 0.560415
0.856822 0.632723
0.857552 0.696000
0.859887 0.572193
0.860385 0.599030
0.861211 0.414166
0.865893 0.871108
0.866286 0.867808
0.867618 0.785586
0.867763 0.833604
0.869975 0.656478
0.870417 0.628033
0.871008 0.546440
0.872986 0.812317
0.873022 0.676103
0.875164 0.625467
0.875217 0.564230
0.879906 0.828137
0.879916 0.457544
0.879995 0.926373
0.880104 0.647354
0.881144 0.527019
0.881382 0.816666
0.882568 0.822673
0.883353 0.665370
0.883423 0.746368
0.883928 0.757322
0.885895 0.569966
0.886654 0.679278
0.886744 0.900230
0.887826 0.601857
0.890114 0.487121
0.893160 0.753574
0.896546 0.648863
0.899348 0.906349
0.901168 0.746263
0.902038 1.000000
0.903917 0.928193
0.903969 0.707534
0.904556 0.736700
0.905155 0.627525
0.906130 0.868460
0.906584 0.689024
0.906770 0.763745
0.907391 0.479222
0.907439 0.723930
0.907687 0.724653
0.908340 0.570401
0.911258 0.754480
0.913544 0.825811
0.914099 0.621305
0.916121 0.747023
0.917278 0.723678
0.918711 0.747596
0.920444 0.555506
0.920646 0.694855
0.921932 0.619179
0.922048 0.767629
0.922304 0.883445
0.924100 0.885696
0.924280 0.726769
0.928381 0.772369
0.929501 0.691172
0.930770 0.636372
0.931238 0.773026
0.931444 0.888640
0.932838 0.727226
0.933728 0.692400
0.934716 0.711992
0.936673 0.747928
0.937881 0.803444
0.938971 0.600532
0.939666 0.824315
0.939891 0.705831
0.940501 0.716156
0.941154 0.490727
0.944866 0.823771
0.945196 0.901322
0.946592 0.574559
0.948402 0.612652
0.948548 0.919288
0.949408 0.756764
0.950125 0.743684
0.951194 0.837841
0.952826 0.851298
0.953090 0.770513
0.953188 0.974999
0.953653 0.599091
0.953980 0.820837
0.954068 0.892705
0.954160 0.805281
0.954336 0.739157
0.955365 0.875196
0.955942 0.691761
0.957949 0.615368
0.958021 0.873002
0.958655 0.791842
0.959035 0.784557
0.960198 0.678970
0.960599 0.678293
0.961542 0.679225
0.963574 0.870796
0.963759 0.845607
0.964673 0.703781
0.966349 0.884553
0.966501 0.494868
0.966818 0.832279
0.967539 0.619802
0.968553 0.970086
0.969131 0.699043
0.970375 0.773672
0.975089 0.816593
0.977729 0.737237
0.978289 0.626576
0.979712 0.695297
0.979981 0.700250
0.980339 0.614452
0.981198 0.885695
0.981210 0.723647
0.981913 0.696049
0.982033 0.725289
0.982793 0.768128
0.984040 0.523815
0.984305 0.710208
0.984880 0.731086
0.986826 0.752236
0.986841 0.987352
0.990883 0.727611
0.991838 0.607013
0.992520 0.743315
0.995097 0.694149
0.995145 0.713245
0.996324 0.723395
0.997214 0.691747
0.997263 0.792421
0.997904 0.643419
1.000000 0.745956
