0.000000 0.058497
0.002656 0.065093
0.005889 0.000000
0.011243 0.064172
0.013888 0.134741
0.014560 0.032465
0.014926 0.098424
0.017005 0.064271
0.019870 0.094070
0.019935 0.090589
0.023672 0.097567
0.026313 0.053680
0.027630 0.019829
0.029238 0.048666
0.029662 0.128191
0.030795 0.074325
0.031078 0.095650
0.031647 0.099452
0.032118 0.019270
0.033589 0.026521
0.033796 0.055713
0.034488 0.038424
0.035210 0.071084
0.037074 0.099552
0.038868 0.034280
0.039655 0.053018
0.041954 0.037166
0.046849 0.030086
0.046887 0.083326
0.059893 0.099452
0.060086 0.102818
0.067110 0.135190
0.068964 0.118271
0.069498 0.164440
0.069637 0.053979
0.076870 0.088829
0.082531 0.145608
0.084883 0.115135
0.085398 0.090269
0.086186 0.168096
0.087380 0.143918
0.087554 0.157215
0.087756 0.079588
0.089926 0.120693
0.090949 0.132925
0.091808 0.108442
0.094653 0.152147
0.096380 0.139510
0.097665 0.162174
0.097873 0.100295
0.097882 0.126325
0.098637 0.129779
0.101801 0.134040
0.104239 0.149473
0.104621 0.154434
0.106897 0.146853
0.110616 0.148771
0.111016 0.093386
0.112140 0.165294
0.112614 0.127760
0.112799 0.155584
0.113957 0.176135
0.115921 0.098798
0.123313 0.166297
0.128147 0.170493
0.128535 0.170123
0.129181 0.225184
0.130218 0.135819
0.131190 0.243542
0.133747 0.152106
0.135526 0.176239
0.136007 0.162171
0.137519 0.187100
0.138517 0.105415
0.144108 0.140787
0.148044 0.211095
0.149189 0.158086
0.163977 0.237577
0.166939 0.194495
0.168043 0.191758
0.171817 0.227695
0.171872 0.152167
0.172074 0.179465
0.174429 0.086749
0.176501 0.160290
0.178566 0.247596
0.179981 0.233403
0.180161 0.226995
0.181170 0.221317
0.182620 0.179650
0.185922 0.147671
0.189959 0.209721
0.194689 0.211326
0.197882 0.225051
0.199076 0.184497
0.199950 0.218482
0.201157 0.197865
0.201465 0.234156
0.203580 0.170749
0.203730 0.147850
0.207363 0.235466
0.207792 0.239824
0.213089 0.231119
0.216577 0.201607
0.224761 0.252003
0.225680 0.251809
0.225722 0.216394
0.227322 0.239323
0.229562 0.255925
0.230031 0.214528
0.230702 0.234871
0.233536 0.294868
0.234821 0.202910
0.236279 0.214419
0.237869 0.252635
0.240804 0.246628
0.245924 0.288998
0.247776 0.287418
0.249132 0.158848
0.249456 0.207277
0.251708 0.271174
0.253439 0.258755
0.254320 0.261089
0.255074 0.243982
0.255122 0.217894
0.258770 0.321210
0.259395 0.297810
0.260405 0.206196
0.262427 0.314918
0.263092 0.256174
0.263151 0.304359
0.263237 0.250668
0.284410 0.254291
0.285353 0.300378
0.287902 0.291015
0.288275 0.287563
0.303344 0.347853
0.303626 0.319629
0.304745 0.331377
0.305249 0.316289
0.309223 0.356735
0.312048 0.343978
0.312426 0.309847
0.316357 0.300535
0.316392 0.377446
0.318495 0.287645
0.319663 0.297605
0.319667 0.299913
0.320029 0.371418
0.320671 0.340767
0.322787 0.329554
0.323282 0.306924
0.325404 0.300129
0.331051 0.365814
0.336782 0.328344
0.337941 0.309478
0.341054 0.324242
0.343440 0.347664
0.345200 0.356710
0.345228 0.348294
0.347208 0.343618
0.348909 0.352923
0.351995 0.415248
0.352878 0.336312
0.355571 0.363527
0.356099 0.354250
0.356147 0.307045
0.357525 0.312452
0.358957 0.345656
0.360693 0.312684
0.366323 0.407832
0.367134 0.394394
0.368155 0.382194
0.370393 0.385237
0.372614 0.447173
0.375906 0.344723
0.376664 0.446352
0.379960 0.370330
0.380458 0.458974
0.382682 0.399876
0.385277 0.360391
0.386413 0.391241
0.389362 0.429048
0.389416 0.388058
0.393375 0.421294
0.395394 0.360081
0.401286 0.444561
0.402297 0.346726
0.406390 0.436841
0.407746 0.397687
0.410642 0.329081
0.413078 0.451260
0.413921 0.391303
0.416239 0.478860
0.417928 0.426231
0.424937 0.332593
0.427957 0.490273
0.428674 0.399863
0.429377 0.426374
0.431113 0.493277
0.431526 0.383913
0.432332 0.448977
0.434840 0.436202
0.439253 0.351252
0.439954 0.478987
0.441022 0.385520
0.443773 0.388616
0.445549 0.436769
0.445785 0.440694
0.450550 0.524191
0.452515 0.499982
0.453901 0.463049
0.453946 0.505355
0.456707 0.458586
0.458038 0.433251
0.458315 0.393368
0.459611 0.415474
0.459967 0.402892
0.461030 0.409222
0.471744 0.400286
0.478038 0.529616
0.480113 0.505547
0.482171 0.489941
0.487834 0.493215
0.490748 0.519511
0.491777 0.495200
0.492543 0.461169
0.492640 0.499477
0.494415 0.432552
0.495042 0.409450
0.496717 0.462266
0.497303 0.424849
0.498726 0.486192
0.501311 0.463850
0.501787 0.457420
0.502586 0.458356
0.506087 0.516753
0.507918 0.475697
0.508571 0.494145
0.509879 0.528396
0.519590 0.470238
0.520219 0.444321
0.524212 0.495643
0.528117 0.506803
0.528192 0.491679
0.531628 0.481540
0.533617 0.547834
0.538326 0.560102
0.539886 0.528220
0.540324 0.554653
0.541133 0.487202
0.543130 0.519707
0.544299 0.523355
0.551534 0.586880
0.551642 0.489344
0.551764 0.594945
0.552801 0.523960
0.553988 0.517724
0.554222 0.652310
0.554788 0.557488
0.555217 0.492559
0.561891 0.565628
0.562790 0.493665
0.563428 0.508144
0.564884 0.521489
0.566292 0.478271
0.566590 0.529603
0.573139 0.517596
0.575431 0.533422
0.579119 0.628111
0.580061 0.602119
0.583819 0.548059
0.584559 0.613398
0.585080 0.573965
0.585769 0.546800
0.586270 0.601473
0.586771 0.559804
0.587847 0.504388
0.592899 0.573759
0.593028 0.541577
0.604227 0.580255
0.605561 0.585167
0.608367 0.605784
0.609711 0.569446
0.610283 0.517254
0.611761 0.576651
0.612842 0.587533
0.613576 0.570219
0.614767 0.626767
0.615195 0.712905
0.615549 0.612223
0.620031 0.610813
0.622610 0.568248
0.627689 0.612346
0.629253 0.574001
0.631137 0.625312
0.631845 0.625324
0.635015 0.676904
0.635777 0.620503
0.635835 0.600384
0.639457 0.660714
0.640663 0.587088
0.649076 0.652369
0.650226 0.657212
0.651709 0.662012
0.651769 0.586489
0.654686 0.636481
0.654938 0.594800
0.658756 0.621181
0.659118 0.633005
0.664280 0.690922
0.666544 0.690327
0.672343 0.703585
0.682155 0.648806
0.684317 0.644752
0.685645 0.654346
0.686147 0.616074
0.687905 0.603762
0.688121 0.622311
0.691104 0.616450
0.691404 0.681373
0.691563 0.628279
0.695655 0.672524
0.696039 0.597262
0.697079 0.709987
0.700865 0.666602
0.701127 0.621705
0.702835 0.694584
0.705922 0.700428
0.707570 0.677766
0.708664 0.643259
0.711784 0.703620
0.717540 0.747217
0.718369 0.642428
0.720186 0.686483
0.721106 0.662530
0.723756 0.717020
0.729783 0.643092
0.730529 0.641852
0.732602 0.681806
0.735370 0.654581
0.740073 0.714277
0.740544 0.700923
0.741518 0.647508
0.741709 0.775191
0.741988 0.661852
0.742539 0.672903
0.742729 0.683401
0.749347 0.754943
0.750766 0.738383
0.752754 0.745913
0.756421 0.709811
0.757117 0.699597
0.757210 0.713838
0.757477 0.743862
0.758496 0.731671
0.762942 0.758309
0.767330 0.723917
0.768014 0.714867
0.770617 0.730487
0.772718 0.809165
0.776173 0.759464
0.777005 0.829672
0.777478 0.756226
0.780125 0.840840
0.781509 0.756269
0.787341 0.742372
0.788277 0.679979
0.788947 0.698889
0.789027 0.748820
0.790196 0.699102
0.794945 0.780452
0.796049 0.767026
0.796612 0.737188
0.796708 0.754741
0.802971 0.768257
0.805163 0.799046
0.805983 0.815718
0.807648 0.761128
0.811745 0.753342
0.814519 0.799616
0.819974 0.756900
0.821754 0.782556
0.821809 0.810072
0.827466 0.766281
0.829794 0.876425
0.830789 0.786238
0.830989 0.771862
0.832852 0.801431
0.834891 0.823732
0.840511 0.734992
0.842496 0.790054
0.842808 0.736809
0.843561 0.837203
0.845826 0.785907
0.852981 0.804354
0.855931 0.804297
0.856029 0.856835
0.859057 0.809396
0.862482 0.854487
0.863014 0.793031
0.864650 0.800995
0.866262 0.793912
0.870251 0.820397
0.870833 0.869719
0.874263 0.875783
0.876047 0.835331
0.879868 0.773042
0.880891 0.835870
0.882019 0.765710
0.882772 0.873094
0.884850 0.809286
0.886014 0.823281
0.886555 0.860389
0.887358 0.790563
0.889421 0.834128
0.890787 0.875777
0.893982 0.834259
0.894950 0.818847
0.896913 0.887008
0.897424 0.865488
0.898706 0.852170
0.900511 0.823531
0.902599 0.835587
0.903386 0.821155
0.903966 0.828063
0.912533 0.842534
0.914424 0.835934
0.916081 0.895178
0.919029 0.904871
0.922834 0.818060
0.925560 0.919088
0.926225 0.878415
0.928004 0.883738
0.936870 0.920336
0.938987 0.945428
0.941307 0.865336
0.941330 0.885508
0.944651 0.874366
0.948190 0.841149
0.955075 0.886863
0.955502 0.900140
0.957572 0.953142
0.958131 0.814113
0.960738 0.925299
0.966989 0.904117
0.967043 0.896069
0.971493 0.930529
0.972590 0.977396
0.973831 0.904625
0.975033 0.931848
0.975638 0.883879
0.978782 0.888094
0.978823 0.886630
0.985526 0.948973
0.986478 0.883745
0.987724 1.000000
0.988000 0.960686
0.988020 0.863488
0.988905 0.969975
0.994249 0.932914
0.997804 0.923590
1.000000 0.954643
