0.000000 0.010915
0.001349 0.214504
0.009127 0.007836
0.012960 0.035023
0.015266 0.288504
0.017685 0.027255
0.028096 0.085067
0.037827 0.139800
0.043067 0.199931
0.049905 0.022660
0.050619 0.325397
0.050737 0.082195
0.053781 0.171292
0.060630 0.119208
0.060934 0.190562
0.062643 0.130146
0.065497 0.089359
0.077504 0.137215
0.077515 0.211627
0.098822 0.224566
0.101494 0.335849
0.102151 0.230870
0.106470 0.218145
0.118721 0.189547
0.119947 0.239671
0.123336 0.390150
0.128778 0.189372
0.138128 0.000000
0.147707 0.270020
0.152159 0.111677
0.157110 0.341880
0.161275 0.307831
0.176214 0.278485
0.177860 0.272219
0.181928 0.098839
0.202897 0.351352
0.211072 0.101026
0.223011 0.441998
0.226744 0.180081
0.227627 0.412560
0.230234 0.284309
0.231927 0.375755
0.238012 0.443647
0.239400 0.311061
0.245727 0.385390
0.249613 0.285745
0.250573 0.298256
0.254927 0.352991
0.277212 0.116669
0.279927 0.314340
0.281500 0.333961
0.289773 0.442259
0.290715 0.432345
0.291926 0.393388
0.292918 0.346650
0.301844 0.245981
0.311745 0.336560
0.317242 0.556855
0.321743 0.394056
0.341259 0.250962
0.352697 0.524503
0.363117 0.274813
0.384064 0.182679
0.386236 0.462910
0.389531 0.534760
0.406493 0.337930
0.406505 0.371520
0.407101 0.490606
0.418518 0.489062
0.422983 0.352902
0.425302 0.421037
0.429746 0.503325
0.437950 0.672894
0.446182 0.457064
0.453107 0.263834
0.453540 0.334876
0.463416 0.453349
0.464104 0.464067
0.469264 0.325100
0.471679 0.571008
0.480118 0.449781
0.496473 0.598688
0.499219 0.592184
0.501407 0.449542
0.510407 0.521270
0.513203 0.354167
0.513926 0.399565
0.519463 0.523088
0.544053 0.472301
0.546708 0.553139
0.572158 0.540990
0.572823 0.483609
0.574153 0.570751
0.575649 0.455432
0.587284 0.597203
0.604582 0.524682
0.604595 0.695426
0.615138 0.576328
0.624102 0.671805
0.630838 0.541394
0.633424 0.616013
0.634752 0.672248
0.638700 0.584186
0.651237 0.668258
0.660626 0.796741
0.666727 0.726552
0.670038 0.750146
0.673816 0.670139
0.680641 0.455102
0.686882 0.713585
0.690715 0.662857
0.697232 0.838171
0.720660 0.663029
0.726848 0.780095
0.729297 0.521785
0.737757 0.605759
0.750188 0.638330
0.761547 0.842664
0.764178 0.701666
0.767421 0.915146
0.769186 0.673700
0.779635 0.596739
0.790716 0.892339
0.803699 0.712900
0.806356 0.587394
0.819336 0.988243
0.819522 0.790050
0.857242 1.000000
0.867265 0.911083
0.871411 0.795723
0.891040 0.613703
0.910968 0.947848
0.911700 0.800653
0.915615 0.824741
0.921561 0.773890
0.921586 0.799159
0.931068 0.934883
0.932449 0.774939
0.933845 0.659131
0.941578 0.788209
0.944413 0.719101
0.946478 0.797651
0.949184 0.954338
0.964794 0.741254
0.968013 0.785025
0.971609 0.815998
0.979229 0.774156
0.992855 0.889173
0.993328 0.983293
0.995411 0.871374
1.000000 0.888105
