0.000000 0.359243
0.002322 0.278306
0.002980 0.355701
0.003312 0.556106
0.017168 0.515513
0.018018 0.511877
0.019752 0.205292
0.020968 0.279559
0.021519 0.525827
0.022196 0.331014
0.024943 0.479086
0.026965 0.326329
0.027863 0.451900
0.029310 0.433029
0.030874 0.296334
0.031938 0.394073
0.034358 0.513660
0.035565 0.583785
0.038760 0.421078
0.039205 0.632820
0.040394 0.593208
0.043559 0.585797
0.045654 0.426614
0.052033 0.519655
0.052101 0.582833
0.053563 0.205563
0.054197 0.663223
0.054862 0.357231
0.055175 0.453915
0.055971 0.448027
0.056067 0.502893
0.056085 0.759737
0.064357 0.274058
0.064672 0.608300
0.066008 0.414917
0.068017 0.808401
0.068393 0.417185
0.069884 0.791427
0.071224 0.384321
0.072082 0.647305
0.072589 0.651382
0.073977 0.320979
0.074376 0.518970
0.074569 0.572095
0.075049 1.000000
0.077235 0.508986
0.078282 0.308217
0.080757 0.590687
0.083150 0.469681
0.084020 0.748184
0.085792 0.441492
0.090656 0.220898
0.090765 0.322596
0.091309 0.475696
0.091312 0.300909
0.092331 0.367291
0.093018 0.813846
0.093397 0.285585
0.094132 0.450391
0.094328 0.673398
0.096928 0.474755
0.097202 0.545271
0.097879 0.442301
0.098320 0.270421
0.098482 0.870915
0.099055 0.314475
0.099961 0.359919
0.100944 0.534017
0.101857 0.497839
0.102060 0.634781
0.103029 0.577360
0.103189 0.372474
0.105699 0.510195
0.107354 0.342253
0.107377 0.833624
0.109460 0.349065
0.110706 0.684540
0.112646 0.199969
0.113037 0.283311
0.113214 0.534121
0.113961 0.497387
0.114322 0.509785
0.114505 0.386118
0.116350 0.387911
0.116362 0.436562
0.117087 0.422231
0.117260 0.818435
0.119080 0.315908
0.119999 0.368643
0.120157 0.410173
0.121171 0.306858
0.121847 0.398549
0.122830 0.817210
0.125097 0.429271
0.125250 0.388263
0.125472 0.438912
0.125479 0.380158
0.125677 0.508570
0.126162 0.438000
0.127036 0.441687
0.127558 0.395961
0.127981 0.351849
0.128883 0.675528
0.128943 0.423715
0.129749 0.440485
0.132401 0.498717
0.133498 0.393431
0.133607 0.207407
0.135555 0.332598
0.135567 0.454210
0.136712 0.523052
0.136803 0.658826
0.137565 0.523787
0.137671 0.718231
0.138123 0.251848
0.138287 0.390487
0.139747 0.355728
0.139769 0.389898
0.141712 0.568814
0.141753 0.351586
0.142398 0.471248
0.142506 0.414560
0.142631 0.684448
0.143476 0.446045
0.143703 0.343684
0.144519 0.500939
0.149634 0.435376
0.149897 0.666846
0.151232 0.598180
0.151558 0.338232
0.152433 0.472532
0.152950 0.437080
0.155315 0.549468
0.155382 0.382862
0.157238 0.614883
0.158160 0.325150
0.158387 0.296070
0.159247 0.322971
0.159764 0.629119
0.160681 0.529415
0.160711 0.371982
0.162661 0.591140
0.162687 0.379623
0.162982 0.354658
0.164016 0.286414
0.165776 0.415555
0.165976 0.362772
0.166049 0.723769
0.166246 0.390465
0.166277 0.335619
0.167632 0.624009
0.167917 0.241262
0.168363 0.440700
0.169594 0.228753
0.173404 0.357290
0.175952 0.425660
0.176876 0.318135
0.177073 0.606681
0.177615 0.311330
0.177673 0.582711
0.178112 0.391740
0.179633 0.432778
0.179726 0.268229
0.180214 0.242520
0.181600 0.296900
0.182750 0.488261
0.182917 0.397995
0.183232 0.468883
0.184407 0.212417
0.184805 0.621707
0.185053 0.489475
0.185068 0.597353
0.185381 0.468744
0.185743 0.525978
0.186572 0.516526
0.187242 0.635423
0.187434 0.671673
0.187716 0.579886
0.187753 0.443007
0.188155 0.349617
0.188295 0.223662
0.188377 0.576974
0.188425 0.211474
0.189103 0.369235
0.189321 0.545666
0.190277 0.542150
0.190575 0.553615
0.192437 0.384633
0.192451 0.282981
0.192962 0.475132
0.193540 0.303795
0.194073 0.420831
0.194530 0.573885
0.195508 0.562319
0.195653 0.632973
0.195662 0.430114
0.195901 0.301121
0.196390 0.537130
0.197371 0.380269
0.197623 0.260771
0.197792 0.426307
0.197840 0.598669
0.197970 0.692764
0.198124 0.671137
0.198471 0.514203
0.198608 0.428590
0.198911 0.434351
0.198963 0.229356
0.198990 0.388732
0.199418 0.342197
0.200299 0.438573
0.200533 0.325962
0.200877 0.457318
0.202072 0.402904
0.203244 0.441797
0.205542 0.497136
0.205717 0.264324
0.206028 0.332449
0.206228 0.274476
0.206365 0.402951
0.206592 0.273617
0.206711 0.540414
0.206792 0.485719
0.207135 0.570683
0.207153 0.281698
0.207463 0.491761
0.207551 0.315065
0.207740 0.506416
0.208115 0.404738
0.208310 0.436324
0.208867 0.225022
0.209238 0.408169
0.209865 0.750638
0.210177 0.832801
0.210229 0.508449
0.210726 0.639260
0.211122 0.295904
0.211193 0.360255
0.213929 0.305226
0.215024 0.506788
0.215378 0.257172
0.215629 0.554661
0.216209 0.429500
0.217067 0.456083
0.217781 0.653748
0.218888 0.378893
0.219030 0.596122
0.219287 0.499512
0.219288 0.705123
0.220484 0.414085
0.221486 0.553837
0.221979 0.671789
0.222080 0.360578
0.223181 0.660925
0.223705 0.348551
0.225015 0.514266
0.225530 0.587617
0.226001 0.386195
0.227815 0.586430
0.229862 0.520656
0.230259 0.514632
0.230263 0.304054
0.230415 0.248084
0.230725 0.549055
0.230725 0.705949
0.231553 0.572537
0.231707 0.365703
0.232310 0.526119
0.233099 0.509303
0.234213 0.323226
0.234575 0.318313
0.234750 0.766611
0.234851 0.523698
0.234875 0.279704
0.234993 0.395302
0.235311 0.507242
0.236183 0.491596
0.236337 0.245518
0.238353 0.314360
0.238375 0.464630
0.238920 0.255885
0.238948 0.335754
0.239014 0.683446
0.239190 0.533795
0.239759 0.412132
0.241332 0.307327
0.241707 0.260338
0.241765 0.811930
0.242250 0.499601
0.242517 0.498018
0.242557 0.873401
0.242713 0.593274
0.243615 0.472335
0.243925 0.389714
0.244070 0.397501
0.244930 0.349961
0.245283 0.276086
0.245596 0.346922
0.246245 0.198710
0.246672 0.244022
0.246680 0.609006
0.247406 0.526043
0.247457 0.351082
0.248438 0.561215
0.248442 0.737202
0.248805 0.224120
0.248985 0.540702
0.250010 0.441160
0.250077 0.745346
0.250585 0.590585
0.251266 0.251777
0.251306 0.461792
0.252763 0.347717
0.252839 0.426597
0.254102 0.416398
0.254126 0.395956
0.255173 0.602258
0.255917 0.253152
0.257201 0.364345
0.257480 0.314326
0.258102 0.655155
0.258692 0.562758
0.259819 0.499403
0.259864 0.512987
0.260207 0.447978
0.260345 0.393147
0.260648 0.581247
0.260680 0.405036
0.261164 0.249580
0.262277 0.502094
0.262587 0.480125
0.263842 0.854711
0.263982 0.699795
0.264680 0.376068
0.264757 0.524320
0.265102 0.291305
0.265886 0.300768
0.268315 0.326236
0.268467 0.622770
0.269083 0.497669
0.269190 0.490606
0.271196 0.453005
0.271522 0.353024
0.271693 0.495595
0.273039 0.455988
0.273571 0.272733
0.274854 0.358251
0.275009 0.517123
0.275034 0.649206
0.275408 0.356626
0.276088 0.437296
0.276708 0.383587
0.276715 0.377942
0.277752 0.287291
0.278399 0.320957
0.278619 0.402373
0.279127 0.737054
0.279565 0.442017
0.280121 0.362360
0.280688 0.303598
0.282458 0.566242
0.282801 0.311608
0.283332 0.444148
0.283887 0.310271
0.284265 0.605210
0.284373 0.380478
0.284415 0.692980
0.285029 0.203952
0.285678 0.320703
0.285701 0.544921
0.285882 0.815129
0.286666 0.434898
0.287993 0.445830
0.288160 0.523343
0.289418 0.205992
0.289967 0.201618
0.291309 0.271805
0.292112 0.781724
0.294027 0.657334
0.294661 0.195250
0.295202 0.375844
0.295357 0.517119
0.295479 0.438497
0.295480 0.319086
0.296022 0.196435
0.296371 0.774837
0.297295 0.405053
0.298714 0.389087
0.298897 0.288361
0.299672 0.220213
0.300193 0.345419
0.300406 0.362177
0.302543 0.392356
0.303225 0.337396
0.303356 0.425246
0.304183 0.345066
0.304862 0.537811
0.304981 0.371326
0.305119 0.281876
0.305198 0.552628
0.305289 0.385858
0.305363 0.449830
0.307391 0.571383
0.307642 0.456861
0.308061 0.736900
0.308485 0.282541
0.309411 0.415612
0.309714 0.252432
0.310109 0.298723
0.310497 0.504549
0.311380 0.453719
0.311488 0.286343
0.311551 0.396779
0.311595 0.216221
0.312350 0.635996
0.313230 0.689448
0.313467 0.527306
0.314222 0.582127
0.314420 0.316719
0.314553 0.352038
0.316499 0.522413
0.317156 0.272709
0.317560 0.485199
0.319418 0.384784
0.320309 0.412589
0.320527 0.532778
0.320527 0.320660
0.321541 0.687194
0.321828 0.549551
0.322006 0.367954
0.322019 0.321934
0.322912 0.178323
0.323123 0.456121
0.323764 0.275744
0.325064 0.261740
0.325607 0.477112
0.326127 0.376238
0.326406 0.309973
0.326439 0.329863
0.327997 0.538537
0.330045 0.372967
0.330417 0.804674
0.330688 0.367161
0.331151 0.623985
0.331328 0.221121
0.331346 0.215166
0.333193 0.555802
0.333930 0.423410
0.334344 0.464208
0.334621 0.410303
0.335484 0.150768
0.336974 0.430298
0.337243 0.235705
0.337515 0.440258
0.338027 0.464886
0.338369 0.350801
0.338387 0.339812
0.338833 0.364631
0.339953 0.306621
0.340435 0.272809
0.340780 0.405651
0.340814 0.407958
0.341538 0.193713
0.341723 0.176061
0.343129 0.367965
0.343223 0.678711
0.343272 0.610207
0.344141 0.360783
0.345555 0.224769
0.346628 0.424362
0.347155 0.273347
0.347925 0.252196
0.347997 0.420583
0.348109 0.299212
0.348427 0.349681
0.350367 0.334835
0.350385 0.126982
0.350500 0.449087
0.350504 0.718378
0.351609 0.459393
0.351779 0.323198
0.351830 0.512059
0.353890 0.505869
0.353955 0.478367
0.354172 0.918166
0.354508 0.599993
0.356880 0.389804
0.357888 0.513313
0.357900 0.448200
0.358629 0.529149
0.358646 0.411059
0.360062 0.230180
0.361920 0.226411
0.362691 0.441833
0.363508 0.230608
0.363634 0.446102
0.363998 0.516604
0.364871 0.306701
0.365306 0.483520
0.365346 0.368641
0.365487 0.419199
0.366735 0.317265
0.367176 0.577044
0.367945 0.504803
0.368709 0.325875
0.370221 0.324260
0.370455 0.343290
0.374012 0.415517
0.374176 0.302842
0.376594 0.292171
0.376797 0.177814
0.376940 0.284000
0.377974 0.650024
0.377998 0.389698
0.378153 0.292066
0.378445 0.238734
0.378797 0.297838
0.379859 0.366448
0.380707 0.546912
0.380807 0.304645
0.380994 0.684936
0.381613 0.278924
0.382241 0.163319
0.382376 0.423976
0.382386 0.333812
0.382647 0.468827
0.383330 0.175111
0.384017 0.151071
0.384890 0.667371
0.386163 0.461746
0.386455 0.319008
0.386572 0.634749
0.386748 0.373409
0.387827 0.571752
0.390821 0.491984
0.390999 0.239077
0.391891 0.272433
0.391900 0.245578
0.393259 0.525120
0.393975 0.260106
0.394297 0.314858
0.395263 0.193782
0.395848 0.304862
0.397008 0.346902
0.399316 0.610805
0.399473 0.247344
0.400241 0.234177
0.401325 0.513828
0.402223 0.328895
0.402353 0.360356
0.402540 0.368427
0.402826 0.455715
0.403104 0.502107
0.403288 0.453521
0.403314 0.425555
0.404157 0.422969
0.404190 0.229672
0.404900 0.198371
0.406267 0.306288
0.407611 0.280024
0.409372 0.288985
0.410695 0.167347
0.411833 0.385469
0.411894 0.649227
0.412566 0.433177
0.413456 0.342863
0.414713 0.168634
0.414750 0.168045
0.414752 0.299611
0.414922 0.289779
0.415008 0.185089
0.415810 0.177916
0.416398 0.352506
0.416924 0.251379
0.418314 0.397397
0.419035 0.290232
0.419049 0.450280
0.419612 0.210575
0.420876 0.513762
0.421013 0.496704
0.421516 0.624483
0.421844 0.581300
0.422043 0.187309
0.422115 0.271869
0.422232 0.424527
0.423167 0.096457
0.423520 0.191786
0.423816 0.203931
0.426604 0.383727
0.427537 0.212018
0.428171 0.203001
0.428590 0.499036
0.431592 0.280834
0.433415 0.232445
0.434206 0.222816
0.434942 0.542195
0.435465 0.140853
0.435520 0.421334
0.435887 0.124456
0.436859 0.264793
0.436903 0.488169
0.436986 0.319020
0.437881 0.068683
0.438974 0.272764
0.439000 0.231117
0.439564 0.126313
0.439839 0.368431
0.440827 0.174612
0.441130 0.156840
0.442229 0.175347
0.443329 0.238720
0.444777 0.142665
0.445135 0.357962
0.447088 0.208099
0.447324 0.401832
0.447846 0.315701
0.448315 0.579742
0.449165 0.260575
0.450747 0.183105
0.450872 0.575769
0.451859 0.286951
0.452788 0.467087
0.453738 0.306568
0.454825 0.308869
0.455549 0.379621
0.457898 0.560526
0.458799 0.264097
0.460048 0.541300
0.461503 0.549740
0.462105 0.337306
0.462926 0.203986
0.464962 0.222056
0.464980 0.157017
0.465215 0.226473
0.465328 0.205442
0.466212 0.199782
0.466452 0.611600
0.467593 0.349756
0.468378 0.219789
0.470680 0.294434
0.471116 0.498638
0.471134 0.301722
0.472479 0.680769
0.474220 0.449736
0.475578 0.177604
0.475776 0.342606
0.476549 0.104081
0.478330 0.309526
0.478556 0.222032
0.478682 0.383928
0.479112 0.368464
0.482892 0.540630
0.484139 0.217617
0.485533 0.356671
0.486552 0.381018
0.487250 0.248267
0.488368 0.139507
0.494115 0.404196
0.494790 0.244241
0.495170 0.376121
0.495625 0.319425
0.495732 0.374327
0.496026 0.090717
0.502890 0.336040
0.503667 0.374262
0.504965 0.344683
0.508092 0.279937
0.508760 0.070084
0.509189 0.199433
0.509989 0.331836
0.510799 0.437239
0.512177 0.146522
0.515827 0.120153
0.517494 0.495730
0.517698 0.193588
0.518601 0.314107
0.519110 0.261996
0.520213 0.080016
0.520775 0.130783
0.521538 0.491593
0.521582 0.214638
0.523560 0.128024
0.523816 0.053980
0.524624 0.635113
0.524789 0.311304
0.529404 0.056374
0.531192 0.184460
0.532966 0.171203
0.533226 0.213365
0.533480 0.027587
0.534566 0.159469
0.534921 0.264698
0.535088 0.054069
0.535565 0.143053
0.537223 0.437180
0.537524 0.599870
0.538508 0.768681
0.540035 0.212346
0.541736 0.096691
0.542883 0.290033
0.542914 0.083639
0.543200 0.301810
0.544362 0.019360
0.546463 0.249635
0.551682 0.331993
0.554158 0.405200
0.554926 0.075488
0.556446 0.403833
0.559212 0.372466
0.559257 0.442476
0.561084 0.374747
0.562234 0.276124
0.565269 0.331940
0.565809 0.188086
0.566431 0.116517
0.567895 0.118021
0.568552 0.146766
0.569600 0.256950
0.570117 0.152214
0.572650 0.208764
0.573767 0.725217
0.574043 0.512362
0.576865 0.201247
0.576925 0.390199
0.577345 0.224731
0.580016 0.174799
0.582832 0.108875
0.583551 0.050384
0.584959 0.337700
0.585980 0.260543
0.587417 0.129614
0.596408 0.335404
0.600030 0.154537
0.602639 0.312224
0.603738 0.026041
0.608258 0.117624
0.609073 0.294225
0.615940 0.338788
0.616218 0.457392
0.620558 0.410145
0.623314 0.149567
0.627122 0.183725
0.629928 0.019099
0.632129 0.020207
0.636558 0.382297
0.636921 0.097385
0.638583 0.153449
0.638665 0.212003
0.639870 0.079220
0.640822 0.293526
0.640877 0.543573
0.642448 0.203383
0.648435 0.207233
0.656543 0.207698
0.662198 0.225843
0.667735 0.195756
0.668921 0.493691
0.669315 0.172820
0.674168 0.046883
0.675195 0.202668
0.676616 0.204554
0.678501 0.237197
0.679898 0.491982
0.681091 0.215156
0.693039 0.414006
0.695652 0.162541
0.698537 0.138140
0.706383 0.409110
0.713846 0.023765
0.714561 0.334859
0.717731 0.070715
0.722911 0.043551
0.724861 0.148035
0.727693 0.073900
0.741107 0.363683
0.744520 0.125897
0.744745 0.141740
0.746103 0.097705
0.748167 0.295246
0.749450 0.036928
0.757935 0.127066
0.761743 0.275579
0.762115 0.269567
0.765458 0.096181
0.772759 0.122057
0.781309 0.124783
0.795518 0.198949
0.803867 0.099037
0.804496 0.332131
0.814833 0.398386
0.819392 0.000000
0.861247 0.059223
0.874161 0.045203
0.899344 0.011467
0.914429 0.275239
0.937875 0.225000
0.970791 0.215598
1.000000 0.184774
