0.000000 0.936975
0.001215 0.921009
0.002121 0.100054
0.003727 0.585856
0.006733 0.523732
0.007043 0.644209
0.007990 0.102474
0.008209 0.671246
0.011522 0.575995
0.015665 0.297015
0.016382 0.554273
0.017380 0.150731
0.017881 0.138621
0.018020 0.915556
0.018459 0.024732
0.020875 0.351480
0.021768 0.932837
0.022450 0.050035
0.023501 0.686755
0.024964 0.744611
0.024976 0.063507
0.026998 0.105729
0.027772 0.419531
0.028161 0.936259
0.028570 0.190761
0.029580 0.302533
0.031235 0.514495
0.031640 0.066216
0.038456 0.486988
0.040243 0.264314
0.040562 0.062171
0.041778 0.108824
0.046970 0.307761
0.047784 0.373471
0.048037 0.611549
0.048258 0.729678
0.049328 0.759044
0.051596 0.321050
0.054807 0.343678
0.054815 0.064575
0.057052 0.992247
0.057308 0.616067
0.057674 0.315034
0.057768 0.838916
0.057915 0.502365
0.061023 0.646394
0.061339 0.408953
0.062050 0.174547
0.063338 0.946055
0.063525 0.822431
0.065666 0.740306
0.066420 0.068569
0.068971 0.399625
0.069171 0.894052
0.069301 0.409138
0.073445 0.801778
0.076227 0.107902
0.076349 0.081559
0.077060 1.000000
0.077223 0.439837
0.077799 0.897636
0.078302 0.352161
0.081515 0.167262
0.081622 0.648934
0.082509 0.289944
0.085032 0.201832
0.085942 0.914529
0.086811 0.040049
0.086846 0.225252
0.087144 0.903883
0.088574 0.698135
0.090028 0.543460
0.092705 0.943022
0.094415 0.299353
0.095371 0.441911
0.095409 0.850939
0.096075 0.115259
0.098134 0.883307
0.099383 0.580397
0.100738 0.208580
0.101275 0.334716
0.102922 0.832725
0.103707 0.645021
0.105924 0.963866
0.109037 0.446661
0.109255 0.790306
0.109362 0.629859
0.110590 0.836465
0.110867 0.735964
0.111317 0.190182
0.112195 0.277916
0.112796 0.742005
0.116242 0.726361
0.116351 0.636525
0.117674 0.490096
0.119062 0.378543
0.119289 0.899523
0.121570 0.474703
0.121771 0.404860
0.121987 0.708077
0.122053 0.322575
0.123375 0.630273
0.126339 0.871885
0.127379 0.170175
0.128909 0.743889
0.129008 0.747021
0.131826 0.449699
0.132774 0.128529
0.133061 0.890417
0.133169 0.680251
0.134311 0.763744
0.135604 0.753748
0.137441 0.252981
0.137873 0.644622
0.138699 0.289366
0.142056 0.931606
0.143216 0.853406
0.143385 0.068755
0.145071 0.523503
0.146460 0.429526
0.146525 0.703632
0.147982 0.298879
0.149565 0.776306
0.149871 0.242379
0.152257 0.322632
0.153952 0.918760
0.154359 0.160269
0.155256 0.279597
0.156351 0.967254
0.157622 0.207935
0.158354 0.565063
0.160968 0.734785
0.161005 0.968044
0.167953 0.657398
0.168415 0.803679
0.171124 0.692238
0.171543 0.852738
0.172214 0.751696
0.172244 0.709213
0.173949 0.873181
0.175481 0.265547
0.177843 0.223454
0.177999 0.982592
0.178804 0.417870
0.178997 0.361361
0.181163 0.602317
0.181425 0.624227
0.183241 0.158910
0.183559 0.108425
0.186823 0.921489
0.188348 0.221617
0.191353 0.484193
0.194976 0.723687
0.195110 0.872431
0.195273 0.867272
0.195730 0.072330
0.196217 0.926674
0.197252 0.533073
0.197947 0.408146
0.198939 0.948315
0.199908 0.897545
0.202174 0.726724
0.202564 0.641854
0.202973 0.307384
0.203250 0.478061
0.205255 0.681952
0.205294 0.877165
0.205551 0.347540
0.206125 0.207537
0.206542 0.941603
0.207646 0.142607
0.208956 0.529086
0.210903 0.165458
0.213450 0.697074
0.214113 0.608206
0.220210 0.498610
0.222324 0.920040
0.223918 0.867936
0.226497 0.744590
0.227313 0.059306
0.230685 0.154066
0.234349 0.341488
0.235539 0.414343
0.238945 0.619065
0.239815 0.372925
0.240137 0.801133
0.242038 0.556943
0.242076 0.799237
0.242680 0.411652
0.244571 0.460198
0.244768 0.962075
0.245019 0.283925
0.245383 0.465937
0.248659 0.410652
0.249823 0.554454
0.249962 0.284524
0.250144 0.903781
0.250329 0.592975
0.250408 0.633840
0.253400 0.800716
0.253609 0.149946
0.254076 0.670118
0.254547 0.044752
0.256193 0.891463
0.256222 0.759778
0.256978 0.569624
0.257502 0.162429
0.259431 0.702348
0.260131 0.652212
0.263815 0.087678
0.264295 0.845318
0.265165 0.706445
0.265459 0.718110
0.267113 0.158790
0.268146 0.951602
0.268298 0.965668
0.268429 0.740892
0.268718 0.264712
0.268954 0.297926
0.269604 0.065256
0.270345 0.112947
0.270531 0.239911
0.270653 0.796150
0.271025 0.497076
0.272199 0.117636
0.272496 0.973088
0.273009 0.074870
0.274974 0.325576
0.276731 0.272671
0.277013 0.558065
0.277308 0.404115
0.281365 0.826485
0.281386 0.452778
0.284224 0.276022
0.285737 0.083658
0.286103 0.740671
0.286636 0.278743
0.287168 0.778299
0.287182 0.192077
0.288270 0.563651
0.288346 0.590400
0.290767 0.239434
0.291008 0.167114
0.293878 0.040107
0.295695 0.069384
0.298734 0.273081
0.300767 0.880147
0.300810 0.143364
0.301794 0.581818
0.303422 0.903978
0.303485 0.390533
0.303753 0.283730
0.304792 0.623331
0.305134 0.658951
0.305375 0.046228
0.307103 0.439898
0.307264 0.113470
0.308574 0.461070
0.308635 0.920597
0.311315 0.540529
0.311612 0.844744
0.311873 0.148574
0.315012 0.065205
0.315601 0.339509
0.317663 0.185577
0.317793 0.452745
0.319056 0.350928
0.319879 0.396511
0.321582 0.614521
0.322934 0.206667
0.323323 0.117506
0.323945 0.475635
0.324906 0.594696
0.325073 0.684246
0.325445 0.768998
0.326022 0.563134
0.326457 0.057572
0.327571 0.952088
0.327682 0.233716
0.328074 0.282768
0.328349 0.642640
0.329340 0.543442
0.329768 0.931084
0.332384 0.747886
0.332961 0.819117
0.333749 0.308168
0.335598 0.669803
0.335903 0.400966
0.336697 0.645500
0.336919 0.087492
0.337270 0.346883
0.340360 0.941247
0.344686 0.075776
0.346015 0.687674
0.346570 0.591433
0.347794 0.078194
0.350108 0.340281
0.351152 0.420370
0.351226 0.679804
0.352757 0.790591
0.353622 0.484001
0.353665 0.144936
0.355604 0.250629
0.357125 0.768062
0.358282 0.300987
0.362942 0.909501
0.364576 0.466209
0.364636 0.029692
0.366641 0.673716
0.373427 0.621374
0.375067 0.298604
0.376646 0.099764
0.378175 0.285564
0.380150 0.413626
0.380190 0.556067
0.386345 0.472072
0.386868 0.340724
0.387069 0.745743
0.387259 0.154377
0.389385 0.555853
0.390017 0.311411
0.393332 0.945481
0.393851 0.869596
0.393881 0.081019
0.394456 0.846921
0.395095 0.555604
0.397508 0.502010
0.398888 0.456516
0.400272 0.193179
0.401374 0.954070
0.401940 0.323153
0.403027 0.894121
0.403057 0.942881
0.403202 0.024554
0.404236 0.591616
0.404241 0.922705
0.404568 0.766739
0.405748 0.318212
0.409243 0.890010
0.409941 0.705411
0.410922 0.484701
0.411461 0.603892
0.412894 0.824795
0.413790 0.542341
0.414193 0.354462
0.415243 0.762221
0.416807 0.248670
0.417552 0.057152
0.419176 0.114653
0.419653 0.123734
0.423256 0.602020
0.423806 0.224753
0.425574 0.314733
0.425920 0.518320
0.426205 0.593681
0.426647 0.418220
0.426656 0.629819
0.428187 0.626168
0.430140 0.262243
0.430705 0.856357
0.432708 0.621646
0.433658 0.016475
0.435277 0.661615
0.436376 0.670625
0.438805 0.042140
0.438963 0.778262
0.440478 0.617907
0.442213 0.915001
0.442240 0.857280
0.443152 0.576405
0.443355 0.657706
0.443780 0.938833
0.445365 0.817632
0.447211 0.841745
0.448399 0.389811
0.448449 0.230943
0.449186 0.908850
0.451042 0.084582
0.451445 0.422150
0.452443 0.335496
0.456319 0.645519
0.456915 0.349146
0.458380 0.479854
0.458925 0.660830
0.459788 0.523957
0.461470 0.876121
0.461711 0.336077
0.462050 0.623332
0.462724 0.810293
0.465225 0.864528
0.465349 0.765088
0.466654 0.905089
0.467131 0.091373
0.471300 0.672486
0.471313 0.057862
0.471989 0.830208
0.472804 0.354772
0.473463 0.838801
0.474152 0.168540
0.478737 0.758631
0.479262 0.249857
0.479592 0.285745
0.480372 0.606284
0.485031 0.016419
0.488792 0.582573
0.489974 0.782831
0.490252 0.458555
0.494228 0.585158
0.495302 0.225261
0.495586 0.446798
0.496057 0.861469
0.496776 0.119521
0.503509 0.797989
0.503937 0.610565
0.504163 0.319507
0.504891 0.211112
0.505633 0.551426
0.506475 0.772883
0.506521 0.724371
0.510724 0.560868
0.514114 0.423228
0.514539 0.081956
0.514710 0.254923
0.515646 0.872188
0.515846 0.356346
0.516159 0.717592
0.516924 0.566950
0.517586 0.795273
0.519048 0.319118
0.519847 0.545493
0.520470 0.300916
0.520932 0.827903
0.522687 0.600600
0.523406 0.567305
0.524034 0.251732
0.524393 0.737373
0.526477 0.518712
0.528466 0.088858
0.529180 0.932182
0.532301 0.558382
0.533454 0.298102
0.534543 0.324893
0.539237 0.542089
0.539928 0.726803
0.540133 0.782348
0.540876 0.063751
0.541200 0.382689
0.542461 0.111903
0.545357 0.390848
0.545777 0.119494
0.546642 0.068235
0.548569 0.307085
0.548862 0.530331
0.548952 0.894607
0.550829 0.092371
0.554093 0.597711
0.557332 0.020889
0.557404 0.363981
0.557410 0.246175
0.557935 0.423821
0.559238 0.099844
0.560150 0.039231
0.560352 0.306025
0.560676 0.489145
0.560775 0.092497
0.562399 0.171722
0.562675 0.313498
0.565921 0.274648
0.567227 0.819361
0.568125 0.914849
0.568855 0.630133
0.568947 0.393237
0.569612 0.272791
0.574290 0.503006
0.580429 0.458510
0.580766 0.262843
0.581567 0.424691
0.582979 0.349691
0.583898 0.520487
0.584241 0.487364
0.585274 0.762740
0.586908 0.904603
0.591706 0.144539
0.592360 0.426519
0.592548 0.230844
0.593345 0.210373
0.594855 0.213303
0.594940 0.111676
0.596259 0.024331
0.597233 0.167298
0.600315 0.188992
0.601575 0.481725
0.602089 0.424236
0.602258 0.277979
0.603556 0.290442
0.604145 0.401653
0.604204 0.836218
0.605086 0.469766
0.606621 0.350746
0.607368 0.864032
0.610202 0.293704
0.610268 0.907785
0.610891 0.736387
0.611391 0.560414
0.611648 0.140241
0.613396 0.608670
0.621028 0.396339
0.621690 0.061166
0.622470 0.419050
0.627158 0.210539
0.630635 0.312044
0.631348 0.877170
0.632517 0.428585
0.633264 0.659325
0.633287 0.491464
0.633732 0.505869
0.634906 0.603334
0.637614 0.777729
0.639242 0.679347
0.640161 0.216877
0.640712 0.251418
0.641400 0.704054
0.642798 0.419572
0.643518 0.279212
0.643586 0.242621
0.643894 0.168494
0.644024 0.112587
0.645198 0.788339
0.645408 0.437095
0.646721 0.251379
0.648418 0.415568
0.650080 0.184300
0.651156 0.047847
0.652782 0.229017
0.652970 0.169117
0.653869 0.339614
0.655358 0.725413
0.656244 0.591160
0.656740 0.829616
0.659869 0.194066
0.660066 0.149210
0.660294 0.672694
0.662595 0.117979
0.662612 0.915885
0.662644 0.811156
0.664043 0.842510
0.666119 0.685156
0.669507 0.600214
0.670775 0.419698
0.672083 0.146101
0.673533 0.835953
0.673906 0.691563
0.674598 0.667868
0.674818 0.770018
0.676297 0.079914
0.677328 0.274244
0.678692 0.581256
0.679211 0.548635
0.684000 0.840091
0.685493 0.778530
0.685801 0.680573
0.685980 0.720073
0.689929 0.792270
0.691297 0.605371
0.691504 0.839168
0.691963 0.766599
0.694634 0.241040
0.697081 0.595260
0.700724 0.718004
0.702043 0.522259
0.702261 0.657463
0.703026 0.802280
0.703065 0.161802
0.703157 0.301693
0.703534 0.459847
0.704651 0.825803
0.705026 0.313885
0.705465 0.268320
0.706082 0.610237
0.707710 0.693657
0.709418 0.903035
0.709451 0.899472
0.709549 0.795586
0.713027 0.615124
0.713293 0.323372
0.713371 0.411170
0.713417 0.751066
0.713647 0.189523
0.713702 0.452878
0.717967 0.171597
0.718048 0.301458
0.718475 0.470560
0.719076 0.550689
0.719433 0.844537
0.721324 0.588742
0.723097 0.629249
0.724001 0.560420
0.724720 0.185644
0.725092 0.010472
0.726382 0.869746
0.727251 0.401085
0.727280 0.643606
0.728723 0.501278
0.729605 0.570442
0.730630 0.341056
0.730940 0.044337
0.731220 0.137624
0.737456 0.414746
0.738186 0.233398
0.738559 0.200740
0.739018 0.330698
0.740213 0.003914
0.740316 0.552526
0.740524 0.323817
0.741576 0.738461
0.742694 0.580236
0.743036 0.584725
0.744227 0.349354
0.745479 0.438298
0.746100 0.401895
0.749311 0.139577
0.749856 0.416293
0.750116 0.572502
0.750707 0.549941
0.750744 0.510473
0.751205 0.391421
0.752970 0.391643
0.753104 0.389832
0.753266 0.126738
0.756017 0.484767
0.757194 0.038966
0.758765 0.667230
0.758884 0.493816
0.759795 0.175926
0.760756 0.129958
0.760932 0.832057
0.761033 0.060840
0.761247 0.553278
0.761536 0.495022
0.762568 0.095259
0.764302 0.265384
0.765762 0.554033
0.767219 0.505362
0.768852 0.644426
0.773162 0.791151
0.773236 0.261080
0.776427 0.318142
0.777778 0.272002
0.779507 0.792067
0.779876 0.280222
0.782250 0.821118
0.782316 0.340992
0.782595 0.805430
0.784146 0.052194
0.784837 0.299354
0.786622 0.155951
0.789737 0.724456
0.789944 0.247625
0.792368 0.191987
0.792884 0.189397
0.795821 0.029807
0.796073 0.849483
0.797566 0.688805
0.797868 0.261529
0.798017 0.559576
0.798947 0.107858
0.800948 0.066368
0.803209 0.399717
0.807868 0.744948
0.811518 0.514431
0.811579 0.651366
0.812141 0.821253
0.812832 0.268121
0.815584 0.635827
0.817078 0.738799
0.817117 0.319306
0.817302 0.329532
0.817792 0.486419
0.818164 0.089984
0.821267 0.863001
0.822266 0.449605
0.823088 0.818381
0.823103 0.205589
0.823824 0.552895
0.825239 0.455788
0.832981 0.708099
0.834954 0.035891
0.838035 0.824056
0.838959 0.802592
0.839924 0.787275
0.841352 0.772317
0.841869 0.177069
0.843951 0.579462
0.844143 0.537529
0.844526 0.630168
0.846387 0.784674
0.847429 0.245731
0.849948 0.651209
0.850085 0.722321
0.851227 0.046678
0.855275 0.286880
0.855454 0.392740
0.856054 0.135296
0.859874 0.858423
0.860361 0.482271
0.862610 0.564585
0.862950 0.147017
0.864130 0.583055
0.864342 0.771003
0.864840 0.880500
0.865735 0.712079
0.866199 0.465538
0.866311 0.867573
0.868145 0.108741
0.869150 0.578006
0.869641 0.580712
0.870381 0.334057
0.874007 0.007177
0.876986 0.863207
0.877715 0.139137
0.879625 0.575532
0.879660 0.737570
0.881294 0.457040
0.881715 0.560006
0.882739 0.422193
0.883260 0.850251
0.883441 0.835484
0.884583 0.663074
0.887473 0.105630
0.888851 0.379884
0.890592 0.199208
0.891551 0.190968
0.892338 0.541554
0.893159 0.310457
0.893952 0.313716
0.895491 0.298955
0.898062 0.517905
0.899768 0.196706
0.901163 0.806922
0.901532 0.562212
0.903666 0.415128
0.905311 0.360893
0.905332 0.358194
0.906435 0.542541
0.910047 0.031621
0.910213 0.558559
0.910337 0.656371
0.911633 0.563403
0.912220 0.825049
0.914439 0.537454
0.915265 0.662591
0.916993 0.724798
0.917449 0.552947
0.918042 0.267192
0.918079 0.182438
0.918538 0.522351
0.921480 0.602505
0.922397 0.622979
0.923650 0.251228
0.925770 0.816700
0.928531 0.640095
0.928757 0.306249
0.932747 0.481766
0.935250 0.111751
0.936348 0.104689
0.937160 0.195058
0.937203 0.504754
0.939670 0.544701
0.944760 0.549061
0.945069 0.493801
0.947506 0.680837
0.952768 0.238236
0.954335 0.544047
0.954751 0.111519
0.956971 0.215968
0.958724 0.282734
0.960301 0.251806
0.960824 0.768455
0.961059 0.268794
0.961643 0.777159
0.961711 0.409798
0.963901 0.607149
0.964194 0.296524
0.965192 0.280299
0.966462 0.113909
0.966865 0.764027
0.967109 0.335347
0.967287 0.000000
0.967410 0.404107
0.968269 0.077216
0.971798 0.332914
0.972203 0.478993
0.972590 0.050588
0.974171 0.282501
0.974428 0.282742
0.974525 0.741088
0.975633 0.585877
0.975810 0.148273
0.977701 0.454593
0.979035 0.620218
0.980001 0.490159
0.982723 0.120278
0.985236 0.807227
0.986031 0.763489
0.987003 0.455622
0.988137 0.292928
0.988986 0.104903
0.994216 0.117922
0.994572 0.475420
0.998161 0.176770
0.998275 0.547915
0.999178 0.529014
0.999296 0.194452
1.000000 0.498004
