0.000000 0.185929
0.015539 0.078361
0.018739 0.874847
0.020293 0.262625
0.024535 0.220011
0.025510 0.361842
0.033891 0.203404
0.039053 0.102280
0.042357 0.348945
0.042508 0.667555
0.042625 0.122737
0.053948 0.289751
0.056870 0.525307
0.059737 0.932773
0.062945 0.916675
0.063236 0.383978
0.065329 0.735415
0.065719 0.595625
0.066341 0.626526
0.071772 0.391742
0.072055 0.109836
0.072942 0.118108
0.074431 0.162774
0.074582 0.030018
0.075237 0.080019
0.076401 0.170337
0.076893 0.206623
0.077023 0.112803
0.080595 0.291048
0.081094 0.378776
0.081961 0.307704
0.083192 0.442326
0.083675 0.210310
0.083875 0.231831
0.086113 0.142180
0.086625 0.459460
0.089793 0.208914
0.091213 0.226339
0.091349 0.198597
0.092571 0.190853
0.092736 0.083138
0.096393 0.212165
0.098640 0.513953
0.099241 0.127433
0.103077 0.246883
0.105288 0.325392
0.111567 0.048820
0.113898 1.000000
0.117578 0.072596
0.117708 0.300007
0.117924 0.721543
0.118381 0.135483
0.124856 0.016911
0.126915 0.541201
0.128256 0.486009
0.129470 0.072841
0.131473 0.268206
0.131691 0.052516
0.134438 0.056987
0.136115 0.067829
0.139688 0.035869
0.139921 0.133234
0.141865 0.147150
0.142653 0.199551
0.142733 0.041944
0.143487 0.078776
0.144398 0.093914
0.148856 0.300929
0.148990 0.166580
0.149109 0.146483
0.151776 0.110240
0.152166 0.099438
0.153548 0.113767
0.153855 0.201061
0.154931 0.320908
0.155637 0.283715
0.156194 0.031809
0.157114 0.235696
0.159101 0.202855
0.160617 0.169271
0.160740 0.089549
0.162867 0.240594
0.164457 0.099496
0.165118 0.188167
0.166682 0.120405
0.167413 0.057617
0.167719 0.164247
0.167740 0.243691
0.168597 0.316772
0.168704 0.072498
0.170739 0.319854
0.170830 0.087971
0.170916 0.082815
0.171157 0.228454
0.173277 0.070992
0.174262 0.110094
0.174285 0.126002
0.174542 0.231395
0.175264 0.027081
0.176757 0.596643
0.177483 0.171599
0.179624 0.090783
0.180383 0.142305
0.180544 0.180195
0.182185 0.410144
0.182452 0.124009
0.183247 0.269366
0.183499 0.075378
0.184359 0.088107
0.186213 0.080293
0.186366 0.118290
0.186869 0.216660
0.186918 0.133049
0.188123 0.197031
0.189206 0.162780
0.189534 0.070830
0.190259 0.056047
0.191766 0.072922
0.194694 0.082959
0.194766 0.332565
0.194796 0.394971
0.195477 0.186838
0.195575 0.368344
0.200158 0.074480
0.201144 0.068948
0.202785 0.168676
0.204339 0.134109
0.205026 0.053756
0.206368 0.059623
0.207880 0.131034
0.208421 0.027216
0.209279 0.028901
0.210717 0.279848
0.211579 0.171784
0.211832 0.086147
0.214186 0.112290
0.217468 0.350897
0.218058 0.044157
0.218537 0.017563
0.218749 0.073425
0.219687 0.554281
0.221792 0.070612
0.221886 0.131279
0.222933 0.137674
0.223267 0.251588
0.223734 0.338690
0.225939 0.032779
0.227336 0.268498
0.229858 0.124809
0.230373 0.216008
0.231528 0.015836
0.232929 0.246797
0.233179 0.109849
0.233497 0.367457
0.234873 0.178368
0.235725 0.266598
0.236377 0.108479
0.236399 0.016970
0.237724 0.144729
0.238304 0.260392
0.239953 0.095905
0.240431 0.071296
0.242119 0.060444
0.244853 0.056541
0.248097 0.079318
0.250818 0.127495
0.250951 0.095331
0.253246 0.129163
0.255221 0.106855
0.255745 0.113743
0.255939 0.089846
0.258975 0.045785
0.262953 0.111257
0.264125 0.065991
0.264933 0.054323
0.265371 0.195406
0.265971 0.067542
0.266147 0.013522
0.269961 0.104287
0.271368 0.078859
0.271568 0.091678
0.272856 0.099212
0.276302 0.103952
0.276363 0.041928
0.276853 0.178293
0.277838 0.155262
0.278524 0.088148
0.279402 0.036934
0.283045 0.067665
0.284709 0.072890
0.290049 0.060716
0.292160 0.036039
0.292394 0.097303
0.292583 0.073968
0.299175 0.079890
0.302679 0.084681
0.304329 0.137247
0.305676 0.131294
0.307074 0.244949
0.307798 0.148033
0.309981 0.110292
0.310082 0.111273
0.310277 0.134417
0.310788 0.024969
0.313034 0.173260
0.313391 0.056160
0.314313 0.065590
0.314526 0.103265
0.316751 0.024146
0.318282 0.184962
0.318771 0.031470
0.319032 0.007779
0.319777 0.055615
0.323954 0.083680
0.324476 0.060120
0.325252 0.031275
0.325306 0.062147
0.325601 0.024307
0.325903 0.079627
0.327745 0.029111
0.327801 0.049255
0.328471 0.110926
0.330194 0.083379
0.331669 0.233769
0.333307 0.088359
0.335108 0.063001
0.335182 0.071248
0.335974 0.058770
0.336056 0.098992
0.336206 0.132792
0.338597 0.012755
0.339140 0.127504
0.340102 0.035108
0.340828 0.137001
0.341711 0.045060
0.342017 0.063982
0.343037 0.055801
0.343353 0.118519
0.344552 0.166253
0.344928 0.047819
0.349989 0.053412
0.350221 0.035437
0.350700 0.416755
0.350781 0.267832
0.351773 0.058427
0.352100 0.097344
0.353750 0.139397
0.353925 0.040758
0.354428 0.115472
0.355881 0.206615
0.358270 0.069945
0.359458 0.053638
0.359679 0.061258
0.363792 0.070520
0.365335 0.016448
0.365340 0.048654
0.366034 0.051200
0.367726 0.170194
0.368361 0.103809
0.369746 0.016966
0.371092 0.078644
0.373460 0.048103
0.375363 0.054560
0.376963 0.053957
0.378408 0.209381
0.378886 0.107906
0.379184 0.011480
0.382686 0.108165
0.383515 0.083880
0.385041 0.054684
0.385914 0.062681
0.387586 0.049251
0.390212 0.045686
0.394913 0.018040
0.395872 0.072971
0.398299 0.042655
0.398326 0.038056
0.399920 0.084981
0.400232 0.047955
0.403680 0.109363
0.403914 0.077368
0.404125 0.060124
0.404889 0.045460
0.405706 0.195437
0.407683 0.051039
0.408240 0.017314
0.408640 0.209439
0.409928 0.028812
0.410538 0.076418
0.411156 0.059328
0.414468 0.013886
0.415076 0.046793
0.415152 0.037106
0.417702 0.065074
0.418457 0.056498
0.418953 0.087208
0.419417 0.078488
0.423941 0.057242
0.424329 0.123426
0.425994 0.059224
0.426057 0.051466
0.427212 0.147501
0.427446 0.025893
0.428294 0.016639
0.428878 0.184350
0.429808 0.059632
0.433267 0.065483
0.433857 0.099592
0.447018 0.063004
0.449652 0.053069
0.450683 0.047040
0.452457 0.024055
0.455012 0.008884
0.455083 0.098538
0.455368 0.033281
0.455887 0.060787
0.456132 0.055715
0.456544 0.041646
0.458672 0.026314
0.459994 0.125701
0.462835 0.030230
0.469453 0.027029
0.472193 0.021870
0.474455 0.110604
0.476826 0.023193
0.478292 0.035632
0.478511 0.086634
0.488306 0.042403
0.488428 0.030892
0.489311 0.032063
0.489366 0.048727
0.491417 0.024190
0.494364 0.024615
0.497593 0.003239
0.499098 0.015719
0.499425 0.036692
0.503135 0.034515
0.504891 0.043931
0.506672 0.023004
0.507330 0.020148
0.507440 0.032226
0.509978 0.031757
0.513017 0.026787
0.514957 0.050463
0.516279 0.025016
0.516855 0.015474
0.520564 0.050413
0.520755 0.033177
0.522454 0.027700
0.523060 0.048599
0.542014 0.030326
0.548753 0.018650
0.549669 0.023304
0.550034 0.044856
0.550806 0.076286
0.551154 0.020478
0.557018 0.030466
0.559445 0.016876
0.559943 0.083804
0.568908 0.015439
0.575808 0.036255
0.577680 0.015624
0.586597 0.014345
0.587117 0.025020
0.589253 0.072439
0.594726 0.059571
0.597869 0.033884
0.600858 0.000000
0.612285 0.027449
0.616537 0.018702
0.619391 0.035001
0.622953 0.017138
0.624640 0.032764
0.630469 0.014581
0.630809 0.014088
0.639339 0.042185
0.642157 0.002943
0.660433 0.018763
0.661894 0.014006
0.671686 0.016243
0.680140 0.018790
0.682805 0.005707
0.694866 0.025213
0.696861 0.045766
0.702523 0.015231
0.706610 0.021085
0.712280 0.019657
0.720862 0.014870
0.722733 0.036721
0.729956 0.023268
0.752508 0.003781
0.761236 0.046958
0.768923 0.000905
0.783313 0.012060
0.807756 0.014617
0.842369 0.016417
0.853644 0.024458
0.903130 0.004520
0.909669 0.009915
1.000000 0.002185
