0.000000 0.003343
0.013852 0.013000
0.020499 0.001364
0.030812 0.000000
0.059697 0.005151
0.071632 0.039071
0.071948 0.010057
0.073563 0.002272
0.075178 0.000922
0.084636 0.003484
0.085288 0.003432
0.089142 0.005629
0.091020 0.004504
0.092613 0.022931
0.093013 0.002965
0.096031 0.003704
0.107201 0.057824
0.108961 0.031981
0.111341 0.013469
0.114355 0.004723
0.122578 0.040881
0.125301 0.018432
0.126273 0.007296
0.129840 0.016938
0.131844 0.004192
0.134621 0.010620
0.142881 0.013960
0.147616 0.032030
0.152163 0.032052
0.152302 0.015585
0.155295 0.008423
0.157993 0.018524
0.160271 0.013226
0.168016 0.060868
0.171259 0.053807
0.171517 0.003906
0.172669 0.007798
0.176891 0.007281
0.179835 0.045991
0.181104 0.022123
0.182630 0.108239
0.182921 0.060042
0.184104 0.042185
0.188024 0.014756
0.188437 0.012268
0.194647 0.006750
0.195324 0.012924
0.195561 0.045507
0.197225 0.030577
0.197808 0.011550
0.198407 0.030009
0.203423 0.036893
0.203813 0.017075
0.203998 0.067011
0.204200 0.036478
0.205415 0.133306
0.206160 0.025927
0.207109 0.021130
0.207689 0.021899
0.207889 0.051245
0.208283 0.022639
0.208659 0.005102
0.209053 0.050517
0.210174 0.013426
0.210562 0.034789
0.213180 0.025261
0.214723 0.023466
0.217723 0.021037
0.217760 0.027346
0.218102 0.004606
0.218507 0.028862
0.218921 0.044168
0.219721 0.078478
0.220938 0.052523
0.222874 0.034972
0.223179 0.018241
0.223225 0.012859
0.224410 0.015706
0.226406 0.084635
0.228171 0.019844
0.229094 0.134750
0.230128 0.018567
0.232432 0.011528
0.234423 0.016307
0.236444 0.029293
0.236528 0.047754
0.236567 0.042344
0.238363 0.030078
0.238455 0.037001
0.239485 0.037352
0.239487 0.116054
0.240393 0.075146
0.240614 0.027038
0.240633 0.031033
0.240823 0.026680
0.241245 0.110777
0.242166 0.167772
0.242274 0.044726
0.243291 0.047320
0.243520 0.058573
0.244936 0.019955
0.245045 0.075019
0.245093 0.044176
0.245493 0.021010
0.245701 0.035387
0.246918 0.019624
0.250697 0.041277
0.250886 0.076768
0.252954 0.059937
0.253235 0.076907
0.254597 0.027667
0.254956 0.029829
0.257147 0.064167
0.257207 0.024604
0.257668 0.034680
0.258163 0.028915
0.258397 0.038301
0.258497 0.026375
0.258750 0.047347
0.259951 0.021278
0.260375 0.035845
0.262397 0.046715
0.262589 0.020844
0.263389 0.027366
0.264490 0.032849
0.265257 0.031121
0.266794 0.042175
0.268644 0.024391
0.269188 0.064320
0.269325 0.224310
0.269491 0.211364
0.269937 0.054958
0.271229 0.036493
0.271319 0.066395
0.271629 0.010184
0.272178 0.045100
0.274285 0.033987
0.275339 0.016447
0.275446 0.097279
0.275876 0.054832
0.275911 0.073539
0.276172 0.015591
0.276803 0.020816
0.277573 0.053776
0.278576 0.090929
0.281203 0.183603
0.281348 0.033282
0.282039 0.025604
0.282617 0.066500
0.283358 0.108398
0.283400 0.067455
0.284595 0.027281
0.286405 0.022596
0.286415 0.021836
0.286442 0.042056
0.287745 0.015559
0.288477 0.136409
0.288824 0.050180
0.288897 0.007070
0.291010 0.066508
0.291882 0.030048
0.292892 0.042732
0.293461 0.024912
0.293530 0.064373
0.294855 0.109411
0.295179 0.111265
0.295252 0.033573
0.295519 0.056684
0.295563 0.025088
0.295623 0.024759
0.295902 0.113274
0.296053 0.021762
0.296564 0.081545
0.296660 0.040861
0.297100 0.036840
0.297476 0.075530
0.298232 0.042270
0.299056 0.089165
0.299133 0.225266
0.299447 0.049358
0.299483 0.132161
0.300015 0.025690
0.300307 0.042846
0.300637 0.044134
0.300989 0.064520
0.301078 0.050311
0.301146 0.041517
0.301637 0.046700
0.301656 0.030975
0.301668 0.083904
0.302255 0.014903
0.302588 0.008150
0.303003 0.012958
0.304559 0.017223
0.305101 0.016819
0.305141 0.094155
0.305143 0.090689
0.305442 0.056597
0.305820 0.055900
0.306241 0.028097
0.307078 0.166790
0.307885 0.044708
0.308301 0.023986
0.308608 0.093253
0.308864 0.091110
0.309810 0.124411
0.310711 0.052671
0.310900 0.016802
0.311101 0.149608
0.312374 0.056329
0.312512 0.117911
0.312708 0.062879
0.312951 0.085385
0.313293 0.082867
0.314354 0.144234
0.314943 0.017436
0.316235 0.120504
0.317629 0.014661
0.317909 0.066565
0.318443 0.042070
0.318626 0.087833
0.318907 0.082783
0.319052 0.039925
0.319060 0.034800
0.320017 0.026095
0.320037 0.050435
0.320802 0.048202
0.321343 0.041870
0.321596 0.053453
0.322767 0.037465
0.322823 0.031415
0.323295 0.166142
0.323355 0.048061
0.323476 0.083021
0.323502 0.016926
0.324095 0.140916
0.325017 0.054701
0.325373 0.116674
0.325449 0.149647
0.325872 0.022713
0.325962 0.024898
0.326888 0.064408
0.328028 0.057267
0.328362 0.112104
0.328455 0.042005
0.328690 0.034393
0.328774 0.036801
0.329303 0.038847
0.329475 0.091705
0.329727 0.020317
0.330655 0.062432
0.331076 0.063312
0.333163 0.045521
0.334216 0.116343
0.334566 0.033899
0.335158 0.067704
0.335349 0.127073
0.335470 0.047622
0.336608 0.029632
0.338127 0.028119
0.338916 0.122256
0.339513 0.048444
0.340453 0.197621
0.340675 0.092479
0.340851 0.170316
0.342304 0.043577
0.342836 0.230605
0.342945 0.054963
0.343135 0.072116
0.343342 0.093155
0.343810 0.067947
0.344057 0.065627
0.344326 0.031821
0.345320 0.177471
0.345852 0.058605
0.346188 0.114421
0.346557 0.025493
0.347488 0.109413
0.348541 0.043221
0.348743 0.100846
0.349552 0.104486
0.349598 0.100249
0.349669 0.053747
0.349933 0.073552
0.350139 0.076783
0.350767 0.085300
0.350828 0.168838
0.351374 0.048914
0.351924 0.166120
0.352272 0.047853
0.352297 0.060331
0.352564 0.028872
0.352742 0.043790
0.352881 0.105511
0.352994 0.062508
0.353372 0.296818
0.353480 0.030489
0.353847 0.049383
0.354246 0.051797
0.354319 0.102983
0.354564 0.026753
0.355238 0.228870
0.356363 0.067875
0.356412 0.143169
0.356458 0.112590
0.356795 0.043560
0.356853 0.258389
0.357846 0.139000
0.358022 0.043072
0.358094 0.216963
0.360661 0.073346
0.360776 0.053125
0.361668 0.048469
0.361776 0.080404
0.362589 0.068275
0.362739 0.158476
0.362874 0.078026
0.363164 0.129188
0.365435 0.107587
0.365790 0.036855
0.365853 0.073073
0.366014 0.123052
0.366515 0.049635
0.366626 0.072585
0.366702 0.069694
0.366935 0.054052
0.368018 0.039596
0.368025 0.093748
0.369579 0.256008
0.369952 0.045653
0.370700 0.131008
0.371400 0.097319
0.371517 0.062180
0.371606 0.131280
0.371672 0.038929
0.372091 0.027541
0.372244 0.086508
0.372771 0.050130
0.372892 0.089981
0.373103 0.077591
0.373196 0.064135
0.373386 0.080386
0.374159 0.052350
0.374535 0.109860
0.374653 0.093828
0.374775 0.037086
0.374844 0.089368
0.376014 0.071902
0.376210 0.174438
0.376244 0.060441
0.376288 0.093273
0.376910 0.295781
0.377086 0.132497
0.377178 0.121738
0.377982 0.093410
0.378543 0.116741
0.379085 0.038985
0.379202 0.178111
0.379407 0.069812
0.379845 0.084212
0.380290 0.165423
0.380351 0.156996
0.380444 0.054134
0.380529 0.090865
0.380682 0.068311
0.380943 0.309928
0.381909 0.075153
0.382023 0.134082
0.383267 0.095173
0.384136 0.092333
0.385337 0.175555
0.385447 0.082143
0.385767 0.059914
0.385921 0.080296
0.387106 0.171722
0.387307 0.059827
0.387428 0.119994
0.387562 0.095071
0.387798 0.091634
0.388051 0.132531
0.388338 0.123686
0.388657 0.119981
0.388729 0.064475
0.388861 0.130135
0.389011 0.088800
0.389181 0.024158
0.389280 0.097969
0.389306 0.143140
0.389750 0.081286
0.389812 0.125604
0.389898 0.048273
0.389915 0.051285
0.390058 0.115810
0.390256 0.067830
0.390260 0.172460
0.390712 0.131529
0.390989 0.127675
0.391027 0.070973
0.391045 0.052231
0.391070 0.126694
0.391103 0.199352
0.391220 0.095889
0.391496 0.233054
0.391714 0.094881
0.391770 0.076830
0.392019 0.075367
0.392093 0.086756
0.392642 0.030871
0.392921 0.087911
0.393105 0.093300
0.393594 0.053364
0.393776 0.064231
0.394049 0.055246
0.394114 0.069803
0.394329 0.266080
0.395050 0.139668
0.395100 0.059190
0.395526 0.076203
0.395652 0.081310
0.396081 0.072711
0.396655 0.106613
0.397242 0.103912
0.397806 0.077299
0.397949 0.191574
0.398522 0.218658
0.399996 0.054462
0.400124 0.059589
0.400128 0.077932
0.400271 0.272526
0.400351 0.046406
0.400410 0.081699
0.400491 0.063952
0.400779 0.080028
0.400838 0.101083
0.401611 0.066527
0.401642 0.161772
0.401862 0.213582
0.402747 0.117973
0.403519 0.034954
0.403609 0.170307
0.403847 0.128650
0.403854 0.048595
0.404673 0.084844
0.405400 0.043077
0.405962 0.159003
0.406293 0.299557
0.406342 0.104357
0.406813 0.206845
0.407431 0.111800
0.407775 0.122771
0.407855 0.103553
0.408037 0.195875
0.409192 0.066400
0.409501 0.095930
0.409893 0.163882
0.410213 0.063587
0.410277 0.034097
0.411113 0.310750
0.412017 0.168759
0.412576 0.060219
0.413176 0.076005
0.413591 0.096194
0.413975 0.159484
0.413994 0.091372
0.414097 0.128482
0.414308 0.108169
0.414638 0.028989
0.414679 0.053906
0.414779 0.129682
0.414813 0.103063
0.414915 0.117740
0.415195 0.154434
0.416356 0.109050
0.416530 0.079232
0.416688 0.131360
0.416840 0.211850
0.417614 0.041995
0.418652 0.069620
0.418875 0.051348
0.418882 0.226778
0.419550 0.155702
0.419555 0.117237
0.419564 0.144763
0.419821 0.227419
0.419838 0.155210
0.420642 0.059859
0.421155 0.140442
0.421229 0.080510
0.421264 0.141623
0.421341 0.063948
0.421569 0.066400
0.421743 0.045026
0.421768 0.075731
0.422550 0.073247
0.422654 0.130050
0.423033 0.118604
0.423346 0.102983
0.423382 0.127166
0.423433 0.064636
0.424810 0.046158
0.424902 0.084048
0.424972 0.065641
0.425456 0.047780
0.425779 0.257400
0.425847 0.074286
0.426013 0.119704
0.426342 0.060660
0.426394 0.070914
0.426660 0.184474
0.426668 0.096409
0.427800 0.146387
0.428116 0.085007
0.428214 0.117985
0.428419 0.100712
0.428643 0.200882
0.428681 0.113841
0.428896 0.082784
0.429765 0.114977
0.430016 0.204934
0.431214 0.080795
0.431218 0.063224
0.431686 0.040523
0.431797 0.037667
0.431916 0.093813
0.432332 0.097827
0.432366 0.084646
0.432909 0.119346
0.433448 0.095642
0.433726 0.193269
0.433993 0.254036
0.434166 0.170755
0.434320 0.042388
0.434718 0.076003
0.435352 0.188931
0.435532 0.104527
0.435534 0.186502
0.435575 0.074293
0.436236 0.129569
0.436459 0.169055
0.436767 0.095136
0.436785 0.088307
0.437247 0.136392
0.437411 0.070937
0.437565 0.078336
0.437651 0.220341
0.438060 0.099808
0.438511 0.198009
0.438882 0.142895
0.438984 0.139971
0.439118 0.153474
0.439422 0.143089
0.439766 0.170790
0.440565 0.029891
0.440672 0.092233
0.441434 0.115768
0.441831 0.178947
0.442223 0.244579
0.442333 0.124764
0.442718 0.167391
0.442922 0.263858
0.443338 0.051329
0.443530 0.066341
0.444011 0.268040
0.444036 0.124307
0.444147 0.100662
0.444535 0.111389
0.444539 0.196512
0.444726 0.185447
0.445136 0.093443
0.445486 0.172448
0.446439 0.043705
0.447477 0.086819
0.447523 0.109341
0.447832 0.312837
0.448207 0.298464
0.448496 0.283672
0.449224 0.168654
0.449735 0.346195
0.449863 0.107403
0.449977 0.119101
0.451983 0.094500
0.452688 0.172443
0.452791 0.152047
0.452926 0.066826
0.453329 0.109467
0.453522 0.058482
0.454647 0.088306
0.454762 0.075883
0.454787 0.306940
0.454887 0.158545
0.456127 0.079784
0.456416 0.125160
0.456483 0.154394
0.456530 0.127622
0.457175 0.199477
0.457737 0.203508
0.458426 0.111480
0.458543 0.143549
0.458871 0.070359
0.459371 0.239855
0.459388 0.204217
0.459464 0.188449
0.460527 0.099688
0.460557 0.177817
0.460569 0.324809
0.460590 0.105256
0.460694 0.144745
0.460908 0.149116
0.461273 0.193159
0.461317 0.062036
0.461560 0.038929
0.462281 0.138273
0.462563 0.094089
0.462651 0.083244
0.462765 0.252128
0.463061 0.064828
0.463332 0.083302
0.463694 0.221895
0.463774 0.190790
0.464161 0.134888
0.464239 0.110562
0.464323 0.069959
0.464445 0.097826
0.465059 0.153040
0.465192 0.099593
0.465254 0.046629
0.465798 0.130389
0.465799 0.189673
0.466982 0.257932
0.467012 0.163476
0.467147 0.170795
0.467958 0.272481
0.468330 0.110372
0.468739 0.201006
0.468906 0.125858
0.468972 0.200865
0.469480 0.161558
0.469668 0.156056
0.469957 0.232321
0.469992 0.242793
0.470582 0.070014
0.470744 0.167254
0.470845 0.061640
0.471043 0.154662
0.471306 0.135235
0.471569 0.063681
0.471769 0.096172
0.472058 0.333652
0.472963 0.227915
0.473625 0.143873
0.473841 0.171942
0.474172 0.088129
0.475180 0.181623
0.475846 0.079733
0.476005 0.073616
0.476731 0.179916
0.477034 0.079902
0.477041 0.166005
0.477302 0.135593
0.477345 0.088094
0.477514 0.225702
0.477792 0.194447
0.477855 0.067730
0.477976 0.158741
0.478812 0.284043
0.478962 0.043042
0.479386 0.137798
0.479418 0.149803
0.479430 0.105905
0.479571 0.248737
0.479765 0.153281
0.480072 0.087264
0.480118 0.174793
0.480148 0.273694
0.480177 0.163921
0.480182 0.115087
0.480197 0.106618
0.480880 0.334206
0.481184 0.104254
0.481222 0.200389
0.482378 0.152050
0.482402 0.078464
0.483305 0.194061
0.483331 0.153047
0.483576 0.211123
0.484058 0.076306
0.484489 0.134716
0.484795 0.206668
0.485350 0.259187
0.485364 0.154291
0.486172 0.069436
0.486234 0.090683
0.486881 0.091584
0.486987 0.161078
0.487118 0.113064
0.487198 0.162245
0.487357 0.164878
0.488465 0.205449
0.488607 0.062961
0.488870 0.182317
0.489161 0.067056
0.489288 0.091440
0.489893 0.080357
0.489997 0.143065
0.491082 0.067141
0.491092 0.129996
0.491131 0.115461
0.491568 0.163627
0.492017 0.115994
0.492372 0.199671
0.492422 0.124973
0.492649 0.214198
0.492705 0.094359
0.492802 0.165409
0.493639 0.063780
0.494131 0.242877
0.494586 0.318986
0.494713 0.176754
0.495057 0.095107
0.495104 0.207138
0.495210 0.128183
0.495525 0.077981
0.496007 0.101297
0.496109 0.172045
0.496833 0.165700
0.497330 0.230516
0.497559 0.258879
0.497819 0.196305
0.498003 0.096975
0.498322 0.239867
0.498868 0.197018
0.499154 0.348136
0.499249 0.071745
0.499732 0.124035
0.500160 0.088644
0.500442 0.167013
0.502020 0.214638
0.502406 0.144611
0.502516 0.091340
0.502923 0.127313
0.503836 0.237089
0.503922 0.225968
0.504148 0.070634
0.504240 0.135218
0.504559 0.122944
0.505492 0.165022
0.505502 0.068930
0.505818 0.288624
0.505977 0.143475
0.506562 0.104370
0.506773 0.267814
0.507040 0.098997
0.507168 0.100838
0.507394 0.114660
0.508575 0.205894
0.508689 0.153100
0.508829 0.165801
0.508875 0.253686
0.509337 0.094665
0.509402 0.208987
0.509610 0.091143
0.510521 0.062933
0.511037 0.274580
0.511128 0.206279
0.511277 0.267617
0.511454 0.130330
0.511568 0.141912
0.511626 0.073082
0.511657 0.193380
0.511730 0.543343
0.512011 0.144617
0.512628 0.085838
0.512643 0.108059
0.512695 0.124018
0.513214 0.185989
0.513441 0.118857
0.514008 0.129311
0.514387 0.113296
0.514433 0.110582
0.514527 0.176012
0.515459 0.075407
0.515653 0.283681
0.515723 0.227647
0.516084 0.189782
0.516117 0.120578
0.516823 0.192307
0.517278 0.164423
0.518086 0.186004
0.518088 0.109319
0.518543 0.080761
0.518675 0.145240
0.518966 0.381097
0.519059 0.095638
0.520215 0.153595
0.520218 0.178296
0.520331 0.201780
0.521179 0.241649
0.521604 0.235111
0.521830 0.164629
0.522054 0.134971
0.522316 0.277861
0.522899 0.229699
0.522939 0.148171
0.523094 0.356215
0.523318 0.179337
0.523624 0.229347
0.524033 0.159526
0.524055 0.150071
0.524115 0.202848
0.524228 0.166400
0.524433 0.136398
0.525166 0.129808
0.525332 0.194791
0.526429 0.097865
0.526494 0.097162
0.526559 0.128530
0.526969 0.141961
0.527257 0.287882
0.527311 0.168300
0.527623 0.453831
0.528040 0.162066
0.529004 0.215541
0.529530 0.165382
0.529642 0.192059
0.529855 0.122974
0.530357 0.137903
0.530603 0.216145
0.530676 0.215429
0.532075 0.186148
0.532715 0.123637
0.533189 0.179624
0.533317 0.130477
0.533347 0.192221
0.533465 0.257913
0.533553 0.086090
0.533649 0.187694
0.533937 0.120427
0.534676 0.166383
0.535061 0.165169
0.535220 0.167229
0.535774 0.089863
0.535943 0.192775
0.537002 0.214221
0.537084 0.102633
0.537520 0.090107
0.538632 0.153915
0.538831 0.162440
0.539246 0.132266
0.539306 0.130962
0.539340 0.231679
0.539385 0.233438
0.539433 0.156212
0.540486 0.169243
0.541236 0.244448
0.541471 0.151242
0.541657 0.240819
0.541771 0.399190
0.541826 0.181593
0.541835 0.168304
0.542172 0.371088
0.542238 0.284432
0.542304 0.098004
0.542856 0.224067
0.543336 0.320486
0.543800 0.060131
0.544323 0.144394
0.544410 0.475775
0.544432 0.191902
0.545442 0.243020
0.546065 0.429430
0.548004 0.222652
0.548395 0.170897
0.549393 0.356135
0.549704 0.181521
0.550418 0.214738
0.550488 0.154405
0.550746 0.237287
0.551073 0.279982
0.551521 0.129879
0.551576 0.251154
0.552310 0.173657
0.552313 0.183321
0.552327 0.250936
0.552617 0.161081
0.552626 0.108791
0.552890 0.294855
0.552893 0.183000
0.553099 0.220105
0.553105 0.208221
0.554757 0.187713
0.554798 0.245380
0.554896 0.322475
0.555312 0.174750
0.556156 0.264315
0.556498 0.303771
0.557196 0.300273
0.557663 0.137065
0.557683 0.306910
0.557820 0.250123
0.558500 0.243224
0.558791 0.290570
0.559484 0.111422
0.559493 0.174338
0.559553 0.121611
0.560026 0.364301
0.560135 0.143536
0.560155 0.093657
0.560201 0.172885
0.560247 0.164960
0.560321 0.117286
0.560444 0.125643
0.560856 0.219986
0.561281 0.338103
0.561342 0.154804
0.561652 0.280205
0.562066 0.144820
0.562443 0.127081
0.562709 0.243439
0.562727 0.105436
0.562906 0.192154
0.563170 0.226856
0.563647 0.132614
0.563850 0.189810
0.564606 0.133950
0.564753 0.149618
0.565549 0.396614
0.565599 0.210775
0.566044 0.378929
0.566891 0.101451
0.568222 0.156582
0.568259 0.284675
0.568403 0.314390
0.568756 0.144558
0.569039 0.228854
0.569124 0.107760
0.569370 0.205868
0.569606 0.160285
0.570722 0.202461
0.570766 0.499942
0.571062 0.302348
0.572966 0.162721
0.573317 0.435591
0.574275 0.181131
0.574564 0.143732
0.574643 0.233934
0.574886 0.400854
0.575414 0.188163
0.575595 0.147814
0.575642 0.197015
0.576419 0.315413
0.576633 0.108645
0.577393 0.124060
0.577532 0.287966
0.577763 0.275011
0.578577 0.126867
0.579422 0.318748
0.579715 0.109704
0.579783 0.180067
0.580063 0.264208
0.580239 0.205160
0.582307 0.180214
0.582871 0.180507
0.582967 0.117759
0.583058 0.327263
0.583409 0.151154
0.583563 0.176074
0.583623 0.194438
0.584223 0.217618
0.584589 0.182657
0.585410 0.088675
0.585854 0.289991
0.585885 0.322573
0.586106 0.115071
0.586789 0.211049
0.587217 0.254136
0.587629 0.112697
0.587725 0.331852
0.587798 0.211816
0.587879 0.273271
0.587929 0.165758
0.588506 0.183330
0.588517 0.247872
0.589239 0.348410
0.590083 0.117514
0.590768 0.310451
0.591613 0.117908
0.592798 0.254183
0.593211 0.199964
0.593233 0.181400
0.594193 0.215943
0.594397 0.205713
0.595091 0.193824
0.595157 0.353825
0.595593 0.325048
0.595806 0.163099
0.596825 0.153644
0.597604 0.108616
0.597737 0.123984
0.598231 0.284201
0.598649 0.312738
0.598894 0.193357
0.599571 0.170587
0.599690 0.240628
0.599725 0.255159
0.599786 0.259567
0.600315 0.197517
0.600761 0.280801
0.601708 0.156941
0.602777 0.189270
0.603631 0.302631
0.603806 0.492837
0.603826 0.202688
0.603836 0.181840
0.604552 0.231806
0.604984 0.169585
0.606676 0.163836
0.607850 0.503355
0.608631 0.254322
0.608799 0.232791
0.609648 0.252427
0.610091 0.256690
0.610628 0.301479
0.611348 0.331100
0.611415 0.372142
0.611478 0.276944
0.611508 0.213410
0.611756 0.163267
0.611889 0.355078
0.612078 0.292006
0.612120 0.324605
0.612703 0.202215
0.612818 0.233789
0.612858 0.320428
0.613211 0.115717
0.614122 0.218180
0.614459 0.320847
0.614498 0.369834
0.614865 0.311596
0.615319 0.187925
0.615541 0.302777
0.615825 0.251395
0.615903 0.231893
0.616556 0.158193
0.616977 0.248856
0.617009 0.184715
0.617144 0.187616
0.617349 0.215091
0.617403 0.329914
0.617626 0.168178
0.617946 0.279288
0.618574 0.209092
0.619919 0.226906
0.619951 0.214494
0.619964 0.172978
0.620428 0.446756
0.620570 0.233243
0.620662 0.211571
0.621226 0.290344
0.621242 0.209255
0.621355 0.339487
0.622844 0.321814
0.623338 0.272448
0.623390 0.181339
0.624493 0.289458
0.624869 0.395362
0.624890 0.472963
0.624967 0.095430
0.626231 0.256913
0.626466 0.328659
0.626722 0.332359
0.626790 0.366236
0.626927 0.312128
0.627546 0.494004
0.627734 0.334022
0.627740 0.173504
0.629362 0.313617
0.629660 0.204001
0.629964 0.185814
0.630471 0.171762
0.630476 0.551077
0.630778 0.297970
0.631244 0.356759
0.631740 0.241333
0.632317 0.288669
0.632343 0.475891
0.632677 0.304862
0.633055 0.341269
0.633502 0.281612
0.633654 0.350533
0.634131 0.205462
0.634425 0.581601
0.635037 0.151144
0.635156 0.390808
0.636131 0.338957
0.636547 0.466437
0.636695 0.519170
0.637149 0.181059
0.638038 0.540209
0.639383 0.305872
0.639894 0.386544
0.641596 0.206706
0.642910 0.286419
0.643062 0.351592
0.643258 0.202200
0.643314 0.279228
0.643577 0.129700
0.644114 0.462595
0.644369 0.140085
0.645358 0.285975
0.645985 0.232967
0.646033 0.237557
0.646196 0.509935
0.646246 0.190618
0.647057 0.199312
0.648019 0.435691
0.648181 0.301908
0.648264 0.368514
0.649204 0.274781
0.649717 0.260148
0.649790 0.277878
0.651391 0.197784
0.652879 0.371294
0.654327 0.215851
0.654428 0.318022
0.654646 0.447496
0.654792 0.262658
0.655163 0.213242
0.655210 0.255434
0.656041 0.407237
0.656443 0.327129
0.656670 0.389030
0.657138 0.483093
0.657510 0.204791
0.657698 0.163694
0.657717 0.214264
0.658856 0.496324
0.659520 0.332304
0.659906 0.327545
0.660176 0.383424
0.660669 0.338082
0.660984 0.415317
0.660999 0.277683
0.661058 0.283598
0.661210 0.227839
0.661832 0.283470
0.662000 0.325214
0.662623 0.387633
0.662840 0.203567
0.663650 0.398841
0.664220 0.345828
0.664531 0.439298
0.665180 0.507377
0.665215 0.210006
0.667339 0.213806
0.668006 0.333835
0.670006 0.446119
0.670155 0.311235
0.670242 0.733976
0.670517 0.341878
0.671231 0.282552
0.673701 0.327712
0.674274 0.339651
0.675285 0.526928
0.676043 0.268576
0.677223 0.557115
0.678889 0.286334
0.679255 0.182855
0.681107 0.390926
0.685505 0.506712
0.685580 0.323599
0.685802 0.310973
0.686202 0.746633
0.686829 0.389432
0.688236 0.303819
0.688363 0.253451
0.688391 0.494695
0.689278 0.309028
0.690263 0.280470
0.690279 0.194242
0.691045 0.645661
0.691784 0.401761
0.692988 0.381578
0.694488 0.560635
0.694991 0.457447
0.695210 0.279420
0.695628 0.447284
0.696020 0.354408
0.700779 0.293527
0.701384 0.258346
0.701600 0.642440
0.701653 0.257018
0.703141 0.245046
0.705883 0.334708
0.706219 0.254264
0.708132 0.401791
0.708263 0.443309
0.708712 0.451881
0.709805 0.206220
0.710978 0.247579
0.711307 0.274038
0.711683 0.309642
0.712724 0.362095
0.713145 0.432182
0.713955 0.343971
0.714165 0.374759
0.714496 0.453235
0.715933 0.449085
0.716650 0.448140
0.718292 0.535758
0.721916 0.214647
0.722260 0.418692
0.722270 0.312158
0.722482 0.299530
0.723438 0.407734
0.724798 0.458977
0.727145 0.478915
0.727519 0.314690
0.728101 0.218553
0.730679 0.387314
0.731054 0.486156
0.732866 0.265566
0.734334 0.365133
0.735097 0.518908
0.735747 0.432464
0.736130 0.388182
0.737010 0.436988
0.737174 0.283614
0.740864 0.406951
0.741835 0.383032
0.742870 0.861530
0.744048 0.531101
0.744083 0.370577
0.744761 0.237745
0.749231 0.609114
0.750255 0.418468
0.750878 0.310318
0.752960 0.705103
0.753749 0.394387
0.754511 0.410723
0.754972 0.544688
0.755781 0.618361
0.757051 0.392569
0.757143 0.330581
0.758458 0.410586
0.758836 0.406341
0.761769 0.575815
0.762947 0.504838
0.763400 0.432879
0.763611 0.376874
0.764557 0.341009
0.765163 0.319455
0.765576 0.451366
0.767133 0.367072
0.767296 0.688167
0.768190 0.421969
0.770049 0.410702
0.771643 0.360163
0.772697 0.399434
0.773370 0.531458
0.773762 0.425696
0.774505 0.283049
0.774769 0.531890
0.778656 0.494865
0.780412 0.445616
0.780472 0.420462
0.782152 0.451453
0.782937 0.375471
0.785468 0.257862
0.785498 0.509799
0.787481 0.356258
0.791309 0.788913
0.791959 0.490267
0.793661 0.525191
0.793905 0.398333
0.796972 0.567214
0.799148 0.412087
0.799544 0.550070
0.800799 0.771550
0.802419 0.374374
0.805794 0.620774
0.807184 0.512792
0.807761 0.669268
0.812726 0.393734
0.817288 0.504167
0.817757 0.603961
0.820054 0.521012
0.822150 0.449506
0.827626 0.432447
0.834877 0.770386
0.840075 0.600644
0.844617 0.835016
0.844623 0.496258
0.846545 0.565494
0.853614 0.438307
0.861841 0.556761
0.862243 0.488468
0.870238 0.460625
0.872179 0.657935
0.873664 0.786847
0.887940 0.830547
0.888134 0.596235
0.900450 0.866531
0.900623 0.717881
0.919465 0.841917
0.923442 0.726071
0.946908 0.862731
0.949710 1.000000
0.954289 0.589914
0.955976 0.947529
0.962187 0.860368
1.000000 0.914338
