0.000000 1.000000
0.044775 0.012830
0.081456 0.010230
0.088740 0.022608
0.105352 0.006146
0.118415 0.004252
0.135077 0.007081
0.138281 0.006240
0.150589 0.020303
0.151011 0.001836
0.163657 0.000713
0.183913 0.001070
0.194385 0.000348
0.208100 0.000437
0.208928 0.002475
0.217502 0.006299
0.218770 0.001152
0.219734 0.024214
0.222205 0.000404
0.227402 0.000810
0.232280 0.001138
0.245608 0.001417
0.246146 0.012562
0.251054 0.000485
0.255661 0.004938
0.256064 0.000921
0.256137 0.001516
0.260944 0.001112
0.264067 0.000629
0.269397 0.001180
0.275832 0.002209
0.279450 0.007828
0.289387 0.001071
0.295312 0.001344
0.295838 0.001403
0.296893 0.000295
0.302268 0.000346
0.302566 0.000275
0.303537 0.004618
0.304206 0.006664
0.306851 0.000905
0.314075 0.001000
0.314093 0.001047
0.315612 0.000283
0.319011 0.001011
0.320085 0.000906
0.322525 0.000428
0.322792 0.000514
0.335292 0.003077
0.338609 0.000326
0.340375 0.000391
0.343006 0.003475
0.351582 0.004939
0.351972 0.000199
0.356141 0.001631
0.356445 0.000078
0.357184 0.001836
0.362660 0.002033
0.372429 0.000283
0.378013 0.001271
0.380721 0.001027
0.383816 0.001449
0.383876 0.000097
0.388248 0.000285
0.392236 0.001411
0.393674 0.001253
0.403701 0.000181
0.403846 0.000060
0.404730 0.000833
0.405746 0.001087
0.406833 0.000169
0.408881 0.000211
0.410057 0.000404
0.411821 0.000376
0.413431 0.000589
0.416216 0.000382
0.418396 0.000308
0.419640 0.000406
0.419734 0.000151
0.421127 0.000109
0.421385 0.000648
0.421456 0.000675
0.423642 0.000555
0.428643 0.000404
0.434253 0.000483
0.439286 0.000047
0.439557 0.000580
0.440949 0.000048
0.441007 0.000187
0.442236 0.000033
0.444238 0.000154
0.444496 0.001007
0.446696 0.000594
0.452160 0.000190
0.455638 0.000715
0.456143 0.000248
0.458933 0.000668
0.461650 0.000114
0.463867 0.000085
0.464211 0.000202
0.464821 0.000337
0.465450 0.000281
0.466159 0.000483
0.467036 0.000216
0.468133 0.000069
0.468456 0.000051
0.475831 0.000096
0.476191 0.000039
0.476390 0.000193
0.477707 0.000830
0.478356 0.000206
0.478432 0.000305
0.482703 0.000141
0.483194 0.000042
0.484969 0.000273
0.485669 0.000534
0.485943 0.000263
0.487656 0.000555
0.487928 0.000423
0.488425 0.000334
0.489552 0.000371
0.490952 0.000327
0.493317 0.000299
0.494101 0.000535
0.495441 0.000023
0.497458 0.000074
0.499900 0.000384
0.500460 0.000056
0.501459 0.000128
0.501958 0.000474
0.502316 0.000440
0.506841 0.000435
0.508453 0.001337
0.510013 0.000533
0.510856 0.000272
0.517166 0.000226
0.518015 0.000202
0.520038 0.000090
0.521765 0.001295
0.521849 0.000063
0.524753 0.000117
0.525886 0.000254
0.527667 0.000358
0.528359 0.000128
0.529865 0.000134
0.532363 0.000116
0.535553 0.000059
0.537695 0.000275
0.549215 0.000385
0.549591 0.000225
0.551750 0.000637
0.554396 0.000125
0.554495 0.000168
0.557316 0.000127
0.561951 0.000018
0.566101 0.000174
0.568315 0.000108
0.568689 0.000054
0.568879 0.000221
0.569037 0.000177
0.574956 0.000221
0.574959 0.000199
0.577775 0.000265
0.578894 0.000118
0.579115 0.000082
0.579296 0.000357
0.579517 0.000055
0.579914 0.000478
0.580217 0.000015
0.583710 0.000100
0.585677 0.000056
0.587945 0.000075
0.588618 0.000047
0.589851 0.000091
0.590486 0.000111
0.593627 0.000128
0.596827 0.000212
0.597336 0.000034
0.598473 0.000077
0.598571 0.000053
0.599806 0.000062
0.603141 0.000158
0.603292 0.000034
0.604513 0.000038
0.605592 0.000136
0.607311 0.000027
0.614246 0.000026
0.620598 0.000065
0.622853 0.000220
0.624086 0.000152
0.626726 0.000109
0.633534 0.000082
0.634062 0.000022
0.636315 0.000057
0.640053 0.000049
0.640205 0.000036
0.641175 0.000157
0.643126 0.000019
0.647591 0.000058
0.648193 0.000058
0.653775 0.000070
0.654602 0.000003
0.654739 0.000094
0.655345 0.000072
0.655430 0.000077
0.658181 0.000120
0.659034 0.000024
0.659415 0.000115
0.661205 0.000064
0.662203 0.000019
0.663103 0.000044
0.664151 0.000053
0.668664 0.000068
0.668792 0.000062
0.668869 0.000051
0.670007 0.000080
0.672239 0.000016
0.672999 0.000051
0.676684 0.000130
0.677224 0.000106
0.677786 0.000041
0.680095 0.000114
0.683102 0.000033
0.685037 0.000045
0.687954 0.000026
0.691019 0.000058
0.694231 0.000062
0.695112 0.000139
0.696864 0.000040
0.701018 0.000077
0.701438 0.000022
0.703694 0.000171
0.706183 0.000068
0.706924 0.000042
0.707472 0.000065
0.713475 0.000165
0.714293 0.000040
0.715338 0.000044
0.715557 0.000019
0.715894 0.000024
0.718117 0.000033
0.720632 0.000035
0.721062 0.000012
0.722448 0.000149
0.723079 0.000109
0.729744 0.000022
0.730028 0.000043
0.730425 0.000031
0.731036 0.000063
0.738032 0.000038
0.745959 0.000068
0.756521 0.000082
0.757474 0.000043
0.760793 0.000052
0.765861 0.000041
0.766974 0.000041
0.768800 0.000068
0.770934 0.000035
0.771290 0.000041
0.771382 0.000020
0.771820 0.000021
0.774431 0.000020
0.774640 0.000059
0.778114 0.000041
0.779909 0.000085
0.782186 0.000012
0.782968 0.000040
0.787336 0.000092
0.788126 0.000023
0.788334 0.000035
0.789397 0.000029
0.791219 0.000063
0.796227 0.000043
0.803653 0.000023
0.807330 0.000058
0.812177 0.000003
0.816004 0.000036
0.821731 0.000058
0.822150 0.000021
0.825247 0.000024
0.831545 0.000019
0.839724 0.000019
0.847524 0.000023
0.850768 0.000010
0.851000 0.000012
0.852913 0.000040
0.867132 0.000023
0.870454 0.000022
0.872638 0.000034
0.874270 0.000023
0.883441 0.000027
0.885659 0.000016
0.886080 0.000005
0.901315 0.000046
0.909211 0.000000
0.910897 0.000009
0.914141 0.000023
0.915560 0.000015
0.916209 0.000032
0.921875 0.000029
0.927364 0.000022
0.960663 0.000009
0.965191 0.000024
1.000000 0.000008
