0.000000 0.542065
0.000756 0.543471
0.001210 0.627491
0.002060 0.307875
0.002892 0.314409
0.004129 0.576798
0.004140 0.461734
0.004688 0.452197
0.004941 0.579873
0.005137 0.070962
0.005616 0.652937
0.005978 0.509040
0.007807 0.542324
0.009579 0.629221
0.009645 0.166599
0.010181 0.657151
0.011426 0.232399
0.014222 0.604765
0.015090 0.631443
0.015359 0.408025
0.016355 0.611999
0.017607 0.161309
0.019250 0.601122
0.019712 0.691227
0.021063 0.000000
0.021434 0.055762
0.021494 0.164721
0.021986 0.332283
0.024133 0.614645
0.025286 0.589106
0.025743 0.689536
0.027605 0.602998
0.028994 0.509011
0.031301 0.326161
0.032302 0.169819
0.032308 0.512431
0.032683 0.677163
0.032964 0.531025
0.034369 0.119338
0.035452 0.371977
0.035649 0.594989
0.036222 0.676249
0.036427 0.339942
0.036916 0.600903
0.038062 0.089994
0.038600 0.595130
0.038744 0.263199
0.038936 0.567717
0.039222 0.516497
0.039882 0.190486
0.040082 0.561478
0.040982 0.469159
0.042205 0.569005
0.042968 0.622683
0.043705 0.291699
0.044701 0.546090
0.044962 0.320551
0.045207 0.683935
0.045566 0.499362
0.046051 0.636100
0.046578 0.642080
0.049028 0.564709
0.049274 0.705889
0.049718 0.592857
0.051045 0.619458
0.054637 0.616264
0.055232 0.698674
0.056920 0.624621
0.057092 0.384116
0.061883 0.349141
0.062912 0.478658
0.063864 0.580738
0.065167 0.569719
0.068235 0.392108
0.069434 0.392097
0.069472 0.660347
0.070700 0.676631
0.070912 0.327073
0.071768 0.666032
0.074458 0.601725
0.076073 0.667441
0.076579 0.572398
0.076689 0.564733
0.078620 0.407916
0.079540 0.399955
0.080995 0.697613
0.081088 0.551095
0.082323 0.528515
0.082480 0.465381
0.082527 0.419613
0.082790 0.636259
0.082794 0.615529
0.083795 0.500818
0.085905 0.520581
0.088060 0.670397
0.089257 0.335612
0.091226 0.694690
0.091499 0.533274
0.091605 0.700615
0.092499 0.677153
0.093863 0.328741
0.094664 0.407707
0.095360 0.299151
0.098085 0.610558
0.098157 0.677913
0.099176 0.585974
0.099741 0.473225
0.100640 0.495935
0.101590 0.677177
0.102483 0.620901
0.105392 0.660981
0.107951 0.662297
0.109548 0.421339
0.110493 0.736459
0.111351 0.528429
0.111355 0.730482
0.111404 0.557276
0.115348 0.318403
0.116024 0.333992
0.116932 0.615176
0.117279 0.718874
0.117441 0.636096
0.118961 0.459015
0.119449 0.566115
0.124315 0.688757
0.124526 0.349140
0.124951 0.662858
0.125117 0.540551
0.127094 0.651438
0.127421 0.472981
0.128668 0.446903
0.129066 0.690557
0.129828 0.426311
0.131144 0.609190
0.131237 0.711214
0.131361 0.529867
0.132036 0.576216
0.134160 0.611957
0.138322 0.598420
0.138908 0.658759
0.139259 0.621828
0.139309 0.687793
0.139410 0.505110
0.141210 0.521335
0.141660 0.584630
0.142287 0.434212
0.142351 0.604798
0.142421 0.474930
0.143415 0.704423
0.145064 0.552681
0.145615 0.574798
0.145775 0.752678
0.147474 0.672269
0.152562 0.495054
0.153141 0.510937
0.153289 0.736215
0.153316 0.517908
0.154215 0.729824
0.155537 0.511291
0.156067 0.659047
0.156204 0.396707
0.156743 0.685691
0.156894 0.543093
0.159890 0.493171
0.160306 0.694358
0.161098 0.637118
0.161991 0.586266
0.162562 0.607607
0.163007 0.641633
0.166556 0.755103
0.168611 0.620063
0.170766 0.565347
0.173223 0.684874
0.174069 0.672882
0.175614 0.495406
0.176787 0.685743
0.176949 0.447949
0.178041 0.427482
0.178370 0.709762
0.178437 0.670673
0.180140 0.665984
0.181504 0.634900
0.182011 0.574299
0.183431 0.504139
0.183480 0.683339
0.183530 0.500355
0.184647 0.608718
0.185356 0.612089
0.185988 0.699001
0.186343 0.527954
0.187150 0.771602
0.188795 0.726179
0.188845 0.709809
0.189790 0.693316
0.189892 0.740909
0.190757 0.564947
0.192812 0.669315
0.193057 0.726937
0.193332 0.705245
0.193795 0.590546
0.195081 0.663752
0.197126 0.606654
0.200514 0.780985
0.204796 0.782282
0.205629 0.464566
0.206392 0.610320
0.207568 0.661916
0.210645 0.566929
0.211096 0.519199
0.211817 0.655631
0.212228 0.702764
0.213092 0.599869
0.213658 0.648220
0.215106 0.663477
0.216787 0.735992
0.217144 0.543481
0.218817 0.555344
0.220199 0.538507
0.221017 0.497000
0.221207 0.674412
0.221362 0.680655
0.221884 0.561332
0.227807 0.550721
0.228132 0.545972
0.234744 0.603916
0.235256 0.714216
0.236469 0.621811
0.237862 0.538415
0.238138 0.585714
0.238611 0.524583
0.238904 0.722668
0.240179 0.568037
0.240212 0.649385
0.243576 0.633073
0.244946 0.759993
0.245410 0.720445
0.246462 0.701015
0.250478 0.615139
0.251046 0.661326
0.251255 0.778731
0.252290 0.764276
0.252329 0.543629
0.252736 0.799308
0.253241 0.619597
0.253564 0.660529
0.254674 0.756453
0.255642 0.739694
0.258051 0.653111
0.259620 0.704904
0.259710 0.762752
0.260103 0.743250
0.260466 0.741023
0.261343 0.800489
0.263245 0.787549
0.264417 0.598954
0.264501 0.695731
0.265072 0.591661
0.266376 0.724936
0.266577 0.720039
0.266895 0.647746
0.267335 0.582599
0.267897 0.775569
0.269789 0.588968
0.275753 0.709372
0.276503 0.642487
0.277051 0.566153
0.277407 0.755843
0.281089 0.744341
0.282352 0.616763
0.283512 0.686238
0.284115 0.697574
0.285282 0.702940
0.285663 0.725562
0.286209 0.642540
0.286791 0.690962
0.287430 0.729264
0.288433 0.752918
0.288550 0.758874
0.289620 0.722128
0.289905 0.759609
0.294317 0.768152
0.295137 0.765086
0.297456 0.713315
0.297986 0.640823
0.299219 0.793216
0.300232 0.825578
0.300567 0.662742
0.301223 0.790607
0.302239 0.760893
0.302304 0.626866
0.302618 0.739026
0.303554 0.776143
0.303882 0.816002
0.304810 0.821706
0.307390 0.634352
0.310139 0.737478
0.311889 0.714812
0.312789 0.631175
0.315550 0.707294
0.316560 0.788924
0.317066 0.763378
0.317822 0.714983
0.318514 0.679432
0.319196 0.691498
0.320426 0.665884
0.320660 0.766556
0.320770 0.685515
0.321597 0.672686
0.323387 0.703838
0.326063 0.733322
0.328489 0.796810
0.329091 0.770683
0.329183 0.780961
0.331672 0.660771
0.333017 0.719041
0.333718 0.646085
0.335291 0.711118
0.337497 0.749110
0.338488 0.638282
0.339279 0.734929
0.340607 0.660133
0.341489 0.789636
0.341815 0.742497
0.342291 0.732923
0.343224 0.693575
0.343641 0.772131
0.345481 0.628484
0.349040 0.828339
0.349054 0.674248
0.351148 0.815255
0.352761 0.827794
0.353541 0.820818
0.353614 0.705089
0.353976 0.727126
0.354157 0.654435
0.355431 0.644789
0.355666 0.826262
0.356215 0.765390
0.356484 0.794056
0.357098 0.658810
0.358263 0.729034
0.361143 0.706032
0.363668 0.820089
0.365529 0.771725
0.366960 0.763371
0.367273 0.737527
0.369713 0.772440
0.370477 0.736384
0.372365 0.695211
0.374345 0.825899
0.377700 0.848608
0.377954 0.675204
0.383688 0.819219
0.385439 0.660905
0.386955 0.831161
0.388625 0.736969
0.391949 0.698467
0.392787 0.858090
0.393051 0.813342
0.394197 0.691084
0.397572 0.812681
0.402605 0.809476
0.402904 0.815425
0.403089 0.806711
0.404487 0.707841
0.404599 0.838758
0.406038 0.833137
0.409706 0.862149
0.409905 0.832649
0.421462 0.748570
0.422121 0.856081
0.428722 0.762017
0.429903 0.719424
0.430357 0.713460
0.430554 0.743570
0.431498 0.768958
0.431963 0.856783
0.432150 0.728594
0.432521 0.833671
0.433780 0.758829
0.434431 0.859843
0.434747 0.765044
0.435622 0.675072
0.436997 0.828654
0.438351 0.798785
0.441539 0.695962
0.442205 0.684531
0.444226 0.736260
0.445212 0.700591
0.446758 0.739230
0.447801 0.840237
0.449343 0.809655
0.449959 0.829660
0.451516 0.756968
0.454066 0.862061
0.454180 0.767002
0.454235 0.791060
0.454328 0.698045
0.454493 0.772045
0.455100 0.694755
0.456450 0.874150
0.457476 0.694560
0.461760 0.828577
0.462038 0.840243
0.462777 0.762915
0.463145 0.829751
0.463377 0.776682
0.464053 0.700346
0.464175 0.706470
0.465270 0.746809
0.467867 0.787895
0.468132 0.741611
0.470746 0.845628
0.470846 0.739475
0.471002 0.710282
0.472325 0.733009
0.472704 0.873802
0.473147 0.744986
0.475054 0.819588
0.477990 0.726910
0.480206 0.806819
0.482957 0.738363
0.483669 0.746877
0.483740 0.808964
0.483772 0.778156
0.484417 0.719327
0.487421 0.785730
0.489048 0.770334
0.491185 0.773614
0.492887 0.728635
0.493646 0.879888
0.495950 0.817216
0.496391 0.749557
0.498068 0.846101
0.498745 0.881370
0.499915 0.730279
0.501109 0.840145
0.501936 0.735253
0.505306 0.862232
0.506469 0.720805
0.506812 0.719000
0.508111 0.787121
0.508138 0.730852
0.508815 0.794103
0.510272 0.738064
0.511088 0.802906
0.511161 0.774856
0.511595 0.717003
0.512945 0.810169
0.514835 0.843704
0.518059 0.748584
0.519727 0.774948
0.520147 0.752370
0.520169 0.830268
0.520457 0.788094
0.521295 0.765780
0.522104 0.811109
0.524936 0.840046
0.525008 0.872969
0.527845 0.869880
0.529950 0.801334
0.530883 0.780055
0.532369 0.761408
0.532872 0.879464
0.534446 0.887340
0.536078 0.745843
0.538156 0.752493
0.540699 0.767030
0.541940 0.845937
0.542978 0.855107
0.544149 0.831813
0.545094 0.788094
0.547242 0.788012
0.547936 0.891911
0.550549 0.789210
0.551842 0.812406
0.552638 0.820379
0.554042 0.788741
0.554242 0.749198
0.556670 0.899044
0.557075 0.852149
0.562745 0.805645
0.562913 0.807913
0.563530 0.841303
0.564368 0.858035
0.565906 0.864323
0.567745 0.818115
0.567928 0.791322
0.569222 0.850577
0.571057 0.894340
0.571169 0.795191
0.571486 0.758265
0.573218 0.820366
0.575288 0.868438
0.575847 0.797248
0.577028 0.859629
0.578922 0.891889
0.579298 0.846165
0.582219 0.867973
0.583783 0.856984
0.583803 0.793232
0.585590 0.779562
0.585958 0.872980
0.586367 0.896146
0.586762 0.816090
0.587836 0.876488
0.587876 0.858214
0.588811 0.852282
0.590568 0.789968
0.591195 0.914824
0.591456 0.840972
0.592781 0.784416
0.593375 0.787818
0.593809 0.901160
0.593935 0.872554
0.595441 0.899093
0.596763 0.827274
0.597086 0.870073
0.597740 0.853597
0.599058 0.903003
0.603243 0.881200
0.603522 0.852029
0.603565 0.880762
0.603730 0.813776
0.604690 0.884628
0.608043 0.796659
0.608452 0.832686
0.612178 0.861508
0.614053 0.822931
0.616416 0.897879
0.617886 0.886064
0.621246 0.817156
0.623026 0.870053
0.626018 0.844761
0.626321 0.806094
0.629572 0.876337
0.629996 0.859904
0.631227 0.824458
0.632092 0.882320
0.632488 0.837661
0.633879 0.855564
0.635819 0.849772
0.635880 0.837539
0.638822 0.849159
0.639352 0.820422
0.640994 0.881786
0.641024 0.835589
0.642498 0.815286
0.643015 0.828033
0.644719 0.907721
0.646873 0.853048
0.648667 0.877409
0.651842 0.891595
0.653534 0.896656
0.656495 0.893845
0.656617 0.849935
0.657218 0.861214
0.661001 0.805683
0.664705 0.887885
0.665846 0.825434
0.666305 0.926973
0.667120 0.920901
0.667238 0.872403
0.668144 0.908054
0.668152 0.888006
0.668335 0.795526
0.668705 0.875576
0.669256 0.901065
0.669756 0.810672
0.671461 0.896544
0.675790 0.904162
0.676302 0.896891
0.678775 0.871960
0.681923 0.807136
0.682222 0.908882
0.684530 0.893825
0.686112 0.889494
0.686125 0.846570
0.686730 0.810010
0.687096 0.848586
0.687445 0.888095
0.688371 0.889552
0.689312 0.852201
0.690504 0.911071
0.690808 0.923959
0.693689 0.896204
0.694173 0.805129
0.695476 0.867437
0.696341 0.899843
0.696688 0.884655
0.697878 0.879772
0.699368 0.897993
0.700534 0.904049
0.702073 0.855388
0.702497 0.944251
0.704358 0.918318
0.705255 0.855065
0.707224 0.910847
0.709379 0.850103
0.709415 0.892454
0.709744 0.900251
0.711329 0.922285
0.713834 0.909629
0.715401 0.849555
0.716610 0.907652
0.716862 0.846103
0.717857 0.861572
0.718019 0.877654
0.720622 0.904222
0.721374 0.816949
0.721671 0.925174
0.723585 0.878178
0.723905 0.919781
0.725162 0.874317
0.725212 0.826091
0.727456 0.892616
0.727745 0.881061
0.728172 0.884556
0.729561 0.923181
0.729727 0.920521
0.730532 0.863871
0.731794 0.874084
0.732619 0.937481
0.734511 0.870826
0.738527 0.910727
0.738739 0.936655
0.739814 0.922533
0.741367 0.887430
0.741564 0.861456
0.742345 0.925823
0.742678 0.909379
0.743659 0.907481
0.744612 0.871905
0.749149 0.949188
0.749394 0.892787
0.750054 0.848043
0.751013 0.927969
0.751192 0.825918
0.751564 0.892871
0.753505 0.955293
0.753678 0.904701
0.754982 0.921742
0.755155 0.899604
0.755882 0.860513
0.757967 0.886558
0.758862 0.920980
0.761208 0.879199
0.763097 0.829163
0.764389 0.889031
0.764865 0.943822
0.766489 0.923178
0.768390 0.903434
0.769037 0.857365
0.769370 0.892395
0.772676 0.950587
0.777126 0.892362
0.778246 0.849788
0.778543 0.834181
0.779360 0.872401
0.782635 0.851797
0.783359 0.889617
0.784627 0.839580
0.784955 0.957779
0.785267 0.895315
0.785541 0.877869
0.785982 0.932239
0.786793 0.921225
0.786871 0.878733
0.787367 0.898159
0.787992 0.912763
0.791048 0.868307
0.791114 0.953616
0.792373 0.924757
0.794247 0.839036
0.794575 0.919419
0.794865 0.954814
0.795249 0.907544
0.795872 0.946198
0.796679 0.932264
0.800184 0.913287
0.800977 0.866611
0.802125 0.904300
0.804058 0.855895
0.806758 0.909904
0.806945 0.890515
0.807655 0.959118
0.808052 0.929531
0.809623 0.885976
0.810246 0.947179
0.810572 0.854080
0.812122 0.928225
0.813034 0.945979
0.813431 0.860948
0.815833 0.866835
0.816153 0.933348
0.817213 0.911062
0.821517 0.944713
0.822775 0.886916
0.823601 0.915812
0.823632 0.943996
0.824260 0.859215
0.824855 0.922141
0.825868 0.935818
0.828919 0.949224
0.829033 0.887037
0.829881 0.927728
0.831345 0.932428
0.831982 0.928825
0.832156 0.873372
0.832360 0.918814
0.834067 0.881375
0.835005 0.894056
0.837348 0.951909
0.840211 0.938939
0.841030 0.927803
0.841685 0.874871
0.842447 0.862200
0.843735 0.936697
0.844471 0.917465
0.845953 0.967945
0.847244 0.899185
0.847856 0.878030
0.849531 0.962069
0.851039 0.886521
0.852226 0.968248
0.852887 0.889811
0.854229 0.934415
0.855746 0.957319
0.856892 0.907882
0.858193 0.908157
0.862146 0.946625
0.863897 0.947521
0.865686 0.906107
0.867019 0.938694
0.869135 0.949503
0.869162 0.963623
0.869199 0.929290
0.870268 0.947025
0.870706 0.960873
0.872120 0.895528
0.872810 0.967413
0.872898 0.951247
0.875656 0.948039
0.875830 0.895026
0.878809 0.944941
0.879379 0.962492
0.879862 0.906944
0.880072 0.914734
0.880425 0.950497
0.882284 0.979258
0.883142 0.919589
0.883790 0.895519
0.884535 0.974707
0.885065 0.968315
0.885690 0.927353
0.885722 0.905033
0.887246 0.948607
0.888110 0.949946
0.891133 0.872280
0.892006 0.902905
0.892962 0.941793
0.894020 0.961051
0.895817 0.914240
0.897212 0.887343
0.899501 0.954630
0.900521 0.959132
0.900727 0.952539
0.901110 0.904467
0.901217 0.926002
0.901848 0.962621
0.902558 0.941112
0.903061 0.964794
0.908808 0.952467
0.909082 0.967323
0.909287 0.942805
0.911142 0.879092
0.911424 0.982570
0.914852 0.910263
0.916949 0.912487
0.920485 0.978996
0.920669 0.990630
0.922786 0.943838
0.922973 0.911787
0.923530 0.940921
0.924889 0.927666
0.925482 0.943238
0.927007 0.958895
0.927014 0.942056
0.927344 0.919011
0.929360 0.905138
0.929516 0.933768
0.930349 0.909346
0.930627 0.936292
0.933324 0.923471
0.937693 0.953590
0.938152 0.915800
0.940619 0.903073
0.941757 0.969151
0.943079 0.919631
0.945786 0.946303
0.946255 0.963175
0.947113 0.948722
0.947149 0.914698
0.947936 0.949187
0.948251 0.935388
0.948637 0.974366
0.951300 0.967171
0.953832 0.948423
0.953936 0.950446
0.958194 0.965036
0.959135 0.896259
0.959902 0.964345
0.960456 0.937051
0.960824 0.922682
0.961773 0.934254
0.962061 0.919126
0.962922 0.954811
0.963543 0.968319
0.963836 0.930838
0.964093 0.913826
0.964493 0.962121
0.964895 0.913409
0.965689 0.909958
0.966395 0.917134
0.967756 0.974514
0.970815 0.992110
0.971758 0.903906
0.973374 0.898007
0.974213 0.975647
0.974323 0.937661
0.975429 0.932028
0.976377 1.000000
0.976540 0.915963
0.977190 0.954319
0.977780 0.942979
0.977790 0.926691
0.978651 0.915634
0.983587 0.917959
0.985025 0.981645
0.986712 0.913684
0.986913 0.922004
0.990944 0.922459
0.992361 0.970547
0.993374 0.928928
0.993650 0.937365
0.994321 0.972714
0.999958 0.940420
1.000000 0.959761
