0.000000 0.768136
0.001249 0.529258
0.024322 0.626329
0.032896 0.390735
0.038762 1.000000
0.045379 0.697884
0.052788 0.400434
0.056825 0.843637
0.068748 0.376948
0.071478 0.377368
0.095082 0.520700
0.098117 0.500288
0.099255 0.679930
0.100584 0.462301
0.109812 0.359877
0.110418 0.323032
0.113361 0.610855
0.119661 0.655006
0.120224 0.761206
0.124662 0.736238
0.124737 0.546878
0.126746 0.474564
0.128195 0.441968
0.128215 0.358194
0.143579 0.511459
0.143699 0.558685
0.145929 0.343429
0.149823 0.486259
0.179406 0.573311
0.180659 0.397445
0.180893 0.405701
0.185750 0.246925
0.193723 0.333758
0.195980 0.529780
0.196520 0.516352
0.216251 0.369930
0.223766 0.529050
0.224287 0.363903
0.224899 0.358276
0.277346 0.278778
0.278296 0.478514
0.284554 0.417590
0.286180 0.288513
0.312613 0.437370
0.320065 0.461795
0.357284 0.243145
0.363766 0.288271
0.364125 0.234213
0.365449 0.224126
0.373370 0.163051
0.403439 0.223363
0.406614 0.158473
0.438527 0.286337
0.465690 0.169440
0.469256 0.288195
0.480499 0.187614
0.481349 0.233418
0.484375 0.116314
0.493867 0.303401
0.497062 0.209360
0.502134 0.190178
0.511150 0.282845
0.511907 0.169488
0.524624 0.292761
0.528724 0.167837
0.529531 0.229042
0.553774 0.186091
0.562050 0.149948
0.569642 0.220893
0.576708 0.145887
0.578925 0.159520
0.588425 0.129352
0.590977 0.157057
0.595810 0.192507
0.609334 0.227941
0.612211 0.166439
0.614403 0.224688
0.649311 0.198202
0.652560 0.210764
0.669636 0.108567
0.674956 0.225542
0.696510 0.096763
0.698354 0.071466
0.730781 0.106879
0.751053 0.050638
0.757050 0.066921
0.775604 0.038650
0.789371 0.089702
0.795239 0.065592
0.796533 0.152030
0.813548 0.123400
0.817445 0.065362
0.822567 0.032867
0.833346 0.067531
0.836867 0.159269
0.837780 0.073699
0.845964 0.085920
0.847566 0.096303
0.854611 0.095380
0.866224 0.137840
0.874205 0.100795
0.891683 0.085018
0.905467 0.043504
0.906122 0.114942
0.909147 0.038478
0.917190 0.131526
0.940293 0.095508
0.942543 0.085099
0.945846 0.082616
0.954816 0.102183
0.955102 0.071924
0.959422 0.120296
0.989786 0.023453
0.991434 0.000000
1.000000 0.094959
