0.000000 0.896312
0.004594 0.401796
0.007096 0.770809
0.011165 0.456996
0.011836 0.564458
0.012936 0.327966
0.020001 0.790538
0.023976 0.510142
0.031123 0.607137
0.042768 0.580464
0.047701 0.618407
0.052136 0.600206
0.052595 0.411211
0.055038 0.529395
0.056147 0.421799
0.056823 1.000000
0.064154 0.397328
0.065995 0.250136
0.067612 0.230582
0.070451 0.225889
0.076038 0.370257
0.078176 0.249364
0.080651 0.454187
0.081594 0.334475
0.082416 0.619723
0.083495 0.340096
0.085591 0.847358
0.091350 0.600627
0.097476 0.289722
0.101040 0.399255
0.109269 0.239427
0.114553 0.661035
0.117335 0.642694
0.119417 0.479399
0.120864 0.427084
0.123842 0.246019
0.125667 0.521220
0.126663 0.408705
0.128419 0.417965
0.130357 0.406885
0.130885 0.308843
0.132961 0.236631
0.135439 0.623307
0.135751 0.311203
0.141147 0.518139
0.142887 0.260337
0.144059 0.627770
0.144539 0.504563
0.145445 0.725340
0.145981 0.751851
0.148961 0.660778
0.155643 0.318407
0.159503 0.650092
0.166986 0.296613
0.179261 0.357724
0.181802 0.459613
0.182743 0.198269
0.186521 0.205182
0.189044 0.343364
0.190207 0.498969
0.190606 0.432173
0.191011 0.469903
0.199788 0.324922
0.202806 0.517913
0.206957 0.630371
0.207935 0.349049
0.208815 0.351819
0.211613 0.230015
0.215728 0.349386
0.218863 0.413352
0.220146 0.562822
0.220664 0.474018
0.222837 0.460837
0.225829 0.379751
0.226328 0.572845
0.227155 0.338649
0.236564 0.325762
0.240120 0.431776
0.246526 0.211370
0.250484 0.280670
0.257929 0.219891
0.259881 0.189872
0.263970 0.325763
0.263982 0.395515
0.264725 0.502127
0.268319 0.407285
0.269730 0.555904
0.271025 0.427219
0.273573 0.243605
0.280019 0.330900
0.281426 0.275669
0.287061 0.262618
0.293870 0.338985
0.300738 0.162037
0.303593 0.423830
0.309838 0.190210
0.310343 0.294764
0.317173 0.201405
0.319807 0.331422
0.322784 0.206082
0.323729 0.335713
0.327530 0.213291
0.331557 0.228338
0.333002 0.244791
0.333279 0.237664
0.334558 0.241529
0.344979 0.213277
0.347873 0.304955
0.349085 0.140845
0.349117 0.231100
0.350109 0.176336
0.354450 0.225749
0.359076 0.213371
0.361650 0.214756
0.364129 0.141846
0.364839 0.278367
0.368204 0.448222
0.371001 0.313609
0.386989 0.256817
0.394775 0.380227
0.396753 0.311289
0.397157 0.297260
0.397410 0.349605
0.397606 0.152945
0.403178 0.236083
0.408510 0.265221
0.408623 0.205900
0.409297 0.145095
0.411933 0.388882
0.413777 0.372571
0.418080 0.412710
0.421287 0.422087
0.425915 0.225520
0.428467 0.372044
0.432283 0.303039
0.432743 0.194758
0.436984 0.314797
0.440781 0.206518
0.442463 0.214449
0.443635 0.416715
0.448743 0.347609
0.448813 0.257765
0.452450 0.313219
0.459356 0.230153
0.471431 0.139603
0.483146 0.161435
0.485020 0.217671
0.486189 0.164123
0.503391 0.217624
0.505439 0.359468
0.510951 0.224751
0.514551 0.181289
0.521066 0.175220
0.521826 0.290457
0.523977 0.348510
0.526303 0.241198
0.527306 0.311176
0.528179 0.144940
0.530241 0.350281
0.533649 0.272086
0.535161 0.239135
0.544857 0.215960
0.549372 0.193968
0.550176 0.194231
0.552657 0.205126
0.555806 0.154939
0.564934 0.337100
0.572055 0.266196
0.572837 0.247009
0.575799 0.324430
0.577058 0.087162
0.577100 0.331376
0.579100 0.247805
0.581243 0.233402
0.582291 0.235617
0.586828 0.221673
0.588606 0.329393
0.594593 0.104000
0.597641 0.279042
0.597712 0.077456
0.599900 0.079598
0.602866 0.289149
0.607583 0.321223
0.610331 0.117611
0.613839 0.093203
0.615134 0.179669
0.618464 0.211003
0.618727 0.169070
0.621562 0.272210
0.625603 0.199495
0.627259 0.129662
0.629201 0.116191
0.629856 0.165860
0.636507 0.155810
0.638193 0.197845
0.639653 0.065091
0.642813 0.164494
0.646419 0.271602
0.650749 0.078874
0.650928 0.095611
0.653870 0.280986
0.657200 0.091092
0.661119 0.240275
0.663896 0.154683
0.677065 0.153429
0.678992 0.128704
0.681968 0.231153
0.686351 0.203757
0.692614 0.223439
0.696890 0.132732
0.697817 0.178210
0.702638 0.075995
0.703384 0.273001
0.706099 0.163307
0.713858 0.121081
0.716315 0.101345
0.718307 0.264654
0.721766 0.063287
0.728397 0.096240
0.732259 0.222429
0.732802 0.129494
0.733116 0.265511
0.735089 0.110497
0.743375 0.177746
0.745638 0.189070
0.746050 0.172566
0.749389 0.212920
0.751194 0.244455
0.751799 0.132817
0.751848 0.124257
0.756400 0.154744
0.756750 0.228614
0.760899 0.053910
0.760960 0.176102
0.776118 0.078534
0.779677 0.097468
0.779990 0.051495
0.782192 0.149171
0.782665 0.044116
0.791411 0.079913
0.799273 0.095680
0.805776 0.194966
0.805838 0.117864
0.808646 0.135798
0.810428 0.067020
0.813279 0.176502
0.814464 0.056134
0.820105 0.151541
0.822012 0.123894
0.825047 0.129885
0.825162 0.203270
0.827716 0.216673
0.829255 0.099238
0.829608 0.149554
0.831488 0.163673
0.840756 0.196088
0.850274 0.196387
0.852169 0.204335
0.852949 0.087667
0.853814 0.063292
0.854955 0.052133
0.856023 0.194508
0.858471 0.065810
0.859875 0.135177
0.860222 0.160902
0.861742 0.042172
0.864471 0.021282
0.865477 0.207607
0.866151 0.073219
0.867944 0.128680
0.869818 0.123898
0.870090 0.175247
0.871670 0.191819
0.874440 0.209302
0.876942 0.143073
0.884048 0.130541
0.886644 0.026322
0.890657 0.142539
0.895678 0.101378
0.896897 0.071864
0.897085 0.191328
0.898951 0.190200
0.899295 0.019480
0.905749 0.120290
0.907495 0.202144
0.909773 0.191587
0.912536 0.100818
0.913714 0.173192
0.913787 0.183736
0.916456 0.063839
0.924830 0.145959
0.925712 0.134040
0.927032 0.093421
0.930309 0.117548
0.937069 0.119085
0.941244 0.104884
0.944058 0.072868
0.948979 0.070354
0.949561 0.092158
0.950066 0.166971
0.955884 0.060885
0.957114 0.145610
0.961180 0.154358
0.963868 0.028521
0.963983 0.174574
0.965271 0.135307
0.965557 0.060747
0.967115 0.173064
0.969299 0.037138
0.975451 0.153152
0.976243 0.000000
0.978057 0.144155
0.979613 0.068406
0.980017 0.100631
0.983008 0.170197
0.989265 0.104548
0.999138 0.019710
0.999884 0.025064
1.000000 0.109956
