0.000000 0.536475
0.000242 0.477771
0.001338 0.725185
0.002308 0.607935
0.002469 0.389397
0.002537 0.726565
0.004968 0.582301
0.006290 0.647317
0.006713 0.459359
0.006840 0.528937
0.009992 0.000000
0.011473 0.564464
0.012181 0.444098
0.013996 0.409424
0.015523 0.432640
0.016263 0.432430
0.017234 0.690433
0.018525 0.238549
0.018576 0.699178
0.019129 0.672168
0.020008 0.637234
0.022504 0.570917
0.023521 0.731836
0.026846 0.705577
0.027973 0.542871
0.029629 0.552707
0.031533 0.627664
0.031818 0.403294
0.033031 0.672227
0.037726 0.589257
0.038803 0.749803
0.040015 0.518000
0.041898 0.530728
0.042310 0.529448
0.042560 0.432262
0.042641 0.466521
0.043711 0.771759
0.045264 0.193475
0.047330 0.777945
0.048161 0.706806
0.048201 0.510905
0.049267 0.302369
0.049621 0.125878
0.049827 0.758956
0.049899 0.493748
0.051717 0.684382
0.052727 0.342355
0.052965 0.617625
0.054520 0.459586
0.056046 0.276564
0.063641 0.478036
0.064872 0.463438
0.065915 0.703899
0.066184 0.583147
0.067852 0.513712
0.071169 0.354126
0.071855 0.605809
0.072224 0.752670
0.072504 0.643359
0.072644 0.351251
0.074015 0.756900
0.074263 0.743671
0.074615 0.803054
0.076276 0.452265
0.076484 0.478432
0.077391 0.646133
0.079661 0.443507
0.079901 0.570530
0.081377 0.469289
0.081413 0.294071
0.082085 0.697347
0.083947 0.537376
0.084138 0.488190
0.085175 0.614747
0.085243 0.651357
0.085670 0.529892
0.085778 0.394397
0.086126 0.551471
0.086359 0.745600
0.088456 0.703345
0.088974 0.532906
0.089403 0.651229
0.089763 0.720267
0.090237 0.499523
0.090765 0.419871
0.091740 0.451356
0.092100 0.400847
0.093077 0.709408
0.093735 0.563427
0.094036 0.666976
0.095275 0.719720
0.095345 0.696647
0.095700 0.555481
0.096645 0.690200
0.096954 0.702093
0.097462 0.750171
0.097659 0.755952
0.098845 0.785508
0.099082 0.798542
0.102542 0.750767
0.103999 0.645521
0.105667 0.711378
0.105991 0.695808
0.107496 0.765159
0.108372 0.767766
0.108774 0.562950
0.110631 0.692489
0.112438 0.633712
0.113930 0.771349
0.114327 0.365028
0.116946 0.669536
0.120066 0.563267
0.120641 0.607364
0.122048 0.666402
0.124049 0.640806
0.126399 0.788914
0.128535 0.697254
0.128649 0.567232
0.128678 0.782788
0.129579 0.686767
0.131303 0.413666
0.135463 0.741455
0.136045 0.759349
0.136741 0.802058
0.137242 0.668237
0.137501 0.490626
0.138338 0.497698
0.139977 0.741787
0.141479 0.576748
0.141518 0.657536
0.143224 0.795361
0.143841 0.765578
0.144122 0.659659
0.145431 0.518264
0.145492 0.831248
0.147089 0.648647
0.150105 0.635366
0.150601 0.486736
0.151160 0.589645
0.151944 0.747497
0.152243 0.655767
0.152937 0.641558
0.153165 0.587051
0.153767 0.574515
0.159487 0.705005
0.159755 0.685158
0.161726 0.571961
0.161740 0.742831
0.163228 0.671554
0.163620 0.769838
0.164123 0.422366
0.164338 0.587672
0.164622 0.772154
0.167962 0.567795
0.169016 0.785523
0.169860 0.624654
0.171354 0.698384
0.172095 0.441856
0.173619 0.558376
0.176638 0.815433
0.178340 0.644813
0.179118 0.782973
0.180505 0.628403
0.181657 0.733227
0.181798 0.685514
0.182292 0.721517
0.183017 0.491795
0.185094 0.733551
0.185178 0.528918
0.188329 0.651965
0.189816 0.757495
0.191203 0.762480
0.192467 0.573020
0.199537 0.578878
0.202701 0.603582
0.204576 0.701492
0.205780 0.699101
0.207257 0.786166
0.209219 0.837624
0.212219 0.801557
0.213977 0.566107
0.218047 0.645408
0.220336 0.651913
0.221068 0.835507
0.221197 0.591777
0.226604 0.626518
0.227230 0.805116
0.229389 0.637611
0.231956 0.773640
0.232456 0.614511
0.233764 0.635247
0.237059 0.687980
0.238916 0.820848
0.239178 0.605769
0.239342 0.682461
0.240107 0.812544
0.242668 0.777429
0.246077 0.783385
0.249710 0.526125
0.253694 0.769527
0.254173 0.825032
0.254673 0.740389
0.255762 0.848063
0.255803 0.725705
0.258185 0.679491
0.258258 0.556499
0.258389 0.721470
0.258596 0.774279
0.260159 0.758498
0.262447 0.562347
0.262647 0.644329
0.264775 0.628274
0.265884 0.775858
0.267010 0.707464
0.267570 0.672024
0.269674 0.599204
0.271411 0.608579
0.271708 0.766557
0.274295 0.553368
0.274912 0.794845
0.276407 0.701169
0.278283 0.713280
0.278581 0.560434
0.281026 0.676003
0.281400 0.740283
0.282269 0.634473
0.282633 0.800882
0.284962 0.836591
0.286366 0.636607
0.286934 0.636527
0.289900 0.694829
0.290714 0.626641
0.290973 0.653819
0.291975 0.641684
0.293453 0.716097
0.296503 0.626810
0.296841 0.791805
0.296923 0.592327
0.297551 0.568161
0.298773 0.814489
0.302044 0.593406
0.304442 0.708241
0.306803 0.779443
0.309445 0.749333
0.311128 0.693365
0.312861 0.788470
0.316634 0.800409
0.317753 0.789128
0.318584 0.857390
0.321293 0.804272
0.322478 0.870117
0.323154 0.636413
0.323750 0.863763
0.326120 0.765570
0.326760 0.792035
0.329369 0.707447
0.331463 0.658773
0.334268 0.864763
0.334388 0.756798
0.334755 0.828507
0.335632 0.799377
0.336569 0.699895
0.338836 0.730152
0.340677 0.819097
0.341512 0.825827
0.341806 0.664539
0.344946 0.783840
0.346176 0.747219
0.347051 0.615130
0.348830 0.608679
0.350556 0.685868
0.351296 0.699864
0.351571 0.775888
0.353215 0.668980
0.354256 0.814052
0.355429 0.793522
0.355971 0.732318
0.358355 0.804410
0.360104 0.760791
0.361525 0.706540
0.361705 0.680875
0.363967 0.666178
0.364368 0.851831
0.365792 0.782411
0.366257 0.731223
0.366375 0.701298
0.366986 0.753915
0.367333 0.745853
0.367653 0.724770
0.368847 0.705053
0.371362 0.698539
0.371699 0.716398
0.373961 0.806890
0.374020 0.721436
0.374942 0.824357
0.377765 0.827144
0.377932 0.798264
0.379232 0.743834
0.379317 0.850268
0.379527 0.888626
0.380259 0.692512
0.381292 0.852902
0.383541 0.655872
0.384214 0.870295
0.385316 0.708551
0.388869 0.731051
0.389420 0.773184
0.389692 0.706129
0.391482 0.736608
0.392243 0.700064
0.393365 0.800622
0.393615 0.827490
0.399085 0.841578
0.400385 0.697512
0.403335 0.768938
0.404659 0.711769
0.404738 0.814637
0.405253 0.780769
0.405845 0.751652
0.407451 0.718054
0.408416 0.721143
0.410312 0.842625
0.411756 0.720399
0.412026 0.835830
0.412165 0.712976
0.413590 0.879769
0.414087 0.677694
0.415285 0.802707
0.415496 0.654633
0.415982 0.765114
0.416546 0.841935
0.417017 0.749061
0.418176 0.882130
0.418201 0.774027
0.420270 0.718181
0.420621 0.878023
0.421322 0.762971
0.421395 0.659937
0.422032 0.795392
0.423690 0.755921
0.423745 0.803708
0.427083 0.801735
0.427376 0.740212
0.428715 0.841836
0.429955 0.830147
0.431080 0.700245
0.432979 0.754149
0.433014 0.676456
0.434398 0.786261
0.435616 0.794504
0.439319 0.764755
0.442165 0.706634
0.443718 0.757608
0.444840 0.771502
0.446262 0.798060
0.447675 0.794255
0.448150 0.827763
0.448675 0.761649
0.453358 0.876916
0.453706 0.804973
0.456963 0.802351
0.458720 0.843280
0.459821 0.799935
0.460858 0.776704
0.461785 0.844212
0.462183 0.908033
0.463419 0.828741
0.463476 0.842623
0.463517 0.753659
0.464153 0.790668
0.464685 0.839306
0.466970 0.806212
0.468058 0.863806
0.468132 0.730652
0.470277 0.714356
0.470865 0.778241
0.473846 0.827426
0.476800 0.880917
0.477351 0.818233
0.477513 0.792569
0.477943 0.775335
0.480851 0.741133
0.481825 0.830238
0.482415 0.791616
0.482659 0.832745
0.482883 0.761768
0.483151 0.855090
0.483421 0.888455
0.484138 0.792582
0.486045 0.778865
0.486639 0.842888
0.486739 0.752987
0.487613 0.826064
0.490088 0.770865
0.492262 0.724304
0.493873 0.865011
0.494070 0.780032
0.496469 0.743829
0.499099 0.855596
0.500061 0.844793
0.500344 0.858546
0.500727 0.804272
0.503495 0.865429
0.506877 0.861762
0.508224 0.725876
0.508760 0.863404
0.509316 0.803312
0.510871 0.792088
0.511439 0.916100
0.511704 0.797251
0.512151 0.822438
0.513008 0.902563
0.514739 0.802110
0.514887 0.821757
0.515935 0.787560
0.516022 0.865596
0.516624 0.829783
0.517010 0.704887
0.517241 0.728378
0.517351 0.706110
0.517852 0.836018
0.518205 0.852812
0.519170 0.827929
0.520506 0.726748
0.522910 0.797848
0.524443 0.841148
0.526079 0.918211
0.526159 0.812199
0.527440 0.839094
0.529651 0.899084
0.530818 0.765679
0.531713 0.915677
0.531846 0.847394
0.534577 0.837388
0.535805 0.826633
0.537860 0.843663
0.538531 0.759916
0.540994 0.867027
0.543492 0.759203
0.543507 0.768282
0.545742 0.790806
0.545841 0.742977
0.549349 0.743917
0.550035 0.857106
0.554717 0.876607
0.556230 0.875888
0.558066 0.734485
0.561905 0.758984
0.562116 0.746912
0.562440 0.917079
0.563231 0.766369
0.563875 0.750810
0.564381 0.919067
0.564583 0.874467
0.568341 0.926955
0.569120 0.747125
0.570127 0.848332
0.570332 0.840297
0.572149 0.839422
0.572854 0.732541
0.573071 0.834391
0.573805 0.749166
0.574055 0.816708
0.574396 0.885173
0.576632 0.896870
0.578149 0.792630
0.578999 0.807728
0.581208 0.873733
0.584091 0.865814
0.585535 0.841020
0.586215 0.877074
0.587571 0.845369
0.588271 0.817420
0.588563 0.800505
0.588769 0.768860
0.599691 0.886168
0.599967 0.835797
0.600998 0.765009
0.601100 0.837411
0.603575 0.829766
0.605031 0.824088
0.605033 0.871969
0.607958 0.869201
0.608713 0.858433
0.612559 0.802533
0.612634 0.921034
0.612976 0.808402
0.618162 0.909338
0.619785 0.843203
0.622009 0.900313
0.622707 0.876423
0.623512 0.851263
0.624133 0.784583
0.624427 0.878521
0.624455 0.853758
0.625408 0.858541
0.626743 0.911559
0.627155 0.805967
0.628613 0.850311
0.628820 0.886153
0.629878 0.932857
0.630954 0.927782
0.631060 0.778661
0.631177 0.832322
0.631390 0.837617
0.632458 0.849236
0.632620 0.812222
0.633983 0.864314
0.634868 0.874483
0.635236 0.782338
0.636211 0.801536
0.637042 0.878961
0.640697 0.800496
0.641902 0.777590
0.642001 0.805232
0.642351 0.794247
0.643438 0.786646
0.643466 0.851940
0.643721 0.792289
0.644185 0.864409
0.645894 0.852146
0.648134 0.833526
0.648404 0.828533
0.648710 0.780143
0.649467 0.829177
0.650470 0.796537
0.650993 0.847476
0.652903 0.775225
0.653893 0.814908
0.655992 0.807985
0.656635 0.945047
0.658289 0.926282
0.660997 0.814139
0.661917 0.844715
0.662929 0.841612
0.664548 0.861525
0.665253 0.941189
0.669450 0.911922
0.669478 0.901597
0.671574 0.855950
0.672811 0.804318
0.673177 0.887849
0.673847 0.879849
0.674332 0.890563
0.675045 0.895036
0.675425 0.800106
0.677311 0.908823
0.678302 0.804540
0.679865 0.949842
0.680506 0.798366
0.681158 0.859056
0.681575 0.853920
0.683090 0.900396
0.683688 0.808471
0.684595 0.896917
0.685153 0.847891
0.687782 0.813931
0.689546 0.890021
0.689753 0.889716
0.690105 0.806776
0.691122 0.845446
0.691408 0.921231
0.691606 0.909645
0.692322 0.813611
0.693170 0.844349
0.695258 0.938961
0.696996 0.906659
0.697136 0.948541
0.700137 0.941668
0.708484 0.896833
0.712564 0.838134
0.713446 0.863318
0.716990 0.820757
0.718372 0.912787
0.718422 0.900316
0.720923 0.836587
0.720963 0.900498
0.722291 0.840150
0.722527 0.857767
0.722963 0.818079
0.723443 0.919515
0.723857 0.876328
0.724426 0.858437
0.724691 0.901251
0.725073 0.909742
0.727273 0.857484
0.730862 0.884505
0.731642 0.792882
0.735401 0.945925
0.738744 0.915665
0.739017 0.798876
0.739518 0.957385
0.740456 0.830455
0.747172 0.865648
0.747661 0.912621
0.752470 0.835365
0.758751 0.801518
0.762132 0.827807
0.762267 0.854186
0.764020 0.882408
0.764260 0.906850
0.764364 0.877923
0.764874 0.866086
0.765472 0.852495
0.765659 0.891813
0.766638 0.921697
0.769586 0.934337
0.770989 0.956869
0.771616 0.926804
0.771722 0.954585
0.777693 0.949020
0.778844 0.953170
0.779217 0.922986
0.783029 0.812926
0.786508 0.936232
0.788515 0.846445
0.789227 0.920858
0.789379 0.817772
0.790247 0.965745
0.790642 0.860134
0.792074 0.876232
0.793857 0.965982
0.797307 0.865759
0.798460 0.926629
0.798754 0.875073
0.799901 0.885582
0.801492 0.879489
0.801892 0.876978
0.802220 0.869911
0.804703 0.960585
0.804900 0.868545
0.805455 0.948845
0.805965 0.879026
0.808334 0.945363
0.808493 0.972915
0.808823 0.913691
0.809168 0.878238
0.812295 0.886684
0.814431 0.879197
0.814853 0.882848
0.814861 0.927091
0.817769 0.910562
0.818543 0.863392
0.818647 0.900988
0.818908 0.897304
0.821704 0.877379
0.822288 0.895181
0.823398 0.932801
0.823627 0.880460
0.823784 0.832330
0.825921 0.947474
0.826648 0.856120
0.827131 0.905531
0.828437 0.889181
0.829564 0.940403
0.831111 0.969433
0.832670 0.864989
0.834096 0.870539
0.834459 0.857753
0.834842 0.939572
0.835471 0.954586
0.837022 0.843003
0.837181 0.824770
0.839389 0.898095
0.842266 0.940598
0.843132 0.851237
0.847564 0.911307
0.849841 0.837383
0.851477 0.890645
0.852592 0.928576
0.852744 0.940624
0.853461 0.935156
0.854662 0.870709
0.859787 0.973508
0.860507 0.909931
0.862189 0.872823
0.863274 0.937874
0.864067 0.894200
0.865735 0.907600
0.866574 0.913927
0.868487 0.846009
0.868693 0.856807
0.868824 0.859636
0.871534 0.864651
0.871558 0.887092
0.871761 0.877549
0.873503 0.944648
0.874071 0.924778
0.878559 0.862138
0.878723 0.952239
0.879701 0.881796
0.880057 0.896475
0.880188 0.936690
0.882269 0.874887
0.883655 0.874303
0.891806 0.907266
0.892774 0.927162
0.894751 0.919126
0.894931 0.938066
0.895750 0.910074
0.898188 0.871059
0.900499 0.870159
0.900634 0.859763
0.900910 0.983439
0.903714 0.929115
0.905944 0.942531
0.907189 0.856454
0.907823 0.953608
0.907973 0.883508
0.908652 0.884092
0.910852 0.904758
0.911997 0.892618
0.912101 0.880120
0.912958 0.874038
0.914007 0.921223
0.914429 0.933452
0.923438 0.871521
0.923847 0.908683
0.923916 0.919935
0.924879 0.930037
0.925077 0.930214
0.925186 0.963725
0.925330 0.930243
0.926481 0.937428
0.926736 0.882195
0.928010 0.916403
0.929723 0.886671
0.930142 0.909018
0.930889 0.944051
0.931708 0.908554
0.934430 0.942897
0.934788 0.882267
0.935227 0.987752
0.937539 0.911891
0.940181 0.948754
0.941838 0.936927
0.945223 0.971544
0.945357 0.917063
0.947049 0.980351
0.948052 0.929513
0.950625 0.905216
0.950950 0.953078
0.951785 0.905548
0.952553 0.903708
0.955532 0.877532
0.958421 0.871216
0.962155 0.878134
0.963987 0.931428
0.965379 0.996017
0.967598 0.951796
0.968729 0.919235
0.969627 0.919143
0.969646 0.966719
0.969651 0.957899
0.970506 0.994492
0.973010 0.928730
0.973028 0.966254
0.976622 0.888427
0.979101 0.874391
0.980334 0.897542
0.980812 0.924834
0.981595 0.997953
0.983271 0.879023
0.984003 0.947652
0.985182 0.881226
0.987163 0.911862
0.989388 1.000000
0.989758 0.984984
0.990099 0.955919
0.990500 0.985643
0.991403 0.920765
0.991846 0.956485
0.992633 0.889966
0.993571 0.989768
0.997568 0.946583
0.997946 0.904508
1.000000 0.901188
