0.000000 0.233193
0.007626 0.155451
0.013181 0.377956
0.015066 0.189290
0.015586 0.392620
0.016387 0.258764
0.018586 1.000000
0.022226 0.221594
0.022514 0.281241
0.022674 0.310336
0.023514 0.408988
0.024827 0.464312
0.032182 0.414342
0.037833 0.230264
0.037937 0.466227
0.039256 0.506337
0.040637 0.598872
0.046766 0.246355
0.050264 0.548606
0.053599 0.161505
0.060709 0.246665
0.062148 0.203633
0.062758 0.135803
0.063054 0.603682
0.064147 0.173168
0.065828 0.344446
0.071032 0.259821
0.073239 0.384662
0.074570 0.636516
0.076504 0.316836
0.078732 0.481232
0.082073 0.129495
0.095664 0.463932
0.104476 0.429941
0.105746 0.509057
0.107904 0.141953
0.108427 0.304327
0.116268 0.176349
0.116806 0.491984
0.117051 0.325680
0.122422 0.235570
0.123630 0.183891
0.125188 0.271741
0.126009 0.168937
0.131601 0.243401
0.132430 0.151618
0.135801 0.402789
0.139660 0.232666
0.140029 0.433642
0.142775 0.241833
0.149311 0.126985
0.151147 0.258071
0.159377 0.525362
0.162371 0.479937
0.168138 0.267827
0.173402 0.442976
0.176713 0.239802
0.177582 0.254661
0.179843 0.198590
0.180423 0.170896
0.181449 0.322181
0.183789 0.297057
0.195049 0.146727
0.195413 0.195796
0.197359 0.251462
0.200049 0.110873
0.204406 0.294001
0.207545 0.246145
0.208793 0.280959
0.209569 0.198082
0.210980 0.437517
0.212727 0.351092
0.218552 0.212246
0.220462 0.102041
0.231831 0.258552
0.247800 0.191684
0.251113 0.346155
0.251979 0.312784
0.253033 0.321070
0.256818 0.156528
0.259915 0.235178
0.262146 0.241050
0.267806 0.332590
0.276479 0.171583
0.278599 0.212432
0.279837 0.300345
0.283393 0.129884
0.284494 0.411460
0.287043 0.232457
0.290415 0.104461
0.291199 0.289142
0.296158 0.218399
0.298113 0.177130
0.298269 0.182568
0.305215 0.377337
0.307256 0.164797
0.307605 0.103735
0.308965 0.248397
0.314292 0.203086
0.318346 0.270112
0.320800 0.112749
0.322157 0.340692
0.324499 0.258093
0.327358 0.268948
0.331020 0.189097
0.331993 0.304768
0.333812 0.214556
0.335835 0.159282
0.337285 0.281473
0.342233 0.274657
0.346397 0.139190
0.349543 0.193099
0.353095 0.146186
0.357611 0.225330
0.359885 0.108930
0.378371 0.081140
0.382899 0.235312
0.390206 0.254304
0.390897 0.212792
0.392682 0.142222
0.392813 0.174972
0.404981 0.334026
0.407597 0.139053
0.408074 0.207434
0.412509 0.240062
0.415877 0.071286
0.422129 0.137016
0.426005 0.145941
0.426626 0.154534
0.427057 0.180914
0.428762 0.272278
0.433624 0.278169
0.443349 0.146501
0.450292 0.232527
0.457726 0.160742
0.460441 0.081433
0.460633 0.263033
0.460728 0.281505
0.465247 0.149295
0.467386 0.085913
0.469072 0.091381
0.472277 0.179059
0.474417 0.117163
0.474460 0.120663
0.475775 0.196402
0.479952 0.158399
0.486948 0.061575
0.492094 0.219432
0.495121 0.149162
0.497356 0.270275
0.499866 0.231478
0.501175 0.105459
0.507495 0.150047
0.508465 0.195341
0.513468 0.056512
0.514326 0.172782
0.517725 0.100631
0.521333 0.198565
0.523496 0.152358
0.531723 0.156400
0.537944 0.138683
0.542765 0.264448
0.544006 0.190563
0.547206 0.143031
0.548107 0.257280
0.553514 0.125781
0.555035 0.128187
0.560872 0.149455
0.565054 0.154928
0.568484 0.111308
0.573555 0.158315
0.574092 0.080377
0.575795 0.212324
0.576332 0.217455
0.579775 0.124757
0.586448 0.046182
0.586891 0.138260
0.587239 0.150534
0.588178 0.089516
0.593965 0.221163
0.619865 0.149880
0.620076 0.115205
0.624815 0.152881
0.625774 0.152308
0.626653 0.152373
0.631443 0.118186
0.632196 0.061814
0.633824 0.055173
0.639673 0.189067
0.640651 0.150299
0.648634 0.135999
0.653330 0.222930
0.654646 0.201380
0.657817 0.128498
0.660302 0.035790
0.661990 0.104289
0.668783 0.189225
0.672014 0.164701
0.673458 0.057737
0.674029 0.065823
0.674327 0.046193
0.682261 0.084028
0.684144 0.158839
0.685037 0.217483
0.686915 0.082527
0.692097 0.095565
0.699567 0.095357
0.700367 0.155610
0.706387 0.211841
0.707641 0.127539
0.710871 0.192692
0.711298 0.074222
0.715464 0.039597
0.716895 0.128155
0.721892 0.032576
0.727834 0.106512
0.731011 0.156867
0.735700 0.097196
0.739403 0.186636
0.745811 0.144296
0.747050 0.187504
0.747955 0.028210
0.750218 0.059786
0.754569 0.036568
0.756109 0.069084
0.757438 0.061687
0.762699 0.055792
0.766748 0.187898
0.768226 0.171248
0.770269 0.105668
0.770977 0.170764
0.771328 0.129855
0.776801 0.119565
0.795879 0.157316
0.798417 0.038545
0.799641 0.077987
0.806844 0.115902
0.808333 0.185121
0.812716 0.087979
0.819654 0.040072
0.828995 0.149428
0.830670 0.155847
0.830800 0.028184
0.833261 0.017751
0.838961 0.103567
0.840857 0.087540
0.844155 0.075914
0.857203 0.079780
0.857578 0.093836
0.865353 0.145605
0.866115 0.118467
0.869082 0.031561
0.871572 0.137024
0.873575 0.065022
0.883905 0.133254
0.895937 0.114291
0.897363 0.131948
0.902667 0.125308
0.902762 0.106630
0.903190 0.125951
0.907821 0.063487
0.913981 0.044748
0.916209 0.019141
0.916392 0.072010
0.919441 0.085300
0.919852 0.161036
0.920516 0.069327
0.922565 0.006748
0.930145 0.104544
0.930293 0.073701
0.931828 0.018689
0.933358 0.097958
0.938892 0.098244
0.941660 0.010875
0.943162 0.153563
0.945185 0.063604
0.948462 0.068490
0.955922 0.101075
0.963309 0.151828
0.972421 0.097310
0.972941 0.000000
0.980797 0.134520
0.986622 0.010272
0.988284 0.071638
0.993759 0.059144
0.996335 0.129369
0.999954 0.075188
1.000000 0.107028
