-1.201168731948228877e-03 2.500000000000000139e-02
-5.045985760606734941e-03 2.500000000000000139e-02
-5.586180947957136017e-03 2.500000000000000139e-02
-6.146432476840991456e-03 2.500000000000000139e-02
-3.780602319605471957e-03 2.500000000000000139e-02
-2.290056328199060760e-04 2.500000000000000139e-02
-9.833319226888676337e-03 2.500000000000000139e-02
-4.535143091504395367e-03 2.500000000000000139e-02
2.534288554571565962e-04 2.500000000000000139e-02
-3.928733356649597233e-03 2.500000000000000139e-02
-2.280453566911017690e-03 2.500000000000000139e-02
-9.361777172070494951e-03 2.500000000000000139e-02
-2.830717553110174371e-03 2.500000000000000139e-02
-1.921053207070872208e-03 2.500000000000000139e-02
-3.613192880214654949e-03 2.500000000000000139e-02
-7.693877774821790720e-04 2.500000000000000139e-02
-8.820164168825273335e-03 2.500000000000000139e-02
-6.151806969685516676e-04 2.500000000000000139e-02
-2.981969689085478895e-03 2.500000000000000139e-02
-1.339941363901323360e-02 2.500000000000000139e-02
3.831879356634428861e-04 2.500000000000000139e-02
-4.494964393580980905e-03 2.500000000000000139e-02
-3.882024126348148068e-04 2.500000000000000139e-02
-3.739886153463793314e-03 2.500000000000000139e-02
9.923933052432257120e-04 2.500000000000000139e-02
-1.751437931746994883e-03 2.500000000000000139e-02
-6.735480687877241565e-04 2.500000000000000139e-02
-7.801942715659231607e-03 2.500000000000000139e-02
4.118825477879528812e-04 2.500000000000000139e-02
-3.122786457228843553e-03 2.500000000000000139e-02
-2.872942606986486104e-03 2.500000000000000139e-02
-4.482813347771228037e-03 2.500000000000000139e-02
-1.387374776722622924e-02 2.500000000000000139e-02
3.900652817464586152e-03 2.500000000000000139e-02
1.190664724911158576e-03 2.500000000000000139e-02
7.730606141592723766e-04 2.500000000000000139e-02
6.109958208126057590e-03 2.500000000000000139e-02
1.333840662987759076e-03 2.500000000000000139e-02
-5.556236739669308429e-03 2.500000000000000139e-02
-4.910214845399211991e-03 2.500000000000000139e-02
