-4.482394393901533195e-05 8.333333333333333218e-03
-2.482644057883450200e-03 8.333333333333333218e-03
-6.569238222122410122e-04 8.333333333333333218e-03
3.975965198708306461e-03 8.333333333333333218e-03
-1.889581124228780569e-04 8.333333333333333218e-03
3.915299628349027880e-03 8.333333333333333218e-03
1.343754084409645375e-02 8.333333333333333218e-03
6.412291471332813575e-03 8.333333333333333218e-03
-2.224963597572536533e-03 8.333333333333333218e-03
1.126335230209112200e-02 8.333333333333333218e-03
3.727976400668001414e-03 8.333333333333333218e-03
5.941535945793928811e-03 8.333333333333333218e-03
8.305055485686390834e-03 8.333333333333333218e-03
-7.080570771235902838e-04 8.333333333333333218e-03
-6.321200154234389058e-04 8.333333333333333218e-03
4.694889687798512422e-03 8.333333333333333218e-03
2.298178559090767285e-03 8.333333333333333218e-03
1.840739939613776199e-03 8.333333333333333218e-03
-5.375457188493444963e-03 8.333333333333333218e-03
7.721646494276467390e-04 8.333333333333333218e-03
-5.278898176555627507e-03 8.333333333333333218e-03
1.961951701031439468e-04 8.333333333333333218e-03
-3.438111446743595881e-04 8.333333333333333218e-03
6.984448546039028968e-03 8.333333333333333218e-03
-2.124243485212388982e-03 8.333333333333333218e-03
-3.780465551602983122e-03 8.333333333333333218e-03
2.219807594078864409e-04 8.333333333333333218e-03
2.227030453147256170e-04 8.333333333333333218e-03
-2.943235039504425547e-03 8.333333333333333218e-03
2.640948131422507505e-02 8.333333333333333218e-03
8.560241469277264301e-04 8.333333333333333218e-03
5.803013027704309861e-05 8.333333333333333218e-03
-4.698770451349003861e-03 8.333333333333333218e-03
8.175800361219796907e-04 8.333333333333333218e-03
3.786639409232477049e-02 8.333333333333333218e-03
-2.324742356091343779e-03 8.333333333333333218e-03
4.878470374057058100e-03 8.333333333333333218e-03
-9.692169545131946789e-04 8.333333333333333218e-03
1.949027221009645705e-02 8.333333333333333218e-03
-2.383084789862799455e-03 8.333333333333333218e-03
6.255397287324659938e-03 8.333333333333333218e-03
-3.471632321175089665e-03 8.333333333333333218e-03
1.205282932671134996e-03 8.333333333333333218e-03
1.311959991844106974e-03 8.333333333333333218e-03
-4.352543781419191890e-03 8.333333333333333218e-03
1.288214104080775881e-03 8.333333333333333218e-03
-1.900340560165466295e-04 8.333333333333333218e-03
1.157121389057889568e-02 8.333333333333333218e-03
2.168070268256622884e-03 8.333333333333333218e-03
6.023707421331427753e-04 8.333333333333333218e-03
-3.132351717723195345e-03 8.333333333333333218e-03
6.107848357149816589e-07 8.333333333333333218e-03
3.065020343086588550e-03 8.333333333333333218e-03
1.215555009723270734e-02 8.333333333333333218e-03
1.157861756887222648e-03 8.333333333333333218e-03
3.515539302189299442e-03 8.333333333333333218e-03
1.306742606654204795e-03 8.333333333333333218e-03
8.505646367245914274e-02 8.333333333333333218e-03
1.862913887997335108e-02 8.333333333333333218e-03
1.346562587583290810e-02 8.333333333333333218e-03
-7.888890939297694277e-04 8.333333333333333218e-03
3.422978345233034132e-05 8.333333333333333218e-03
7.421421166565410864e-03 8.333333333333333218e-03
2.127690346054301757e-03 8.333333333333333218e-03
1.401192172403912563e-02 8.333333333333333218e-03
4.492286874297273316e-03 8.333333333333333218e-03
-3.844684552041519390e-03 8.333333333333333218e-03
5.297155275224083547e-03 8.333333333333333218e-03
6.836028439440390396e-03 8.333333333333333218e-03
1.088409939451241877e-02 8.333333333333333218e-03
9.989271660910310508e-04 8.333333333333333218e-03
1.141409594841398274e-03 8.333333333333333218e-03
6.673887286185911649e-03 8.333333333333333218e-03
-1.469597560047730418e-03 8.333333333333333218e-03
-2.612220806574735120e-03 8.333333333333333218e-03
5.711790740360038476e-03 8.333333333333333218e-03
1.616805020368241447e-02 8.333333333333333218e-03
4.089563345756008187e-04 8.333333333333333218e-03
5.995135428589850636e-03 8.333333333333333218e-03
-5.040719030402181569e-03 8.333333333333333218e-03
1.681042086649225335e-03 8.333333333333333218e-03
-1.603079202964552419e-02 8.333333333333333218e-03
1.941819944697524645e-03 8.333333333333333218e-03
-1.592842267362677700e-04 8.333333333333333218e-03
5.379785094502329348e-03 8.333333333333333218e-03
nan 8.333333333333333218e-03
5.438126146049356360e-03 8.333333333333333218e-03
-5.743151416149354285e-04 8.333333333333333218e-03
2.371678421675698506e-02 8.333333333333333218e-03
-7.655082303881483030e-03 8.333333333333333218e-03
1.761483571152578850e-02 8.333333333333333218e-03
-6.551628142409032796e-03 8.333333333333333218e-03
1.105657122639502193e-02 8.333333333333333218e-03
-7.256821233910307461e-04 8.333333333333333218e-03
1.225117839305996841e-03 8.333333333333333218e-03
8.213477717780566165e-03 8.333333333333333218e-03
4.311475126241225315e-03 8.333333333333333218e-03
-2.514886198976453834e-03 8.333333333333333218e-03
-4.573037533740185469e-04 8.333333333333333218e-03
5.483674993791187377e-03 8.333333333333333218e-03
3.995368926143094516e-03 8.333333333333333218e-03
2.346250062745906806e-03 8.333333333333333218e-03
-5.102756517265605307e-03 8.333333333333333218e-03
-5.713342741260531849e-05 8.333333333333333218e-03
1.347925219747125869e-02 8.333333333333333218e-03
-3.162216138335541618e-03 8.333333333333333218e-03
3.503124010198685467e-04 8.333333333333333218e-03
2.487961809360277922e-03 8.333333333333333218e-03
-2.153889093644023936e-03 8.333333333333333218e-03
1.856817440700475608e-02 8.333333333333333218e-03
3.381130785008642711e-03 8.333333333333333218e-03
1.519265785643750255e-03 8.333333333333333218e-03
-8.985037255372054421e-04 8.333333333333333218e-03
-2.548389457379468537e-02 8.333333333333333218e-03
1.421245371768082612e-02 8.333333333333333218e-03
-1.288061128853537336e-04 8.333333333333333218e-03
-1.537835630591618402e-03 8.333333333333333218e-03
4.865485449661791431e-03 8.333333333333333218e-03
5.288031640823875196e-03 8.333333333333333218e-03
-2.542299161231277929e-04 8.333333333333333218e-03
