9.341477530848947206e-03 2.500000000000000139e-02
-4.177532267278254510e-03 2.500000000000000139e-02
5.089418432178000745e-02 2.500000000000000139e-02
-1.117602740029475378e-02 2.500000000000000139e-02
4.228442051938031965e-02 2.500000000000000139e-02
6.508982891904915857e-02 2.500000000000000139e-02
-2.605312884214894265e-04 2.500000000000000139e-02
1.831501831501831934e-03 2.500000000000000139e-02
-2.345274717988470731e-02 2.500000000000000139e-02
5.719261534045702589e-02 2.500000000000000139e-02
6.325767330296182267e-03 2.500000000000000139e-02
5.663823556725479380e-02 2.500000000000000139e-02
-1.977839801761463456e-02 2.500000000000000139e-02
1.163721153686721882e-01 2.500000000000000139e-02
-2.917496493654498507e-02 2.500000000000000139e-02
3.335082955871751173e-03 2.500000000000000139e-02
-4.055507103894268051e-03 2.500000000000000139e-02
4.057420864009587264e-02 2.500000000000000139e-02
4.741458054440007147e-02 2.500000000000000139e-02
5.320151678008215590e-02 2.500000000000000139e-02
1.971455060424730232e-02 2.500000000000000139e-02
5.350033535391553186e-02 2.500000000000000139e-02
-1.181423827466698481e-02 2.500000000000000139e-02
4.500900306829615227e-02 2.500000000000000139e-02
7.859422995779710708e-02 2.500000000000000139e-02
2.916300740035679961e-01 2.500000000000000139e-02
3.883512996502711673e-02 2.500000000000000139e-02
5.486600952048695939e-02 2.500000000000000139e-02
5.741926745554847694e-02 2.500000000000000139e-02
-1.149886431487835529e-02 2.500000000000000139e-02
1.225902432005641224e-01 2.500000000000000139e-02
3.320055498920690407e-02 2.500000000000000139e-02
7.511441194769170882e-02 2.500000000000000139e-02
-2.811962878385262238e-02 2.500000000000000139e-02
5.136808421632951815e-02 2.500000000000000139e-02
-2.419191809082873318e-02 2.500000000000000139e-02
9.584763914213065283e-02 2.500000000000000139e-02
6.728831433812244855e-02 2.500000000000000139e-02
-6.731752438474028488e-03 2.500000000000000139e-02
-5.844018170608062702e-03 2.500000000000000139e-02
