1.549429371344371656e-02 5.000000000000000278e-02
5.372737561623657128e-03 5.000000000000000278e-02
1.356944015052188521e-02 5.000000000000000278e-02
6.928788336655484700e-03 5.000000000000000278e-02
6.512855427778047046e-03 5.000000000000000278e-02
8.085568481457324538e-04 5.000000000000000278e-02
-5.490694311838890604e-04 5.000000000000000278e-02
4.459825531363997668e-03 5.000000000000000278e-02
1.728106975115128053e-03 5.000000000000000278e-02
1.385973473049056069e-04 5.000000000000000278e-02
2.917057004188019532e-03 5.000000000000000278e-02
1.268876476743065890e-02 5.000000000000000278e-02
-1.332176342878204148e-03 5.000000000000000278e-02
7.220306727546118089e-03 5.000000000000000278e-02
9.287346704703157299e-05 5.000000000000000278e-02
1.615287418417282999e-03 5.000000000000000278e-02
4.297417768833843368e-03 5.000000000000000278e-02
6.765639870767772499e-03 5.000000000000000278e-02
-1.235652152974178199e-04 5.000000000000000278e-02
1.374815804925698728e-02 5.000000000000000278e-02
