2.865548849397121746e-04 2.500000000000000139e-02
-2.156704615019116645e-04 2.500000000000000139e-02
-1.628189559211053921e-03 2.500000000000000139e-02
-6.981045929952058894e-03 2.500000000000000139e-02
8.525255962957712513e-05 2.500000000000000139e-02
9.691030171801034987e-04 2.500000000000000139e-02
-7.891490268558304421e-05 2.500000000000000139e-02
-3.495465262331856659e-04 2.500000000000000139e-02
-4.241912222017945287e-03 2.500000000000000139e-02
-1.444340483162629167e-03 2.500000000000000139e-02
9.828016794103849104e-05 2.500000000000000139e-02
4.658638183958093001e-04 2.500000000000000139e-02
2.196131899143469353e-03 2.500000000000000139e-02
-3.569687101313510306e-03 2.500000000000000139e-02
2.376598266070805094e-04 2.500000000000000139e-02
-4.484695009785062865e-03 2.500000000000000139e-02
-3.527105555564116843e-03 2.500000000000000139e-02
6.830331590531285146e-04 2.500000000000000139e-02
9.862006657372929946e-04 2.500000000000000139e-02
-1.654919726346926190e-02 2.500000000000000139e-02
-2.771311100919612337e-03 2.500000000000000139e-02
-9.215983329344428539e-04 2.500000000000000139e-02
-2.929296702350852460e-02 2.500000000000000139e-02
-3.163187700187410469e-04 2.500000000000000139e-02
-4.129943440812770469e-03 2.500000000000000139e-02
-2.259526242992970346e-03 2.500000000000000139e-02
1.760441014795853520e-03 2.500000000000000139e-02
1.619178434145453725e-03 2.500000000000000139e-02
-1.289998118006726452e-02 2.500000000000000139e-02
-1.277507522060691760e-03 2.500000000000000139e-02
6.817736726963908797e-03 2.500000000000000139e-02
4.245207958803163574e-04 2.500000000000000139e-02
5.555555555555555247e-02 2.500000000000000139e-02
1.797834384822220508e-02 2.500000000000000139e-02
7.272526475379095324e-04 2.500000000000000139e-02
-4.973366611138881586e-04 2.500000000000000139e-02
-4.553992532523578815e-03 2.500000000000000139e-02
-4.464064529685804993e-04 2.500000000000000139e-02
-2.498724437539408261e-03 2.500000000000000139e-02
-6.063442455064411984e-03 2.500000000000000139e-02
