-1.138767339705712292e-04 5.000000000000000278e-02
7.650937787611176814e-03 5.000000000000000278e-02
5.849888253926284216e-04 5.000000000000000278e-02
-8.643660385917566191e-04 5.000000000000000278e-02
9.275379627080354485e-04 5.000000000000000278e-02
3.162791418278680655e-02 5.000000000000000278e-02
-2.087917395757557266e-04 5.000000000000000278e-02
-3.304317894745694394e-03 5.000000000000000278e-02
-8.912279639977319784e-04 5.000000000000000278e-02
1.500698726068293125e-02 5.000000000000000278e-02
1.126645853554593922e-02 5.000000000000000278e-02
1.202441259034224379e-02 5.000000000000000278e-02
1.002750895770225005e-02 5.000000000000000278e-02
1.608114448308429773e-03 5.000000000000000278e-02
1.293460685047703208e-02 5.000000000000000278e-02
4.888034051846223797e-03 5.000000000000000278e-02
5.494692214973596455e-04 5.000000000000000278e-02
1.193602446594264378e-03 5.000000000000000278e-02
8.892869810082349585e-03 5.000000000000000278e-02
1.819064790794332805e-03 5.000000000000000278e-02
