-2.652024109463685408e-04 2.500000000000000139e-02
2.857142857142856984e-01 2.500000000000000139e-02
-3.105017171507822721e-02 2.500000000000000139e-02
-7.823765959063781403e-03 2.500000000000000139e-02
-3.285790248227239696e-02 2.500000000000000139e-02
-2.483195441068251214e-02 2.500000000000000139e-02
-1.518961102861258496e-02 2.500000000000000139e-02
-1.561920679269382731e-02 2.500000000000000139e-02
5.058738584536449749e-03 2.500000000000000139e-02
3.875686191355653260e-04 2.500000000000000139e-02
-2.333370396470855687e-02 2.500000000000000139e-02
-8.636039339536733667e-03 2.500000000000000139e-02
1.372776642617106694e-03 2.500000000000000139e-02
9.436572354243143558e-04 2.500000000000000139e-02
3.531126130873387531e-04 2.500000000000000139e-02
5.861292398056934354e-04 2.500000000000000139e-02
-5.507278167800706489e-03 2.500000000000000139e-02
-4.572011154107433369e-03 2.500000000000000139e-02
-1.192873977940741084e-02 2.500000000000000139e-02
-5.091311561588680781e-04 2.500000000000000139e-02
3.083676033552001927e-03 2.500000000000000139e-02
-5.369229038767503633e-03 2.500000000000000139e-02
1.374599489450739273e-04 2.500000000000000139e-02
3.483788975578893960e-03 2.500000000000000139e-02
-1.222326773714691199e-03 2.500000000000000139e-02
-1.530029195807235294e-02 2.500000000000000139e-02
-3.335490049053690780e-03 2.500000000000000139e-02
-1.961919736920962262e-02 2.500000000000000139e-02
-4.331154522738048414e-03 2.500000000000000139e-02
-6.126391862950591322e-03 2.500000000000000139e-02
1.287193279302997458e-03 2.500000000000000139e-02
8.165157227784604690e-03 2.500000000000000139e-02
-1.689797086488329173e-02 2.500000000000000139e-02
-1.699691931273431683e-02 2.500000000000000139e-02
6.011370823989420353e-02 2.500000000000000139e-02
-1.283922672343343341e-02 2.500000000000000139e-02
-1.751892396536132435e-02 2.500000000000000139e-02
-7.368156155185528328e-05 2.500000000000000139e-02
-3.150611652663593953e-03 2.500000000000000139e-02
-2.044001042690004114e-02 2.500000000000000139e-02
