4.789933420087709968e-03 5.000000000000000278e-02
1.931839685652438337e-03 5.000000000000000278e-02
-4.676646842328982187e-04 5.000000000000000278e-02
2.201776235519692371e-02 5.000000000000000278e-02
-4.925641867762055488e-03 5.000000000000000278e-02
-3.733349570915457660e-03 5.000000000000000278e-02
2.582839746245403981e-03 5.000000000000000278e-02
-3.812662318445791954e-03 5.000000000000000278e-02
-1.570119437855419051e-03 5.000000000000000278e-02
4.161893456746109526e-03 5.000000000000000278e-02
3.126492092438339782e-03 5.000000000000000278e-02
2.533691295040233632e-02 5.000000000000000278e-02
-3.699024635495717223e-03 5.000000000000000278e-02
2.186270460220537254e-02 5.000000000000000278e-02
-1.563584208534707972e-03 5.000000000000000278e-02
1.290928520528681483e-02 5.000000000000000278e-02
-3.311701498720023840e-03 5.000000000000000278e-02
2.330701062336950832e-03 5.000000000000000278e-02
8.601869674364551882e-03 5.000000000000000278e-02
-9.721533821787187862e-03 5.000000000000000278e-02
