3.896388486004250667e-02 8.333333333333333218e-03
1.858846626318957085e-01 8.333333333333333218e-03
5.382642398161893629e-04 8.333333333333333218e-03
6.387699932320234364e-02 8.333333333333333218e-03
-9.280109248021211135e-04 8.333333333333333218e-03
1.126886246704041084e-02 8.333333333333333218e-03
-2.894364529659743980e-03 8.333333333333333218e-03
5.310290077388101632e-04 8.333333333333333218e-03
-1.857328734795129794e-04 8.333333333333333218e-03
7.728848933425837286e-02 8.333333333333333218e-03
3.987524471127015108e-04 8.333333333333333218e-03
3.106492070995998944e-02 8.333333333333333218e-03
1.775832675370681013e-03 8.333333333333333218e-03
1.059373379155554087e-02 8.333333333333333218e-03
1.792701159192957444e-02 8.333333333333333218e-03
5.354347690001999950e-04 8.333333333333333218e-03
5.136659780708724421e-02 8.333333333333333218e-03
1.540489854255897018e-02 8.333333333333333218e-03
2.361920510889382874e-04 8.333333333333333218e-03
6.749312644075050605e-02 8.333333333333333218e-03
2.943458818866763194e-01 8.333333333333333218e-03
2.668544574437694585e-03 8.333333333333333218e-03
4.504351275888702696e-03 8.333333333333333218e-03
5.069492508751129861e-02 8.333333333333333218e-03
-4.885798175187083814e-04 8.333333333333333218e-03
-3.201681524154301184e-03 8.333333333333333218e-03
1.076584839251475134e-02 8.333333333333333218e-03
7.644354107713199897e-02 8.333333333333333218e-03
9.236845791450745691e-02 8.333333333333333218e-03
1.194482973357799960e-01 8.333333333333333218e-03
-7.546378835460599427e-03 8.333333333333333218e-03
5.513373866141420276e-02 8.333333333333333218e-03
5.939485289284382463e-02 8.333333333333333218e-03
5.963946090366963049e-02 8.333333333333333218e-03
-4.235058101670480940e-03 8.333333333333333218e-03
1.050118617773594942e-01 8.333333333333333218e-03
4.453998388005123155e-02 8.333333333333333218e-03
1.498890977484758080e-01 8.333333333333333218e-03
-5.971096534286815700e-03 8.333333333333333218e-03
5.443274705860029483e-02 8.333333333333333218e-03
9.345818574457590011e-02 8.333333333333333218e-03
3.606195073602092710e-03 8.333333333333333218e-03
2.848160865481549897e-02 8.333333333333333218e-03
4.315436440804561180e-02 8.333333333333333218e-03
-6.708407209352249510e-04 8.333333333333333218e-03
-2.168063733687705663e-03 8.333333333333333218e-03
4.241447387686916176e-03 8.333333333333333218e-03
1.231319307749019834e-02 8.333333333333333218e-03
4.583823666086413867e-02 8.333333333333333218e-03
5.414294008330246266e-03 8.333333333333333218e-03
5.667214919692022818e-02 8.333333333333333218e-03
4.192549088814494229e-02 8.333333333333333218e-03
2.349606975778711915e-02 8.333333333333333218e-03
1.696427260389200553e-01 8.333333333333333218e-03
3.270525690456935197e-02 8.333333333333333218e-03
3.714780297807900034e-02 8.333333333333333218e-03
4.726528130015866802e-04 8.333333333333333218e-03
9.792129313204803176e-02 8.333333333333333218e-03
2.200833374754939883e-02 8.333333333333333218e-03
4.299844392065269721e-03 8.333333333333333218e-03
-7.091985984671173027e-03 8.333333333333333218e-03
2.497080868930556807e-02 8.333333333333333218e-03
7.105315656969324323e-02 8.333333333333333218e-03
-2.573361635275745775e-03 8.333333333333333218e-03
3.463624242548698356e-03 8.333333333333333218e-03
1.577205009187223339e-01 8.333333333333333218e-03
-4.667143330818822322e-03 8.333333333333333218e-03
-4.783332580416669970e-03 8.333333333333333218e-03
1.342123011525139104e-02 8.333333333333333218e-03
-2.180127484286788642e-03 8.333333333333333218e-03
-1.074762437759658497e-02 8.333333333333333218e-03
3.460698870103363911e-02 8.333333333333333218e-03
-8.876872811381115568e-04 8.333333333333333218e-03
1.976125599331390176e-02 8.333333333333333218e-03
7.006886529692132881e-02 8.333333333333333218e-03
9.101792619030864284e-02 8.333333333333333218e-03
-5.413051516967297416e-03 8.333333333333333218e-03
-9.626780961209346205e-03 8.333333333333333218e-03
-1.002011678396206532e-03 8.333333333333333218e-03
4.986076456529080214e-02 8.333333333333333218e-03
4.419024543208843053e-03 8.333333333333333218e-03
-5.061171085620701227e-03 8.333333333333333218e-03
-1.249992809816152621e-03 8.333333333333333218e-03
7.181191175447663305e-03 8.333333333333333218e-03
5.968041422832526255e-02 8.333333333333333218e-03
8.443030932123624099e-02 8.333333333333333218e-03
1.067290238849692846e-01 8.333333333333333218e-03
-1.937863969372282703e-03 8.333333333333333218e-03
1.279118551433934894e-02 8.333333333333333218e-03
-2.979700216203493533e-03 8.333333333333333218e-03
5.978903397291138178e-03 8.333333333333333218e-03
-2.494151267832909503e-03 8.333333333333333218e-03
-1.859976054976994128e-02 8.333333333333333218e-03
1.224925611167061550e-02 8.333333333333333218e-03
-4.718480643004140974e-03 8.333333333333333218e-03
2.690585905269464798e-02 8.333333333333333218e-03
6.814333063192723472e-02 8.333333333333333218e-03
2.366440001790425310e-02 8.333333333333333218e-03
9.634446011822352107e-02 8.333333333333333218e-03
4.532485163791629551e-02 8.333333333333333218e-03
2.535479099365752290e-02 8.333333333333333218e-03
7.995324058328404093e-02 8.333333333333333218e-03
3.998657424176711717e-02 8.333333333333333218e-03
-6.115030788988068053e-03 8.333333333333333218e-03
5.947782278653895860e-02 8.333333333333333218e-03
-2.696380580003707780e-03 8.333333333333333218e-03
2.982787201347921746e-01 8.333333333333333218e-03
3.796289102192550169e-02 8.333333333333333218e-03
5.793070694778718055e-03 8.333333333333333218e-03
1.109823034760899357e-01 8.333333333333333218e-03
1.859995604706022156e-03 8.333333333333333218e-03
3.401248302357504777e-02 8.333333333333333218e-03
-5.935118541398269609e-03 8.333333333333333218e-03
3.350847679144692420e-02 8.333333333333333218e-03
-6.399344698056908670e-03 8.333333333333333218e-03
9.349102450104219975e-02 8.333333333333333218e-03
3.613418239098710460e-02 8.333333333333333218e-03
-3.356491406084183282e-03 8.333333333333333218e-03
-1.009256400120850210e-02 8.333333333333333218e-03
7.926542788943741202e-02 8.333333333333333218e-03
