0.000000 0.567463
0.005055 0.645083
0.005578 0.602505
0.012542 0.431082
0.015514 0.552597
0.017397 0.563841
0.030357 0.000000
0.031346 0.598867
0.033872 0.507893
0.035253 0.449552
0.037983 0.335223
0.040897 0.445085
0.041989 0.137780
0.052112 0.699876
0.058536 0.009863
0.067308 0.889867
0.067529 0.600907
0.067667 0.681989
0.081314 0.331764
0.083380 0.247114
0.086559 0.302180
0.087966 0.609305
0.101265 0.699155
0.101768 0.508089
0.106494 0.745814
0.108575 0.319963
0.124272 0.332493
0.125065 0.525716
0.129711 0.556207
0.133158 0.260737
0.134433 0.487982
0.139561 0.423521
0.141552 0.538898
0.145988 0.741341
0.146364 0.407712
0.148335 0.580520
0.149097 0.358552
0.150311 0.293928
0.151273 0.321903
0.161832 0.660052
0.162501 0.378195
0.163910 0.801491
0.168735 0.564539
0.169425 0.521311
0.169945 0.558608
0.179812 0.853765
0.180597 0.556622
0.188112 0.631937
0.190214 0.540969
0.201094 0.607269
0.203209 0.581805
0.204571 0.679557
0.206140 0.549383
0.220101 0.628749
0.220518 0.443204
0.224168 0.451671
0.225186 0.647166
0.227677 0.560591
0.229054 0.596013
0.235357 0.535078
0.235856 0.452751
0.254355 0.873272
0.257811 0.424920
0.258256 0.525161
0.274183 0.501321
0.279414 0.505670
0.280441 0.560936
0.283552 0.574052
0.285075 0.496041
0.293343 0.450505
0.293661 0.719711
0.295266 0.686321
0.302055 0.581159
0.303085 0.482753
0.305978 0.567377
0.306609 0.651116
0.307463 0.611274
0.309088 0.700173
0.310518 0.880705
0.312781 0.814776
0.318296 0.788960
0.325564 0.509674
0.336413 0.648900
0.342514 0.766509
0.345460 0.716604
0.348770 0.620394
0.356779 0.677764
0.362813 0.895143
0.375076 0.836035
0.375556 0.646366
0.382340 0.950559
0.382604 0.657048
0.384466 0.640352
0.386220 0.648255
0.402217 0.668335
0.403334 0.817145
0.411523 0.621654
0.411986 0.773583
0.412703 0.546999
0.419125 0.720844
0.422710 0.724771
0.425633 0.621178
0.426306 0.820907
0.435895 0.844934
0.442567 0.788981
0.444904 0.840247
0.445074 0.747905
0.445881 0.805905
0.448017 0.759041
0.453132 0.616086
0.458195 0.703291
0.458821 0.669613
0.459770 0.757443
0.478874 0.708621
0.481606 0.772426
0.484507 0.646939
0.487355 0.768862
0.489116 0.684608
0.489992 0.887720
0.494141 0.859869
0.498146 0.741825
0.500041 0.797343
0.504492 0.735818
0.514299 0.622714
0.515217 0.786867
0.523871 0.696671
0.524064 0.724340
0.524981 0.624982
0.527062 0.723169
0.528353 0.641842
0.532976 0.727887
0.538714 0.747905
0.545135 0.794740
0.547147 0.788043
0.549986 0.740226
0.555484 0.809199
0.555685 0.841811
0.559033 0.824899
0.569522 0.638276
0.575284 0.666260
0.584963 0.745093
0.593652 0.757723
0.597781 0.749754
0.597841 0.751730
0.601119 0.808544
0.613209 0.859258
0.613288 0.819249
0.614219 0.730912
0.618289 0.872004
0.619570 0.704104
0.636169 0.739218
0.638667 0.742556
0.649109 0.758240
0.650400 0.865602
0.659603 0.847653
0.660367 0.756412
0.660681 0.676717
0.661768 0.728714
0.666020 0.828467
0.670672 0.807362
0.674939 0.862177
0.693861 0.975258
0.701808 0.752073
0.704061 0.793163
0.708307 0.775838
0.708775 0.857347
0.709896 0.913934
0.713700 0.709388
0.713984 0.778338
0.717331 0.765693
0.717964 0.776704
0.730400 0.835028
0.737269 0.815189
0.741444 0.858163
0.743643 0.721182
0.744225 0.858870
0.745218 0.847700
0.747588 0.728223
0.749870 0.833847
0.754966 0.859952
0.757105 0.869518
0.757846 0.850073
0.759323 0.829988
0.763800 0.740670
0.763918 0.736040
0.764860 0.775187
0.778436 0.909728
0.783753 0.723743
0.785315 0.767542
0.789779 0.773394
0.794667 0.859021
0.800948 0.745574
0.802978 0.874708
0.809993 0.743797
0.812247 0.742845
0.812698 0.876130
0.812989 0.792294
0.817212 0.801019
0.833117 0.800536
0.833637 0.842676
0.840250 0.891461
0.840804 0.782847
0.843039 0.759065
0.848368 0.743477
0.851489 0.848160
0.854753 0.795880
0.864878 0.762297
0.875382 0.779863
0.878391 0.782649
0.879892 1.000000
0.883681 0.901410
0.884524 0.766790
0.885522 0.931627
0.888828 0.847234
0.889393 0.760209
0.894561 0.912696
0.895348 0.883207
0.895714 0.828488
0.896234 0.804587
0.896858 0.853412
0.900533 0.816797
0.908006 0.769795
0.910865 0.812048
0.913148 0.820581
0.918776 0.835102
0.931155 0.841818
0.936194 0.801354
0.938947 0.859499
0.940955 0.852743
0.944882 0.770276
0.946694 0.810709
0.946868 0.857300
0.971068 0.801944
0.971922 0.896997
0.972630 0.817632
0.976700 0.808460
0.979738 0.951998
0.984317 0.951057
0.984383 0.880134
0.990580 0.839730
0.995265 0.931618
0.995360 0.857349
0.995861 0.848441
0.999323 0.840387
1.000000 0.847366
