0.000000 0.869415
0.062291 0.885860
0.070537 0.996456
0.078006 0.160137
0.112283 0.164136
0.129760 0.229125
0.136211 0.665393
0.147276 1.000000
0.159938 0.600432
0.171090 0.562895
0.181807 0.325653
0.198056 0.263469
0.198107 0.595232
0.198330 0.635564
0.204644 0.715674
0.209599 0.199007
0.214744 0.450402
0.225574 0.778492
0.226712 0.120276
0.235794 0.117539
0.235877 0.534333
0.238335 0.891201
0.241933 0.182894
0.242802 0.159882
0.244068 0.619044
0.249014 0.486494
0.254498 0.368689
0.256331 0.923104
0.256468 0.932942
0.261825 0.349646
0.261950 0.629991
0.262085 0.329768
0.263972 0.600164
0.266113 0.961338
0.266957 0.261032
0.267929 0.446088
0.271846 0.331035
0.271908 0.539998
0.273209 0.331100
0.274101 0.383955
0.274241 0.957743
0.276739 0.299613
0.282330 0.237514
0.284265 0.154026
0.284810 0.908516
0.286479 0.224590
0.286792 0.302903
0.288237 0.147076
0.291019 0.907019
0.293497 0.350073
0.294983 0.153094
0.296940 0.710539
0.299719 0.695843
0.301085 0.161636
0.303065 0.382485
0.307624 0.686157
0.308342 0.426616
0.308589 0.767988
0.309291 0.455913
0.310039 0.762310
0.313541 0.905482
0.314045 0.149104
0.317395 0.615977
0.320731 0.593418
0.322937 0.358199
0.326204 0.798623
0.333470 0.230859
0.334652 0.374805
0.334937 0.117122
0.335994 0.965340
0.336620 0.149178
0.336779 0.729187
0.337326 0.280511
0.337524 0.573315
0.338692 0.179628
0.341452 0.470201
0.343597 0.968743
0.345147 0.394536
0.345164 0.846098
0.345444 0.655032
0.346585 0.916948
0.347545 0.728271
0.348047 0.553654
0.348678 0.736887
0.349661 0.925919
0.350162 0.505212
0.350738 0.287751
0.352987 0.141625
0.353525 0.200416
0.355166 0.674443
0.355257 0.780334
0.355803 0.666763
0.356048 0.844345
0.358876 0.581227
0.360976 0.925721
0.361218 0.111274
0.361436 0.798618
0.361753 0.779451
0.362897 0.120031
0.363366 0.420501
0.364112 0.343951
0.366024 0.081809
0.366339 0.243851
0.367460 0.150750
0.368923 0.418980
0.369607 0.123154
0.371540 0.851658
0.372059 0.171239
0.375654 0.669821
0.379365 0.424628
0.379456 0.686342
0.379793 0.619188
0.382863 0.837109
0.383782 0.355832
0.384942 0.620758
0.387133 0.124175
0.388346 0.288788
0.390663 0.922252
0.392669 0.664287
0.393797 0.622633
0.394799 0.819701
0.397782 0.385529
0.399089 0.627162
0.401550 0.356407
0.404778 0.823677
0.406324 0.410675
0.406720 0.877009
0.407632 0.410157
0.411156 0.384296
0.414325 0.415378
0.414663 0.419410
0.417188 0.181443
0.417767 0.796987
0.418391 0.806720
0.423299 0.492760
0.423647 0.354196
0.424012 0.160731
0.424369 0.208812
0.424581 0.356161
0.424723 0.101280
0.428274 0.187208
0.429467 0.303723
0.430484 0.724250
0.432642 0.267226
0.434898 0.423479
0.435001 0.810481
0.435262 0.741303
0.435936 0.427597
0.437424 0.594538
0.437758 0.184112
0.438344 0.553045
0.438463 0.807789
0.440155 0.124901
0.440251 0.553081
0.441733 0.546207
0.442789 0.578930
0.442928 0.813489
0.444417 0.542310
0.444705 0.917001
0.445199 0.311920
0.446472 0.246816
0.446818 0.895275
0.446919 0.444134
0.447026 0.726725
0.447329 0.733393
0.450829 0.316466
0.452374 0.873620
0.453594 0.495495
0.454803 0.128465
0.457368 0.117708
0.458320 0.360012
0.459246 0.102465
0.459549 0.928330
0.460305 0.464780
0.463110 0.086694
0.463190 0.874175
0.463256 0.178926
0.463331 0.681377
0.465473 0.772315
0.468120 0.651422
0.468436 0.886652
0.469239 0.122462
0.470424 0.512385
0.472679 0.719143
0.472748 0.308530
0.473229 0.483756
0.473439 0.182106
0.474237 0.807835
0.474719 0.681727
0.475960 0.465093
0.476464 0.352990
0.476718 0.528132
0.476968 0.617791
0.478969 0.709227
0.479628 0.854020
0.479710 0.564613
0.480076 0.906139
0.484278 0.825197
0.484452 0.601102
0.486582 0.688212
0.487049 0.747493
0.487272 0.058704
0.490222 0.760864
0.490643 0.474314
0.490660 0.913425
0.490907 0.414231
0.491755 0.846289
0.492477 0.502090
0.494313 0.054574
0.494448 0.348903
0.494886 0.499604
0.495028 0.498790
0.499477 0.902638
0.500913 0.607016
0.501867 0.759883
0.502489 0.661888
0.504911 0.704987
0.507111 0.471059
0.508170 0.217927
0.511627 0.813439
0.512805 0.786059
0.513085 0.253286
0.513738 0.049425
0.513858 0.472569
0.513959 0.143574
0.514202 0.822965
0.517826 0.610620
0.518853 0.192642
0.519663 0.503786
0.519898 0.199884
0.521226 0.363644
0.522075 0.335530
0.523422 0.262420
0.526945 0.799445
0.528500 0.922123
0.529133 0.838218
0.530690 0.436595
0.531834 0.736270
0.535383 0.224437
0.535424 0.418838
0.536529 0.078914
0.536915 0.316385
0.537234 0.904431
0.537349 0.061570
0.537995 0.895818
0.538698 0.543635
0.539303 0.810350
0.539473 0.727218
0.539480 0.435713
0.540013 0.131393
0.542587 0.192252
0.543296 0.402366
0.545511 0.668147
0.547468 0.260085
0.548664 0.218577
0.549006 0.920356
0.549396 0.884253
0.551628 0.446635
0.553050 0.344573
0.554526 0.468421
0.558462 0.182378
0.559119 0.748990
0.559570 0.315874
0.559647 0.290145
0.559927 0.680519
0.561444 0.227353
0.564249 0.513563
0.565069 0.501118
0.565200 0.588250
0.565445 0.249042
0.566206 0.201543
0.566645 0.321430
0.567103 0.132363
0.572560 0.520911
0.573518 0.695568
0.573816 0.594179
0.575490 0.359450
0.575515 0.655158
0.576068 0.702342
0.576243 0.213188
0.576912 0.279143
0.577112 0.852073
0.577902 0.650239
0.578519 0.182600
0.578783 0.750344
0.579113 0.687999
0.580851 0.142455
0.581478 0.382852
0.581485 0.821195
0.581581 0.150480
0.582736 0.213244
0.584296 0.467665
0.584973 0.786683
0.587170 0.312232
0.587266 0.546753
0.588672 0.060358
0.590977 0.024714
0.596603 0.900397
0.598734 0.740452
0.598964 0.844581
0.599410 0.193697
0.600969 0.548273
0.603722 0.250296
0.604441 0.254066
0.606541 0.241223
0.607221 0.580407
0.608120 0.707289
0.609339 0.364260
0.609439 0.895783
0.609859 0.153659
0.609862 0.878402
0.609978 0.252697
0.610675 0.640397
0.615165 0.270804
0.615850 0.684778
0.616047 0.103461
0.618653 0.812017
0.619644 0.691671
0.620599 0.822628
0.621678 0.461434
0.622593 0.856960
0.622665 0.098981
0.627499 0.263396
0.630090 0.137837
0.633900 0.568725
0.635439 0.766172
0.635869 0.342162
0.636011 0.369686
0.636798 0.079331
0.636840 0.331875
0.636937 0.292511
0.637043 0.258004
0.637235 0.338476
0.637733 0.775070
0.637828 0.541889
0.639807 0.244917
0.640186 0.264992
0.640403 0.345020
0.645277 0.746415
0.645702 0.556522
0.650228 0.486683
0.654191 0.114779
0.656925 0.593951
0.661580 0.080447
0.662737 0.505353
0.664246 0.361789
0.665096 0.630979
0.667080 0.342630
0.672962 0.037172
0.673562 0.134525
0.673768 0.853544
0.674222 0.348538
0.676149 0.176579
0.676433 0.415002
0.676583 0.322177
0.680098 0.357610
0.680277 0.397008
0.683752 0.420248
0.685917 0.566455
0.691310 0.650310
0.694082 0.065763
0.696423 0.430070
0.698412 0.276388
0.700282 0.684213
0.700627 0.263170
0.703032 0.042024
0.703329 0.725264
0.704186 0.764271
0.715609 0.232674
0.724954 0.002162
0.726247 0.275398
0.734830 0.622662
0.734832 0.069405
0.735527 0.124980
0.739370 0.347598
0.739379 0.135389
0.739880 0.196499
0.740128 0.685999
0.742183 0.694314
0.743212 0.364598
0.748301 0.551150
0.772018 0.807999
0.776657 0.592738
0.781352 0.530188
0.782605 0.093886
0.782982 0.000000
0.783345 0.854731
0.794315 0.808881
0.806375 0.196736
0.826451 0.233107
0.830713 0.309647
0.847866 0.209177
0.851176 0.096118
0.853434 0.676221
0.856463 0.381546
0.899169 0.184164
0.913302 0.629255
0.935066 0.060047
0.950116 0.694760
1.000000 0.091228
