0.000000 0.780012
0.036937 0.730151
0.073513 0.520120
0.075543 0.628564
0.103537 0.708043
0.109015 0.678005
0.111087 0.416001
0.118570 0.665538
0.121613 0.724078
0.123440 0.523599
0.123459 0.665727
0.125702 0.746068
0.129932 0.419780
0.149392 0.706265
0.158179 0.589836
0.158740 0.454067
0.165093 0.753169
0.167704 0.513174
0.171505 0.421261
0.181095 0.392815
0.183228 0.562265
0.186468 0.522137
0.194917 0.605621
0.196790 0.480269
0.202866 0.512833
0.203919 0.621490
0.205762 0.613619
0.209060 0.556551
0.209110 0.582320
0.214729 0.515423
0.215686 0.546183
0.218143 0.514625
0.224133 0.581296
0.225812 0.763450
0.226451 0.562785
0.226932 0.498357
0.228008 0.594850
0.228699 0.569718
0.229833 0.779994
0.232504 0.536605
0.232546 0.408362
0.233556 0.608560
0.234583 0.659505
0.236413 0.411447
0.236518 0.487352
0.237153 0.771447
0.239558 0.451971
0.239763 0.784863
0.244492 0.490640
0.246903 0.753842
0.247575 0.454340
0.248968 0.657064
0.252249 0.471813
0.253430 0.422391
0.253600 0.778973
0.254447 0.443163
0.255915 0.778132
0.256224 0.682608
0.257521 0.752013
0.257793 0.500420
0.258274 0.627886
0.259944 0.534340
0.260888 0.590013
0.262685 0.583840
0.263953 0.608950
0.264645 0.646436
0.264655 0.584009
0.267461 0.695178
0.269576 0.765977
0.272617 0.557605
0.277709 0.483818
0.277768 0.713721
0.279106 0.521663
0.279555 0.571879
0.282273 0.680962
0.283031 0.523568
0.285932 0.789681
0.286313 0.469902
0.286764 0.570557
0.287899 0.602688
0.289846 0.611095
0.291393 0.747289
0.293006 0.757902
0.294049 0.505743
0.295935 0.745054
0.297306 0.767635
0.297877 0.728463
0.300910 0.593527
0.301290 0.489242
0.304286 0.524047
0.304449 0.492720
0.305006 0.532619
0.305441 0.701897
0.306098 0.573686
0.306271 0.829960
0.307792 0.800664
0.308008 0.519972
0.308164 0.471097
0.308895 0.747280
0.309642 0.611777
0.309817 0.696405
0.314099 0.526650
0.314949 0.559264
0.315466 0.628595
0.315587 0.536061
0.315848 0.772099
0.316811 0.711680
0.316923 0.827453
0.317744 0.587681
0.319306 0.841083
0.321765 0.792867
0.321835 0.780635
0.323506 0.469607
0.323563 0.642649
0.324424 0.483462
0.324677 0.745230
0.326328 0.681272
0.326352 0.742176
0.327445 0.760804
0.328062 0.682365
0.328798 0.814753
0.331289 0.685977
0.333248 0.725600
0.334649 0.719909
0.334664 0.629878
0.334879 0.654812
0.334987 0.503026
0.335232 0.589164
0.336976 0.481286
0.337110 0.628276
0.337799 0.633918
0.339272 0.860868
0.340045 0.536494
0.341586 0.655550
0.343354 0.627486
0.344845 0.569147
0.345046 0.760648
0.345697 0.492576
0.345829 0.843565
0.347045 0.510890
0.349061 0.783845
0.349941 0.798231
0.351605 0.656981
0.352407 0.597541
0.354774 0.829093
0.355592 0.565373
0.355953 0.880637
0.357302 0.899796
0.358188 0.561506
0.359614 0.830350
0.359739 0.725495
0.361102 0.532376
0.361343 0.778885
0.361605 0.579264
0.362676 0.874137
0.362757 0.563089
0.363398 0.600617
0.364023 0.573653
0.364367 0.683391
0.365279 0.629644
0.366227 0.670592
0.366451 0.612265
0.367812 0.696691
0.368231 0.613882
0.368264 0.702131
0.368646 0.751992
0.370227 0.621711
0.373137 0.705592
0.374487 0.833155
0.374571 0.716286
0.374714 0.639223
0.376098 0.795160
0.376411 0.761005
0.376678 0.595151
0.377547 0.559640
0.378660 0.624612
0.378725 0.692086
0.379102 0.646157
0.379487 0.767591
0.383302 0.770862
0.383658 0.866374
0.383924 0.684076
0.384418 0.853457
0.384478 0.922593
0.384710 0.907563
0.385255 0.663743
0.385963 0.834938
0.386563 0.703471
0.386831 0.632674
0.386892 0.812344
0.388129 0.694199
0.389080 0.606334
0.389550 0.678864
0.390117 0.686960
0.391785 0.720080
0.392177 0.539143
0.392357 0.708057
0.393249 0.865598
0.393518 0.628611
0.394584 0.744328
0.394881 0.832720
0.395409 0.595659
0.395908 0.706337
0.396139 0.713743
0.396184 0.792761
0.397589 0.785895
0.398217 0.851680
0.398515 0.649422
0.399654 0.580591
0.400118 0.909819
0.400402 0.690380
0.401924 0.819133
0.403254 0.876135
0.403405 0.627663
0.403859 0.799951
0.404278 0.577935
0.404744 0.934528
0.405827 0.661171
0.405855 0.861037
0.406407 0.905348
0.406750 0.928237
0.408278 0.823425
0.408413 0.589286
0.408599 0.912196
0.409337 0.625845
0.409351 0.849208
0.409760 0.925587
0.410135 0.583555
0.410399 0.850214
0.410502 0.635987
0.410705 0.660187
0.411374 0.597878
0.411695 0.600582
0.411805 0.909033
0.411900 0.911355
0.412282 0.736419
0.413545 0.905340
0.414061 0.708818
0.414399 0.905035
0.415231 0.674663
0.415870 0.622940
0.416861 0.699174
0.418731 0.619913
0.418811 0.916818
0.419083 0.930147
0.419128 0.744684
0.420316 0.640271
0.420343 0.934200
0.421466 0.715371
0.422936 0.965319
0.423054 0.675751
0.423398 0.789488
0.424261 0.623660
0.425171 0.649956
0.425255 0.821375
0.425303 0.660349
0.425891 0.642836
0.426094 0.938932
0.426238 0.668199
0.426527 0.664770
0.427614 0.886115
0.428245 0.788313
0.428281 0.802804
0.428396 0.731767
0.429067 0.850218
0.430311 0.753499
0.430426 0.789510
0.430595 0.605620
0.431296 0.589745
0.432467 0.709735
0.432497 0.652268
0.432624 0.626416
0.432649 0.707641
0.432953 0.573221
0.434148 0.702378
0.434300 0.653765
0.435206 0.952644
0.435619 0.815903
0.435829 0.751915
0.436124 0.818432
0.436394 0.769795
0.436517 0.937893
0.436798 0.623600
0.437444 0.668510
0.437762 0.720376
0.438807 0.926477
0.439358 0.753410
0.439590 0.653239
0.439937 0.779089
0.440647 0.921787
0.440673 0.876505
0.440934 0.773121
0.441485 0.685570
0.442614 0.920731
0.442849 0.673825
0.444284 0.894945
0.444783 0.870586
0.445461 0.911360
0.446352 0.982410
0.446452 0.973728
0.446950 0.967943
0.447738 0.906333
0.448377 0.609388
0.448538 0.923445
0.448807 0.974679
0.449570 0.628204
0.450509 0.722673
0.450768 0.921106
0.451573 0.619405
0.452328 0.672361
0.452439 0.713106
0.452847 0.710714
0.452907 0.938335
0.453218 0.792033
0.453447 0.796910
0.453478 0.714728
0.453793 0.808619
0.453878 0.802953
0.454268 0.749845
0.454286 0.731102
0.454584 0.799358
0.455171 0.617301
0.455829 0.818554
0.456005 0.740186
0.456053 0.731626
0.457365 0.953574
0.457923 0.845901
0.458059 0.902017
0.458761 0.869844
0.458782 0.677986
0.460207 0.750309
0.460305 0.656522
0.460676 0.587649
0.461209 0.663402
0.461256 0.694935
0.461753 0.675518
0.461768 0.809155
0.462853 0.742734
0.463021 0.716087
0.463175 0.963732
0.463187 0.660395
0.463447 0.801416
0.463945 0.747922
0.465094 0.847921
0.465463 0.629408
0.465639 0.886718
0.466733 0.776633
0.467509 0.752050
0.467539 0.675126
0.467826 0.842092
0.467978 0.849337
0.468697 0.701028
0.469531 0.749671
0.469862 0.720357
0.470537 0.938355
0.470841 0.988969
0.471041 0.769988
0.471336 0.649815
0.471511 0.663366
0.471782 0.902337
0.471910 0.861590
0.472261 0.889872
0.473700 0.875789
0.474007 0.655665
0.474168 0.759775
0.474419 0.655372
0.474511 0.753296
0.474886 0.958467
0.474907 0.930555
0.475175 0.590381
0.475599 0.665952
0.475734 0.822642
0.477505 0.771939
0.477864 0.834228
0.477936 0.617688
0.478337 0.786428
0.478866 0.688530
0.478925 0.687235
0.479023 0.993161
0.479040 0.658507
0.479054 0.782475
0.480029 0.979250
0.480745 0.873340
0.480995 1.000000
0.481795 0.973375
0.481890 0.935145
0.482502 0.884428
0.483945 0.933199
0.484428 0.871106
0.484488 0.821991
0.484934 0.648434
0.485261 0.977278
0.485271 0.594073
0.485451 0.809606
0.486905 0.695050
0.488697 0.911876
0.489119 0.832657
0.489214 0.718204
0.489361 0.902335
0.489651 0.749215
0.490247 0.594387
0.490874 0.827867
0.490904 0.813238
0.492299 0.756211
0.492316 0.870681
0.492352 0.851970
0.492394 0.965914
0.492552 0.849662
0.493959 0.788171
0.494664 0.697416
0.495780 0.825119
0.495791 0.599791
0.496197 0.740354
0.496797 0.655523
0.497073 0.879159
0.498346 0.809145
0.498376 0.893851
0.498696 0.767192
0.499130 0.799542
0.499555 0.795788
0.499819 0.951394
0.500154 0.983517
0.500831 0.796736
0.500924 0.672413
0.500961 0.841068
0.501055 0.954247
0.501153 0.970303
0.501532 0.812141
0.501995 0.830012
0.502206 0.832159
0.502246 0.811548
0.502486 0.833407
0.502625 0.886336
0.503265 0.733848
0.503287 0.862715
0.503580 0.907548
0.504052 0.662570
0.504941 0.974624
0.506680 0.806386
0.506690 0.861019
0.506867 0.913232
0.507722 0.658631
0.508522 0.722855
0.508526 0.963846
0.509453 0.921282
0.509672 0.972071
0.510526 0.599677
0.510722 0.771475
0.510799 0.825300
0.510930 0.783669
0.511544 0.879884
0.511836 0.924760
0.512391 0.686735
0.513754 0.890952
0.513840 0.588929
0.514001 0.694853
0.514628 0.996726
0.514668 0.877286
0.515010 0.906751
0.515142 0.780246
0.515383 0.844858
0.515486 0.863407
0.516805 0.928472
0.516933 0.774507
0.517273 0.708832
0.519116 0.642374
0.519948 0.626049
0.520485 0.622879
0.520799 0.955646
0.521082 0.983279
0.521204 0.712650
0.521314 0.990495
0.522990 0.724617
0.523247 0.656040
0.523637 0.782656
0.524026 0.981828
0.524061 0.909644
0.524740 0.973072
0.525100 0.665687
0.525300 0.649417
0.525813 0.829181
0.525956 0.949338
0.526625 0.586453
0.526762 0.664837
0.527419 0.861840
0.527837 0.733633
0.528379 0.609631
0.528513 0.707021
0.528738 0.622258
0.529793 0.613276
0.531251 0.697477
0.531394 0.969856
0.531807 0.914556
0.533238 0.597311
0.533566 0.687113
0.534010 0.585798
0.534218 0.968558
0.534352 0.590716
0.534476 0.811739
0.534829 0.643251
0.534986 0.597570
0.535576 0.623997
0.535693 0.951810
0.535939 0.690553
0.536351 0.604032
0.536485 0.582820
0.536560 0.902307
0.537359 0.863236
0.537811 0.841946
0.538084 0.721897
0.538096 0.962037
0.538737 0.657341
0.538816 0.813710
0.538875 0.576146
0.539711 0.592973
0.540902 0.684311
0.541915 0.948674
0.542103 0.925807
0.542793 0.895607
0.542931 0.722713
0.543066 0.584823
0.543517 0.913956
0.543759 0.591890
0.543894 0.593110
0.544178 0.781869
0.544362 0.953817
0.544807 0.897506
0.546278 0.830808
0.546701 0.800298
0.547079 0.967192
0.547473 0.607761
0.548243 0.690141
0.549475 0.576322
0.550316 0.944965
0.550366 0.903536
0.551286 0.958726
0.551418 0.988820
0.551485 0.745633
0.552320 0.967814
0.552339 0.648246
0.552828 0.946644
0.553151 0.976924
0.554203 0.829457
0.554217 0.628971
0.554438 0.630280
0.554566 0.963742
0.554692 0.827296
0.554827 0.833433
0.555058 0.722145
0.555394 0.962547
0.555455 0.682506
0.555821 0.865236
0.555984 0.755924
0.556271 0.976533
0.556575 0.795988
0.557251 0.634404
0.557361 0.911069
0.557442 0.615308
0.557527 0.760395
0.557654 0.645430
0.558235 0.875633
0.559138 0.623001
0.559288 0.691888
0.559363 0.788723
0.559777 0.608118
0.560225 0.980411
0.560438 0.631550
0.560909 0.921265
0.561744 0.564671
0.562340 0.769094
0.563080 0.569107
0.563532 0.881712
0.563580 0.709190
0.564065 0.748978
0.565407 0.951366
0.565692 0.947927
0.565868 0.654433
0.567850 0.802078
0.568221 0.978537
0.568346 0.862389
0.569165 0.907410
0.569727 0.873752
0.569961 0.850773
0.570078 0.915974
0.571237 0.566847
0.571257 0.783084
0.572127 0.724416
0.572499 0.937365
0.572981 0.652775
0.573920 0.725321
0.574253 0.581648
0.574662 0.783111
0.575661 0.582031
0.575711 0.868258
0.576427 0.938184
0.577161 0.837639
0.577543 0.696998
0.577558 0.672834
0.578384 0.781213
0.578497 0.901428
0.578632 0.700264
0.578654 0.837507
0.578862 0.572975
0.579431 0.674649
0.580040 0.860358
0.580350 0.590816
0.580507 0.696634
0.580703 0.577959
0.581024 0.937724
0.581239 0.674819
0.581789 0.930109
0.582038 0.936140
0.582551 0.626481
0.582809 0.900131
0.583387 0.871615
0.583425 0.710211
0.583797 0.549683
0.583959 0.563082
0.584198 0.540657
0.584662 0.822414
0.584754 0.701996
0.585512 0.901091
0.586604 0.742723
0.586870 0.770054
0.587290 0.754685
0.588462 0.872582
0.588654 0.579560
0.588657 0.620766
0.589511 0.804090
0.589784 0.932879
0.589889 0.841916
0.591724 0.723789
0.591989 0.631424
0.592835 0.901438
0.593176 0.539698
0.593316 0.892032
0.593451 0.759870
0.594110 0.621011
0.594482 0.834154
0.594888 0.783383
0.596370 0.797528
0.596467 0.577947
0.597922 0.631858
0.598567 0.722733
0.598774 0.631581
0.599284 0.895299
0.602001 0.615594
0.602423 0.684866
0.602624 0.824626
0.603232 0.633099
0.603724 0.813504
0.603872 0.776603
0.604039 0.573980
0.604162 0.812653
0.604924 0.514979
0.605012 0.615893
0.605058 0.639558
0.605580 0.856206
0.606922 0.601967
0.607154 0.739759
0.609770 0.654647
0.610250 0.895553
0.610259 0.620403
0.610858 0.794398
0.611591 0.869033
0.613583 0.512616
0.614309 0.800235
0.615131 0.644330
0.615192 0.587202
0.615963 0.884620
0.616385 0.868210
0.616900 0.875101
0.617144 0.644301
0.617304 0.685894
0.617364 0.834488
0.617813 0.701212
0.617914 0.854449
0.618127 0.827424
0.618862 0.863834
0.618927 0.515280
0.619745 0.634411
0.621104 0.503341
0.621461 0.674958
0.621560 0.629896
0.623038 0.684822
0.623512 0.779223
0.623912 0.766862
0.624193 0.697663
0.625389 0.871705
0.625656 0.648657
0.626192 0.751084
0.628030 0.756513
0.628860 0.749933
0.630986 0.575482
0.631260 0.583713
0.631506 0.652516
0.632624 0.682038
0.632817 0.568420
0.634640 0.835309
0.634796 0.874790
0.635465 0.750804
0.637159 0.574684
0.637633 0.776938
0.638867 0.602972
0.639219 0.867363
0.641347 0.761788
0.641647 0.818000
0.642296 0.491325
0.643874 0.561845
0.644493 0.785508
0.647109 0.703988
0.648072 0.672878
0.648623 0.787620
0.649630 0.817999
0.649793 0.625563
0.650160 0.512470
0.651741 0.429344
0.652019 0.479251
0.652645 0.529051
0.652750 0.497211
0.652984 0.616046
0.653332 0.510425
0.654053 0.664662
0.654826 0.608727
0.655312 0.587389
0.655587 0.434189
0.656582 0.731598
0.658645 0.714766
0.659267 0.700718
0.659322 0.723448
0.659739 0.547258
0.660076 0.567238
0.661623 0.733782
0.662080 0.451747
0.662432 0.409042
0.662778 0.502521
0.664538 0.564153
0.665136 0.726604
0.665177 0.592085
0.665589 0.585548
0.665716 0.638110
0.665818 0.810119
0.666012 0.703239
0.667153 0.481542
0.667303 0.472567
0.669090 0.615450
0.669281 0.508158
0.672003 0.645884
0.673628 0.471415
0.674297 0.431542
0.676845 0.718525
0.677264 0.668029
0.677667 0.473973
0.677744 0.546172
0.679586 0.743736
0.680174 0.370372
0.680690 0.428732
0.680877 0.739882
0.681106 0.616001
0.681209 0.597180
0.681300 0.360366
0.683404 0.515601
0.683544 0.585454
0.684312 0.675247
0.685510 0.555090
0.686997 0.538008
0.689101 0.750039
0.689914 0.467724
0.689929 0.428690
0.691765 0.640708
0.692538 0.379770
0.693934 0.346327
0.695217 0.652399
0.696967 0.531749
0.698681 0.440948
0.699621 0.530020
0.700169 0.338637
0.701212 0.665320
0.701883 0.612878
0.704399 0.715099
0.709171 0.680388
0.709508 0.593638
0.709928 0.336284
0.711063 0.499557
0.711338 0.339483
0.711788 0.281190
0.711994 0.342555
0.712693 0.396617
0.712946 0.642114
0.713010 0.425933
0.713347 0.369447
0.713518 0.564105
0.715851 0.473737
0.715917 0.687413
0.717915 0.302643
0.718530 0.345059
0.718997 0.676341
0.719043 0.479995
0.719370 0.465120
0.720693 0.517604
0.721964 0.285540
0.722365 0.394484
0.725472 0.599151
0.726117 0.513030
0.726559 0.326804
0.727303 0.288079
0.727524 0.532046
0.729279 0.472849
0.729596 0.417165
0.732030 0.506682
0.733232 0.504571
0.734586 0.235016
0.735832 0.273474
0.737018 0.269784
0.737431 0.598402
0.739450 0.369610
0.740371 0.616776
0.740832 0.569243
0.741157 0.390086
0.741639 0.443322
0.742696 0.479587
0.744591 0.316483
0.745060 0.552320
0.746227 0.232843
0.747367 0.273836
0.748187 0.529740
0.750413 0.482449
0.750545 0.240475
0.751347 0.565308
0.751712 0.316381
0.752221 0.287317
0.752790 0.579900
0.755241 0.544967
0.757278 0.495725
0.762796 0.454737
0.769904 0.273999
0.774160 0.295490
0.775002 0.152008
0.776956 0.452953
0.784111 0.385815
0.788595 0.263872
0.788830 0.152873
0.790633 0.357871
0.792114 0.466628
0.792889 0.463450
0.797549 0.302656
0.803235 0.236306
0.810329 0.190794
0.812035 0.305565
0.814508 0.150277
0.816567 0.419886
0.818504 0.403660
0.824251 0.256810
0.827619 0.080913
0.830909 0.261467
0.831161 0.262999
0.832509 0.000000
0.837467 0.345587
0.841787 0.220285
0.843453 0.171025
0.853144 0.170681
0.861045 0.375036
0.864723 0.076145
0.882440 0.178098
0.896389 0.347160
0.901670 0.049337
0.909876 0.133170
0.910206 0.187414
0.947338 0.349861
0.965469 0.420221
1.000000 0.787945
