0.000000 0.101657
0.006668 0.303005
0.076609 0.253440
0.091000 0.045300
0.114983 0.590859
0.130743 0.786805
0.158152 0.671234
0.205212 0.099989
0.212181 0.352902
0.215972 0.001434
0.221019 0.540206
0.231597 0.000000
0.269125 0.011195
0.279261 0.758201
0.286252 0.013872
0.322301 0.318836
0.326635 0.078701
0.334751 0.060111
0.342118 0.524634
0.356294 0.182153
0.379337 0.254155
0.381371 0.687602
0.386348 0.089337
0.386457 0.578013
0.393840 0.743660
0.402552 0.086989
0.409059 0.151425
0.412864 0.611637
0.416288 0.106611
0.424151 0.267722
0.432948 0.626470
0.435285 0.719379
0.439298 0.660522
0.441734 0.355800
0.448103 0.524602
0.490525 0.483460
0.507445 0.425663
0.508723 0.141425
0.520499 0.580721
0.522575 0.575736
0.535228 0.283906
0.537033 0.716638
0.538056 0.768499
0.565576 0.776096
0.575536 0.488750
0.612003 0.681789
0.614955 0.508840
0.637137 0.260212
0.639788 0.438276
0.642627 0.243462
0.675853 0.381034
0.695329 0.746025
0.705399 0.912881
0.707353 1.000000
0.709790 0.864633
0.747892 0.769345
0.799182 0.290282
0.820338 0.756800
0.938486 0.601954
0.955635 0.713359
1.000000 0.881186
