0.000000 0.500212
0.286405 0.375216
0.292559 0.386450
0.305764 0.000000
0.329060 0.802609
0.343933 0.713147
0.379428 0.873083
0.384245 0.371862
0.392793 0.702544
0.411950 0.543379
0.438087 0.639574
0.456773 0.898970
0.466622 0.469544
0.469499 0.771137
0.472706 0.089933
0.491440 0.704017
0.494379 0.266523
0.512715 0.590990
0.520444 0.191354
0.523199 0.591923
0.535923 0.756582
0.594901 0.968777
0.633935 0.232636
0.693495 0.633938
0.711372 0.408430
0.717103 0.669783
0.748441 1.000000
0.771315 0.701193
0.843493 0.874336
0.889314 0.715765
1.000000 0.910286
