0.000000 0.581329
0.007403 0.821725
0.026390 0.770994
0.074634 0.772238
0.078387 0.737192
0.103195 0.738999
0.107550 0.731518
0.113626 0.656496
0.122762 0.772394
0.141212 0.802604
0.148420 0.601721
0.151640 0.729959
0.154774 0.612286
0.157531 0.627354
0.160754 0.665143
0.162099 0.656432
0.168160 0.681500
0.175373 0.582730
0.182413 0.692930
0.184685 0.773000
0.197692 0.622206
0.201911 0.665722
0.205454 0.761641
0.210573 0.697202
0.212773 0.820008
0.217177 0.546272
0.217866 0.760681
0.218556 0.714789
0.224570 0.620177
0.226363 0.769748
0.227039 0.598886
0.228140 0.768298
0.239481 0.677127
0.244789 0.703965
0.245428 0.578785
0.256350 0.539702
0.256373 0.734218
0.257852 0.546856
0.261324 0.577985
0.263474 0.664816
0.264035 0.539610
0.264503 0.534498
0.266435 0.596113
0.267349 0.732644
0.270265 0.740503
0.273633 0.765182
0.274367 0.558880
0.275293 0.785346
0.280123 0.575619
0.280355 0.783149
0.280913 0.658884
0.282053 0.769929
0.290274 0.691436
0.293354 0.613970
0.300380 0.547702
0.303275 0.571876
0.303590 0.798181
0.306065 0.619866
0.306179 0.606132
0.306743 0.810169
0.307417 0.537776
0.315917 0.728715
0.319272 0.574815
0.319886 0.654871
0.320339 0.812263
0.321218 0.788724
0.322094 0.652913
0.324238 0.658007
0.324339 0.684806
0.325131 0.621812
0.328653 0.695163
0.328986 0.630415
0.329161 0.551692
0.329231 0.643028
0.334047 0.630392
0.336276 0.592262
0.342085 0.742030
0.342709 0.837722
0.343626 0.549086
0.344871 0.769456
0.345871 0.569911
0.348894 0.766842
0.348971 0.752417
0.349187 0.573481
0.349788 0.697395
0.350076 0.739010
0.352371 0.717188
0.353424 0.687885
0.354607 0.724239
0.356141 0.633100
0.356589 0.852219
0.357965 0.589328
0.363067 0.677777
0.364216 0.759955
0.364672 0.643218
0.366328 0.741432
0.366679 0.707734
0.367337 0.696960
0.369569 0.732829
0.369882 0.817116
0.370150 0.852940
0.372727 0.849262
0.375014 0.686442
0.375461 0.749044
0.376220 0.740061
0.377819 0.787630
0.379735 0.773103
0.382190 0.632683
0.383659 0.657157
0.385788 0.653951
0.387288 0.858405
0.388928 0.734254
0.389742 0.707009
0.392545 0.763114
0.396068 0.783271
0.396667 0.818792
0.397212 0.733379
0.398081 0.796727
0.398098 0.638169
0.398442 0.578382
0.398569 0.762684
0.400430 0.820527
0.401693 0.660983
0.403489 0.801740
0.405008 0.658613
0.405204 0.708292
0.405979 0.596428
0.409374 0.829919
0.411282 0.689536
0.411917 0.640088
0.412232 0.822687
0.414112 0.575392
0.420560 0.653492
0.422121 0.577008
0.422873 0.821416
0.423906 0.667324
0.424365 0.604661
0.425700 0.627758
0.427588 0.583814
0.428042 0.685082
0.433296 0.690336
0.434432 0.627927
0.436008 0.860991
0.436197 0.686362
0.436776 0.649954
0.437752 0.770622
0.438127 0.869015
0.438402 0.771857
0.439226 0.821911
0.442158 0.601144
0.443919 0.734967
0.444102 0.632195
0.445123 0.869155
0.445978 0.820979
0.447644 0.818103
0.448930 0.645164
0.448990 0.656569
0.449351 0.824302
0.449864 0.828224
0.449942 0.640140
0.451496 0.869298
0.451715 0.734406
0.452173 0.842005
0.452199 0.741749
0.453315 0.607583
0.454568 0.694777
0.455105 0.687712
0.457092 0.588665
0.457463 0.724276
0.457628 0.655632
0.457660 0.670943
0.458263 0.793631
0.458638 0.595940
0.462422 0.675526
0.463086 0.679253
0.465041 0.657408
0.465329 0.812235
0.466755 0.626087
0.467608 0.867740
0.470515 0.599455
0.470967 0.602302
0.471719 0.847513
0.471907 0.674338
0.472909 0.655288
0.475401 0.860695
0.476062 0.741001
0.476360 0.686934
0.476499 0.748163
0.478425 0.766973
0.480669 0.624312
0.481659 0.743414
0.482187 0.632261
0.482304 0.572890
0.482403 0.636989
0.485086 0.641727
0.488048 0.714266
0.490117 0.642589
0.490476 0.733079
0.490521 0.835606
0.490814 0.651097
0.491224 0.613255
0.491663 0.585090
0.491915 0.771224
0.491983 0.809463
0.493849 0.657508
0.495650 0.693693
0.495771 0.726781
0.496329 0.676695
0.496364 0.574500
0.496937 0.859744
0.498514 0.707380
0.500326 0.632920
0.500946 0.847693
0.501440 0.662810
0.501660 0.795308
0.504198 0.821655
0.505116 0.622458
0.505165 0.831150
0.505370 0.603625
0.506374 0.605414
0.508396 0.837548
0.508840 0.702969
0.510172 0.670920
0.510285 0.848305
0.510816 0.704538
0.511304 0.808734
0.512088 0.753437
0.512806 0.780303
0.514476 0.652179
0.515690 0.771140
0.516998 0.562469
0.517954 0.699039
0.518006 0.618640
0.520146 0.575781
0.522623 0.793754
0.523667 0.556789
0.524306 0.812753
0.524985 0.605748
0.525922 0.724514
0.526076 0.682923
0.530208 0.612849
0.533731 0.628768
0.536155 0.593847
0.537236 0.831518
0.538097 0.649449
0.539928 0.731406
0.540264 0.733489
0.540358 0.797058
0.541188 0.641510
0.541921 0.635569
0.542462 0.620843
0.542775 0.592518
0.548123 0.698206
0.549185 0.649773
0.549318 0.591877
0.549395 0.746346
0.550480 0.830849
0.556006 0.609274
0.557143 0.807474
0.558155 0.568648
0.561285 0.820546
0.562242 0.635363
0.562456 0.707412
0.563942 0.600838
0.565309 0.731462
0.565489 0.650738
0.567195 0.672031
0.567752 0.612698
0.567873 0.781257
0.569449 0.812375
0.569673 0.813626
0.572514 0.498872
0.574619 0.753835
0.578720 0.676346
0.581667 0.673616
0.582477 0.769829
0.582752 0.643865
0.584219 0.569696
0.589722 0.788779
0.594401 0.557778
0.595239 0.678393
0.595632 0.637627
0.595982 0.550214
0.597214 0.711616
0.597491 0.478506
0.598088 0.538377
0.599003 0.508131
0.600831 0.761211
0.601119 0.637261
0.601152 0.478036
0.602928 0.532998
0.603262 0.457146
0.607007 0.699135
0.607677 0.737539
0.608850 0.752956
0.609570 0.750108
0.609688 0.503103
0.610063 0.519808
0.610277 0.453684
0.610901 0.679612
0.612608 0.516938
0.616332 0.512019
0.617044 0.710317
0.619769 0.603183
0.620242 0.590841
0.622956 0.562480
0.627517 0.733858
0.627532 0.555708
0.632009 0.572594
0.632079 0.493936
0.632101 0.584510
0.633730 0.475494
0.635068 0.437051
0.635166 0.575550
0.636085 0.451504
0.637996 0.691430
0.639084 0.495034
0.639932 0.414319
0.640407 0.521584
0.643805 0.452002
0.644783 0.701513
0.645918 0.639781
0.646396 0.400987
0.646686 0.679744
0.649701 0.610658
0.652126 0.490982
0.653792 0.531576
0.655846 0.400546
0.656945 0.339368
0.656986 0.642958
0.661772 0.354216
0.662645 0.599498
0.664654 0.328660
0.666412 0.640467
0.668928 0.596804
0.669814 0.393323
0.670016 0.458957
0.671097 0.355636
0.673856 0.508465
0.677001 0.587288
0.678347 0.564418
0.679131 0.300124
0.679494 0.585890
0.681714 0.526963
0.682292 0.391986
0.683336 0.491730
0.686940 0.575574
0.686950 0.400366
0.690317 0.300309
0.692078 0.418330
0.698130 0.377603
0.698511 0.365109
0.698982 0.502353
0.699393 0.434441
0.700296 0.494043
0.700408 0.498210
0.701947 0.431387
0.703884 0.232240
0.704376 0.217581
0.706100 0.416137
0.709664 0.289567
0.716642 0.514772
0.719896 0.395815
0.723891 0.441792
0.725385 0.390161
0.725641 0.347530
0.726463 0.265012
0.733229 0.359204
0.736762 0.224099
0.736785 0.302166
0.740133 0.143517
0.740709 0.372532
0.740784 0.337335
0.747548 0.295157
0.748858 0.471728
0.749288 0.108498
0.752794 0.161402
0.752799 0.424366
0.753705 0.447272
0.755638 0.292288
0.761483 0.214802
0.763222 0.081787
0.763479 0.248097
0.765953 0.122664
0.771758 0.293110
0.771861 0.225601
0.773253 0.273187
0.778136 0.059334
0.782218 0.336548
0.789592 0.343539
0.791467 0.063509
0.791837 0.219813
0.796637 0.363557
0.802013 0.287141
0.804008 0.148533
0.812375 0.315737
0.821874 0.285014
0.826436 0.079442
0.830211 0.278744
0.843656 0.045657
0.845655 0.058329
0.853350 0.241256
0.854843 0.092217
0.858287 0.047408
0.866765 0.000000
0.869770 0.156200
0.869778 0.138156
0.870397 0.381837
0.883104 0.355070
0.895358 0.192078
0.905034 0.084023
1.000000 1.000000
