0.000000 0.026627
0.161484 0.074427
0.175295 0.104601
0.182266 0.406308
0.182779 0.371898
0.190480 0.063626
0.192819 0.000000
0.193482 0.007859
0.196403 0.345540
0.199238 0.555585
0.199578 0.252592
0.210812 0.221618
0.211515 0.365388
0.221883 0.183852
0.230655 0.505435
0.231285 0.176436
0.234964 0.379868
0.235548 0.033317
0.235758 0.253010
0.238878 0.043371
0.242165 0.214534
0.242853 0.094246
0.243929 0.109387
0.248730 0.313192
0.248969 0.112249
0.255167 0.480252
0.255575 0.466044
0.256172 0.346346
0.259276 0.108738
0.261780 0.336850
0.263154 0.403199
0.266609 0.340671
0.269056 0.115594
0.269316 0.163007
0.270065 0.544193
0.272936 0.208521
0.273866 0.192339
0.274305 0.505776
0.275609 0.468205
0.280259 0.314655
0.280580 0.361098
0.280681 0.067676
0.280716 0.432035
0.282163 0.244870
0.283092 0.369961
0.284329 0.517512
0.287360 0.354134
0.288714 0.096578
0.290128 0.138896
0.293662 0.240465
0.296740 0.194224
0.297252 0.446559
0.297972 0.425492
0.299846 0.159054
0.304193 0.517573
0.304806 0.405403
0.308059 0.097426
0.309075 0.155158
0.309113 0.621840
0.310051 0.359965
0.311733 0.172533
0.317275 0.149603
0.317643 0.547421
0.318598 0.458420
0.318861 0.477964
0.319818 0.245308
0.323506 0.560138
0.325870 0.329420
0.326262 0.201259
0.326882 0.498254
0.330084 0.132113
0.331304 0.293090
0.333574 0.391395
0.335356 0.449694
0.336515 0.268102
0.338565 0.127882
0.340011 0.371434
0.340025 0.546803
0.341316 0.526605
0.341401 0.286785
0.343037 0.583573
0.343338 0.198770
0.345542 0.407468
0.345730 0.120517
0.346609 0.508109
0.346871 0.551563
0.348250 0.210216
0.348534 0.103206
0.349641 0.441721
0.351163 0.552892
0.354470 0.436659
0.356120 0.198738
0.356590 0.328825
0.357112 0.570697
0.358065 0.526010
0.363410 0.114529
0.364471 0.588203
0.365695 0.290259
0.365802 0.255329
0.367856 0.153731
0.370598 0.527942
0.371387 0.161343
0.372355 0.148824
0.373060 0.562190
0.374132 0.447303
0.374744 0.536149
0.375640 0.400786
0.376284 0.601485
0.377245 0.652731
0.377831 0.483442
0.378775 0.410152
0.381715 0.583335
0.383995 0.494897
0.384323 0.451639
0.384535 0.419149
0.385826 0.277606
0.386877 0.585088
0.387013 0.650453
0.387997 0.578111
0.388738 0.210246
0.389432 0.528804
0.389469 0.557722
0.390634 0.309183
0.391638 0.306067
0.392444 0.535774
0.394038 0.353813
0.394839 0.628308
0.395634 0.257727
0.396897 0.204383
0.397335 0.436400
0.397610 0.575428
0.398593 0.461126
0.399364 0.328694
0.399707 0.206662
0.400347 0.309446
0.400462 0.654963
0.400606 0.404088
0.401442 0.335531
0.401705 0.131288
0.402347 0.608462
0.402622 0.214627
0.402790 0.395008
0.403020 0.130868
0.403560 0.533544
0.403933 0.364981
0.404202 0.356395
0.404892 0.219044
0.406084 0.410559
0.406551 0.247287
0.407724 0.329024
0.408206 0.441747
0.408637 0.257330
0.409467 0.529749
0.409630 0.225779
0.411128 0.498918
0.411357 0.368357
0.411840 0.385255
0.413102 0.541751
0.413364 0.557394
0.413599 0.404339
0.414518 0.513632
0.414531 0.462652
0.415226 0.367322
0.416471 0.416806
0.417213 0.515320
0.418065 0.194848
0.418210 0.665649
0.418607 0.189718
0.420150 0.469373
0.420492 0.179844
0.422464 0.333379
0.423670 0.288373
0.425001 0.348445
0.425087 0.540112
0.427058 0.258971
0.427876 0.273520
0.428258 0.451518
0.428337 0.583077
0.429149 0.270176
0.429187 0.626101
0.431588 0.592894
0.432395 0.678839
0.432600 0.191146
0.432928 0.411181
0.433034 0.482158
0.435514 0.174290
0.436315 0.147492
0.436378 0.474029
0.437725 0.305705
0.438038 0.673518
0.438404 0.326438
0.440317 0.286232
0.440777 0.388180
0.442154 0.394469
0.442162 0.524451
0.443295 0.672277
0.444605 0.657747
0.444781 0.282360
0.444845 0.449027
0.445417 0.558889
0.445613 0.214039
0.446316 0.157748
0.450384 0.427905
0.450784 0.444316
0.451346 0.430764
0.451656 0.576181
0.452109 0.523864
0.453006 0.285394
0.454475 0.565495
0.455647 0.253835
0.455781 0.242557
0.457578 0.671564
0.457642 0.623790
0.458588 0.231555
0.459749 0.535390
0.459802 0.563162
0.459881 0.379276
0.460331 0.339177
0.461027 0.348877
0.461281 0.539456
0.465022 0.420095
0.465042 0.547488
0.466063 0.230862
0.466222 0.583840
0.466395 0.553603
0.467376 0.197546
0.467479 0.479867
0.468120 0.258633
0.468601 0.279942
0.470419 0.634366
0.471072 0.448760
0.471477 0.625258
0.472124 0.612241
0.472459 0.303282
0.474443 0.702474
0.476254 0.235137
0.476490 0.453720
0.477597 0.535857
0.477899 0.222274
0.479085 0.698992
0.479172 0.662395
0.479287 0.254623
0.479815 0.382335
0.479857 0.449442
0.480009 0.290714
0.480418 0.365083
0.480664 0.174646
0.483277 0.179340
0.483329 0.193639
0.483348 0.388846
0.484526 0.590235
0.485696 0.677489
0.486169 0.273022
0.487070 0.541806
0.489937 0.573731
0.492349 0.258457
0.493236 0.656456
0.494019 0.379207
0.494534 0.586453
0.495010 0.338205
0.495129 0.386537
0.496731 0.412245
0.497522 0.311657
0.497550 0.472403
0.497810 0.353885
0.498113 0.542676
0.498205 0.557769
0.499187 0.287499
0.500008 0.439760
0.500415 0.397974
0.500470 0.478182
0.500714 0.480890
0.501377 0.666646
0.502286 0.184983
0.505561 0.473612
0.506658 0.190253
0.509788 0.570617
0.509812 0.478094
0.510370 0.581091
0.514045 0.444130
0.515672 0.201892
0.516038 0.371589
0.516404 0.198847
0.518041 0.391554
0.518472 0.224512
0.520940 0.537093
0.522222 0.500423
0.522583 0.696829
0.523083 0.393112
0.523713 0.480009
0.523910 0.259809
0.525243 0.378470
0.527478 0.551100
0.527922 0.490902
0.528121 0.726846
0.528216 0.228639
0.528746 0.353063
0.529502 0.500442
0.529734 0.362346
0.529779 0.679220
0.531117 0.345460
0.531123 0.595887
0.531401 0.660048
0.532906 0.327719
0.533367 0.555454
0.533916 0.706072
0.534050 0.424422
0.534937 0.264198
0.536219 0.397124
0.536876 0.634932
0.537137 0.722135
0.538798 0.584290
0.538951 0.299777
0.541110 0.592509
0.541186 0.659402
0.541306 0.228952
0.541992 0.384605
0.542109 0.533016
0.542334 0.452297
0.543631 0.306421
0.544425 0.266401
0.544755 0.740839
0.546104 0.215833
0.546692 0.357886
0.547351 0.451284
0.547636 0.441696
0.547898 0.672764
0.548597 0.377593
0.550000 0.731342
0.550157 0.273313
0.550332 0.589845
0.550489 0.263955
0.550614 0.680008
0.552733 0.727317
0.553331 0.563287
0.553396 0.347693
0.553876 0.617321
0.554450 0.229986
0.554981 0.221133
0.555082 0.355090
0.556922 0.670865
0.557641 0.225334
0.557907 0.680763
0.558598 0.401516
0.559364 0.396168
0.559677 0.577727
0.561533 0.465097
0.563039 0.264513
0.563040 0.439041
0.563242 0.554964
0.563325 0.397197
0.563438 0.748901
0.563529 0.419019
0.563615 0.749129
0.564940 0.708641
0.565298 0.274815
0.566283 0.433203
0.566287 0.563555
0.566545 0.380000
0.567122 0.443724
0.567156 0.600047
0.569262 0.385505
0.569404 0.388442
0.569712 0.236746
0.571621 0.614555
0.571906 0.286958
0.572652 0.542747
0.573320 0.596180
0.574788 0.762364
0.575412 0.331500
0.576285 0.474670
0.576860 0.289321
0.578176 0.353009
0.580371 0.636231
0.580564 0.670149
0.580804 0.348086
0.581378 0.735715
0.581439 0.694833
0.582766 0.660282
0.582954 0.341896
0.583360 0.358172
0.583620 0.267502
0.583895 0.443218
0.584275 0.776256
0.584305 0.648690
0.584772 0.491525
0.585165 0.640783
0.588370 0.474075
0.588381 0.404363
0.589435 0.436129
0.589757 0.300852
0.592231 0.611753
0.592266 0.670439
0.592530 0.414976
0.594447 0.461615
0.595920 0.726444
0.596549 0.492138
0.597827 0.303309
0.598149 0.643588
0.598231 0.687790
0.598404 0.747699
0.599001 0.412950
0.600599 0.425022
0.600680 0.504830
0.600910 0.436494
0.601350 0.634321
0.603370 0.466637
0.603500 0.468532
0.606574 0.672819
0.606981 0.592742
0.608272 0.667937
0.608695 0.290857
0.608950 0.734142
0.609864 0.294994
0.610019 0.365332
0.610045 0.387212
0.610391 0.415142
0.611922 0.569213
0.611949 0.263982
0.612197 0.454353
0.612401 0.612774
0.612853 0.450804
0.613462 0.619408
0.613553 0.560341
0.615002 0.525569
0.615664 0.477155
0.615697 0.551609
0.615879 0.727824
0.617371 0.753041
0.617956 0.735757
0.618374 0.588940
0.622153 0.446328
0.624029 0.422554
0.624115 0.283012
0.624429 0.662016
0.624605 0.494638
0.625532 0.387240
0.626777 0.316012
0.627172 0.598060
0.627252 0.601738
0.629140 0.560607
0.629454 0.768499
0.631253 0.754376
0.631714 0.564882
0.632307 0.467355
0.633231 0.375083
0.633463 0.619063
0.633844 0.551032
0.633984 0.290669
0.637072 0.348691
0.638214 0.759500
0.638711 0.585756
0.639527 0.597401
0.639604 0.507816
0.640535 0.355102
0.641030 0.431591
0.642590 0.548352
0.642918 0.383053
0.643781 0.706816
0.646319 0.629383
0.648382 0.513054
0.652489 0.298176
0.652680 0.718794
0.653864 0.790564
0.656252 0.315850
0.656615 0.337212
0.657081 0.376198
0.657113 0.638941
0.657828 0.341988
0.663350 0.728678
0.663459 0.762686
0.664563 0.731870
0.665170 0.723582
0.665182 0.775619
0.667156 0.727087
0.667969 0.807803
0.669170 0.825375
0.669942 0.412755
0.671017 0.774802
0.671509 0.368524
0.673299 0.773296
0.676433 0.792688
0.676914 0.686788
0.678304 0.807626
0.680729 0.413705
0.682945 0.446513
0.682997 0.864109
0.683512 0.804524
0.684155 0.720295
0.685145 0.430923
0.686860 0.411768
0.687688 0.866433
0.689792 0.489342
0.691873 0.360717
0.692226 0.650544
0.692679 0.376275
0.692713 0.857276
0.693393 0.575293
0.693740 0.389433
0.693972 0.878966
0.694010 0.504420
0.694406 0.602008
0.694414 0.795285
0.695251 0.446484
0.695948 0.468934
0.696932 0.526989
0.697158 0.405008
0.699389 0.845615
0.700486 0.772858
0.700767 0.486432
0.702479 0.720099
0.705478 0.694372
0.705494 0.371388
0.705911 0.555937
0.706402 0.817776
0.708605 0.531105
0.708840 0.651870
0.709174 0.803895
0.711477 0.645879
0.712153 0.429279
0.712651 0.742769
0.713163 0.478314
0.715693 0.528452
0.716476 0.653833
0.716953 0.612131
0.717918 0.600542
0.719388 0.891192
0.724360 0.643128
0.732483 0.860891
0.736629 0.584052
0.737088 0.836461
0.740586 0.659716
0.742835 0.467059
0.750799 0.761639
0.752836 0.448820
0.757470 0.492827
0.758029 0.629476
0.760403 0.579283
0.763012 0.828659
0.765690 0.591605
0.767989 0.918649
0.770624 0.497574
0.770813 0.887513
0.773256 0.461383
0.776482 0.818495
0.777550 0.786621
0.778516 0.522526
0.781638 0.733864
0.783387 0.808249
0.788254 0.539929
0.789008 0.711371
0.796364 0.664429
0.803153 0.903810
0.804610 0.590799
0.804853 0.526279
0.808748 1.000000
0.813656 0.546237
0.814033 0.679785
0.837545 0.779941
0.841576 0.577395
0.849264 0.981647
0.856526 0.716092
0.886243 0.947841
0.887059 0.868179
0.914291 0.610117
0.915145 0.836028
0.924408 0.816484
1.000000 0.961199
