-0.0318092006483429 0.05
-0.00192960183461932 0.05
-0.0192085580565327 0.05
-0.0054604517491571 0.05
-0.00632090292026299 0.05
-0.00110777998300882 0.05
-0.0119726293073812 0.05
-0.00221724212133123 0.05
-0.0048345207949112 0.05
0.00901716423133347 0.05
-0.0115068939265617 0.05
-0.00672246690940459 0.05
-0.0114370698470213 0.05
-0.00476830619326019 0.05
-0.00288607724636536 0.05
-0.000309876873632486 0.05
-0.00212223753206509 0.05
-0.00159186738315875 0.05
-0.00022043109257841 0.05
-0.0579320048922048 0.05
