0.0145096218176657 0.05
-0.0274386173989586 0.05
-0.0015328114024924 0.05
-0.0280454468510756 0.05
-0.0308761833996676 0.05
-0.0262789766553244 0.05
-0.00967905551216208 0.05
0.00150766818700665 0.05
-0.00291670380661957 0.05
-0.017430916830894 0.05
-0.00779001784143751 0.05
-0.0192072641105108 0.05
-0.0159000105793173 0.05
-0.0288995187614807 0.05
-0.0262982341801845 0.05
-0.00786636733603641 0.05
-0.00736168519260227 0.05
-0.00238082584523069 0.05
-0.0291671219432609 0.05
-0.0202320916663329 0.05
