0.000251751250484378 0.05
0.0020913621405575 0.05
0.00232146464766092 0.05
0.00674322652905524 0.05
0.0106008912573623 0.05
-0.00203440691423695 0.05
0.000765107542948784 0.05
0.00120399600799814 0.05
0.00102164636066582 0.05
0.00587492960178626 0.05
0.00236037278843204 0.05
1.45931053935344e-05 0.05
0.00662258253752235 0.05
0.00415947744009204 0.05
0.0046748877448618 0.05
5.72136416668867e-05 0.05
0.0028175778859868 0.05
-0.00360441423451074 0.05
-0.00238759448961934 0.05
-0.00282336190775545 0.05
