-0.00128838560767763 0.05
0.00156831997661977 0.05
0.00307936576581669 0.05
-0.00618841489648159 0.05
-0.00469263433996581 0.05
-0.00486773887159231 0.05
-0.0114961925075426 0.05
0.000476250551524782 0.05
-0.00209135534693727 0.05
-0.025063088447411 0.05
0.0039389255449418 0.05
-0.0077176172405331 0.05
-0.0108404766346213 0.05
-0.0117046702467948 0.05
-0.0103787012390475 0.05
0.00165651728837524 0.05
-0.00192889678851516 0.05
-0.00918818404250121 0.05
0.00484781172794591 0.05
-0.00533926620684166 0.05
