-0.000483631856596722 0.05
-0.0169248629535115 0.05
-0.0243829211144384 0.05
-0.00540501971113638 0.05
-0.00349066768312434 0.05
-0.00123348130367151 0.05
-0.0124157226386408 0.05
-0.000856315195294499 0.05
0.0244306757846705 0.05
0.000897449302704967 0.05
-0.00548963938798708 0.05
0.00678401596880907 0.05
-0.0212507172857437 0.05
-0.00256654520257082 0.05
-0.0124351971389204 0.05
-0.00398576098975356 0.05
-0.00476144670297385 0.05
0.00724098971744902 0.05
0.0065727178382361 0.05
0.000618203409708973 0.05
