0.000000 0.309393
0.000210 0.572970
0.002725 0.330535
0.004141 0.319201
0.007953 0.615633
0.008927 0.493830
0.009059 0.367695
0.011332 0.193563
0.013295 0.392670
0.014042 0.265399
0.014310 0.835873
0.017013 0.189589
0.020752 0.454346
0.022173 0.139986
0.025937 0.217029
0.027679 1.000000
0.028911 0.609795
0.030500 0.275353
0.033570 0.970503
0.035496 0.609996
0.038340 0.493347
0.041733 0.409823
0.042331 0.629304
0.045492 0.355990
0.045899 0.490230
0.046113 0.311074
0.057016 0.247012
0.058364 0.565238
0.058371 0.336917
0.059017 0.614857
0.064264 0.569887
0.065830 0.329776
0.067744 0.216789
0.068756 0.507826
0.072337 0.478799
0.073705 0.760195
0.076652 0.381546
0.078825 0.177317
0.086285 0.602707
0.086299 0.294350
0.086437 0.694954
0.087967 0.295124
0.088679 0.137404
0.089354 0.376934
0.089627 0.350372
0.089992 0.346544
0.093514 0.244957
0.094977 0.121215
0.096561 0.353043
0.097392 0.315283
0.101634 0.494539
0.102632 0.452906
0.104767 0.634239
0.105731 0.288223
0.106760 0.441538
0.109149 0.502544
0.113636 0.270435
0.117910 0.101807
0.118315 0.458421
0.123628 0.321567
0.127311 0.234162
0.134156 0.408325
0.137339 0.184552
0.137701 0.378349
0.139207 0.370322
0.140168 0.246809
0.140314 0.598030
0.141267 0.584759
0.143497 0.443752
0.149420 0.488557
0.155808 0.427318
0.159290 0.497089
0.160272 0.432930
0.160942 0.246805
0.166348 0.303481
0.166481 0.460373
0.168565 0.561251
0.170091 0.262422
0.170275 0.269912
0.172905 0.228853
0.176529 0.156076
0.181220 0.426115
0.182548 0.433196
0.183021 0.318257
0.184035 0.253112
0.186838 0.530807
0.187757 0.454747
0.190463 0.305608
0.192515 0.193231
0.193182 0.452869
0.193602 0.384882
0.194743 0.345095
0.195472 0.522546
0.195787 0.377184
0.198223 0.150000
0.198883 0.409003
0.198975 0.523267
0.199717 0.335837
0.204045 0.275075
0.207539 0.134432
0.208694 0.327635
0.208879 0.510843
0.209150 0.199609
0.209913 0.286980
0.215075 0.511769
0.216143 0.378251
0.217016 0.223248
0.217047 0.274339
0.218165 0.167838
0.219239 0.324199
0.221576 0.109797
0.222122 0.360639
0.222799 0.538764
0.224296 0.411801
0.224314 0.440451
0.225133 0.320559
0.234264 0.386817
0.239426 0.193722
0.239643 0.267225
0.241740 0.220268
0.246293 0.145873
0.248490 0.241376
0.249074 0.336388
0.249342 0.491991
0.251233 0.200959
0.256947 0.210764
0.259703 0.189976
0.261567 0.271573
0.262847 0.329288
0.265285 0.172248
0.266571 0.159480
0.271191 0.200346
0.271919 0.316185
0.274487 0.450720
0.274729 0.108568
0.278115 0.296478
0.278383 0.337038
0.280188 0.335810
0.281654 0.464525
0.286804 0.013990
0.287220 0.249813
0.288444 0.299569
0.289933 0.213095
0.290151 0.322855
0.291548 0.271936
0.292171 0.445526
0.295878 0.371723
0.296380 0.294059
0.301731 0.257343
0.308944 0.229985
0.310357 0.247084
0.312377 0.220268
0.312569 0.075595
0.320359 0.067836
0.323004 0.221960
0.323535 0.369506
0.324408 0.449068
0.325440 0.256810
0.327579 0.229231
0.327993 0.391654
0.331078 0.222262
0.335135 0.365357
0.335366 0.161917
0.337196 0.021516
0.338977 0.165493
0.341519 0.105490
0.341743 0.218494
0.344453 0.247598
0.348052 0.395320
0.348175 0.190319
0.350268 0.221389
0.351607 0.222820
0.355361 0.375928
0.356179 0.362856
0.357442 0.222076
0.361944 0.077455
0.365041 0.114681
0.367774 0.295718
0.370259 0.259445
0.370569 0.287572
0.370631 0.382406
0.372838 0.067072
0.376111 0.380578
0.378265 0.228220
0.382392 0.041530
0.384208 0.222451
0.385844 0.198408
0.386110 0.283867
0.386413 0.224483
0.386490 0.402112
0.387810 0.281552
0.389043 0.079908
0.389364 0.381394
0.389601 0.172224
0.389617 0.173844
0.391828 0.224912
0.392434 0.146310
0.393810 0.210466
0.395036 0.317969
0.396488 0.208215
0.396860 0.357019
0.398836 0.294428
0.399338 0.292861
0.399397 0.282927
0.401304 0.351640
0.405056 0.253973
0.405755 0.180243
0.409229 0.145711
0.410519 0.258353
0.410693 0.096583
0.412672 0.213546
0.412938 0.128247
0.413077 0.247992
0.416033 0.309028
0.416919 0.288692
0.424270 0.162146
0.425240 0.164906
0.426078 0.341231
0.429011 0.273599
0.431219 0.349405
0.437381 0.314088
0.440149 0.340524
0.447417 0.180186
0.455856 0.263884
0.456986 0.358419
0.460045 0.227831
0.467434 0.271104
0.468175 0.318755
0.469500 0.274809
0.470619 0.229059
0.471747 0.343906
0.473339 0.342489
0.476509 0.143066
0.477318 0.183473
0.478612 0.110676
0.480269 0.266673
0.483435 0.282063
0.483783 0.180695
0.485701 0.308546
0.488202 0.243621
0.491718 0.343716
0.492554 0.230923
0.499394 0.213473
0.499454 0.238311
0.500237 0.178123
0.505877 0.200649
0.506180 0.331149
0.515524 0.320830
0.517284 0.302352
0.519902 0.171029
0.520774 0.215109
0.521365 0.286906
0.527839 0.258155
0.528652 0.094268
0.531036 0.322686
0.531379 0.248729
0.531473 0.179065
0.532019 0.222630
0.536256 0.270037
0.536378 0.229826
0.538078 0.232139
0.543051 0.154447
0.545623 0.285796
0.546872 0.161854
0.547079 0.083037
0.547831 0.239274
0.550395 0.112742
0.551203 0.149051
0.551291 0.185178
0.553856 0.225311
0.554192 0.294528
0.554414 0.107822
0.556777 0.149328
0.558412 0.175460
0.558786 0.215821
0.559736 0.266426
0.562295 0.133000
0.564376 0.231771
0.565391 0.170426
0.567277 0.191016
0.567314 0.145142
0.569601 0.084800
0.569756 0.188100
0.571659 0.137573
0.577382 0.162178
0.578415 0.265838
0.581555 0.233425
0.582031 0.250769
0.585024 0.208618
0.586462 0.032190
0.589503 0.168248
0.591632 0.221865
0.592184 0.192453
0.592939 0.272970
0.593374 0.254849
0.597168 0.193979
0.599314 0.181464
0.600332 0.240299
0.600450 0.186957
0.602112 0.273370
0.604006 0.170961
0.606322 0.201315
0.609092 0.142489
0.614226 0.090840
0.617439 0.074288
0.620316 0.223369
0.621740 0.171308
0.624097 0.196079
0.626035 0.193879
0.626935 0.102414
0.627004 0.241875
0.627005 0.141433
0.627563 0.121452
0.629318 0.179538
0.629649 0.146868
0.630426 0.280173
0.631231 0.142986
0.633275 0.283368
0.634844 0.255527
0.635800 0.082446
0.637373 0.164375
0.637858 0.217532
0.640220 0.273032
0.643488 0.212682
0.644702 0.106859
0.645216 0.232356
0.647715 0.270229
0.649279 0.180848
0.649735 0.227388
0.650991 0.108989
0.651818 0.152708
0.652338 0.204172
0.653411 0.170964
0.653557 0.113993
0.654206 0.175201
0.655523 0.191852
0.657145 0.068154
0.660128 0.058749
0.665002 0.210880
0.668815 0.071002
0.671071 0.030696
0.673711 0.087772
0.673938 0.199258
0.674231 0.155670
0.677192 0.194917
0.678856 0.023861
0.680368 0.157821
0.682716 0.148414
0.687346 0.116347
0.687816 0.234610
0.690420 0.150558
0.699521 0.113385
0.703146 0.115945
0.703532 0.218617
0.706816 0.207696
0.711343 0.186309
0.711592 0.137054
0.715487 0.220337
0.717411 0.208841
0.720415 0.204163
0.721816 0.248192
0.721994 0.209477
0.722819 0.153963
0.724585 0.219943
0.733207 0.197147
0.746646 0.223992
0.751097 0.116240
0.751655 0.133275
0.753196 0.215375
0.753857 0.176214
0.756188 0.142336
0.759328 0.123953
0.761805 0.021594
0.763745 0.213927
0.766534 0.227231
0.767255 0.140497
0.779579 0.172100
0.783800 0.163047
0.783996 0.031528
0.785079 0.172632
0.789168 0.180526
0.789899 0.222450
0.790693 0.214989
0.791574 0.038460
0.795260 0.201375
0.800854 0.186831
0.804420 0.009049
0.809049 0.195153
0.809588 0.146800
0.809989 0.172259
0.811327 0.085487
0.811526 0.178488
0.816727 0.155335
0.817356 0.109055
0.818332 0.159002
0.818782 0.089498
0.822896 0.183053
0.823193 0.109314
0.825467 0.175194
0.829898 0.193973
0.832534 0.187395
0.832842 0.051072
0.832875 0.090888
0.833518 0.149990
0.834824 0.139977
0.835603 0.156335
0.841550 0.140562
0.843708 0.137390
0.843850 0.109255
0.843998 0.172559
0.845712 0.132351
0.846430 0.023738
0.847817 0.187820
0.848620 0.079865
0.848676 0.111746
0.849835 0.063575
0.851975 0.196859
0.853760 0.132303
0.855193 0.115845
0.856103 0.084268
0.856536 0.058139
0.862130 0.000580
0.862690 0.168031
0.865297 0.185582
0.865763 0.103120
0.868557 0.050813
0.868711 0.163635
0.870679 0.046587
0.870763 0.134597
0.871827 0.120348
0.875178 0.155085
0.875796 0.092628
0.881459 0.089511
0.887748 0.087007
0.890399 0.108178
0.891431 0.151604
0.892192 0.151747
0.894700 0.000000
0.896894 0.077590
0.897856 0.183423
0.899326 0.040004
0.901635 0.103002
0.902756 0.128473
0.905629 0.139194
0.907228 0.045358
0.907487 0.018409
0.911090 0.180362
0.912094 0.064230
0.913631 0.077375
0.922681 0.148579
0.926131 0.120863
0.927543 0.098573
0.929715 0.031849
0.930713 0.132153
0.931941 0.109233
0.932232 0.097843
0.932315 0.083850
0.932544 0.163246
0.936245 0.064702
0.938378 0.098999
0.939976 0.112894
0.940657 0.077966
0.947459 0.081966
0.952340 0.104094
0.952621 0.179100
0.953951 0.091368
0.955864 0.081273
0.957478 0.168936
0.957483 0.057689
0.957913 0.073531
0.959243 0.103218
0.960789 0.073579
0.969650 0.104442
0.970413 0.058628
0.971030 0.154343
0.978423 0.134078
0.985331 0.101245
0.987202 0.108516
0.992782 0.160434
0.993141 0.038802
0.997146 0.064451
0.997247 0.020557
1.000000 0.113905
