0.000000 0.856589
0.000479 0.836298
0.000778 0.781947
0.001095 0.653230
0.001166 0.644038
0.004004 0.695835
0.005991 0.699576
0.006286 0.614468
0.006547 0.573912
0.006711 0.769798
0.007229 0.655488
0.008864 1.000000
0.015104 0.817851
0.016367 0.771909
0.018305 0.562841
0.018643 0.793421
0.019340 0.728012
0.020161 0.593198
0.020626 0.665737
0.021903 0.741534
0.028267 0.538802
0.031306 0.494130
0.032316 0.562632
0.034072 0.688250
0.038425 0.557953
0.043060 0.868061
0.043755 0.727838
0.047371 0.638316
0.049432 0.554494
0.050445 0.682941
0.051520 0.618741
0.057660 0.434541
0.057681 0.524678
0.060209 0.425932
0.061356 0.503616
0.065519 0.717232
0.065707 0.484107
0.066496 0.475731
0.070391 0.692986
0.071344 0.723717
0.073501 0.450064
0.079166 0.486094
0.081386 0.575809
0.084624 0.428118
0.086453 0.522648
0.091683 0.466838
0.092709 0.365734
0.093312 0.857237
0.093857 0.530246
0.093957 0.578059
0.095263 0.456732
0.099777 0.797574
0.100366 0.567813
0.100780 0.569938
0.103287 0.565204
0.103385 0.477099
0.104150 0.474909
0.106038 0.457114
0.107598 0.375738
0.113144 0.656621
0.115335 0.506168
0.116477 0.401644
0.117452 0.376515
0.122149 0.599677
0.122501 0.408769
0.122614 0.389724
0.126940 0.533449
0.127948 0.418628
0.131969 0.449149
0.133084 0.422605
0.133381 0.266651
0.139042 0.394434
0.141100 0.365234
0.145731 0.465139
0.146179 0.599639
0.146374 0.513800
0.146967 0.355331
0.150250 0.388094
0.154639 0.387359
0.155732 0.715615
0.156623 0.353100
0.162452 0.617090
0.169826 0.204662
0.170591 0.512576
0.170648 0.245626
0.170868 0.406160
0.171284 0.280439
0.171934 0.341216
0.175602 0.345050
0.175720 0.417761
0.177043 0.348331
0.177677 0.357536
0.178183 0.478550
0.178265 0.530709
0.181364 0.268987
0.183877 0.191141
0.186200 0.232710
0.188684 0.334804
0.193343 0.261274
0.193489 0.272946
0.193535 0.272656
0.195340 0.528788
0.195791 0.363330
0.201881 0.279460
0.202765 0.325685
0.204011 0.279103
0.206581 0.377523
0.215757 0.242475
0.217359 0.475306
0.217695 0.230599
0.221179 0.197135
0.227179 0.227286
0.231129 0.294438
0.231999 0.495196
0.232420 0.338041
0.234688 0.194353
0.238017 0.297448
0.240226 0.265934
0.243735 0.124598
0.244927 0.475673
0.245744 0.575195
0.250643 0.198042
0.250768 0.416303
0.250784 0.411010
0.252100 0.120381
0.253189 0.360523
0.257089 0.234003
0.257174 0.282388
0.259511 0.172009
0.261913 0.203043
0.268103 0.273453
0.268441 0.233443
0.270160 0.278317
0.271037 0.300842
0.273412 0.102840
0.274238 0.149092
0.275291 0.273835
0.276606 0.353019
0.277506 0.431247
0.279939 0.093655
0.281481 0.147913
0.282673 0.237897
0.285415 0.143811
0.286011 0.159161
0.288101 0.152707
0.289326 0.181890
0.291864 0.220246
0.292742 0.296947
0.292949 0.155578
0.295597 0.196169
0.297806 0.077870
0.301771 0.097544
0.305131 0.440132
0.305249 0.132445
0.305527 0.126654
0.307627 0.183178
0.312294 0.101618
0.318772 0.252508
0.325114 0.123153
0.326374 0.113776
0.327233 0.118643
0.327270 0.285212
0.330059 0.131347
0.331407 0.214668
0.332898 0.117744
0.334732 0.297658
0.334959 0.495177
0.340359 0.165707
0.342725 0.233724
0.344839 0.084240
0.347409 0.258567
0.347636 0.202283
0.350274 0.407166
0.351779 0.469271
0.352735 0.236938
0.353652 0.075051
0.354531 0.334592
0.365715 0.145194
0.366086 0.266545
0.370979 0.336311
0.377500 0.256421
0.379589 0.281168
0.380997 0.032722
0.381294 0.376910
0.382303 0.326617
0.387063 0.071714
0.388079 0.126471
0.396437 0.151933
0.397244 0.190196
0.399605 0.200867
0.401176 0.112525
0.402121 0.121531
0.402466 0.320185
0.402851 0.249630
0.409174 0.260078
0.410423 0.063173
0.411396 0.302424
0.411814 0.284801
0.412579 0.054281
0.414889 0.180284
0.415761 0.184585
0.416976 0.342524
0.426917 0.267215
0.428267 0.182159
0.428426 0.274157
0.431436 0.136579
0.444684 0.245768
0.446974 0.117494
0.451409 0.224744
0.452207 0.020620
0.453553 0.305985
0.453945 0.207985
0.456989 0.406426
0.458559 0.101507
0.460691 0.201406
0.462843 0.290072
0.464160 0.241339
0.467053 0.173191
0.469349 0.205458
0.470243 0.099823
0.473539 0.165205
0.473785 0.312910
0.478606 0.033399
0.489539 0.194733
0.490672 0.063306
0.494993 0.381594
0.499060 0.259265
0.499071 0.040222
0.500798 0.104469
0.500879 0.086882
0.503627 0.383370
0.505562 0.057243
0.509790 0.487045
0.512225 0.169766
0.513691 0.162563
0.515370 0.107571
0.516144 0.403083
0.516173 0.007123
0.519147 0.276937
0.522201 0.207248
0.525910 0.026652
0.526014 0.032163
0.528071 0.049699
0.528332 0.245063
0.528507 0.024819
0.531771 0.152608
0.532530 0.046626
0.534048 0.079291
0.534828 0.039121
0.535552 0.128153
0.536569 0.237880
0.538717 0.095063
0.539971 0.319415
0.540299 0.007959
0.542088 0.254470
0.542285 0.201015
0.544577 0.133558
0.550479 0.041272
0.552462 0.078441
0.555883 0.111934
0.561781 0.144201
0.562410 0.000000
0.567143 0.144671
0.567936 0.122721
0.570226 0.263684
0.571879 0.335923
0.583555 0.057114
0.585408 0.192921
0.587267 0.318757
0.589639 0.143697
0.592652 0.415416
0.593111 0.198019
0.593593 0.036195
0.596682 0.136359
0.601954 0.174625
0.603555 0.277899
0.608758 0.208697
0.610621 0.078826
0.611801 0.338144
0.619012 0.327925
0.622252 0.549056
0.623905 0.241535
0.625550 0.001758
0.626549 0.258376
0.627776 0.198608
0.628256 0.012968
0.634881 0.504819
0.635461 0.533616
0.636202 0.085087
0.637486 0.298580
0.639038 0.351628
0.640339 0.383103
0.644473 0.083455
0.644914 0.243018
0.644972 0.199878
0.647210 0.247571
0.647420 0.241750
0.648934 0.040891
0.653162 0.296727
0.656900 0.294605
0.659908 0.408903
0.662099 0.176931
0.663362 0.154973
0.670386 0.217620
0.672618 0.218660
0.675763 0.311510
0.680281 0.122662
0.681465 0.113369
0.682631 0.416432
0.688511 0.141340
0.689069 0.222185
0.690947 0.196766
0.692265 0.301923
0.692823 0.187365
0.694617 0.281264
0.694957 0.110232
0.700281 0.342636
0.701049 0.184899
0.701314 0.279791
0.703016 0.341384
0.706226 0.328505
0.710294 0.103995
0.710384 0.107070
0.710667 0.153026
0.713377 0.367524
0.715199 0.271758
0.719283 0.158226
0.720679 0.205685
0.721880 0.239988
0.725971 0.467589
0.727151 0.077020
0.730284 0.582023
0.736095 0.184761
0.736892 0.435013
0.738240 0.401206
0.739399 0.130898
0.741284 0.243728
0.741437 0.198564
0.741833 0.306325
0.742693 0.157386
0.745771 0.073028
0.745866 0.222153
0.748305 0.199515
0.748695 0.283452
0.749209 0.428424
0.750705 0.085115
0.751430 0.487834
0.751866 0.254384
0.751898 0.224432
0.752368 0.155796
0.752584 0.367441
0.756603 0.081546
0.757739 0.256900
0.761211 0.315899
0.765008 0.217920
0.766154 0.160009
0.766861 0.227763
0.767789 0.207477
0.768185 0.173348
0.768194 0.193929
0.769363 0.388574
0.771057 0.435136
0.773976 0.129711
0.775115 0.259227
0.776415 0.368364
0.777650 0.214670
0.780498 0.247512
0.783168 0.296262
0.783413 0.284506
0.784215 0.178001
0.789240 0.102790
0.790271 0.390938
0.790339 0.091184
0.794907 0.571972
0.797833 0.133226
0.805168 0.231009
0.806733 0.302300
0.807057 0.577795
0.810496 0.193752
0.811250 0.169456
0.811552 0.371075
0.813422 0.209521
0.816400 0.359892
0.817275 0.407332
0.821066 0.337518
0.821860 0.249527
0.823661 0.224542
0.828959 0.339711
0.831468 0.234297
0.834820 0.214474
0.835557 0.198963
0.836691 0.274407
0.838149 0.228907
0.841167 0.329920
0.842044 0.425957
0.846186 0.257029
0.846230 0.236338
0.848678 0.120229
0.848921 0.336978
0.853597 0.277606
0.854723 0.619802
0.855364 0.258416
0.857126 0.374723
0.861963 0.107393
0.869823 0.202038
0.872113 0.131122
0.876642 0.172710
0.877563 0.173798
0.878593 0.369663
0.879594 0.283343
0.881947 0.385433
0.882288 0.358728
0.882539 0.503008
0.883470 0.297742
0.883967 0.208704
0.887338 0.393669
0.887343 0.199545
0.888298 0.237865
0.888522 0.268030
0.889942 0.369720
0.894290 0.268928
0.895551 0.312170
0.901349 0.346801
0.901435 0.435715
0.902935 0.377546
0.907719 0.676150
0.908234 0.234027
0.911225 0.544192
0.913243 0.369116
0.913695 0.331089
0.914709 0.322599
0.915787 0.247545
0.915913 0.244957
0.919023 0.301545
0.919069 0.387087
0.923141 0.524149
0.924924 0.607117
0.927211 0.254476
0.930046 0.460179
0.934332 0.482315
0.938343 0.243223
0.941103 0.268294
0.944827 0.279013
0.947296 0.328149
0.948075 0.235059
0.949093 0.346656
0.949370 0.281544
0.959463 0.446499
0.967538 0.337635
0.968235 0.392940
0.968644 0.369409
0.970277 0.405819
0.971209 0.269062
0.971667 0.220878
0.981587 0.323605
0.984374 0.393553
0.988687 0.371229
0.990841 0.339327
0.992392 0.424523
0.993207 0.307024
0.994560 0.354688
0.996505 0.306452
0.996894 0.289293
0.996910 0.348728
0.997030 0.472753
0.998616 0.672646
1.000000 0.220418
