0.000000 0.154419
0.000313 0.117031
0.001981 0.317721
0.004058 0.054655
0.005201 0.011248
0.006378 0.303846
0.009389 0.232522
0.009970 0.322531
0.011074 0.392448
0.012151 0.000000
0.012530 0.173954
0.013987 0.110573
0.014021 0.164685
0.015744 0.052377
0.016075 0.166707
0.016708 0.031238
0.018878 0.268110
0.019902 0.350323
0.020800 0.164789
0.025486 0.225957
0.026732 0.098638
0.026896 0.244133
0.028186 0.275458
0.028733 0.475287
0.029174 0.320469
0.030094 0.139225
0.030701 0.451152
0.032634 0.301659
0.033721 0.321531
0.035070 0.603603
0.035544 0.315064
0.036830 0.440924
0.038639 0.172110
0.040097 0.222443
0.040809 0.329182
0.045794 0.280492
0.046108 0.235081
0.048320 0.412623
0.049075 0.195766
0.051456 0.220640
0.052657 0.422008
0.054024 0.440053
0.054664 0.315886
0.055195 0.287646
0.057236 0.422448
0.057795 0.376127
0.058103 0.253890
0.058394 0.309069
0.064986 0.204869
0.066716 0.491178
0.067717 0.375919
0.068068 0.373914
0.068963 0.347502
0.069000 0.392033
0.074825 0.325577
0.078495 0.388333
0.078780 0.423737
0.082425 0.279505
0.083095 0.295012
0.083829 0.367004
0.084813 0.375169
0.085850 0.459718
0.086712 0.366304
0.086767 0.382015
0.086872 0.541723
0.089192 0.473416
0.089684 0.577840
0.091596 0.311051
0.091762 0.285304
0.092762 0.571879
0.096206 0.410463
0.096620 0.559018
0.097279 0.343609
0.099640 0.470437
0.099929 0.389715
0.100356 0.423529
0.104863 0.532413
0.108347 0.657783
0.111513 0.588949
0.112352 0.338272
0.113213 0.520200
0.114037 0.408495
0.116279 0.504903
0.117100 0.366523
0.118293 0.396848
0.118337 0.522810
0.118528 0.574857
0.119575 0.485077
0.119645 0.617713
0.119667 0.512627
0.121268 0.599841
0.121688 0.494741
0.123593 0.372425
0.124947 0.304313
0.125510 0.379254
0.126038 0.711893
0.130057 0.397993
0.133487 0.607317
0.133610 0.425378
0.135525 0.473272
0.137141 0.550414
0.137661 0.448157
0.138228 0.499529
0.138260 0.498329
0.139914 0.516570
0.142851 0.552202
0.144952 0.660851
0.145719 0.377005
0.146487 0.511525
0.148274 0.457473
0.150853 0.477982
0.151875 0.700338
0.152310 0.472717
0.154093 0.327342
0.160189 0.509386
0.160870 0.594634
0.161517 0.355150
0.161713 0.563107
0.162637 0.379948
0.163780 0.447754
0.164935 0.412924
0.165033 0.421763
0.165156 0.424418
0.166136 0.586420
0.168117 0.367295
0.171743 0.391213
0.171780 0.557074
0.172857 0.669552
0.177574 0.634771
0.180851 0.494243
0.181229 0.544110
0.181273 0.438441
0.183587 0.355082
0.187313 0.392302
0.187839 0.502324
0.187993 0.620168
0.189323 0.573486
0.189859 0.550602
0.190772 0.764207
0.191188 0.509870
0.191623 0.600032
0.192225 0.351075
0.192490 0.712200
0.192916 0.429163
0.194540 0.405679
0.195641 0.473799
0.197059 0.347608
0.200253 0.451869
0.202309 0.663473
0.203189 0.473071
0.203902 0.541937
0.207115 0.395639
0.208723 0.404903
0.212544 0.467410
0.213059 0.468965
0.216674 0.406705
0.219004 0.498519
0.220802 0.743784
0.220998 0.388101
0.223569 0.458889
0.224401 0.496968
0.228621 0.464623
0.231990 0.311026
0.234654 0.570332
0.235814 0.515034
0.238735 0.456045
0.239430 0.401131
0.240045 0.598236
0.240519 0.450274
0.241029 0.408558
0.242165 0.440147
0.245454 0.403764
0.246603 0.528025
0.248328 0.537678
0.251161 0.604830
0.251897 0.415455
0.252689 0.388615
0.254653 0.478890
0.255690 0.425243
0.256769 0.551660
0.257261 0.415218
0.258405 0.630197
0.259199 0.474131
0.262788 0.527276
0.263180 0.733929
0.263899 0.365166
0.265642 0.562815
0.265805 0.457009
0.272986 0.462457
0.274852 0.362877
0.278815 0.344707
0.279731 0.685239
0.282001 0.534352
0.282055 0.587641
0.283811 0.358925
0.284532 0.514594
0.286521 0.589136
0.287504 0.997654
0.288131 0.585723
0.289071 0.637707
0.291165 0.457264
0.292821 0.467121
0.297421 0.331441
0.298687 0.508740
0.300529 0.554064
0.300637 0.359466
0.301295 0.345012
0.304452 0.455370
0.307462 0.456131
0.311798 0.496098
0.312176 0.480327
0.312887 0.414788
0.312998 0.441716
0.314509 0.556124
0.315630 0.601298
0.317817 0.334211
0.320558 0.384974
0.321134 0.286581
0.321383 0.378611
0.321692 0.458065
0.323092 0.679568
0.325093 0.536430
0.325317 0.489925
0.327149 0.574175
0.327966 0.467183
0.328625 0.343019
0.330320 0.605132
0.330541 0.575299
0.331346 0.518229
0.332954 0.380018
0.333812 0.584799
0.333995 0.501153
0.334464 0.267466
0.335500 0.714138
0.337348 0.530487
0.337473 0.450315
0.339109 0.495044
0.339824 0.714018
0.341832 0.414190
0.342715 0.404772
0.343219 0.424099
0.343299 0.320125
0.345380 0.445990
0.349513 0.352153
0.349587 0.452971
0.349662 0.284858
0.350251 0.314976
0.351129 0.376402
0.357151 0.533494
0.357572 0.477278
0.358544 0.696708
0.359137 0.416748
0.360598 0.497484
0.364629 0.464606
0.367014 0.383034
0.368827 0.627613
0.370363 0.448924
0.370411 0.714410
0.371088 0.393942
0.371120 0.402089
0.371615 0.379981
0.373313 0.333773
0.375916 0.375695
0.376094 0.458061
0.376964 0.508583
0.378090 0.507517
0.378200 0.453732
0.378299 0.532044
0.379650 0.349926
0.380922 0.633313
0.382500 0.593888
0.382764 0.798453
0.384505 0.721717
0.389851 0.421033
0.393138 0.343518
0.393371 0.461555
0.394393 0.342520
0.395790 0.420319
0.396985 0.441659
0.397345 0.610535
0.398461 0.727401
0.398503 0.612602
0.403392 0.708262
0.403578 0.463856
0.404487 0.630083
0.405065 0.349006
0.405109 0.452716
0.405868 0.353618
0.406728 0.443635
0.407209 0.291791
0.410275 0.346316
0.411709 0.502161
0.412433 0.546314
0.417263 0.437805
0.418022 0.359154
0.418249 0.602249
0.420322 0.608413
0.420984 0.454717
0.421638 0.291503
0.423373 0.592263
0.424089 0.301500
0.425354 0.392021
0.429493 0.483798
0.429876 0.363788
0.430955 0.419030
0.431024 0.506623
0.432934 0.381317
0.439395 0.639078
0.439476 0.354870
0.444115 0.487831
0.449303 0.449089
0.450842 0.353712
0.451922 0.466930
0.454153 0.335384
0.455755 0.337105
0.459525 0.263750
0.459866 0.298930
0.460241 0.432982
0.460667 0.862698
0.460674 0.710809
0.461165 0.572477
0.462276 0.632308
0.464210 0.358964
0.465590 0.323696
0.465731 0.367541
0.469488 0.493032
0.471009 0.586421
0.471012 0.471649
0.471455 0.222090
0.472411 0.544498
0.473734 0.222061
0.474046 0.416869
0.474486 0.320156
0.475017 0.533833
0.475103 0.619779
0.475571 0.504256
0.476961 0.666731
0.478167 0.454755
0.478265 0.417067
0.478284 0.407982
0.481205 0.386814
0.481297 0.281764
0.481578 0.592835
0.481662 0.345241
0.482214 0.771995
0.483357 0.369196
0.483922 0.587125
0.484068 0.371495
0.484565 0.518920
0.488448 0.492927
0.488823 0.597197
0.489151 0.453976
0.490463 0.376681
0.491799 0.535518
0.492315 0.435009
0.494016 0.536310
0.495163 0.475887
0.495605 0.394714
0.497821 0.348005
0.501324 0.582701
0.502282 0.550650
0.503039 0.625546
0.504834 0.340022
0.505032 0.382716
0.508970 0.429598
0.513177 0.501522
0.516682 0.275265
0.516834 0.460379
0.517061 0.251470
0.517766 0.236735
0.518132 0.370354
0.519467 0.352763
0.520696 0.283348
0.522359 0.698051
0.523185 0.490774
0.524653 0.449242
0.524798 0.584130
0.525220 0.564585
0.531193 0.293193
0.531351 0.391711
0.532181 0.513466
0.533011 0.322731
0.533687 0.970721
0.534518 0.430354
0.534548 0.801806
0.537281 0.635068
0.537738 0.526495
0.539635 0.391569
0.540470 0.319670
0.540634 0.371027
0.541698 0.696129
0.542459 0.691239
0.547025 0.435779
0.548741 0.398236
0.548824 0.598694
0.551811 0.538525
0.552750 0.461643
0.553574 0.316617
0.556415 0.290650
0.558034 0.261497
0.558296 0.531202
0.561526 0.380619
0.562261 0.722397
0.563535 0.287343
0.571296 0.562702
0.572101 0.397254
0.572284 0.688312
0.574945 1.000000
0.576710 0.306107
0.576972 0.458861
0.578084 0.626171
0.580177 0.401913
0.580496 0.581117
0.580830 0.419409
0.581166 0.821993
0.581790 0.454762
0.582149 0.421957
0.584226 0.277901
0.585076 0.315981
0.585491 0.307930
0.586248 0.538988
0.588902 0.502709
0.593041 0.317570
0.593567 0.480316
0.593605 0.671951
0.594187 0.534846
0.596030 0.374192
0.596556 0.441692
0.597262 0.402840
0.597476 0.398553
0.597945 0.403800
0.598753 0.606353
0.600354 0.630619
0.600791 0.532995
0.604946 0.490939
0.607628 0.461321
0.609810 0.371134
0.610049 0.324968
0.610954 0.828908
0.612437 0.367600
0.612450 0.531051
0.612840 0.532439
0.613573 0.491656
0.613744 0.765935
0.615122 0.533184
0.617338 0.372485
0.620252 0.634751
0.620702 0.438651
0.621878 0.492649
0.623484 0.524141
0.626384 0.419092
0.628609 0.777800
0.628704 0.375997
0.629107 0.461731
0.633318 0.391638
0.634063 0.300239
0.635302 0.413770
0.635404 0.499763
0.640306 0.281417
0.641966 0.305889
0.642800 0.250824
0.644738 0.395381
0.646246 0.361148
0.648489 0.302525
0.649117 0.558603
0.649180 0.703965
0.650116 0.555323
0.650964 0.489568
0.651483 0.429158
0.654552 0.355144
0.655072 0.507811
0.655097 0.672853
0.656753 0.397903
0.660166 0.515617
0.662339 0.555739
0.663908 0.411862
0.664671 0.516010
0.665843 0.276723
0.667213 0.693840
0.669792 0.442061
0.673284 0.451623
0.673701 0.645437
0.674119 0.766597
0.675160 0.522937
0.677353 0.324637
0.677663 0.305979
0.678583 0.516603
0.680298 0.292549
0.682092 0.742731
0.685701 0.525208
0.687004 0.459675
0.689537 0.761787
0.692853 0.582469
0.694056 0.472687
0.694810 0.401255
0.695892 0.415286
0.697322 0.412477
0.698958 0.573815
0.699661 0.755785
0.700593 0.581731
0.701984 0.443477
0.703183 0.744580
0.703365 0.548457
0.703458 0.422067
0.704688 0.411357
0.708680 0.490544
0.709730 0.339243
0.711463 0.436419
0.714230 0.351522
0.717240 0.447846
0.717365 0.541694
0.724277 0.324808
0.724964 0.664212
0.727966 0.625590
0.729217 0.652458
0.729684 0.421900
0.732894 0.593670
0.736038 0.689491
0.738306 0.622535
0.738861 0.644437
0.739318 0.365184
0.743786 0.290266
0.746156 0.614565
0.746373 0.587556
0.749414 0.700584
0.749703 0.487982
0.750676 0.515183
0.750937 0.327679
0.751783 0.445210
0.751886 0.572836
0.753806 0.578562
0.755386 0.661174
0.757675 0.578030
0.758382 0.724874
0.758863 0.710301
0.760359 0.516678
0.761572 0.354017
0.763052 0.624795
0.763127 0.671535
0.765974 0.422402
0.766231 0.563662
0.766945 0.496457
0.767990 0.279814
0.769687 0.750859
0.771379 0.438947
0.771882 0.492876
0.772721 0.412247
0.774781 0.476382
0.775212 0.377841
0.776184 0.525961
0.777621 0.541434
0.778273 0.640509
0.778606 0.559055
0.779274 0.500598
0.781922 0.455129
0.782536 0.426454
0.782798 0.644856
0.786779 0.552919
0.787628 0.424442
0.788471 0.508918
0.788791 0.872361
0.789258 0.352076
0.791457 0.332668
0.793578 0.556312
0.793585 0.614685
0.796309 0.439383
0.796391 0.525558
0.796505 0.495434
0.796603 0.418511
0.797164 0.339132
0.798394 0.645276
0.798685 0.553770
0.802268 0.410326
0.802818 0.431797
0.805249 0.545312
0.805819 0.621249
0.806359 0.423380
0.806722 0.579604
0.810160 0.571871
0.813222 0.631637
0.813652 0.835995
0.817297 0.597894
0.821327 0.461298
0.822340 0.534483
0.822689 0.523798
0.829264 0.567287
0.830611 0.526583
0.830868 0.497055
0.831896 0.509533
0.834410 0.460277
0.835696 0.279361
0.844880 0.405001
0.846474 0.513469
0.846483 0.821554
0.846668 0.868700
0.847497 0.744373
0.848222 0.456543
0.849300 0.662888
0.855042 0.357674
0.855220 0.430631
0.856409 0.627962
0.857835 0.322677
0.857905 0.778660
0.859809 0.482112
0.861560 0.518413
0.864245 0.594813
0.864569 0.457674
0.864968 0.618447
0.865513 0.538731
0.867846 0.607948
0.869693 0.369681
0.870285 0.420216
0.870638 0.439168
0.870962 0.403881
0.872211 0.498970
0.872255 0.393227
0.872647 0.556137
0.872725 0.541090
0.872988 0.750162
0.874034 0.688717
0.875316 0.400804
0.877536 0.414033
0.881617 0.485059
0.881678 0.376546
0.884379 0.689827
0.886253 0.462425
0.886407 0.342695
0.887416 0.397499
0.891256 0.494280
0.892158 0.550349
0.892927 0.677878
0.892927 0.583913
0.893257 0.298336
0.894554 0.698493
0.896106 0.533968
0.896574 0.399912
0.898405 0.912353
0.898978 0.546684
0.899028 0.483488
0.899953 0.516445
0.900823 0.435293
0.901026 0.299440
0.903732 0.502120
0.904886 0.506533
0.908030 0.442253
0.911878 0.473887
0.912552 0.550200
0.913897 0.415805
0.913999 0.290287
0.914019 0.325755
0.914345 0.613051
0.914758 0.797278
0.916288 0.245076
0.916292 0.779011
0.916533 0.370777
0.922457 0.342898
0.923594 0.529789
0.924997 0.601592
0.926870 0.489093
0.926991 0.456612
0.929930 0.725789
0.930454 0.579958
0.931026 0.598732
0.937054 0.546433
0.939339 0.406640
0.939507 0.651105
0.944987 0.550948
0.946323 0.459289
0.947536 0.371312
0.948770 0.358226
0.950022 0.911157
0.950074 0.410005
0.951603 0.670033
0.952332 0.361757
0.953531 0.519969
0.954095 0.326678
0.954766 0.366255
0.955132 0.497617
0.956009 0.756907
0.956311 0.623761
0.957238 0.265170
0.957643 0.336691
0.957706 0.814393
0.959065 0.563691
0.960354 0.325545
0.960859 0.469353
0.964237 0.651801
0.964316 0.578995
0.964917 0.772361
0.965050 0.540999
0.971466 0.551250
0.972130 0.539786
0.972208 0.731378
0.973476 0.513891
0.974706 0.284058
0.978466 0.733354
0.979357 0.338629
0.979674 0.620183
0.983291 0.351341
0.987343 0.258600
0.990728 0.445040
0.993225 0.854355
0.993739 0.826587
0.994092 0.358674
0.994582 0.476079
0.994968 0.486354
0.997430 0.434870
0.997469 0.741910
1.000000 0.270425
