0.000000 0.120020
0.002185 0.202289
0.004205 0.009499
0.004858 0.094321
0.010193 0.196108
0.015569 0.188598
0.023534 0.088329
0.024118 0.126631
0.033540 0.085987
0.033621 0.114721
0.033927 0.273170
0.034250 0.189759
0.035644 0.188692
0.036509 0.066077
0.037601 0.214781
0.038468 0.000000
0.040568 0.086344
0.040679 0.183898
0.047956 0.129190
0.049604 0.042477
0.049819 0.063174
0.059546 0.091783
0.065065 0.122918
0.066241 0.206545
0.070020 0.243665
0.072941 0.137072
0.078165 0.140271
0.079864 0.127474
0.080121 0.195213
0.083577 0.218347
0.086420 0.148670
0.088522 0.265075
0.091835 0.270545
0.092812 0.192937
0.093431 0.114231
0.095530 0.100738
0.097354 0.145824
0.100323 0.142912
0.105551 0.143000
0.106476 0.078729
0.106673 0.180216
0.109513 0.249713
0.111977 0.247478
0.115976 0.082428
0.118312 0.284154
0.120164 0.100952
0.122292 0.202633
0.123845 0.259168
0.126728 0.117027
0.131369 0.139365
0.131433 0.224740
0.133375 0.299357
0.136191 0.204296
0.142265 0.216560
0.143188 0.148942
0.144166 0.173085
0.144452 0.349560
0.152758 0.150013
0.157110 0.216563
0.161099 0.165217
0.161487 0.190519
0.161984 0.350446
0.162902 0.137992
0.163083 0.295086
0.163439 0.303737
0.164396 0.225669
0.167913 0.169815
0.170369 0.118980
0.171899 0.351557
0.174009 0.180147
0.174805 0.296575
0.183209 0.372632
0.186421 0.167503
0.188448 0.172903
0.191547 0.121473
0.193871 0.142249
0.194443 0.326853
0.204918 0.303644
0.205002 0.070493
0.208079 0.152687
0.209873 0.347884
0.214202 0.233758
0.214721 0.131781
0.214815 0.167742
0.222139 0.219318
0.222891 0.347611
0.223497 0.223727
0.223839 0.171218
0.227056 0.236804
0.229462 0.318042
0.229868 0.270405
0.234584 0.188791
0.236211 0.325401
0.239499 0.303754
0.241425 0.324685
0.246752 0.183373
0.251778 0.295509
0.253650 0.224823
0.255913 0.219553
0.260492 0.295482
0.262064 0.209628
0.265724 0.283918
0.268614 0.339562
0.268846 0.306126
0.276743 0.304157
0.277587 0.243995
0.281539 0.309606
0.287288 0.311051
0.290690 0.301674
0.291694 0.206900
0.298058 0.309795
0.299288 0.204475
0.303421 0.343948
0.304475 0.283118
0.310753 0.308802
0.314150 0.256334
0.326535 0.146775
0.334542 0.387639
0.338357 0.362745
0.339759 0.324669
0.341630 0.342251
0.342660 0.374847
0.346210 0.403469
0.349179 0.264264
0.353122 0.227274
0.357927 0.177415
0.360901 0.417586
0.364966 0.314278
0.365104 0.449621
0.365700 0.249789
0.365816 0.373819
0.370611 0.383812
0.374909 0.392001
0.375519 0.242602
0.376328 0.355183
0.377414 0.159490
0.378708 0.507439
0.380064 0.413933
0.384984 0.437739
0.386183 0.377328
0.387722 0.354845
0.391046 0.185503
0.395117 0.320432
0.395787 0.279813
0.398931 0.329041
0.400023 0.397689
0.400580 0.483245
0.402181 0.346392
0.403472 0.376143
0.406849 0.295874
0.406934 0.322408
0.406950 0.438624
0.410045 0.328485
0.412357 0.258164
0.418657 0.454264
0.425978 0.214703
0.433022 0.328070
0.437830 0.367822
0.440105 0.465989
0.440444 0.413428
0.441074 0.444524
0.444282 0.449534
0.445036 0.325654
0.446615 0.467518
0.447017 0.446679
0.447850 0.433685
0.465734 0.395664
0.467446 0.341941
0.470098 0.462769
0.473357 0.423977
0.476877 0.392936
0.479109 0.479823
0.485974 0.403528
0.490647 0.535005
0.491155 0.511224
0.495471 0.433105
0.496214 0.506072
0.497661 0.519346
0.499274 0.254910
0.500851 0.459378
0.501182 0.529516
0.502080 0.461763
0.502239 0.517862
0.502327 0.489327
0.503727 0.392566
0.505280 0.521898
0.509096 0.342526
0.510472 0.330014
0.510501 0.388451
0.513577 0.446128
0.514235 0.415857
0.519107 0.550473
0.520025 0.477354
0.524893 0.601294
0.532362 0.434399
0.532841 0.549334
0.540241 0.485314
0.546140 0.491147
0.547194 0.446487
0.552092 0.471623
0.553046 0.349103
0.554536 0.474518
0.561931 0.550108
0.565071 0.435703
0.567803 0.576114
0.582786 0.630099
0.586104 0.504415
0.586623 0.593782
0.587310 0.473291
0.591533 0.472808
0.594965 0.519502
0.598077 0.419933
0.601708 0.499812
0.602446 0.402075
0.603977 0.588318
0.604602 0.468600
0.604967 0.567285
0.605697 0.610606
0.606248 0.526239
0.606717 0.446949
0.606845 0.587892
0.607576 0.570837
0.611945 0.516546
0.612955 0.675844
0.615071 0.616681
0.616196 0.553657
0.617893 0.486301
0.628275 0.491273
0.636778 0.553421
0.642523 0.503255
0.642561 0.562423
0.646936 0.591649
0.647055 0.512356
0.652285 0.517299
0.662028 0.563104
0.665356 0.635347
0.672927 0.664915
0.673372 0.645090
0.680635 0.701774
0.683642 0.547725
0.687392 0.634628
0.689231 0.593028
0.689254 0.621735
0.689468 0.676828
0.689766 0.701635
0.697431 0.645373
0.703641 0.623999
0.703732 0.619710
0.706624 0.521545
0.708308 0.638247
0.712183 0.592543
0.714125 0.467052
0.715839 0.717023
0.717052 0.656366
0.719397 0.723860
0.719611 0.656382
0.727532 0.725536
0.728257 0.572962
0.729684 0.656699
0.738268 0.604225
0.738482 0.668967
0.739777 0.579963
0.739890 0.762959
0.742783 0.671015
0.748275 0.733522
0.750211 0.660070
0.754316 0.565279
0.757741 0.657385
0.763513 0.759599
0.769817 0.759101
0.771029 0.640977
0.771343 0.697934
0.772268 0.617291
0.773780 0.776654
0.774131 0.744699
0.778840 0.719794
0.781353 0.772291
0.782954 0.725408
0.784372 0.705834
0.784421 0.778062
0.787611 0.762245
0.791957 0.681598
0.807716 0.696981
0.808256 0.738097
0.808442 0.785952
0.815086 0.806600
0.824030 0.682179
0.826543 0.714049
0.828148 0.761723
0.828878 0.790727
0.831933 0.763883
0.835194 0.767492
0.843602 0.813739
0.847908 0.801549
0.853246 0.858076
0.853749 0.839916
0.855494 0.833473
0.862382 0.838625
0.864762 0.855645
0.865486 0.847156
0.866218 0.837714
0.866461 0.837170
0.867338 0.799025
0.868120 0.842636
0.873003 0.855552
0.876859 0.804966
0.877901 0.815907
0.884711 0.814753
0.888417 0.813649
0.894536 0.837571
0.897415 0.814224
0.897552 0.878426
0.898149 0.901188
0.900341 0.882169
0.900768 0.842385
0.901505 0.876316
0.903990 0.839821
0.904462 0.905498
0.906978 0.913793
0.907437 0.881230
0.921546 0.920643
0.923092 0.909075
0.924562 0.875993
0.925821 0.858336
0.930250 0.933093
0.939035 0.936554
0.941102 0.914659
0.942634 0.935390
0.943186 0.916391
0.943870 0.871672
0.944276 0.927213
0.953296 0.938571
0.958723 0.916600
0.962170 0.949736
0.962877 0.948199
0.964199 0.927294
0.968268 0.967444
0.969730 0.961763
0.973151 0.957794
0.975198 0.951546
0.975676 0.976912
0.976302 0.958387
0.988584 0.975730
0.989798 0.985176
0.990789 0.965436
0.994645 0.987271
0.995096 0.960238
0.997846 1.000000
0.997854 0.996469
1.000000 0.996773
