0.000000 0.683407
0.005040 0.496929
0.009207 0.396563
0.013707 0.611429
0.015688 0.407325
0.017198 0.329853
0.018087 0.350217
0.028584 0.249102
0.030484 0.662659
0.041898 0.500561
0.045709 0.516159
0.050507 0.543043
0.054193 0.518464
0.055314 0.672263
0.058474 0.632935
0.060403 0.360102
0.067032 0.321867
0.067880 0.845375
0.070117 0.459294
0.072637 1.000000
0.079211 0.847781
0.088288 0.657634
0.090354 0.605257
0.095661 0.777217
0.097637 0.721183
0.107143 0.332187
0.108322 0.526481
0.108380 0.580686
0.110222 0.865029
0.123084 0.940248
0.126067 0.650834
0.130788 0.302194
0.132208 0.506557
0.132759 0.224822
0.137267 0.754784
0.140458 0.366268
0.146749 0.510574
0.147153 0.760675
0.148500 0.679171
0.150080 0.576077
0.156855 0.689374
0.159406 0.611095
0.159668 0.000000
0.160323 0.529699
0.166138 0.818174
0.179878 0.575507
0.184379 0.243805
0.185723 0.203384
0.189853 0.769749
0.205113 0.519146
0.206277 0.286001
0.211125 0.330913
0.213484 0.753823
0.217548 0.542107
0.217641 0.396748
0.219766 0.599362
0.222141 0.687139
0.222701 0.735771
0.223806 0.336154
0.224371 0.403773
0.227844 0.375526
0.229040 0.717779
0.229079 0.541467
0.231224 0.721123
0.231566 0.585032
0.236001 0.759496
0.236233 0.505775
0.237158 0.490541
0.238807 0.590205
0.244538 0.684899
0.245919 0.535513
0.247179 0.454834
0.247631 0.650308
0.249435 0.429165
0.257652 0.822379
0.266058 0.625479
0.272739 0.525149
0.272835 0.708756
0.289354 0.631076
0.293390 0.513158
0.306417 0.442962
0.308224 0.441098
0.311698 0.256591
0.315927 0.609561
0.316995 0.632387
0.328650 0.629828
0.331472 0.456514
0.333453 0.388137
0.333507 0.573751
0.339468 0.731055
0.342714 0.594608
0.346819 0.454823
0.348400 0.399759
0.349168 0.517133
0.349969 0.672747
0.350061 0.798838
0.351280 0.816947
0.354746 0.427420
0.356531 0.713163
0.358963 0.197750
0.364295 0.444488
0.365488 0.182624
0.368828 0.448803
0.370047 0.867256
0.371765 0.696327
0.371848 0.607107
0.380482 0.413605
0.380617 0.332806
0.393693 0.521141
0.398259 0.542151
0.398917 0.612330
0.399564 0.373337
0.402829 0.291690
0.403166 0.647716
0.403415 0.702905
0.413338 0.785854
0.413797 0.668684
0.415597 0.582461
0.417842 0.466292
0.418058 0.389601
0.418091 0.564145
0.422308 0.400824
0.426258 0.758892
0.430119 0.432616
0.435654 0.262137
0.437345 0.592898
0.445433 0.440921
0.449271 0.798477
0.450151 0.426679
0.451705 0.503367
0.467110 0.431206
0.468111 0.372078
0.471269 0.435897
0.478055 0.517974
0.481933 0.650544
0.487220 0.648889
0.490727 0.554581
0.494882 0.532392
0.502385 0.428595
0.503828 0.508705
0.512132 0.623011
0.512964 0.655862
0.515602 0.554262
0.516271 0.567173
0.528566 0.478152
0.534206 0.516002
0.534737 0.643981
0.540162 0.458016
0.546358 0.568353
0.551094 0.332543
0.551640 0.553866
0.555851 0.530611
0.556705 0.431868
0.560641 0.605276
0.562195 0.595843
0.566164 0.515962
0.572170 0.498271
0.572390 0.561449
0.577701 0.596797
0.578335 0.345041
0.580807 0.393607
0.581460 0.555835
0.593207 0.363256
0.597329 0.624944
0.604016 0.603333
0.605137 0.632747
0.606985 0.426338
0.607681 0.635940
0.616431 0.676081
0.619989 0.633784
0.622083 0.503361
0.625358 0.449378
0.628327 0.501142
0.633108 0.522505
0.638670 0.493732
0.643572 0.555754
0.652838 0.521081
0.652845 0.634215
0.657474 0.589700
0.661157 0.282136
0.661434 0.558518
0.668561 0.427322
0.673027 0.494407
0.676557 0.556697
0.676914 0.588822
0.679490 0.573649
0.686138 0.257677
0.687610 0.437686
0.696110 0.556152
0.700470 0.324353
0.705592 0.533772
0.709299 0.262486
0.720451 0.532410
0.720803 0.574591
0.723895 0.374701
0.733143 0.382028
0.746541 0.667189
0.747986 0.286178
0.748205 0.536268
0.750208 0.595228
0.759542 0.467024
0.760234 0.376318
0.765325 0.292495
0.767590 0.573794
0.768210 0.522445
0.771029 0.432772
0.771184 0.420004
0.777779 0.526096
0.779887 0.663069
0.780456 0.681992
0.780857 0.522187
0.782636 0.456425
0.786013 0.573390
0.797202 0.400143
0.806157 0.409506
0.808239 0.195897
0.809905 0.640476
0.811166 0.352955
0.811810 0.250587
0.815995 0.609445
0.819081 0.443757
0.821972 0.572525
0.822231 0.427374
0.834737 0.427367
0.835185 0.535476
0.842826 0.341109
0.843358 0.493139
0.847591 0.285559
0.849438 0.542002
0.852412 0.362125
0.853087 0.517546
0.854822 0.672411
0.856589 0.607088
0.858020 0.493142
0.862409 0.310549
0.865219 0.487903
0.870697 0.307236
0.879294 0.692425
0.884695 0.511452
0.888059 0.475709
0.892081 0.545852
0.892764 0.341839
0.896478 0.489284
0.897822 0.422279
0.897905 0.517638
0.899910 0.220635
0.902865 0.504548
0.903284 0.255516
0.915083 0.409565
0.924706 0.351708
0.927652 0.564396
0.929750 0.234010
0.931903 0.497327
0.935258 0.311845
0.936521 0.547105
0.941737 0.360527
0.944358 0.518653
0.951173 0.314782
0.951507 0.288232
0.955300 0.491447
0.955341 0.578299
0.960558 0.287463
0.963685 0.442407
0.965083 0.501585
0.965858 0.594742
0.966336 0.547334
0.967922 0.301610
0.968384 0.350956
0.972969 0.549724
0.976945 0.424726
0.978497 0.510691
0.999713 0.477924
1.000000 0.295880
