0.000000 0.191700
0.008511 0.629243
0.014019 0.444199
0.024995 0.571805
0.027309 0.567424
0.029137 0.253131
0.030975 0.535840
0.031705 0.402867
0.040466 0.475107
0.044919 0.345198
0.046011 0.325194
0.051342 0.420840
0.056926 0.564414
0.057492 0.734815
0.059431 0.590319
0.060187 0.685383
0.071500 0.292159
0.073818 0.454810
0.089219 0.413544
0.091770 0.463877
0.093308 0.608694
0.095780 0.568835
0.096272 0.173042
0.097001 0.482105
0.098768 0.570663
0.099624 0.449784
0.101197 0.382701
0.101593 0.715730
0.104663 0.379749
0.109657 0.413181
0.109739 0.722823
0.116450 0.379131
0.119355 0.873201
0.119578 0.324886
0.121469 0.847054
0.121819 0.534889
0.126901 0.495479
0.129370 0.419365
0.130784 0.682252
0.132522 0.507101
0.135698 0.675869
0.137129 0.000000
0.152122 0.654463
0.152907 0.573330
0.154238 0.214285
0.155240 0.898170
0.156644 0.535107
0.157265 0.597838
0.157282 0.578692
0.158424 0.602869
0.158510 0.573997
0.158900 0.307116
0.159537 0.664535
0.162898 0.281638
0.163698 0.566898
0.164402 0.446728
0.165590 0.534616
0.167154 0.526915
0.168659 0.388663
0.168779 0.413236
0.170411 0.877857
0.172419 0.503689
0.172727 0.427373
0.173413 0.571335
0.174724 0.512407
0.175626 0.493046
0.178293 0.654379
0.181414 0.361400
0.184063 0.337951
0.184208 0.562847
0.185371 0.623499
0.186254 0.387444
0.186359 0.648336
0.187853 0.785902
0.188852 0.559225
0.189294 0.739427
0.189378 0.458698
0.192837 0.449770
0.193920 0.641394
0.194617 0.361411
0.195184 0.553138
0.196335 0.665075
0.196375 0.658354
0.197945 0.578829
0.201511 0.425170
0.201876 0.627838
0.206564 0.429712
0.209084 0.525384
0.212447 0.559473
0.214164 0.245023
0.214667 0.436930
0.214940 0.315989
0.214975 0.455978
0.216074 0.255383
0.216293 0.710456
0.216942 0.409996
0.217710 0.452644
0.218725 0.402523
0.219136 0.459265
0.219895 0.480829
0.219982 0.519866
0.220677 0.504478
0.221266 0.649066
0.221410 0.920678
0.222215 0.518793
0.223405 0.611081
0.223629 0.286225
0.227052 0.286912
0.227439 0.526047
0.227660 0.346574
0.230449 0.578515
0.231385 0.396119
0.231832 0.391694
0.232621 0.406239
0.234105 0.449974
0.236915 0.457371
0.236945 0.540297
0.238298 0.372181
0.244480 0.480364
0.245718 0.355255
0.245991 0.451398
0.246602 0.471738
0.247005 0.704066
0.251830 0.306381
0.253608 0.684069
0.253670 0.716873
0.259563 0.506489
0.259608 0.420522
0.259731 0.662850
0.261863 0.677369
0.262966 0.300242
0.263293 0.432001
0.264877 0.528301
0.266369 0.594737
0.267334 0.528282
0.271831 0.508697
0.272555 0.702612
0.275182 0.681712
0.276115 0.569490
0.277668 0.515124
0.277887 0.508884
0.277892 0.296138
0.278073 0.285878
0.280435 0.612103
0.285507 0.559780
0.289909 0.536202
0.290822 0.491137
0.291801 0.502046
0.291905 0.744638
0.292396 0.481953
0.292652 0.544170
0.294237 0.785170
0.294885 0.248047
0.299463 0.411762
0.299758 0.457686
0.299807 0.668185
0.301615 0.433165
0.302367 0.574125
0.308010 0.702444
0.308234 0.557696
0.308791 0.543515
0.311141 0.452022
0.314360 0.750855
0.314951 0.562249
0.315907 0.337903
0.316236 0.610811
0.317070 0.564000
0.318316 0.497257
0.319216 0.573663
0.326340 0.801530
0.326619 0.540965
0.330550 0.462863
0.331619 0.593804
0.332058 0.100828
0.335704 0.722801
0.341401 0.253854
0.343176 0.628263
0.343879 0.395007
0.345536 0.327225
0.347410 0.626164
0.347512 0.655411
0.348162 0.635402
0.349745 0.538745
0.350258 0.587106
0.353064 0.747309
0.356243 0.832974
0.356793 0.516910
0.359179 0.845098
0.360768 0.593691
0.361129 0.337342
0.361267 0.708033
0.362738 0.740858
0.362939 0.484546
0.363914 0.627740
0.364738 0.596500
0.365506 0.306417
0.368260 0.975751
0.371032 0.845124
0.371737 0.548736
0.373983 0.619145
0.374730 0.638849
0.375334 0.346872
0.377173 0.632037
0.377906 0.592425
0.378283 0.863254
0.383052 0.556168
0.383108 0.553343
0.383278 0.603563
0.389373 0.682966
0.390263 0.314059
0.390276 0.467899
0.400126 0.578126
0.400837 0.662612
0.400847 0.507671
0.403210 0.354247
0.405448 0.840477
0.411149 0.874531
0.411979 0.496416
0.412275 0.593676
0.413107 0.598339
0.413145 0.503171
0.413208 0.607096
0.413671 0.500239
0.414365 0.641470
0.415916 0.479356
0.416175 0.399022
0.418998 0.451335
0.425494 0.554461
0.426166 0.450336
0.428146 0.342100
0.428944 0.498504
0.429022 0.820369
0.429823 0.442260
0.431487 0.628676
0.433385 0.535388
0.433826 0.384714
0.434216 0.495287
0.434666 0.762192
0.436548 0.656099
0.437035 0.682067
0.438843 0.460073
0.440784 0.750995
0.440838 0.456267
0.441013 0.608611
0.442479 0.702783
0.443537 0.581139
0.446735 0.768088
0.447343 0.560049
0.448078 0.537067
0.450022 0.501801
0.452345 0.319679
0.452622 0.531643
0.452713 0.507603
0.454509 0.738504
0.456676 0.595952
0.464580 0.555029
0.472875 0.567295
0.473558 0.579333
0.476798 0.817836
0.476979 0.533283
0.482388 0.492848
0.482939 0.415803
0.484187 0.697477
0.484853 0.555676
0.485385 0.408999
0.490515 0.482615
0.492079 0.397631
0.495084 0.566103
0.496596 0.490399
0.509876 0.741097
0.510244 0.792991
0.510417 0.226558
0.513612 0.439776
0.515731 0.615180
0.516307 0.467187
0.517085 0.560779
0.517190 0.964568
0.523147 0.693907
0.525923 0.546046
0.526010 0.390367
0.526844 1.000000
0.528690 0.504294
0.541420 0.692302
0.549450 0.338164
0.550285 0.591294
0.552700 0.635445
0.556184 0.668926
0.557802 0.592168
0.565378 0.792043
0.565770 0.603422
0.566727 0.794725
0.569833 0.527936
0.574457 0.707783
0.574926 0.490549
0.576978 0.586489
0.577040 0.535999
0.578947 0.747802
0.588230 0.541608
0.589324 0.795332
0.590300 0.580511
0.593766 0.336756
0.594787 0.309127
0.605334 0.481573
0.606257 0.675566
0.619576 0.806999
0.620301 0.400766
0.626260 0.589798
0.629573 0.852164
0.631265 0.596407
0.633516 0.772398
0.638828 0.434347
0.643354 0.633314
0.644568 0.465422
0.651109 0.749973
0.653369 0.409668
0.662619 0.369444
0.666785 0.720120
0.668314 0.728786
0.672821 0.636703
0.680302 0.572687
0.683001 0.771175
0.691988 0.769247
0.693371 0.461480
0.699968 0.543920
0.700088 0.443848
0.720151 0.572517
0.737113 0.668114
0.746850 0.482706
0.752397 0.521490
0.757966 0.495321
0.766313 0.727718
0.772618 0.790365
0.793212 0.486565
0.822866 0.598967
0.836603 0.508859
0.854208 0.550019
0.893689 0.704373
0.958442 0.686958
1.000000 0.472421
