1.199739945150213316e-04 3.333333333333333547e-03
-1.152082586486358196e-04 3.333333333333333547e-03
-2.151204689653241076e-04 3.333333333333333547e-03
-1.735875557642430067e-04 3.333333333333333547e-03
-1.844132566475309432e-05 3.333333333333333547e-03
-1.893549415399320424e-04 3.333333333333333547e-03
5.304647515913529787e-05 3.333333333333333547e-03
2.054126103132603021e-04 3.333333333333333547e-03
-1.052125753631116822e-06 3.333333333333333547e-03
-5.271857844491023570e-04 3.333333333333333547e-03
5.788964699604548514e-05 3.333333333333333547e-03
-2.192354277212871239e-04 3.333333333333333547e-03
4.283703165128827095e-04 3.333333333333333547e-03
7.455043692061735783e-05 3.333333333333333547e-03
-5.695928120985627174e-05 3.333333333333333547e-03
1.651413840590976179e-04 3.333333333333333547e-03
5.771330281731934519e-04 3.333333333333333547e-03
-7.017768784862710163e-04 3.333333333333333547e-03
1.400459932483499870e-04 3.333333333333333547e-03
-2.407010033493861556e-04 3.333333333333333547e-03
4.701455582107882947e-04 3.333333333333333547e-03
2.707329513214062899e-04 3.333333333333333547e-03
-6.662739906460046768e-06 3.333333333333333547e-03
-8.090462461041170172e-04 3.333333333333333547e-03
-7.394190106424503028e-05 3.333333333333333547e-03
8.267274097306653857e-06 3.333333333333333547e-03
2.651151698955800384e-04 3.333333333333333547e-03
-3.975049003202002496e-05 3.333333333333333547e-03
1.514844880148302764e-04 3.333333333333333547e-03
5.613140456262044609e-05 3.333333333333333547e-03
-5.082320349174551666e-04 3.333333333333333547e-03
6.760376663805800490e-06 3.333333333333333547e-03
-3.612115979194641113e-04 3.333333333333333547e-03
-7.534048017987515777e-05 3.333333333333333547e-03
-2.432566725474316627e-04 3.333333333333333547e-03
-4.464405974431429058e-04 3.333333333333333547e-03
-2.709140608203597367e-05 3.333333333333333547e-03
-6.033484241925179958e-04 3.333333333333333547e-03
-4.524810356087982655e-05 3.333333333333333547e-03
-7.248077963595278561e-05 3.333333333333333547e-03
1.464529777877032757e-04 3.333333333333333547e-03
7.656582420167978853e-04 3.333333333333333547e-03
6.977133102736843284e-04 3.333333333333333547e-03
-1.646883356443140656e-05 3.333333333333333547e-03
-1.427418916136957705e-03 3.333333333333333547e-03
3.861074339965853142e-04 3.333333333333333547e-03
6.119100553405587561e-04 3.333333333333333547e-03
2.458200033288449049e-04 3.333333333333333547e-03
1.845655406214063987e-04 3.333333333333333547e-03
4.160338958172360435e-04 3.333333333333333547e-03
-1.880486772279255092e-03 3.333333333333333547e-03
-1.234864757861942053e-04 3.333333333333333547e-03
1.790628948583616875e-04 3.333333333333333547e-03
1.528462162241339684e-04 3.333333333333333547e-03
9.047880921571049839e-04 3.333333333333333547e-03
3.577785173547454178e-05 3.333333333333333547e-03
-4.336217534728348255e-05 3.333333333333333547e-03
1.387526972393970937e-04 3.333333333333333547e-03
3.986003139289095998e-05 3.333333333333333547e-03
3.922008163499413058e-04 3.333333333333333547e-03
-4.736797109217150137e-05 3.333333333333333547e-03
-1.074310475814854726e-04 3.333333333333333547e-03
-4.016255843453109264e-05 3.333333333333333547e-03
-7.222982821986079216e-05 3.333333333333333547e-03
-2.014806959778070450e-04 3.333333333333333547e-03
-3.483844920992851257e-06 3.333333333333333547e-03
3.435802718740887940e-04 3.333333333333333547e-03
-2.809584839269518852e-05 3.333333333333333547e-03
-6.803470459999516606e-04 3.333333333333333547e-03
-4.989136209587741178e-05 3.333333333333333547e-03
-2.774880122160539031e-04 3.333333333333333547e-03
-7.791578536853194237e-05 3.333333333333333547e-03
-4.164353085798211396e-04 3.333333333333333547e-03
-9.547978697810322046e-05 3.333333333333333547e-03
-9.864579988061450422e-05 3.333333333333333547e-03
1.571114216858404689e-05 3.333333333333333547e-03
2.423905634714174084e-04 3.333333333333333547e-03
1.141926959462580271e-04 3.333333333333333547e-03
1.456506879549124278e-06 3.333333333333333547e-03
4.374735508463345468e-04 3.333333333333333547e-03
3.892393133355653845e-04 3.333333333333333547e-03
1.286241677007637918e-04 3.333333333333333547e-03
-7.336746057262644172e-05 3.333333333333333547e-03
2.048704149046898237e-04 3.333333333333333547e-03
-1.553033871459774673e-04 3.333333333333333547e-03
3.190983270542346872e-04 3.333333333333333547e-03
1.350583261228166521e-06 3.333333333333333547e-03
-7.467792347597423941e-04 3.333333333333333547e-03
-5.617395363515242934e-04 3.333333333333333547e-03
-2.054567157756537199e-04 3.333333333333333547e-03
6.475018835772061720e-05 3.333333333333333547e-03
-1.058531406670226716e-04 3.333333333333333547e-03
-2.687933447305113077e-04 3.333333333333333547e-03
1.241112986463122070e-04 3.333333333333333547e-03
-7.955118508107261732e-05 3.333333333333333547e-03
-1.989862357731908560e-05 3.333333333333333547e-03
-1.118776708608493209e-06 3.333333333333333547e-03
3.130334334855433553e-04 3.333333333333333547e-03
-5.727962980017764494e-05 3.333333333333333547e-03
6.756620459782425314e-04 3.333333333333333547e-03
3.045070338885125238e-04 3.333333333333333547e-03
-2.746738173300400376e-04 3.333333333333333547e-03
1.502158702351152897e-04 3.333333333333333547e-03
1.192573816979347612e-04 3.333333333333333547e-03
6.157315310701960698e-04 3.333333333333333547e-03
-1.672581447564880364e-05 3.333333333333333547e-03
1.765886227076407522e-04 3.333333333333333547e-03
2.527567266952246428e-05 3.333333333333333547e-03
-6.838080589659512043e-04 3.333333333333333547e-03
-3.277020587120205164e-04 3.333333333333333547e-03
-4.722795856650918722e-04 3.333333333333333547e-03
6.365033186739310622e-04 3.333333333333333547e-03
2.229555548183270730e-05 3.333333333333333547e-03
-1.559916945552686229e-04 3.333333333333333547e-03
-5.287805106490850449e-05 3.333333333333333547e-03
-7.095130786183290184e-05 3.333333333333333547e-03
-4.985651085007702932e-04 3.333333333333333547e-03
-1.234563897014595568e-04 3.333333333333333547e-03
-6.054395271348766983e-05 3.333333333333333547e-03
-6.460829317802563310e-04 3.333333333333333547e-03
-3.638218167907325551e-04 3.333333333333333547e-03
2.867978764697909355e-06 3.333333333333333547e-03
-1.213185969390906394e-04 3.333333333333333547e-03
1.584893434483092278e-04 3.333333333333333547e-03
2.063046267721801996e-04 3.333333333333333547e-03
-2.821848320309072733e-04 3.333333333333333547e-03
-7.692485523875802755e-04 3.333333333333333547e-03
-6.274212064454331994e-04 3.333333333333333547e-03
4.419023991886206204e-04 3.333333333333333547e-03
-8.808975780993932858e-05 3.333333333333333547e-03
-4.604258720064535737e-05 3.333333333333333547e-03
-9.715332998894155025e-05 3.333333333333333547e-03
-3.355617227498441935e-03 3.333333333333333547e-03
-2.089145075387932593e-04 3.333333333333333547e-03
3.141193737974390388e-04 3.333333333333333547e-03
8.664565439175930806e-05 3.333333333333333547e-03
3.344342563650570810e-03 3.333333333333333547e-03
9.815999510465189815e-05 3.333333333333333547e-03
3.844989532808540389e-05 3.333333333333333547e-03
1.260110138900927268e-05 3.333333333333333547e-03
6.217025656951591372e-06 3.333333333333333547e-03
2.602935201139189303e-04 3.333333333333333547e-03
2.909779404944856651e-04 3.333333333333333547e-03
4.843391652684658766e-04 3.333333333333333547e-03
-1.348569639958441257e-05 3.333333333333333547e-03
-1.045560664351796731e-03 3.333333333333333547e-03
-1.817719723476329818e-03 3.333333333333333547e-03
-1.779655976861249655e-04 3.333333333333333547e-03
2.476894587744027376e-05 3.333333333333333547e-03
3.854015594697557390e-04 3.333333333333333547e-03
-3.975837826146744192e-04 3.333333333333333547e-03
1.861794589785858989e-04 3.333333333333333547e-03
4.842755952267907560e-04 3.333333333333333547e-03
-5.498932659975253046e-05 3.333333333333333547e-03
1.563928616405974026e-04 3.333333333333333547e-03
5.670250538969412446e-04 3.333333333333333547e-03
1.862108510977122933e-04 3.333333333333333547e-03
-8.387408161070197821e-05 3.333333333333333547e-03
-1.707216142676770687e-05 3.333333333333333547e-03
-2.883756424125749618e-04 3.333333333333333547e-03
-1.017176873574499041e-04 3.333333333333333547e-03
1.815612777136266232e-04 3.333333333333333547e-03
-2.838156069628894329e-05 3.333333333333333547e-03
-1.982573321583913639e-04 3.333333333333333547e-03
3.345628996385130449e-04 3.333333333333333547e-03
8.699634054210036993e-05 3.333333333333333547e-03
4.726402967207832262e-04 3.333333333333333547e-03
7.870123226894065738e-05 3.333333333333333547e-03
-3.226972021366236731e-04 3.333333333333333547e-03
1.881452626548707485e-04 3.333333333333333547e-03
-7.606684757774928585e-04 3.333333333333333547e-03
1.528224383946508169e-04 3.333333333333333547e-03
-4.256305510352831334e-05 3.333333333333333547e-03
-1.676507527008652687e-04 3.333333333333333547e-03
-1.256469113286584616e-04 3.333333333333333547e-03
-1.050151659001130611e-04 3.333333333333333547e-03
3.815239033428952098e-04 3.333333333333333547e-03
2.215411659562960267e-04 3.333333333333333547e-03
-1.192663569327123696e-04 3.333333333333333547e-03
-1.695231840130873024e-04 3.333333333333333547e-03
1.923092568176798522e-04 3.333333333333333547e-03
1.053165078701567836e-04 3.333333333333333547e-03
2.589605865068733692e-04 3.333333333333333547e-03
4.881367203779518604e-05 3.333333333333333547e-03
2.002899855142459273e-04 3.333333333333333547e-03
1.131073613578337245e-04 3.333333333333333547e-03
1.304688106756657362e-03 3.333333333333333547e-03
-2.708291285671293736e-04 3.333333333333333547e-03
2.303440123796463013e-05 3.333333333333333547e-03
3.434994753774844867e-04 3.333333333333333547e-03
1.558391591061081272e-04 3.333333333333333547e-03
-6.858968299638945609e-05 3.333333333333333547e-03
2.272717210871633142e-04 3.333333333333333547e-03
-7.941403891891241074e-04 3.333333333333333547e-03
1.029417580866720527e-05 3.333333333333333547e-03
-2.230842783319531009e-04 3.333333333333333547e-03
-3.658469468064140528e-04 3.333333333333333547e-03
-1.407038580509833992e-04 3.333333333333333547e-03
-3.663552342914044857e-04 3.333333333333333547e-03
-2.039610408246517181e-04 3.333333333333333547e-03
4.449583357200026512e-04 3.333333333333333547e-03
2.390976351307472214e-05 3.333333333333333547e-03
-3.497917059576138854e-04 3.333333333333333547e-03
-4.360796301625669003e-04 3.333333333333333547e-03
1.726249756757169962e-04 3.333333333333333547e-03
1.012474494928028435e-04 3.333333333333333547e-03
-2.488279915269231424e-05 3.333333333333333547e-03
-4.330850790665863315e-04 3.333333333333333547e-03
-2.825956034939736128e-04 3.333333333333333547e-03
1.316660054726526141e-04 3.333333333333333547e-03
1.832825364544987679e-05 3.333333333333333547e-03
-2.439090712869074196e-04 3.333333333333333547e-03
5.215292912907898426e-05 3.333333333333333547e-03
1.584705387358553708e-04 3.333333333333333547e-03
-2.981881552841514349e-04 3.333333333333333547e-03
2.412577202903776197e-06 3.333333333333333547e-03
2.156286700483178720e-05 3.333333333333333547e-03
6.338975799735635519e-05 3.333333333333333547e-03
-5.919202594668604434e-04 3.333333333333333547e-03
-1.867812679847702384e-04 3.333333333333333547e-03
-5.092746869195252657e-05 3.333333333333333547e-03
2.787737575999926776e-04 3.333333333333333547e-03
7.462536668754182756e-04 3.333333333333333547e-03
-4.903212357021402568e-05 3.333333333333333547e-03
-6.224603275768458843e-04 3.333333333333333547e-03
2.429226526601269143e-05 3.333333333333333547e-03
-5.709784469445366994e-04 3.333333333333333547e-03
-8.416745840804651380e-04 3.333333333333333547e-03
-7.050697895465418696e-04 3.333333333333333547e-03
1.721277512842789292e-04 3.333333333333333547e-03
-9.657605323809548281e-04 3.333333333333333547e-03
2.793137318803928792e-04 3.333333333333333547e-03
-1.103744252759497613e-04 3.333333333333333547e-03
4.487406949920114130e-04 3.333333333333333547e-03
-3.703716502059251070e-04 3.333333333333333547e-03
-2.017336373683065176e-05 3.333333333333333547e-03
2.933727228082716465e-05 3.333333333333333547e-03
4.702310907305218279e-04 3.333333333333333547e-03
-1.105145383917260915e-04 3.333333333333333547e-03
-1.299813845889730146e-04 3.333333333333333547e-03
2.048361049673985690e-03 3.333333333333333547e-03
-6.880426644784165546e-05 3.333333333333333547e-03
4.320315429140464403e-04 3.333333333333333547e-03
7.247213216032832861e-05 3.333333333333333547e-03
-9.700015652924776077e-07 3.333333333333333547e-03
7.968473764776717871e-04 3.333333333333333547e-03
-1.841658086050301790e-04 3.333333333333333547e-03
-8.762954621488461271e-06 3.333333333333333547e-03
2.288029409101000056e-04 3.333333333333333547e-03
8.078593236859887838e-05 3.333333333333333547e-03
1.047223263412888627e-04 3.333333333333333547e-03
-4.318995643188827671e-04 3.333333333333333547e-03
3.255868250562343746e-06 3.333333333333333547e-03
7.950088092911755666e-05 3.333333333333333547e-03
-1.307821366935968399e-05 3.333333333333333547e-03
5.131159559823572636e-05 3.333333333333333547e-03
-6.221586372703313828e-04 3.333333333333333547e-03
5.641041570925153792e-05 3.333333333333333547e-03
5.987376061966642737e-05 3.333333333333333547e-03
-6.770969775971025229e-06 3.333333333333333547e-03
-1.715498501653200947e-04 3.333333333333333547e-03
-2.544995922448833880e-06 3.333333333333333547e-03
-1.205253283842466772e-06 3.333333333333333547e-03
-9.954196866601705551e-05 3.333333333333333547e-03
1.730500080157071352e-04 3.333333333333333547e-03
-9.676105946709867567e-05 3.333333333333333547e-03
1.104960028897039592e-05 3.333333333333333547e-03
-1.054320380262652179e-04 3.333333333333333547e-03
4.907698798888304736e-04 3.333333333333333547e-03
6.405331077985465527e-05 3.333333333333333547e-03
-2.666795408003963530e-04 3.333333333333333547e-03
-4.567243013298138976e-04 3.333333333333333547e-03
1.701719975244486704e-05 3.333333333333333547e-03
-1.186134459203458391e-04 3.333333333333333547e-03
1.395066756231244653e-04 3.333333333333333547e-03
2.543045980019087438e-06 3.333333333333333547e-03
-1.899079652503132820e-04 3.333333333333333547e-03
-1.386581163842492970e-05 3.333333333333333547e-03
1.298698098253225908e-04 3.333333333333333547e-03
-8.381941370316781104e-05 3.333333333333333547e-03
1.912738189275842160e-04 3.333333333333333547e-03
-1.085966505343094468e-04 3.333333333333333547e-03
-2.959260284114861861e-03 3.333333333333333547e-03
9.477557614445686340e-05 3.333333333333333547e-03
1.058647321769967675e-04 3.333333333333333547e-03
-1.829978282330557704e-05 3.333333333333333547e-03
5.334882353054126725e-04 3.333333333333333547e-03
1.152838685811730102e-04 3.333333333333333547e-03
-1.802668703021481633e-05 3.333333333333333547e-03
2.332566737095476128e-04 3.333333333333333547e-03
3.627813293860526755e-04 3.333333333333333547e-03
-5.017185249016620219e-04 3.333333333333333547e-03
-5.862638136022724211e-05 3.333333333333333547e-03
2.871578544727526605e-05 3.333333333333333547e-03
-2.554163149852684001e-04 3.333333333333333547e-03
-9.788895567908184603e-06 3.333333333333333547e-03
1.945378085110860411e-04 3.333333333333333547e-03
-1.342758332611992955e-04 3.333333333333333547e-03
-1.692531441221944988e-04 3.333333333333333547e-03
-5.947455065324902534e-05 3.333333333333333547e-03
