3.323530836496502161e-05 8.333333333333333218e-03
-1.755534631229238585e-04 8.333333333333333218e-03
8.001317910384386778e-04 8.333333333333333218e-03
-1.014239242067560554e-03 8.333333333333333218e-03
2.741167554631829262e-04 8.333333333333333218e-03
3.562215606507379562e-04 8.333333333333333218e-03
-1.869180996436625719e-04 8.333333333333333218e-03
-8.380085637327283621e-05 8.333333333333333218e-03
3.293466215836815536e-05 8.333333333333333218e-03
1.013090441119857132e-04 8.333333333333333218e-03
7.697839209868106991e-04 8.333333333333333218e-03
-1.520902587799355388e-04 8.333333333333333218e-03
1.680961686361115426e-04 8.333333333333333218e-03
-2.226262295152992010e-04 8.333333333333333218e-03
7.800180533195089083e-04 8.333333333333333218e-03
5.356289693736471236e-05 8.333333333333333218e-03
-1.928191932165645994e-04 8.333333333333333218e-03
-9.709516734801582061e-05 8.333333333333333218e-03
-1.038381660691811703e-04 8.333333333333333218e-03
-9.579337699960888131e-05 8.333333333333333218e-03
8.484508725814521313e-06 8.333333333333333218e-03
7.600949743391538505e-05 8.333333333333333218e-03
-8.433553921349812299e-05 8.333333333333333218e-03
2.012179757002741098e-04 8.333333333333333218e-03
4.985473060514777899e-05 8.333333333333333218e-03
-5.624267578241415322e-05 8.333333333333333218e-03
-8.534107837476767600e-05 8.333333333333333218e-03
-2.536069223424419761e-05 8.333333333333333218e-03
4.427428566486923955e-04 8.333333333333333218e-03
-2.014889032579958439e-04 8.333333333333333218e-03
9.628536645323038101e-06 8.333333333333333218e-03
5.733348079957067966e-04 8.333333333333333218e-03
-1.951220183400437236e-04 8.333333333333333218e-03
5.433807186818739865e-04 8.333333333333333218e-03
2.140087908628629521e-04 8.333333333333333218e-03
1.825105391617398709e-05 8.333333333333333218e-03
-1.195275399368256330e-05 8.333333333333333218e-03
1.434568475815467536e-04 8.333333333333333218e-03
2.073466021101921797e-07 8.333333333333333218e-03
2.198043657699599862e-04 8.333333333333333218e-03
-1.281371369259431958e-03 8.333333333333333218e-03
-1.885194869828410447e-04 8.333333333333333218e-03
-2.829898585332557559e-04 8.333333333333333218e-03
-1.763457239576382563e-04 8.333333333333333218e-03
-1.242766593350097537e-04 8.333333333333333218e-03
-3.078911540796980262e-04 8.333333333333333218e-03
1.652224455028772354e-06 8.333333333333333218e-03
-1.037249421642627567e-05 8.333333333333333218e-03
-1.427286188118159771e-04 8.333333333333333218e-03
7.507696864195168018e-05 8.333333333333333218e-03
2.490510814823210239e-04 8.333333333333333218e-03
-5.125173329361132346e-04 8.333333333333333218e-03
7.063103839755058289e-05 8.333333333333333218e-03
-1.021844218485057354e-04 8.333333333333333218e-03
-1.130366290453821421e-04 8.333333333333333218e-03
9.710161430120933801e-05 8.333333333333333218e-03
-8.086273737717419863e-06 8.333333333333333218e-03
3.520996597217163071e-05 8.333333333333333218e-03
-1.696712570264935493e-04 8.333333333333333218e-03
1.651540515013039112e-06 8.333333333333333218e-03
8.090038027148693800e-04 8.333333333333333218e-03
4.371970135252922773e-06 8.333333333333333218e-03
3.544948849594220519e-04 8.333333333333333218e-03
-8.346373579115606844e-05 8.333333333333333218e-03
-6.710572051815688610e-05 8.333333333333333218e-03
-3.477327445580158383e-04 8.333333333333333218e-03
-3.156881190079730004e-03 8.333333333333333218e-03
2.853860405593877658e-05 8.333333333333333218e-03
-3.916458954336121678e-04 8.333333333333333218e-03
-1.070440084731671959e-04 8.333333333333333218e-03
6.800230841008669813e-05 8.333333333333333218e-03
-4.952161361870821565e-05 8.333333333333333218e-03
3.126941446680575609e-04 8.333333333333333218e-03
1.183672502520494163e-04 8.333333333333333218e-03
1.722773095025331713e-05 8.333333333333333218e-03
2.018138184212148190e-04 8.333333333333333218e-03
3.353145439177751541e-05 8.333333333333333218e-03
1.260028420801972970e-04 8.333333333333333218e-03
-1.179687824333086610e-04 8.333333333333333218e-03
-6.405007025023223832e-05 8.333333333333333218e-03
-4.845719959121197462e-04 8.333333333333333218e-03
-1.261827226812783920e-04 8.333333333333333218e-03
1.783229345164727420e-05 8.333333333333333218e-03
-2.188293619838077575e-04 8.333333333333333218e-03
4.290761426091194153e-04 8.333333333333333218e-03
-8.046554285101592541e-05 8.333333333333333218e-03
-4.081321228568413062e-04 8.333333333333333218e-03
-8.427118882536888123e-05 8.333333333333333218e-03
3.742399712791666389e-05 8.333333333333333218e-03
-1.784036503522656858e-04 8.333333333333333218e-03
5.657882429659366608e-04 8.333333333333333218e-03
3.731473407242447138e-05 8.333333333333333218e-03
1.828768290579319000e-06 8.333333333333333218e-03
1.069613867002772167e-03 8.333333333333333218e-03
1.321739255217835307e-04 8.333333333333333218e-03
1.330160197539953515e-03 8.333333333333333218e-03
7.619753887411206961e-05 8.333333333333333218e-03
7.388886842818465084e-05 8.333333333333333218e-03
-6.080320326873334125e-05 8.333333333333333218e-03
-8.326115494128316641e-05 8.333333333333333218e-03
1.803290033421944827e-04 8.333333333333333218e-03
3.069076919928193092e-04 8.333333333333333218e-03
4.532238403953670058e-05 8.333333333333333218e-03
5.261592741589993238e-05 8.333333333333333218e-03
-5.952732203695632052e-05 8.333333333333333218e-03
-3.986971142921902356e-05 8.333333333333333218e-03
1.272092049475759268e-05 8.333333333333333218e-03
-2.443116332869976759e-03 8.333333333333333218e-03
8.995347889140248299e-05 8.333333333333333218e-03
-7.799359173077391461e-05 8.333333333333333218e-03
4.273542690498288721e-04 8.333333333333333218e-03
3.480190061964094639e-04 8.333333333333333218e-03
-5.597094059339724481e-05 8.333333333333333218e-03
1.370834706904133782e-05 8.333333333333333218e-03
9.920691809384152293e-05 8.333333333333333218e-03
-4.657938779928372242e-05 8.333333333333333218e-03
-9.384154545841738582e-04 8.333333333333333218e-03
2.322795035070157610e-05 8.333333333333333218e-03
-2.417429059278219938e-04 8.333333333333333218e-03
1.523018599982606247e-04 8.333333333333333218e-03
