3.867088526021689177e-05 8.333333333333333218e-03
8.696038730704458430e-05 8.333333333333333218e-03
3.062150753976311535e-04 8.333333333333333218e-03
3.411452089494559914e-04 8.333333333333333218e-03
1.561883836984634399e-04 8.333333333333333218e-03
-5.637092544930055737e-04 8.333333333333333218e-03
1.733225485622824635e-05 8.333333333333333218e-03
-6.180450218380428851e-04 8.333333333333333218e-03
2.822072565322741866e-04 8.333333333333333218e-03
-1.368794815789442509e-03 8.333333333333333218e-03
-2.014875775785185397e-03 8.333333333333333218e-03
-1.338910260528791696e-05 8.333333333333333218e-03
1.260279772395733744e-03 8.333333333333333218e-03
-1.502691429777769372e-05 8.333333333333333218e-03
4.625179062713868916e-04 8.333333333333333218e-03
-2.154758112737908959e-05 8.333333333333333218e-03
-1.474617329222382978e-05 8.333333333333333218e-03
7.371037863777019083e-04 8.333333333333333218e-03
5.210974995861761272e-05 8.333333333333333218e-03
-8.939085756765052793e-05 8.333333333333333218e-03
-6.242823001230135560e-04 8.333333333333333218e-03
3.665924450615420938e-04 8.333333333333333218e-03
-2.924798159256170038e-04 8.333333333333333218e-03
-2.488893806003034115e-04 8.333333333333333218e-03
1.525870175100862980e-05 8.333333333333333218e-03
1.200240876642055809e-04 8.333333333333333218e-03
-1.533037916487955954e-04 8.333333333333333218e-03
1.425576190285937628e-04 8.333333333333333218e-03
2.231916369055397809e-05 8.333333333333333218e-03
1.499372410762589425e-05 8.333333333333333218e-03
1.638087198330140382e-04 8.333333333333333218e-03
-1.447300142899621278e-03 8.333333333333333218e-03
-7.251356082633719780e-04 8.333333333333333218e-03
8.629257790744304657e-04 8.333333333333333218e-03
-8.936187077779322863e-05 8.333333333333333218e-03
-2.724779515119735152e-04 8.333333333333333218e-03
-1.510238935225061141e-04 8.333333333333333218e-03
-3.182283764544990845e-03 8.333333333333333218e-03
5.286141822580248117e-05 8.333333333333333218e-03
9.325131759396754205e-05 8.333333333333333218e-03
5.188980594539316371e-05 8.333333333333333218e-03
1.750487208482809365e-04 8.333333333333333218e-03
-2.125474566128104925e-05 8.333333333333333218e-03
8.167810551640286576e-05 8.333333333333333218e-03
-2.568052827882638667e-03 8.333333333333333218e-03
-4.172638437012210488e-04 8.333333333333333218e-03
8.778973278822377324e-04 8.333333333333333218e-03
7.203360928542679176e-05 8.333333333333333218e-03
-1.540279772598296404e-04 8.333333333333333218e-03
-1.090125297196209431e-04 8.333333333333333218e-03
-4.088437319296645001e-03 8.333333333333333218e-03
-4.355998971732333302e-04 8.333333333333333218e-03
9.127412340603768826e-05 8.333333333333333218e-03
-5.896891525480896235e-05 8.333333333333333218e-03
-1.576951239258050919e-03 8.333333333333333218e-03
1.300221789279021323e-03 8.333333333333333218e-03
4.301238805055618286e-04 8.333333333333333218e-03
2.341219475056277588e-03 8.333333333333333218e-03
1.750879746396094561e-04 8.333333333333333218e-03
-4.035866004414856434e-04 8.333333333333333218e-03
-1.100943918572738767e-04 8.333333333333333218e-03
3.905907215084880590e-05 8.333333333333333218e-03
-1.108927244786173105e-05 8.333333333333333218e-03
-5.041733329562703148e-04 8.333333333333333218e-03
4.296356928534805775e-04 8.333333333333333218e-03
4.802076291525736451e-04 8.333333333333333218e-03
-8.743053604121087119e-04 8.333333333333333218e-03
9.359585965285077691e-05 8.333333333333333218e-03
-1.829357270253240131e-04 8.333333333333333218e-03
-1.919126170832896605e-04 8.333333333333333218e-03
1.662945123825920746e-04 8.333333333333333218e-03
2.096098032779991627e-04 8.333333333333333218e-03
5.725425398850347847e-05 8.333333333333333218e-03
4.831915321119595319e-04 8.333333333333333218e-03
-7.695297790633048862e-05 8.333333333333333218e-03
-1.300818330491892993e-04 8.333333333333333218e-03
1.661514738771074917e-05 8.333333333333333218e-03
-7.669494661968201399e-04 8.333333333333333218e-03
-2.525067516216950025e-04 8.333333333333333218e-03
-1.376375112158712000e-04 8.333333333333333218e-03
-7.507328409701585770e-04 8.333333333333333218e-03
2.010667813010513783e-04 8.333333333333333218e-03
1.237771459273062646e-03 8.333333333333333218e-03
4.079933278262615204e-04 8.333333333333333218e-03
6.221108778845518827e-04 8.333333333333333218e-03
5.324933954398147762e-05 8.333333333333333218e-03
7.950341387186199427e-05 8.333333333333333218e-03
-3.269133521826006472e-04 8.333333333333333218e-03
-5.215074634179472923e-05 8.333333333333333218e-03
-1.544001388538163155e-04 8.333333333333333218e-03
-1.262005433090962470e-03 8.333333333333333218e-03
2.646034437930211425e-03 8.333333333333333218e-03
1.759485951424721861e-03 8.333333333333333218e-03
-2.031058065767865628e-04 8.333333333333333218e-03
2.482991658325772732e-05 8.333333333333333218e-03
4.645477747544646263e-04 8.333333333333333218e-03
-2.441644410282606259e-04 8.333333333333333218e-03
1.136344508267939091e-04 8.333333333333333218e-03
-3.070092352572828531e-04 8.333333333333333218e-03
2.120422977895941585e-04 8.333333333333333218e-03
1.145551209447148722e-05 8.333333333333333218e-03
3.546032385202124715e-04 8.333333333333333218e-03
-1.097903671507083345e-03 8.333333333333333218e-03
1.306491903960704803e-04 8.333333333333333218e-03
-2.535986277507618070e-04 8.333333333333333218e-03
-1.199422011268325150e-03 8.333333333333333218e-03
2.814463941831490956e-04 8.333333333333333218e-03
-1.325391785940155387e-04 8.333333333333333218e-03
-2.591087104519829154e-05 8.333333333333333218e-03
-6.896434206282719970e-05 8.333333333333333218e-03
6.798563144911895506e-04 8.333333333333333218e-03
4.141105455346405506e-05 8.333333333333333218e-03
-1.059351939488806238e-03 8.333333333333333218e-03
3.249411065553431399e-06 8.333333333333333218e-03
4.254819577909074724e-04 8.333333333333333218e-03
2.595208934508264065e-05 8.333333333333333218e-03
2.221580944024026394e-04 8.333333333333333218e-03
2.680922748368175235e-04 8.333333333333333218e-03
-8.766535756876692176e-06 8.333333333333333218e-03
6.720717719872482121e-04 8.333333333333333218e-03
