-6.756760103598935530e-05 8.333333333333333218e-03
-2.328288410353707150e-04 8.333333333333333218e-03
3.275925846537575126e-04 8.333333333333333218e-03
-4.418337048264220357e-04 8.333333333333333218e-03
1.119674070650944486e-03 8.333333333333333218e-03
1.891780268579168478e-04 8.333333333333333218e-03
-6.525464559672400355e-04 8.333333333333333218e-03
4.745305046526482329e-03 8.333333333333333218e-03
3.009188068858748011e-04 8.333333333333333218e-03
2.456437762248242507e-04 8.333333333333333218e-03
-1.842641472649120260e-05 8.333333333333333218e-03
4.686767351813614368e-05 8.333333333333333218e-03
-6.502390897367149591e-05 8.333333333333333218e-03
-2.928969070126186125e-05 8.333333333333333218e-03
9.633217814553063363e-06 8.333333333333333218e-03
1.904257806017994881e-05 8.333333333333333218e-03
3.070979146286845207e-04 8.333333333333333218e-03
1.352973777102306485e-04 8.333333333333333218e-03
-1.274973728868644685e-04 8.333333333333333218e-03
-7.063917928462615237e-05 8.333333333333333218e-03
1.616883964743465185e-04 8.333333333333333218e-03
-4.710478824563324451e-04 8.333333333333333218e-03
-8.110988164844457060e-05 8.333333333333333218e-03
-2.504770945961354300e-04 8.333333333333333218e-03
6.649735041719395667e-06 8.333333333333333218e-03
-6.241738665266893804e-04 8.333333333333333218e-03
-5.898403469473123550e-05 8.333333333333333218e-03
1.696444669505581260e-04 8.333333333333333218e-03
2.108053013216704130e-05 8.333333333333333218e-03
1.899292385132866912e-03 8.333333333333333218e-03
-3.029737272299826145e-04 8.333333333333333218e-03
-1.370757090626284480e-04 8.333333333333333218e-03
2.564664318924769759e-04 8.333333333333333218e-03
1.648348347771388944e-04 8.333333333333333218e-03
-5.097870598547160625e-06 8.333333333333333218e-03
1.700413558864966035e-04 8.333333333333333218e-03
1.717844133963808417e-05 8.333333333333333218e-03
-3.866380088766163681e-04 8.333333333333333218e-03
1.053849700838327408e-07 8.333333333333333218e-03
-1.158336672233417630e-04 8.333333333333333218e-03
3.199525762909161131e-05 8.333333333333333218e-03
1.829203829402104020e-04 8.333333333333333218e-03
-1.774239244696218520e-04 8.333333333333333218e-03
7.625485741300508380e-04 8.333333333333333218e-03
-1.740567240631207824e-04 8.333333333333333218e-03
-1.577583207108546048e-04 8.333333333333333218e-03
-2.462570989337109495e-03 8.333333333333333218e-03
1.726315167616121471e-05 8.333333333333333218e-03
5.613830899449112621e-04 8.333333333333333218e-03
7.380624847428407520e-04 8.333333333333333218e-03
-5.003247642889618874e-04 8.333333333333333218e-03
2.449307849019533023e-04 8.333333333333333218e-03
-2.075998054351657629e-06 8.333333333333333218e-03
1.170787927549099550e-04 8.333333333333333218e-03
1.079871566616930068e-03 8.333333333333333218e-03
-1.657487882766872644e-05 8.333333333333333218e-03
-5.502905878529418260e-04 8.333333333333333218e-03
1.436249178368598223e-03 8.333333333333333218e-03
-8.344416710315272212e-05 8.333333333333333218e-03
-5.318362527759745717e-04 8.333333333333333218e-03
1.770874741851002909e-04 8.333333333333333218e-03
-2.846305105776991695e-04 8.333333333333333218e-03
3.705958170030498877e-05 8.333333333333333218e-03
2.116603718604892492e-05 8.333333333333333218e-03
-3.206430665159132332e-05 8.333333333333333218e-03
2.484498545527458191e-04 8.333333333333333218e-03
1.188967495181714185e-03 8.333333333333333218e-03
-2.584366302471607924e-05 8.333333333333333218e-03
-1.120338711189106107e-04 8.333333333333333218e-03
-3.211035643744253321e-04 8.333333333333333218e-03
-5.599000287475064397e-04 8.333333333333333218e-03
-1.071378021151758730e-03 8.333333333333333218e-03
-7.433178689097985625e-05 8.333333333333333218e-03
-9.098864029510878026e-05 8.333333333333333218e-03
-2.306177320861024782e-04 8.333333333333333218e-03
9.363609206047840416e-05 8.333333333333333218e-03
8.865869774012935522e-04 8.333333333333333218e-03
2.883566776290535927e-05 8.333333333333333218e-03
9.508187940809875727e-04 8.333333333333333218e-03
6.819361260568257421e-05 8.333333333333333218e-03
-3.664708292490104213e-04 8.333333333333333218e-03
8.524543954990804195e-05 8.333333333333333218e-03
-9.400889393873512745e-05 8.333333333333333218e-03
-7.786869718984235078e-05 8.333333333333333218e-03
-3.420163720875279978e-04 8.333333333333333218e-03
5.868396619916893542e-04 8.333333333333333218e-03
1.186937188322190195e-04 8.333333333333333218e-03
-5.184495239518582821e-05 8.333333333333333218e-03
-4.441513738129287958e-05 8.333333333333333218e-03
-1.655441883485764265e-05 8.333333333333333218e-03
-2.252966396554256789e-04 8.333333333333333218e-03
-6.171307495606015436e-05 8.333333333333333218e-03
1.918623529491014779e-04 8.333333333333333218e-03
3.063634849240770563e-04 8.333333333333333218e-03
-1.771967799868434668e-04 8.333333333333333218e-03
3.111025071120820940e-03 8.333333333333333218e-03
-2.005220217142777983e-04 8.333333333333333218e-03
-1.068835481419228017e-04 8.333333333333333218e-03
2.739257179200649261e-04 8.333333333333333218e-03
-1.876413298305124044e-04 8.333333333333333218e-03
2.223425126430811360e-04 8.333333333333333218e-03
7.538557838415727019e-06 8.333333333333333218e-03
-3.270454471930861473e-04 8.333333333333333218e-03
1.403954665875062346e-04 8.333333333333333218e-03
7.169779200921766460e-05 8.333333333333333218e-03
3.853594762404100038e-05 8.333333333333333218e-03
1.995468155655544251e-04 8.333333333333333218e-03
9.364798825117759407e-04 8.333333333333333218e-03
3.005219332408159971e-04 8.333333333333333218e-03
4.133669472139445134e-04 8.333333333333333218e-03
-8.483786223223432899e-05 8.333333333333333218e-03
3.859013668261468410e-05 8.333333333333333218e-03
-3.516481956467032433e-04 8.333333333333333218e-03
1.060148497344926000e-05 8.333333333333333218e-03
-6.841019421699456871e-05 8.333333333333333218e-03
1.574191173858707771e-06 8.333333333333333218e-03
2.815772895701229572e-04 8.333333333333333218e-03
-2.060779897874454036e-04 8.333333333333333218e-03
-2.786301774904131889e-04 8.333333333333333218e-03
-1.177323938463814557e-04 8.333333333333333218e-03
