-1.212832794408313930e-04 8.333333333333333218e-03
-1.416500163031741977e-05 8.333333333333333218e-03
-4.128471573494607583e-05 8.333333333333333218e-03
4.446911043487489223e-05 8.333333333333333218e-03
-5.607019156741444021e-04 8.333333333333333218e-03
2.349489973312302027e-04 8.333333333333333218e-03
-9.954378947441000491e-05 8.333333333333333218e-03
-5.476198857650160789e-04 8.333333333333333218e-03
-5.317459581419825554e-04 8.333333333333333218e-03
8.205179256037808955e-05 8.333333333333333218e-03
-1.740632078508497216e-04 8.333333333333333218e-03
1.029018193094088929e-02 8.333333333333333218e-03
4.139224693062715232e-04 8.333333333333333218e-03
2.275668803122243844e-04 8.333333333333333218e-03
-1.097583190130535513e-04 8.333333333333333218e-03
-2.058575671981088817e-03 8.333333333333333218e-03
-1.234767030837247148e-03 8.333333333333333218e-03
-2.271210250910371542e-04 8.333333333333333218e-03
6.026060145813971758e-05 8.333333333333333218e-03
-1.181275001727044582e-05 8.333333333333333218e-03
-1.361441900371573865e-05 8.333333333333333218e-03
3.797251702053472400e-05 8.333333333333333218e-03
-1.019804185489192605e-03 8.333333333333333218e-03
1.513472088845446706e-04 8.333333333333333218e-03
5.897646769881248474e-05 8.333333333333333218e-03
1.079324865713715553e-04 8.333333333333333218e-03
-1.065198712240089662e-04 8.333333333333333218e-03
-2.950936377601465210e-04 8.333333333333333218e-03
-3.371732891537249088e-04 8.333333333333333218e-03
-1.094409584766253829e-03 8.333333333333333218e-03
-2.343147461942862719e-04 8.333333333333333218e-03
-3.682165151985827833e-05 8.333333333333333218e-03
-8.511525811627507210e-05 8.333333333333333218e-03
-1.221150014316663146e-04 8.333333333333333218e-03
2.971343346871435642e-04 8.333333333333333218e-03
-2.532487997086718678e-06 8.333333333333333218e-03
4.609906441146449652e-04 8.333333333333333218e-03
-2.032474949373863637e-04 8.333333333333333218e-03
-3.515756689012050629e-04 8.333333333333333218e-03
3.374053558218292892e-04 8.333333333333333218e-03
-6.615108577534556389e-04 8.333333333333333218e-03
1.056626692843565252e-04 8.333333333333333218e-03
-4.541002126643434167e-04 8.333333333333333218e-03
-2.278854561836851644e-04 8.333333333333333218e-03
-1.480181599617935717e-04 8.333333333333333218e-03
4.302488123357761651e-04 8.333333333333333218e-03
-2.702977235458092764e-04 8.333333333333333218e-03
-1.643399882595986128e-04 8.333333333333333218e-03
-2.770431456156075001e-05 8.333333333333333218e-03
1.693173962848959491e-04 8.333333333333333218e-03
3.194789961526112165e-03 8.333333333333333218e-03
2.079873462207615376e-03 8.333333333333333218e-03
-3.994711732957512140e-06 8.333333333333333218e-03
1.240611072717001662e-04 8.333333333333333218e-03
2.842612739186733961e-04 8.333333333333333218e-03
-3.280618111602962017e-04 8.333333333333333218e-03
-1.716223778203129768e-05 8.333333333333333218e-03
-6.150621629785746336e-04 8.333333333333333218e-03
1.568601874168962240e-05 8.333333333333333218e-03
9.124079224420711398e-05 8.333333333333333218e-03
-4.440429620444774628e-05 8.333333333333333218e-03
1.103054014492954593e-04 8.333333333333333218e-03
-9.718681394588202238e-05 8.333333333333333218e-03
-1.077996921594603918e-04 8.333333333333333218e-03
1.842286670580506325e-03 8.333333333333333218e-03
-1.930231519509106874e-05 8.333333333333333218e-03
-5.773911384494567756e-04 8.333333333333333218e-03
-4.300167638575658202e-04 8.333333333333333218e-03
1.899283306556753814e-04 8.333333333333333218e-03
-2.789478821796365082e-04 8.333333333333333218e-03
-1.024405955831753090e-04 8.333333333333333218e-03
6.566052616108208895e-05 8.333333333333333218e-03
1.388933242196799256e-05 8.333333333333333218e-03
9.009185714603518136e-05 8.333333333333333218e-03
-4.468219922273419797e-04 8.333333333333333218e-03
-2.568312993389554322e-05 8.333333333333333218e-03
5.964051815681159496e-04 8.333333333333333218e-03
-1.122694229707121849e-04 8.333333333333333218e-03
-3.205285247531719506e-04 8.333333333333333218e-03
6.124626379460096359e-04 8.333333333333333218e-03
-4.537895347311859950e-04 8.333333333333333218e-03
8.118335972540080547e-05 8.333333333333333218e-03
-2.269118776894174516e-04 8.333333333333333218e-03
4.348818038124591112e-04 8.333333333333333218e-03
2.883535053115338087e-04 8.333333333333333218e-03
-2.796443432089290582e-04 8.333333333333333218e-03
-3.651250153779983521e-06 8.333333333333333218e-03
2.557539410190656781e-04 8.333333333333333218e-03
-2.413781621726229787e-04 8.333333333333333218e-03
-1.426229854587290902e-03 8.333333333333333218e-03
1.357951201498508453e-03 8.333333333333333218e-03
1.860675110947340727e-04 8.333333333333333218e-03
-1.799618512450251728e-04 8.333333333333333218e-03
-5.686399572368827648e-05 8.333333333333333218e-03
3.588273175409995019e-04 8.333333333333333218e-03
1.018082642076478805e-03 8.333333333333333218e-03
-5.037885857746005058e-04 8.333333333333333218e-03
-1.191049013868905604e-04 8.333333333333333218e-03
-1.628132449695840478e-04 8.333333333333333218e-03
8.263902122962463181e-05 8.333333333333333218e-03
-7.675142551306635141e-04 8.333333333333333218e-03
-3.468488030193839222e-04 8.333333333333333218e-03
-5.423743568826466799e-04 8.333333333333333218e-03
-1.037193214870058000e-04 8.333333333333333218e-03
-7.070696301525458694e-04 8.333333333333333218e-03
-4.996285042579984292e-05 8.333333333333333218e-03
-9.062222670763731003e-05 8.333333333333333218e-03
-3.216360146325314417e-04 8.333333333333333218e-03
1.869447587523609400e-04 8.333333333333333218e-03
6.292408215813338757e-06 8.333333333333333218e-03
1.366228098049759865e-04 8.333333333333333218e-03
2.501804522125894437e-05 8.333333333333333218e-03
-3.180405117745976895e-03 8.333333333333333218e-03
-3.599990313887246884e-04 8.333333333333333218e-03
1.749391230987384915e-04 8.333333333333333218e-03
-9.470611839788034558e-04 8.333333333333333218e-03
-1.276683378819143400e-04 8.333333333333333218e-03
1.547925930935889482e-04 8.333333333333333218e-03
-2.003857698582578450e-04 8.333333333333333218e-03
-1.710160427137452643e-05 8.333333333333333218e-03
