4.629882459994405508e-05 8.333333333333333218e-03
1.517186319688335061e-05 8.333333333333333218e-03
-1.147524279076606035e-03 8.333333333333333218e-03
-1.479560523875989020e-05 8.333333333333333218e-03
-1.728729694150388241e-05 8.333333333333333218e-03
3.359110269229859114e-05 8.333333333333333218e-03
-2.732811408350244164e-04 8.333333333333333218e-03
-4.330144147388637066e-04 8.333333333333333218e-03
4.862240893999114633e-05 8.333333333333333218e-03
1.616251756786368787e-04 8.333333333333333218e-03
2.781521743600023910e-06 8.333333333333333218e-03
-7.003509381320327520e-06 8.333333333333333218e-03
-3.123758506262674928e-04 8.333333333333333218e-03
1.825347426347434521e-04 8.333333333333333218e-03
-7.966812190716154873e-04 8.333333333333333218e-03
-3.343044081702828407e-04 8.333333333333333218e-03
-6.189538398757576942e-04 8.333333333333333218e-03
2.253147395094856620e-04 8.333333333333333218e-03
-2.233776149296318181e-04 8.333333333333333218e-03
1.944713003467768431e-04 8.333333333333333218e-03
3.455458208918571472e-04 8.333333333333333218e-03
7.086321893439162523e-04 8.333333333333333218e-03
1.085238254745490849e-04 8.333333333333333218e-03
-2.889000788854900748e-04 8.333333333333333218e-03
2.964498999062925577e-04 8.333333333333333218e-03
5.946836608927696943e-05 8.333333333333333218e-03
3.038398099306505173e-04 8.333333333333333218e-03
3.336740192025899887e-04 8.333333333333333218e-03
6.204652067367533164e-04 8.333333333333333218e-03
-8.713365559742669575e-06 8.333333333333333218e-03
-5.488771712407469749e-04 8.333333333333333218e-03
-4.409566463436931372e-05 8.333333333333333218e-03
4.604123482749855611e-04 8.333333333333333218e-03
-1.983591755561064929e-04 8.333333333333333218e-03
3.456665945122949779e-04 8.333333333333333218e-03
-4.122023819945752621e-04 8.333333333333333218e-03
5.479246356117073447e-04 8.333333333333333218e-03
-1.434836012776941061e-04 8.333333333333333218e-03
3.056813293369486928e-04 8.333333333333333218e-03
-2.374506893829675391e-04 8.333333333333333218e-03
6.105566694714070763e-05 8.333333333333333218e-03
7.083110904204659164e-05 8.333333333333333218e-03
4.373539729840558721e-05 8.333333333333333218e-03
7.658432787138735875e-05 8.333333333333333218e-03
8.378291386179625988e-05 8.333333333333333218e-03
2.761928953987080604e-06 8.333333333333333218e-03
1.004966907203197479e-05 8.333333333333333218e-03
2.328995014977408573e-04 8.333333333333333218e-03
-1.598830849616206251e-03 8.333333333333333218e-03
9.401814941156771965e-05 8.333333333333333218e-03
2.955335949081927538e-04 8.333333333333333218e-03
-3.157678584102541208e-04 8.333333333333333218e-03
-8.687393346917815506e-06 8.333333333333333218e-03
-2.160140429623425007e-04 8.333333333333333218e-03
-1.655422238400205970e-06 8.333333333333333218e-03
-1.328040916632744484e-03 8.333333333333333218e-03
2.000578383558604401e-04 8.333333333333333218e-03
9.514023986412212253e-07 8.333333333333333218e-03
-2.201716561103239655e-04 8.333333333333333218e-03
2.319321647519245744e-04 8.333333333333333218e-03
2.994333044625818729e-06 8.333333333333333218e-03
8.461242850898997858e-05 8.333333333333333218e-03
3.014204958162736148e-05 8.333333333333333218e-03
4.665043961722403765e-04 8.333333333333333218e-03
3.448567877057939768e-04 8.333333333333333218e-03
-2.478807437000796199e-05 8.333333333333333218e-03
-1.258672782569192350e-04 8.333333333333333218e-03
-1.389759418088942766e-04 8.333333333333333218e-03
-2.048358692263718694e-04 8.333333333333333218e-03
-4.723365418612957001e-05 8.333333333333333218e-03
1.749208604451268911e-04 8.333333333333333218e-03
1.079304347513243556e-04 8.333333333333333218e-03
-1.859794429037719965e-05 8.333333333333333218e-03
-6.350790208671241999e-04 8.333333333333333218e-03
2.905998962887679227e-05 8.333333333333333218e-03
2.381558188062626868e-04 8.333333333333333218e-03
7.456503124103619484e-05 8.333333333333333218e-03
1.196752418763935566e-04 8.333333333333333218e-03
-3.738383675226941705e-04 8.333333333333333218e-03
1.006693514682410751e-05 8.333333333333333218e-03
-5.794949538540095091e-05 8.333333333333333218e-03
1.784595660865306854e-04 8.333333333333333218e-03
3.983333590440452099e-05 8.333333333333333218e-03
-1.128129723838355858e-03 8.333333333333333218e-03
3.883670142386108637e-04 8.333333333333333218e-03
-3.324331919429823756e-05 8.333333333333333218e-03
9.202139335684478283e-05 8.333333333333333218e-03
5.830844456795603037e-04 8.333333333333333218e-03
-7.327010098379105330e-05 8.333333333333333218e-03
2.676838812476489693e-04 8.333333333333333218e-03
-5.048203229307546280e-05 8.333333333333333218e-03
3.423726084292866290e-04 8.333333333333333218e-03
9.279679943574592471e-04 8.333333333333333218e-03
-8.522152120349346660e-05 8.333333333333333218e-03
4.930974391754716635e-04 8.333333333333333218e-03
3.854826049973780755e-04 8.333333333333333218e-03
5.272933776723220944e-05 8.333333333333333218e-03
-5.141301244293572381e-05 8.333333333333333218e-03
-5.390022488427348435e-05 8.333333333333333218e-03
6.255722182686440647e-04 8.333333333333333218e-03
-1.047805490088649094e-04 8.333333333333333218e-03
-4.623688582796603441e-04 8.333333333333333218e-03
-1.566523314977530390e-05 8.333333333333333218e-03
-4.039513441966846585e-05 8.333333333333333218e-03
-8.959369733929634094e-05 8.333333333333333218e-03
1.723766035865992308e-05 8.333333333333333218e-03
-7.909108535386621952e-05 8.333333333333333218e-03
-9.813545329961925745e-05 8.333333333333333218e-03
1.763311338436324149e-04 8.333333333333333218e-03
1.372761325910687447e-04 8.333333333333333218e-03
-9.532034164294600487e-05 8.333333333333333218e-03
-4.311518059694208205e-04 8.333333333333333218e-03
-2.034381827797915321e-04 8.333333333333333218e-03
-6.387325083778705448e-05 8.333333333333333218e-03
2.355055767111480236e-04 8.333333333333333218e-03
-9.915233567880932242e-05 8.333333333333333218e-03
6.779008399462327361e-04 8.333333333333333218e-03
-8.701934893906582147e-05 8.333333333333333218e-03
-1.570468666614033282e-03 8.333333333333333218e-03
1.894781125884037465e-04 8.333333333333333218e-03
