1.992241000152716879e-04 5.000000000000000278e-02
-6.549256795551627874e-05 5.000000000000000278e-02
5.296685594657901675e-05 5.000000000000000278e-02
1.055628217727644369e-06 5.000000000000000278e-02
1.454981320421211421e-04 5.000000000000000278e-02
-3.126342780888080597e-04 5.000000000000000278e-02
-4.695356074080336839e-04 5.000000000000000278e-02
6.126805092208087444e-04 5.000000000000000278e-02
-1.704171299934387207e-04 5.000000000000000278e-02
1.386788426316343248e-04 5.000000000000000278e-02
-2.256319767184322700e-04 5.000000000000000278e-02
1.740498337312601507e-04 5.000000000000000278e-02
-3.133805876132100821e-06 5.000000000000000278e-02
-1.933830044436035678e-04 5.000000000000000278e-02
2.338520134799182415e-04 5.000000000000000278e-02
-7.529668800998479128e-05 5.000000000000000278e-02
-1.188338985230075195e-03 5.000000000000000278e-02
6.300462118815630674e-04 5.000000000000000278e-02
3.084736672462895513e-04 5.000000000000000278e-02
-1.054528402164578438e-04 5.000000000000000278e-02
