2.785906544886529446e-04 5.000000000000000278e-02
2.333893871764303185e-04 5.000000000000000278e-02
1.571474786032922566e-05 5.000000000000000278e-02
-4.117398202652111650e-05 5.000000000000000278e-02
1.278851996175944805e-04 5.000000000000000278e-02
-5.238612502580508590e-04 5.000000000000000278e-02
-2.420514501864090562e-04 5.000000000000000278e-02
3.497691795928403735e-04 5.000000000000000278e-02
1.036031275361892767e-03 5.000000000000000278e-02
3.427821284276433289e-04 5.000000000000000278e-02
-7.235519005917012691e-04 5.000000000000000278e-02
-5.671369658557523508e-04 5.000000000000000278e-02
7.033746078377589583e-05 5.000000000000000278e-02
9.952561194950249046e-04 5.000000000000000278e-02
-1.582837830937933177e-05 5.000000000000000278e-02
3.823165025096386671e-05 5.000000000000000278e-02
6.617768121941480786e-05 5.000000000000000278e-02
8.468022497254423797e-05 5.000000000000000278e-02
3.529946388880489394e-05 5.000000000000000278e-02
1.139384568887180649e-03 5.000000000000000278e-02
