-2.703047357499599457e-06 5.000000000000000278e-02
-1.341835013590753078e-04 5.000000000000000278e-02
-7.712802034802734852e-04 5.000000000000000278e-02
1.031143547152169049e-04 5.000000000000000278e-02
-1.293989771511405706e-05 5.000000000000000278e-02
-1.440158521290868521e-04 5.000000000000000278e-02
1.465256109440815635e-04 5.000000000000000278e-02
4.257474211044609547e-05 5.000000000000000278e-02
-2.554037200752645731e-04 5.000000000000000278e-02
9.598324413673253730e-05 5.000000000000000278e-02
1.743039974826388061e-04 5.000000000000000278e-02
6.014260870870202780e-04 5.000000000000000278e-02
3.879286180108465487e-05 5.000000000000000278e-02
9.336090442957356572e-06 5.000000000000000278e-02
3.688316246552858502e-05 5.000000000000000278e-02
3.666161937871947885e-04 5.000000000000000278e-02
2.894652766372018959e-05 5.000000000000000278e-02
-7.265010212904599030e-04 5.000000000000000278e-02
-1.355049877020064741e-03 5.000000000000000278e-02
2.939370460808277130e-05 5.000000000000000278e-02
