4.898779980067047291e-05 5.000000000000000278e-02
-3.684279072331264615e-04 5.000000000000000278e-02
4.391591282910667360e-04 5.000000000000000278e-02
-3.548072272678837180e-04 5.000000000000000278e-02
2.850262717402074486e-05 5.000000000000000278e-02
2.661775215528905392e-05 5.000000000000000278e-02
-3.989430842921137810e-05 5.000000000000000278e-02
4.335980120231397450e-04 5.000000000000000278e-02
1.161910913651809096e-04 5.000000000000000278e-02
-4.359902231954038143e-04 5.000000000000000278e-02
-3.572213245206512511e-04 5.000000000000000278e-02
-1.774859779288817663e-04 5.000000000000000278e-02
-7.493363227695226669e-07 5.000000000000000278e-02
-5.754405901825521141e-05 5.000000000000000278e-02
-7.462001540261553600e-04 5.000000000000000278e-02
-1.528805005364120007e-04 5.000000000000000278e-02
-1.218902252730913460e-04 5.000000000000000278e-02
3.988778917118906975e-05 5.000000000000000278e-02
6.301285520748933777e-05 5.000000000000000278e-02
-2.256346733702230267e-04 5.000000000000000278e-02
