-1.309800427407026291e-05 2.500000000000000139e-02
-3.952861152356490493e-04 2.500000000000000139e-02
-1.080642367014661431e-03 2.500000000000000139e-02
1.243974184035323560e-04 2.500000000000000139e-02
-8.398715363000519574e-05 2.500000000000000139e-02
-3.522381557559128851e-04 2.500000000000000139e-02
-1.009059749776497483e-03 2.500000000000000139e-02
-2.642031176947057247e-04 2.500000000000000139e-02
2.768081344584061299e-06 2.500000000000000139e-02
-1.530895533505827188e-04 2.500000000000000139e-02
-5.005233556403254624e-04 2.500000000000000139e-02
-7.022298391348158475e-04 2.500000000000000139e-02
-2.676152216736227274e-04 2.500000000000000139e-02
2.342170337215065956e-04 2.500000000000000139e-02
1.362358561891596764e-04 2.500000000000000139e-02
-8.848314450915495399e-06 2.500000000000000139e-02
1.293537206947803497e-04 2.500000000000000139e-02
3.579763870220631361e-04 2.500000000000000139e-02
-1.054214662872254848e-04 2.500000000000000139e-02
1.866437945864163339e-03 2.500000000000000139e-02
-1.142366665590088814e-03 2.500000000000000139e-02
1.190094626508653164e-04 2.500000000000000139e-02
-2.990389475598931313e-06 2.500000000000000139e-02
1.757364243530901149e-03 2.500000000000000139e-02
7.294584065675735474e-05 2.500000000000000139e-02
1.134488848038017750e-04 2.500000000000000139e-02
-1.351398599581443705e-03 2.500000000000000139e-02
2.120464341714978218e-05 2.500000000000000139e-02
4.640652041416615248e-04 2.500000000000000139e-02
-2.736561818892369047e-04 2.500000000000000139e-02
-2.341283689020201564e-03 2.500000000000000139e-02
-9.740382665768265724e-05 2.500000000000000139e-02
3.829381057585123926e-05 2.500000000000000139e-02
-7.153898477554321289e-04 2.500000000000000139e-02
1.288311686948873103e-03 2.500000000000000139e-02
-2.890932664740830660e-04 2.500000000000000139e-02
3.443556488491594791e-05 2.500000000000000139e-02
-4.915888130199164152e-04 2.500000000000000139e-02
9.597790558473207057e-04 2.500000000000000139e-02
3.051527564821299165e-04 2.500000000000000139e-02
