-4.307996277930215001e-05 8.333333333333333218e-03
-6.174706504680216312e-05 8.333333333333333218e-03
1.177835511043667793e-04 8.333333333333333218e-03
1.275588358566892566e-04 8.333333333333333218e-03
2.400941884843632579e-04 8.333333333333333218e-03
2.314015291631221771e-04 8.333333333333333218e-03
-1.430903270374983549e-03 8.333333333333333218e-03
-2.019365147134521976e-04 8.333333333333333218e-03
2.402367244940251112e-04 8.333333333333333218e-03
-7.820072642061859369e-05 8.333333333333333218e-03
-8.200528100132942200e-06 8.333333333333333218e-03
-9.726809366839006543e-07 8.333333333333333218e-03
5.856727602804312482e-05 8.333333333333333218e-03
3.868041676469147205e-05 8.333333333333333218e-03
-2.522948534533497877e-04 8.333333333333333218e-03
-1.684526105236727744e-04 8.333333333333333218e-03
-1.100800182030070573e-05 8.333333333333333218e-03
1.701777218841016293e-04 8.333333333333333218e-03
-1.605980451131472364e-04 8.333333333333333218e-03
3.439116699155420065e-04 8.333333333333333218e-03
-1.312643253186251968e-04 8.333333333333333218e-03
9.246067929780110717e-05 8.333333333333333218e-03
3.919590308214537799e-04 8.333333333333333218e-03
1.762947795214131474e-05 8.333333333333333218e-03
-7.364060475083533674e-04 8.333333333333333218e-03
-1.239402190549299121e-04 8.333333333333333218e-03
-7.315172988455742598e-04 8.333333333333333218e-03
5.353757296688854694e-05 8.333333333333333218e-03
-2.004486668738536537e-04 8.333333333333333218e-03
-1.407835679856361821e-05 8.333333333333333218e-03
-2.012201875913888216e-04 8.333333333333333218e-03
7.610213433508761227e-04 8.333333333333333218e-03
3.370763806742615998e-06 8.333333333333333218e-03
1.280090946238487959e-04 8.333333333333333218e-03
3.604679077398031950e-04 8.333333333333333218e-03
-3.338016674661048455e-04 8.333333333333333218e-03
-2.895267971325665712e-04 8.333333333333333218e-03
-5.352885636966675520e-07 8.333333333333333218e-03
1.023915007863251958e-03 8.333333333333333218e-03
-7.778540162348690501e-04 8.333333333333333218e-03
-3.089730603278439958e-05 8.333333333333333218e-03
-1.273506159122916870e-04 8.333333333333333218e-03
3.174760920501285000e-04 8.333333333333333218e-03
2.712028990572434850e-04 8.333333333333333218e-03
-4.859486944042146206e-05 8.333333333333333218e-03
1.054558597388677299e-04 8.333333333333333218e-03
4.941222869092598557e-04 8.333333333333333218e-03
-1.153469202108681202e-05 8.333333333333333218e-03
-3.730304379132576287e-04 8.333333333333333218e-03
-2.938650868600234389e-05 8.333333333333333218e-03
-1.928968049469403923e-05 8.333333333333333218e-03
-1.651920676522422582e-03 8.333333333333333218e-03
-2.953739021904766560e-05 8.333333333333333218e-03
-4.884130903519690037e-04 8.333333333333333218e-03
1.706159091554582119e-04 8.333333333333333218e-03
-2.832167374435812235e-04 8.333333333333333218e-03
-9.768469317350536585e-05 8.333333333333333218e-03
9.844203486863989383e-05 8.333333333333333218e-03
1.744001638144254684e-04 8.333333333333333218e-03
7.638253919139970094e-06 8.333333333333333218e-03
1.489682199462549761e-04 8.333333333333333218e-03
-5.919217073824256659e-05 8.333333333333333218e-03
2.075286520266672596e-04 8.333333333333333218e-03
4.075369388374383561e-04 8.333333333333333218e-03
-8.962480933405458927e-05 8.333333333333333218e-03
2.841275836544809863e-04 8.333333333333333218e-03
6.242282106541097164e-04 8.333333333333333218e-03
1.317285932600498199e-04 8.333333333333333218e-03
-8.514512501278659329e-06 8.333333333333333218e-03
-3.917307767551392317e-04 8.333333333333333218e-03
8.895311248124926351e-05 8.333333333333333218e-03
-2.251404584967531264e-04 8.333333333333333218e-03
-3.375111296008981299e-04 8.333333333333333218e-03
-5.522403225768357515e-04 8.333333333333333218e-03
-2.230051286460366100e-04 8.333333333333333218e-03
9.175104787573218346e-05 8.333333333333333218e-03
1.896283356472849846e-05 8.333333333333333218e-03
-4.798299778485670686e-04 8.333333333333333218e-03
1.504490319348406047e-05 8.333333333333333218e-03
-1.179173523269128054e-07 8.333333333333333218e-03
1.588308987265918404e-03 8.333333333333333218e-03
-4.207744586892658845e-05 8.333333333333333218e-03
3.929642989533022046e-04 8.333333333333333218e-03
3.914467633876483887e-04 8.333333333333333218e-03
1.725811744108796120e-04 8.333333333333333218e-03
5.587870865042532387e-05 8.333333333333333218e-03
3.247215158808103297e-05 8.333333333333333218e-03
1.159471564733394189e-04 8.333333333333333218e-03
-1.987500236282357946e-04 8.333333333333333218e-03
2.706065060920082033e-05 8.333333333333333218e-03
3.635397297330200672e-04 8.333333333333333218e-03
3.197886690031737089e-05 8.333333333333333218e-03
-1.684136805124580860e-05 8.333333333333333218e-03
-2.037626472883857787e-05 8.333333333333333218e-03
-3.913691762136295438e-05 8.333333333333333218e-03
1.683602858975064009e-04 8.333333333333333218e-03
-3.795352240558713675e-04 8.333333333333333218e-03
-6.869715798529796302e-05 8.333333333333333218e-03
-7.636070949956774712e-05 8.333333333333333218e-03
1.265959726879373193e-04 8.333333333333333218e-03
-3.827128239208832383e-06 8.333333333333333218e-03
3.697495121741667390e-04 8.333333333333333218e-03
-8.649156443425454199e-04 8.333333333333333218e-03
6.242232630029320717e-04 8.333333333333333218e-03
-3.845310645829158602e-04 8.333333333333333218e-03
2.462454649503342807e-04 8.333333333333333218e-03
1.638834364712238312e-03 8.333333333333333218e-03
7.160638051573187113e-05 8.333333333333333218e-03
4.270489953341893852e-04 8.333333333333333218e-03
4.186802034382708371e-04 8.333333333333333218e-03
4.437502272480742249e-05 8.333333333333333218e-03
4.905420064460486174e-05 8.333333333333333218e-03
1.770681228663306683e-05 8.333333333333333218e-03
-1.218499673996120691e-04 8.333333333333333218e-03
8.055686521402094513e-06 8.333333333333333218e-03
2.124748152709798887e-05 8.333333333333333218e-03
8.100420418486464769e-04 8.333333333333333218e-03
1.309931067225988954e-04 8.333333333333333218e-03
1.170870455098338425e-04 8.333333333333333218e-03
1.250026130037440453e-04 8.333333333333333218e-03
