-2.008718174693058245e-04 8.333333333333333218e-03
2.465965226292610168e-04 8.333333333333333218e-03
-2.212244726251810789e-05 8.333333333333333218e-03
-8.220140080084092915e-05 8.333333333333333218e-03
-7.764144902466796339e-04 8.333333333333333218e-03
-3.824679756689874921e-04 8.333333333333333218e-03
2.353208037675358355e-05 8.333333333333333218e-03
1.271862711291760206e-04 8.333333333333333218e-03
4.701203433796763420e-04 8.333333333333333218e-03
4.975112597094266675e-05 8.333333333333333218e-03
9.416106422577286139e-05 8.333333333333333218e-03
2.392896312812808901e-04 8.333333333333333218e-03
2.054965552815701813e-04 8.333333333333333218e-03
-1.131656536017544568e-04 8.333333333333333218e-03
3.927303550881333649e-04 8.333333333333333218e-03
2.211961036664433777e-04 8.333333333333333218e-03
1.589323219377547503e-04 8.333333333333333218e-03
8.584725401306059211e-05 8.333333333333333218e-03
-4.196454028715379536e-06 8.333333333333333218e-03
5.697234298622788629e-04 8.333333333333333218e-03
-4.175142858002800494e-04 8.333333333333333218e-03
1.157467631855979562e-04 8.333333333333333218e-03
-1.170928953797556460e-05 8.333333333333333218e-03
6.335924263112246990e-05 8.333333333333333218e-03
2.012244167417520657e-04 8.333333333333333218e-03
5.410623271018266678e-04 8.333333333333333218e-03
5.781344952993094921e-05 8.333333333333333218e-03
2.229629444627789780e-05 8.333333333333333218e-03
-1.828251395636470988e-03 8.333333333333333218e-03
9.741717622091528028e-05 8.333333333333333218e-03
2.215421300206799060e-04 8.333333333333333218e-03
3.855432814248160867e-04 8.333333333333333218e-03
-4.606864276865962893e-04 8.333333333333333218e-03
5.132434307597577572e-05 8.333333333333333218e-03
-3.408324773772619665e-04 8.333333333333333218e-03
3.675697371363639832e-05 8.333333333333333218e-03
1.010606574709527194e-04 8.333333333333333218e-03
5.581255391007289290e-05 8.333333333333333218e-03
5.053692912042606622e-04 8.333333333333333218e-03
-4.145935236010700464e-04 8.333333333333333218e-03
-8.189662765971661429e-04 8.333333333333333218e-03
-6.456039700424298644e-04 8.333333333333333218e-03
2.013201570662204176e-03 8.333333333333333218e-03
-5.692801860277540982e-04 8.333333333333333218e-03
-4.590758180711418390e-06 8.333333333333333218e-03
-9.935142588801681995e-05 8.333333333333333218e-03
7.444410584867000580e-05 8.333333333333333218e-03
5.200903461854977650e-05 8.333333333333333218e-03
-3.302869299659505486e-05 8.333333333333333218e-03
-7.495042882510460913e-05 8.333333333333333218e-03
-1.704339592834003270e-04 8.333333333333333218e-03
-1.489396672695875168e-04 8.333333333333333218e-03
2.010154348681680858e-04 8.333333333333333218e-03
-3.845095488941296935e-05 8.333333333333333218e-03
-1.443384098820388317e-05 8.333333333333333218e-03
1.094127539545297623e-03 8.333333333333333218e-03
-5.150074539415072650e-04 8.333333333333333218e-03
-5.810785660287365317e-05 8.333333333333333218e-03
5.082062853034585714e-05 8.333333333333333218e-03
4.954517207806929946e-04 8.333333333333333218e-03
5.654602573486045003e-04 8.333333333333333218e-03
5.451075121527537704e-04 8.333333333333333218e-03
-5.169140003999928012e-04 8.333333333333333218e-03
-6.246785414987243712e-05 8.333333333333333218e-03
-3.743695560842752457e-05 8.333333333333333218e-03
5.348335253074765205e-05 8.333333333333333218e-03
-1.162699481938034296e-04 8.333333333333333218e-03
3.237607306800782681e-04 8.333333333333333218e-03
1.922752926475368440e-05 8.333333333333333218e-03
-6.763480405425070785e-05 8.333333333333333218e-03
-1.022704091155901551e-04 8.333333333333333218e-03
-4.784724787896266207e-04 8.333333333333333218e-03
2.615217090351507068e-05 8.333333333333333218e-03
1.850107946665957570e-04 8.333333333333333218e-03
8.077057209447957575e-04 8.333333333333333218e-03
-6.914830319146858528e-04 8.333333333333333218e-03
2.117107869707979262e-04 8.333333333333333218e-03
1.324389472756593022e-05 8.333333333333333218e-03
1.165027468914558995e-04 8.333333333333333218e-03
7.972496496222447604e-05 8.333333333333333218e-03
2.175429108319804072e-04 8.333333333333333218e-03
-7.466716633643954992e-04 8.333333333333333218e-03
-6.643277720286278054e-05 8.333333333333333218e-03
-1.573853442096151412e-04 8.333333333333333218e-03
-1.795608259271830320e-04 8.333333333333333218e-03
-7.171451197791611776e-04 8.333333333333333218e-03
1.026049740175949410e-04 8.333333333333333218e-03
3.775900349864969030e-04 8.333333333333333218e-03
2.081222555716522038e-04 8.333333333333333218e-03
-2.585382899269461632e-04 8.333333333333333218e-03
3.405924198887078092e-04 8.333333333333333218e-03
6.435975737986154854e-04 8.333333333333333218e-03
-3.238155040889978409e-04 8.333333333333333218e-03
-6.679722864646464586e-04 8.333333333333333218e-03
7.307208979909773916e-04 8.333333333333333218e-03
2.707474004637333564e-04 8.333333333333333218e-03
1.232897229783702642e-04 8.333333333333333218e-03
1.960405984391400125e-05 8.333333333333333218e-03
-2.890685018428484909e-04 8.333333333333333218e-03
-1.259901473531499505e-04 8.333333333333333218e-03
-1.021599018713459373e-07 8.333333333333333218e-03
-1.148545379692222923e-06 8.333333333333333218e-03
-2.497227987987571396e-04 8.333333333333333218e-03
4.971523594576865435e-06 8.333333333333333218e-03
1.334962507826276124e-04 8.333333333333333218e-03
8.724184942110468910e-04 8.333333333333333218e-03
2.663115737959742546e-04 8.333333333333333218e-03
2.424053341201215517e-04 8.333333333333333218e-03
6.385721098922658712e-05 8.333333333333333218e-03
2.166631747968494892e-04 8.333333333333333218e-03
1.878917828435078263e-06 8.333333333333333218e-03
1.590441424923483282e-04 8.333333333333333218e-03
1.480275095673277974e-04 8.333333333333333218e-03
5.152077937964349985e-05 8.333333333333333218e-03
-3.400012064957991242e-04 8.333333333333333218e-03
-1.321099916822277009e-04 8.333333333333333218e-03
-8.168841159204021096e-04 8.333333333333333218e-03
6.046796916052699089e-04 8.333333333333333218e-03
5.610030493699014187e-04 8.333333333333333218e-03
4.658524558180943131e-04 8.333333333333333218e-03
