-6.921790190972387791e-04 5.000000000000000278e-02
-2.027451469075458590e-04 5.000000000000000278e-02
5.401617227107635699e-05 5.000000000000000278e-02
-3.075908171012997627e-05 5.000000000000000278e-02
-7.638664301339304075e-04 5.000000000000000278e-02
3.053907239518593997e-04 5.000000000000000278e-02
-5.249683226793422364e-06 5.000000000000000278e-02
1.655367686907993630e-04 5.000000000000000278e-02
-5.221444516791962087e-04 5.000000000000000278e-02
-4.001613342552445829e-05 5.000000000000000278e-02
2.707192435082106385e-03 5.000000000000000278e-02
2.027068985626101494e-04 5.000000000000000278e-02
-2.416520146653056145e-04 5.000000000000000278e-02
2.676492767932359129e-04 5.000000000000000278e-02
-1.514190989837516099e-05 5.000000000000000278e-02
-5.971106293145567179e-05 5.000000000000000278e-02
6.788480786781292409e-04 5.000000000000000278e-02
-4.081703809788450599e-05 5.000000000000000278e-02
7.985648335306905210e-05 5.000000000000000278e-02
1.915251923492178321e-04 5.000000000000000278e-02
