4.546505442704074085e-05 5.000000000000000278e-02
-3.283741825725883245e-04 5.000000000000000278e-02
-4.427329986356198788e-05 5.000000000000000278e-02
-8.487913873977959156e-07 5.000000000000000278e-02
1.669420089456252754e-04 5.000000000000000278e-02
-1.337929643341340125e-05 5.000000000000000278e-02
7.300992729142308235e-05 5.000000000000000278e-02
3.244408362661488354e-04 5.000000000000000278e-02
-2.578082669060677290e-03 5.000000000000000278e-02
4.767381051351549104e-05 5.000000000000000278e-02
-3.237495548091828823e-06 5.000000000000000278e-02
-1.448203402105718851e-04 5.000000000000000278e-02
1.809676177799701691e-04 5.000000000000000278e-02
9.999166650231927633e-05 5.000000000000000278e-02
-8.193043759092688560e-04 5.000000000000000278e-02
-3.683560717036016285e-04 5.000000000000000278e-02
-4.312900055083446205e-04 5.000000000000000278e-02
-4.074648275036452105e-04 5.000000000000000278e-02
1.277127530556754209e-04 5.000000000000000278e-02
5.967594552203081548e-04 5.000000000000000278e-02
