0.000000 0.676250
0.010405 0.601222
0.018637 0.953866
0.022703 0.827087
0.022838 0.924100
0.024481 0.845328
0.034296 0.699464
0.041114 0.942319
0.054472 0.814025
0.066063 0.476922
0.066340 0.691262
0.069612 0.699344
0.072141 1.000000
0.076484 0.626642
0.085429 0.696210
0.089084 0.779722
0.089271 0.866540
0.092224 0.546862
0.096139 0.799312
0.102634 0.931950
0.117011 0.952967
0.119450 0.887558
0.122302 0.889526
0.135002 0.798006
0.135461 0.616303
0.136001 0.575144
0.136298 0.964313
0.143899 0.548196
0.153598 0.849894
0.156353 0.461305
0.159786 0.627216
0.161031 0.976405
0.161941 0.509461
0.163653 0.841105
0.173937 0.605820
0.176995 0.792671
0.193176 0.671149
0.201943 0.764943
0.205329 0.684448
0.208827 0.710415
0.218627 0.501776
0.227684 0.582556
0.230505 0.763731
0.234354 0.512373
0.247095 0.749848
0.249892 0.868919
0.251968 0.947001
0.258060 0.592740
0.264088 0.810451
0.277513 0.525946
0.277833 0.474919
0.278388 0.543893
0.279232 0.835114
0.280888 0.623872
0.293304 0.666705
0.303004 0.931824
0.303853 0.846567
0.317200 0.752741
0.317910 0.414849
0.325586 0.687229
0.336771 0.637882
0.340453 0.534195
0.343081 0.758104
0.346714 0.647837
0.348304 0.550650
0.351485 0.372214
0.353142 0.604422
0.357446 0.606562
0.360238 0.548004
0.362572 0.471675
0.363855 0.857726
0.370383 0.920408
0.372552 0.765628
0.379942 0.613382
0.380403 0.701873
0.386608 0.863730
0.394695 0.676724
0.401854 0.809787
0.409349 0.557388
0.411884 0.554578
0.417704 0.615322
0.428435 0.475350
0.430948 0.756275
0.436292 0.859681
0.437941 0.828424
0.445108 0.772225
0.451450 0.806006
0.453170 0.560627
0.455622 0.413453
0.458994 0.498849
0.474838 0.284983
0.479748 0.591920
0.481370 0.850461
0.485116 0.626327
0.491314 0.773718
0.492386 0.655563
0.496958 0.275019
0.497627 0.509196
0.502524 0.290725
0.503624 0.694213
0.506860 0.360296
0.512934 0.495495
0.514198 0.365191
0.521121 0.464655
0.536262 0.330331
0.539839 0.811415
0.541899 0.723728
0.543587 0.374436
0.546394 0.775525
0.556637 0.446356
0.558405 0.330872
0.565444 0.409378
0.566089 0.559824
0.568504 0.422241
0.569212 0.332086
0.576296 0.452196
0.579357 0.252102
0.593914 0.622553
0.595028 0.624996
0.600054 0.519618
0.603177 0.425202
0.603340 0.555587
0.604654 0.630729
0.605071 0.376642
0.610905 0.531118
0.614209 0.612263
0.617527 0.618313
0.633281 0.406364
0.643813 0.477799
0.648400 0.320128
0.649625 0.608615
0.649876 0.630636
0.651609 0.645838
0.654991 0.589929
0.665772 0.399628
0.666455 0.189411
0.666683 0.276906
0.669230 0.514165
0.674102 0.649696
0.689540 0.765083
0.708406 0.206376
0.719818 0.497609
0.725383 0.716688
0.728965 0.366222
0.735231 0.507495
0.735585 0.217999
0.741322 0.624906
0.749738 0.605441
0.750413 0.576455
0.754524 0.121116
0.766136 0.569813
0.771823 0.342607
0.772227 0.737125
0.775193 0.244213
0.776465 0.655725
0.782472 0.573777
0.797210 0.501965
0.812198 0.348835
0.812358 0.236778
0.812595 0.553812
0.816918 0.604750
0.817610 0.689424
0.818297 0.724274
0.829447 0.561098
0.829579 0.044736
0.833058 0.605283
0.836801 0.279258
0.845665 0.112472
0.853258 0.140337
0.863918 0.493271
0.865424 0.649430
0.871066 0.117787
0.873855 0.528466
0.882378 0.703443
0.883989 0.497955
0.888867 0.074752
0.897168 0.419045
0.898056 0.000000
0.907155 0.161888
0.910092 0.124298
0.926961 0.307704
0.928989 0.540611
0.938633 0.060417
0.939437 0.294547
0.939473 0.618624
0.945945 0.123558
0.951096 0.104420
0.959467 0.139521
0.961253 0.422843
0.983706 0.062843
0.985435 0.016795
0.988122 0.263967
0.990783 0.150946
0.992735 0.481795
0.996241 0.258529
1.000000 0.060266
