0.000000 0.474363
0.002929 0.369102
0.002954 0.468356
0.003447 0.809074
0.005478 0.755007
0.009225 0.788055
0.010514 0.956508
0.012673 0.866913
0.015138 0.961025
0.017641 0.922226
0.020715 0.757004
0.020736 0.322153
0.021957 0.497360
0.022200 0.512338
0.023016 0.355599
0.025896 0.687140
0.029206 0.505788
0.031722 0.353486
0.035165 0.507966
0.038124 0.412955
0.039531 0.700314
0.041542 0.769862
0.042983 0.831917
0.043048 0.312047
0.044050 0.936271
0.047262 0.820849
0.048579 0.632915
0.051858 0.304151
0.052157 0.363193
0.056935 0.616815
0.058108 0.465681
0.060640 0.783092
0.061701 0.889457
0.061983 0.942085
0.062329 0.739545
0.062598 0.971776
0.063937 0.605902
0.064456 0.770563
0.065137 0.732478
0.065585 0.293730
0.068693 0.396799
0.071399 0.999747
0.073617 0.711918
0.075575 0.718783
0.076764 0.452024
0.080603 0.963183
0.091662 0.599868
0.092314 0.995828
0.096085 0.539902
0.101747 0.774045
0.103537 0.413430
0.105744 0.928475
0.106819 0.977737
0.107478 0.393885
0.107657 0.337346
0.111118 0.779674
0.113837 0.895796
0.114803 0.358626
0.118749 0.369590
0.120246 0.882024
0.122046 0.368792
0.122394 0.890990
0.122899 0.390174
0.125467 0.298686
0.125491 0.611319
0.126737 0.284360
0.128043 0.585886
0.130837 0.496569
0.131234 0.704115
0.131900 0.641770
0.134001 0.799500
0.135142 0.428788
0.144049 0.433562
0.144279 0.343004
0.144351 0.517691
0.144922 0.344762
0.147800 0.566539
0.148923 0.915687
0.151312 0.867336
0.151846 0.523131
0.153768 0.722089
0.154192 0.940713
0.163213 0.438639
0.169516 0.716165
0.174446 0.256451
0.175243 0.636129
0.176692 0.589358
0.182871 0.275907
0.183070 0.842824
0.183320 0.613183
0.183439 0.480635
0.184274 0.566086
0.185157 0.997341
0.191621 0.483347
0.192719 0.826419
0.194691 0.475752
0.194969 0.554781
0.195082 0.862645
0.201721 0.612463
0.204669 0.299667
0.213561 0.492846
0.215388 0.379176
0.218351 0.531349
0.219943 0.860634
0.220069 0.799662
0.225307 0.600850
0.227361 0.993752
0.228204 0.483125
0.228374 0.679775
0.232938 0.938325
0.236894 0.463441
0.238847 0.451980
0.241193 0.689336
0.245160 0.931894
0.245509 0.769738
0.245532 0.992235
0.249989 0.393222
0.252183 0.416462
0.258468 0.763655
0.261686 0.878205
0.264017 0.937321
0.264167 0.546297
0.268180 0.507576
0.270696 0.282130
0.271182 0.694623
0.272326 0.721697
0.278737 0.525791
0.279200 0.331894
0.279733 0.824363
0.280220 0.344553
0.281808 0.577158
0.289990 0.517370
0.290466 0.707828
0.291650 0.912154
0.295576 0.861134
0.298359 0.267419
0.300015 0.360972
0.303037 0.385058
0.303432 0.316971
0.303494 0.852768
0.304295 0.291650
0.308670 0.857850
0.309453 0.933779
0.309720 0.544483
0.310619 0.863156
0.313583 0.560402
0.314636 0.531272
0.319062 0.466256
0.319620 1.000000
0.319669 0.753853
0.319690 0.402760
0.320685 0.901438
0.321479 0.633200
0.322573 0.496001
0.324105 0.997989
0.325754 0.247150
0.326944 0.877359
0.328420 0.847304
0.329138 0.460328
0.329539 0.885167
0.329576 0.876897
0.337528 0.454283
0.338174 0.929696
0.338389 0.883060
0.342902 0.997075
0.346448 0.819153
0.346665 0.678882
0.348922 0.649396
0.348970 0.369932
0.351775 0.927031
0.353096 0.376173
0.357567 0.951605
0.358211 0.333468
0.360923 0.703250
0.361468 0.856129
0.362542 0.814205
0.366916 0.638661
0.367340 0.372316
0.367789 0.600036
0.370061 0.406960
0.374684 0.495999
0.376744 0.622408
0.380153 0.905955
0.385301 0.706257
0.387251 0.513313
0.388815 0.953270
0.389726 0.506075
0.390166 0.717078
0.395931 0.933225
0.396898 0.250382
0.400922 0.294657
0.402599 0.354592
0.406466 0.777624
0.409866 0.407294
0.410132 0.390028
0.417849 0.322978
0.417986 0.254752
0.423582 0.898929
0.426095 0.254318
0.430028 0.346513
0.439316 0.991004
0.439665 0.293950
0.444206 0.582398
0.450036 0.269544
0.450323 0.803644
0.451504 0.782500
0.451942 0.881668
0.454986 0.327413
0.456076 0.630784
0.457256 0.360077
0.461649 0.255549
0.461789 0.714046
0.463833 0.838854
0.463847 0.911873
0.466614 0.906950
0.468921 0.983524
0.469693 0.692980
0.470042 0.798928
0.473386 0.342705
0.473575 0.641569
0.477176 0.211154
0.478759 0.443387
0.480956 0.503860
0.481667 0.989127
0.482773 0.472136
0.483298 0.766406
0.483357 0.283078
0.485414 0.478741
0.490550 0.622689
0.492912 0.936476
0.493116 0.247524
0.494031 0.250562
0.495770 0.924961
0.496160 0.511605
0.496272 0.330972
0.496833 0.916969
0.501323 0.225383
0.503782 0.202540
0.503992 0.960192
0.504883 0.621506
0.505321 0.510458
0.506960 0.597398
0.508295 0.652741
0.509202 0.336449
0.509352 0.469860
0.515948 0.347216
0.523105 0.344701
0.527386 0.855655
0.529809 0.639577
0.531732 0.303715
0.532638 0.644751
0.535207 0.293679
0.535838 0.722239
0.536854 0.196089
0.536949 0.965340
0.537239 0.720007
0.540760 0.848999
0.550869 0.738825
0.552773 0.810517
0.553730 0.171770
0.554489 0.229756
0.554663 0.766657
0.555505 0.365001
0.556594 0.193194
0.560858 0.960014
0.565545 0.646654
0.572402 0.570923
0.574711 0.360225
0.574816 0.512893
0.576725 0.518558
0.577764 0.883831
0.585130 0.982852
0.587880 0.623916
0.589174 0.344384
0.589240 0.394073
0.591176 0.850436
0.592481 0.962266
0.592575 0.229119
0.593858 0.987192
0.595648 0.206934
0.597411 0.559550
0.598495 0.377642
0.599408 0.511545
0.608718 0.868075
0.608958 0.320572
0.609984 0.668150
0.610691 0.182963
0.613376 0.299060
0.614800 0.486246
0.617008 0.366713
0.617266 0.198221
0.618817 0.429821
0.620847 0.143882
0.624128 0.806285
0.625531 0.626280
0.626922 0.256634
0.629608 0.474449
0.629983 0.571460
0.630698 0.832208
0.632854 0.129708
0.632905 0.529020
0.633607 0.814407
0.635710 0.843926
0.637959 0.417930
0.640174 0.591299
0.641553 0.652211
0.643909 0.941215
0.644059 0.714085
0.652194 0.543493
0.653086 0.905572
0.654355 0.589691
0.654806 0.391480
0.655257 0.823900
0.655333 0.784241
0.655993 0.887757
0.656293 0.641684
0.656316 0.664928
0.656347 0.911862
0.657228 0.666762
0.657509 0.563572
0.660080 0.393733
0.662684 0.902437
0.662834 0.482865
0.663421 0.556170
0.665032 0.552738
0.676218 0.136834
0.679424 0.952295
0.681165 0.946972
0.681617 0.161889
0.683044 0.158992
0.683469 0.205763
0.686031 0.967264
0.689819 0.230527
0.694547 0.776222
0.695067 0.513725
0.695600 0.184137
0.695711 0.885597
0.697686 0.483790
0.702214 0.883713
0.702394 0.378668
0.703886 0.696134
0.704874 0.969761
0.708586 0.715626
0.708629 0.728537
0.709703 0.829136
0.713189 0.439839
0.713336 0.753688
0.717312 0.924830
0.719726 0.564074
0.720014 0.745436
0.725947 0.751053
0.727049 0.663615
0.728260 0.553120
0.732277 0.217901
0.733999 0.534837
0.741529 0.654701
0.742797 0.890641
0.748882 0.703415
0.750927 0.307256
0.753994 0.345989
0.759595 0.878494
0.759620 0.737056
0.759911 0.325621
0.763690 0.421128
0.767478 0.478059
0.768867 0.174856
0.769671 0.954740
0.775118 0.875464
0.778637 0.363712
0.780884 0.214574
0.787394 0.646879
0.798308 0.373301
0.799552 0.582856
0.800376 0.644170
0.800766 0.882625
0.801865 0.415628
0.802806 0.700720
0.808608 0.487137
0.809274 0.158016
0.812720 0.565544
0.813259 0.723632
0.819272 0.865711
0.820112 0.580377
0.820766 0.705267
0.823341 0.727432
0.823637 0.530444
0.825334 0.553444
0.825374 0.609505
0.825944 0.756455
0.826019 0.631709
0.827626 0.267868
0.829726 0.118428
0.830728 0.651996
0.830886 0.349007
0.837048 0.854681
0.844004 0.935722
0.848652 0.619946
0.849981 0.707242
0.852174 0.549670
0.857987 0.881151
0.858048 0.586569
0.859319 0.648013
0.859584 0.288049
0.863515 0.143684
0.863919 0.068179
0.864351 0.033330
0.864568 0.796357
0.868022 0.666051
0.869144 0.751989
0.873020 0.525462
0.873353 0.599316
0.877960 0.822216
0.878529 0.089541
0.880530 0.204669
0.882330 0.363274
0.882569 0.484484
0.885612 0.170662
0.886491 0.371490
0.887321 0.079264
0.894989 0.361387
0.897549 0.437974
0.906743 0.102920
0.908182 0.184146
0.910036 0.709058
0.910227 0.697544
0.910705 0.312828
0.910856 0.486086
0.911107 0.942861
0.924652 0.609935
0.926238 0.175365
0.927443 0.249975
0.928260 0.583408
0.933900 0.778370
0.937627 0.675604
0.939595 0.581171
0.939695 0.229833
0.941914 0.858363
0.943006 0.164909
0.944173 0.724227
0.944757 0.351762
0.949329 0.053025
0.950881 0.004832
0.954481 0.895954
0.956825 0.096133
0.960580 0.428738
0.962081 0.368100
0.964855 0.725989
0.966908 0.727652
0.968884 0.021869
0.971078 0.758038
0.973781 0.000000
0.977357 0.105353
0.977375 0.486736
0.978104 0.360171
0.978500 0.949887
0.979503 0.479613
0.980880 0.598529
0.981810 0.568044
0.984179 0.808286
0.985133 0.338249
0.987428 0.624184
0.987573 0.040573
0.988756 0.199021
0.991181 0.025643
0.993621 0.700576
0.995357 0.227093
0.995890 0.466515
0.999016 0.638021
0.999246 0.801840
0.999786 0.405081
1.000000 0.088761
