0.000000 0.551343
0.009040 0.851160
0.017273 0.952017
0.037818 0.871988
0.044817 0.794582
0.051931 0.752394
0.053288 0.547045
0.059324 0.678457
0.061169 0.994716
0.063764 0.658388
0.065103 0.563083
0.067038 1.000000
0.074458 0.795272
0.076021 0.650169
0.078567 0.683157
0.083695 0.964581
0.087390 0.668286
0.093462 0.862825
0.101885 0.558236
0.104388 0.799435
0.109194 0.965070
0.113030 0.722776
0.115796 0.680560
0.121219 0.961598
0.121964 0.694482
0.122665 0.661413
0.134873 0.681673
0.140586 0.749554
0.141724 0.699934
0.146198 0.896952
0.147627 0.559991
0.148804 0.584207
0.159526 0.672780
0.172463 0.648454
0.184913 0.696774
0.190034 0.534844
0.194751 0.814108
0.202982 0.956063
0.210361 0.628050
0.222112 0.596421
0.236149 0.940346
0.238756 0.779459
0.241265 0.545257
0.254695 0.648315
0.262355 0.686354
0.272715 0.700982
0.274443 0.463720
0.275333 0.727388
0.284258 0.603643
0.290969 0.864364
0.302355 0.634129
0.306424 0.491569
0.311038 0.902594
0.314906 0.782388
0.325648 0.763879
0.329773 0.756440
0.334021 0.574505
0.338178 0.455267
0.351545 0.731021
0.353521 0.749912
0.377962 0.438153
0.378298 0.537258
0.380197 0.699719
0.382019 0.933679
0.386865 0.619128
0.387788 0.806521
0.390255 0.725199
0.390742 0.686837
0.390752 0.475505
0.392540 0.753776
0.399999 0.475954
0.400876 0.519038
0.402802 0.530533
0.412541 0.770156
0.417186 0.915865
0.421015 0.598270
0.425384 0.477344
0.432577 0.523000
0.440619 0.553515
0.446969 0.779434
0.453973 0.562022
0.454323 0.751649
0.456442 0.761508
0.460153 0.612427
0.467274 0.470481
0.468369 0.464909
0.468387 0.958393
0.480333 0.543473
0.490383 0.799948
0.492658 0.936128
0.497736 0.927999
0.501464 0.666481
0.508426 0.596405
0.519072 0.750140
0.520477 0.667276
0.526424 0.700744
0.526555 0.684214
0.527519 0.904119
0.530375 0.856217
0.545934 0.942590
0.549408 0.644343
0.551321 0.915888
0.554752 0.960439
0.558777 0.972533
0.565818 0.799658
0.567792 0.877517
0.570338 0.559920
0.572005 0.647758
0.572408 0.853527
0.579498 0.677537
0.585994 0.797634
0.601153 0.692134
0.608333 0.824788
0.610432 0.525962
0.612823 0.492734
0.613677 0.910341
0.624445 0.881673
0.637129 0.759618
0.638717 0.864732
0.641261 0.506074
0.641774 0.908975
0.651545 0.769533
0.655239 0.673394
0.659859 0.515638
0.661316 0.543705
0.667250 0.758899
0.674063 0.471402
0.675568 0.923786
0.680798 0.791051
0.685806 0.576943
0.687056 0.526536
0.688551 0.738515
0.689446 0.665646
0.694058 0.556528
0.700655 0.470111
0.702138 0.641509
0.707796 0.933259
0.717728 0.484807
0.719619 0.813939
0.744061 0.493896
0.753618 0.376338
0.754116 0.589957
0.754459 0.458489
0.756700 0.665000
0.765755 0.423403
0.767181 0.719222
0.773918 0.811078
0.779633 0.493021
0.798152 0.844986
0.803171 0.776340
0.804815 0.339300
0.808935 0.451832
0.823970 0.734681
0.830633 0.500994
0.842315 0.399563
0.861485 0.735996
0.871789 0.489762
0.877740 0.619483
0.879860 0.238127
0.884093 0.220667
0.886131 0.260790
0.887868 0.698348
0.903437 0.496383
0.920262 0.478667
0.925848 0.717522
0.926872 0.201327
0.928800 0.557396
0.945135 0.145379
0.945370 0.589915
0.950117 0.325653
0.957762 0.281133
0.960094 0.469372
0.960443 0.612451
0.964993 0.487634
0.967559 0.419361
0.977181 0.046043
0.980127 0.386560
0.984976 0.103216
0.992221 0.000000
1.000000 0.300387
