0.000000 0.417930
0.114674 0.022435
0.125239 0.372020
0.168492 0.203363
0.205316 0.366908
0.218574 0.309866
0.220215 0.795053
0.228073 0.807433
0.234517 0.775190
0.236160 0.014936
0.240993 0.859365
0.245041 0.084169
0.251149 0.587228
0.252922 0.799443
0.259067 0.504960
0.261223 0.383373
0.261917 0.628175
0.271430 0.755956
0.272922 0.355133
0.274891 0.446851
0.280182 0.785090
0.280787 0.558692
0.280921 0.200443
0.281226 0.115554
0.282104 0.607014
0.284410 0.374192
0.287305 0.724866
0.292717 0.000000
0.292858 0.205480
0.293152 0.039264
0.294212 0.609764
0.294573 0.045209
0.300565 0.547728
0.300885 0.348679
0.305848 0.805511
0.309154 0.832445
0.310490 0.615320
0.310565 0.396195
0.310614 0.260185
0.312819 0.601640
0.315901 0.550375
0.316419 0.368799
0.318136 0.149881
0.319559 0.142421
0.320745 0.801902
0.322529 0.087048
0.323216 0.858733
0.326409 0.634791
0.328719 0.528417
0.328889 0.857287
0.331991 0.929849
0.335319 0.318921
0.335739 0.393992
0.339986 0.659755
0.340247 0.908530
0.342430 0.290228
0.342736 0.279757
0.343850 0.863733
0.343923 0.453913
0.345792 0.512696
0.347170 0.348533
0.347232 0.263996
0.348244 0.226335
0.352046 0.256007
0.352181 0.846772
0.355355 0.295058
0.359127 0.119967
0.359541 0.844159
0.359882 0.139516
0.361743 0.140784
0.364537 0.219124
0.366636 0.250444
0.366789 0.887715
0.370962 0.731484
0.372526 0.759499
0.375786 0.681002
0.377319 0.746480
0.380207 0.458734
0.381556 0.366951
0.383599 0.949641
0.383954 0.580986
0.386641 0.830541
0.386689 0.826935
0.387169 0.291417
0.388479 0.539072
0.388642 0.862453
0.389271 0.463148
0.389676 0.116959
0.390101 0.899079
0.393810 0.808020
0.393883 0.282679
0.395153 0.234737
0.395492 0.460080
0.396017 0.315603
0.396338 0.802644
0.396744 0.869041
0.398100 0.683295
0.398122 0.885568
0.398966 0.964776
0.398985 0.146535
0.399027 0.087824
0.399467 0.328929
0.401649 0.112807
0.403164 0.797963
0.403174 0.145897
0.403298 0.182861
0.403418 0.898776
0.404817 0.520172
0.410866 0.739091
0.412725 0.762998
0.412832 0.254016
0.413632 0.475537
0.413835 0.359936
0.414518 0.552711
0.415712 0.906958
0.415714 0.247302
0.416567 0.452144
0.417732 0.839203
0.417811 0.277650
0.418289 0.812093
0.418796 0.449703
0.419823 0.640685
0.419994 0.676349
0.420256 0.533697
0.420736 0.794362
0.420979 0.624565
0.421838 0.561378
0.422989 0.382066
0.424694 0.383480
0.426251 0.819093
0.427253 0.311316
0.428183 0.900439
0.429340 0.222841
0.430131 0.502323
0.431497 0.790060
0.431529 0.810374
0.431797 0.430229
0.431833 0.731457
0.432721 0.513804
0.434221 0.131072
0.434665 0.151996
0.435288 0.156918
0.435371 0.979168
0.436349 0.342315
0.436499 0.327854
0.437558 0.673598
0.437858 0.288300
0.438046 0.675283
0.438051 0.975965
0.439792 0.700423
0.440607 0.480537
0.440867 0.333001
0.441685 0.523023
0.444643 0.475435
0.445872 0.787765
0.448582 0.691601
0.450317 0.360019
0.453931 0.683924
0.454899 0.530461
0.455876 0.726095
0.456866 0.792916
0.457082 0.478996
0.458028 0.820743
0.459898 0.507021
0.459913 0.919181
0.460591 0.882154
0.461597 0.235786
0.466556 0.241812
0.467442 0.634759
0.468825 0.810521
0.470908 0.272803
0.474030 0.304831
0.474407 0.295066
0.474521 0.202655
0.474641 0.633606
0.475180 0.464021
0.475864 0.895817
0.476523 0.872951
0.476956 0.773244
0.478501 0.477842
0.481297 0.456444
0.482127 0.868932
0.482169 0.975459
0.483190 0.676415
0.484493 0.862844
0.484593 0.778126
0.484638 0.171529
0.485184 0.223440
0.485534 0.809292
0.486145 0.796114
0.486194 0.163759
0.487308 0.572058
0.487740 0.309949
0.487942 0.916249
0.488765 0.594723
0.488906 0.672936
0.489787 0.628624
0.490803 0.783534
0.491699 0.402665
0.492209 0.486289
0.492588 0.934897
0.493908 0.453548
0.494135 0.563876
0.494565 0.249378
0.494789 0.576611
0.496417 0.340985
0.496891 0.261446
0.497639 0.863384
0.498200 0.291084
0.498379 0.981178
0.499610 0.281495
0.499675 0.242799
0.500634 0.895775
0.500937 0.748566
0.502821 0.333801
0.503090 0.908107
0.504519 0.287807
0.504640 0.602151
0.504841 0.446236
0.507814 0.270804
0.507971 0.944380
0.508602 0.572089
0.508967 0.394906
0.510697 0.291820
0.511008 0.920425
0.512281 0.264866
0.512404 0.323342
0.513886 0.409457
0.514092 0.784826
0.514632 0.482392
0.514866 0.488002
0.515469 0.599530
0.517065 0.333058
0.518754 0.615545
0.519349 0.758544
0.519646 0.600278
0.521298 0.564019
0.521605 0.451007
0.521818 0.468995
0.525089 0.193009
0.525417 0.559665
0.525715 0.901819
0.526323 0.509734
0.526485 0.447603
0.526796 0.760391
0.527117 1.000000
0.528473 0.249793
0.529477 0.511071
0.530360 0.283397
0.531289 0.842711
0.531951 0.183780
0.532063 0.245223
0.533776 0.586715
0.534100 0.618413
0.534833 0.857712
0.534896 0.529099
0.536693 0.613628
0.537170 0.305380
0.537543 0.601791
0.538667 0.564299
0.540330 0.952089
0.542392 0.471382
0.543312 0.391018
0.543612 0.998310
0.544820 0.621867
0.547417 0.245897
0.548459 0.736972
0.548552 0.532000
0.548961 0.455603
0.550436 0.780331
0.551082 0.749330
0.552053 0.951500
0.552356 0.681011
0.553243 0.833269
0.554261 0.645887
0.555816 0.308323
0.556210 0.629890
0.556551 0.853315
0.557839 0.696716
0.558272 0.399792
0.558980 0.479637
0.559451 0.831220
0.560625 0.305525
0.561788 0.605350
0.562233 0.693843
0.565494 0.561654
0.565865 0.311926
0.566008 0.377615
0.566381 0.285467
0.568397 0.991477
0.568827 0.731650
0.568859 0.359286
0.569897 0.993630
0.570418 0.906159
0.570615 0.729614
0.570811 0.557789
0.571360 0.881945
0.572228 0.216418
0.573125 0.317471
0.576115 0.250986
0.577206 0.340611
0.577234 0.789815
0.577792 0.503350
0.580830 0.655126
0.582243 0.794678
0.582342 0.237683
0.582645 0.907170
0.583388 0.618050
0.586524 0.915001
0.586582 0.983738
0.588842 0.791686
0.588867 0.467085
0.592006 0.364822
0.593110 0.378175
0.594321 0.329310
0.595013 0.988552
0.595188 0.714580
0.595443 0.971069
0.595480 0.259409
0.598468 0.384951
0.598980 0.357455
0.599940 0.796808
0.600810 0.905549
0.601003 0.459461
0.602225 0.640234
0.604700 0.813341
0.606449 0.253580
0.606785 0.702790
0.606881 0.975264
0.607107 0.852249
0.607526 0.550797
0.607815 0.470226
0.609092 0.862071
0.610843 0.529356
0.611698 0.609556
0.612560 0.339527
0.612768 0.724416
0.613853 0.406067
0.617721 0.453837
0.619344 0.571201
0.619602 0.820774
0.624157 0.737482
0.626115 0.531908
0.626466 0.510947
0.626980 0.891857
0.627144 0.224115
0.628757 0.406116
0.629573 0.885675
0.635822 0.790524
0.636210 0.349245
0.638680 0.275084
0.638722 0.656212
0.639062 0.863779
0.639453 0.350135
0.640568 0.476565
0.640651 0.378209
0.650694 0.406278
0.652134 0.945860
0.653457 0.874264
0.655731 0.544396
0.657234 0.680205
0.660160 0.707538
0.660369 0.506099
0.661118 0.311390
0.666133 0.312737
0.667893 0.501637
0.668267 0.517130
0.672454 0.422062
0.673209 0.416601
0.674600 0.415383
0.675182 0.894371
0.675638 0.684094
0.677991 0.841764
0.678129 0.897956
0.681694 0.457550
0.682082 0.241728
0.683652 0.594424
0.684016 0.829706
0.686769 0.437866
0.692131 0.259973
0.696484 0.627484
0.700337 0.519004
0.706814 0.749300
0.707459 0.686972
0.710992 0.295260
0.712711 0.893719
0.723109 0.897957
0.743280 0.634315
0.743767 0.448807
0.752882 0.248743
0.753652 0.785451
0.766135 0.819786
0.786023 0.752741
0.793570 0.642858
0.803929 0.857517
0.812849 0.309995
0.855802 0.796613
0.886603 0.226920
0.903851 0.645524
1.000000 0.581072
