0.000000 0.541553
0.019604 0.484458
0.025533 0.372484
0.041562 0.401603
0.050997 0.355807
0.061536 0.367285
0.070011 0.371937
0.077584 0.383629
0.078484 0.404885
0.106667 0.374670
0.117333 0.445397
0.121446 0.428450
0.147369 0.355141
0.148086 0.305969
0.152212 0.386749
0.186297 0.511230
0.200771 0.403543
0.207827 0.419220
0.234694 0.374011
0.236708 0.406314
0.236912 0.483271
0.240973 0.297797
0.256788 0.411438
0.261093 0.335129
0.271665 0.461004
0.277037 0.353645
0.279775 0.428393
0.285282 0.508009
0.286621 0.370051
0.288810 0.506997
0.289739 0.505558
0.297974 0.351452
0.301128 0.378638
0.305270 0.316933
0.307017 0.316600
0.312482 0.331498
0.316302 0.665674
0.343185 0.350769
0.361855 0.427676
0.380033 0.275599
0.383131 0.497848
0.383166 0.244083
0.388915 0.569264
0.399106 0.362929
0.403590 0.407397
0.423586 0.371809
0.437010 0.361600
0.450286 0.367495
0.471760 0.238004
0.477847 0.419927
0.479301 0.322805
0.487655 0.280443
0.509343 0.444758
0.521275 0.243357
0.525341 0.203384
0.550193 0.576275
0.558151 0.499317
0.562806 0.439667
0.563430 0.384896
0.573154 0.222221
0.574218 0.497316
0.601854 0.400879
0.621562 0.263806
0.641280 0.269799
0.647443 0.200877
0.674525 0.299586
0.688368 0.310100
0.701265 0.526132
0.703627 0.311436
0.711810 0.271732
0.712660 0.388204
0.715877 0.502467
0.723804 0.331719
0.724584 0.447355
0.728019 0.400577
0.734620 0.480994
0.740852 0.353279
0.746598 0.159296
0.747724 0.485921
0.765251 0.344660
0.771575 0.211787
0.774530 0.793154
0.796547 0.355649
0.803668 0.135932
0.809966 0.756772
0.816996 0.619364
0.820600 0.428857
0.822483 0.391626
0.823306 0.387130
0.825409 0.481006
0.829575 0.367060
0.837108 0.211482
0.846808 0.577012
0.870407 0.531625
0.877511 0.236827
0.887161 0.775275
0.890652 0.886525
0.900938 0.338059
0.906266 0.168248
0.908556 0.878359
0.910159 0.381250
0.929105 0.000000
0.929910 0.327292
0.935683 0.622539
0.939448 0.451283
0.945830 1.000000
0.950628 0.863872
0.953683 0.808937
0.953698 0.157406
0.954283 0.432096
0.969497 0.760048
0.980609 0.570303
0.983493 0.385732
0.988096 0.633267
0.998658 0.336524
1.000000 0.205587
