0.000000 0.449529
0.022904 0.099044
0.024138 0.498885
0.048460 0.167188
0.053101 0.509542
0.077233 0.208255
0.084653 0.075769
0.086473 0.237421
0.097838 0.337866
0.102048 0.273714
0.103143 0.848081
0.107183 0.248985
0.115733 0.609386
0.121386 0.189457
0.132747 0.328776
0.138005 0.167805
0.140868 0.240117
0.143734 0.734618
0.192394 0.154165
0.198811 0.164810
0.214550 0.543499
0.227761 0.423259
0.230633 0.253354
0.231795 0.307659
0.235354 0.644498
0.244072 0.234190
0.265872 0.573081
0.268052 0.457882
0.278269 0.841582
0.283695 0.550518
0.286455 0.090483
0.288172 0.363880
0.297624 0.238683
0.298835 0.305082
0.315236 0.070700
0.320977 0.194809
0.328056 0.048553
0.333874 0.083764
0.355684 0.215552
0.361485 1.000000
0.364821 0.809496
0.376982 0.155941
0.377382 0.368714
0.378708 0.618506
0.389383 0.728050
0.397590 0.458709
0.401966 0.183318
0.402090 0.471636
0.418011 0.435278
0.420598 0.666031
0.428740 0.967501
0.436269 0.223342
0.448792 0.039551
0.456256 0.058999
0.458051 0.182877
0.465022 0.220195
0.473570 0.528803
0.478599 0.252052
0.481666 0.182618
0.484560 0.322958
0.492552 0.387500
0.498461 0.248732
0.499356 0.354008
0.503414 0.642482
0.503461 0.444540
0.507247 0.829013
0.520721 0.491678
0.521177 0.637656
0.526358 0.006125
0.557752 0.113481
0.566161 0.177163
0.566394 0.373712
0.569374 0.000000
0.575436 0.426845
0.577127 0.401974
0.583861 0.464798
0.599580 0.337889
0.602292 0.065952
0.603807 0.165966
0.632343 0.223288
0.639434 0.264844
0.660827 0.446005
0.663519 0.221139
0.665414 0.319986
0.669846 0.557521
0.692197 0.198770
0.701144 0.743772
0.704084 0.571862
0.705727 0.127606
0.708089 0.537241
0.721049 0.673338
0.724332 0.819910
0.726297 0.178829
0.727079 0.915692
0.737875 0.425357
0.742026 0.410478
0.782006 0.853484
0.784691 0.450443
0.805489 0.138803
0.830204 0.119482
0.830278 0.284398
0.836944 0.441861
0.852701 0.639449
0.874449 0.109755
0.887656 0.266029
0.906109 0.465034
0.906520 0.049280
0.911461 0.844324
0.914942 0.352137
0.944799 0.393582
0.953166 0.449217
0.967237 0.555916
0.985279 0.845945
0.990022 0.483969
0.993732 0.777575
0.995807 0.146981
1.000000 0.694688
