0.000000 0.538808
0.012062 0.598990
0.021770 0.588341
0.022344 0.778672
0.032958 0.399576
0.033846 0.277063
0.033973 0.431946
0.034330 0.401277
0.035533 0.274412
0.035545 0.595021
0.036476 0.513149
0.038621 0.626461
0.044006 0.213222
0.045795 0.354085
0.049214 0.388681
0.049350 0.646074
0.059565 0.324094
0.062520 0.506327
0.063227 0.453122
0.063264 0.719105
0.064625 0.765225
0.065192 0.345212
0.065887 0.439266
0.069774 0.608596
0.072630 0.460525
0.075668 0.542889
0.077841 0.650712
0.078452 0.686962
0.083322 0.658618
0.084045 0.605872
0.084215 0.455196
0.087321 0.611823
0.087738 0.324842
0.089323 0.648024
0.089383 0.687839
0.090770 0.461822
0.091316 0.572491
0.092949 0.530428
0.093184 0.474772
0.093557 0.754590
0.094665 0.351509
0.096964 0.544050
0.097712 0.511776
0.098736 0.456102
0.098830 0.669357
0.100150 0.294429
0.100262 0.444433
0.100979 0.134557
0.101247 0.194606
0.101335 0.319222
0.101364 0.573653
0.103650 0.666962
0.104661 0.505526
0.105250 0.579003
0.106685 0.634170
0.107955 0.728619
0.108873 0.369236
0.109539 0.624383
0.111953 0.519058
0.112220 0.603066
0.113340 0.192188
0.115684 0.191037
0.116337 0.722215
0.117566 0.554739
0.118580 0.553130
0.119295 0.226606
0.119585 0.552111
0.119731 0.588655
0.119949 0.612116
0.119952 0.544684
0.120056 0.629578
0.120476 0.567138
0.121552 0.736906
0.121637 0.428761
0.122294 0.050141
0.123725 0.584898
0.124072 0.530228
0.126288 0.749400
0.127911 0.627040
0.130636 0.332029
0.130948 0.000000
0.131247 0.349962
0.132737 0.326049
0.132970 0.355360
0.133298 0.286561
0.134913 0.809691
0.135916 0.805831
0.136815 0.560836
0.137455 0.792116
0.137781 0.925437
0.138342 0.540949
0.138659 0.292630
0.138939 0.732615
0.139060 0.362775
0.139132 0.560939
0.139153 0.551532
0.140325 0.429944
0.143480 0.465940
0.143747 0.272095
0.146571 0.669069
0.147187 0.634377
0.149097 0.343930
0.149558 0.479286
0.149688 0.537461
0.152498 0.313568
0.153064 0.697212
0.153674 0.192087
0.153727 0.465808
0.155766 0.280074
0.156078 0.875984
0.156588 0.095472
0.157754 0.538505
0.159166 0.166649
0.159647 0.314884
0.159730 0.613110
0.161073 0.756043
0.161585 0.553417
0.161617 0.417005
0.161906 0.577623
0.162267 0.790669
0.164822 0.568548
0.165379 0.325110
0.165827 0.495456
0.165923 0.499042
0.169417 0.274265
0.169419 0.709244
0.170203 0.459962
0.171203 0.396288
0.171366 0.450810
0.171416 0.781280
0.171545 0.452340
0.172024 0.552715
0.172566 0.611904
0.174801 0.644769
0.175380 0.307454
0.175484 0.087093
0.175528 0.640103
0.175723 0.565543
0.176851 0.395686
0.177076 0.592265
0.179609 0.495976
0.180556 0.543513
0.180781 0.400583
0.181886 0.797474
0.181989 0.533002
0.182459 0.677098
0.182668 0.424770
0.184162 0.638484
0.184661 0.433541
0.184671 0.797538
0.184828 0.540316
0.184832 0.472683
0.185693 0.576680
0.186875 0.504884
0.188947 0.483657
0.188975 0.763534
0.188992 0.791524
0.189047 0.728503
0.190012 0.547530
0.190800 0.365799
0.191145 0.207833
0.191346 0.356774
0.191684 0.541927
0.192105 0.465874
0.192847 0.413383
0.192911 0.468672
0.193237 0.729359
0.193609 0.727843
0.195039 0.586198
0.195874 0.441072
0.195882 0.805173
0.196056 0.546710
0.197051 0.735167
0.197670 0.612477
0.198769 0.566978
0.198843 0.349796
0.203077 0.452245
0.203539 0.617585
0.204169 0.568752
0.204829 0.363659
0.205370 0.576874
0.207244 0.320737
0.207480 0.660331
0.208200 0.665493
0.208916 0.654820
0.209626 0.677349
0.210378 0.682879
0.210620 0.755334
0.212341 0.301653
0.212951 0.145248
0.213446 0.637700
0.213608 0.502491
0.214103 0.647811
0.214204 0.721662
0.215704 0.424677
0.217053 0.494753
0.218176 0.469005
0.219789 0.725875
0.220055 0.506971
0.220149 0.417911
0.221247 0.550089
0.221588 0.295047
0.222388 0.594666
0.222476 0.673513
0.223395 0.578958
0.224425 0.558656
0.226334 0.651951
0.229202 0.744186
0.229241 0.290944
0.230202 0.726625
0.231068 0.764753
0.231826 0.406017
0.233508 0.697941
0.233566 0.949425
0.234163 0.480068
0.235137 0.509037
0.235708 0.642043
0.235767 0.326970
0.236388 0.565269
0.236440 0.635159
0.237172 0.589469
0.237456 0.414445
0.237806 0.476230
0.238248 0.337228
0.238434 1.000000
0.238775 0.666546
0.239034 0.459092
0.239312 0.485186
0.239513 0.656868
0.240224 0.734459
0.240486 0.469184
0.240644 0.330057
0.242371 0.413778
0.243633 0.305640
0.244272 0.821885
0.244571 0.751504
0.245255 0.616074
0.246889 0.796928
0.247842 0.653483
0.248665 0.373118
0.249239 0.519337
0.249752 0.568189
0.249996 0.699603
0.250119 0.531625
0.250648 0.572375
0.251884 0.598544
0.251929 0.577984
0.252427 0.633495
0.252729 0.783735
0.252847 0.410060
0.252977 0.454890
0.254238 0.605555
0.254242 0.446782
0.254587 0.552630
0.255240 0.324106
0.256581 0.279598
0.257500 0.531047
0.257832 0.470092
0.257908 0.557140
0.257953 0.402803
0.258471 0.545315
0.259036 0.598217
0.259241 0.591608
0.259318 0.418465
0.259388 0.556892
0.259771 0.631870
0.260167 0.412645
0.261434 0.720172
0.261913 0.456456
0.263048 0.472722
0.263595 0.546687
0.264151 0.490058
0.264618 0.733889
0.264762 0.631264
0.264779 0.904320
0.265124 0.419949
0.266060 0.478043
0.268342 0.612552
0.269034 0.751790
0.269215 0.621902
0.269782 0.370889
0.270301 0.726834
0.270678 0.784361
0.271113 0.385480
0.271976 0.477348
0.272666 0.698555
0.272894 0.676213
0.273294 0.667144
0.273705 0.552925
0.273944 0.714825
0.274324 0.434907
0.274459 0.400698
0.274707 0.530484
0.276034 0.517161
0.276508 0.732101
0.276655 0.314282
0.276943 0.467730
0.277229 0.589346
0.279699 0.604057
0.279796 0.463559
0.280715 0.698821
0.281513 0.740363
0.282288 0.243837
0.282550 0.698560
0.283119 0.449400
0.283764 0.428292
0.284215 0.698551
0.285289 0.268273
0.286002 0.625650
0.287414 0.387696
0.287416 0.381306
0.288188 0.802566
0.288675 0.542574
0.288792 0.596629
0.289750 0.765614
0.289827 0.357151
0.290322 0.602203
0.291112 0.653375
0.292034 0.517001
0.292331 0.532183
0.292893 0.526962
0.293620 0.466024
0.293668 0.769184
0.294139 0.390516
0.296249 0.631998
0.296541 0.710670
0.297892 0.555741
0.298551 0.533177
0.298736 0.571464
0.299332 0.496751
0.300584 0.685417
0.302336 0.667903
0.302670 0.678063
0.302695 0.225779
0.302729 0.519231
0.303057 0.449909
0.304277 0.444415
0.304700 0.663061
0.307416 0.539366
0.307542 0.477132
0.307552 0.368667
0.307978 0.119052
0.308041 0.444920
0.310154 0.412189
0.310501 0.523805
0.310925 0.307426
0.311817 0.371193
0.312502 0.674084
0.312637 0.539841
0.313473 0.648928
0.314110 0.851433
0.314457 0.687258
0.314955 0.627094
0.315588 0.666596
0.315589 0.349252
0.316276 0.535917
0.316289 0.419104
0.316305 0.493666
0.317980 0.286342
0.318353 0.307410
0.319785 0.358804
0.320431 0.371291
0.320633 0.378476
0.321409 0.627926
0.322871 0.533465
0.323533 0.654394
0.323994 0.361509
0.324109 0.615873
0.326085 0.604905
0.326360 0.458534
0.326821 0.575006
0.327525 0.681177
0.328682 0.198394
0.329465 0.529387
0.329858 0.662065
0.330014 0.727430
0.330557 0.688455
0.331616 0.656882
0.331634 0.890658
0.332062 0.833905
0.332811 0.386082
0.333028 0.365345
0.336134 0.460816
0.338365 0.398996
0.338413 0.701489
0.341003 0.593200
0.341154 0.449905
0.342430 0.520041
0.342511 0.773524
0.343266 0.620015
0.344782 0.446757
0.345513 0.583228
0.346553 0.799266
0.347421 0.713786
0.350373 0.262388
0.351053 0.533017
0.351655 0.387425
0.352226 0.397184
0.352708 0.432980
0.352771 0.488137
0.352848 0.273214
0.353203 0.474772
0.353372 0.320807
0.353607 0.576104
0.353777 0.514830
0.354219 0.837838
0.354562 0.422297
0.356312 0.377891
0.356352 0.445402
0.357070 0.487665
0.357205 0.530419
0.358396 0.535637
0.359859 0.705056
0.362015 0.528256
0.362185 0.384405
0.364239 0.704873
0.365521 0.605801
0.366300 0.655786
0.367744 0.736524
0.367760 0.466060
0.367819 0.637949
0.368499 0.578622
0.369616 0.770045
0.371639 0.417046
0.371694 0.630796
0.371897 0.782074
0.372455 0.428813
0.373800 0.523427
0.375006 0.491210
0.378254 0.407689
0.378512 0.585540
0.379136 0.796689
0.379172 0.377556
0.381433 0.566291
0.381500 0.456746
0.381513 0.340662
0.382350 0.525028
0.382810 0.297487
0.384200 0.614824
0.385811 0.658424
0.386138 0.590467
0.386205 0.264166
0.386702 0.821588
0.387207 0.640061
0.387840 0.311949
0.388357 0.463068
0.389445 0.855416
0.389644 0.835380
0.389928 0.467899
0.390937 0.515752
0.392323 0.618255
0.394545 0.568032
0.395497 0.574956
0.397810 0.544724
0.399222 0.372362
0.400282 0.513328
0.402539 0.622613
0.402880 0.590172
0.403216 0.476159
0.403983 0.717437
0.404459 0.548584
0.405265 0.709457
0.405615 0.572249
0.406390 0.340298
0.407339 0.856233
0.408512 0.672091
0.408801 0.472501
0.409350 0.643433
0.409835 0.582959
0.410159 0.732051
0.410291 0.618655
0.410548 0.601456
0.410726 0.750252
0.411554 0.712406
0.414204 0.724174
0.418567 0.515926
0.419510 0.284715
0.419774 0.458214
0.421691 0.341732
0.422180 0.460008
0.422330 0.388760
0.422448 0.341832
0.423227 0.584827
0.424402 0.867112
0.424415 0.353108
0.425117 0.492184
0.427851 0.557575
0.427876 0.702684
0.428162 0.343337
0.430494 0.544207
0.430753 0.345104
0.431626 0.602905
0.432218 0.398612
0.433098 0.778562
0.433641 0.672484
0.437892 0.717240
0.438085 0.557049
0.438145 0.551486
0.438508 0.705958
0.439000 0.622373
0.439950 0.558716
0.440748 0.647016
0.441753 0.597176
0.443897 0.559436
0.444147 0.570900
0.444179 0.152176
0.445604 0.659813
0.446671 0.564328
0.446690 0.921231
0.446953 0.554614
0.449678 0.564272
0.449840 0.327754
0.449960 0.360343
0.450612 0.692277
0.451468 0.613320
0.451998 0.810843
0.452948 0.507187
0.453002 0.561511
0.456158 0.917482
0.456963 0.770097
0.457229 0.434743
0.458012 0.575929
0.458677 0.494226
0.459086 0.745747
0.459713 0.668360
0.461346 0.618448
0.461444 0.542656
0.462262 0.647039
0.462458 0.520114
0.464130 0.586727
0.464904 0.558208
0.464986 0.457993
0.465392 0.332639
0.465477 0.464258
0.465914 0.372259
0.466349 0.701782
0.466781 0.803866
0.467127 0.276218
0.467214 0.561414
0.467942 0.542260
0.469605 0.197399
0.469835 0.590359
0.470567 0.534036
0.472121 0.402973
0.473256 0.993466
0.474129 0.747429
0.474706 0.526881
0.476176 0.425904
0.476849 0.824170
0.476914 0.385046
0.477336 0.849133
0.477662 0.473601
0.478765 0.612182
0.478857 0.674560
0.479350 0.228721
0.479593 0.418330
0.480973 0.432483
0.481188 0.598011
0.481540 0.747612
0.483712 0.658049
0.487641 0.549053
0.489895 0.717859
0.491316 0.597874
0.491521 0.523519
0.493692 0.347805
0.493893 0.565340
0.496392 0.703054
0.496929 0.669158
0.501028 0.374016
0.502214 0.479296
0.502543 0.583332
0.504832 0.439380
0.505235 0.587831
0.505507 0.595573
0.505834 0.224480
0.507170 0.104033
0.510210 0.731363
0.511677 0.703993
0.512730 0.548951
0.515564 0.864004
0.516270 0.786786
0.516453 0.521907
0.516611 0.654766
0.517127 0.477049
0.517478 0.716694
0.521800 0.286087
0.521993 0.835448
0.524959 0.820928
0.525138 0.558175
0.529312 0.597984
0.530228 0.485168
0.532305 0.883679
0.533189 0.476366
0.534412 0.331072
0.534763 0.682415
0.541984 0.582472
0.543556 0.633972
0.546105 0.614141
0.546900 0.472630
0.547890 0.579944
0.548421 0.735228
0.550379 0.489740
0.552312 0.479682
0.552476 0.746143
0.556696 0.424470
0.559450 0.645851
0.559960 0.568630
0.560557 0.639651
0.560746 0.791944
0.561143 0.228125
0.561494 0.427723
0.562176 0.430624
0.566229 0.296555
0.566289 0.381940
0.566914 0.487713
0.567202 0.565206
0.567886 0.398222
0.569161 0.505017
0.569687 0.435731
0.571630 0.394987
0.572057 0.687713
0.572174 0.296554
0.575881 0.452497
0.577136 0.467683
0.577365 0.525391
0.577403 0.683184
0.577653 0.585831
0.577728 0.583264
0.577794 0.631190
0.577951 0.534373
0.582023 0.672304
0.583511 0.495378
0.584247 0.649396
0.586875 0.490485
0.587246 0.521241
0.587843 0.373610
0.590088 0.575232
0.590248 0.541780
0.592707 0.474868
0.592834 0.793339
0.596008 0.749734
0.600599 0.463502
0.601104 0.267103
0.603393 0.092086
0.603877 0.716618
0.606111 0.771195
0.607129 0.630780
0.609190 0.406788
0.609515 0.249624
0.609805 0.774236
0.612143 0.611746
0.614111 0.629127
0.614563 0.396438
0.618916 0.741164
0.619955 0.701454
0.622733 0.751862
0.626529 0.673768
0.630036 0.787855
0.632630 0.678658
0.639662 0.350132
0.650714 0.481503
0.654349 0.655051
0.655951 0.441346
0.660854 0.515776
0.662491 0.351583
0.666507 0.733513
0.671179 0.484521
0.679267 0.162781
0.679422 0.766271
0.681228 0.527655
0.681664 0.468830
0.700619 0.460939
0.708435 0.433608
0.712531 0.602378
0.722720 0.547983
0.737132 0.442426
0.743392 0.420743
0.746363 0.606617
0.751147 0.519038
0.762389 0.528912
0.773643 0.719479
0.776956 0.352093
0.781102 0.553952
0.786508 0.401849
0.796476 0.510796
0.823015 0.340926
0.845325 0.406462
0.845899 0.579000
0.859957 0.356629
0.866846 0.544602
0.876133 0.698372
0.937234 0.634499
0.982118 0.639778
1.000000 0.445915
