0.000000 0.476392
0.004849 0.593273
0.011373 0.137654
0.016783 0.311434
0.018047 0.195157
0.025341 0.178408
0.030064 0.399735
0.030837 0.095046
0.031795 0.353318
0.036441 0.076698
0.048989 0.240548
0.050479 0.189211
0.051839 0.273075
0.055303 0.592618
0.056089 0.476482
0.056698 0.469403
0.057039 0.252213
0.059422 0.192787
0.060679 0.392924
0.066112 0.720026
0.070856 0.188546
0.073861 0.462564
0.075279 0.273866
0.079652 0.388219
0.080604 0.574414
0.084692 0.329060
0.087504 0.228559
0.087959 0.441371
0.089427 0.510350
0.090995 0.318063
0.092317 0.354828
0.093073 0.145048
0.093093 0.072217
0.099082 0.436319
0.100421 0.211091
0.103456 0.456532
0.105018 0.289703
0.113581 0.600859
0.116689 0.104936
0.116757 0.786134
0.117074 0.469717
0.117807 0.364067
0.117850 0.320912
0.120209 0.558225
0.126931 0.517238
0.128171 0.361959
0.129332 0.421117
0.129669 0.383581
0.130496 0.185704
0.135508 0.436262
0.136778 0.461314
0.136954 0.382968
0.139353 0.738304
0.142322 0.243064
0.145262 0.129304
0.150759 0.509754
0.151266 0.522225
0.151364 0.275620
0.151873 0.304449
0.153199 0.433976
0.154252 0.534807
0.154754 0.478059
0.154818 0.327677
0.156023 0.542868
0.157712 0.459063
0.158015 0.461915
0.158175 0.548889
0.158917 0.459508
0.159149 0.582696
0.159230 0.314273
0.160616 0.358770
0.161217 0.157999
0.161587 0.414091
0.163265 0.523990
0.166353 0.013806
0.166691 0.301945
0.166858 0.588989
0.167364 0.652231
0.172374 0.148390
0.173652 0.317167
0.175415 0.378168
0.175775 0.530581
0.175780 0.155064
0.176115 0.509032
0.178541 0.317462
0.181064 0.554827
0.182650 0.362607
0.184410 0.610511
0.188415 0.546287
0.188601 0.466315
0.188769 0.449840
0.190467 0.440209
0.190592 0.183901
0.192163 0.552970
0.194735 0.540315
0.195902 0.390436
0.196885 0.641028
0.198091 0.188239
0.198689 0.176405
0.199272 0.288462
0.199927 0.488098
0.202122 0.327497
0.203469 0.509539
0.203780 0.486128
0.205376 0.323431
0.207090 0.494533
0.207569 0.500178
0.208478 0.356489
0.208569 0.543849
0.212073 0.227275
0.212271 0.562407
0.212770 0.516439
0.214815 0.319843
0.214877 0.245545
0.215250 0.420132
0.215412 0.602492
0.215666 0.201307
0.216244 0.132287
0.217143 0.442569
0.217499 0.441198
0.217602 0.408973
0.218115 0.396779
0.218739 0.371204
0.219852 0.262895
0.220374 0.378801
0.222601 0.469354
0.225377 0.454267
0.225568 0.377042
0.225876 0.265876
0.227373 0.533529
0.227706 0.095415
0.230676 0.428495
0.230826 0.769726
0.230976 0.240156
0.234370 0.233379
0.234403 0.326141
0.234866 0.530866
0.235872 0.098124
0.236530 0.538957
0.238311 0.607879
0.238606 0.081116
0.238739 0.344582
0.239602 0.339765
0.239925 0.044751
0.240487 0.386252
0.240839 0.219031
0.241104 0.518442
0.241378 0.257345
0.243096 0.399160
0.244235 0.499030
0.244959 0.468422
0.245312 0.268436
0.245754 0.292903
0.248788 0.551548
0.248920 0.403184
0.249814 0.262507
0.250324 0.562658
0.250804 0.527644
0.252089 0.509477
0.252122 0.507127
0.253534 0.409602
0.253707 0.314601
0.256649 0.633509
0.257515 0.348672
0.258171 0.351440
0.258551 0.512155
0.259795 0.296662
0.262924 0.372711
0.263859 0.415871
0.264072 0.418848
0.264878 0.490879
0.267104 0.455783
0.268475 0.370425
0.273337 0.133555
0.273457 0.411807
0.276905 0.488846
0.277656 0.448075
0.278166 0.212490
0.280634 0.317393
0.281495 0.264390
0.281711 0.483729
0.282349 0.325463
0.283241 0.324569
0.283748 0.521369
0.284492 0.162429
0.284877 0.440884
0.286216 0.382898
0.286324 0.716441
0.286670 0.486742
0.286980 0.519434
0.287421 0.188487
0.288925 0.885022
0.289769 0.263734
0.290628 0.274407
0.290945 0.596839
0.291870 0.556241
0.292405 0.526397
0.293809 0.287880
0.294140 0.521047
0.294273 0.507433
0.294482 0.541605
0.294645 0.309019
0.295037 0.116044
0.295400 0.277250
0.300210 0.404862
0.300446 0.113030
0.303686 0.506023
0.303725 0.320546
0.307474 0.244235
0.308445 0.190204
0.310094 0.568944
0.310920 0.365739
0.312031 0.534353
0.312365 0.394315
0.313400 0.463833
0.316570 0.338821
0.316601 0.370798
0.317490 0.097319
0.318894 0.180147
0.321812 0.634123
0.321879 0.590392
0.321962 0.368816
0.322717 0.284068
0.323024 0.565558
0.326416 0.323095
0.327614 0.364864
0.327858 0.201718
0.328028 0.235612
0.328164 0.692063
0.328794 0.475491
0.331770 0.291847
0.333016 0.568528
0.333969 0.448948
0.335069 0.576076
0.335833 0.403042
0.337137 0.405670
0.338077 0.067343
0.343156 0.593255
0.344739 0.527556
0.345045 0.761976
0.345941 0.594398
0.346462 0.400725
0.347351 0.733030
0.347740 0.357452
0.350631 0.420448
0.350708 0.588562
0.351695 0.761574
0.353457 0.333996
0.354806 0.790466
0.354845 0.388849
0.354937 0.335769
0.357436 0.421210
0.361486 0.027091
0.361872 0.302887
0.362081 0.352211
0.362716 0.712199
0.365591 0.489108
0.366897 0.807673
0.367596 0.466575
0.367969 0.658564
0.370119 0.474397
0.370656 0.471459
0.372222 0.462420
0.372777 0.678402
0.374497 0.237805
0.374626 0.574922
0.374829 0.392630
0.375474 0.407085
0.375482 0.457301
0.375800 0.486784
0.375964 0.509420
0.378199 0.647453
0.379399 0.836587
0.379462 0.580725
0.379640 0.231540
0.380001 0.666855
0.383986 0.000000
0.388394 0.510924
0.389691 0.371649
0.391468 0.503579
0.391591 0.574465
0.392082 0.317967
0.395493 0.663782
0.396442 0.626697
0.398428 0.391652
0.399604 0.518743
0.400331 0.591850
0.402349 0.490597
0.402652 0.401302
0.403230 0.416028
0.403355 0.385110
0.407020 0.772984
0.407228 0.645289
0.408035 0.608710
0.408422 0.448051
0.411504 0.715085
0.411985 0.663895
0.412578 0.565112
0.414371 0.376431
0.415438 0.331428
0.417874 0.498139
0.417900 0.628660
0.420464 0.481324
0.423159 0.649863
0.424927 0.691232
0.428063 0.558589
0.428848 0.574098
0.431517 0.691538
0.434455 0.838226
0.437244 0.539713
0.440180 0.561882
0.441070 0.390620
0.450438 0.438806
0.455918 0.414529
0.458912 0.693421
0.462271 0.742793
0.463191 0.287895
0.464364 0.435280
0.474354 0.296909
0.476566 0.144553
0.477602 0.620036
0.482467 0.466122
0.483035 0.479989
0.488884 0.163345
0.490510 0.421964
0.492457 0.534992
0.500070 0.632568
0.500735 0.663884
0.508598 0.142883
0.509182 0.595192
0.511200 0.679566
0.519065 0.536885
0.526632 0.497170
0.526753 0.474557
0.529943 0.638794
0.534750 0.582553
0.536024 0.632628
0.536370 0.900383
0.536805 0.418945
0.538644 0.450864
0.544935 0.292202
0.547316 0.287031
0.549319 0.538333
0.555097 0.666654
0.564644 0.433130
0.574467 0.712678
0.575332 0.824680
0.578929 0.714439
0.580039 0.389054
0.588105 0.441666
0.588386 0.535791
0.595108 0.072878
0.596337 0.558113
0.600153 0.916528
0.603058 0.577992
0.612367 0.581305
0.619814 0.486364
0.619959 0.857026
0.621282 0.916582
0.621458 0.750100
0.622063 1.000000
0.631005 0.562469
0.658163 0.485882
0.660223 0.644053
0.660228 0.946360
0.661954 0.655867
0.676107 0.751509
0.678742 0.400544
0.681896 0.863407
0.690936 0.576021
0.691420 0.324961
0.691890 0.318543
0.692812 0.764053
0.732855 0.719081
0.740311 0.600714
0.896082 0.205523
1.000000 0.653238
