0.000000 0.202280
0.000852 0.144533
0.001512 0.182981
0.004745 0.118861
0.012467 0.157680
0.013392 0.160782
0.016839 0.089682
0.016958 0.000000
0.017563 0.238600
0.018206 0.164995
0.022092 0.196660
0.023511 0.278342
0.028214 0.167684
0.029973 0.163556
0.030490 0.152346
0.030714 0.201780
0.031390 0.158159
0.033590 0.251771
0.033795 0.176271
0.036441 0.163833
0.039448 0.199906
0.040078 0.252287
0.040716 0.187527
0.045234 0.194887
0.046075 0.280380
0.046228 0.189059
0.046284 0.162104
0.046508 0.167481
0.048110 0.283709
0.050651 0.290107
0.050795 0.244753
0.051357 0.159417
0.053451 0.203212
0.054651 0.166147
0.055724 0.141286
0.061110 0.218422
0.063719 0.241114
0.063839 0.224071
0.066146 0.249081
0.066161 0.181090
0.073401 0.235299
0.073636 0.216483
0.073641 0.272184
0.075884 0.216655
0.076019 0.135326
0.076932 0.217546
0.078609 0.251797
0.078652 0.182578
0.079107 0.255325
0.079613 0.320754
0.082897 0.209348
0.083555 0.141464
0.083724 0.207149
0.085808 0.191896
0.085827 0.120459
0.088053 0.312977
0.089750 0.266701
0.092149 0.279404
0.093232 0.233444
0.095031 0.172170
0.096021 0.184831
0.096859 0.153227
0.097101 0.093264
0.098961 0.262215
0.099141 0.238177
0.099852 0.297825
0.100121 0.319851
0.100964 0.246068
0.106934 0.167779
0.107009 0.221804
0.107684 0.191430
0.110021 0.125829
0.110299 0.124756
0.110914 0.247123
0.111347 0.240384
0.112986 0.287371
0.114255 0.220016
0.114258 0.265066
0.114306 0.227965
0.114982 0.296621
0.116045 0.176490
0.117603 0.174948
0.117960 0.210385
0.117961 0.190750
0.119152 0.180481
0.121869 0.234721
0.122126 0.202051
0.122163 0.080208
0.123731 0.243114
0.125261 0.232584
0.126091 0.272030
0.126209 0.173430
0.126362 0.199764
0.126412 0.269450
0.127402 0.206939
0.127637 0.209626
0.129126 0.200540
0.129239 0.189761
0.131563 0.234632
0.132297 0.356735
0.133568 0.198352
0.135101 0.201676
0.135288 0.260947
0.135646 0.228319
0.136298 0.306037
0.137337 0.251574
0.138314 0.117789
0.138698 0.232719
0.139468 0.270680
0.139592 0.144486
0.140857 0.172158
0.141279 0.221168
0.142013 0.292734
0.143588 0.182279
0.143676 0.204080
0.143966 0.157305
0.144083 0.216847
0.144978 0.273736
0.145203 0.262065
0.145361 0.190824
0.146085 0.169942
0.147126 0.285812
0.148327 0.253849
0.149273 0.301245
0.149714 0.302151
0.150198 0.214206
0.150529 0.113609
0.152945 0.179902
0.153077 0.104680
0.153116 0.238411
0.155691 0.347101
0.156556 0.256500
0.156637 0.272691
0.157546 0.244175
0.157852 0.211568
0.157916 0.186963
0.158078 0.276918
0.159286 0.198386
0.159331 0.175354
0.159888 0.212641
0.160738 0.112394
0.161393 0.286122
0.162141 0.225089
0.162202 0.224612
0.162641 0.213446
0.163439 0.153622
0.163877 0.301075
0.164107 0.262290
0.165598 0.110606
0.165795 0.184458
0.165886 0.178146
0.167461 0.212830
0.168703 0.304284
0.170877 0.266948
0.171851 0.178245
0.172691 0.233010
0.173135 0.170981
0.173173 0.215995
0.173532 0.297589
0.173557 0.310169
0.174666 0.119890
0.176548 0.287806
0.178652 0.210432
0.179299 0.344711
0.179472 0.259151
0.180625 0.287098
0.181011 0.234306
0.181051 0.332690
0.182707 0.208580
0.182797 0.253215
0.182835 0.225051
0.183192 0.268705
0.184007 0.198114
0.184268 0.198961
0.184453 0.341685
0.186106 0.252378
0.186286 0.293558
0.186317 0.278795
0.186799 0.213563
0.186821 0.240370
0.188420 0.193639
0.188884 0.259594
0.189170 0.180678
0.189335 0.280729
0.190190 0.248228
0.190429 0.249467
0.190510 0.257952
0.191054 0.153287
0.191170 0.191664
0.191662 0.096166
0.191996 0.223960
0.192250 0.168303
0.192857 0.411391
0.192971 0.174676
0.193376 0.367003
0.193402 0.255330
0.193538 0.284798
0.196936 0.292059
0.197583 0.323150
0.197708 0.259206
0.198511 0.302789
0.198694 0.230002
0.199014 0.257684
0.199353 0.221658
0.200956 0.320506
0.201489 0.263515
0.202121 0.369703
0.202831 0.256474
0.203189 0.260048
0.203736 0.293959
0.203890 0.217261
0.204186 0.238424
0.205461 0.238565
0.205554 0.389877
0.206109 0.253524
0.207523 0.302615
0.207910 0.254960
0.208350 0.286517
0.208503 0.264930
0.208802 0.256678
0.209621 0.381920
0.209811 0.337016
0.209936 0.286967
0.210379 0.273388
0.210464 0.265847
0.211127 0.276510
0.211517 0.223015
0.211607 0.242887
0.211810 0.179108
0.212074 0.267948
0.212198 0.233803
0.212226 0.220174
0.212289 0.278746
0.213659 0.371582
0.213681 0.211807
0.214222 0.182006
0.214645 0.288452
0.214977 0.276380
0.215085 0.295613
0.216485 0.269276
0.216537 0.243698
0.217056 0.241937
0.218829 0.325254
0.219779 0.324582
0.219831 0.289771
0.219847 0.270033
0.220597 0.224888
0.221040 0.326313
0.221271 0.232392
0.222609 0.219015
0.222845 0.239717
0.224606 0.269866
0.226663 0.261472
0.227921 0.305596
0.228882 0.296466
0.229457 0.291731
0.229798 0.245897
0.230367 0.357300
0.232703 0.342041
0.232804 0.345503
0.233328 0.341369
0.233338 0.255338
0.233821 0.367705
0.235474 0.320845
0.235491 0.365716
0.236071 0.179404
0.236487 0.343661
0.236938 0.366146
0.238101 0.284344
0.238911 0.245271
0.238914 0.264378
0.239562 0.305333
0.239826 0.365040
0.240339 0.356396
0.240438 0.377304
0.240692 0.346009
0.241041 0.315087
0.241565 0.342639
0.243445 0.374424
0.243955 0.295449
0.245388 0.288779
0.245530 0.221713
0.246828 0.351706
0.248984 0.337683
0.249036 0.294210
0.249566 0.360627
0.249991 0.176036
0.250047 0.283577
0.250255 0.244491
0.250914 0.359646
0.252765 0.266739
0.253177 0.266807
0.253339 0.344736
0.253762 0.292169
0.254391 0.292459
0.254591 0.381552
0.255527 0.240751
0.256403 0.434654
0.256729 0.328285
0.258274 0.296452
0.258526 0.345632
0.258662 0.374324
0.260579 0.287145
0.260662 0.357174
0.260803 0.290825
0.261266 0.320556
0.261613 0.319185
0.261866 0.295562
0.262629 0.305037
0.263337 0.312374
0.263706 0.280673
0.265326 0.349277
0.265379 0.290194
0.266760 0.322165
0.269554 0.367691
0.270404 0.400356
0.270410 0.363870
0.272448 0.410642
0.273675 0.369631
0.273697 0.321013
0.273769 0.374281
0.273838 0.401867
0.274245 0.297226
0.274488 0.315271
0.274592 0.183842
0.274617 0.245687
0.275261 0.215637
0.275380 0.420741
0.275743 0.311060
0.276152 0.315378
0.276253 0.335570
0.276848 0.368331
0.277127 0.313646
0.277839 0.349278
0.278213 0.186781
0.278744 0.274232
0.278861 0.347109
0.279040 0.307329
0.280999 0.289450
0.281660 0.337990
0.282024 0.370739
0.282033 0.307196
0.284181 0.322205
0.284181 0.432155
0.284222 0.317893
0.284622 0.364926
0.286359 0.445880
0.287174 0.345399
0.289279 0.374765
0.290119 0.322524
0.290149 0.388827
0.291436 0.262577
0.292207 0.319265
0.293120 0.341482
0.293747 0.320930
0.294175 0.342310
0.295201 0.201780
0.295452 0.389933
0.295601 0.389208
0.296315 0.290543
0.296639 0.377560
0.297554 0.284781
0.298711 0.241667
0.298871 0.300645
0.299316 0.283955
0.299566 0.349452
0.301314 0.315111
0.301561 0.361263
0.302708 0.286513
0.303202 0.211918
0.304728 0.225265
0.304755 0.296463
0.305245 0.335758
0.306123 0.357428
0.306328 0.379508
0.307238 0.300209
0.307616 0.250472
0.307720 0.412010
0.308185 0.308148
0.308307 0.326233
0.308319 0.378084
0.308352 0.419087
0.308607 0.292217
0.309280 0.348912
0.309794 0.287079
0.309949 0.353266
0.310327 0.453992
0.310405 0.348755
0.310865 0.283583
0.311388 0.320275
0.311912 0.364999
0.312708 0.308297
0.312717 0.357499
0.313175 0.349441
0.313392 0.355327
0.313538 0.390170
0.314208 0.367752
0.315075 0.338876
0.315644 0.327273
0.315647 0.441382
0.315885 0.367304
0.316099 0.434830
0.316681 0.355022
0.316688 0.318150
0.316733 0.404575
0.318356 0.309521
0.318402 0.289068
0.318415 0.346509
0.319600 0.341072
0.320910 0.283486
0.321248 0.473992
0.322517 0.301059
0.322877 0.410374
0.323171 0.290274
0.324006 0.354681
0.324503 0.416227
0.324719 0.319749
0.325164 0.401583
0.325607 0.266113
0.325692 0.338929
0.325869 0.252496
0.325874 0.445962
0.325981 0.257155
0.325993 0.299191
0.327134 0.367858
0.327924 0.369365
0.328598 0.310623
0.329159 0.345180
0.329459 0.401074
0.329723 0.560024
0.329792 0.417395
0.331776 0.331651
0.331838 0.412200
0.333961 0.308218
0.335668 0.415229
0.335959 0.309526
0.336279 0.271314
0.337296 0.427490
0.337788 0.313798
0.337929 0.433719
0.338782 0.370627
0.339584 0.348418
0.340418 0.362888
0.340520 0.297881
0.340801 0.386018
0.341658 0.417855
0.341900 0.362176
0.342286 0.321265
0.342765 0.350123
0.343153 0.340070
0.344030 0.300325
0.344277 0.307761
0.344583 0.330505
0.344664 0.336690
0.345654 0.389908
0.345686 0.333754
0.346070 0.407711
0.346180 0.349660
0.346362 0.323643
0.346384 0.344456
0.346886 0.456012
0.348036 0.342682
0.348563 0.323082
0.348729 0.343423
0.350244 0.317196
0.350324 0.371635
0.352541 0.469026
0.352643 0.332270
0.353254 0.458094
0.353361 0.356950
0.353760 0.332843
0.354623 0.242590
0.356344 0.440706
0.356852 0.341624
0.358570 0.421692
0.358961 0.360834
0.360548 0.416044
0.360595 0.514666
0.360846 0.493818
0.360911 0.392730
0.361306 0.360683
0.361759 0.386542
0.365015 0.341608
0.365273 0.392945
0.365320 0.411232
0.366817 0.410347
0.367350 0.433540
0.367660 0.420587
0.367683 0.355664
0.368090 0.347677
0.368188 0.330210
0.368312 0.371291
0.369043 0.363325
0.369453 0.420601
0.369463 0.388661
0.369607 0.395252
0.369651 0.432398
0.369758 0.399040
0.372111 0.373951
0.372573 0.426374
0.372997 0.416868
0.373960 0.316922
0.374443 0.289603
0.375177 0.462582
0.376455 0.370130
0.376581 0.362103
0.377244 0.487583
0.377479 0.372224
0.378640 0.489438
0.379470 0.322185
0.379827 0.440288
0.380619 0.408581
0.380894 0.402323
0.381187 0.548994
0.384776 0.440541
0.387028 0.387401
0.387649 0.375163
0.388315 0.565376
0.391557 0.312794
0.391689 0.516990
0.392487 0.357549
0.392781 0.372282
0.393490 0.436430
0.393713 0.421096
0.394371 0.457247
0.394709 0.439910
0.395535 0.486602
0.397317 0.365771
0.397952 0.438862
0.398181 0.523891
0.399396 0.512279
0.400265 0.360326
0.400989 0.403481
0.401343 0.356854
0.402180 0.427886
0.404446 0.393010
0.407218 0.444401
0.407721 0.507063
0.408029 0.350491
0.408204 0.463039
0.408235 0.372631
0.408370 0.441727
0.408699 0.424837
0.408790 0.490320
0.410210 0.290591
0.410210 0.486676
0.410760 0.350371
0.412762 0.401309
0.413967 0.430250
0.414890 0.379382
0.416298 0.418820
0.416736 0.370227
0.416836 0.506566
0.417718 0.405997
0.418041 0.393654
0.418314 0.422059
0.418670 0.350298
0.418846 0.495086
0.419867 0.483825
0.420224 0.509385
0.420518 0.397441
0.420851 0.461176
0.421300 0.578183
0.422797 0.319771
0.423602 0.375064
0.424052 0.446847
0.424314 0.392847
0.424472 0.446487
0.425137 0.475381
0.425236 0.373676
0.425926 0.584426
0.427475 0.414923
0.427525 0.425966
0.427847 0.442457
0.427985 0.397969
0.427995 0.497856
0.428914 0.520332
0.429560 0.375522
0.430038 0.419779
0.430298 0.428246
0.431799 0.327826
0.432733 0.502936
0.432959 0.471092
0.433058 0.433544
0.433321 0.499012
0.434408 0.577448
0.434614 0.428754
0.434873 0.438799
0.436278 0.392116
0.437319 0.448207
0.438310 0.381741
0.440440 0.448424
0.441442 0.362944
0.441568 0.481408
0.446403 0.428470
0.447502 0.460609
0.447568 0.491269
0.447619 0.454553
0.447811 0.402014
0.447994 0.441975
0.448384 0.392597
0.448757 0.504229
0.449429 0.479029
0.450007 0.465040
0.450111 0.424772
0.450581 0.526570
0.450879 0.335228
0.454207 0.493250
0.455943 0.439835
0.457073 0.393156
0.457882 0.442757
0.459382 0.399118
0.459462 0.528006
0.460080 0.523544
0.460509 0.370035
0.460953 0.521944
0.462621 0.381329
0.462710 0.551105
0.466046 0.445646
0.466378 0.438852
0.467010 0.472359
0.470040 0.551667
0.470477 0.391721
0.471282 0.499110
0.472301 0.481537
0.472452 0.356794
0.474670 0.537041
0.475860 0.553797
0.477938 0.437013
0.478167 0.443783
0.479113 0.525050
0.479639 0.466190
0.480248 0.493689
0.480846 0.514623
0.482319 0.546657
0.482820 0.455446
0.483138 0.512341
0.483161 0.431156
0.483434 0.475959
0.483565 0.478358
0.484791 0.483821
0.485272 0.414391
0.488726 0.501267
0.489097 0.525466
0.489644 0.549839
0.489823 0.492353
0.489964 0.478436
0.491564 0.493226
0.492511 0.527065
0.492607 0.549117
0.493112 0.502119
0.493410 0.460593
0.493659 0.478215
0.494942 0.533987
0.496000 0.419778
0.497063 0.449919
0.497638 0.592088
0.498132 0.443457
0.498202 0.437189
0.501429 0.486724
0.501517 0.454089
0.502609 0.470087
0.502715 0.552414
0.503220 0.516904
0.503592 0.541671
0.504608 0.486182
0.505334 0.544918
0.505497 0.472257
0.507904 0.555952
0.509852 0.453087
0.510637 0.406973
0.510713 0.481963
0.511766 0.584206
0.512022 0.510305
0.512566 0.450862
0.514434 0.530033
0.514757 0.449897
0.515463 0.557995
0.515931 0.531817
0.516619 0.522693
0.519099 0.478692
0.519754 0.493350
0.520621 0.444938
0.521732 0.461508
0.522055 0.443926
0.523289 0.527615
0.524743 0.618525
0.526417 0.554015
0.526616 0.440596
0.527025 0.582091
0.527531 0.430492
0.528469 0.467008
0.528544 0.487181
0.530342 0.522632
0.530393 0.613962
0.532540 0.543859
0.533618 0.481220
0.534434 0.593576
0.536134 0.564346
0.536707 0.575655
0.538741 0.561568
0.539353 0.545064
0.539364 0.479908
0.540652 0.644054
0.540759 0.568209
0.540817 0.479508
0.542012 0.499495
0.543209 0.569068
0.543529 0.558995
0.546155 0.523703
0.546476 0.588447
0.548217 0.543332
0.549448 0.555671
0.550908 0.472901
0.551928 0.604698
0.552843 0.530338
0.553406 0.573243
0.554847 0.615320
0.555024 0.503271
0.555167 0.599949
0.555524 0.535244
0.556835 0.504653
0.556866 0.528855
0.557235 0.423873
0.557910 0.609733
0.559757 0.452484
0.561152 0.570512
0.564263 0.457393
0.564338 0.602730
0.564793 0.636915
0.565482 0.406052
0.568430 0.581932
0.571982 0.608156
0.573048 0.578067
0.578690 0.516085
0.581410 0.572131
0.581722 0.584891
0.583128 0.494193
0.587067 0.547747
0.587699 0.572506
0.588589 0.496543
0.591075 0.610372
0.592356 0.568557
0.592879 0.518252
0.597223 0.470595
0.597509 0.467653
0.601399 0.610509
0.602322 0.548383
0.609350 0.474492
0.613332 0.549551
0.613507 0.656713
0.614727 0.658276
0.614793 0.527394
0.617804 0.590353
0.623086 0.500555
0.624083 0.575275
0.625659 0.674018
0.632254 0.625198
0.638590 0.695301
0.640373 0.532463
0.640834 0.604617
0.644884 0.656766
0.647897 0.616222
0.651763 0.539547
0.654940 0.666030
0.663037 0.629903
0.668347 0.604694
0.676322 0.611408
0.683334 0.671437
0.684022 0.594022
0.687209 0.588271
0.695411 0.609823
0.696750 0.522472
0.700345 0.640876
0.703923 0.647540
0.706987 0.706894
0.708599 0.644252
0.709282 0.680403
0.710637 0.630155
0.715426 0.632691
0.717839 0.702132
0.718043 0.607865
0.726412 0.639166
0.726746 0.786347
0.730213 0.713541
0.732257 0.756434
0.733264 0.656543
0.735283 0.712752
0.736417 0.734822
0.737288 0.756989
0.738817 0.572854
0.741870 0.605342
0.750586 0.686495
0.763427 0.820229
0.769565 0.600204
0.772514 0.664897
0.788155 0.614552
0.795186 0.664180
0.797833 0.661743
0.804455 0.771327
0.810513 0.639412
0.825844 0.757875
0.839776 0.731385
0.842859 0.831641
0.854815 0.792590
0.885735 0.873386
0.902748 0.790223
0.941927 0.948357
0.944129 0.786285
0.955590 0.743946
0.958429 0.786180
0.989071 0.865747
1.000000 1.000000
