0.000000 0.418795
0.014599 0.187527
0.020281 0.445612
0.022171 0.342770
0.031372 0.183015
0.033269 0.376333
0.050822 0.432327
0.053114 0.340383
0.063626 0.000000
0.063637 0.286030
0.063811 0.279619
0.066662 0.338104
0.066999 0.541942
0.071873 0.286548
0.074284 0.467856
0.078389 0.313822
0.096008 0.382416
0.096828 0.332828
0.098610 0.379479
0.102850 0.369539
0.104928 0.346606
0.105969 0.341058
0.107496 0.207814
0.109148 0.467900
0.110389 0.298990
0.111723 0.284832
0.111965 0.485613
0.114517 0.457927
0.116258 0.372571
0.116566 0.417552
0.120270 0.275993
0.123382 0.343441
0.126435 0.375571
0.127793 0.401139
0.129702 0.333872
0.130659 0.465796
0.132826 0.435118
0.132893 0.429380
0.134621 0.301204
0.135449 0.493816
0.138545 0.308852
0.138955 0.337042
0.140232 0.390605
0.142231 0.434482
0.142870 0.496341
0.143701 0.257833
0.144599 0.327918
0.147371 0.540638
0.154734 0.263900
0.158237 0.473407
0.158471 0.456407
0.159111 0.461534
0.159451 0.356123
0.160607 0.505717
0.163206 0.355316
0.165763 0.384963
0.165797 0.352464
0.169390 0.320897
0.173795 0.336463
0.174829 0.344197
0.175586 0.222291
0.176096 0.316990
0.177584 0.459327
0.179332 0.447250
0.179420 0.520706
0.180958 0.565128
0.182309 0.519288
0.183007 0.513522
0.183257 0.390692
0.183334 0.340124
0.183546 0.463150
0.183601 0.514687
0.184420 0.482123
0.185694 0.341632
0.188449 0.354615
0.191076 0.386335
0.193381 0.256700
0.195594 0.339323
0.198629 0.536669
0.200099 0.443246
0.203476 0.309905
0.204048 0.298206
0.205038 0.398064
0.205070 0.373818
0.206541 0.526999
0.207739 0.412209
0.208896 0.376386
0.210377 0.309305
0.213029 0.339176
0.213296 0.382979
0.213769 0.419778
0.216171 0.381935
0.218732 0.355367
0.219029 0.432697
0.219247 0.408640
0.219697 0.445735
0.219974 0.527675
0.221484 0.342243
0.221773 0.429775
0.222300 0.453195
0.224184 0.323207
0.225026 0.458700
0.228130 0.424704
0.228984 0.309112
0.230521 0.420915
0.232548 0.407844
0.233146 0.580833
0.233276 0.492825
0.235616 0.296344
0.235659 0.534399
0.235989 0.315907
0.236573 0.436418
0.238687 0.407200
0.240614 0.282064
0.240666 0.470134
0.243984 0.372940
0.244675 0.415154
0.245185 0.299348
0.245678 0.466847
0.246572 0.197132
0.247098 0.148371
0.247981 0.450290
0.249221 0.496002
0.249405 0.171466
0.251385 0.300760
0.251775 0.408850
0.252521 0.376368
0.254028 0.564820
0.258202 0.426188
0.258251 0.485981
0.259118 0.326445
0.260810 0.401925
0.262672 0.186897
0.263100 0.305086
0.264435 0.430704
0.264775 0.346301
0.266524 0.419039
0.267908 0.518406
0.269766 0.504971
0.269938 0.488089
0.270439 0.341048
0.270916 0.291583
0.271541 0.127929
0.272226 0.307407
0.273668 0.347600
0.275284 0.356495
0.276523 0.212584
0.277317 0.395258
0.277484 0.398743
0.278452 0.444748
0.279216 0.547600
0.279523 0.330141
0.281879 0.409211
0.282528 0.449567
0.283887 0.502461
0.285916 0.429563
0.286653 0.276127
0.287984 0.495900
0.293560 0.507209
0.293594 0.481752
0.296091 0.347364
0.298255 0.576525
0.298718 0.366106
0.299500 0.573383
0.300012 0.562768
0.300690 0.298904
0.300961 0.404166
0.301286 0.373767
0.302046 0.352161
0.305543 0.436276
0.305918 0.370248
0.306128 0.325402
0.306540 0.411341
0.306811 0.487136
0.307317 0.446681
0.307787 0.359647
0.308684 0.199216
0.312568 0.306583
0.313619 0.423449
0.315554 0.412716
0.316581 0.405447
0.316861 0.294801
0.316972 0.341756
0.319082 0.411664
0.319596 0.292889
0.319616 0.296541
0.320234 0.306968
0.320440 0.524601
0.322101 0.723746
0.322103 0.370893
0.324238 0.353989
0.324273 0.397428
0.325198 0.560380
0.325771 0.396426
0.329002 0.304512
0.331338 0.522864
0.331733 0.451377
0.333979 0.582412
0.335243 0.536064
0.338246 0.414364
0.339938 0.571280
0.340945 0.559747
0.341960 0.254441
0.342362 0.496507
0.346510 0.496474
0.347302 0.428127
0.347748 0.594706
0.348632 0.465362
0.351702 0.878576
0.352666 0.543033
0.352979 0.478498
0.353295 0.457440
0.353515 0.547256
0.354261 0.226152
0.354524 0.371842
0.354560 0.584482
0.355460 0.486715
0.356540 0.283308
0.358785 0.479319
0.360695 0.503978
0.362521 0.604852
0.363124 0.425102
0.364373 0.563080
0.364544 0.441591
0.367312 0.479873
0.367684 0.498198
0.368110 0.432083
0.368174 0.313345
0.371185 0.365664
0.371812 0.469517
0.372420 0.555604
0.372657 0.284214
0.376418 0.560468
0.377909 0.313042
0.378192 0.447428
0.380241 0.366863
0.381691 0.576651
0.383269 0.446261
0.384626 0.177855
0.386456 0.439852
0.388327 0.598140
0.389393 0.475448
0.395686 0.364139
0.397097 0.464763
0.397387 0.396846
0.397495 0.397472
0.398014 0.273636
0.398248 0.403785
0.398995 0.557548
0.399313 0.354989
0.400293 0.368240
0.402567 0.473517
0.403407 0.374262
0.405313 0.445580
0.407371 0.607636
0.407396 0.475017
0.409203 0.472608
0.409205 0.605973
0.414656 0.422311
0.415143 0.321938
0.415780 0.489791
0.415926 0.533683
0.416420 0.390163
0.416793 0.213788
0.416852 0.232862
0.418789 0.402609
0.418895 0.429985
0.421928 0.207753
0.423783 0.455968
0.424084 0.435181
0.425352 0.450360
0.426224 0.374868
0.429705 0.367202
0.430016 0.163560
0.432900 0.355290
0.433647 0.412777
0.436325 0.581275
0.438162 0.682596
0.440742 0.474050
0.441947 0.516781
0.442170 0.563969
0.443146 0.394719
0.443271 0.483276
0.447147 0.483390
0.449684 0.310143
0.452077 0.571792
0.452877 0.499032
0.453526 0.612515
0.454610 0.606725
0.455007 0.500918
0.456882 0.591501
0.459252 0.561110
0.460268 0.508409
0.460552 0.576550
0.461991 0.621258
0.465913 0.535113
0.467510 0.572242
0.469242 0.393242
0.469535 0.752750
0.470073 0.310644
0.470258 0.269407
0.472648 0.496426
0.472779 0.510857
0.473567 0.558423
0.474874 0.457981
0.475804 0.529344
0.476394 0.406022
0.478106 0.411843
0.479796 0.499663
0.480599 0.394877
0.481054 0.626772
0.481715 0.470731
0.481769 0.529676
0.482008 0.587668
0.482054 0.354189
0.482384 0.463825
0.482433 0.468978
0.483495 0.675285
0.484240 0.573684
0.484963 0.350274
0.485255 0.704993
0.485593 0.512191
0.488034 0.536562
0.488728 0.441634
0.490864 0.565040
0.493830 0.330294
0.495822 0.494661
0.496703 0.610828
0.500026 0.650980
0.504759 0.408326
0.504950 0.412828
0.507053 0.661224
0.507873 0.412189
0.510878 0.389537
0.513719 0.374355
0.513915 0.532810
0.514504 0.487891
0.514527 0.355877
0.516150 0.458154
0.526450 0.507288
0.530505 0.651301
0.532373 0.516664
0.533673 0.602277
0.533782 0.562828
0.534621 0.434124
0.537218 0.533141
0.539585 0.687108
0.545346 0.426419
0.545917 0.639622
0.545979 0.481216
0.547681 0.440248
0.548721 0.344951
0.549625 0.690599
0.549659 0.483232
0.554781 0.594401
0.555441 0.540077
0.556342 0.385100
0.563313 0.522731
0.564577 0.725205
0.565083 0.428638
0.566484 0.369284
0.567367 0.706821
0.568856 0.467022
0.569218 0.516318
0.574680 0.550454
0.574935 0.613435
0.578226 0.733441
0.578308 0.578804
0.578478 0.565727
0.588324 0.689641
0.591527 0.485594
0.591949 0.533363
0.593057 0.611615
0.593653 0.414585
0.593768 0.383953
0.594039 0.449218
0.594107 0.662231
0.598615 0.629293
0.600187 0.426289
0.602595 0.624218
0.612376 0.736752
0.618113 0.336950
0.629305 0.394590
0.629400 0.434327
0.630590 0.406515
0.632389 0.682861
0.635272 0.513707
0.638403 0.614035
0.639681 0.650067
0.640972 0.771324
0.642877 0.457634
0.655256 0.528441
0.656982 0.570946
0.657624 0.632199
0.660135 0.727538
0.660900 0.619400
0.662651 0.636182
0.663034 0.519941
0.673143 0.604892
0.684968 0.660653
0.689765 0.732190
0.693359 0.426592
0.694951 0.507118
0.699441 0.434575
0.700224 0.642115
0.700599 0.613485
0.707635 0.692957
0.727899 0.732227
0.731886 0.774023
0.734458 0.553485
0.734888 0.548244
0.735981 0.803056
0.743452 0.926301
0.752157 0.276718
0.767223 0.725149
0.770266 0.892921
0.826392 0.712664
0.829086 0.775045
0.829344 0.583320
0.846672 0.716601
0.867591 0.924206
0.916969 0.429803
1.000000 1.000000
