0.000000 0.000000
0.003500 0.212005
0.006193 0.081801
0.006821 0.024934
0.007113 0.437144
0.009230 0.309757
0.011537 0.226622
0.013222 0.172384
0.013384 0.065379
0.024738 0.620732
0.028035 0.342065
0.033684 0.172458
0.036467 0.066769
0.040829 0.344266
0.047729 0.126429
0.048175 0.082263
0.049631 0.145090
0.051411 0.223815
0.051710 0.232107
0.052558 0.521107
0.053261 0.270710
0.054394 0.409023
0.055899 0.083255
0.056092 0.109825
0.056968 0.442609
0.058848 0.598571
0.062406 0.060806
0.062534 0.210951
0.063366 0.443452
0.064355 0.251088
0.065056 0.173970
0.066321 0.212697
0.066888 0.178764
0.073470 0.202831
0.074712 0.028392
0.078568 0.105062
0.079471 0.170741
0.080724 0.159465
0.081999 0.510696
0.082939 0.231945
0.083150 0.300585
0.083642 0.061733
0.083764 0.089936
0.084059 0.216454
0.084767 0.146153
0.085518 0.295880
0.087642 0.189248
0.089135 0.296343
0.089207 0.315429
0.089926 0.166327
0.091044 0.304956
0.093269 0.423790
0.093679 0.169505
0.093742 0.100573
0.094305 0.098699
0.094340 0.133033
0.094373 0.385133
0.095220 0.434658
0.096369 0.299332
0.096894 0.231710
0.098491 0.051462
0.101004 0.166142
0.101520 0.139617
0.101855 0.270034
0.102252 0.364823
0.104733 0.387935
0.108136 0.430063
0.109906 0.206793
0.110033 0.306792
0.111549 0.726484
0.112386 0.144386
0.112949 0.291746
0.113306 0.034901
0.113871 0.051329
0.113971 0.389347
0.114159 0.351783
0.114175 0.393484
0.115842 0.414444
0.115907 0.294705
0.116050 0.332464
0.117490 0.055533
0.117639 0.127462
0.118853 0.534082
0.120334 0.061514
0.120702 0.349224
0.121905 0.232323
0.122099 0.609191
0.122955 0.287582
0.123624 0.107465
0.123688 0.125478
0.124248 0.216215
0.124618 0.366739
0.124691 0.368600
0.127187 0.477490
0.127230 0.383467
0.127627 0.585168
0.127660 0.226687
0.127841 0.462288
0.128241 0.273825
0.129441 0.133238
0.130496 0.676331
0.131048 0.609442
0.131513 0.215792
0.132560 0.375118
0.133223 0.039612
0.134491 0.413611
0.136022 0.452877
0.136274 0.100035
0.136297 0.700851
0.139384 0.339893
0.140054 0.025014
0.140535 0.323481
0.141468 0.386095
0.141753 0.817350
0.145288 0.281516
0.145356 0.288512
0.146084 0.312817
0.147247 0.512061
0.150070 0.591714
0.151504 0.357782
0.151567 0.368215
0.152008 0.379522
0.152044 0.251938
0.152774 0.302980
0.153439 0.148467
0.155137 0.320821
0.155589 0.291844
0.155957 0.247599
0.156689 0.229840
0.157398 0.313480
0.157703 0.302490
0.159496 0.735254
0.160013 0.358461
0.161867 0.545375
0.163509 0.378310
0.165097 0.472672
0.165851 0.491657
0.166221 0.264834
0.169043 0.339440
0.169739 0.215718
0.169963 0.348697
0.172310 0.120747
0.173567 0.243259
0.174578 0.179176
0.175527 0.113863
0.175904 0.222255
0.176902 0.413065
0.177205 0.401230
0.177570 0.500679
0.178029 0.199561
0.178551 0.170143
0.178652 0.088569
0.180658 0.426995
0.180878 0.197888
0.180989 0.350335
0.182723 0.290768
0.183051 0.090268
0.183547 0.141126
0.183748 0.328745
0.184266 0.506646
0.184973 0.823478
0.185483 0.271307
0.186999 0.394523
0.187553 0.146891
0.188503 0.100940
0.190118 0.303041
0.192743 0.383769
0.193402 0.193116
0.193508 0.372308
0.195386 0.464411
0.195637 0.290239
0.196877 0.195327
0.196988 0.574976
0.199472 0.397776
0.199721 0.272735
0.201300 0.302158
0.202052 0.353276
0.202063 0.780517
0.202323 0.412876
0.204312 0.074470
0.205025 0.222913
0.205104 0.433352
0.205723 0.604993
0.206116 0.319555
0.206815 0.525907
0.208788 0.120376
0.209166 0.490795
0.209245 0.180036
0.210770 0.230107
0.211113 0.209498
0.212720 0.383035
0.213539 0.303148
0.213651 0.153827
0.213848 0.252224
0.214350 0.171444
0.215646 0.420913
0.215819 0.397394
0.216083 0.468188
0.216479 0.453906
0.217442 0.308724
0.217490 0.287486
0.217897 0.267561
0.218581 0.363580
0.219468 0.336028
0.219498 0.319335
0.219607 0.346972
0.219949 0.532626
0.220350 0.698844
0.221230 0.419580
0.221400 0.284804
0.221458 0.250272
0.221533 0.277928
0.222443 0.423870
0.223133 0.199986
0.223420 0.100835
0.223525 0.205829
0.224470 0.240652
0.225513 0.314377
0.225749 0.187813
0.225933 0.659851
0.225989 0.287606
0.227056 0.253947
0.227473 0.116845
0.228949 0.314876
0.229491 0.399984
0.229573 0.363476
0.229791 0.536680
0.230456 0.353200
0.230791 0.227569
0.231065 0.369105
0.232285 0.079879
0.232593 0.426013
0.232810 0.381836
0.233176 0.337794
0.235794 0.105674
0.236591 0.496106
0.236668 0.351509
0.237821 0.385293
0.237989 0.528328
0.238622 0.375419
0.240166 0.344167
0.240234 0.161529
0.240313 0.264491
0.240367 0.201933
0.242585 0.762844
0.242835 0.479830
0.242961 0.327313
0.242995 0.202754
0.243072 0.162539
0.243680 0.171290
0.244598 0.408462
0.244915 0.548945
0.245198 0.810110
0.245509 0.406589
0.245846 0.367077
0.246101 0.491927
0.246420 0.232020
0.247095 0.486323
0.247188 0.175625
0.247294 0.123050
0.247620 0.141753
0.248031 0.184545
0.248429 0.257976
0.248698 0.562416
0.248822 0.598596
0.248952 0.205664
0.249370 0.448590
0.249935 0.340794
0.249995 0.440426
0.251286 0.234809
0.251706 0.313717
0.251962 0.388116
0.252167 0.335588
0.252923 0.438524
0.252925 0.187125
0.253107 0.285276
0.253622 0.261342
0.254056 0.678703
0.254165 0.541336
0.254348 0.534918
0.254716 0.315483
0.256767 0.242532
0.257901 0.483372
0.258565 0.284929
0.258608 0.204351
0.258677 0.134661
0.259726 0.432964
0.259915 0.185796
0.260488 0.188203
0.260558 0.133986
0.261040 0.492330
0.261906 0.337798
0.262904 0.447368
0.263805 0.211827
0.264745 0.655678
0.266523 0.246942
0.266546 0.208807
0.267635 0.501851
0.267798 0.483022
0.268451 0.523693
0.268850 0.297017
0.269145 0.265861
0.270094 0.967441
0.270877 0.505520
0.270925 0.276347
0.270955 0.296031
0.272239 0.462167
0.272643 0.323039
0.273044 0.255927
0.273367 0.275860
0.273745 0.289013
0.274641 0.313245
0.274861 0.378907
0.275294 0.502331
0.276010 0.229513
0.276673 0.639813
0.276927 0.402775
0.278262 0.474307
0.278463 0.384401
0.278596 0.329515
0.279403 0.104200
0.279877 0.516144
0.280143 0.137929
0.282967 0.605305
0.283132 0.495269
0.283620 0.643896
0.283656 0.527354
0.283711 0.113802
0.284146 0.749157
0.284261 0.522132
0.284889 0.315904
0.285013 0.359984
0.286453 0.508810
0.286898 0.485896
0.287545 0.373527
0.288339 0.318405
0.288356 0.294182
0.288976 0.444681
0.289543 0.155353
0.289615 0.493576
0.290226 0.155734
0.290929 0.332404
0.290979 0.215563
0.291614 0.252555
0.291753 0.197171
0.291906 0.389792
0.292381 0.416046
0.292498 0.290683
0.292976 0.196319
0.293770 0.521718
0.294907 0.379424
0.295516 0.209958
0.295606 0.313772
0.295653 0.585581
0.296204 0.391758
0.296622 0.525436
0.297182 0.414545
0.297489 0.511444
0.298075 0.111625
0.300335 0.489944
0.300649 0.558581
0.301032 0.644691
0.302775 0.305349
0.302984 0.246750
0.303223 0.138795
0.304401 0.122699
0.304824 0.214704
0.304897 0.586057
0.305569 0.398360
0.305601 0.341588
0.306729 0.472597
0.307006 0.157620
0.307031 0.155907
0.307391 0.374257
0.309026 0.383237
0.309843 0.220712
0.310215 0.447430
0.310264 0.526491
0.311661 0.268791
0.312159 0.391663
0.312274 0.392924
0.312331 0.535149
0.313042 0.255109
0.313787 0.337907
0.313801 0.331083
0.314779 0.785493
0.316643 0.442829
0.316693 0.638144
0.317072 0.218234
0.317891 0.218701
0.318302 0.555838
0.319332 0.242779
0.319380 0.361648
0.321467 0.233511
0.321548 0.242452
0.321939 0.344216
0.322011 0.286318
0.322493 0.215798
0.322826 0.418954
0.324613 0.155623
0.326480 0.413940
0.326619 0.351108
0.327116 0.505107
0.329658 0.417654
0.329852 0.232610
0.330222 0.375616
0.331089 0.165210
0.332217 0.245166
0.332491 0.669448
0.333464 0.387785
0.334291 0.203264
0.335050 0.337198
0.336011 0.321842
0.337342 0.636496
0.337448 0.687431
0.338771 0.543539
0.339092 0.491920
0.339276 0.426049
0.339355 0.505201
0.339378 0.306881
0.340781 0.292546
0.341181 0.214069
0.341576 0.456073
0.341794 0.504807
0.343097 0.428024
0.343689 0.549246
0.344093 0.523478
0.346546 0.361676
0.346761 0.505744
0.346881 0.217945
0.348009 0.470860
0.348159 0.436532
0.349020 0.290226
0.349954 0.433579
0.350205 0.363223
0.350230 0.552882
0.350539 0.168377
0.350688 0.283146
0.351778 0.272773
0.352262 0.853976
0.354152 0.453574
0.354399 0.208754
0.354814 0.317264
0.357152 0.485963
0.357428 0.120639
0.357596 0.590757
0.358477 0.358711
0.358654 0.504546
0.359019 0.387598
0.359179 0.893486
0.359611 0.559931
0.359709 0.571768
0.362847 0.804162
0.362934 0.247149
0.363410 0.420714
0.363698 0.288489
0.364049 0.308740
0.364295 0.454783
0.364416 0.430581
0.364434 0.536924
0.365433 0.219547
0.365479 0.384355
0.366214 0.231509
0.367041 1.000000
0.367148 0.180961
0.367150 0.162806
0.367302 0.179270
0.367423 0.525135
0.368047 0.186552
0.370518 0.509088
0.370846 0.560773
0.371173 0.183246
0.372868 0.327556
0.373809 0.412539
0.373872 0.380300
0.377950 0.267930
0.378971 0.498694
0.380675 0.237242
0.381142 0.246850
0.383388 0.411749
0.384334 0.207516
0.384511 0.260387
0.384946 0.303723
0.385241 0.200615
0.385296 0.282713
0.385375 0.348587
0.386089 0.135529
0.386415 0.872591
0.386631 0.117934
0.387932 0.482586
0.387965 0.443096
0.388140 0.499640
0.388327 0.241782
0.389616 0.392080
0.390168 0.608287
0.390275 0.296696
0.390321 0.343398
0.391466 0.741669
0.391527 0.681330
0.392567 0.220445
0.393789 0.373764
0.394212 0.325363
0.396253 0.542551
0.397955 0.487855
0.398141 0.404536
0.399623 0.371084
0.399734 0.357211
0.400729 0.618067
0.401321 0.139111
0.401374 0.231149
0.401750 0.468662
0.402336 0.443823
0.402661 0.490003
0.402811 0.109740
0.403427 0.274683
0.406426 0.555503
0.407992 0.268525
0.408547 0.298834
0.411049 0.404631
0.411400 0.259049
0.413125 0.285612
0.413859 0.238074
0.414549 0.284519
0.415486 0.371520
0.415974 0.259213
0.416359 0.357346
0.416416 0.337170
0.417173 0.541735
0.418717 0.375470
0.419401 0.529301
0.420776 0.337509
0.420823 0.282525
0.420890 0.274886
0.420970 0.354028
0.421672 0.263241
0.421955 0.356809
0.421956 0.361591
0.422013 0.344353
0.422263 0.427361
0.423008 0.282302
0.423684 0.184726
0.424982 0.353544
0.425545 0.392289
0.427646 0.432413
0.429252 0.574571
0.429491 0.231685
0.430823 0.362024
0.432626 0.373850
0.435205 0.621522
0.436066 0.278955
0.436141 0.660720
0.436171 0.494241
0.436940 0.699204
0.437965 0.599800
0.441036 0.237210
0.441812 0.170844
0.441881 0.184104
0.443323 0.832568
0.444746 0.477306
0.446070 0.405011
0.449025 0.585658
0.450404 0.583686
0.451767 0.421743
0.451993 0.524005
0.452094 0.153689
0.453355 0.627200
0.453407 0.266643
0.454347 0.391989
0.456142 0.404734
0.457308 0.337167
0.457644 0.302877
0.458011 0.585419
0.459034 0.610557
0.459468 0.279965
0.460826 0.376438
0.461305 0.563558
0.462937 0.344357
0.465849 0.371010
0.466541 0.228917
0.468475 0.413939
0.470117 0.463693
0.471315 0.345135
0.472196 0.229018
0.472228 0.543879
0.473669 0.268183
0.475439 0.266599
0.475861 0.431605
0.476606 0.197915
0.476791 0.243521
0.480413 0.630615
0.480968 0.415648
0.481931 0.547593
0.482469 0.217416
0.484593 0.423072
0.485278 0.725366
0.485638 0.181476
0.486216 0.561079
0.486543 0.238082
0.491556 0.250467
0.492332 0.278570
0.494043 0.434417
0.496256 0.151424
0.497536 0.158840
0.500015 0.758201
0.501530 0.718058
0.502662 0.438103
0.504775 0.457808
0.505203 0.626141
0.506034 0.508786
0.507035 0.221340
0.507874 0.689389
0.508178 0.499641
0.508414 0.320616
0.508722 0.384554
0.512652 0.621128
0.515099 0.436360
0.515722 0.415666
0.517152 0.658705
0.517197 0.204225
0.518338 0.298435
0.521883 0.603686
0.522717 0.498597
0.522804 0.282298
0.524665 0.429253
0.525358 0.438831
0.525725 0.331091
0.526632 0.582941
0.526939 0.114469
0.532275 0.461397
0.535192 0.419767
0.536400 0.504897
0.540660 0.525347
0.543709 0.441006
0.545445 0.099607
0.546851 0.331457
0.548121 0.279463
0.548253 0.401668
0.548490 0.690762
0.549823 0.245043
0.550826 0.321136
0.551259 0.517142
0.551791 0.438105
0.552748 0.321501
0.555528 0.231470
0.556001 0.575652
0.558127 0.491513
0.565811 0.391523
0.568183 0.212143
0.569763 0.665480
0.571817 0.257519
0.572508 0.502473
0.574099 0.490794
0.574893 0.699168
0.575777 0.312923
0.576361 0.531981
0.577862 0.136005
0.587967 0.085219
0.595444 0.163222
0.596807 0.319130
0.597469 0.657153
0.599892 0.882753
0.601656 0.348228
0.606612 0.522633
0.609839 0.251410
0.611088 0.263508
0.612898 0.197246
0.613424 0.182316
0.614714 0.214243
0.624261 0.622743
0.625099 0.323394
0.627660 0.226777
0.633952 0.466175
0.643873 0.276286
0.645412 0.594827
0.645793 0.177221
0.647161 0.157066
0.649156 0.347870
0.651276 0.863369
0.654777 0.431844
0.660822 0.436182
0.661579 0.214819
0.666585 0.752723
0.666997 0.716965
0.668861 0.265974
0.672199 0.364504
0.672673 0.509684
0.675568 0.314537
0.679050 0.300399
0.682783 0.515711
0.683487 0.330386
0.686210 0.323346
0.686807 0.378584
0.694765 0.297141
0.713367 0.469301
0.724340 0.705481
0.728594 0.294260
0.731592 0.654813
0.733189 0.208879
0.737305 0.477186
0.750012 0.275350
0.758709 0.487486
0.772454 0.214008
0.773808 0.399505
0.797377 0.397172
0.813052 0.224038
0.848118 0.481747
1.000000 0.603451
