0.000000 0.194142
0.009891 0.115180
0.014044 0.105040
0.020177 0.278192
0.020623 0.191967
0.024081 0.072688
0.026524 0.014953
0.027033 0.323141
0.028823 0.136100
0.031290 0.454492
0.033165 0.526479
0.037443 0.124824
0.039078 0.277953
0.041132 0.347018
0.043202 0.121910
0.047631 0.188471
0.048469 0.366797
0.055623 0.268329
0.057775 0.098756
0.061490 0.030690
0.064151 0.274310
0.065649 0.237359
0.067285 0.431241
0.070159 0.258391
0.070428 0.288667
0.071824 0.148867
0.074043 0.277053
0.074757 0.000000
0.077414 0.256193
0.077438 0.423891
0.082818 0.372293
0.083215 0.228723
0.084012 0.164007
0.086772 0.283247
0.087663 0.100446
0.088472 0.096375
0.090970 0.140821
0.091982 0.241777
0.092260 0.299875
0.094996 0.356176
0.095745 0.072211
0.096041 0.130193
0.096827 0.198513
0.098004 0.162294
0.098945 0.254845
0.099444 0.160599
0.101967 0.171925
0.102892 0.253324
0.103301 0.400491
0.103315 0.200348
0.104803 0.569323
0.105003 0.394490
0.105827 0.155366
0.106564 0.241456
0.113995 0.600698
0.116713 0.655485
0.117612 0.514032
0.121030 0.406094
0.122610 0.149532
0.123916 0.340684
0.124174 0.664155
0.124429 0.447888
0.126736 0.136326
0.127412 0.287702
0.130468 0.167800
0.135872 0.219775
0.136504 0.524582
0.137142 0.266663
0.137655 0.218029
0.139863 0.281356
0.141240 0.300397
0.142279 0.183132
0.143398 0.067687
0.143628 0.188116
0.145501 0.057439
0.146621 0.463283
0.148126 0.234219
0.148349 0.042259
0.150732 0.429731
0.151060 0.047929
0.151834 0.127245
0.153135 0.378154
0.155127 0.512891
0.155999 0.320353
0.156031 0.218432
0.156123 0.193376
0.156518 0.508356
0.157204 0.300177
0.158311 0.310040
0.160531 0.211884
0.161895 0.173801
0.163523 0.194813
0.165695 0.056659
0.166592 0.268709
0.169517 0.277893
0.169737 0.392239
0.172412 0.192864
0.173315 0.347292
0.173506 0.096405
0.175088 0.295647
0.176073 0.397065
0.176733 0.110660
0.177257 0.268638
0.177277 0.290645
0.178600 0.249089
0.178645 0.067817
0.179066 0.078938
0.180147 0.474848
0.180342 0.295362
0.181312 0.358870
0.182209 0.184742
0.183616 0.275620
0.183627 0.191810
0.185616 0.016093
0.186949 0.265963
0.190847 0.251563
0.190860 0.426618
0.191717 0.139063
0.191834 0.081392
0.192850 0.304169
0.195912 0.251222
0.196484 0.473430
0.200234 0.428251
0.200968 0.336769
0.201401 0.204359
0.202052 0.215498
0.202321 0.354182
0.202889 0.352620
0.203835 0.290345
0.204017 0.346313
0.204504 0.178913
0.206059 0.287028
0.208475 0.323089
0.209423 0.538877
0.209707 0.387992
0.212536 0.216297
0.213917 0.283280
0.215538 0.278278
0.215705 0.085310
0.216803 0.238134
0.218224 0.207119
0.219820 0.049066
0.220038 0.709877
0.221399 0.062886
0.221768 0.063675
0.222345 0.213198
0.222508 0.197825
0.222607 0.108021
0.223261 0.359508
0.223588 0.217292
0.224261 0.597062
0.226487 0.136923
0.232836 0.281750
0.233638 0.301414
0.238962 0.229768
0.239055 0.223520
0.241960 0.228865
0.243520 0.323159
0.244424 0.376044
0.245267 0.105285
0.246918 0.192446
0.248531 0.217039
0.249562 0.594396
0.251015 0.243451
0.251039 0.066018
0.251090 0.377790
0.254689 0.322649
0.254783 0.218367
0.255032 0.025355
0.256275 0.365264
0.257246 0.098653
0.257693 0.465062
0.259644 0.421950
0.260083 0.196134
0.261222 0.213553
0.261719 0.312094
0.261795 0.364891
0.262607 0.315918
0.262914 0.135600
0.262979 0.102906
0.265276 0.222536
0.265844 0.192745
0.268585 0.277520
0.268674 0.181179
0.270249 0.406191
0.270424 0.381096
0.272934 0.667166
0.273890 0.299481
0.275066 0.262035
0.275096 0.466018
0.276167 0.386035
0.277595 0.435508
0.278429 0.447729
0.280479 0.112163
0.280574 0.485074
0.283732 0.283246
0.284193 0.469737
0.285530 0.311558
0.285737 0.556838
0.285939 0.218216
0.286215 0.473256
0.291912 0.202961
0.293036 0.419719
0.294594 0.263649
0.294713 0.214973
0.295212 0.480793
0.295767 0.364683
0.296420 0.223297
0.297555 0.150053
0.298709 0.323971
0.299708 0.283765
0.299895 0.356191
0.300573 0.430028
0.301259 0.175736
0.301692 0.152217
0.302609 0.265121
0.302901 0.427227
0.305103 0.454996
0.306139 0.204820
0.306240 0.431521
0.308897 0.413188
0.310154 0.117871
0.310514 0.170048
0.313587 0.305715
0.316088 0.225140
0.316511 0.143625
0.316580 0.282562
0.320809 0.581261
0.323033 0.180957
0.325435 0.174337
0.326143 0.524954
0.326236 0.398499
0.327612 0.150906
0.327963 0.288999
0.328292 0.289979
0.329401 0.189645
0.332570 0.189800
0.332877 0.525382
0.333509 0.131654
0.333645 0.273026
0.333670 0.500449
0.334121 0.459998
0.334527 0.171856
0.336511 0.232538
0.337325 0.159660
0.337445 0.092248
0.337966 0.364359
0.339381 0.072357
0.340060 0.145497
0.340120 0.200063
0.341034 0.280184
0.341747 0.314896
0.342247 0.299811
0.342323 0.319692
0.342961 0.136867
0.344001 0.316414
0.344266 0.107593
0.345107 0.414908
0.346072 0.222781
0.346882 0.408018
0.347583 0.198355
0.349111 0.428603
0.349698 0.196516
0.350526 0.391544
0.350905 0.323263
0.352755 0.259177
0.353127 0.322264
0.354355 0.240358
0.354624 0.173851
0.355614 0.403599
0.357113 0.180527
0.358549 0.098302
0.359381 0.236610
0.362241 0.327241
0.363769 0.319308
0.368726 0.378612
0.377537 0.163466
0.378737 0.269957
0.381289 0.294470
0.381564 0.364462
0.383549 0.157497
0.383834 0.104553
0.384033 0.239151
0.384401 0.213141
0.386795 0.327558
0.387229 0.461618
0.387553 0.061595
0.387733 0.401279
0.388780 0.321827
0.390424 0.482201
0.391124 0.366660
0.392118 0.199857
0.394303 0.324499
0.394475 0.261320
0.395708 0.280752
0.396739 0.290573
0.396755 0.227460
0.397478 0.311444
0.398602 0.252333
0.399171 0.375658
0.401326 0.271705
0.401961 0.189722
0.402554 0.269273
0.405467 0.289511
0.405597 0.619031
0.405679 0.045834
0.407030 0.635020
0.410362 0.447979
0.410942 0.125816
0.411602 0.200592
0.414508 0.346548
0.415906 0.082286
0.416031 0.345466
0.417899 0.146241
0.418064 0.568124
0.418289 0.644630
0.418764 0.264753
0.420139 0.420474
0.420283 0.444211
0.420869 0.052182
0.422327 0.288863
0.422575 0.398939
0.422896 0.292319
0.425885 0.483966
0.426163 0.139112
0.427969 0.532742
0.428385 0.215575
0.430034 0.272441
0.431213 0.350518
0.434026 0.118763
0.435975 0.134504
0.436218 0.194584
0.436732 0.287000
0.436815 0.218383
0.436821 0.397301
0.440049 0.338341
0.440395 0.143778
0.440797 0.315388
0.441325 0.342319
0.443668 0.382313
0.444183 0.169613
0.444719 0.234338
0.446172 0.362095
0.449044 0.462892
0.452315 0.290691
0.452380 0.466313
0.455578 0.379960
0.456154 0.331837
0.460489 0.155912
0.461490 0.323487
0.462244 0.367267
0.462251 0.299016
0.462611 0.359018
0.462814 0.318769
0.466145 0.303730
0.466715 0.539292
0.466908 0.235273
0.467333 0.764199
0.468108 0.180784
0.473257 0.189543
0.476855 0.209597
0.479288 0.499725
0.479599 0.520188
0.480563 0.177408
0.486119 0.598951
0.487286 0.360054
0.490272 0.360980
0.497218 0.290465
0.500424 0.485864
0.501119 0.368396
0.501789 0.282927
0.510342 0.306122
0.511345 0.371790
0.511931 0.124807
0.515123 0.234476
0.517573 0.341531
0.517920 0.069686
0.521194 0.216559
0.522558 0.166695
0.524243 0.556799
0.524588 0.426252
0.526739 0.152719
0.527664 0.263020
0.528182 0.354359
0.528342 0.251064
0.528628 0.396469
0.529181 0.445701
0.530847 0.337178
0.533340 0.245394
0.533416 0.332285
0.534836 0.408916
0.538290 0.500246
0.539884 0.187592
0.543035 0.225343
0.544110 0.257183
0.545250 0.501449
0.546860 0.453826
0.547806 0.610329
0.550654 0.543515
0.553367 0.174096
0.555485 0.426673
0.556151 0.510133
0.556710 0.126347
0.558349 1.000000
0.561287 0.322229
0.565448 0.329801
0.565702 0.185449
0.568479 0.230993
0.573739 0.254163
0.574290 0.687597
0.574835 0.439452
0.575609 0.165980
0.576008 0.270058
0.578281 0.342297
0.586743 0.315413
0.589145 0.478948
0.601384 0.333795
0.604552 0.643128
0.605642 0.387090
0.605987 0.156519
0.613289 0.281735
0.618379 0.381643
0.619820 0.662447
0.619979 0.215245
0.624045 0.259053
0.625839 0.347583
0.627852 0.169822
0.643087 0.603239
0.644048 0.371033
0.655263 0.158703
0.656674 0.253308
0.659858 0.447088
0.660454 0.443427
0.662605 0.235244
0.671522 0.448930
0.674876 0.476902
0.674994 0.131249
0.676376 0.324567
0.696103 0.212244
0.708824 0.169844
0.713046 0.792726
0.713125 0.503448
0.720206 0.475841
0.730516 0.498230
0.730799 0.435314
0.745161 0.217222
0.746574 0.367780
0.805777 0.306633
0.830287 0.247827
0.868451 0.453003
0.927608 0.346731
0.963825 0.489789
1.000000 0.299059
