0.000000 0.197282
0.001912 0.603877
0.013855 0.359967
0.014755 0.317947
0.018348 0.107302
0.024338 0.288247
0.032968 0.149531
0.034377 0.197998
0.059673 0.501486
0.061028 0.362447
0.062337 0.217416
0.062563 0.197252
0.063380 0.077803
0.066010 0.692084
0.068755 0.666731
0.071353 0.000000
0.074378 0.336887
0.075575 0.258123
0.083817 0.605244
0.086736 0.657925
0.087966 0.444763
0.096080 0.357906
0.097008 0.144387
0.097149 0.440027
0.110801 0.324644
0.111433 0.232609
0.115365 0.392204
0.118285 0.305184
0.118944 0.192009
0.125824 0.287626
0.128058 0.461556
0.129946 0.171055
0.138460 0.188877
0.139635 0.491314
0.141394 0.352739
0.141942 0.177763
0.142806 0.370732
0.143809 0.243641
0.149055 0.640050
0.156738 0.371138
0.157953 0.455879
0.158847 0.523222
0.159569 0.163634
0.162268 0.107841
0.165284 0.533893
0.165352 0.413265
0.165419 0.306700
0.167313 0.207454
0.168185 0.463409
0.169444 0.639105
0.175963 0.388868
0.176038 0.188045
0.176728 0.130818
0.177302 0.797323
0.181563 0.258012
0.181660 0.240128
0.181806 0.093188
0.182032 0.497035
0.182584 0.238649
0.183947 0.440988
0.184614 0.532497
0.185843 0.623244
0.185920 0.101606
0.186615 0.090179
0.188083 0.252452
0.189070 0.114905
0.189809 0.153040
0.193579 0.720798
0.193968 0.407482
0.194689 0.299084
0.195587 0.429040
0.197594 0.099932
0.199442 0.251573
0.202427 0.138244
0.202937 0.219427
0.203569 0.316246
0.203911 0.140191
0.207385 0.098941
0.208309 0.288309
0.208667 0.439039
0.208985 0.416800
0.209303 0.567450
0.209708 0.140112
0.212632 0.381661
0.214019 0.370406
0.219072 0.313985
0.224247 0.418756
0.226674 0.240012
0.227435 0.345633
0.227668 0.242102
0.227861 0.341168
0.231825 0.593332
0.232209 0.138622
0.232880 0.182454
0.233176 0.537414
0.235543 0.587379
0.237211 0.461607
0.239366 0.710917
0.240159 0.335780
0.240335 0.325201
0.240766 0.082164
0.241449 0.551698
0.242581 0.255468
0.242873 0.093242
0.243399 0.307737
0.245403 0.191878
0.245488 0.248291
0.247032 0.278239
0.247189 0.520156
0.248020 0.394558
0.249582 0.444968
0.249837 0.273555
0.252825 0.471492
0.257055 0.632581
0.258704 0.109848
0.259811 0.504903
0.259854 0.349468
0.262569 0.559027
0.263078 0.292136
0.263742 0.712165
0.265691 0.426578
0.266504 0.445389
0.268016 0.427051
0.268622 0.315617
0.272526 0.535326
0.272585 0.256920
0.272965 0.330628
0.276767 0.187900
0.278817 0.697510
0.278881 0.446738
0.283589 0.365282
0.285272 0.376567
0.285575 0.216762
0.286014 0.249339
0.286390 0.581000
0.287179 0.142732
0.288276 0.675219
0.288575 0.486534
0.289354 0.119908
0.294991 0.280452
0.296558 0.540326
0.298421 0.411865
0.299095 0.314205
0.300857 0.553916
0.301595 0.223469
0.303199 0.418687
0.304859 0.382770
0.305418 0.157183
0.306105 0.231484
0.309203 0.267943
0.309264 0.334434
0.311769 0.282500
0.312864 0.070857
0.312946 0.206630
0.319069 0.511301
0.319275 0.167951
0.324455 0.596305
0.325323 0.388535
0.326710 0.311587
0.327591 0.477530
0.328007 0.604297
0.328975 0.529816
0.329293 0.376689
0.329347 0.541198
0.329441 0.265577
0.329902 0.479291
0.335081 0.641147
0.335341 0.381583
0.336931 0.313663
0.337073 0.293759
0.343730 0.229552
0.347700 0.383446
0.348000 0.156649
0.350776 0.558185
0.351814 0.386600
0.358689 0.207791
0.365367 0.580282
0.367433 0.174009
0.368621 0.455737
0.368969 0.673487
0.370047 0.224134
0.371447 0.429287
0.374582 0.725685
0.375508 0.189421
0.375875 0.381747
0.376101 0.218592
0.376137 0.380637
0.376643 0.356718
0.379139 0.559287
0.380299 0.648561
0.382199 0.241101
0.382927 0.419847
0.384317 0.294249
0.384401 0.503507
0.387179 0.280946
0.387363 0.362903
0.391290 0.110098
0.392684 0.396145
0.393662 0.492512
0.393735 0.351269
0.401200 0.677517
0.403524 0.224347
0.407547 0.431349
0.407634 0.452890
0.408020 0.321588
0.409144 0.273593
0.410754 0.765399
0.414384 0.313684
0.414616 0.544586
0.415628 0.500261
0.416479 0.224374
0.416820 0.565478
0.418472 0.304442
0.418948 0.416294
0.419283 0.492817
0.419915 0.226198
0.421388 0.236624
0.422685 0.313248
0.425595 0.696959
0.428507 0.214110
0.432155 0.375687
0.433993 0.686164
0.436805 0.374450
0.438637 0.588522
0.439068 0.750162
0.441909 0.243991
0.443878 0.417104
0.445094 0.835183
0.446407 0.277573
0.449515 0.365185
0.451724 0.312292
0.457629 0.300505
0.465051 0.519314
0.466374 0.585685
0.468755 0.489048
0.471100 0.546660
0.471434 0.320977
0.472955 0.299933
0.477330 0.506944
0.478655 0.412185
0.496164 0.681889
0.497322 0.529305
0.497496 0.818489
0.497766 0.407832
0.498396 0.288648
0.498469 0.484681
0.501406 0.428684
0.505112 0.327923
0.506554 0.332556
0.511934 0.733179
0.513606 0.654704
0.517199 0.192017
0.519090 0.442845
0.519346 0.581655
0.523681 0.829146
0.524221 0.534952
0.524900 0.503999
0.526420 0.304832
0.526459 0.528916
0.532187 1.000000
0.534077 0.691622
0.534497 0.366945
0.536031 0.482139
0.539366 0.438804
0.543595 0.480978
0.550493 0.517897
0.554272 0.684534
0.556656 0.425669
0.560469 0.393742
0.565665 0.442712
0.566965 0.551072
0.571496 0.695884
0.574998 0.281862
0.577900 0.519437
0.577910 0.287864
0.579203 0.497584
0.585679 0.727031
0.586938 0.569701
0.587976 0.669492
0.588016 0.347577
0.589350 0.543332
0.597572 0.349014
0.598810 0.585878
0.605758 0.507313
0.608251 0.512768
0.613491 0.550468
0.615047 0.667650
0.616144 0.623947
0.616743 0.264766
0.624579 0.286163
0.625998 0.614449
0.630028 0.459978
0.631864 0.446372
0.632229 0.483594
0.633651 0.551727
0.635335 0.454103
0.639950 0.388242
0.644098 0.577817
0.646407 0.736485
0.652675 0.613401
0.655562 0.653784
0.664039 0.919499
0.665839 0.696132
0.668805 0.515484
0.669571 0.309170
0.672082 0.705857
0.679029 0.506980
0.696892 0.646560
0.699238 0.581747
0.701955 0.521281
0.708093 0.906404
0.715991 0.537294
0.721298 0.657274
0.730923 0.510140
0.745520 0.653046
0.746385 0.558348
0.752160 0.484314
0.753598 0.732251
0.769753 0.505118
0.791814 0.365859
0.794902 0.682413
0.797826 0.514041
0.826794 0.522613
0.838086 0.760222
0.843278 0.787825
0.844896 0.606485
0.849147 0.702091
0.850893 0.810175
0.851053 0.805357
0.856598 0.883114
0.871552 0.529905
0.871822 0.548021
0.877170 0.575981
0.882775 0.583073
0.884232 0.565332
0.939449 0.664737
0.986877 0.461932
1.000000 0.593304
