0.000000 0.105979
0.017072 0.147628
0.039108 0.000000
0.040349 0.185098
0.044878 0.144083
0.049050 0.290270
0.049694 0.627576
0.051139 0.097571
0.057996 0.073661
0.065552 0.410922
0.075173 0.139342
0.076491 0.225294
0.077617 0.343675
0.078664 0.371033
0.093884 0.058672
0.096599 0.295087
0.098098 0.173583
0.109104 0.004610
0.109137 0.509401
0.111419 0.288063
0.113634 0.473295
0.114629 0.113145
0.115793 0.469869
0.117795 0.151912
0.118873 0.510076
0.120059 0.282729
0.120322 0.169698
0.121671 0.198839
0.121701 0.814571
0.121850 0.286232
0.127109 0.462025
0.129181 0.134189
0.135850 0.575640
0.137323 0.074094
0.137681 0.298616
0.139052 0.438933
0.140131 0.233303
0.140730 0.106535
0.140742 0.092837
0.141350 0.366616
0.142573 0.500944
0.150189 0.144651
0.150983 0.092527
0.151384 0.217038
0.152818 0.067998
0.155629 0.165988
0.156513 0.521813
0.157302 0.572116
0.157477 0.105804
0.160751 0.447328
0.161348 0.238539
0.162720 0.098025
0.165815 0.059746
0.168368 0.298400
0.169131 0.283540
0.171031 0.491312
0.172485 0.393885
0.173898 0.514821
0.176704 0.329383
0.177218 0.317790
0.179032 0.130683
0.179135 0.300913
0.182931 0.669579
0.183491 0.492370
0.184484 0.208471
0.184510 0.140762
0.185484 0.233635
0.188479 0.315635
0.190091 0.163001
0.191428 0.443260
0.196468 0.438239
0.198786 0.105881
0.203684 0.211760
0.205688 0.342512
0.207644 0.131920
0.209692 0.294826
0.211654 0.502090
0.214436 0.201803
0.216404 0.212739
0.218901 0.183738
0.223653 0.132840
0.223828 0.190397
0.228485 0.408846
0.235888 0.234131
0.237474 0.406916
0.238481 0.100017
0.238975 0.250827
0.239269 0.417937
0.240342 0.209967
0.240349 0.631273
0.242213 0.363847
0.252112 0.311084
0.256760 0.140954
0.257500 0.456690
0.259937 0.338669
0.262871 0.441985
0.264998 0.202257
0.265164 0.251546
0.267477 0.222656
0.270587 0.343840
0.274627 0.403484
0.274798 0.235067
0.275994 0.366205
0.278090 0.381230
0.281359 0.243918
0.288399 0.346833
0.288832 0.194771
0.291256 0.752024
0.291493 0.365654
0.292389 0.274162
0.293163 0.363782
0.294513 0.315289
0.299082 0.319542
0.302900 0.295503
0.303545 0.204396
0.305584 0.275918
0.307357 0.319183
0.311901 0.195325
0.312434 0.259064
0.317293 0.545782
0.317916 0.365009
0.319292 0.314970
0.323568 0.308760
0.325487 0.391352
0.326034 0.189648
0.327496 0.252887
0.329408 0.489685
0.331592 0.485140
0.332453 0.344293
0.333960 0.256260
0.335771 0.358032
0.336902 0.274925
0.338759 0.247513
0.347718 0.357418
0.349773 0.066002
0.351073 0.169834
0.351374 0.236817
0.351838 0.428250
0.353255 0.298134
0.355896 0.152742
0.357538 0.248606
0.358155 0.517832
0.360264 0.335790
0.360370 0.139264
0.360543 0.300197
0.368668 0.773416
0.368679 0.411712
0.376725 0.797838
0.378960 0.342238
0.380607 0.137639
0.381723 0.842695
0.385822 0.609503
0.394579 0.206946
0.394592 0.459190
0.396363 0.358074
0.396951 0.738497
0.400159 0.417552
0.400418 0.252560
0.400794 0.285826
0.400936 0.601071
0.410214 0.179774
0.410817 0.471060
0.414634 0.509339
0.418559 0.281575
0.420699 0.286448
0.421981 0.191460
0.422784 0.247419
0.426067 0.644777
0.443224 0.620592
0.443453 0.179598
0.443484 0.242796
0.445718 0.486362
0.447920 0.137645
0.448401 0.221458
0.448813 0.257764
0.464953 0.505669
0.467889 0.397768
0.469361 0.415203
0.471097 0.148009
0.475635 0.425508
0.480927 0.210021
0.485217 0.385386
0.486871 0.334479
0.489310 0.230597
0.491231 0.451361
0.496795 0.488372
0.499159 0.178109
0.516023 0.398147
0.519843 0.562957
0.522303 0.375026
0.524275 0.262730
0.530502 0.306381
0.532905 0.274861
0.546147 0.285683
0.551164 0.427325
0.553915 0.580053
0.568954 0.316984
0.571802 0.597281
0.573896 0.527178
0.603985 0.343423
0.604134 0.241031
0.605575 0.474269
0.628808 0.231073
0.645109 0.413716
0.661754 0.538643
0.663841 0.478905
0.664844 0.229415
0.667997 0.620481
0.686983 0.424155
0.705275 0.259301
0.709350 0.304038
0.729623 0.449513
0.746409 1.000000
0.782072 0.790325
0.872107 0.470424
0.890219 0.818622
0.900625 0.701259
1.000000 0.509830
