0.000000 0.374252
0.000378 0.574913
0.003502 0.121721
0.003911 0.185589
0.005720 0.427324
0.006190 0.524976
0.007570 0.232718
0.008893 0.034376
0.013384 0.169897
0.015194 0.497363
0.016192 0.015595
0.017046 0.281798
0.021563 0.322868
0.022366 0.433036
0.031636 0.359539
0.032336 0.377816
0.035758 0.102747
0.037289 0.560946
0.042555 0.008606
0.043982 0.246572
0.047361 0.332359
0.048856 0.243999
0.050739 0.198844
0.054453 0.350077
0.054500 0.285031
0.054694 0.370806
0.055564 0.132190
0.061004 0.295248
0.066635 0.080631
0.070477 0.417924
0.072559 0.519511
0.074080 0.227405
0.075604 0.062828
0.084319 0.027303
0.084762 0.464648
0.085058 0.037830
0.086393 0.005887
0.091202 0.454103
0.092066 0.000000
0.093833 0.283213
0.095272 0.664147
0.095760 0.119096
0.101345 0.080271
0.101387 0.650584
0.101567 0.363311
0.104897 0.380945
0.111678 0.563639
0.112607 0.206385
0.121302 0.279616
0.126490 0.675402
0.129044 0.093997
0.141851 0.378303
0.145870 0.522818
0.152490 0.474608
0.158978 0.724612
0.160512 0.677992
0.163775 0.225624
0.165829 0.183612
0.166534 0.572645
0.166794 0.551513
0.166932 0.468737
0.168280 0.218095
0.168678 0.412844
0.169537 0.121251
0.178019 0.282570
0.180230 0.323029
0.183489 0.245631
0.183834 0.661480
0.184271 0.188941
0.186625 0.103906
0.188581 0.085833
0.191287 0.079512
0.193019 0.466823
0.193738 0.183668
0.195188 0.565779
0.197644 0.648851
0.200123 0.309796
0.201687 0.171987
0.203226 0.380534
0.208105 0.635270
0.210049 0.731035
0.212437 0.484053
0.213644 0.755832
0.213941 0.513711
0.222593 0.677176
0.225989 0.105917
0.226735 0.129507
0.229634 0.756306
0.236120 0.135823
0.241681 0.383012
0.247716 0.239657
0.247782 0.767103
0.249525 0.427249
0.249989 0.277218
0.250318 0.231854
0.250886 0.110936
0.254125 0.213622
0.255014 0.775784
0.256026 0.568289
0.256069 0.688662
0.259243 0.402720
0.261069 0.508571
0.261911 0.662464
0.263800 0.330314
0.265621 0.756300
0.269924 0.449828
0.271315 0.674622
0.277919 0.147007
0.278200 0.242134
0.282499 0.332011
0.285155 0.158926
0.286798 0.653764
0.287146 0.733613
0.288372 0.716571
0.290024 0.735628
0.290269 0.351329
0.293588 0.215532
0.295730 0.613507
0.303568 0.430986
0.311152 0.429901
0.311190 0.715544
0.311250 0.275513
0.314331 0.721097
0.318993 0.138610
0.323547 0.425542
0.324323 0.605315
0.325259 0.242130
0.330661 0.732022
0.332549 0.261503
0.334911 0.561416
0.336902 0.541745
0.340052 0.600961
0.349921 0.562751
0.350321 0.424617
0.350616 0.545994
0.358106 0.494878
0.359635 0.458451
0.360130 0.467168
0.362179 0.513957
0.364974 0.243918
0.369521 0.738321
0.373084 0.287898
0.375717 0.399615
0.382068 0.640113
0.382814 0.301655
0.383604 0.466166
0.384174 0.380121
0.385112 0.356133
0.385205 0.384414
0.385449 0.602480
0.385971 0.503562
0.388265 0.611700
0.394930 0.491846
0.395296 0.439726
0.398352 0.617149
0.398527 0.487487
0.399858 0.735553
0.402474 0.218886
0.402655 0.647126
0.403404 0.586137
0.408069 0.615503
0.414078 0.774272
0.418001 0.240171
0.422872 0.440664
0.424543 0.588235
0.430377 0.432394
0.436081 0.562788
0.436707 0.258715
0.438992 0.733135
0.440151 0.436259
0.445911 0.638880
0.446745 0.228799
0.449940 0.780731
0.451847 0.232796
0.452323 0.345406
0.454285 0.533685
0.456243 0.604757
0.456619 0.370872
0.457128 0.513824
0.458970 0.425190
0.459016 0.271811
0.460285 0.489299
0.460833 0.300153
0.461150 0.376392
0.465088 0.642552
0.466065 0.605105
0.466731 0.695423
0.469379 0.520141
0.475910 0.645612
0.475984 0.767868
0.478654 0.614473
0.483653 0.281294
0.485116 0.623850
0.485713 0.601404
0.493417 0.617487
0.496562 0.689851
0.500086 0.662039
0.501485 0.262323
0.503085 0.538079
0.511827 0.431055
0.516797 0.600842
0.518519 0.357664
0.522678 0.758352
0.528688 0.701081
0.531283 0.850448
0.534505 0.353081
0.537696 0.705765
0.538100 0.302647
0.538899 0.280875
0.541673 0.840755
0.542703 0.549855
0.545551 0.865829
0.552739 0.460473
0.558644 0.347843
0.561084 0.683555
0.562805 0.709393
0.565464 0.340032
0.567131 0.493410
0.569799 0.390205
0.570035 0.551141
0.570330 0.285697
0.572180 0.560078
0.572198 0.830755
0.574402 0.861410
0.577730 0.617419
0.579597 0.611746
0.584690 0.891862
0.587389 0.350508
0.592271 0.914961
0.601031 0.897863
0.604676 0.853794
0.606016 0.642637
0.606441 0.616103
0.606479 0.375283
0.607572 0.600514
0.608783 0.799254
0.611347 0.575996
0.612935 0.626533
0.617217 0.582122
0.619866 0.454683
0.620384 0.305588
0.623077 0.510274
0.625249 0.745111
0.626118 0.751098
0.626907 0.860363
0.632573 0.680190
0.632690 0.616846
0.634911 0.387925
0.635526 0.355668
0.640931 0.566694
0.642970 0.609271
0.643450 0.878745
0.644177 0.846057
0.645448 0.342218
0.648498 0.589452
0.649696 0.750457
0.654054 0.848245
0.655430 0.331107
0.660120 0.646556
0.660195 0.407155
0.664275 0.742881
0.666385 0.415839
0.668964 0.487019
0.671307 0.331550
0.676102 0.451261
0.676160 0.641624
0.684199 0.938975
0.685427 0.618776
0.689331 0.478638
0.697601 0.397904
0.698565 0.375445
0.701080 0.354349
0.702315 0.345756
0.705265 0.911980
0.706414 0.861458
0.707592 0.639644
0.708513 0.691483
0.711113 0.617833
0.712963 0.688944
0.713826 0.431115
0.715710 0.456835
0.716403 0.519178
0.717732 0.419009
0.720284 0.816272
0.722380 0.814490
0.723051 0.404159
0.723784 0.577018
0.729902 0.617639
0.734905 0.738071
0.734995 0.518489
0.735539 0.819142
0.736132 0.405981
0.736211 0.522976
0.741187 0.795074
0.741820 0.553252
0.747815 0.433539
0.748190 0.738745
0.750036 0.379281
0.752464 0.711182
0.752727 0.833644
0.754764 0.862823
0.756271 0.904987
0.756447 0.632268
0.756917 0.674026
0.762496 0.678183
0.766853 0.674713
0.769392 0.498630
0.775884 0.706800
0.777391 0.424947
0.780098 0.672440
0.784271 0.888892
0.787160 0.931362
0.789170 0.481083
0.792420 0.455011
0.792532 0.799087
0.792589 0.458710
0.793788 0.835965
0.797024 0.474708
0.797647 0.891860
0.799177 0.423902
0.799677 0.429891
0.800259 0.937515
0.801405 0.910468
0.804008 0.492549
0.806796 0.966195
0.808253 0.776219
0.810520 0.465826
0.816202 0.735489
0.817212 0.745925
0.817433 0.918023
0.819301 0.406247
0.822077 0.684073
0.823951 0.714161
0.827826 0.926926
0.829176 0.473345
0.832317 0.968871
0.839559 0.717822
0.841768 0.844255
0.843142 0.981968
0.847526 0.549055
0.849939 0.819804
0.850650 0.578058
0.854378 0.386755
0.860383 0.419193
0.865140 0.856086
0.865963 0.598671
0.870621 0.939491
0.875468 0.961435
0.877440 0.745509
0.879955 0.894441
0.882551 0.637456
0.883103 0.923551
0.886637 0.796157
0.888137 0.572959
0.888332 0.946425
0.894200 0.424884
0.901717 0.602492
0.904663 0.846735
0.909671 0.917574
0.909795 0.617443
0.913262 0.732962
0.914191 0.845620
0.916545 0.526014
0.920576 0.918492
0.921903 0.842524
0.922551 0.970368
0.932042 0.601303
0.939585 0.976625
0.940116 0.766304
0.946799 0.723268
0.947134 0.970366
0.947396 0.504428
0.950232 0.559862
0.950581 0.388065
0.956471 0.726677
0.956882 0.872463
0.958327 0.940452
0.961031 0.743510
0.961330 0.445719
0.963304 0.982305
0.964354 0.691433
0.965999 0.670908
0.966323 0.613651
0.973334 0.481053
0.973652 0.539055
0.976254 0.892249
0.976648 1.000000
0.979567 0.586632
0.981355 0.725026
0.986558 0.704503
0.987083 0.777994
0.988334 0.897569
0.990095 0.808832
0.990755 0.660719
0.991247 0.822378
0.993153 0.582127
0.995813 0.875891
0.998091 0.444394
0.999698 0.937442
1.000000 0.983355
