0.000000 0.132755
0.018484 0.496305
0.023003 0.235246
0.033967 0.211787
0.042805 0.311075
0.050446 0.183481
0.053672 0.500405
0.065947 0.142367
0.068832 0.040583
0.073220 0.423366
0.073956 0.477651
0.074339 0.404375
0.080015 0.207020
0.083129 0.585857
0.084086 0.129165
0.086728 0.139973
0.090799 0.265659
0.092635 0.391687
0.096113 0.286213
0.099426 0.020062
0.103165 0.233510
0.107973 0.539352
0.115618 0.342473
0.115659 0.049097
0.116085 0.193621
0.120936 0.394784
0.122852 0.126207
0.124477 0.508837
0.129408 0.145484
0.130261 0.142708
0.138704 0.155124
0.139494 0.458857
0.145012 0.305024
0.146014 0.150200
0.156111 0.149216
0.156531 0.025969
0.157140 0.292429
0.160020 0.135481
0.160077 0.162346
0.161443 0.173697
0.162654 0.308516
0.162710 0.349025
0.165471 0.361130
0.169039 0.398665
0.169924 0.254791
0.170361 0.301961
0.174559 0.516618
0.175939 0.158301
0.175984 0.182722
0.176406 0.374036
0.180127 0.761592
0.180144 0.464057
0.183974 0.242398
0.187337 0.211839
0.189088 0.561315
0.190401 0.096242
0.190469 0.338052
0.191108 0.402728
0.193127 0.091849
0.194095 0.053860
0.198140 0.108557
0.198272 0.543965
0.201793 0.289904
0.202534 0.247117
0.202839 0.392648
0.203269 0.218283
0.203388 0.301826
0.203743 0.395496
0.204189 0.479504
0.205631 0.222537
0.206121 0.180041
0.206249 0.093417
0.207333 0.093370
0.208041 0.956745
0.208228 0.568190
0.211114 0.416639
0.211431 0.549352
0.211918 0.150548
0.213593 0.439666
0.213678 0.104106
0.214610 0.308905
0.216008 0.484434
0.217096 0.434478
0.217563 0.565458
0.219571 0.109301
0.224584 0.414974
0.225056 0.066232
0.225380 0.236794
0.226309 0.334317
0.227193 0.449491
0.227245 0.136808
0.227598 0.666744
0.228058 0.496723
0.229714 0.126688
0.232382 0.485264
0.232700 0.124681
0.232752 0.180115
0.233229 0.445748
0.235542 0.363272
0.236109 0.260235
0.236222 0.356432
0.238770 0.334378
0.238936 0.208374
0.240436 0.295065
0.240546 0.161530
0.240853 0.221147
0.241702 0.177892
0.243732 0.117914
0.243832 0.658339
0.246472 0.384745
0.249169 0.351090
0.251179 0.571967
0.251196 0.166407
0.251209 0.533028
0.251283 0.048106
0.251841 0.366011
0.253260 0.591576
0.253530 0.293696
0.255109 0.323856
0.255240 0.284140
0.256497 0.334132
0.256928 0.433021
0.256965 0.243587
0.257421 0.124835
0.257956 0.261166
0.258376 0.346784
0.258958 0.496238
0.259333 0.162146
0.259925 0.435549
0.260181 0.486918
0.260549 0.500660
0.261220 0.384233
0.262006 0.838987
0.262629 0.376687
0.262691 0.113974
0.262900 0.675375
0.265632 0.225828
0.266481 0.393567
0.266952 0.349956
0.266992 0.344712
0.267196 0.347332
0.267244 0.255099
0.267567 0.139669
0.268271 0.118021
0.268814 0.393198
0.269365 0.348527
0.269586 0.365223
0.270117 0.587913
0.270315 0.485053
0.270509 0.202836
0.271753 0.581394
0.272147 0.182875
0.273116 0.642617
0.273130 0.363676
0.273915 0.048811
0.274050 0.257966
0.274117 0.442976
0.274226 0.344862
0.274409 0.312406
0.274803 0.177343
0.275843 0.380213
0.276896 0.359907
0.276924 0.288828
0.277782 0.489406
0.278038 0.580008
0.280262 0.409929
0.281972 0.312541
0.282408 0.201528
0.282759 0.445780
0.282832 0.513364
0.283211 0.199474
0.283842 0.359085
0.286122 0.202153
0.287352 0.457969
0.287719 0.401105
0.288044 0.317121
0.288545 0.498258
0.288753 0.635881
0.290651 0.437796
0.290919 0.310255
0.291074 0.166525
0.291723 0.145429
0.291762 0.137342
0.292141 0.357289
0.292475 0.191557
0.292736 0.375248
0.293922 0.610555
0.294208 0.622668
0.294285 0.029281
0.295205 0.371441
0.295659 0.453685
0.296294 0.161686
0.296395 0.486008
0.297629 0.145190
0.299028 0.515209
0.299664 0.345854
0.300520 0.370570
0.300812 0.137324
0.302239 0.426976
0.302455 0.583606
0.302557 0.308175
0.302904 0.488802
0.303718 0.241903
0.304269 0.310122
0.304279 0.401795
0.304952 0.466228
0.305233 0.192629
0.305922 0.434805
0.307611 0.280146
0.307666 0.394151
0.307972 0.188173
0.308799 0.214349
0.309065 0.293467
0.309793 0.702000
0.310298 0.056852
0.311263 0.053291
0.311296 0.547011
0.312562 0.393522
0.312810 0.128846
0.313472 0.427249
0.314169 0.242036
0.314432 0.243065
0.314523 0.271049
0.315107 0.296042
0.315971 0.433249
0.316586 0.145885
0.316741 0.653617
0.316756 0.316725
0.319829 0.188332
0.320409 0.290285
0.321207 0.450918
0.321673 0.249956
0.322395 0.476707
0.323903 0.076599
0.324611 0.296246
0.324767 0.347641
0.325169 0.171668
0.326742 0.459884
0.326971 0.509573
0.328986 0.381549
0.329035 0.097492
0.329079 0.303770
0.329338 0.193274
0.331726 0.061568
0.331774 0.145705
0.331952 0.114058
0.332540 0.448799
0.333221 0.409878
0.334223 0.162437
0.334568 0.182407
0.334590 0.313895
0.335366 0.603065
0.336076 0.286565
0.336479 0.562245
0.336716 0.193034
0.336950 0.403178
0.337178 0.203962
0.337412 0.046863
0.339431 0.535987
0.339453 0.581602
0.340114 0.681319
0.340621 0.190717
0.341075 0.490244
0.341496 0.163184
0.341713 0.349383
0.342242 0.878791
0.342250 0.187552
0.342685 0.782865
0.343052 0.300131
0.343900 0.445149
0.344070 0.443433
0.344694 0.255027
0.344932 0.072369
0.345116 0.789604
0.345411 0.305666
0.345583 0.392930
0.346137 0.334285
0.346142 0.222805
0.346148 0.399938
0.346738 0.275382
0.348358 0.345142
0.348629 0.198396
0.348673 0.640016
0.349458 0.424392
0.349615 0.247712
0.350495 0.227119
0.351699 0.602332
0.352141 0.129248
0.352978 0.322253
0.353109 0.749489
0.354122 0.210622
0.355855 0.252488
0.356165 0.276604
0.356217 0.549874
0.356433 0.664840
0.356709 0.273097
0.357080 0.086793
0.357468 0.194586
0.358378 0.261347
0.360057 0.621631
0.360210 0.171950
0.360217 0.221781
0.360236 0.322357
0.360296 0.534065
0.361084 0.385109
0.361170 0.230585
0.361272 0.115132
0.362127 0.972008
0.362416 0.337901
0.362488 0.386246
0.362643 0.359713
0.362699 0.408637
0.362699 0.209603
0.363540 0.656494
0.363675 0.185157
0.363913 0.188747
0.364191 0.070031
0.364521 0.798876
0.364864 0.326214
0.365423 0.613130
0.365737 0.370805
0.366053 0.688792
0.366318 0.254946
0.367210 0.418504
0.367506 0.201463
0.367801 0.278651
0.368211 0.785277
0.368300 0.462321
0.368589 0.328899
0.368593 0.305413
0.368593 0.062865
0.368700 0.055796
0.368830 0.173958
0.368849 0.240041
0.369099 0.869656
0.369235 0.451332
0.369783 0.297649
0.369910 0.891167
0.370228 0.556091
0.370404 0.219581
0.370664 0.649409
0.370891 0.218524
0.371234 0.228413
0.371422 0.538573
0.371862 0.205310
0.372574 0.727086
0.373824 0.091742
0.374088 0.279728
0.374325 0.357427
0.375688 0.224340
0.376940 0.727489
0.377981 0.429548
0.378259 0.267491
0.379609 0.121300
0.380346 0.207441
0.380607 0.342687
0.381394 0.532653
0.381830 0.235300
0.382213 0.149841
0.382422 0.602702
0.383684 0.377636
0.383713 0.370385
0.384243 0.527379
0.384928 0.740920
0.384953 0.550349
0.385132 0.167199
0.386025 0.679652
0.387480 0.411768
0.388682 0.249587
0.389292 0.569429
0.391089 0.566526
0.391618 0.434003
0.392375 0.648188
0.392782 0.343950
0.393370 0.214531
0.393789 0.334002
0.394127 0.121412
0.394408 0.192515
0.394459 0.405169
0.395429 0.389623
0.396370 0.506096
0.396435 0.240964
0.398069 0.308297
0.398308 0.474340
0.399009 0.266710
0.399347 0.535073
0.399412 0.183000
0.399483 0.566228
0.399606 0.141069
0.399710 0.360476
0.400489 0.265125
0.400590 0.309036
0.401645 0.402880
0.402252 0.568347
0.402723 0.254508
0.404295 0.222652
0.405621 0.346545
0.406187 0.274922
0.406222 0.395264
0.406247 0.601964
0.408444 0.144832
0.408570 0.505799
0.408746 0.533999
0.409237 0.339355
0.409492 0.141814
0.409959 0.288211
0.410385 0.205960
0.411004 0.297700
0.411299 0.528825
0.411445 0.242147
0.412206 0.084683
0.412262 0.679893
0.412264 0.334703
0.412401 0.460205
0.413139 0.515906
0.413140 0.368132
0.413213 0.388511
0.413325 0.437545
0.413728 0.355990
0.413760 0.271108
0.413854 0.178034
0.414594 0.370745
0.414657 0.298261
0.414800 0.826242
0.415221 0.485223
0.415513 0.350472
0.415672 0.158628
0.416130 0.171677
0.416846 0.624793
0.416855 0.303008
0.417362 0.389865
0.417392 0.505085
0.417649 0.478118
0.417741 0.581124
0.417796 0.163111
0.418483 0.152893
0.418812 0.225410
0.418829 0.413513
0.419275 0.623024
0.419734 0.153085
0.420738 0.629133
0.421011 0.191944
0.421106 0.266605
0.421139 0.079196
0.421242 0.093793
0.421723 0.338697
0.421973 0.539057
0.422949 0.160577
0.423054 0.361779
0.424267 0.638158
0.424556 0.600714
0.424701 0.727499
0.424723 0.547750
0.424834 0.119112
0.424974 0.256296
0.425122 0.492670
0.426149 0.510395
0.426294 0.462412
0.426756 0.235638
0.427364 0.333864
0.427611 0.408836
0.427905 0.359463
0.427973 0.313812
0.429029 0.345430
0.429153 0.264908
0.429184 0.315264
0.429522 0.337212
0.430473 0.264426
0.430765 0.320693
0.431289 0.531621
0.432070 0.235053
0.432404 0.253833
0.432551 0.307070
0.432926 0.204793
0.433437 0.494783
0.433701 0.429603
0.435725 0.413506
0.435860 0.199595
0.436000 0.425803
0.437505 0.309503
0.437656 0.516655
0.437766 0.395626
0.438945 0.455085
0.439218 0.808458
0.439843 0.150015
0.439859 0.297215
0.440295 0.283138
0.441238 0.481779
0.441401 0.437750
0.441427 0.472821
0.441564 0.251147
0.441810 0.485706
0.442116 0.434903
0.442606 0.149530
0.442727 0.184655
0.442923 0.440935
0.443055 0.689117
0.443521 0.248164
0.443861 0.279292
0.444223 0.315688
0.444562 0.335008
0.445148 0.615879
0.446045 0.146214
0.446449 0.164905
0.446872 0.532907
0.447060 0.197661
0.447557 0.452056
0.448110 0.151422
0.448287 0.328084
0.448534 0.669211
0.448693 0.324917
0.448946 0.340181
0.449870 0.350646
0.451707 0.413509
0.452788 0.363776
0.452982 0.312659
0.453318 0.327904
0.453489 0.420375
0.453532 0.221112
0.454271 0.351108
0.454361 0.301548
0.454549 0.470684
0.455042 0.201568
0.455062 0.498496
0.455216 0.470097
0.455876 0.408376
0.455899 0.635793
0.456222 0.494405
0.456503 0.300558
0.456972 0.580457
0.459432 0.077671
0.459536 0.475068
0.459888 0.275692
0.459957 0.152764
0.461199 0.190004
0.462656 0.302851
0.463347 0.131626
0.464142 0.328725
0.464565 0.331718
0.464671 0.317738
0.464945 0.386622
0.465018 0.257546
0.465354 0.510334
0.465903 0.365060
0.466078 0.142008
0.468268 0.289357
0.468306 0.535387
0.468355 0.358307
0.468438 0.359224
0.470726 0.141193
0.470866 0.160663
0.471028 0.267539
0.471818 0.452865
0.472416 0.639834
0.473018 0.536449
0.473165 0.544067
0.473661 0.278275
0.473747 0.431983
0.473816 0.268794
0.474486 0.285940
0.475483 0.520587
0.475489 0.732842
0.475884 0.177475
0.476637 0.408759
0.476919 0.560098
0.477127 0.350002
0.478272 0.190099
0.478579 0.268804
0.479555 0.577278
0.479656 0.078220
0.479968 0.438738
0.480030 0.418178
0.480618 0.270352
0.480700 0.271921
0.481028 0.352094
0.482262 0.244166
0.482724 0.140851
0.482825 0.489413
0.483333 0.245132
0.484463 0.203279
0.484935 0.265796
0.484950 0.315057
0.485335 0.353915
0.486194 0.436680
0.486609 0.139977
0.486952 0.185554
0.487032 0.253357
0.487123 0.187856
0.487376 0.174937
0.488172 0.468863
0.488547 0.431683
0.488831 0.160818
0.490102 0.514101
0.490317 0.802865
0.491563 0.096767
0.492227 0.111975
0.492823 0.250385
0.493091 0.313623
0.493677 0.459696
0.493902 0.358510
0.495694 0.353913
0.495732 0.856449
0.496025 0.192275
0.496183 0.544784
0.496380 0.114153
0.496605 0.391374
0.496703 0.399791
0.497192 0.346015
0.497248 0.346161
0.497814 0.176045
0.499198 0.125400
0.499276 0.308150
0.499826 0.431491
0.500016 0.230930
0.500113 0.513735
0.500493 0.369448
0.500507 0.523014
0.500548 0.483437
0.501247 0.145729
0.503367 0.185313
0.503622 0.384682
0.504049 0.430231
0.504556 0.283144
0.504949 0.406259
0.505137 0.397815
0.506312 0.402233
0.507341 0.268346
0.507432 0.195861
0.508160 0.228410
0.508208 0.581271
0.508246 0.301091
0.508891 0.111836
0.508968 0.334793
0.509185 0.374188
0.509831 0.417803
0.510007 0.512597
0.510552 0.386140
0.511502 0.574630
0.511691 0.588379
0.511927 0.560972
0.512207 0.180418
0.512506 0.312305
0.513081 0.180542
0.514065 0.293456
0.515075 0.475301
0.515332 0.864713
0.515474 0.360816
0.517384 0.474031
0.518162 0.608290
0.518224 0.689573
0.518303 0.195462
0.518861 0.230701
0.518969 0.238710
0.519052 0.256962
0.519429 0.542630
0.520118 0.563253
0.520791 0.209387
0.521017 0.243055
0.521068 0.571880
0.521954 0.186993
0.522101 0.478665
0.522358 0.122819
0.523541 0.271144
0.525443 0.167961
0.525709 0.213244
0.526303 0.239841
0.526658 0.131976
0.526778 0.070042
0.527211 0.293839
0.527578 0.184052
0.528937 0.188080
0.528969 0.254311
0.529433 0.196282
0.529753 0.441638
0.529998 0.407908
0.530574 0.899484
0.530910 0.253256
0.531042 0.481610
0.531495 0.487106
0.531611 0.366002
0.532318 0.548111
0.533819 0.533004
0.534274 0.399587
0.534904 0.307124
0.535032 0.309247
0.536623 0.273103
0.536781 0.463275
0.539363 0.483199
0.540253 0.310078
0.540799 0.264772
0.540845 0.865458
0.542309 0.515898
0.542668 0.584734
0.542690 0.202506
0.543264 0.294227
0.543401 0.518451
0.543572 0.411065
0.544091 0.627467
0.544474 0.385612
0.544617 0.368520
0.544964 0.213149
0.545258 0.575993
0.545653 0.619264
0.546950 0.441385
0.546955 0.199821
0.547229 0.453185
0.547662 0.149917
0.548633 0.500925
0.549601 0.126950
0.550486 0.420970
0.550778 0.191458
0.550969 0.253568
0.551192 0.124843
0.551534 0.287893
0.553431 0.265693
0.553636 0.151883
0.554648 0.224813
0.555283 0.736051
0.555329 0.431017
0.555744 0.481035
0.556615 0.265631
0.556930 0.320892
0.558699 0.462207
0.558751 0.527205
0.559098 0.349705
0.559640 0.265917
0.559934 0.554531
0.561214 0.101220
0.561429 0.394001
0.562137 0.321328
0.562471 0.172688
0.562558 0.571526
0.562570 0.519915
0.564025 0.325061
0.564107 0.385004
0.565232 0.258224
0.566296 0.177398
0.566621 0.807833
0.566722 0.313161
0.567019 0.183465
0.567120 0.570527
0.567400 0.295970
0.567652 0.498467
0.567865 0.108389
0.567905 0.514491
0.568365 0.105382
0.569388 0.173736
0.570593 0.135076
0.571464 0.641475
0.571995 0.483335
0.572224 0.197105
0.572332 0.275633
0.573278 0.234720
0.573782 0.221354
0.574030 0.359942
0.575664 0.354813
0.575978 0.514968
0.576002 0.211639
0.576196 0.586239
0.576373 0.313367
0.577517 0.311596
0.578179 0.363834
0.578359 0.519346
0.579510 0.264761
0.580669 0.364566
0.581119 0.270881
0.582424 0.275197
0.584692 0.445089
0.585225 0.374865
0.585585 0.255971
0.585790 0.367337
0.586226 0.510763
0.587699 0.460901
0.587904 0.386099
0.588262 0.145533
0.588589 0.564985
0.588788 0.272797
0.590676 0.789477
0.590996 0.252123
0.591524 0.735649
0.592192 0.166644
0.592416 0.724599
0.593328 0.283346
0.593804 0.412474
0.593849 0.563575
0.593953 0.296637
0.594419 0.524258
0.594435 0.091305
0.594929 0.289749
0.595079 0.496291
0.595163 0.416017
0.595259 0.172782
0.595834 0.360445
0.597943 0.200249
0.598228 0.312162
0.599621 0.174174
0.601074 0.658262
0.601090 0.163706
0.602865 0.089120
0.603081 0.268059
0.604086 0.444986
0.604501 0.078065
0.605019 0.798904
0.605549 0.319919
0.605836 0.155822
0.606391 0.600696
0.606494 0.478289
0.607344 0.455209
0.608195 0.824637
0.608855 0.211338
0.609232 0.198955
0.610340 0.198802
0.610991 0.494317
0.612243 0.278156
0.612697 0.320981
0.613035 0.094115
0.614400 0.245132
0.616561 0.264689
0.616947 0.120735
0.617161 0.244842
0.618584 0.107497
0.619234 0.438960
0.620956 0.717706
0.621144 0.362256
0.621410 0.629288
0.621549 0.292545
0.623442 1.000000
0.623475 0.248494
0.624308 0.393256
0.624385 0.562386
0.624515 0.499920
0.624837 0.253042
0.626710 0.269914
0.627364 0.101872
0.628536 0.351774
0.628718 0.397283
0.632267 0.294029
0.634140 0.228145
0.634274 0.230733
0.635704 0.260268
0.635870 0.457476
0.635967 0.099490
0.636695 0.262885
0.636714 0.599291
0.636793 0.129719
0.637377 0.221596
0.638602 0.153640
0.639167 0.293508
0.641625 0.499990
0.641817 0.301697
0.643849 0.480160
0.646338 0.328463
0.646864 0.539057
0.648314 0.531587
0.649629 0.740886
0.650072 0.122877
0.650992 0.471787
0.651256 0.394284
0.652851 0.229109
0.654162 0.304571
0.654268 0.459358
0.656784 0.315701
0.659216 0.206705
0.660709 0.409804
0.660989 0.031675
0.662598 0.128642
0.667076 0.342443
0.667374 0.093096
0.669195 0.326468
0.669297 0.143126
0.670832 0.396391
0.672910 0.205855
0.673978 0.373208
0.674856 0.507878
0.677307 0.108667
0.677370 0.211596
0.677755 0.554717
0.678943 0.716208
0.681928 0.150871
0.682175 0.303286
0.686216 0.547639
0.688522 0.340901
0.693004 0.144573
0.693493 0.456101
0.694256 0.718772
0.695121 0.307794
0.696553 0.652676
0.699595 0.437527
0.699762 0.508877
0.702224 0.332464
0.709757 0.194243
0.710212 0.116891
0.710470 0.326136
0.716613 0.462645
0.717986 0.240678
0.719389 0.581975
0.719800 0.595293
0.720267 0.499213
0.720547 0.444738
0.723847 0.193040
0.727177 0.265803
0.727383 0.383016
0.732215 0.662590
0.732958 0.686041
0.733617 0.126751
0.735356 0.177354
0.736466 0.107311
0.737368 0.246415
0.737845 0.245521
0.738606 0.885089
0.745561 0.519481
0.747870 0.177353
0.748446 0.163879
0.748811 0.262210
0.751314 0.294858
0.752178 0.377150
0.754459 0.643836
0.754550 0.052574
0.764591 0.398008
0.767566 0.020384
0.770787 0.492087
0.771722 0.356973
0.773639 0.183484
0.773834 0.579669
0.778136 0.393814
0.783598 0.184274
0.786799 0.613376
0.787305 0.516955
0.787868 0.120140
0.790064 0.057325
0.794686 0.460543
0.800249 0.149728
0.802261 0.318268
0.814082 0.295871
0.816595 0.282635
0.819997 0.390803
0.823257 0.134122
0.824321 0.231311
0.828206 0.367457
0.840352 0.148307
0.841732 0.412964
0.842773 0.516742
0.843944 0.004854
0.851180 0.144585
0.878753 0.198075
0.884808 0.000000
0.904606 0.165851
1.000000 0.368221
