0.000000 0.624808
0.015335 0.724438
0.040973 0.560545
0.072518 0.697791
0.077138 0.690177
0.096064 0.589491
0.099933 0.776959
0.101725 0.504668
0.117666 0.748970
0.127151 0.591970
0.127343 0.700158
0.131884 0.334066
0.135397 0.381238
0.143766 0.482087
0.144442 0.642038
0.154339 0.793944
0.154698 0.668814
0.162177 0.582036
0.162562 0.611665
0.164601 0.615587
0.166508 0.541058
0.170358 0.528472
0.171155 0.436290
0.175354 0.573702
0.175455 0.658068
0.176490 0.601024
0.176946 0.773045
0.180737 0.649182
0.182900 0.849362
0.188327 0.502146
0.197569 0.430206
0.198971 0.715938
0.201379 0.624126
0.204465 0.657571
0.205800 0.834295
0.207548 0.625506
0.209975 0.721278
0.210772 0.598301
0.211060 0.660565
0.211117 0.257663
0.214414 0.769260
0.215437 0.665817
0.218597 0.655407
0.219358 0.535763
0.219408 0.496091
0.219752 0.589633
0.225912 0.410318
0.227191 0.508615
0.228297 0.647963
0.229031 0.672470
0.230386 0.493650
0.231578 0.766709
0.233498 0.732132
0.235325 0.525325
0.235496 0.277309
0.237003 0.592587
0.238883 0.636558
0.249425 0.658653
0.252696 0.663892
0.253174 0.714553
0.254196 0.332876
0.258759 0.660941
0.261626 0.455425
0.261751 0.286433
0.265332 0.578589
0.266044 0.185642
0.267109 0.340634
0.267208 0.504021
0.267366 0.496009
0.268257 0.745430
0.268909 0.352415
0.270497 0.537934
0.270525 0.467428
0.272083 0.638954
0.275394 0.568159
0.277565 0.814410
0.278417 0.822326
0.282299 0.597357
0.283088 0.421968
0.287519 0.388063
0.287533 0.500239
0.287616 0.735024
0.287740 0.713379
0.288079 0.714194
0.288448 0.672299
0.289076 0.470631
0.290826 0.593153
0.291093 0.644751
0.292175 0.636916
0.293348 0.326197
0.294202 0.329969
0.295787 0.232052
0.296730 0.760232
0.297090 0.538435
0.297473 0.587499
0.302002 0.368028
0.303041 0.797413
0.304408 0.429618
0.304953 0.751365
0.306463 0.869947
0.306623 0.518045
0.306880 0.425138
0.307395 0.643961
0.307454 0.796561
0.308174 0.593285
0.309379 0.577993
0.310621 0.279225
0.311574 0.551745
0.318543 0.787764
0.318550 0.727820
0.318852 0.442008
0.319965 0.651015
0.324915 0.456199
0.327442 0.737893
0.328232 0.671294
0.330388 0.577861
0.331770 0.755293
0.332539 0.684334
0.333308 0.693513
0.334404 0.674650
0.337312 0.076219
0.338967 0.000000
0.340679 0.515150
0.343497 0.643646
0.343606 0.612698
0.344868 0.678943
0.344927 0.356315
0.346032 0.610788
0.346904 0.770266
0.348730 0.566084
0.350086 0.703663
0.353884 0.393274
0.355069 0.649132
0.355244 0.639315
0.356680 0.642275
0.356771 0.399710
0.357664 0.252004
0.359465 0.545532
0.360227 0.686688
0.362082 0.648860
0.364492 0.652637
0.364577 0.667245
0.365699 0.406924
0.366824 0.782325
0.367251 0.709894
0.368034 0.794806
0.368231 0.367306
0.368908 0.351769
0.369258 0.647601
0.370059 0.441455
0.372043 0.317802
0.376471 0.604521
0.376720 0.821459
0.377203 0.193864
0.377933 0.881927
0.379345 0.685326
0.382924 0.360688
0.385561 0.434737
0.386204 0.675637
0.386346 0.793455
0.387195 0.446779
0.388764 0.625181
0.388778 0.420477
0.388824 0.402224
0.388936 0.826298
0.389390 0.602780
0.389702 0.592099
0.391987 0.339403
0.392696 0.489006
0.392714 0.024869
0.392725 0.675272
0.392747 0.745128
0.393365 0.736708
0.394027 0.742838
0.395067 0.635457
0.395287 0.200196
0.397094 0.627112
0.397187 0.476458
0.398754 0.818474
0.398991 0.602819
0.400202 0.802046
0.400871 0.414920
0.401386 0.731993
0.401811 0.386001
0.402478 0.666090
0.403185 0.445872
0.403325 0.588696
0.404071 0.304406
0.405750 0.566734
0.405799 0.566465
0.407340 0.538464
0.407547 0.710888
0.409971 0.601480
0.412220 0.501627
0.413041 0.628663
0.413368 0.677035
0.415395 0.493564
0.415679 0.470143
0.417772 0.537245
0.418498 0.745304
0.418923 0.718123
0.419043 0.505473
0.420015 0.760596
0.420668 0.623116
0.422753 0.564805
0.423849 0.595360
0.423986 0.702826
0.424053 0.614754
0.424064 0.649705
0.424378 0.593609
0.424644 0.676027
0.426211 0.710541
0.427407 0.662898
0.427748 0.731438
0.428405 0.697757
0.429504 0.558957
0.430141 1.000000
0.433178 0.600005
0.434742 0.702819
0.436284 0.510664
0.436791 0.927177
0.438677 0.251828
0.439104 0.603699
0.441274 0.660348
0.441692 0.365746
0.441871 0.810147
0.441883 0.614545
0.441894 0.509868
0.443811 0.609550
0.444038 0.192465
0.445467 0.599227
0.447983 0.681676
0.448678 0.515930
0.452883 0.732725
0.453628 0.461115
0.454637 0.598269
0.455035 0.191611
0.455318 0.507080
0.455500 0.591481
0.456794 0.559358
0.457852 0.757469
0.460790 0.693672
0.461390 0.383982
0.462901 0.543107
0.463751 0.378219
0.464102 0.759625
0.467119 0.303007
0.468230 0.835612
0.469302 0.635736
0.472828 0.380378
0.474999 0.457107
0.476026 0.488049
0.476676 0.792481
0.477131 0.655428
0.477886 0.668377
0.478536 0.580116
0.481875 0.755552
0.482830 0.557966
0.484181 0.336255
0.487965 0.747039
0.489027 0.517077
0.489360 0.714822
0.491759 0.442018
0.493238 0.415892
0.493887 0.407146
0.494650 0.557086
0.496265 0.552421
0.496336 0.586154
0.496768 0.647640
0.497871 0.697748
0.498726 0.622378
0.500398 0.621477
0.502117 0.635358
0.502934 0.397989
0.503344 0.473231
0.503603 0.589215
0.506324 0.778361
0.506535 0.489703
0.507112 0.561080
0.507306 0.501112
0.508371 0.733520
0.509068 0.624846
0.509634 0.298154
0.510098 0.565903
0.511138 0.623766
0.511849 0.551337
0.516529 0.621833
0.518447 0.580373
0.519104 0.675008
0.524367 0.737004
0.524814 0.564279
0.528432 0.957146
0.531215 0.628802
0.532855 0.164065
0.533962 0.781129
0.536038 0.581461
0.537236 0.573180
0.540594 0.590129
0.543472 0.421598
0.543962 0.730809
0.548981 0.485870
0.549794 0.577592
0.551311 0.501079
0.553342 0.783541
0.557053 0.596526
0.558884 0.708955
0.559052 0.608526
0.563834 0.331357
0.565791 0.295461
0.568767 0.536407
0.568896 0.665516
0.569731 0.465655
0.570952 0.563571
0.574148 0.555186
0.574823 0.437932
0.576909 0.562672
0.580827 0.803574
0.581194 0.617035
0.582678 0.625717
0.582945 0.582144
0.583072 0.565422
0.583272 0.332062
0.586594 0.440461
0.586610 0.411698
0.591734 0.565832
0.592227 0.481678
0.593462 0.801825
0.593842 0.385271
0.595507 0.462797
0.596298 0.585919
0.598109 0.495825
0.600025 0.504853
0.600674 0.581242
0.600826 0.585710
0.602766 0.689178
0.605676 0.556046
0.618345 0.520336
0.621816 0.546923
0.623758 0.782167
0.626111 0.528707
0.627732 0.652513
0.627921 0.655888
0.628595 0.554360
0.630028 0.443359
0.634837 0.549015
0.634889 0.561915
0.638049 0.664186
0.638609 0.776965
0.639871 0.814205
0.648676 0.570597
0.649878 0.434265
0.654171 0.545365
0.655133 0.361420
0.655218 0.531938
0.660561 0.396367
0.662385 0.679742
0.665173 0.488520
0.666560 0.611970
0.667525 0.509220
0.688815 0.344636
0.697264 0.657895
0.701092 0.433691
0.703862 0.588808
0.710626 0.334557
0.715992 0.950412
0.728704 0.526473
0.731295 0.330108
0.735731 0.580628
0.756393 0.794226
0.759899 0.671573
0.784632 0.275962
0.823079 0.655600
1.000000 0.557351
