0.000000 0.356440
0.002242 0.485995
0.005174 0.628609
0.005758 0.576931
0.007756 0.497743
0.011220 0.497462
0.011945 0.404052
0.014262 0.489090
0.014574 0.506036
0.014872 0.322656
0.016212 0.461001
0.016456 0.441257
0.017617 0.390572
0.018469 0.101891
0.019945 0.335301
0.022436 0.486848
0.023619 0.359901
0.028288 0.238946
0.030033 0.500408
0.032770 0.221258
0.033520 0.596650
0.033999 0.336463
0.038229 0.550969
0.040487 0.136185
0.041155 0.473582
0.043976 0.345271
0.048511 0.472253
0.051458 0.313099
0.051547 0.260055
0.052580 0.423719
0.054564 0.483737
0.055464 0.579376
0.057123 0.610668
0.057731 0.448168
0.062659 0.303192
0.064676 0.579425
0.065511 0.456463
0.067165 0.483123
0.067207 0.641836
0.067295 0.572476
0.067640 0.434395
0.070548 0.394175
0.075179 0.468007
0.077035 0.285473
0.078096 0.400597
0.081553 0.558628
0.081636 0.379490
0.083789 0.448221
0.086742 0.524785
0.089500 0.427373
0.090282 0.498333
0.092345 0.235087
0.095808 0.508861
0.097725 0.715680
0.098810 0.647398
0.099838 0.376582
0.100617 0.406323
0.100955 0.000000
0.101477 0.418222
0.102002 0.279960
0.102107 0.314005
0.103360 0.240064
0.107571 0.276715
0.113156 0.356615
0.113867 0.188507
0.114364 0.506019
0.116316 0.547014
0.120905 0.544460
0.122460 0.534028
0.124340 0.525215
0.125833 0.646658
0.126224 0.511540
0.128169 0.456657
0.129924 0.443395
0.133021 0.321935
0.133076 0.392597
0.133099 0.382351
0.134132 0.470695
0.135203 0.465219
0.135368 0.291639
0.137947 0.596549
0.140679 0.092402
0.142704 0.658372
0.143884 0.462125
0.144027 0.353279
0.144833 0.479897
0.146011 0.176850
0.146380 0.387682
0.146576 0.270634
0.148716 0.480829
0.149748 0.553177
0.150149 0.669002
0.150342 0.441035
0.151151 0.407152
0.152386 0.487557
0.152806 0.563969
0.153045 0.398569
0.153111 0.462188
0.154733 0.541859
0.155931 0.443712
0.156924 0.457242
0.159211 0.287311
0.161007 0.190973
0.161150 0.305939
0.161453 0.384211
0.162509 0.281725
0.162512 0.557292
0.163040 0.688632
0.163372 0.564624
0.166197 0.414430
0.167435 0.691504
0.172738 0.463662
0.172865 0.476215
0.174443 0.294767
0.176275 0.523605
0.177003 0.683513
0.182065 0.553718
0.182190 0.598727
0.183826 0.177049
0.185269 0.362529
0.185809 0.456067
0.186138 0.528898
0.187859 0.340483
0.191972 0.449159
0.193096 0.563260
0.196192 0.638788
0.197993 0.507117
0.199359 0.668612
0.203911 0.355318
0.205576 0.339970
0.205931 0.296849
0.206446 0.356122
0.206821 0.499681
0.209044 0.270000
0.210518 0.380875
0.214872 0.425464
0.215197 0.597183
0.215550 0.586094
0.215754 0.419889
0.217455 0.840478
0.219639 0.508844
0.220853 0.267133
0.221559 0.318207
0.222806 0.595726
0.227180 0.526038
0.228043 0.093574
0.231343 0.422504
0.231391 0.569115
0.232571 0.411301
0.232805 0.301082
0.234102 0.753950
0.235471 0.325887
0.237150 0.535131
0.244040 0.545533
0.245659 0.286046
0.246039 0.222646
0.246533 0.531985
0.247319 0.560376
0.248841 0.580832
0.250004 0.449067
0.250181 0.699648
0.252748 0.444340
0.254722 0.348057
0.255810 0.472812
0.256388 0.557270
0.257977 0.528822
0.258664 0.457441
0.260179 0.466283
0.260566 0.492481
0.261432 0.519221
0.261921 0.756210
0.271907 0.745528
0.272309 0.204828
0.274266 0.101391
0.276930 0.429844
0.277454 0.531431
0.278359 0.535116
0.278986 0.569875
0.282105 0.518596
0.282180 0.630357
0.282890 0.759499
0.285551 0.623672
0.286190 0.428758
0.286945 0.327389
0.290567 0.661775
0.291972 0.326837
0.292461 0.404687
0.295042 0.222340
0.299358 0.469425
0.299621 0.334277
0.299964 0.591457
0.301764 0.442614
0.301912 0.725902
0.302706 0.470132
0.305295 0.308007
0.305730 0.441771
0.310618 0.032901
0.311013 0.693471
0.313888 0.447727
0.314672 0.483339
0.315159 0.425482
0.316056 0.544356
0.316755 0.514533
0.317172 0.443964
0.321518 0.439214
0.322057 0.612860
0.323035 0.246201
0.323126 0.650839
0.323677 0.235169
0.327139 0.671142
0.327788 0.508490
0.328484 0.698986
0.330370 0.382976
0.332708 0.524880
0.332893 0.658987
0.333294 0.148497
0.333492 0.470278
0.334010 0.541215
0.334876 0.580532
0.335362 0.338598
0.337348 0.506536
0.338747 0.224757
0.340034 0.556454
0.340928 0.193500
0.340940 0.557317
0.342239 0.562931
0.342478 0.489149
0.344388 0.667931
0.346944 0.458140
0.353631 0.531340
0.354602 0.211148
0.357091 0.359851
0.357577 0.404783
0.359586 0.597320
0.361269 0.389889
0.364602 0.354553
0.372709 0.437932
0.374468 0.577053
0.376124 0.553462
0.376827 0.517995
0.378463 0.476855
0.379238 0.498646
0.379776 0.479774
0.380588 0.440320
0.383103 0.463526
0.385260 0.512153
0.386995 0.502382
0.389823 0.648402
0.391979 0.322096
0.392572 0.423677
0.393741 0.465204
0.394635 0.437253
0.394686 0.691525
0.394888 0.017242
0.395248 0.493426
0.397763 0.372074
0.397864 0.901638
0.401370 0.635507
0.403010 0.339326
0.405051 0.353982
0.406302 0.411742
0.408061 0.654119
0.408370 0.364330
0.408702 0.567794
0.411341 0.350302
0.412877 0.526469
0.413311 0.482749
0.416868 0.723723
0.419741 0.348028
0.420068 0.422223
0.422249 0.680736
0.425475 0.581233
0.427550 0.731281
0.429931 0.248716
0.430051 0.728434
0.435487 0.473408
0.436314 0.643757
0.438153 0.400019
0.438887 0.611281
0.440774 0.733008
0.441129 0.492403
0.441417 0.505648
0.444901 0.374521
0.448166 0.606697
0.450017 0.534284
0.454398 0.555773
0.455952 0.481571
0.456442 0.527706
0.457605 0.516604
0.459989 0.350457
0.461627 0.693984
0.465702 0.513770
0.471724 0.434688
0.472035 0.396458
0.473062 0.469811
0.473798 0.751673
0.476140 0.966782
0.476804 0.521120
0.477152 0.463034
0.478754 0.451850
0.485906 0.370778
0.486466 0.608392
0.486823 0.587468
0.487655 0.515523
0.488333 0.639859
0.490537 0.730293
0.491020 0.591096
0.501272 0.428842
0.504321 0.599157
0.505742 0.609779
0.512170 0.633347
0.513415 0.670376
0.517193 0.479285
0.517358 0.598251
0.520587 0.661273
0.522429 0.608964
0.524731 0.534209
0.528509 0.645399
0.529287 0.434758
0.530839 0.725950
0.532351 0.489878
0.533845 0.801357
0.534130 0.422726
0.535129 0.650591
0.535408 0.550010
0.536145 0.750171
0.536395 0.600888
0.536449 0.297948
0.537183 0.596989
0.537351 0.324787
0.537530 0.653866
0.541490 0.456726
0.542492 0.731664
0.542494 0.545492
0.543277 0.538548
0.545117 0.504991
0.545391 0.844564
0.548109 0.515397
0.548577 0.461361
0.549576 0.626395
0.550817 0.675931
0.555686 0.685196
0.555910 0.244492
0.556200 0.729130
0.557446 0.533589
0.557451 0.560501
0.557666 0.517475
0.558454 0.335879
0.562260 0.511809
0.563425 0.563043
0.569451 0.779447
0.570177 0.541323
0.570692 0.426093
0.570829 0.567793
0.571145 0.504420
0.572133 0.691871
0.573331 0.614350
0.573615 0.525128
0.574473 0.676576
0.578240 0.670000
0.580267 0.601509
0.582416 0.629422
0.583673 0.676927
0.585511 0.546846
0.588130 0.582321
0.592262 0.733568
0.592583 0.601071
0.592717 0.541965
0.593238 0.628019
0.593791 0.670470
0.596187 0.564355
0.596545 0.461740
0.600999 0.600078
0.602947 0.788505
0.604796 0.623822
0.606260 0.597957
0.607834 0.659098
0.608480 0.789299
0.608587 0.660024
0.610449 0.421147
0.612665 0.630770
0.615001 0.489088
0.616576 0.448468
0.617460 0.686503
0.618646 0.700450
0.621296 0.522063
0.621510 0.361157
0.629540 0.617286
0.630580 0.466273
0.631499 0.386275
0.633281 0.299944
0.634073 0.564375
0.634271 0.625420
0.636257 0.581917
0.636930 0.463214
0.637942 0.635995
0.640722 0.663902
0.643883 0.636689
0.644689 0.702671
0.645943 0.580690
0.647637 0.810390
0.649296 0.575022
0.652365 0.455682
0.652785 0.617910
0.653402 0.577769
0.654133 0.644067
0.656602 0.515007
0.659969 0.503746
0.660262 0.567406
0.663106 0.595162
0.663361 0.584539
0.664168 0.327298
0.666182 0.684723
0.666561 0.719681
0.666796 0.740868
0.667562 0.576335
0.669742 0.705162
0.670033 0.701320
0.672490 0.414213
0.672751 0.530056
0.673079 0.522323
0.673346 0.583779
0.677031 0.714932
0.679056 0.621695
0.679935 0.842410
0.679972 0.753203
0.683872 0.636689
0.684427 0.645432
0.688497 0.620417
0.689005 0.508184
0.691140 0.825572
0.693208 0.711931
0.693378 0.523384
0.697058 0.707556
0.697464 0.564758
0.697883 0.603714
0.700687 0.554506
0.703899 0.610709
0.705535 0.508044
0.706333 0.521714
0.708048 0.530788
0.709431 0.805557
0.709716 0.612634
0.712423 0.632762
0.712917 0.542989
0.713727 0.623364
0.714022 0.513635
0.715567 0.391260
0.715923 0.685631
0.716025 0.665564
0.716195 0.507626
0.716516 0.729279
0.718508 0.606373
0.719925 0.433805
0.719942 0.779175
0.720598 0.550575
0.721132 0.462739
0.721133 0.528803
0.721716 0.519974
0.722450 0.666395
0.723097 0.614892
0.723280 0.683274
0.723765 0.821181
0.725688 0.846901
0.726069 0.530209
0.726243 0.605744
0.726618 0.735961
0.727687 0.697793
0.728080 0.623394
0.731483 0.689808
0.733180 0.817821
0.733674 0.327569
0.733894 0.638069
0.734322 0.565741
0.735154 0.443524
0.739010 0.607919
0.739250 0.538144
0.739345 0.742107
0.740445 0.586232
0.741136 0.734087
0.741317 0.657987
0.742101 0.687219
0.742570 0.822866
0.743350 0.580780
0.744274 0.720544
0.748767 0.702617
0.748897 0.674822
0.753037 0.568684
0.755669 0.542533
0.756784 0.844995
0.756851 0.278677
0.758790 0.542316
0.759652 0.772168
0.761725 0.763013
0.763113 0.477109
0.763778 0.404087
0.768117 0.386743
0.769527 0.809397
0.770195 0.775420
0.773440 0.649349
0.773793 0.824555
0.774379 0.729429
0.777766 0.368700
0.778132 0.720528
0.781485 0.790203
0.782495 0.646465
0.784739 0.710042
0.784913 0.615032
0.785221 0.670030
0.786738 0.839522
0.786905 0.883140
0.787611 0.540541
0.788461 0.626024
0.789932 0.412052
0.791992 0.591032
0.792081 0.658656
0.792657 0.478663
0.792742 0.606698
0.793250 0.590184
0.794464 0.799032
0.796264 0.689333
0.797359 0.699671
0.800347 0.701609
0.802346 0.585394
0.802693 0.717613
0.803961 0.856393
0.805336 0.793287
0.806810 0.610432
0.807920 0.608691
0.810072 0.572198
0.812808 0.814492
0.813763 0.599617
0.814899 0.859356
0.816566 0.704563
0.817744 0.644842
0.823744 0.645686
0.823755 0.879878
0.824371 0.835716
0.824925 0.763352
0.826088 0.507654
0.826883 0.676116
0.829009 0.695336
0.829098 0.766945
0.831430 0.649712
0.833769 0.767206
0.833945 0.566740
0.835249 0.604092
0.836601 0.711005
0.838142 0.827239
0.839403 0.743203
0.842789 0.766305
0.843118 0.458587
0.846226 0.798810
0.846551 0.730538
0.848468 0.686785
0.849379 0.681327
0.850226 0.593148
0.850374 0.737598
0.851439 0.626763
0.852443 0.661881
0.852494 0.706041
0.853681 0.583598
0.854873 0.522720
0.855496 0.592549
0.857469 0.721004
0.859194 0.781887
0.862510 0.706973
0.862692 0.828263
0.864504 0.690681
0.865386 0.669793
0.865798 0.424177
0.866497 0.821734
0.870118 0.834651
0.873908 0.745551
0.874971 0.881707
0.875583 0.460067
0.875879 0.634909
0.876472 0.700210
0.876700 0.769834
0.878182 0.604495
0.878303 0.738272
0.878707 0.874757
0.878824 0.618192
0.878839 0.541566
0.879131 0.642732
0.881048 0.608900
0.881999 0.641824
0.882362 0.640105
0.884589 0.658465
0.889958 0.554828
0.894911 0.811158
0.895695 0.647403
0.895998 0.680281
0.900059 0.693003
0.901519 0.708752
0.902269 0.602792
0.902523 0.785705
0.902676 0.852736
0.905331 0.710062
0.906148 0.741807
0.906650 0.458159
0.909187 0.658936
0.910012 0.750754
0.910156 0.627619
0.910416 0.587054
0.910612 0.705438
0.911492 0.602493
0.912112 0.660286
0.912564 0.725006
0.918797 0.457933
0.920378 1.000000
0.920449 0.841162
0.920591 0.528922
0.922433 0.613365
0.926094 0.714680
0.926973 0.647427
0.928275 0.754979
0.928519 0.832360
0.928863 0.747490
0.929283 0.894529
0.930750 0.668021
0.930836 0.807849
0.931162 0.693156
0.932446 0.706442
0.932900 0.800109
0.936059 0.838728
0.937175 0.775945
0.942309 0.713376
0.943421 0.653065
0.943533 0.735101
0.943685 0.852634
0.945490 0.831501
0.946543 0.776342
0.946573 0.889608
0.947458 0.641218
0.947522 0.768789
0.948981 0.895787
0.949660 0.643187
0.950526 0.721383
0.951832 0.957482
0.952454 0.561226
0.954940 0.880849
0.955240 0.824669
0.957253 0.684913
0.957711 0.671741
0.958998 0.787476
0.959387 0.907368
0.960426 0.828782
0.961390 0.785505
0.962141 0.741606
0.964112 0.792998
0.964169 0.752568
0.964989 0.840213
0.966996 0.636612
0.970634 0.836004
0.971296 0.668954
0.974487 0.880970
0.976429 0.870323
0.982120 0.786217
0.982933 0.541884
0.983577 0.557029
0.983796 0.661184
0.984575 0.678257
0.984770 0.861300
0.984773 0.940731
0.985844 0.777600
0.988808 0.928422
0.990271 0.801097
0.990404 0.820221
0.991827 0.526782
0.992599 0.679600
0.993151 0.424127
0.993900 0.681500
0.994187 0.725853
0.998185 0.663297
1.000000 0.758606
