0.00700974690103939 0.05
-0.00471615664475789 0.05
-5.40637805968025e-05 0.05
-0.0167665199559001 0.05
4.6151131391281e-05 0.05
0.000666354548515047 0.05
-0.00696678521944805 0.05
-0.00083228068279273 0.05
-0.00277506946033534 0.05
-0.0068657703713606 0.05
0.00161527722635002 0.05
-0.00644092257211226 0.05
-0.00224068493294227 0.05
-0.00489695699951453 0.05
-0.00114953222653613 0.05
-0.00022349973578617 0.05
-0.0132583749654777 0.05
-0.00615579858722037 0.05
-0.00732836393261549 0.05
-0.00143588121818772 0.05
