-0.00281978554088569 0.05
-0.00111484837316178 0.05
-0.00457406359800439 0.05
-0.00178226903177181 0.05
-0.000677892318983853 0.05
0.00227381851997388 0.05
-0.00174165751239441 0.05
-0.000170229929480237 0.05
-0.00414516888346972 0.05
-0.000681293082596568 0.05
0.00263486254797984 0.05
-0.00810294767127007 0.05
0.00153579702166551 0.05
0.000823348662936985 0.05
-0.0137477654190332 0.05
-0.0044151250362704 0.05
-0.0170510641095318 0.05
0.000741497468591867 0.05
-0.00200980925345229 0.05
-0.00619683222652845 0.05
