-0.00169647369434278 0.05
-0.0160291249309917 0.05
-0.0166809886747465 0.05
-0.0126317813119277 0.05
-0.0144345576525365 0.05
-0.00892947738253957 0.05
-0.0163784357478786 0.05
-0.00760865420309431 0.05
-0.0134852426631688 0.05
-0.0219174366010312 0.05
-0.0192438427712901 0.05
-0.0149625262506622 0.05
-0.013388955480594 0.05
-0.0097044327448611 0.05
-0.00664905950664652 0.05
-0.033730457338931 0.05
-0.0170587913025245 0.05
-0.0198735227347153 0.05
-0.0118449677763085 0.05
-0.0211854470812998 0.05
