-0.0276392447940513 0.05
-0.0222294573800025 0.05
-0.0497821135156918 0.05
-0.00985153155303942 0.05
-0.0169917478912491 0.05
-0.0209153898768982 0.05
-0.0425995780330757 0.05
-0.00341910835237957 0.05
-0.00891088473645252 0.05
-0.0367492838890285 0.05
-0.0234657557108989 0.05
-0.026946203472163 0.05
-0.0176990125237723 0.05
-0.00769702354302937 0.05
-0.0225008127588066 0.05
-0.0171618480582975 0.05
-0.0396810841927776 0.05
-0.013308316497897 0.05
-0.00670850797552591 0.05
-0.0157561395927527 0.05
