0.000000 0.093657
0.001962 0.206193
0.016257 0.174699
0.016890 0.083925
0.020774 0.182722
0.022486 0.000000
0.024713 0.081654
0.026847 0.017092
0.031850 0.045380
0.034408 0.067669
0.040737 0.186484
0.042438 0.131498
0.043085 0.064498
0.046860 0.386919
0.052454 0.114000
0.053827 0.184595
0.057010 0.064496
0.057812 0.138503
0.058103 0.217640
0.063956 0.349522
0.066267 0.053870
0.067093 0.123952
0.069334 0.247802
0.070648 0.096194
0.070706 0.231990
0.072151 0.164190
0.074518 0.372797
0.078388 0.268999
0.081000 0.160203
0.082280 0.153339
0.084396 0.222078
0.086254 0.198569
0.087581 0.310710
0.087923 0.189625
0.091083 0.195057
0.092730 0.082568
0.095335 0.129134
0.099586 0.041599
0.100047 0.072707
0.100264 0.117204
0.102982 0.261281
0.103320 0.049281
0.103335 0.128911
0.112990 0.343110
0.114176 0.319796
0.115203 0.253621
0.115568 0.170656
0.116196 0.208566
0.116841 0.221605
0.116959 0.168169
0.119278 0.298589
0.119326 0.167598
0.122431 0.302097
0.123012 0.156865
0.126705 0.303339
0.130232 0.114831
0.130659 0.396510
0.131743 0.225894
0.135897 0.253266
0.136890 0.157019
0.139164 0.204557
0.139168 0.226932
0.140178 0.345466
0.144975 0.143999
0.147479 0.157912
0.147744 0.270629
0.148255 0.307780
0.149140 0.146583
0.150196 0.159750
0.150800 0.120631
0.152691 0.215099
0.158597 0.198907
0.159944 0.262757
0.160177 0.288868
0.160716 0.273025
0.161229 0.236255
0.162360 0.316016
0.162748 0.255637
0.163201 0.274108
0.164548 0.272678
0.164750 0.312296
0.164932 0.354791
0.165324 0.236541
0.169859 0.288496
0.170111 0.262215
0.171259 0.371966
0.171885 0.253600
0.172856 0.114351
0.173557 0.393957
0.173903 0.353105
0.175345 0.364673
0.176613 0.117629
0.177434 0.345510
0.178260 0.273612
0.179989 0.407904
0.181949 0.185595
0.189347 0.433879
0.189435 0.241886
0.189797 0.088724
0.190007 0.213076
0.190460 0.149342
0.191489 0.096472
0.191822 0.144293
0.192452 0.307418
0.192719 0.268272
0.193223 0.198215
0.193938 0.419046
0.195478 0.249308
0.195776 0.395063
0.197741 0.152906
0.198075 0.234401
0.198448 0.282847
0.198518 0.147342
0.199158 0.172822
0.199295 0.532742
0.199774 0.247158
0.200058 0.246688
0.200278 0.522539
0.202742 0.166615
0.204600 0.306429
0.204691 0.208816
0.205686 0.316874
0.206322 0.217629
0.206934 0.447906
0.209205 0.224621
0.210235 0.262638
0.210637 0.472088
0.211709 0.201966
0.213149 0.404390
0.213352 0.456637
0.214705 0.500057
0.214996 0.411926
0.216080 0.187941
0.216278 0.306874
0.220870 0.280550
0.221215 0.193605
0.222498 0.249914
0.224235 0.304314
0.226872 0.287783
0.229047 0.414051
0.229306 0.327551
0.231912 0.277486
0.233429 0.322786
0.233959 0.165364
0.235576 0.522902
0.237412 0.210385
0.237502 0.266943
0.239439 0.417507
0.240150 0.328425
0.240359 0.168824
0.240477 0.195392
0.241617 0.584074
0.242841 0.224608
0.243732 0.257901
0.244178 0.306309
0.245049 0.156446
0.247918 0.550680
0.248372 0.438390
0.249162 0.266085
0.249824 0.168657
0.250097 0.291477
0.251556 0.160318
0.251867 0.271111
0.253018 0.380477
0.254411 0.408363
0.254988 0.185417
0.255098 0.284705
0.255481 0.361639
0.256366 0.386116
0.258118 0.324791
0.258234 0.179710
0.259986 0.376201
0.261637 0.251778
0.263047 0.396403
0.263874 0.392944
0.265197 0.266379
0.266338 0.221608
0.267886 0.329836
0.269071 0.233696
0.270182 0.316100
0.270372 0.181545
0.271149 0.167403
0.271776 0.268010
0.272561 0.270710
0.274041 0.333735
0.278759 0.313062
0.279957 0.309941
0.280995 0.498220
0.281795 0.276179
0.282525 0.339601
0.283314 0.195306
0.284574 0.349446
0.284683 0.394431
0.286138 0.171795
0.287601 0.259477
0.287662 0.261813
0.288400 0.311316
0.290334 0.195608
0.291585 0.433575
0.292781 0.266807
0.293489 0.277985
0.294139 0.322364
0.294378 0.356798
0.295230 0.493626
0.296123 0.255673
0.298079 0.434896
0.300176 0.402540
0.300851 0.414898
0.301154 0.265919
0.301735 0.470699
0.302365 0.304237
0.304114 0.309471
0.304622 0.248882
0.304854 0.367005
0.305277 0.300584
0.308942 0.192078
0.312887 0.514764
0.315092 0.582283
0.316099 0.385791
0.316677 0.471076
0.317996 0.251954
0.318203 0.387697
0.318509 0.391799
0.319313 0.388980
0.320508 0.395458
0.321060 0.312262
0.321836 0.462829
0.324436 0.282367
0.325423 0.478541
0.325712 0.341759
0.326317 0.337554
0.326562 0.535362
0.327124 0.494420
0.328293 0.597402
0.329632 0.430598
0.330473 0.372513
0.330900 0.732451
0.331058 0.237136
0.331581 0.353890
0.332161 0.446859
0.332431 0.204701
0.332535 0.435153
0.333766 0.256362
0.335699 0.509497
0.335863 0.516204
0.337207 0.440534
0.339057 0.272730
0.339200 0.392038
0.340056 0.517266
0.343097 0.317893
0.343540 0.247783
0.346567 0.425637
0.347406 0.342231
0.350569 0.306902
0.350618 0.637936
0.351166 0.529623
0.354512 0.252423
0.355637 0.302599
0.355935 0.388194
0.358237 0.292112
0.358396 0.291543
0.358872 0.347492
0.360104 0.352356
0.360952 0.308863
0.363084 0.424088
0.363638 0.557931
0.363724 0.437271
0.367065 0.321238
0.369592 0.383912
0.369750 0.519059
0.370306 0.390747
0.371256 0.212449
0.376444 0.318117
0.377324 0.385160
0.378503 0.247202
0.378959 0.420444
0.380781 0.429977
0.381479 0.508678
0.382099 0.351572
0.383691 0.349248
0.384114 0.276945
0.384164 0.333075
0.384309 0.370201
0.390572 0.458200
0.390840 0.397639
0.393239 0.378522
0.393346 0.437611
0.393704 0.402058
0.393965 0.358868
0.395314 0.263309
0.396212 0.273540
0.396521 0.390522
0.397168 0.603728
0.398326 0.228201
0.400403 0.250692
0.401286 0.282029
0.401657 0.307353
0.403323 0.541934
0.406352 0.446169
0.406889 0.381304
0.407376 0.429224
0.407825 0.407423
0.409348 0.256487
0.410306 0.343587
0.410706 0.391161
0.410752 0.343266
0.411443 0.446440
0.411855 0.518008
0.412528 0.573123
0.412618 0.546768
0.413542 0.435206
0.413606 0.393454
0.414848 0.546020
0.414879 0.749074
0.417903 0.415354
0.420051 0.339767
0.422060 0.528545
0.422344 0.440558
0.423301 0.335220
0.425222 0.588014
0.425737 0.404149
0.427733 0.490500
0.427756 0.377813
0.428550 0.547371
0.428590 0.493585
0.429805 0.490488
0.430977 0.370745
0.431613 0.404424
0.432635 0.304387
0.433796 0.349058
0.435469 0.322208
0.437912 0.569794
0.438379 0.355480
0.439451 0.468365
0.439733 0.337655
0.441433 0.491376
0.442201 0.438637
0.443225 0.292574
0.443859 0.446442
0.444490 0.349853
0.446410 0.308915
0.446491 0.312039
0.447723 0.528902
0.452801 0.325987
0.452863 0.675739
0.454445 0.445759
0.456807 0.452666
0.457152 0.411989
0.461463 0.579110
0.463452 0.396886
0.464097 0.265668
0.466029 0.462305
0.466214 0.471180
0.466611 0.362521
0.466671 0.307142
0.467863 0.482729
0.469218 0.389878
0.470531 0.520373
0.471892 0.402138
0.472339 0.491020
0.472790 0.385764
0.473421 0.500018
0.476627 0.513143
0.481255 0.478517
0.483943 0.529945
0.484958 0.531854
0.486275 0.343453
0.488061 0.564913
0.489124 0.860329
0.492229 0.708586
0.492419 0.681085
0.494657 0.329027
0.496894 0.279301
0.497463 0.386301
0.498459 0.320993
0.498821 0.584687
0.498905 0.408102
0.500314 0.358239
0.503859 0.446894
0.504790 0.308316
0.504893 0.459554
0.506697 0.361467
0.506742 0.850505
0.509081 0.457896
0.510450 0.388105
0.512308 0.650363
0.512597 0.366903
0.514082 0.339687
0.517841 0.490521
0.519202 0.646997
0.521531 0.597013
0.522120 0.460697
0.527435 0.399766
0.531190 0.529996
0.536486 0.559029
0.536872 0.627867
0.536884 0.437806
0.540894 0.490693
0.544868 0.426051
0.545395 0.456196
0.546259 0.339048
0.546491 0.742725
0.547945 0.592304
0.547986 0.492479
0.549961 0.476113
0.554443 0.475776
0.554461 0.307419
0.556451 0.498114
0.561297 0.485990
0.562952 0.693768
0.567097 0.528002
0.567224 0.462392
0.569725 0.383853
0.573195 0.336712
0.575310 0.649668
0.577941 0.474232
0.581798 0.585042
0.584631 0.562219
0.587712 0.473585
0.589405 0.526120
0.592824 0.438570
0.595544 0.694317
0.595649 0.468210
0.598239 0.790273
0.601457 0.386165
0.602925 0.720912
0.607211 0.397067
0.615163 0.455466
0.615852 0.634392
0.621158 0.554843
0.641343 0.502612
0.644561 0.511329
0.646205 0.455023
0.647439 0.547326
0.651751 0.546637
0.652349 0.647092
0.663368 0.452659
0.666643 0.654123
0.668203 0.514124
0.676124 0.489119
0.677735 0.420617
0.686752 0.563177
0.688496 0.564700
0.694174 0.925889
0.696719 0.665190
0.697765 0.655076
0.702175 0.436284
0.702988 0.629224
0.704181 0.515332
0.711753 0.494249
0.713508 0.427551
0.717699 0.730039
0.727639 0.472123
0.745226 0.502552
0.747051 0.574168
0.791883 0.662454
0.889843 0.575533
0.952057 0.973632
0.965879 1.000000
0.979731 0.779471
0.986263 0.671695
1.000000 0.690539
