0.000000 0.585300
0.030650 0.872937
0.031161 0.607337
0.045399 0.767243
0.066849 0.929222
0.076617 0.808183
0.140700 0.646772
0.143532 0.869378
0.159196 0.700899
0.168014 0.717148
0.168635 0.607112
0.169966 0.702791
0.174938 0.488101
0.193227 0.681976
0.202081 0.591800
0.202793 0.440555
0.210549 0.206542
0.212517 0.000000
0.214446 0.730547
0.214608 0.286249
0.224747 0.702821
0.246261 0.222517
0.258222 0.036122
0.258565 0.415616
0.269542 0.601298
0.274684 0.591908
0.284091 0.900568
0.285016 0.673939
0.287025 0.686817
0.287153 0.626267
0.292956 0.807578
0.310118 0.905198
0.316220 0.516587
0.318258 0.581466
0.318738 0.075746
0.319526 0.868059
0.320397 0.350660
0.325110 0.612801
0.330255 0.287501
0.333924 0.681426
0.335536 0.785811
0.359593 0.587662
0.371079 0.547932
0.372016 0.554318
0.387683 0.282425
0.387972 0.903469
0.395338 0.801286
0.396650 0.668826
0.397881 0.671706
0.400300 0.892348
0.404525 0.710926
0.409856 0.974551
0.412414 0.510477
0.422861 0.329964
0.429772 0.700995
0.435448 0.449253
0.440115 0.674414
0.452457 0.351446
0.457577 0.920964
0.461925 0.687806
0.462634 0.721368
0.488433 0.265331
0.490268 0.388677
0.491632 0.487840
0.500875 0.920825
0.506095 0.421056
0.510991 0.588164
0.511050 0.681319
0.515308 0.240470
0.516141 0.422783
0.517062 0.378524
0.517788 0.286969
0.522647 1.000000
0.528616 0.851288
0.530042 0.598548
0.533618 0.424795
0.540880 0.759273
0.551412 0.585526
0.551476 0.691148
0.566791 0.304755
0.569979 0.535643
0.572074 0.376947
0.573182 0.786646
0.583702 0.674764
0.597495 0.796830
0.608905 0.459381
0.613793 0.622388
0.614902 0.521756
0.640290 0.498926
0.657558 0.846660
0.661844 0.282136
0.725435 0.858823
0.739962 0.606389
0.753506 0.674557
0.759197 0.969835
0.769015 0.176363
0.771603 0.923310
0.777160 0.597589
0.813604 0.638941
0.849339 0.804506
0.916870 0.510474
0.996422 0.351506
1.000000 0.794264
