0.000000 0.507078
0.039072 0.736807
0.056398 0.478644
0.058223 0.656138
0.059345 0.392993
0.066786 0.713895
0.082076 0.706133
0.089203 0.730692
0.096896 0.776883
0.103569 0.466419
0.119964 0.500594
0.128127 0.491898
0.130799 0.430028
0.140055 0.186314
0.144484 0.631136
0.148880 0.600273
0.150227 0.528592
0.152819 0.632175
0.154102 0.510297
0.171224 0.581188
0.175952 0.291629
0.180113 0.627610
0.189424 0.671759
0.196304 0.525789
0.202215 0.000000
0.204196 0.341817
0.206509 0.763558
0.235770 0.756517
0.237891 0.764224
0.238853 0.548696
0.240774 0.766950
0.241905 0.767677
0.242126 0.627898
0.242151 0.665305
0.244568 0.361475
0.251088 0.423362
0.251419 0.272453
0.268095 0.149660
0.271201 0.441598
0.272446 0.823504
0.289824 0.575849
0.293517 0.563294
0.295969 0.884026
0.296497 0.960907
0.316141 0.561894
0.319167 0.731390
0.320855 0.703265
0.321584 0.356924
0.324740 0.631645
0.330720 0.724405
0.343321 0.674549
0.355134 0.691265
0.371968 0.397512
0.382375 0.842201
0.384221 0.841776
0.385725 0.848146
0.387964 0.484015
0.388430 0.186332
0.391205 0.729362
0.400629 0.555009
0.410336 0.850944
0.415841 0.395586
0.421929 0.536000
0.444502 0.470952
0.446168 0.555339
0.451470 0.523248
0.451505 0.285134
0.461959 0.238806
0.466391 0.566015
0.466527 0.655832
0.468203 0.860163
0.480049 0.439912
0.487397 0.750252
0.491002 0.531800
0.492618 0.791456
0.492723 0.561516
0.510585 0.485692
0.511763 0.379980
0.512381 0.386586
0.514183 0.645428
0.516129 0.465880
0.533165 0.838675
0.548702 0.641648
0.549556 0.655661
0.551325 0.818718
0.552329 0.896454
0.556960 0.335519
0.562246 0.577544
0.576147 0.749764
0.584984 0.947795
0.589218 0.654497
0.593797 0.813198
0.594071 0.564822
0.597728 0.515625
0.609756 0.657598
0.612425 0.747042
0.613595 0.755575
0.622476 0.678983
0.635524 0.880566
0.662807 0.778593
0.665347 0.639478
0.691411 0.743491
0.694471 0.727732
0.696431 0.608415
0.700870 0.869888
0.705198 0.432445
0.709279 0.921794
0.738947 0.513103
0.774011 0.762482
0.804125 0.869119
0.839394 0.804442
0.869084 0.856952
0.881582 0.830591
0.891219 0.770568
0.954221 0.802714
0.958536 1.000000
0.973788 0.536646
1.000000 0.526852
