0.000000 0.349006
0.007859 0.675185
0.018605 0.381636
0.023494 0.316963
0.026932 0.377033
0.032919 0.364547
0.035723 0.245206
0.036679 0.322747
0.036923 0.520722
0.044745 0.255758
0.044781 0.398747
0.050318 0.422342
0.052273 0.497557
0.054201 0.217964
0.055068 0.671312
0.056669 0.688409
0.057016 0.492050
0.058303 0.420102
0.061910 0.433580
0.062963 0.463521
0.063369 0.675952
0.064609 0.453079
0.069941 0.487482
0.076799 0.341492
0.079044 0.414113
0.082703 0.575427
0.083132 0.554128
0.083701 0.663551
0.085246 0.199284
0.087853 0.154777
0.089794 0.495662
0.090469 0.543932
0.098872 0.355135
0.101073 0.457386
0.101498 0.606971
0.103357 0.683833
0.107148 0.322715
0.107213 0.497694
0.108115 0.342693
0.110544 0.564894
0.112280 0.405512
0.116793 0.410854
0.118301 0.248706
0.120566 0.324194
0.121319 0.438228
0.121953 0.292201
0.124231 0.419423
0.124392 0.466550
0.125204 0.504553
0.129466 0.175840
0.130622 0.573191
0.132556 0.483366
0.132830 0.723254
0.133687 0.537269
0.135102 0.350960
0.135490 0.174774
0.135683 0.402079
0.136687 0.499490
0.140856 0.040933
0.143791 0.683479
0.145312 0.331576
0.145684 0.195560
0.146652 0.328470
0.149275 0.644417
0.153707 0.326517
0.156586 0.441442
0.159236 0.501850
0.159896 0.695380
0.160790 0.560823
0.161432 0.002228
0.162657 0.495670
0.163444 0.598162
0.164935 0.662435
0.165840 0.432092
0.166751 0.627073
0.167519 0.615073
0.176452 0.451839
0.176828 0.507520
0.177137 0.448928
0.178173 0.668328
0.180732 0.597618
0.180873 0.560756
0.183235 0.453739
0.187846 0.390697
0.192834 0.650514
0.193499 0.630071
0.193764 0.279549
0.195226 0.683511
0.195544 0.553284
0.197279 0.596010
0.199303 0.501183
0.201132 0.255906
0.202757 0.645677
0.204580 0.615235
0.205277 0.489078
0.205335 0.517133
0.207733 0.414309
0.208277 0.499878
0.208339 0.584267
0.212011 0.432427
0.212071 0.355327
0.213448 0.596419
0.213511 0.712331
0.214569 0.699064
0.217445 0.711848
0.219953 0.352378
0.223004 0.411262
0.225054 0.591811
0.226086 0.447781
0.226430 0.119211
0.227253 0.000000
0.227733 0.355999
0.228877 0.457708
0.229344 0.488498
0.229489 0.660610
0.229515 0.634373
0.230102 0.429280
0.230638 0.504642
0.231788 0.626008
0.232104 0.558604
0.236709 0.711404
0.238734 0.678882
0.239088 0.459060
0.239756 0.489568
0.240361 0.711797
0.243536 0.604023
0.243797 0.525117
0.245508 0.590576
0.246434 0.692158
0.248628 0.702412
0.249201 0.362908
0.251244 0.687781
0.251751 0.430906
0.253964 0.206921
0.253986 0.303055
0.256229 0.557635
0.257611 0.514894
0.263662 0.594541
0.264377 0.486732
0.264841 0.691055
0.264925 0.711734
0.265137 0.518227
0.265580 0.665742
0.266461 0.489983
0.269385 0.377129
0.269780 0.689490
0.272104 0.622562
0.275654 0.578194
0.278183 0.572659
0.278943 0.385459
0.284027 0.318549
0.285200 0.570152
0.285664 0.552208
0.289199 0.623347
0.289935 0.376928
0.292044 0.514428
0.292794 0.608550
0.293058 0.685346
0.293672 0.690876
0.294395 0.518439
0.295287 0.630121
0.296710 0.548010
0.298166 0.453258
0.300171 0.629303
0.301789 0.616888
0.302745 0.737119
0.302959 0.518786
0.303602 0.680656
0.305410 0.687660
0.306606 0.717875
0.307019 0.370377
0.307212 0.518107
0.307227 0.529686
0.308572 0.582070
0.311401 0.626310
0.312018 0.646855
0.312351 0.348456
0.314812 0.647900
0.315220 0.631417
0.316784 0.545513
0.317941 0.460711
0.318637 0.567923
0.320826 0.496755
0.321845 0.348266
0.322880 0.718990
0.323061 0.569787
0.324104 0.465167
0.325188 0.561676
0.325546 0.359023
0.326869 0.783969
0.327891 0.428803
0.328189 0.396321
0.332569 0.555861
0.333504 0.401977
0.336744 0.641468
0.337542 0.194239
0.338975 0.706402
0.339345 0.630142
0.339382 0.477529
0.341385 0.641879
0.343425 0.774972
0.347319 0.761312
0.349164 0.802368
0.352194 0.599832
0.356989 0.344389
0.358116 0.613655
0.359905 0.759189
0.361216 0.374505
0.363455 0.436156
0.363897 0.402210
0.364599 0.631498
0.364732 0.409841
0.367381 0.414383
0.368779 0.547496
0.369163 0.656399
0.369249 0.646879
0.370712 0.723270
0.371358 0.524221
0.373546 0.718904
0.375606 0.341428
0.377302 0.565794
0.377334 0.434738
0.378171 0.658163
0.380059 0.463781
0.380356 0.540179
0.383874 0.757003
0.389352 0.720830
0.389869 0.777500
0.391060 0.435374
0.391399 0.768055
0.391534 0.533461
0.392670 0.693099
0.394688 0.568530
0.397493 0.808283
0.397656 0.571516
0.399132 0.457145
0.400252 0.611718
0.400487 0.515168
0.403232 0.632391
0.405494 0.514906
0.406141 0.561264
0.406529 0.725425
0.406817 0.814879
0.408039 0.644179
0.410405 0.804716
0.418485 0.704210
0.418870 0.683790
0.420821 0.701157
0.421429 0.744086
0.422009 0.374366
0.422146 0.578480
0.423537 0.570795
0.423711 0.731378
0.430382 0.445363
0.430871 0.684771
0.431284 0.718172
0.433666 0.645598
0.433917 0.554337
0.436678 0.609309
0.438989 0.512433
0.442369 0.616561
0.442698 0.659448
0.444775 0.639581
0.445328 0.621058
0.446908 0.617032
0.449374 0.525222
0.452825 0.536386
0.453765 0.563893
0.456154 0.754663
0.459377 0.593675
0.460965 0.611213
0.461728 0.714430
0.461846 0.734166
0.463594 0.670101
0.465320 0.729549
0.469214 0.395841
0.476020 0.491167
0.476641 0.801275
0.481453 0.731240
0.484027 0.742953
0.485710 0.640975
0.487194 0.508888
0.487988 0.691239
0.494769 0.603165
0.496230 0.545338
0.496718 0.477431
0.497174 0.668164
0.501355 0.682860
0.505207 0.740129
0.505256 0.627157
0.508634 0.365543
0.509419 0.692204
0.510192 0.456108
0.513091 0.590946
0.513713 0.619099
0.515277 0.603592
0.517785 0.816361
0.518730 0.712154
0.522313 0.836520
0.522520 0.583484
0.524890 0.673357
0.525227 0.656703
0.530857 0.648980
0.535661 0.854970
0.537359 0.743216
0.539172 0.450802
0.539631 0.540831
0.539734 0.727550
0.542530 0.626473
0.543578 0.835129
0.544446 0.724618
0.549781 0.749807
0.550409 0.692500
0.554116 0.730969
0.560831 0.633922
0.563618 0.753522
0.571270 0.574991
0.576470 0.777798
0.585188 0.864568
0.586012 0.519007
0.586437 0.860559
0.588574 0.691725
0.589446 0.653011
0.590287 0.566901
0.594475 0.766232
0.594845 0.812554
0.596597 0.705645
0.596826 0.635299
0.601250 0.787178
0.605081 0.618662
0.607100 0.811709
0.609084 0.755353
0.611068 0.817982
0.615473 0.766846
0.617225 0.631487
0.623668 0.704135
0.633273 0.698226
0.633653 0.777613
0.635191 0.743548
0.645062 0.580309
0.645803 0.871785
0.657123 0.506825
0.663272 0.632353
0.664435 0.746596
0.671633 0.557622
0.680387 0.717197
0.685138 0.791718
0.685277 0.786134
0.689080 0.796711
0.691630 0.865963
0.697922 0.750418
0.701310 0.574725
0.708165 0.742861
0.716585 0.671817
0.721689 0.762758
0.723337 0.839456
0.724010 0.787412
0.726583 0.764721
0.733423 0.679467
0.734121 0.838526
0.735125 0.777165
0.765965 0.755675
0.776133 0.666101
0.779527 0.954512
0.787631 0.659062
0.799300 0.620671
0.800557 0.732962
0.800799 0.581018
0.821082 0.839000
0.823097 0.739865
0.825095 0.704047
0.829844 0.723285
0.852208 0.908172
0.859309 0.908037
0.935063 1.000000
1.000000 0.902726
