0.000000 0.031976
0.004787 0.235002
0.005308 0.000000
0.005551 0.109481
0.014450 0.330230
0.025135 0.102061
0.029591 0.167008
0.031152 0.035328
0.034998 0.317539
0.038039 0.164222
0.043489 0.247585
0.052649 0.147639
0.055451 0.039020
0.055646 0.411173
0.061684 0.087676
0.063162 0.185227
0.066326 0.079604
0.066868 0.161929
0.066940 0.211055
0.067446 0.100108
0.067828 0.248664
0.067934 0.207788
0.070635 0.099823
0.074431 0.274876
0.076858 0.262718
0.078786 0.128725
0.081118 0.220802
0.081400 0.169731
0.082158 0.120080
0.084837 0.266749
0.085812 0.235437
0.086231 0.325780
0.086728 0.074165
0.087170 0.345002
0.087372 0.160278
0.087772 0.311551
0.088662 0.191781
0.090286 0.220612
0.092936 0.138500
0.093561 0.140987
0.096139 0.253627
0.097102 0.399953
0.101271 0.121135
0.102021 0.246968
0.102953 0.118737
0.108952 0.333982
0.110846 0.328960
0.114947 0.324187
0.116754 0.137402
0.120357 0.439688
0.120359 0.339043
0.122100 0.174653
0.122349 0.232096
0.125181 0.274842
0.126168 0.315900
0.126507 0.225423
0.126543 0.189415
0.128174 0.084165
0.128412 0.291447
0.128612 0.081221
0.128754 0.103196
0.129146 0.167889
0.129210 0.253927
0.130095 0.220855
0.130175 0.254604
0.131656 0.206001
0.133112 0.178258
0.133418 0.154484
0.134823 0.176031
0.135127 0.176823
0.136399 0.181690
0.136593 0.204277
0.137445 0.184131
0.137889 0.172561
0.139845 0.263938
0.139927 0.270718
0.140082 0.080409
0.140730 0.076025
0.142812 0.373349
0.143379 0.193617
0.143851 0.154304
0.143876 0.357921
0.144954 0.377434
0.144975 0.403383
0.145123 0.351590
0.145894 0.179179
0.147633 0.129711
0.148214 0.344864
0.150551 0.248115
0.150571 0.294133
0.151501 0.253791
0.151939 0.167278
0.151983 0.334579
0.152769 0.227732
0.152917 0.160088
0.153359 0.293043
0.154072 0.256867
0.154533 0.436590
0.154672 0.162136
0.154999 0.201419
0.155315 0.476823
0.155846 0.223294
0.157294 0.149275
0.157394 0.227496
0.159462 0.191109
0.160339 0.331024
0.160353 0.132469
0.160619 0.293935
0.161016 0.133724
0.163274 0.251894
0.166735 0.466699
0.166797 0.173479
0.167001 0.130757
0.167444 0.133684
0.168397 0.194760
0.168781 0.278867
0.168786 0.261111
0.169453 0.202033
0.170361 0.171805
0.170859 0.363117
0.172988 0.262736
0.174112 0.231662
0.174433 0.171129
0.174441 0.168919
0.174864 0.334013
0.175161 0.135413
0.176175 0.549277
0.176202 0.314424
0.176511 0.347931
0.176547 0.209023
0.176561 0.297828
0.176600 0.268803
0.176790 0.244017
0.177032 0.372819
0.178066 0.398880
0.180878 0.298408
0.181244 0.132436
0.184625 0.354887
0.184941 0.266717
0.185259 0.287268
0.185752 0.256540
0.186411 0.325278
0.186465 0.172026
0.186516 0.257814
0.187681 0.211234
0.188002 0.244335
0.190584 0.349485
0.190813 0.336653
0.192587 0.270140
0.196827 0.256616
0.196883 0.302593
0.196990 0.160616
0.197514 0.419239
0.197773 0.219147
0.198868 0.204640
0.200726 0.335847
0.201745 0.219061
0.201835 0.325549
0.201868 0.166870
0.202122 0.162394
0.205214 0.223326
0.206603 0.264163
0.206724 0.220957
0.207448 0.234493
0.207721 0.491769
0.208003 0.371260
0.208610 0.313986
0.209336 0.277478
0.209678 0.417842
0.210492 0.368461
0.210844 0.418608
0.212062 0.243856
0.212390 0.297769
0.213425 0.263391
0.214307 0.393157
0.214321 0.416213
0.215261 0.372251
0.215485 0.169371
0.215600 0.418295
0.215815 0.418904
0.215900 0.395478
0.215930 0.417324
0.215931 0.209459
0.217762 0.283912
0.218673 0.255065
0.218720 0.245165
0.218774 0.314972
0.219291 0.373200
0.220090 0.294171
0.221298 0.294974
0.221516 0.334224
0.222282 0.437101
0.225913 0.194996
0.226358 0.295248
0.228504 0.314107
0.229839 0.191042
0.230281 0.242050
0.230606 0.381232
0.230803 0.401466
0.231177 0.268509
0.233913 0.250041
0.234589 0.499317
0.235445 0.284361
0.236978 0.368087
0.237686 0.267915
0.239468 0.256799
0.240435 0.418425
0.240459 0.279536
0.240806 0.360468
0.241200 0.200067
0.243244 0.294619
0.243291 0.392059
0.243684 0.168592
0.243864 0.367448
0.243871 0.365982
0.244870 0.217332
0.245488 0.200907
0.245772 0.416311
0.246160 0.414818
0.246636 0.303127
0.248333 0.361183
0.249126 0.392200
0.249594 0.156359
0.249625 0.310758
0.249910 0.494818
0.250076 0.390063
0.251828 0.400646
0.252743 0.524028
0.252953 0.570303
0.254935 0.404726
0.256052 0.386057
0.256186 0.312119
0.256325 0.243484
0.256497 0.266083
0.257186 0.241338
0.257442 0.419306
0.258448 0.195098
0.258602 0.440154
0.258790 0.265105
0.259003 0.512887
0.259366 0.460084
0.260511 0.350908
0.261513 0.288047
0.262170 0.318726
0.262171 0.215124
0.263774 0.366135
0.263991 0.399341
0.264034 0.259085
0.264406 0.217861
0.264842 0.279675
0.265222 0.338258
0.265370 0.225541
0.266330 0.466163
0.266808 0.450267
0.267233 0.377164
0.267313 0.282699
0.267411 0.261237
0.267772 0.225951
0.267848 0.388191
0.268654 0.299343
0.268989 0.258464
0.269334 0.407105
0.270275 0.255038
0.270945 0.311415
0.270992 0.257040
0.271970 0.332686
0.272146 0.241906
0.272672 0.259073
0.272884 0.361374
0.274675 0.225132
0.274762 0.425089
0.274946 0.545185
0.275018 0.223758
0.275424 0.389425
0.275433 0.483034
0.276076 0.356604
0.276720 0.458989
0.277073 0.337497
0.277692 0.412081
0.278868 0.307560
0.278885 0.312763
0.278962 0.457413
0.279875 0.359733
0.281152 0.297974
0.282032 0.432041
0.282750 0.457144
0.282958 0.319035
0.284273 0.355375
0.285382 0.427915
0.285760 0.242267
0.286114 0.357161
0.286437 0.483520
0.286864 0.468113
0.288550 0.399131
0.289450 0.251838
0.289471 0.463426
0.289993 0.450113
0.293492 0.358393
0.294138 0.373016
0.294323 0.200725
0.294683 0.225343
0.295013 0.442071
0.295054 0.424643
0.295108 0.350232
0.296056 0.235533
0.298235 0.458530
0.298863 0.225258
0.299667 0.317950
0.299833 0.439498
0.299929 0.261695
0.301189 0.486430
0.301371 0.345502
0.302692 0.552670
0.302704 0.195654
0.304061 0.451409
0.304157 0.290955
0.304371 0.410108
0.304393 0.346474
0.304400 0.569181
0.307511 0.278254
0.307642 0.395598
0.307739 0.251826
0.308462 0.412133
0.308725 0.470025
0.309217 0.308834
0.309375 0.365703
0.311133 0.454412
0.311789 0.319146
0.313220 0.359459
0.313928 0.291981
0.314087 0.313289
0.314646 0.471870
0.316257 0.417873
0.316680 0.411546
0.317803 0.358544
0.317946 0.325040
0.319058 0.319550
0.319115 0.517312
0.319348 0.492330
0.320117 0.297157
0.320393 0.442370
0.322207 0.246665
0.323160 0.369390
0.323164 0.372299
0.323242 0.421547
0.325835 0.400356
0.327079 0.323275
0.327418 0.318036
0.327903 0.351760
0.328136 0.303228
0.328215 0.438269
0.328436 0.288675
0.328745 0.308836
0.329164 0.324221
0.329554 0.407162
0.330533 0.363911
0.332068 0.347070
0.333634 0.375712
0.335571 0.595047
0.335777 0.393718
0.336043 0.342798
0.336610 0.276122
0.336780 0.341181
0.337433 0.293793
0.337708 0.711981
0.340001 0.601414
0.340268 0.420161
0.341164 0.412957
0.343154 0.383621
0.343521 0.332971
0.343823 0.499497
0.344563 0.252836
0.345175 0.316320
0.346565 0.279089
0.347053 0.263242
0.348151 0.417029
0.348197 0.490790
0.348383 0.571053
0.350417 0.319742
0.351208 0.271195
0.352796 0.491671
0.353725 0.571837
0.354404 0.472597
0.354589 0.369325
0.355030 0.304442
0.356918 0.427142
0.357521 0.382386
0.357697 0.278654
0.358526 0.366171
0.361562 0.394276
0.361761 0.338148
0.362735 0.422481
0.363068 0.417949
0.364304 0.411578
0.364952 0.447483
0.367768 0.276935
0.367850 0.469999
0.368079 0.277985
0.368473 0.481656
0.368900 0.266079
0.369084 0.436771
0.369228 0.358471
0.369278 0.455230
0.370000 0.389376
0.370193 0.655630
0.371701 0.502949
0.371778 0.337819
0.372497 0.467143
0.374010 0.317952
0.377106 0.301434
0.377658 0.297503
0.377811 0.314150
0.378193 0.345001
0.378970 0.460562
0.379788 0.297202
0.379800 0.332193
0.380272 0.497054
0.383088 0.418359
0.383302 0.594995
0.383804 0.473867
0.383922 0.476808
0.385211 0.496141
0.385274 0.368578
0.385518 0.420983
0.388445 0.417140
0.388506 0.336039
0.388630 0.424130
0.389180 0.289083
0.390001 0.306577
0.390006 0.512130
0.390876 0.346154
0.391119 0.408881
0.391540 0.491525
0.392329 0.532313
0.395167 0.431274
0.396394 0.668478
0.397721 0.549251
0.398282 0.528528
0.398473 0.472328
0.399356 0.450110
0.399574 0.380911
0.400518 0.383707
0.401228 0.343368
0.401490 0.392856
0.402383 0.421095
0.402464 0.445835
0.404027 0.332238
0.404096 0.384757
0.404491 0.400816
0.404579 0.509260
0.406277 0.480636
0.406614 0.676314
0.407883 0.510747
0.408639 0.396684
0.408915 0.561322
0.409166 0.339009
0.410844 0.565419
0.411482 0.520232
0.412449 0.429325
0.413456 0.516018
0.413624 0.407374
0.414530 0.525203
0.416462 0.346767
0.416463 0.516987
0.417407 0.444967
0.417438 0.554198
0.417688 0.375349
0.418821 0.543175
0.419933 0.540035
0.420177 0.426192
0.422033 0.365131
0.423726 0.380729
0.424073 0.384160
0.424699 0.382205
0.424908 0.488518
0.425431 0.440296
0.425646 0.376436
0.426568 0.501086
0.427586 0.735270
0.427655 0.515891
0.428483 0.527988
0.429612 0.501686
0.431963 0.406757
0.432129 0.365297
0.433329 0.679788
0.435845 0.328896
0.435876 0.416387
0.436141 0.448483
0.437083 0.355236
0.437612 0.403733
0.437817 0.355627
0.438883 0.394424
0.439197 0.355181
0.439440 0.475818
0.439864 0.809378
0.440687 0.485117
0.441806 0.358332
0.442944 0.375982
0.444390 0.484038
0.444555 0.444073
0.445393 0.470206
0.447052 0.338388
0.447350 0.539596
0.448764 0.410097
0.450666 0.459390
0.451217 0.382699
0.451470 0.380215
0.452016 0.576180
0.452231 0.415022
0.453454 0.492150
0.453464 0.583137
0.453909 0.445902
0.456854 0.485807
0.457221 0.472697
0.457640 0.517111
0.458482 0.400983
0.458501 0.583719
0.459668 0.805834
0.460043 0.638871
0.461828 0.410542
0.463741 0.482139
0.464683 0.440038
0.465179 0.502552
0.465836 0.467176
0.466894 0.516659
0.467052 0.409845
0.468218 0.450334
0.468256 0.694542
0.469062 0.518346
0.469212 0.466033
0.469741 0.359282
0.469862 0.502351
0.470267 0.583631
0.471000 0.486950
0.473359 0.410272
0.473390 0.516207
0.473631 0.371458
0.476389 0.489428
0.477643 0.430821
0.478604 0.407858
0.481490 0.472857
0.481591 0.445934
0.481723 0.402508
0.482084 0.399493
0.484089 0.502580
0.484261 0.592542
0.484835 0.690419
0.485002 0.445365
0.487954 0.441017
0.488896 0.675442
0.489207 0.482392
0.489351 0.661535
0.491029 0.580069
0.492330 0.636736
0.492878 0.381834
0.493049 0.406952
0.494063 0.449956
0.495117 0.516111
0.497475 0.536551
0.498120 0.621055
0.499094 0.375624
0.499854 0.524332
0.500483 0.497624
0.500536 0.508939
0.501455 0.598297
0.501507 0.393913
0.501666 0.644629
0.502324 0.378681
0.502420 0.558309
0.502706 0.443829
0.502718 0.537358
0.503027 0.437362
0.506651 0.497997
0.507011 0.505519
0.509401 0.449754
0.509882 0.409036
0.510120 0.610013
0.511399 0.411603
0.512437 0.589968
0.513615 0.699793
0.514109 0.536651
0.514164 0.542762
0.517913 0.631684
0.518778 0.556773
0.519402 0.578442
0.519602 0.446575
0.521285 0.424711
0.522126 0.569947
0.522476 0.477669
0.522940 0.570074
0.523186 0.474211
0.524150 0.544826
0.524925 0.494141
0.526494 0.404523
0.526709 0.533384
0.529453 0.473934
0.530156 0.647732
0.530492 0.616878
0.531173 0.648614
0.532069 0.427441
0.533911 0.469890
0.535256 0.515548
0.535847 0.428466
0.537089 0.527482
0.538169 0.451383
0.538700 0.514311
0.539099 0.542719
0.539721 0.501820
0.539940 0.564788
0.540311 0.746904
0.543018 0.505807
0.543203 0.503981
0.544433 0.549184
0.544786 0.490031
0.548539 0.543194
0.550273 0.812460
0.551052 0.612162
0.551772 0.521654
0.552867 0.399917
0.553865 0.486356
0.558461 0.588989
0.559044 0.570037
0.559283 0.574227
0.561631 0.506072
0.564740 0.396064
0.565020 0.601219
0.565196 0.634060
0.565537 0.584680
0.566619 0.481013
0.569326 0.676414
0.569797 0.568796
0.570940 0.527078
0.571193 0.539759
0.574288 0.687527
0.574910 0.539207
0.576293 0.734201
0.576702 0.531601
0.576950 0.674287
0.577124 0.535596
0.579511 0.585678
0.582688 0.461029
0.588725 0.579590
0.590875 0.623561
0.592968 0.608386
0.594983 0.545985
0.596626 0.672170
0.602367 0.580603
0.602858 0.676011
0.603372 0.439601
0.606340 0.546944
0.606456 0.607330
0.607402 0.556173
0.608413 0.614327
0.611521 0.568465
0.612328 0.673073
0.616400 0.548631
0.617666 0.525706
0.617733 0.560515
0.620006 0.684279
0.620730 0.534355
0.621370 0.546854
0.630132 0.618074
0.633089 0.831983
0.634693 0.905295
0.634836 0.786421
0.635769 0.595587
0.636089 0.742098
0.638224 0.554054
0.640202 0.679048
0.642393 0.807289
0.644965 0.883567
0.645766 0.608863
0.648817 0.636657
0.648831 0.700036
0.650031 0.547977
0.650542 0.565898
0.650927 0.585818
0.655438 0.537712
0.655612 0.661851
0.658075 0.783209
0.659103 0.754544
0.661847 0.666069
0.662281 0.622408
0.663802 0.519612
0.663967 0.821565
0.667132 0.631075
0.668143 0.492139
0.668790 0.566862
0.669230 0.683152
0.672546 0.609601
0.673032 0.732101
0.673388 0.606209
0.676668 0.829195
0.679126 0.615570
0.682265 0.513574
0.682441 0.769568
0.687239 0.496420
0.687833 0.609066
0.694018 0.686697
0.695778 0.635529
0.695973 0.703275
0.698368 0.730183
0.698515 0.582798
0.698671 0.774836
0.700684 0.636998
0.706938 0.641092
0.707209 0.715563
0.712250 0.669059
0.712735 0.637088
0.715054 0.754656
0.722205 0.805511
0.722951 0.619446
0.732053 0.744322
0.735241 0.648014
0.752097 0.697895
0.752242 0.758966
0.752915 0.802580
0.753370 0.675836
0.753673 0.702168
0.768667 0.754522
0.771784 0.573440
0.778369 0.608409
0.782853 0.688293
0.786609 0.898939
0.791210 0.869734
0.810778 0.777793
0.815500 0.849507
0.817877 0.840375
0.819981 0.778113
0.826497 1.000000
0.827536 0.649593
0.827566 0.793235
0.834906 0.675097
0.837099 0.783636
0.851309 0.672016
0.852475 0.844168
0.854292 0.833058
0.861716 0.893589
0.865703 0.906126
0.869389 0.803629
0.871647 0.750887
0.883044 0.728388
0.892233 0.980932
0.943360 0.808377
0.948203 0.719887
0.949022 0.835358
0.990337 0.757679
1.000000 0.778164
