0.000000 0.652938
0.001687 0.430304
0.006741 0.479270
0.011286 0.510813
0.014384 0.660519
0.017653 0.462675
0.018838 0.460187
0.025821 0.502940
0.030007 0.355713
0.034202 0.641369
0.037197 0.350120
0.039066 0.508075
0.042611 0.325776
0.048445 0.282417
0.049626 0.277964
0.050084 0.462086
0.051776 0.325208
0.051797 0.533871
0.052356 0.690784
0.054504 0.683226
0.062972 0.587500
0.063365 0.667817
0.066144 0.679075
0.071974 0.601483
0.072573 0.656727
0.073253 0.647759
0.074365 0.601334
0.075695 0.584462
0.078791 0.465827
0.080319 0.670021
0.081135 0.711639
0.082187 0.243193
0.082344 0.593926
0.082812 0.568574
0.083450 0.585937
0.086373 0.530521
0.086547 0.706774
0.086553 0.392218
0.092317 0.680475
0.093139 0.555721
0.093670 0.285645
0.094705 0.624547
0.096146 0.301762
0.096323 0.352520
0.100006 0.343835
0.100038 0.713687
0.100443 0.622155
0.103358 0.483940
0.103845 0.462650
0.104672 0.704143
0.107941 0.166704
0.109419 0.514407
0.113109 0.025741
0.113227 0.285712
0.115212 0.613856
0.116565 0.601667
0.119313 0.357697
0.121947 0.596792
0.123648 0.627080
0.124174 0.266868
0.124392 0.645902
0.124541 0.700810
0.125026 0.389161
0.126502 0.537545
0.126758 0.518858
0.128240 0.552622
0.128936 0.686818
0.129136 0.557520
0.130392 0.488859
0.132447 0.523744
0.132809 0.660141
0.133001 0.604041
0.133940 0.538718
0.134563 0.500153
0.134574 0.497708
0.135214 0.305266
0.136835 0.218334
0.136916 0.737499
0.138404 0.458511
0.138787 0.328777
0.139089 0.435536
0.142430 0.198091
0.142535 0.330282
0.143588 0.492630
0.144496 0.455314
0.146369 0.634525
0.146967 0.666480
0.147807 0.582335
0.152341 0.418742
0.152932 0.522457
0.153501 0.490677
0.155810 0.359571
0.155924 0.515102
0.156288 0.335944
0.157781 0.327131
0.157788 0.712380
0.159716 0.632062
0.160836 0.376019
0.162282 0.000000
0.162416 0.453976
0.162557 0.712078
0.162609 0.459577
0.163382 0.309108
0.163725 0.580549
0.165563 0.606372
0.166596 0.352987
0.167639 0.483830
0.168646 0.627040
0.169407 0.681126
0.169468 0.511515
0.169567 0.545280
0.171634 0.116967
0.172852 0.690573
0.174331 0.621335
0.175970 0.480726
0.179000 0.477535
0.182613 0.205273
0.182736 0.635395
0.182828 0.523852
0.184121 0.696304
0.184935 0.615610
0.186144 0.260182
0.186356 0.488222
0.187607 0.492064
0.187789 0.381395
0.187931 0.358830
0.188517 0.752939
0.188570 0.553577
0.189741 0.495001
0.189773 0.306233
0.191855 0.585474
0.193171 0.358377
0.193958 0.470790
0.195511 0.478168
0.195632 0.669450
0.196361 0.556972
0.196441 0.567434
0.196616 0.583733
0.198521 0.707025
0.200762 0.662388
0.200907 0.663893
0.201511 0.739889
0.204332 0.415374
0.204714 0.482518
0.205700 0.779934
0.206075 0.298023
0.206257 0.189250
0.206696 0.805077
0.207640 0.610293
0.211508 0.540998
0.215474 0.484673
0.215600 0.694182
0.215746 0.419487
0.218090 0.655468
0.218397 0.549924
0.221359 0.479191
0.224294 0.513295
0.224516 0.695533
0.225593 0.524410
0.228229 0.574691
0.229398 0.661671
0.229862 0.565887
0.231383 0.594996
0.232374 0.546067
0.233109 0.682785
0.237440 0.694672
0.242972 0.494022
0.243323 0.710654
0.243910 0.498748
0.244179 0.473220
0.245063 0.532110
0.246224 0.420725
0.246640 0.722077
0.247629 0.446806
0.248164 0.535546
0.248847 0.562284
0.249754 0.388506
0.251481 0.518037
0.251984 0.706745
0.254078 0.602371
0.255190 0.615082
0.255368 0.432346
0.256787 0.613971
0.258373 0.244782
0.260956 0.812081
0.261061 0.807691
0.261442 0.770274
0.263289 0.737436
0.264024 0.741565
0.265433 0.683068
0.265474 0.595627
0.268694 0.486431
0.271649 0.634845
0.272580 0.783806
0.272583 0.771171
0.274733 0.481934
0.275197 0.777336
0.275546 0.756375
0.275864 0.438431
0.276091 0.515270
0.276973 0.711491
0.277612 0.499411
0.277932 0.407042
0.278124 0.627648
0.279549 0.689454
0.281664 0.596671
0.282567 0.520166
0.283173 0.732176
0.287665 0.508017
0.287847 0.744892
0.288683 0.517715
0.288742 0.782196
0.296008 0.569443
0.296271 0.544794
0.296327 0.655241
0.296503 0.712024
0.298082 0.434719
0.298347 0.741014
0.303451 0.330542
0.304573 0.565806
0.305796 0.416979
0.310060 0.671679
0.310437 0.512498
0.312061 0.655881
0.313957 0.285153
0.314844 0.660255
0.315524 0.530803
0.316051 0.596734
0.317229 0.475176
0.317241 0.689439
0.318454 0.577818
0.318764 0.689656
0.319142 0.574432
0.319343 0.759492
0.319660 0.687979
0.322752 0.695750
0.322886 0.654626
0.323024 0.159613
0.326397 0.212501
0.327745 0.077710
0.328757 0.537107
0.329336 0.807745
0.329389 0.850038
0.329521 0.582827
0.332730 0.620391
0.332740 0.386195
0.333897 0.710950
0.337513 0.832745
0.338199 0.663190
0.342002 0.636509
0.342768 0.792118
0.345566 0.807222
0.347676 0.806774
0.350659 0.646275
0.351341 0.712456
0.356309 0.147654
0.357103 0.789067
0.358138 0.630003
0.363272 0.578920
0.363377 0.360396
0.364128 0.522557
0.364978 0.412635
0.366599 0.588480
0.369162 0.822002
0.370737 0.311926
0.372625 0.620486
0.373873 0.454225
0.374730 0.759572
0.376509 0.535094
0.376703 0.552336
0.378971 0.601847
0.380039 0.631881
0.380317 0.629172
0.380733 0.493622
0.381329 0.626858
0.381783 0.829728
0.381870 0.664785
0.382762 0.440200
0.382932 0.637544
0.386664 0.665641
0.387179 0.609814
0.387934 0.329202
0.389069 0.388038
0.389895 0.722702
0.393160 0.653047
0.393444 0.577148
0.394252 0.494548
0.394357 0.423304
0.394685 0.466371
0.395816 0.802029
0.396735 0.658110
0.398704 0.782696
0.399336 0.806624
0.402544 0.474147
0.402657 0.421489
0.403744 0.824153
0.407681 0.552722
0.408255 0.748144
0.408370 0.072331
0.408587 0.624222
0.411207 0.636156
0.411990 0.776447
0.412071 0.794611
0.412376 0.574036
0.412637 0.829173
0.414420 0.711137
0.414663 0.792148
0.414778 0.364284
0.418229 0.555743
0.418652 0.479875
0.420099 0.539209
0.422136 0.613486
0.425304 0.752772
0.427660 0.876915
0.429541 0.756056
0.436677 0.752890
0.439899 0.551240
0.442020 0.782620
0.444243 0.688990
0.444604 0.547987
0.444618 0.779307
0.445065 0.727968
0.445346 0.843939
0.448047 0.549207
0.448689 0.636537
0.451319 0.580467
0.452203 0.493774
0.455281 0.538116
0.455578 0.730646
0.456290 0.804116
0.459420 0.466702
0.461983 0.512300
0.463835 0.548710
0.465437 0.856157
0.466171 0.845800
0.466935 0.591705
0.467346 0.734159
0.468035 0.898520
0.468650 0.528361
0.470679 0.573198
0.478208 0.651533
0.478302 0.785875
0.479138 0.407025
0.480800 0.653309
0.480999 0.920243
0.482591 0.858848
0.484949 0.835326
0.490455 0.590098
0.492888 0.645469
0.497374 0.620264
0.498349 0.827362
0.518018 0.747472
0.518374 0.310813
0.520229 0.841569
0.523281 0.792216
0.526000 0.618777
0.527979 0.861676
0.529872 0.597002
0.532478 0.841424
0.534522 0.836666
0.540232 0.718383
0.540645 0.439250
0.549692 0.631272
0.552009 0.742155
0.552242 0.285094
0.557439 0.748231
0.559350 0.830993
0.563306 0.455590
0.563669 0.902060
0.571970 0.622828
0.575419 0.661792
0.581693 0.580043
0.587598 0.708415
0.596766 0.898505
0.600007 0.827555
0.600984 0.616598
0.625002 0.733089
0.642545 0.691752
0.648053 0.847634
0.653767 0.740645
0.656358 0.590340
0.659685 1.000000
0.660586 0.838104
0.670411 0.570012
0.674598 0.452545
0.674699 0.819893
0.681448 0.765716
0.683396 0.652960
0.723450 0.776733
0.726223 0.522968
0.735751 0.589270
0.738167 0.556763
0.768021 0.644733
0.792091 0.946863
0.845965 0.625732
0.873682 0.669551
0.887051 0.978263
1.000000 0.772957
