0.000000 0.080367
0.014325 0.087942
0.020144 0.275429
0.022596 0.030682
0.027267 0.486200
0.027953 0.196694
0.028682 0.670935
0.030733 0.118930
0.031742 0.300155
0.034012 0.414772
0.034143 0.353259
0.034664 0.220254
0.035974 0.350371
0.037143 0.090423
0.037246 0.210285
0.038764 0.171048
0.042944 0.225745
0.044519 0.092051
0.045769 0.249908
0.045864 0.525849
0.046136 0.458462
0.047966 0.674118
0.050599 0.561148
0.052113 0.553479
0.052440 0.307656
0.056017 0.126330
0.056190 0.221352
0.056588 0.328566
0.058677 0.076366
0.060988 0.248840
0.062538 0.275366
0.064222 0.592041
0.064860 0.452907
0.065144 0.231884
0.066228 0.242566
0.067674 0.099473
0.068152 0.122726
0.073808 0.577391
0.074428 0.114156
0.074528 0.395999
0.074607 0.180552
0.075110 0.273598
0.076021 0.302404
0.078073 0.295019
0.079034 0.377875
0.079391 0.348863
0.079474 0.105385
0.079962 0.134800
0.080532 0.096786
0.082059 0.166607
0.083303 0.086370
0.085456 0.521257
0.085649 0.630119
0.086878 0.317757
0.087035 0.041621
0.087511 0.157278
0.088674 0.171160
0.088703 0.210952
0.089473 0.449780
0.091608 0.575032
0.091803 0.163814
0.094612 0.390579
0.094795 0.204390
0.095058 0.472576
0.095301 0.424174
0.096413 0.112973
0.096983 0.260425
0.097432 0.265764
0.097796 0.607616
0.098653 0.531072
0.099358 0.214536
0.104297 0.306567
0.105498 0.197600
0.105627 0.173319
0.106900 0.060822
0.107938 0.446386
0.109576 0.697394
0.109618 0.291523
0.111831 0.437687
0.111900 0.139429
0.111983 0.408600
0.111990 0.140518
0.112363 0.234068
0.112732 0.652146
0.113049 0.243786
0.113313 0.458276
0.113333 0.189012
0.113849 0.203151
0.114059 0.142446
0.114364 0.218273
0.114509 0.132512
0.114870 0.344957
0.115454 0.082799
0.116121 0.435460
0.116434 0.299267
0.117478 0.200346
0.118763 0.169581
0.119510 0.671848
0.119547 0.155696
0.120548 0.131566
0.120581 0.370563
0.121190 0.258115
0.122242 0.545927
0.122684 0.262352
0.123471 0.401154
0.124490 0.363345
0.124498 0.699879
0.126066 0.236712
0.126688 0.203353
0.129123 0.279494
0.129126 0.180492
0.130814 0.326687
0.131498 0.827977
0.131615 0.616523
0.133091 0.129708
0.135419 0.511890
0.135628 0.131386
0.136820 0.219882
0.137534 0.024004
0.138713 0.209468
0.140421 0.386399
0.140753 0.190942
0.141089 0.173437
0.141632 0.293170
0.143988 0.081458
0.144131 0.311202
0.144538 0.250704
0.144555 0.256512
0.147192 0.309151
0.148894 0.439018
0.149101 0.338763
0.150066 0.759264
0.151308 0.416232
0.151596 0.227336
0.151818 0.412981
0.152084 0.758813
0.153973 0.588465
0.155595 0.635184
0.155686 0.317787
0.155717 0.059738
0.157069 0.716793
0.158000 0.373517
0.158035 0.456466
0.159210 0.221957
0.161452 0.208840
0.162496 0.342988
0.163717 0.253020
0.163800 0.239942
0.164835 0.238364
0.164883 0.073762
0.167916 0.379073
0.168721 0.165902
0.168853 0.382808
0.168943 0.428339
0.168963 0.603703
0.169557 0.306246
0.169760 0.201050
0.169830 0.369864
0.171882 0.039099
0.173054 0.156323
0.177055 0.194270
0.179184 0.215935
0.179591 0.208811
0.180956 0.266032
0.181533 0.579098
0.182653 0.335037
0.183019 0.150176
0.183997 0.191303
0.186152 0.332984
0.186781 0.136589
0.187773 0.347534
0.188097 0.481063
0.188314 0.749661
0.188768 0.077313
0.189969 0.487043
0.190927 0.363613
0.193519 0.152651
0.194046 0.120656
0.194110 0.530837
0.194891 0.396624
0.195798 0.266911
0.196634 0.124725
0.196919 0.228561
0.197199 0.345700
0.197847 0.198365
0.198017 0.291958
0.198723 0.225977
0.198809 0.037507
0.199834 0.444918
0.200534 0.327674
0.200905 0.219763
0.201662 0.078621
0.201785 0.072684
0.202758 0.271881
0.203700 0.321245
0.204644 0.706560
0.204715 0.399847
0.205942 0.435039
0.206508 0.377157
0.207039 0.219793
0.209360 0.021293
0.209494 0.565857
0.209742 0.550020
0.210079 0.344636
0.212321 0.089390
0.212707 0.445515
0.213938 0.614102
0.214440 0.332794
0.215152 0.278020
0.215338 0.151326
0.215841 0.505232
0.216209 0.648986
0.216923 0.459427
0.217133 0.318377
0.217708 0.483258
0.217790 0.560245
0.218439 0.425419
0.218864 0.591562
0.218933 0.189322
0.219854 0.504840
0.219946 0.406059
0.221271 0.488387
0.221767 0.359438
0.222555 0.244868
0.222819 0.608200
0.225081 0.228358
0.226020 0.067817
0.226681 0.175881
0.226712 0.083910
0.227690 0.589961
0.228123 0.224945
0.228481 0.341874
0.228857 0.432834
0.229553 0.292023
0.229975 0.418936
0.230418 0.242311
0.231001 0.378258
0.231878 0.069892
0.232912 0.069132
0.233520 0.284653
0.233826 0.776121
0.233828 0.094109
0.234738 0.337785
0.234802 0.285429
0.234826 0.338990
0.235046 0.627772
0.236346 0.501535
0.236788 0.197084
0.236907 0.263872
0.236941 0.571634
0.237012 0.646895
0.238355 0.168032
0.238957 0.553144
0.239386 0.280150
0.239494 0.242662
0.239965 0.301497
0.240411 0.261495
0.242069 0.143281
0.242815 0.353159
0.243085 0.324480
0.243525 0.282969
0.243577 0.228419
0.243839 0.296514
0.244746 0.224965
0.245190 0.502070
0.247236 0.277648
0.248586 0.263264
0.250537 0.429099
0.251600 0.464201
0.252209 0.117740
0.253286 0.727654
0.253370 0.605675
0.253682 0.353576
0.254211 0.584683
0.254446 0.351188
0.256056 0.351685
0.257224 0.421529
0.257976 0.436652
0.258350 0.522266
0.259638 0.105361
0.259822 0.340092
0.259996 0.165467
0.260067 0.462844
0.261745 0.402460
0.262237 0.203380
0.262429 0.320925
0.263881 0.627215
0.264732 0.247172
0.265631 0.167704
0.267032 0.184743
0.269006 0.108779
0.270066 0.270528
0.270302 0.279950
0.270636 0.082100
0.271180 0.367259
0.272569 0.191535
0.273587 0.101915
0.274412 0.160502
0.274592 0.124917
0.275146 0.803967
0.275519 0.230046
0.276198 0.357748
0.276405 0.600447
0.276706 0.294542
0.276981 0.116540
0.277502 0.180683
0.278072 0.446826
0.278216 0.551675
0.278317 0.080783
0.279425 0.044331
0.281895 0.106508
0.282781 0.396008
0.284933 0.233456
0.286399 0.788195
0.286488 0.113558
0.287167 0.509033
0.287170 0.411693
0.288805 0.671724
0.288936 0.216065
0.289473 0.562979
0.291574 0.518398
0.291711 0.528635
0.292126 0.644613
0.292499 0.444342
0.292650 0.159849
0.292858 0.396129
0.293560 0.496790
0.293892 0.383618
0.293923 0.560976
0.293984 0.471516
0.294762 0.243012
0.296086 0.516972
0.296462 0.555665
0.296713 0.310629
0.296796 0.531506
0.297512 0.263774
0.297571 0.350026
0.297611 0.471699
0.297749 0.151408
0.297870 0.439137
0.298335 0.195440
0.298433 0.494549
0.298846 0.262959
0.299943 0.333252
0.299989 0.431932
0.300149 0.367579
0.301472 0.268473
0.301811 0.300535
0.302041 0.259583
0.302242 0.246474
0.302387 0.002396
0.303032 0.527012
0.305532 0.335141
0.306013 0.637386
0.307158 0.380352
0.307501 0.190737
0.308288 0.690314
0.310069 0.346708
0.311393 0.431070
0.311424 0.392855
0.312180 0.155989
0.312230 0.082052
0.313160 0.676080
0.314085 0.040939
0.316107 0.276784
0.316713 0.302982
0.317272 0.518173
0.317277 0.001054
0.317450 0.359534
0.319774 0.117918
0.320156 0.213298
0.320235 0.245895
0.320348 0.693792
0.320921 0.432695
0.321168 0.548596
0.321286 0.301533
0.321957 0.357645
0.322111 0.363058
0.322541 0.189604
0.322994 0.081304
0.323906 0.357554
0.326185 0.207279
0.327376 0.626923
0.328966 0.276525
0.329235 0.217766
0.329693 0.342020
0.330604 0.253518
0.330646 0.336595
0.330914 0.590010
0.331172 0.170761
0.331996 0.650169
0.332640 0.371838
0.333799 0.168140
0.334376 0.318336
0.334792 0.357683
0.336352 0.143035
0.336360 0.389444
0.336485 0.530805
0.337443 0.264750
0.337505 0.321820
0.337559 0.456134
0.340165 0.387487
0.340747 0.298199
0.341639 0.727345
0.341699 0.452117
0.342162 0.522333
0.342961 0.344344
0.343839 0.264640
0.344027 0.226464
0.344268 0.116360
0.345564 0.427111
0.345620 0.252988
0.345932 0.156892
0.346672 0.430066
0.348055 0.355207
0.348382 0.187029
0.349145 0.055682
0.349179 0.155546
0.351234 0.323993
0.351719 0.338553
0.352752 0.205972
0.353602 0.275005
0.353789 0.557879
0.355247 0.490582
0.355586 0.228067
0.356580 0.452328
0.358025 0.263052
0.358672 0.174878
0.360316 0.389735
0.360627 0.333931
0.360844 0.454542
0.361050 0.424838
0.361327 0.395692
0.363353 0.675357
0.363570 0.403981
0.364412 0.281381
0.365252 0.557022
0.365481 0.375672
0.365608 0.583392
0.365924 0.375706
0.366898 0.356026
0.367353 0.396129
0.368123 0.196927
0.368448 0.740809
0.371276 0.140952
0.372410 0.178824
0.373242 0.796136
0.374138 0.110683
0.374902 0.300122
0.375737 0.370914
0.377589 0.322866
0.378147 0.274921
0.378469 0.352263
0.379607 0.557199
0.380090 0.285002
0.380173 0.182333
0.382145 0.316802
0.382431 0.328924
0.383132 0.181685
0.383165 0.394866
0.384078 0.179295
0.384393 0.685061
0.385384 0.308637
0.385776 0.359494
0.386548 0.326776
0.388212 0.182703
0.388718 0.371582
0.388912 0.434946
0.389187 0.080863
0.389373 0.019122
0.390286 0.148884
0.390329 0.372944
0.391554 0.308749
0.391570 0.545690
0.391969 0.378842
0.392452 0.893627
0.392462 0.183775
0.392474 0.534926
0.392728 0.517851
0.392830 0.044038
0.393261 0.398393
0.394103 0.163295
0.394382 0.717894
0.394690 0.565369
0.395135 0.264495
0.395347 0.253895
0.398592 0.722575
0.399773 0.137361
0.401170 0.143044
0.401410 0.489045
0.401923 0.272147
0.404173 0.573571
0.404294 0.015284
0.405868 0.602027
0.406496 0.635219
0.406699 0.279586
0.406746 0.414418
0.406910 0.528542
0.407876 0.580099
0.409912 0.314223
0.410049 0.354628
0.410378 0.475537
0.410907 0.153239
0.415412 0.473588
0.415676 0.188160
0.415744 0.404591
0.416484 0.719821
0.416898 0.643299
0.417269 0.227946
0.418005 0.670770
0.418087 0.388398
0.418091 0.225481
0.420466 0.344709
0.420496 0.563163
0.420782 0.322740
0.421221 0.334582
0.421520 0.329725
0.421688 0.220328
0.422433 0.841205
0.422484 0.333031
0.424191 0.257817
0.424464 0.357578
0.427097 0.298421
0.427611 0.268738
0.429223 0.299715
0.429917 0.568350
0.430279 0.122158
0.430356 0.067625
0.431516 0.229859
0.431642 0.216161
0.432632 0.061426
0.433461 0.049509
0.433653 0.125094
0.435327 0.215766
0.437307 0.403866
0.437495 0.171519
0.437512 0.099413
0.437665 0.012620
0.437814 0.752408
0.438058 0.068144
0.441617 0.233859
0.441869 0.530320
0.442200 0.606200
0.443665 0.287025
0.444671 0.301039
0.445357 0.509603
0.446061 0.397950
0.447008 0.480363
0.448826 0.160567
0.449909 0.316493
0.450203 0.278239
0.451513 0.194403
0.452634 0.509426
0.452761 0.381017
0.452817 0.385317
0.453629 0.303462
0.454378 0.223540
0.454483 0.174631
0.456279 0.381920
0.456860 0.314393
0.457793 0.102408
0.460076 0.268838
0.460195 0.323299
0.460620 0.051521
0.460904 0.169207
0.462156 0.101079
0.463770 0.651293
0.463845 0.065955
0.463934 0.791682
0.464424 0.008598
0.465180 0.420851
0.465694 0.299123
0.466591 0.097382
0.467281 0.205666
0.468237 0.343358
0.468348 0.596940
0.468373 0.186279
0.468477 0.611723
0.469903 0.084357
0.470465 0.360180
0.470844 0.265672
0.474024 0.177116
0.475009 0.137587
0.475066 0.462679
0.475601 0.293991
0.477585 0.643492
0.477647 0.428113
0.477809 0.359342
0.478194 0.183800
0.478827 0.066135
0.479904 0.329593
0.480348 0.624958
0.480890 0.232944
0.481117 0.455378
0.481515 0.203103
0.481587 0.490025
0.481875 0.411135
0.482705 0.558895
0.482819 0.588120
0.484573 0.251396
0.484666 0.220468
0.486360 0.371984
0.488389 0.299583
0.489325 0.673890
0.489417 0.473865
0.489767 0.107406
0.489968 0.386028
0.490563 0.586267
0.490989 0.348048
0.491020 0.244873
0.491846 0.766009
0.492958 0.419119
0.495963 0.417887
0.496549 0.265784
0.496657 0.256573
0.496777 0.482686
0.497290 0.118756
0.498117 0.277276
0.505043 0.353179
0.505367 0.000000
0.505401 0.735485
0.505533 0.311663
0.505571 0.301945
0.505773 0.179504
0.506431 0.112210
0.507724 0.786367
0.508370 0.273669
0.508845 0.346972
0.509965 0.374948
0.510904 0.451714
0.511850 0.422343
0.513195 0.269927
0.515203 0.577403
0.515557 0.571520
0.516284 0.454258
0.516684 0.511446
0.518238 0.656479
0.520221 0.415618
0.521250 0.337305
0.522894 0.112268
0.522999 0.143869
0.523339 0.497583
0.523701 0.926579
0.525177 0.434997
0.526220 0.413661
0.526845 0.180462
0.527097 0.312294
0.528882 0.851301
0.529159 0.729992
0.529876 0.614365
0.530147 0.275385
0.530537 0.539213
0.530540 0.449229
0.531157 0.215639
0.532496 0.359944
0.533357 0.320038
0.534117 0.237918
0.534134 0.007475
0.535361 0.279517
0.535528 0.177141
0.535583 0.094771
0.537592 0.321464
0.537615 0.448999
0.537913 0.558293
0.541027 0.050496
0.541698 0.241264
0.544964 0.365112
0.545762 0.243700
0.545882 0.214587
0.546110 0.284557
0.547926 0.186139
0.551028 0.880816
0.552094 0.069383
0.556008 0.168282
0.556176 0.116704
0.556217 0.092382
0.557958 0.401792
0.560116 0.432357
0.560232 0.203188
0.560331 0.028723
0.563019 0.930370
0.563084 0.785220
0.564849 0.706958
0.565070 0.476884
0.565914 0.345460
0.568284 0.570735
0.568917 0.411348
0.569268 0.428437
0.573477 0.519488
0.573699 0.322942
0.574584 0.160840
0.576964 0.241040
0.577350 0.501215
0.580553 0.533321
0.581944 0.161686
0.584375 0.620735
0.587120 0.368676
0.594961 0.342453
0.601070 0.606488
0.601530 0.124375
0.604828 0.492595
0.604857 0.448066
0.606723 0.557704
0.607386 0.443311
0.608682 0.327373
0.608745 0.565890
0.609247 0.569074
0.610021 0.270411
0.611119 0.607022
0.618685 0.346813
0.621884 0.493297
0.622220 0.181788
0.624770 0.357704
0.625996 0.184164
0.630383 0.265557
0.634567 0.345464
0.649416 0.421174
0.653498 0.079863
0.653524 0.715523
0.653700 0.486437
0.659793 0.848689
0.661724 0.388107
0.662240 0.262317
0.668413 0.206192
0.671428 0.074101
0.673990 0.703525
0.676019 0.710637
0.681145 0.597938
0.685726 0.147619
0.687800 0.306138
0.696009 0.522651
0.697645 0.403761
0.698967 0.251314
0.699297 0.748800
0.703721 0.240936
0.710892 0.176048
0.713113 0.496024
0.715409 0.257534
0.715775 0.410420
0.716447 0.459951
0.718174 0.790436
0.727356 0.415965
0.730112 0.374520
0.736900 0.454529
0.742263 0.047309
0.742405 0.590876
0.748586 0.534771
0.752492 0.384148
0.757333 0.372619
0.758198 0.616615
0.773182 0.290763
0.778733 0.375596
0.783738 0.333572
0.788022 0.001028
0.793155 0.815609
0.799265 0.021861
0.813230 0.316764
0.813609 0.517290
0.815461 0.546069
0.822472 0.472370
0.835064 0.264981
0.836158 0.387407
0.839737 0.259537
0.840808 0.415299
0.841167 0.109177
0.841795 0.427598
0.851528 0.391074
0.861484 0.504394
0.870594 0.212594
0.872199 1.000000
0.877270 0.291023
0.885152 0.185606
0.894074 0.474010
0.906354 0.210073
0.933706 0.128427
0.944296 0.284213
1.000000 0.215934
