0.000000 0.247540
0.049133 0.166969
0.057279 0.491032
0.072377 0.116033
0.073497 0.129858
0.073825 0.232213
0.081519 0.576974
0.085459 0.396032
0.098207 0.151028
0.105550 0.443752
0.111769 0.274303
0.112031 0.197573
0.112923 0.596914
0.130596 0.251647
0.135719 0.214900
0.138291 0.338540
0.138713 0.349652
0.140952 0.480230
0.142758 0.168149
0.146040 0.151692
0.151296 0.268317
0.160835 0.138049
0.164307 0.372922
0.164836 0.390819
0.168402 0.496076
0.181398 0.218176
0.182951 0.334449
0.189487 0.229654
0.192712 0.252482
0.194189 0.543803
0.194874 0.306354
0.198071 0.257655
0.202994 0.336718
0.205111 0.463449
0.206175 0.455252
0.206864 0.097001
0.208935 0.391718
0.209457 0.341450
0.216661 0.304509
0.220536 0.202314
0.220659 0.269653
0.220842 0.263948
0.221005 0.198492
0.223187 0.262200
0.223501 0.127000
0.224473 0.242973
0.225085 0.709673
0.225207 0.309072
0.228871 0.324145
0.229228 0.354593
0.229934 0.215982
0.231644 0.438917
0.233957 0.516305
0.234764 0.193346
0.235969 0.158594
0.236038 0.259187
0.237401 0.489737
0.239463 0.229901
0.239818 0.430609
0.240319 0.421846
0.242601 0.129205
0.242742 0.339315
0.243696 0.321693
0.245116 0.340887
0.246444 0.205475
0.246711 0.487747
0.248632 0.280605
0.250599 0.184031
0.253208 0.395905
0.253683 0.375999
0.256988 0.459611
0.260861 0.302469
0.265616 0.190403
0.269759 0.375253
0.270115 0.286773
0.270620 0.159242
0.272020 0.252682
0.272022 0.494153
0.272831 0.562900
0.272913 0.196922
0.274069 0.232473
0.275892 0.454764
0.276472 0.273261
0.278872 0.236304
0.278972 0.339967
0.279913 0.313239
0.280332 0.384796
0.283631 0.401113
0.283933 0.342743
0.284514 0.273082
0.284936 0.543556
0.285007 0.359895
0.287314 0.401120
0.290349 0.398775
0.293755 0.550283
0.294427 0.162245
0.294489 0.244794
0.294848 0.633227
0.297338 0.366616
0.299008 0.383292
0.304033 0.339152
0.306832 0.132221
0.307178 0.311941
0.307958 0.206911
0.308136 0.174155
0.309389 0.130713
0.313464 0.228522
0.317831 0.367924
0.318356 0.336017
0.319669 0.349814
0.321925 0.728397
0.322043 0.198465
0.322183 0.554983
0.323015 0.146683
0.323544 0.439719
0.323724 0.339064
0.323739 0.545930
0.324356 0.459012
0.326799 0.281992
0.327220 0.403056
0.328137 0.380017
0.328141 0.388237
0.328517 0.479856
0.330465 0.429534
0.332806 0.476664
0.333421 0.279685
0.333906 0.359093
0.335446 0.275969
0.335690 0.188780
0.335963 0.223493
0.336332 0.298423
0.337579 0.302579
0.339453 0.310310
0.339688 0.085337
0.339824 0.209751
0.342026 0.319355
0.342748 0.371165
0.345163 0.245300
0.345622 0.293033
0.345772 0.344598
0.346538 0.274001
0.347420 0.355657
0.348280 0.622976
0.349181 0.208114
0.350158 0.319962
0.350463 0.516904
0.352277 0.167851
0.353494 0.102084
0.353500 0.222874
0.353840 0.404999
0.355105 0.148914
0.355510 0.164722
0.356258 0.716155
0.356353 0.530546
0.358379 0.198704
0.358735 0.216408
0.359091 0.444382
0.359105 0.606466
0.359297 0.167081
0.359346 0.425216
0.360569 0.137323
0.361248 0.192355
0.361876 0.406251
0.363331 0.223798
0.364292 0.135601
0.364385 0.447296
0.364875 0.231877
0.365570 0.298647
0.365570 0.139690
0.365584 0.345633
0.365733 0.286555
0.366306 0.357499
0.366383 0.162302
0.367325 0.402655
0.367541 0.147282
0.369380 0.597706
0.370368 0.172321
0.370622 0.189479
0.371997 0.377898
0.373070 0.304695
0.374655 0.122403
0.375486 0.216771
0.376599 0.469159
0.377200 0.362819
0.377693 0.367813
0.378053 0.313879
0.378510 0.301933
0.379061 0.296310
0.379519 0.289569
0.379923 0.437518
0.380427 0.141227
0.380896 0.152994
0.381667 0.227088
0.381671 0.426341
0.382158 0.193285
0.382419 0.474648
0.384222 0.276386
0.385154 0.693743
0.386510 0.229363
0.386899 0.478144
0.387250 0.709040
0.387870 0.537787
0.388019 0.371531
0.388268 0.143550
0.388622 0.557762
0.389631 0.261873
0.391268 0.184505
0.392282 0.365365
0.392483 0.408541
0.392830 0.329829
0.393851 0.191504
0.394367 0.463276
0.394680 0.248561
0.395194 0.398301
0.395986 0.340083
0.396297 0.194583
0.397182 0.419290
0.397460 0.098105
0.397584 0.683088
0.397630 0.447525
0.398420 0.275793
0.400239 0.192841
0.400436 0.277779
0.400785 0.333937
0.402243 0.195403
0.402582 0.361937
0.404554 0.341388
0.404689 0.288127
0.405237 0.191430
0.405511 0.254719
0.405779 0.245630
0.405885 0.556613
0.406593 0.379804
0.407226 0.451533
0.407944 0.420450
0.409083 0.294433
0.409280 0.241783
0.410387 0.286795
0.410551 0.401156
0.411929 0.221019
0.412919 0.439884
0.413396 0.659282
0.413549 0.416623
0.414695 0.201792
0.416402 0.302612
0.417470 0.235749
0.417611 0.337915
0.419531 0.169264
0.419542 0.286494
0.419592 0.241078
0.419650 0.356224
0.419692 0.429916
0.420322 0.198672
0.421881 0.423702
0.422357 0.516339
0.422487 0.156865
0.422573 0.387159
0.422777 0.206753
0.423170 0.444374
0.423385 0.206503
0.423477 0.152518
0.424196 0.169322
0.424314 0.280697
0.424658 0.480558
0.424703 0.471438
0.424948 0.597105
0.425140 0.282008
0.426150 0.370357
0.426484 0.151121
0.427812 0.283895
0.427913 0.310527
0.428805 0.445148
0.428991 0.240387
0.429604 0.196325
0.430441 0.242923
0.431043 0.276191
0.432968 0.184793
0.433390 0.277136
0.433920 0.603498
0.434419 0.262921
0.434813 0.242817
0.435110 0.084286
0.435265 0.195594
0.435884 0.396307
0.436613 0.201466
0.437402 0.349763
0.437925 0.439023
0.437934 0.498517
0.438894 0.096700
0.438971 0.463638
0.439070 0.308219
0.439275 0.259063
0.439311 0.268512
0.439578 0.113064
0.440819 0.312570
0.440937 0.430385
0.441046 0.230870
0.442368 0.191641
0.443254 0.296190
0.443511 0.268595
0.444630 0.483190
0.445102 0.496637
0.445170 0.775577
0.445174 0.344138
0.446163 0.445485
0.447796 0.133806
0.448657 0.379057
0.449302 0.164872
0.449508 0.341292
0.449933 0.770719
0.450009 0.209093
0.450103 0.416100
0.450302 0.193448
0.450331 0.221722
0.450713 0.210220
0.452165 0.373605
0.452211 0.378290
0.452675 0.238124
0.453450 0.294639
0.453833 0.270723
0.454361 0.361671
0.454653 0.366193
0.454744 0.343137
0.454869 0.673632
0.455017 0.434101
0.455364 0.138296
0.456171 0.210427
0.456174 0.369730
0.456413 0.206715
0.456477 0.266388
0.456692 0.596286
0.456988 0.301113
0.457042 0.248271
0.457606 0.299110
0.457669 0.160855
0.459619 0.138505
0.459663 0.474787
0.461249 0.223057
0.461478 0.370459
0.462509 0.099668
0.463052 0.398856
0.464094 0.460993
0.464501 0.363706
0.465099 0.296819
0.465371 0.209777
0.465647 0.137316
0.466724 0.199313
0.467443 0.162257
0.467754 0.397701
0.468301 0.235609
0.468302 0.370852
0.468760 0.520062
0.469352 0.465798
0.469435 0.244835
0.469696 0.328872
0.470369 0.236473
0.470370 0.366703
0.470598 0.375551
0.471145 0.329152
0.471890 0.347731
0.471942 0.462766
0.472004 0.105575
0.472604 0.469621
0.474506 0.535529
0.475869 0.260062
0.476279 0.242572
0.476400 0.632192
0.477251 0.507963
0.478366 0.309289
0.478633 0.268570
0.480141 0.458981
0.481075 0.181709
0.481620 0.289438
0.481849 0.666232
0.482298 0.280184
0.482642 0.253972
0.484834 0.388563
0.485347 0.188753
0.486678 0.493435
0.487319 0.270573
0.487855 0.284422
0.487866 0.218032
0.488501 0.483331
0.488947 0.193937
0.490130 0.350001
0.490281 0.304531
0.490427 0.313412
0.490715 0.491203
0.491201 0.186864
0.491470 0.160204
0.491666 0.342928
0.491901 0.102560
0.492271 0.384912
0.492298 0.251444
0.493276 0.381823
0.494236 0.181320
0.494309 0.347233
0.495133 0.316546
0.495140 0.456944
0.496144 0.315533
0.496368 0.249618
0.498780 0.200539
0.499661 0.301414
0.501283 0.260856
0.501762 0.142143
0.502561 0.245518
0.504692 0.571714
0.504943 0.235025
0.505245 0.413335
0.506088 0.175314
0.506667 0.156839
0.507606 0.330491
0.507616 0.159533
0.509061 0.222022
0.509105 0.222835
0.509476 0.362491
0.510206 0.194982
0.510568 0.152324
0.510618 0.245417
0.510836 0.208143
0.510881 0.288100
0.511915 0.262177
0.512010 0.256223
0.512861 0.324329
0.512883 0.440684
0.514045 0.300032
0.514403 0.230614
0.515018 0.663130
0.515452 0.432919
0.515977 0.219849
0.516552 0.480487
0.516952 0.614733
0.517284 0.157708
0.517799 0.159787
0.518529 0.106673
0.518813 0.239388
0.520001 0.183014
0.520498 0.633640
0.520648 0.404310
0.521008 0.448766
0.521483 0.142863
0.522019 0.091850
0.522816 0.529615
0.523355 0.532550
0.523837 0.254055
0.524900 0.168500
0.526469 0.222859
0.526689 0.167564
0.526736 0.489208
0.526768 0.107055
0.528011 0.352041
0.528323 0.257527
0.529041 0.425595
0.529205 0.174627
0.529755 1.000000
0.530067 0.290566
0.530202 0.408726
0.530221 0.076264
0.530374 0.172188
0.530417 0.230082
0.530446 0.345635
0.530539 0.151409
0.531963 0.132009
0.537707 0.372486
0.538374 0.318337
0.538752 0.260615
0.539053 0.236788
0.539484 0.593001
0.539539 0.418429
0.540777 0.703751
0.541210 0.293913
0.541211 0.128012
0.542132 0.178290
0.542479 0.110255
0.542955 0.159147
0.543058 0.151523
0.543093 0.230891
0.543687 0.245940
0.543838 0.337438
0.544392 0.388627
0.544852 0.421796
0.545255 0.129461
0.545587 0.337588
0.545775 0.562790
0.546114 0.086518
0.546265 0.357159
0.546445 0.231587
0.546445 0.367333
0.547793 0.195405
0.547870 0.504457
0.548939 0.122649
0.549020 0.374985
0.549755 0.128165
0.549915 0.189128
0.551499 0.278917
0.552922 0.121123
0.553258 0.323527
0.553980 0.535267
0.554775 0.218395
0.555387 0.320964
0.555414 0.220800
0.555593 0.248442
0.556026 0.125479
0.556031 0.654303
0.556118 0.383367
0.558989 0.409833
0.559647 0.304364
0.559987 0.238580
0.560221 0.218047
0.560561 0.256931
0.561759 0.246751
0.562522 0.292431
0.563159 0.495527
0.563669 0.308146
0.563723 0.286906
0.564159 0.411685
0.564308 0.108888
0.564612 0.172491
0.564716 0.240309
0.564956 0.590882
0.566324 0.246562
0.566345 0.492362
0.569387 0.418824
0.569748 0.185945
0.570395 0.235454
0.570785 0.295860
0.571533 0.367804
0.572896 0.218814
0.573066 0.204246
0.573313 0.310374
0.574008 0.282580
0.575390 0.197829
0.577110 0.552735
0.577552 0.133286
0.577982 0.225318
0.579749 0.237231
0.579999 0.542292
0.580250 0.493194
0.580678 0.291196
0.580747 0.344956
0.581120 0.405837
0.581202 0.413352
0.582134 0.142237
0.582737 0.300095
0.583170 0.385367
0.583405 0.346656
0.583504 0.472264
0.583583 0.528339
0.583907 0.508631
0.584676 0.247899
0.585325 0.392057
0.585477 0.463491
0.585649 0.064003
0.585735 0.336046
0.585988 0.108690
0.586061 0.276030
0.586693 0.435665
0.587782 0.204479
0.589321 0.337966
0.590827 0.344067
0.591065 0.100707
0.592208 0.273395
0.592274 0.450752
0.595298 0.563948
0.596399 0.262475
0.597624 0.468953
0.599330 0.177826
0.599426 0.430197
0.599433 0.150514
0.599754 0.414757
0.600048 0.258619
0.600589 0.530049
0.600864 0.227410
0.601197 0.567266
0.601269 0.208376
0.601494 0.547690
0.601538 0.415754
0.604026 0.202721
0.604364 0.192093
0.604606 0.266211
0.604652 0.088522
0.605021 0.443284
0.605037 0.143044
0.605784 0.499895
0.606345 0.137626
0.606598 0.204520
0.606731 0.449671
0.606739 0.549501
0.608267 0.262879
0.609096 0.563739
0.610098 0.308887
0.610277 0.320133
0.610643 0.196943
0.611907 0.199875
0.612446 0.154737
0.613104 0.093885
0.613909 0.232476
0.616445 0.420825
0.617357 0.097962
0.618917 0.497964
0.619601 0.628225
0.619762 0.138621
0.619782 0.238125
0.619841 0.203386
0.619989 0.525188
0.620262 0.355262
0.621067 0.214753
0.621428 0.366347
0.624710 0.145146
0.625817 0.142146
0.626980 0.113882
0.627791 0.430976
0.628046 0.493218
0.629494 0.177607
0.629845 0.507721
0.630106 0.267257
0.630331 0.145278
0.630371 0.455934
0.631079 0.466601
0.631491 0.353845
0.632524 0.665394
0.633751 0.308730
0.634392 0.516930
0.635707 0.458161
0.636422 0.243808
0.637781 0.408829
0.638486 0.455340
0.638729 0.225077
0.638889 0.248652
0.638890 0.149406
0.638931 0.619299
0.639060 0.499006
0.639600 0.120162
0.641111 0.143159
0.642025 0.350284
0.642323 0.478061
0.642535 0.373953
0.643119 0.275769
0.643399 0.468291
0.643713 0.203514
0.645430 0.229932
0.646357 0.111270
0.646628 0.377199
0.646864 0.523842
0.648283 0.417616
0.649078 0.183586
0.649939 0.516194
0.650053 0.272830
0.652042 0.163586
0.653441 0.314590
0.653698 0.298080
0.653749 0.448363
0.656120 0.358798
0.656476 0.270235
0.657115 0.317059
0.658122 0.417440
0.660523 0.569117
0.660843 0.689242
0.661874 0.125328
0.662038 0.326489
0.664366 0.205747
0.665226 0.773679
0.666189 0.101079
0.669878 0.192802
0.670277 0.629699
0.670407 0.224273
0.671093 0.450359
0.672364 0.166056
0.672983 0.489903
0.673110 0.250613
0.673229 0.076635
0.674830 0.412530
0.674881 0.212144
0.677701 0.285997
0.677710 0.086324
0.680029 0.328476
0.680033 0.223555
0.683519 0.288311
0.683977 0.488842
0.684348 0.180283
0.685065 0.371169
0.685543 0.460249
0.685613 0.066942
0.685675 0.357877
0.686058 0.323551
0.689048 0.349731
0.693612 0.468507
0.693674 0.169622
0.694190 0.145620
0.694982 0.372861
0.697764 0.524432
0.698612 0.457727
0.699910 0.719818
0.701206 0.183825
0.702019 0.223376
0.702360 0.281877
0.703010 0.114269
0.705247 0.457711
0.707696 0.332143
0.708974 0.113718
0.710582 0.082153
0.710755 0.576772
0.710852 0.418164
0.711478 0.106645
0.713413 0.098167
0.720681 0.229197
0.722856 0.338895
0.723098 0.333717
0.723175 0.268362
0.724605 0.273080
0.725916 0.206885
0.727627 0.310890
0.727772 0.215778
0.728291 0.240173
0.729027 0.351868
0.729631 0.285971
0.732019 0.221764
0.733044 0.310874
0.733234 0.438828
0.734698 0.301223
0.734858 0.111994
0.735671 0.332011
0.735718 0.298747
0.737002 0.324980
0.737284 0.260270
0.741880 0.550621
0.742270 0.131611
0.744302 0.215485
0.744330 0.095139
0.746582 0.154577
0.747606 0.146963
0.750015 0.284708
0.750203 0.379142
0.750947 0.744679
0.751580 0.474011
0.755989 0.341111
0.756738 0.355245
0.759102 0.263339
0.759193 0.152597
0.761246 0.443305
0.762429 0.475596
0.765523 0.256715
0.765569 0.433100
0.769342 0.453459
0.769500 0.135828
0.769612 0.536441
0.770033 0.130384
0.770822 0.266296
0.775040 0.313286
0.775368 0.283381
0.776168 0.828907
0.776877 0.470562
0.778866 0.184819
0.779574 0.333156
0.782432 0.323036
0.784331 0.375798
0.789701 0.068743
0.799405 0.208179
0.801953 0.112453
0.802966 0.225144
0.804373 0.325820
0.805220 0.036446
0.805900 0.531770
0.807636 0.232164
0.813162 0.186810
0.813272 0.622964
0.822862 0.240000
0.823992 0.552388
0.835224 0.320640
0.844492 0.301169
0.856932 0.446272
0.880167 0.161936
0.893309 0.000000
0.900035 0.108383
0.927551 0.311308
0.947906 0.239300
0.964484 0.349244
1.000000 0.336548
