0.000000 0.980224
0.032740 0.960082
0.045173 0.948257
0.053391 0.681108
0.073645 0.828190
0.077070 1.000000
0.086892 0.899175
0.096545 0.587378
0.098207 0.550148
0.123301 0.638382
0.123346 0.779443
0.130561 0.494246
0.130607 0.533387
0.131843 0.765737
0.134923 0.585504
0.135945 0.819210
0.136187 0.668756
0.136591 0.620742
0.138960 0.880866
0.148973 0.561946
0.151089 0.688890
0.152410 0.482913
0.154892 0.648514
0.156957 0.792605
0.159606 0.690223
0.162713 0.526411
0.163800 0.557888
0.169464 0.625627
0.177033 0.479367
0.178228 0.538839
0.181025 0.696762
0.181248 0.681779
0.181921 0.473160
0.185627 0.804466
0.188948 0.702802
0.197846 0.743221
0.198387 0.668757
0.201164 0.771535
0.201222 0.676604
0.202647 0.608490
0.203569 0.586987
0.221296 0.479119
0.222112 0.724854
0.223266 0.352449
0.223316 0.664016
0.224906 0.624412
0.225525 0.660344
0.230199 0.574598
0.230292 0.345273
0.232232 0.587218
0.234158 0.602079
0.234835 0.421611
0.239898 0.453457
0.245403 0.662359
0.246159 0.628078
0.247562 0.383765
0.251784 0.653478
0.251815 0.714446
0.254715 0.601717
0.256520 0.679672
0.257923 0.483044
0.259140 0.627565
0.259595 0.316038
0.260759 0.470069
0.264056 0.453331
0.267970 0.430927
0.269552 0.333242
0.271129 0.692336
0.271706 0.349662
0.271994 0.536639
0.272394 0.614213
0.272837 0.451487
0.273809 0.667728
0.277437 0.535732
0.279594 0.461153
0.280021 0.380487
0.280259 0.535187
0.280918 0.507450
0.280924 0.296733
0.282364 0.369462
0.283395 0.418235
0.283934 0.659674
0.284666 0.446744
0.285357 0.324532
0.286445 0.442834
0.287424 0.657444
0.288262 0.467207
0.289069 0.694565
0.291431 0.362630
0.293208 0.524033
0.295480 0.324072
0.300334 0.509966
0.300708 0.607661
0.300733 0.626108
0.301019 0.417453
0.301025 0.622517
0.303097 0.639789
0.303552 0.284481
0.304665 0.624384
0.305912 0.671629
0.307529 0.549977
0.310013 0.329351
0.313373 0.440265
0.313523 0.667120
0.315861 0.463512
0.317603 0.483512
0.318317 0.593338
0.318478 0.500717
0.322125 0.462497
0.322257 0.562815
0.322717 0.534494
0.325288 0.342692
0.326763 0.626380
0.328892 0.539300
0.329621 0.412907
0.330507 0.473720
0.333307 0.378739
0.333484 0.297830
0.333844 0.606285
0.334499 0.442222
0.335358 0.474175
0.336109 0.321948
0.337249 0.596341
0.337284 0.649593
0.339311 0.583964
0.340864 0.382386
0.341041 0.550091
0.341282 0.499806
0.343518 0.532627
0.344045 0.461376
0.345524 0.545356
0.346347 0.287477
0.347054 0.630507
0.347257 0.359787
0.348260 0.245962
0.349569 0.218518
0.350176 0.350183
0.352011 0.366574
0.353446 0.511844
0.353608 0.454893
0.353727 0.612904
0.353763 0.480616
0.354814 0.340735
0.355645 0.486311
0.357982 0.456128
0.358705 0.315045
0.360542 0.527638
0.361792 0.584050
0.361836 0.573317
0.362131 0.295685
0.362483 0.393353
0.363014 0.398173
0.365424 0.440603
0.365758 0.535591
0.366852 0.365318
0.367380 0.524020
0.367496 0.486650
0.367803 0.411538
0.369001 0.595776
0.369431 0.577881
0.370121 0.619186
0.370290 0.616310
0.371079 0.488784
0.371300 0.517040
0.371971 0.428812
0.372348 0.305165
0.380010 0.589421
0.380272 0.458439
0.380927 0.217319
0.382126 0.331511
0.382492 0.198814
0.385039 0.606766
0.385393 0.422838
0.385526 0.290430
0.385935 0.510388
0.386471 0.438849
0.388433 0.556863
0.389460 0.269814
0.389500 0.238956
0.389730 0.424855
0.389797 0.515126
0.391980 0.513071
0.393253 0.529366
0.394305 0.234915
0.395540 0.314804
0.398291 0.456896
0.398824 0.278589
0.399012 0.540105
0.399453 0.350616
0.399792 0.205741
0.400806 0.312025
0.401236 0.227099
0.401784 0.268811
0.403524 0.212570
0.403962 0.379161
0.405381 0.361591
0.406201 0.224863
0.406794 0.369288
0.407487 0.430452
0.407817 0.306752
0.408150 0.586729
0.410717 0.571999
0.410933 0.575974
0.415110 0.288097
0.415169 0.500490
0.415372 0.180832
0.415394 0.192555
0.415999 0.435035
0.416075 0.588597
0.417451 0.514946
0.418501 0.548193
0.421100 0.550279
0.422130 0.234874
0.422998 0.242115
0.423435 0.583379
0.424102 0.545614
0.424116 0.556594
0.425087 0.595762
0.425889 0.521370
0.426352 0.162526
0.427975 0.251729
0.428622 0.465795
0.432499 0.235314
0.433283 0.496237
0.433524 0.332291
0.434293 0.430134
0.434713 0.582544
0.435810 0.286234
0.437051 0.451986
0.437307 0.481904
0.438649 0.467772
0.438757 0.373535
0.441374 0.408115
0.441704 0.585076
0.442593 0.581364
0.444999 0.463330
0.445491 0.513640
0.445911 0.328196
0.446037 0.177342
0.446135 0.239000
0.446469 0.400947
0.449394 0.552393
0.449565 0.406812
0.450514 0.151583
0.450804 0.420753
0.454969 0.314137
0.455108 0.265369
0.456922 0.292619
0.459909 0.392404
0.461413 0.485037
0.461920 0.468055
0.462024 0.366619
0.462332 0.383280
0.465210 0.514698
0.466278 0.137487
0.466904 0.297342
0.468344 0.166278
0.470360 0.281651
0.470598 0.273970
0.471363 0.215485
0.471634 0.272269
0.476042 0.524978
0.479237 0.534650
0.480028 0.436502
0.482365 0.308357
0.483928 0.327038
0.485104 0.264195
0.486880 0.195253
0.490368 0.275997
0.490921 0.459510
0.492301 0.153228
0.492790 0.392417
0.493756 0.171283
0.498358 0.369956
0.499282 0.500669
0.500692 0.137753
0.502731 0.496373
0.507667 0.437511
0.510923 0.186487
0.512217 0.280180
0.512832 0.117120
0.513008 0.492016
0.514060 0.161925
0.514062 0.132794
0.515231 0.285457
0.516813 0.382251
0.517019 0.495529
0.517946 0.222652
0.519444 0.256157
0.521994 0.151035
0.522174 0.146395
0.522301 0.303548
0.522515 0.373291
0.522908 0.447976
0.522945 0.172683
0.522988 0.202744
0.523473 0.484397
0.524396 0.443553
0.525910 0.128512
0.526987 0.358569
0.532638 0.248504
0.533429 0.365994
0.534263 0.350389
0.536532 0.175701
0.537182 0.159351
0.537348 0.452542
0.538273 0.166071
0.539064 0.244447
0.539567 0.226314
0.540480 0.338709
0.540692 0.340345
0.540757 0.222657
0.541394 0.256153
0.541855 0.196259
0.542915 0.320255
0.543124 0.381491
0.543712 0.269843
0.543862 0.316146
0.544383 0.264594
0.546255 0.220183
0.546550 0.336683
0.547427 0.467397
0.553927 0.326424
0.556125 0.341869
0.556702 0.125731
0.557886 0.480501
0.558053 0.225950
0.563545 0.319424
0.564031 0.393929
0.564633 0.263389
0.565194 0.094632
0.566044 0.269458
0.569617 0.427201
0.578436 0.409864
0.579577 0.145688
0.579579 0.310694
0.582300 0.384442
0.582328 0.138821
0.582705 0.485608
0.583254 0.158577
0.583274 0.318484
0.584045 0.214034
0.585826 0.085263
0.587032 0.081278
0.588301 0.480728
0.588972 0.375702
0.590957 0.283622
0.590973 0.410634
0.592725 0.089315
0.593426 0.228795
0.594450 0.250956
0.594960 0.403841
0.595574 0.267605
0.596325 0.288886
0.600170 0.253483
0.601201 0.127191
0.601677 0.321843
0.602236 0.498685
0.608374 0.244146
0.614870 0.101770
0.615225 0.244661
0.618552 0.337725
0.618554 0.467708
0.618925 0.442730
0.621975 0.448847
0.623761 0.171944
0.623821 0.092661
0.625906 0.261237
0.627827 0.459125
0.629913 0.270676
0.631041 0.454231
0.632456 0.077696
0.633946 0.162325
0.636330 0.082045
0.638464 0.379168
0.640034 0.083727
0.640240 0.142065
0.641896 0.155026
0.646153 0.134984
0.647661 0.372618
0.652129 0.414422
0.652782 0.068350
0.653535 0.283567
0.653896 0.432735
0.655249 0.057493
0.655505 0.128739
0.658769 0.095919
0.660466 0.438692
0.661304 0.107965
0.662338 0.361073
0.666055 0.275676
0.667903 0.071834
0.673412 0.321743
0.679118 0.366376
0.680744 0.106504
0.683738 0.314390
0.687754 0.206826
0.691065 0.471027
0.692272 0.310645
0.694686 0.209879
0.696194 0.133059
0.697925 0.185741
0.700048 0.053906
0.702777 0.097357
0.709012 0.336744
0.713372 0.392857
0.717666 0.188667
0.720450 0.204000
0.720821 0.181655
0.720977 0.360674
0.721540 0.135664
0.723346 0.360466
0.723768 0.437337
0.724205 0.240698
0.728605 0.123863
0.728863 0.338748
0.734964 0.133236
0.740129 0.357290
0.748146 0.175131
0.749571 0.163882
0.753381 0.430178
0.756362 0.061394
0.758508 0.152942
0.759722 0.301611
0.769902 0.078463
0.774219 0.170618
0.777007 0.066508
0.787005 0.148641
0.801604 0.056342
0.803021 0.404938
0.805338 0.199952
0.816145 0.172939
0.820626 0.425960
0.820870 0.064632
0.833027 0.092367
0.833512 0.018234
0.853833 0.420189
0.867795 0.117968
0.873533 0.000000
0.874113 0.138112
0.924497 0.015244
1.000000 0.148059
