0.000000 0.000000
0.090657 0.441178
0.107440 0.434794
0.109561 0.382439
0.110970 0.384302
0.118833 0.424252
0.151880 0.485815
0.177874 0.622148
0.179724 0.677487
0.180558 0.558512
0.193652 0.668821
0.194975 0.651646
0.195356 0.620556
0.200975 0.601698
0.208469 0.568222
0.209651 0.558390
0.221055 0.555683
0.224949 0.571863
0.225870 0.687807
0.230371 0.687864
0.235056 0.707175
0.243020 0.631267
0.244056 0.609621
0.244379 0.676253
0.244732 0.626992
0.246311 0.696028
0.246695 0.728362
0.257499 0.769339
0.257733 0.772509
0.257941 0.619965
0.259626 0.737458
0.260362 0.601352
0.261643 0.779406
0.262479 0.619469
0.264248 0.637890
0.265372 0.630479
0.269919 0.626001
0.271392 0.694768
0.272526 0.685474
0.273613 0.655426
0.274122 0.645378
0.274926 0.642060
0.275509 0.742886
0.276787 0.736595
0.277952 0.692179
0.280455 0.711394
0.281136 0.794127
0.281308 0.774768
0.283226 0.678747
0.284359 0.653876
0.285376 0.647169
0.287841 0.683863
0.288351 0.773508
0.288496 0.627739
0.289074 0.675601
0.290795 0.658585
0.294197 0.724518
0.296008 0.772611
0.296078 0.759893
0.298191 0.713815
0.299275 0.717586
0.300755 0.720817
0.302621 0.769091
0.303625 0.739193
0.304248 0.639431
0.305034 0.644677
0.309932 0.813487
0.310184 0.694934
0.311551 0.752191
0.313083 0.749264
0.313315 0.822653
0.315153 0.816472
0.315762 0.705520
0.316683 0.684342
0.316815 0.749809
0.318698 0.664644
0.318782 0.659653
0.321672 0.772115
0.323149 0.815209
0.324421 0.782864
0.324589 0.824891
0.324968 0.796329
0.325087 0.745042
0.325506 0.711838
0.326336 0.818686
0.326430 0.649514
0.327211 0.786152
0.327749 0.664258
0.328450 0.708848
0.329696 0.724968
0.331217 0.699573
0.332364 0.821577
0.333265 0.661287
0.334136 0.652254
0.335942 0.669077
0.336093 0.694479
0.336333 0.650949
0.338971 0.708929
0.339066 0.805422
0.341210 0.742744
0.342569 0.712027
0.343653 0.819408
0.343802 0.812674
0.344784 0.806173
0.346603 0.677293
0.346653 0.776398
0.348185 0.678452
0.348995 0.736180
0.351890 0.835401
0.352134 0.715822
0.352759 0.830618
0.353057 0.722668
0.353353 0.698994
0.353841 0.842103
0.354479 0.677167
0.355264 0.733826
0.356159 0.808231
0.356900 0.809513
0.357896 0.803943
0.359075 0.703092
0.360007 0.836289
0.360552 0.719100
0.360952 0.699138
0.361255 0.688418
0.361788 0.679053
0.363070 0.802627
0.363074 0.735328
0.363468 0.727753
0.363514 0.797721
0.363995 0.750626
0.364270 0.687562
0.364952 0.667263
0.365040 0.770738
0.368408 0.834107
0.369209 0.855368
0.369344 0.819733
0.369850 0.811910
0.371815 0.728999
0.371825 0.751413
0.372144 0.802422
0.373735 0.708739
0.373768 0.775748
0.374323 0.821725
0.377467 0.818031
0.377522 0.769480
0.379208 0.758879
0.379353 0.844969
0.379394 0.861445
0.379699 0.791675
0.381028 0.814501
0.381301 0.862795
0.382016 0.856802
0.382311 0.685470
0.382472 0.818695
0.382739 0.758000
0.382930 0.787438
0.385138 0.727265
0.385566 0.694384
0.388183 0.735961
0.388306 0.703029
0.388759 0.817149
0.388811 0.792845
0.389161 0.728129
0.389765 0.818383
0.389869 0.683859
0.390131 0.696218
0.392321 0.707465
0.392761 0.721109
0.396352 0.824210
0.397455 0.824653
0.398631 0.813416
0.398852 0.743728
0.399564 0.744156
0.400421 0.780560
0.400451 0.833641
0.401672 0.766157
0.401699 0.737354
0.402096 0.783713
0.403005 0.780423
0.403144 0.728269
0.403700 0.840755
0.403819 0.836186
0.405516 0.765160
0.405574 0.753817
0.406934 0.718481
0.406999 0.736702
0.407226 0.697111
0.407419 0.755196
0.407684 0.880615
0.407917 0.712954
0.408361 0.784044
0.408402 0.834521
0.408920 0.729411
0.409115 0.729358
0.409293 0.829803
0.409492 0.780931
0.409726 0.723041
0.410431 0.863976
0.410930 0.866304
0.411359 0.800648
0.411750 0.742446
0.411906 0.710948
0.411926 0.761771
0.412663 0.730973
0.413380 0.732131
0.413754 0.753482
0.413909 0.811286
0.414157 0.716933
0.414928 0.789785
0.416142 0.808684
0.416452 0.767835
0.416531 0.720448
0.417098 0.795901
0.417135 0.855914
0.417154 0.856654
0.417929 0.754758
0.418950 0.818130
0.419176 0.816208
0.419740 0.752825
0.419892 0.749227
0.419903 0.803431
0.420063 0.770225
0.420221 0.704258
0.420584 0.719180
0.421765 0.815295
0.421975 0.716702
0.422769 0.727651
0.423222 0.811464
0.423729 0.750674
0.425380 0.880133
0.425673 0.819275
0.425815 0.811528
0.426412 0.823435
0.427064 0.833194
0.427942 0.707000
0.428338 0.819570
0.429691 0.822486
0.429995 0.824720
0.430579 0.885283
0.432131 0.743050
0.432797 0.761779
0.432943 0.820068
0.433048 0.712163
0.433236 0.854061
0.433440 0.883952
0.434821 0.840798
0.435146 0.705576
0.436197 0.804578
0.436269 0.874367
0.437109 0.883538
0.437302 0.864867
0.437639 0.875274
0.438346 0.801547
0.438887 0.849610
0.438976 0.854702
0.439797 0.853025
0.439919 0.882555
0.440439 0.805095
0.440800 0.768280
0.440979 0.781387
0.441134 0.757224
0.441184 0.726787
0.443399 0.739640
0.443823 0.872182
0.444355 0.841570
0.447041 0.747036
0.447155 0.857753
0.448535 0.750420
0.449400 0.854743
0.449704 0.821889
0.449880 0.796386
0.450429 0.895881
0.450573 0.732571
0.450923 0.830140
0.451891 0.720228
0.452135 0.868372
0.453285 0.721846
0.453608 0.740757
0.454784 0.757994
0.456023 0.750263
0.456780 0.801730
0.457067 0.861079
0.458160 0.814850
0.458352 0.803615
0.458888 0.716499
0.459063 0.725001
0.459488 0.777293
0.459497 0.825572
0.459665 0.855022
0.460491 0.717321
0.460605 0.734952
0.460817 0.814411
0.461612 0.782504
0.461771 0.838086
0.462274 0.890264
0.462665 0.791972
0.463637 0.811718
0.463958 0.784997
0.463987 0.819311
0.464113 0.747400
0.464219 0.750196
0.464256 0.765927
0.464473 0.732361
0.464982 0.879748
0.465033 0.835193
0.466772 0.742716
0.466897 0.833310
0.467574 0.897413
0.467716 0.777041
0.467725 0.823635
0.467763 0.882821
0.467932 0.888630
0.468021 0.852210
0.468522 0.730206
0.468644 0.772637
0.468973 0.894262
0.469068 0.844481
0.469085 0.794447
0.469089 0.832337
0.469214 0.749113
0.469261 0.877749
0.469964 0.719713
0.470200 0.845540
0.470341 0.851692
0.470399 0.735971
0.470425 0.850635
0.470455 0.771151
0.470630 0.872260
0.471088 0.833344
0.471252 0.782027
0.471817 0.858043
0.472279 0.818163
0.472284 0.764070
0.472453 0.814023
0.473201 0.881556
0.473253 0.720621
0.473336 0.879861
0.473570 0.857823
0.474011 0.760175
0.474938 0.798222
0.475363 0.807973
0.475577 0.901652
0.476158 0.860965
0.477436 0.884630
0.478615 0.736450
0.478683 0.839261
0.479438 0.911283
0.479774 0.912220
0.481148 0.903405
0.481678 0.758695
0.481692 0.825785
0.481899 0.784182
0.481971 0.859230
0.482858 0.892576
0.483385 0.782102
0.485020 0.809440
0.485187 0.765721
0.485385 0.759483
0.486374 0.873069
0.486555 0.769141
0.486593 0.746180
0.487391 0.783133
0.487953 0.833509
0.488170 0.790058
0.488297 0.761539
0.488336 0.850136
0.489083 0.803462
0.490312 0.884016
0.490333 0.855974
0.490930 0.815154
0.491816 0.911487
0.491918 0.791821
0.492143 0.728319
0.492211 0.763204
0.492549 0.794327
0.493103 0.859598
0.493615 0.857232
0.494428 0.769072
0.494997 0.766527
0.495251 0.869070
0.495498 0.780735
0.495547 0.835534
0.495591 0.834321
0.495624 0.791485
0.495713 0.859752
0.496068 0.864038
0.496135 0.802187
0.496518 0.881902
0.497261 0.828348
0.498608 0.821780
0.499013 0.813715
0.499448 0.757998
0.499476 0.780597
0.499524 0.818565
0.499660 0.905740
0.499736 0.856896
0.500089 0.803041
0.500427 0.889536
0.500531 0.737268
0.500700 0.802557
0.500792 0.769995
0.501377 0.871020
0.502101 0.739550
0.502960 0.840207
0.504643 0.838765
0.504745 0.893522
0.504868 0.797115
0.505007 0.781081
0.506208 0.859105
0.506436 0.765009
0.506526 0.737328
0.506569 0.812040
0.506686 0.848134
0.507118 0.759872
0.507540 0.838290
0.507897 0.806361
0.508591 0.799461
0.508955 0.812244
0.509508 0.777561
0.510018 0.903609
0.510062 0.864722
0.510103 0.923995
0.510479 0.858592
0.510996 0.915164
0.511029 0.790208
0.511338 0.747809
0.511657 0.740279
0.512379 0.880597
0.512873 0.792922
0.512902 0.795223
0.513111 0.894806
0.513304 0.741171
0.513846 0.875964
0.514868 0.790038
0.515150 0.853865
0.516104 0.787963
0.516518 0.909672
0.516895 0.891783
0.517849 0.927273
0.518291 0.903019
0.518689 0.851428
0.520655 0.878175
0.520720 0.740961
0.520784 0.771147
0.520870 0.820901
0.521284 0.919448
0.521698 0.857621
0.521886 0.924108
0.522129 0.874252
0.522413 0.919867
0.522907 0.906734
0.523011 0.756982
0.523137 0.781667
0.524136 0.829870
0.524299 0.921887
0.524726 0.807670
0.525565 0.751588
0.525610 0.778190
0.525902 0.908293
0.526740 0.756114
0.527157 0.770766
0.527428 0.895893
0.528082 0.874632
0.530044 0.869557
0.530495 0.880402
0.530704 0.809062
0.530762 0.878283
0.530856 0.796215
0.530972 0.871431
0.531512 0.891744
0.531794 0.880963
0.531837 0.809716
0.531952 0.817879
0.532005 0.845002
0.532059 0.789026
0.532201 0.793053
0.533764 0.772141
0.533826 0.764084
0.534242 0.888758
0.534740 0.826234
0.535605 0.747759
0.536087 0.815666
0.536571 0.769348
0.536942 0.890181
0.537173 0.919366
0.538470 0.794595
0.538715 0.818507
0.539450 0.783400
0.539913 0.815381
0.539949 0.904659
0.540194 0.763179
0.540643 0.930422
0.540776 0.922666
0.541441 0.811270
0.541521 0.834893
0.541917 0.924823
0.542631 0.919064
0.543534 0.862031
0.545716 0.852066
0.546023 0.870202
0.546146 0.850210
0.546353 0.861060
0.546381 0.930896
0.546548 0.909351
0.546771 0.930749
0.547131 0.785190
0.547853 0.897158
0.548131 0.864896
0.548323 0.825531
0.548718 0.900243
0.548972 0.754981
0.549506 0.868110
0.549557 0.877783
0.549920 0.923654
0.550090 0.825934
0.551710 0.812235
0.552492 0.932845
0.553137 0.840821
0.553434 0.845004
0.553549 0.871307
0.554152 0.869270
0.554198 0.862699
0.554541 0.885181
0.554641 0.809087
0.555391 0.939282
0.556348 0.937401
0.556787 0.811115
0.556871 0.919719
0.557794 0.785638
0.559170 0.827756
0.559418 0.885643
0.559790 0.897052
0.559893 0.867960
0.560465 0.917610
0.561072 0.940692
0.561257 0.823183
0.562212 0.884897
0.562520 0.752886
0.562897 0.854795
0.564067 0.845377
0.564273 0.917637
0.564719 0.870705
0.564770 0.868613
0.565474 0.849475
0.565641 0.762008
0.566226 0.767814
0.566771 0.912505
0.567138 0.843997
0.567260 0.791100
0.567508 0.796413
0.568275 0.824541
0.569335 0.787595
0.570562 0.865597
0.571714 0.938900
0.572073 0.878400
0.572333 0.789711
0.573502 0.942249
0.573652 0.831445
0.573744 0.931789
0.574188 0.907796
0.576358 0.890937
0.576476 0.772563
0.576509 0.786422
0.576757 0.935209
0.576790 0.851609
0.577004 0.916504
0.577581 0.854885
0.578041 0.785640
0.578109 0.781237
0.578452 0.761562
0.578770 0.938053
0.578814 0.778491
0.578969 0.877597
0.579545 0.811016
0.579807 0.768173
0.580216 0.824714
0.581444 0.916936
0.581606 0.939685
0.581810 0.854952
0.582013 0.777753
0.582222 0.858377
0.582677 0.795089
0.582717 0.940022
0.583865 0.900192
0.583958 0.865026
0.584194 0.771697
0.584511 0.885606
0.585003 0.946080
0.585076 0.866501
0.585231 0.783636
0.585379 0.875383
0.585841 0.792146
0.585908 0.770471
0.586007 0.765211
0.587050 0.788573
0.588297 0.949554
0.588502 0.882142
0.589224 0.857695
0.589885 0.844543
0.590151 0.781238
0.590629 0.789170
0.591621 0.770783
0.592173 0.859117
0.593055 0.845391
0.593576 0.773211
0.593766 0.898597
0.594215 0.804843
0.594647 0.827499
0.594952 0.941452
0.596238 0.814234
0.597303 0.922692
0.597820 0.796095
0.597906 0.774419
0.598441 0.845950
0.598599 0.777694
0.598974 0.839151
0.599238 0.828642
0.599381 0.781940
0.600077 0.950008
0.600172 0.917281
0.601108 0.928933
0.601205 0.937492
0.601603 0.882199
0.601616 0.878244
0.601869 0.871577
0.602378 0.844456
0.602951 0.847510
0.604396 0.884679
0.605033 0.791246
0.605335 0.865757
0.605439 0.779127
0.605769 0.943849
0.605823 0.903616
0.605945 0.890756
0.606922 0.917574
0.607478 0.900170
0.607491 0.941550
0.607695 0.871993
0.608559 0.779098
0.608838 0.861481
0.609140 0.943881
0.610204 0.916860
0.610216 0.821347
0.611257 0.828268
0.612124 0.953997
0.612220 0.912057
0.612488 0.767674
0.612668 0.919900
0.613009 0.954069
0.613406 0.844493
0.613835 0.850421
0.614001 0.853103
0.614204 0.872046
0.615022 0.770032
0.615069 0.769372
0.615154 0.768813
0.615723 0.944241
0.616383 0.937632
0.616453 0.880333
0.616924 0.941860
0.616929 0.882063
0.617563 0.873208
0.617659 0.920227
0.619818 0.914839
0.621020 0.905022
0.621412 0.780317
0.622012 0.837416
0.622049 0.848756
0.622533 0.899313
0.622747 0.907180
0.623289 0.920278
0.623403 0.909667
0.623483 0.829863
0.623730 0.819728
0.624066 0.808807
0.624768 0.831591
0.624942 0.946510
0.625060 0.813682
0.625194 0.938025
0.625818 0.845538
0.625926 0.950396
0.626012 0.864394
0.626082 0.887834
0.626571 0.792200
0.626905 0.803404
0.627619 0.777866
0.627892 0.934298
0.628135 0.773508
0.628226 0.960385
0.628402 0.812346
0.628737 0.901526
0.629509 0.830252
0.629829 0.938804
0.629934 0.823206
0.630004 0.844129
0.630643 0.922820
0.631278 0.885385
0.631653 0.936117
0.632404 0.823650
0.635120 0.810559
0.636074 0.926294
0.636095 0.881879
0.636114 0.779689
0.636242 0.824679
0.636456 0.878934
0.638347 0.860252
0.638487 0.825112
0.638586 0.959191
0.638760 0.874339
0.640223 0.958794
0.640509 0.883577
0.641707 0.777204
0.641748 0.951724
0.641976 0.871729
0.643631 0.824920
0.643661 0.848413
0.644256 0.775579
0.644378 0.891792
0.644692 0.796723
0.645349 0.902580
0.645591 0.893120
0.645931 0.815075
0.646468 0.892722
0.646797 0.920131
0.647845 0.791884
0.647892 0.802645
0.648847 0.872688
0.649988 0.910323
0.650239 0.840312
0.650587 0.841806
0.651718 0.920713
0.652075 0.914862
0.653026 0.794960
0.653328 0.788380
0.654497 0.947888
0.655043 0.868074
0.656755 0.782322
0.657664 0.908674
0.658911 0.949209
0.660191 0.807518
0.660950 0.882995
0.661976 0.943622
0.662053 0.956172
0.663591 0.811088
0.664367 0.950652
0.664582 0.947364
0.664745 0.780033
0.665111 0.810133
0.666712 0.857645
0.670429 0.962769
0.670461 0.792151
0.670848 0.817052
0.671656 0.908947
0.673993 0.879696
0.674137 0.879665
0.674963 0.954488
0.674970 0.942575
0.675494 0.786021
0.676683 0.883610
0.676786 0.804145
0.678538 0.884842
0.678595 0.970134
0.678815 0.792402
0.678822 0.866829
0.681427 0.804213
0.683032 0.926712
0.683186 0.824266
0.684580 0.953493
0.685264 0.888755
0.685511 0.791381
0.685622 0.817535
0.686216 0.915837
0.686324 0.818755
0.686395 0.844855
0.687940 0.970786
0.688112 0.891504
0.688188 0.859846
0.688769 0.858744
0.688932 0.952224
0.689314 0.833926
0.691203 0.817267
0.691343 0.841895
0.692026 0.883877
0.692589 0.944451
0.692849 0.891326
0.694282 0.786817
0.694969 0.937106
0.695392 0.967297
0.695930 0.847238
0.695932 0.849841
0.696470 0.839552
0.697577 0.916659
0.698357 0.873254
0.698807 0.931182
0.699134 0.902492
0.700111 0.798873
0.702426 0.899271
0.702514 0.851272
0.703376 0.931547
0.703564 0.950100
0.703892 0.811006
0.704259 0.895790
0.705061 0.974346
0.706116 0.968965
0.706470 0.912064
0.707429 0.911765
0.707973 0.828031
0.708182 0.938987
0.708438 0.867062
0.708811 0.926639
0.710166 0.951524
0.710820 0.953161
0.710985 0.938230
0.711013 0.943040
0.711637 0.830399
0.714660 0.897342
0.714850 0.847665
0.715473 0.806552
0.715493 0.933505
0.717250 0.937347
0.717945 0.959178
0.718228 0.824819
0.722085 0.844775
0.723606 0.936804
0.724504 0.938305
0.727820 0.961295
0.728267 0.806745
0.730390 0.907835
0.731003 0.864820
0.733503 0.926751
0.733793 0.892790
0.734619 0.895889
0.735229 0.963546
0.739586 0.863278
0.742468 0.984334
0.743060 0.899098
0.743084 0.801916
0.743706 0.833148
0.745849 0.830731
0.747081 0.891062
0.748162 0.832384
0.749474 0.856480
0.752961 0.840825
0.753249 0.886645
0.754600 0.948271
0.756290 0.983208
0.759017 0.863924
0.760516 0.852045
0.761548 0.944190
0.763122 0.943539
0.764962 0.943079
0.766080 0.854338
0.767825 0.914448
0.769440 0.931392
0.769849 0.827437
0.771891 0.913100
0.771947 0.940181
0.776330 0.963226
0.777058 0.933567
0.778517 0.944621
0.780469 0.828471
0.781674 0.984298
0.781971 0.884478
0.782681 0.913309
0.784845 0.974037
0.788043 0.939791
0.792528 0.872495
0.793684 0.837547
0.794670 0.819548
0.799439 0.885103
0.800160 0.924610
0.803989 0.989599
0.807190 0.890961
0.810581 0.968667
0.813808 0.886505
0.814287 0.984029
0.814823 0.894328
0.818006 0.858824
0.819715 0.937563
0.822346 0.893762
0.824494 0.914866
0.830648 0.990961
0.837410 0.882854
0.838538 0.897915
0.841541 0.819238
0.855042 0.853759
0.858967 0.856989
0.860974 0.975042
0.862593 0.997422
0.872758 0.873307
0.874043 0.953816
0.877880 0.857685
0.894589 0.940168
0.936931 0.853449
0.971923 1.000000
0.972459 0.900080
1.000000 0.881939
