0.000000 0.022809
0.008583 0.023009
0.008947 0.022968
0.011080 0.006633
0.012225 0.000000
0.021521 0.105717
0.026354 0.128051
0.027949 0.043325
0.029731 0.077453
0.032735 0.067609
0.033591 0.108494
0.035932 0.057845
0.037505 0.083893
0.043918 0.189452
0.048661 0.013426
0.054318 0.070172
0.056527 0.120390
0.057548 0.240447
0.058226 0.134301
0.061874 0.070960
0.068047 0.121013
0.070158 0.133967
0.073498 0.038338
0.073728 0.092583
0.076677 0.159233
0.078598 0.068545
0.079144 0.041205
0.080284 0.103081
0.084291 0.158490
0.088936 0.060913
0.089341 0.035142
0.089667 0.024283
0.089791 0.054894
0.091611 0.071286
0.092975 0.037096
0.093559 0.002804
0.095913 0.164264
0.096229 0.108119
0.099024 0.342002
0.105465 0.029230
0.105604 0.061326
0.107615 0.144747
0.114593 0.033938
0.127497 0.148417
0.131726 0.200473
0.133426 0.105140
0.135941 0.158602
0.140670 0.081385
0.141907 0.060205
0.143077 0.038654
0.143918 0.097588
0.143945 0.147308
0.144294 0.101594
0.145399 0.199455
0.148749 0.162905
0.151635 0.063672
0.153258 0.050450
0.155890 0.101552
0.162827 0.125966
0.164624 0.071722
0.168157 0.084193
0.168451 0.034288
0.169997 0.130575
0.176192 0.176538
0.179542 0.156266
0.185013 0.110543
0.188530 0.028458
0.190038 0.276583
0.190466 0.254219
0.197659 0.191863
0.199158 0.098644
0.205718 0.241613
0.209934 0.164673
0.215714 0.087671
0.217381 0.095257
0.217555 0.225674
0.220246 0.116880
0.220661 0.125143
0.224477 0.016645
0.229135 0.180178
0.231963 0.275674
0.233405 0.056318
0.234071 0.211513
0.234240 0.040765
0.239260 0.094908
0.241998 0.170536
0.242276 0.217746
0.245944 0.189137
0.248364 0.060917
0.248547 0.250071
0.251783 0.172750
0.254326 0.124306
0.255774 0.199459
0.255920 0.081224
0.257995 0.116503
0.264166 0.190558
0.265961 0.197023
0.266553 0.066037
0.269633 0.073953
0.271595 0.108685
0.271712 0.320458
0.272506 0.211692
0.280876 0.164964
0.284746 0.103920
0.287595 0.142299
0.289755 0.184905
0.291307 0.072084
0.297093 0.157093
0.307533 0.167785
0.307858 0.149061
0.314250 0.172926
0.320695 0.140448
0.327684 0.320109
0.330483 0.057693
0.330634 0.126653
0.331148 0.131304
0.331276 0.190677
0.341648 0.260242
0.344414 0.197004
0.346262 0.201881
0.351466 0.335071
0.355360 0.153669
0.355983 0.138004
0.359202 0.251654
0.361674 0.232882
0.363718 0.257680
0.366855 0.270503
0.367447 0.383865
0.372544 0.250553
0.376234 0.217453
0.378823 0.261320
0.380397 0.522591
0.383361 0.319520
0.391796 0.289952
0.393866 0.318028
0.394406 0.217530
0.405046 0.169791
0.409996 0.293152
0.410355 0.357186
0.420497 0.269277
0.421820 0.221280
0.425238 0.387495
0.435595 0.102958
0.435858 0.192359
0.439420 0.262032
0.443206 0.268576
0.450826 0.110815
0.454419 0.223274
0.457600 0.244087
0.460454 0.350206
0.463952 0.486897
0.469227 0.420809
0.469660 0.249329
0.470375 0.309565
0.473274 0.297491
0.473478 0.234851
0.477975 0.354425
0.479794 0.155339
0.480158 0.180655
0.486112 0.210509
0.490116 0.233304
0.490257 0.400639
0.492234 0.285219
0.492933 0.169928
0.496793 0.398269
0.505882 0.236981
0.506727 0.298165
0.508995 0.306824
0.509770 0.495488
0.511956 0.330281
0.518711 0.262181
0.523087 0.409931
0.526501 0.210966
0.527221 0.304960
0.528706 0.281830
0.532104 0.281730
0.535698 0.346300
0.538654 0.262268
0.538743 0.353156
0.544429 0.234070
0.548797 0.413710
0.550481 0.295766
0.551019 0.301579
0.555528 0.313542
0.555662 0.223604
0.556031 0.393148
0.556275 0.309203
0.564935 0.304301
0.569181 0.423787
0.570965 0.365173
0.573637 0.697560
0.575275 0.261533
0.575521 0.303357
0.577110 0.261057
0.592763 0.343721
0.598389 0.310860
0.599158 0.208026
0.601395 0.307541
0.603806 0.433095
0.610018 0.299594
0.613223 0.431843
0.616065 0.429764
0.621017 0.362584
0.625732 0.384513
0.633270 0.292198
0.633424 0.403076
0.635670 0.357910
0.641268 0.460008
0.648054 0.382334
0.649712 0.440308
0.651635 0.362168
0.652481 0.696794
0.652662 0.389345
0.654140 0.486785
0.659156 0.395872
0.662447 0.689342
0.662573 0.527141
0.667168 0.433776
0.670937 0.383132
0.671829 0.519488
0.673180 0.587329
0.673522 0.443975
0.674448 0.433350
0.674988 0.320425
0.674992 0.500187
0.676816 0.366118
0.677839 0.759825
0.679320 0.303080
0.680044 0.356943
0.681881 0.455455
0.683404 0.395447
0.688984 0.729015
0.695720 0.598913
0.698035 0.472128
0.706811 0.426351
0.709565 0.380487
0.712020 0.543026
0.717580 0.391093
0.717966 0.631574
0.718324 0.601721
0.720937 0.479901
0.722604 0.568467
0.723461 0.724333
0.726622 0.484510
0.733367 0.384130
0.733824 0.518937
0.733886 0.701220
0.735142 0.479249
0.741198 0.579207
0.741445 0.636758
0.742762 0.406783
0.751228 0.637824
0.754020 0.530985
0.754708 0.572171
0.759661 0.526051
0.762548 0.689651
0.769745 0.667110
0.771451 0.462748
0.771784 0.761341
0.773142 0.512008
0.784004 0.602047
0.789494 0.488118
0.791314 0.542841
0.791438 0.502110
0.794095 0.510267
0.794706 0.712625
0.799161 0.584342
0.799968 0.607919
0.801779 0.517042
0.802308 0.595418
0.807008 0.724190
0.807404 0.735887
0.811897 0.557750
0.816683 0.583147
0.817759 0.741771
0.819431 0.634046
0.820261 0.592731
0.824100 0.681736
0.824220 0.739666
0.829910 0.678617
0.830337 0.678868
0.830456 0.827618
0.833167 0.585634
0.834973 0.761089
0.835180 0.684877
0.835832 0.617527
0.842424 0.606731
0.845150 0.829992
0.849952 0.706092
0.856521 0.771934
0.859091 0.644382
0.859140 0.832120
0.861609 0.737372
0.861724 0.741532
0.863681 0.812491
0.870296 0.801810
0.871957 0.749862
0.877179 0.739639
0.881977 0.785250
0.883639 0.745709
0.883827 0.823821
0.883867 0.735596
0.886894 0.816063
0.890375 0.774851
0.891705 0.751997
0.893992 0.832831
0.895265 0.710709
0.897729 0.801593
0.900334 0.823765
0.910522 0.746066
0.913127 0.833398
0.913210 0.769620
0.915310 0.798547
0.919499 0.859171
0.922797 0.862588
0.925234 0.775833
0.929619 0.809730
0.934961 0.823852
0.939331 0.852345
0.943492 0.821799
0.943912 0.876101
0.944885 0.894416
0.949735 0.881968
0.950752 0.877005
0.956482 0.891716
0.959204 0.856590
0.963126 0.905611
0.963149 0.908141
0.965285 0.897608
0.968870 0.919565
0.968889 0.941214
0.970644 0.928944
0.973040 0.931291
0.973855 0.922420
0.975425 0.956016
0.976764 0.949333
0.986079 0.964139
0.989806 0.971696
0.991652 0.976816
0.992960 0.979540
0.996866 0.990843
0.998075 0.987363
0.998256 0.994955
1.000000 1.000000
