0.000000 0.096203
0.000986 0.271606
0.005274 0.007416
0.007595 0.037885
0.008314 0.112146
0.027264 0.003526
0.029592 0.113421
0.035436 0.027506
0.037346 0.034625
0.040311 0.220329
0.041642 0.000000
0.042142 0.071617
0.043520 0.054392
0.044343 0.020541
0.051873 0.073283
0.052860 0.019955
0.052976 0.015817
0.057278 0.117403
0.058020 0.045795
0.059961 0.018233
0.060457 0.066928
0.061467 0.041759
0.066133 0.113178
0.066275 0.287908
0.067260 0.014272
0.068515 0.120863
0.068961 0.005544
0.069424 0.117535
0.075363 0.010579
0.079041 0.183508
0.083685 0.078799
0.085268 0.213342
0.090133 0.196133
0.092140 0.275830
0.092324 0.227566
0.093618 0.006311
0.093788 0.097968
0.097231 0.009735
0.101248 0.108735
0.103893 0.146805
0.104557 0.101169
0.105118 0.236258
0.108857 0.131065
0.108896 0.020636
0.109644 0.103740
0.110098 0.260975
0.110310 0.068691
0.110636 0.090264
0.111495 0.159266
0.111747 0.032685
0.112963 0.148030
0.113644 0.233496
0.115438 0.021571
0.115875 0.099550
0.115948 0.058701
0.118565 0.069326
0.121078 0.193085
0.122151 0.026031
0.124168 0.312884
0.124509 0.082346
0.129012 0.032101
0.130335 0.042731
0.134442 0.120229
0.134556 0.095613
0.138448 0.158146
0.139142 0.118643
0.139903 0.191592
0.140706 0.049892
0.143029 0.270781
0.145483 0.120997
0.145528 0.121692
0.146178 0.047768
0.146996 0.090192
0.148040 0.061186
0.150538 0.127191
0.152556 0.188538
0.154165 0.052879
0.154944 0.067053
0.161294 0.021602
0.161720 0.025559
0.171263 0.318709
0.174544 0.057159
0.174743 0.040296
0.178213 0.031844
0.178375 0.218463
0.181220 0.046691
0.182814 0.350686
0.183502 0.131056
0.183800 0.029799
0.184684 0.215753
0.185963 0.038080
0.186240 0.156114
0.186501 0.153254
0.186527 0.200636
0.188050 0.231905
0.191018 0.033691
0.191323 0.182540
0.191621 0.090849
0.192255 0.106232
0.194134 0.254561
0.195238 0.068772
0.195761 0.042972
0.197352 0.173162
0.197472 0.314093
0.197999 0.034168
0.199611 0.044426
0.201673 0.089148
0.202439 0.064929
0.202666 0.044547
0.203953 0.072673
0.205108 0.313628
0.206170 0.153371
0.206420 0.237109
0.206800 0.327007
0.208028 0.063793
0.208793 0.336388
0.209652 0.128744
0.210282 0.200366
0.211405 0.137914
0.212119 0.347379
0.213016 0.047463
0.214296 0.041638
0.215979 0.076215
0.220255 0.094476
0.221592 0.095739
0.222320 0.208785
0.222665 0.150167
0.223409 0.201001
0.224157 0.059221
0.229469 0.161285
0.231107 0.344736
0.232739 0.288330
0.233466 0.050433
0.233711 0.142865
0.234439 0.238397
0.235249 0.073675
0.239277 0.226579
0.239900 0.154142
0.245187 0.117919
0.245601 0.176135
0.246980 0.128721
0.247315 0.325088
0.247637 0.056597
0.247648 0.075010
0.248415 0.179356
0.251050 0.090378
0.254929 0.060884
0.255791 0.231478
0.256671 0.191331
0.256783 0.319354
0.258461 0.174655
0.260004 0.171112
0.262997 0.388752
0.264180 0.240475
0.265292 0.156700
0.266007 0.220494
0.267806 0.060622
0.269030 0.052882
0.270406 0.359456
0.271430 0.376654
0.274331 0.265677
0.275515 0.231300
0.278674 0.216746
0.280093 0.241146
0.280223 0.368852
0.280809 0.170070
0.282951 0.140484
0.286694 0.158940
0.287364 0.073868
0.287379 0.174187
0.287473 0.144776
0.290721 0.096799
0.291009 0.230962
0.291865 0.086679
0.292172 0.103562
0.303633 0.077134
0.303951 0.163081
0.306914 0.139413
0.307242 0.132436
0.307803 0.324902
0.310119 0.208143
0.311570 0.086300
0.312024 0.268376
0.314701 0.078857
0.316379 0.097337
0.319250 0.156538
0.321082 0.093653
0.326109 0.325847
0.327935 0.228805
0.328210 0.235344
0.328467 0.119260
0.330221 0.130799
0.330545 0.414685
0.331252 0.085024
0.332838 0.358439
0.334738 0.253278
0.338220 0.123930
0.345460 0.078773
0.347146 0.290778
0.347851 0.151253
0.348201 0.134301
0.352045 0.206136
0.352242 0.105733
0.352830 0.141467
0.357899 0.136709
0.359610 0.116366
0.359892 0.114674
0.363190 0.226117
0.363895 0.115765
0.368850 0.245747
0.369349 0.140393
0.370444 0.118093
0.370684 0.352602
0.372344 0.437549
0.372851 0.104319
0.373246 0.142932
0.374982 0.107971
0.375223 0.437357
0.375677 0.418092
0.380186 0.189916
0.380774 0.304486
0.381264 0.323384
0.383450 0.389137
0.384641 0.212627
0.385466 0.159005
0.385551 0.243467
0.386238 0.099879
0.388385 0.383554
0.389118 0.368907
0.390539 0.297494
0.391759 0.213373
0.393849 0.368805
0.400217 0.183314
0.406747 0.250835
0.409502 0.254643
0.410531 0.455039
0.411682 0.259667
0.413358 0.304154
0.414203 0.335816
0.414700 0.202147
0.416926 0.380531
0.419790 0.140082
0.420115 0.319663
0.420299 0.179136
0.420760 0.458925
0.422929 0.131313
0.423701 0.127958
0.425469 0.164484
0.426581 0.170919
0.428937 0.244894
0.434448 0.454920
0.434476 0.190857
0.438550 0.384452
0.439575 0.276079
0.440525 0.243674
0.443916 0.437787
0.444238 0.427109
0.449888 0.255953
0.459216 0.189210
0.460385 0.279711
0.460845 0.470821
0.463147 0.343563
0.463428 0.405327
0.464466 0.275818
0.465816 0.468271
0.466083 0.147110
0.472420 0.370493
0.473981 0.432266
0.474966 0.357748
0.475197 0.170586
0.478273 0.251319
0.480222 0.443499
0.481400 0.323995
0.483107 0.484962
0.483231 0.393812
0.483244 0.191657
0.483355 0.307705
0.484592 0.462369
0.486177 0.200064
0.491373 0.310828
0.491658 0.187990
0.492069 0.382460
0.492567 0.315187
0.494803 0.201201
0.496075 0.250100
0.499241 0.507040
0.500875 0.459732
0.501097 0.518294
0.504524 0.370040
0.510844 0.172738
0.518907 0.193053
0.521226 0.337327
0.521472 0.439517
0.527305 0.205439
0.532234 0.288595
0.535293 0.218459
0.538064 0.349799
0.538961 0.199899
0.539607 0.264807
0.539943 0.191526
0.541424 0.300993
0.543383 0.284079
0.546808 0.293668
0.548434 0.485321
0.550565 0.212312
0.553109 0.531209
0.553374 0.346549
0.556860 0.280063
0.558446 0.381471
0.560412 0.277360
0.561824 0.569127
0.561847 0.470873
0.567710 0.336135
0.576238 0.355840
0.577052 0.566470
0.578761 0.462627
0.582845 0.279387
0.583026 0.335713
0.602753 0.343169
0.605754 0.490110
0.606668 0.489896
0.609216 0.554434
0.609456 0.305148
0.609699 0.502350
0.615634 0.462408
0.616556 0.482954
0.616689 0.352004
0.619625 0.426222
0.623429 0.531689
0.624069 0.555863
0.624975 0.356037
0.631162 0.370793
0.634684 0.319715
0.639852 0.593912
0.641517 0.405848
0.645042 0.637533
0.647034 0.619751
0.650439 0.358931
0.671437 0.496208
0.672883 0.326611
0.689794 0.402932
0.698417 0.433876
0.703835 0.497307
0.717205 0.442751
0.722428 0.573770
0.725440 0.624089
0.732484 0.642449
0.741001 0.729345
0.746410 0.549297
0.747795 0.698145
0.748672 0.626426
0.754936 0.446414
0.768659 0.583505
0.800358 0.521190
0.820000 0.714200
0.847259 0.786234
0.851888 0.788564
0.862861 0.772095
0.949348 0.802817
0.988857 0.936790
0.989903 0.993747
1.000000 1.000000
