0.000000 0.013145
0.010685 0.000627
0.011184 0.000585
0.012641 0.000648
0.015464 0.001509
0.017942 0.007080
0.018130 0.006005
0.019656 0.010848
0.020209 0.012313
0.023604 0.005144
0.023844 0.019266
0.025031 0.010445
0.026700 0.008248
0.027285 0.000000
0.028167 0.015237
0.028893 0.003226
0.029880 0.009935
0.030236 0.002253
0.031355 0.005597
0.033463 0.017211
0.033636 0.016927
0.034187 0.014348
0.034897 0.002076
0.034946 0.013942
0.035716 0.004011
0.037077 0.001727
0.037483 0.021967
0.040258 0.018578
0.041254 0.012037
0.042003 0.005295
0.042122 0.001586
0.042420 0.018060
0.043449 0.007895
0.043513 0.015068
0.044231 0.008206
0.044378 0.018314
0.044694 0.012193
0.045988 0.001923
0.046734 0.021565
0.047671 0.010479
0.048050 0.007060
0.049160 0.003165
0.050431 0.013150
0.051494 0.021874
0.054246 0.013932
0.054508 0.005359
0.054827 0.010646
0.055525 0.002004
0.057917 0.020865
0.058860 0.011594
0.060781 0.013573
0.062226 0.019580
0.064224 0.002739
0.064228 0.008619
0.064851 0.009452
0.064852 0.002663
0.065130 0.015103
0.066858 0.011152
0.067597 0.013814
0.068120 0.025873
0.068406 0.007625
0.069410 0.003990
0.069562 0.018834
0.070128 0.026824
0.070572 0.023719
0.072780 0.005187
0.073474 0.021139
0.075408 0.003438
0.077051 0.016260
0.077753 0.011047
0.078073 0.004763
0.079209 0.011909
0.079425 0.010285
0.079917 0.004251
0.080119 0.002263
0.081278 0.022204
0.081519 0.025326
0.082305 0.010193
0.082334 0.014082
0.083194 0.014831
0.085460 0.026058
0.085500 0.026099
0.088025 0.011109
0.088210 0.020694
0.088252 0.021097
0.088858 0.026271
0.088903 0.021623
0.088972 0.004505
0.089396 0.002244
0.089561 0.005144
0.090078 0.009677
0.090141 0.017046
0.091301 0.022874
0.092108 0.003521
0.092469 0.008167
0.093137 0.014757
0.093153 0.011482
0.093221 0.018301
0.093729 0.029760
0.094007 0.011036
0.094030 0.012701
0.095647 0.009312
0.097502 0.003512
0.098315 0.018519
0.098763 0.007659
0.100042 0.003310
0.100817 0.004825
0.101865 0.022829
0.101937 0.006711
0.102005 0.002889
0.102072 0.004316
0.102388 0.005757
0.104465 0.016673
0.104681 0.004020
0.105228 0.013984
0.105257 0.011479
0.105558 0.029331
0.105966 0.003754
0.106103 0.021291
0.106116 0.011719
0.106149 0.005546
0.106766 0.006626
0.107204 0.005839
0.107374 0.006488
0.107866 0.016094
0.107952 0.016215
0.108012 0.013637
0.108258 0.010995
0.108485 0.016163
0.108550 0.021470
0.108692 0.031960
0.108807 0.007952
0.109248 0.009221
0.110001 0.007575
0.110030 0.005166
0.110510 0.013937
0.110693 0.012820
0.112100 0.031669
0.112159 0.028822
0.112572 0.023376
0.112660 0.010136
0.113213 0.009948
0.113427 0.006924
0.113645 0.024926
0.113733 0.003209
0.114418 0.017620
0.114621 0.019142
0.114733 0.021084
0.114747 0.015207
0.115410 0.025291
0.115928 0.006294
0.117516 0.019108
0.118555 0.012326
0.118868 0.015364
0.119645 0.005789
0.120153 0.011254
0.122358 0.017546
0.123132 0.006415
0.124022 0.003996
0.124670 0.022710
0.124938 0.033222
0.125222 0.032962
0.125648 0.017865
0.126643 0.008753
0.127176 0.012415
0.127649 0.021044
0.127794 0.011109
0.128021 0.025054
0.128060 0.026333
0.128622 0.029683
0.128800 0.004848
0.128992 0.011124
0.129024 0.012247
0.129069 0.005210
0.129187 0.006489
0.129381 0.006486
0.129641 0.025745
0.130150 0.014922
0.130293 0.009389
0.130471 0.023621
0.131385 0.029365
0.131814 0.016128
0.131877 0.024772
0.132156 0.032923
0.135059 0.026786
0.135093 0.013718
0.135195 0.020618
0.136037 0.009159
0.136151 0.008516
0.137066 0.009934
0.137153 0.032258
0.137447 0.027054
0.137539 0.008307
0.137775 0.007438
0.138073 0.016045
0.138737 0.005420
0.138870 0.007808
0.139439 0.025760
0.139590 0.005742
0.140669 0.014482
0.140855 0.030183
0.140855 0.005411
0.141455 0.023353
0.141526 0.016049
0.142269 0.005307
0.142391 0.035724
0.142968 0.013702
0.143310 0.010684
0.143313 0.024067
0.143487 0.014713
0.143560 0.027035
0.143690 0.024853
0.143878 0.023930
0.143886 0.016945
0.144156 0.007714
0.144310 0.018184
0.145004 0.017932
0.145176 0.020527
0.146031 0.018898
0.146189 0.024436
0.146716 0.031933
0.146963 0.005846
0.147089 0.013190
0.147521 0.034913
0.148057 0.020443
0.148062 0.019115
0.148233 0.030538
0.148565 0.010990
0.148768 0.035038
0.149163 0.007279
0.149700 0.005700
0.150012 0.012731
0.150270 0.011697
0.150715 0.036061
0.150738 0.005263
0.150813 0.021584
0.150996 0.027407
0.151624 0.034623
0.151951 0.007355
0.152546 0.009928
0.152805 0.030903
0.152843 0.005827
0.153033 0.025394
0.153442 0.009793
0.153567 0.025351
0.153899 0.005594
0.153947 0.005390
0.154354 0.010071
0.154649 0.008879
0.155173 0.015507
0.155628 0.022285
0.155748 0.005477
0.155793 0.029342
0.156491 0.024055
0.156629 0.031185
0.156852 0.008534
0.156893 0.006229
0.156980 0.007749
0.157053 0.016133
0.157707 0.037711
0.158191 0.018847
0.158311 0.016776
0.158391 0.020946
0.159031 0.014863
0.159128 0.006118
0.159221 0.020978
0.159344 0.036167
0.159441 0.005866
0.160716 0.019422
0.160755 0.026357
0.161539 0.014534
0.161605 0.016559
0.162010 0.026433
0.162013 0.007881
0.162716 0.005828
0.163145 0.027630
0.163674 0.017225
0.163760 0.013316
0.163778 0.019068
0.164284 0.028894
0.164350 0.014701
0.164422 0.015805
0.165464 0.026378
0.165679 0.037246
0.165681 0.040415
0.166320 0.023859
0.166774 0.010494
0.166889 0.006882
0.167363 0.009095
0.168042 0.008840
0.168479 0.007015
0.168866 0.006386
0.169709 0.009515
0.169728 0.023926
0.169976 0.026114
0.170548 0.027074
0.171325 0.032030
0.171632 0.010958
0.172351 0.007292
0.172644 0.029145
0.172858 0.040200
0.173112 0.027696
0.173237 0.035936
0.173517 0.039179
0.174354 0.037152
0.174392 0.021102
0.174461 0.035392
0.174819 0.009371
0.175765 0.013057
0.175944 0.008549
0.176408 0.025638
0.177115 0.008613
0.177476 0.006975
0.177568 0.040821
0.178815 0.007031
0.178905 0.012084
0.178924 0.016516
0.179007 0.016833
0.179384 0.029126
0.179686 0.023276
0.179727 0.019076
0.179735 0.011705
0.179837 0.011855
0.180976 0.035786
0.180995 0.007522
0.181401 0.022361
0.182067 0.024183
0.182110 0.009352
0.182421 0.012229
0.182834 0.007951
0.183374 0.025772
0.183525 0.020438
0.184887 0.010634
0.185052 0.030138
0.185086 0.011952
0.185131 0.012533
0.186351 0.039355
0.186809 0.033201
0.187108 0.009836
0.187164 0.014130
0.187252 0.020800
0.187385 0.041472
0.188394 0.032120
0.188501 0.007407
0.189085 0.024158
0.189647 0.009268
0.189815 0.009042
0.190290 0.027831
0.190395 0.041477
0.191180 0.023780
0.191315 0.013037
0.191675 0.041791
0.191949 0.007765
0.192142 0.033341
0.192354 0.028145
0.192590 0.032259
0.192728 0.012080
0.192799 0.011628
0.193714 0.032861
0.193754 0.016729
0.194037 0.021061
0.194550 0.008134
0.194600 0.019244
0.194648 0.033015
0.195591 0.017867
0.195621 0.009674
0.195776 0.031207
0.195956 0.009931
0.196028 0.020454
0.196192 0.008962
0.196212 0.015132
0.196433 0.014413
0.196753 0.029563
0.196826 0.025070
0.196879 0.018599
0.197085 0.008057
0.197118 0.018087
0.197878 0.019097
0.198003 0.036973
0.198410 0.043414
0.198513 0.045371
0.198633 0.028141
0.199105 0.009683
0.199147 0.010192
0.199201 0.017100
0.199470 0.020944
0.199582 0.016376
0.199759 0.013656
0.200587 0.014765
0.200604 0.020935
0.200925 0.030135
0.201153 0.023531
0.201638 0.025484
0.202190 0.021077
0.202299 0.023881
0.202354 0.015093
0.202414 0.029592
0.202688 0.010791
0.202783 0.017994
0.203982 0.032158
0.204414 0.014050
0.204742 0.012430
0.204805 0.025663
0.205252 0.021526
0.205498 0.018146
0.205922 0.029420
0.206355 0.023353
0.206410 0.037219
0.206451 0.012437
0.206686 0.019761
0.206968 0.014103
0.207217 0.029738
0.207966 0.046838
0.208103 0.025254
0.208174 0.045870
0.208559 0.025822
0.209036 0.009670
0.209372 0.021842
0.209417 0.012800
0.209558 0.028505
0.209998 0.014916
0.210198 0.039561
0.210579 0.041246
0.210716 0.033554
0.211411 0.023677
0.211502 0.017478
0.211638 0.016910
0.212338 0.038353
0.212810 0.009532
0.212894 0.009780
0.212983 0.045438
0.213959 0.019775
0.214128 0.013081
0.214390 0.035464
0.214560 0.010514
0.214909 0.020028
0.214994 0.044554
0.215144 0.021755
0.215458 0.025409
0.216461 0.041669
0.216910 0.030540
0.217248 0.030628
0.217518 0.021063
0.217936 0.043173
0.218122 0.018001
0.218465 0.045853
0.218535 0.019194
0.219010 0.048140
0.220078 0.018335
0.220849 0.033900
0.221315 0.015529
0.221377 0.011828
0.221384 0.026549
0.221964 0.049808
0.222660 0.022523
0.223923 0.019330
0.224536 0.036812
0.224591 0.045830
0.224965 0.010358
0.224967 0.032099
0.225697 0.028652
0.225699 0.022322
0.225768 0.020876
0.225924 0.034018
0.226364 0.041948
0.226538 0.041487
0.227135 0.018824
0.228146 0.017349
0.228997 0.018803
0.229506 0.020959
0.229536 0.012881
0.231041 0.037229
0.231304 0.021097
0.231848 0.012100
0.232132 0.048689
0.232463 0.025833
0.232529 0.025961
0.232940 0.050520
0.233229 0.025728
0.233804 0.026246
0.233924 0.016989
0.234014 0.048274
0.234200 0.022706
0.234994 0.014537
0.235244 0.049108
0.235307 0.028332
0.235850 0.018407
0.236617 0.028448
0.236675 0.050486
0.236858 0.049397
0.237441 0.030944
0.237549 0.045140
0.237798 0.015981
0.238108 0.049512
0.238530 0.025408
0.238554 0.053577
0.238561 0.043759
0.238712 0.042992
0.239245 0.022171
0.239566 0.021536
0.239927 0.054052
0.239988 0.048384
0.240060 0.028586
0.240091 0.018645
0.240816 0.052211
0.241070 0.015625
0.241144 0.050368
0.241462 0.030015
0.241688 0.041741
0.242740 0.040493
0.242756 0.023395
0.243146 0.026144
0.243273 0.014316
0.243744 0.041366
0.243850 0.016864
0.244212 0.013608
0.244490 0.016803
0.244806 0.028842
0.244934 0.030982
0.246179 0.019460
0.246388 0.015734
0.246637 0.029160
0.246750 0.016329
0.246982 0.012331
0.247008 0.028544
0.247648 0.052211
0.247723 0.014007
0.247824 0.020074
0.247869 0.031481
0.248175 0.046298
0.248248 0.014724
0.248883 0.013538
0.249061 0.044996
0.249300 0.016910
0.249316 0.046887
0.250171 0.014334
0.250536 0.036312
0.250650 0.043954
0.250811 0.040036
0.250859 0.031190
0.250875 0.035827
0.251093 0.025069
0.251396 0.022203
0.251719 0.035184
0.252713 0.014879
0.253559 0.051354
0.253723 0.029492
0.253770 0.014580
0.253774 0.029587
0.254908 0.058701
0.254922 0.058726
0.255555 0.030449
0.256278 0.030689
0.256435 0.040183
0.257005 0.038024
0.257331 0.047358
0.257394 0.013253
0.257568 0.041633
0.258191 0.055907
0.258195 0.059480
0.258244 0.017631
0.259306 0.057244
0.259585 0.023206
0.259623 0.022036
0.259770 0.037096
0.260356 0.018577
0.260653 0.017183
0.260689 0.025344
0.260767 0.028114
0.260877 0.049328
0.260913 0.025455
0.260933 0.027325
0.260987 0.018154
0.261059 0.056399
0.261200 0.050083
0.261210 0.025736
0.261388 0.046187
0.261394 0.021647
0.261500 0.053974
0.261590 0.034772
0.262953 0.019818
0.262977 0.052127
0.263549 0.025422
0.263640 0.037346
0.263685 0.024572
0.264814 0.047772
0.265259 0.023158
0.265471 0.059541
0.265536 0.058734
0.266121 0.022381
0.266335 0.060823
0.266435 0.014193
0.266588 0.039185
0.266661 0.040195
0.266729 0.039738
0.266791 0.050554
0.266999 0.030769
0.267343 0.021570
0.267435 0.032126
0.267559 0.037097
0.268876 0.022583
0.269394 0.033616
0.269560 0.029245
0.269821 0.050388
0.269929 0.038458
0.270282 0.041553
0.270444 0.025531
0.270478 0.016686
0.270600 0.022558
0.270896 0.025731
0.270908 0.016044
0.271276 0.021833
0.271590 0.051758
0.271750 0.043857
0.271848 0.042218
0.272038 0.048232
0.272556 0.029499
0.272914 0.015265
0.272978 0.023580
0.274002 0.045593
0.274014 0.035665
0.274045 0.025886
0.274290 0.017757
0.274799 0.017821
0.274887 0.022266
0.275286 0.033851
0.275643 0.062619
0.275775 0.017106
0.275853 0.041430
0.276162 0.031880
0.277334 0.041403
0.277514 0.030922
0.277546 0.036080
0.277953 0.032341
0.278563 0.026647
0.278586 0.025443
0.279214 0.039995
0.279284 0.042353
0.279338 0.038240
0.279358 0.042489
0.279414 0.054697
0.280280 0.038635
0.280859 0.034930
0.280880 0.033145
0.281003 0.017826
0.281126 0.040170
0.281638 0.052391
0.281645 0.016105
0.281828 0.022865
0.281941 0.030986
0.282076 0.037911
0.282356 0.038133
0.282940 0.022061
0.283053 0.056072
0.283127 0.061071
0.283369 0.028106
0.283462 0.054476
0.283783 0.054152
0.283969 0.026281
0.285115 0.039322
0.285446 0.053104
0.285695 0.019344
0.285961 0.017395
0.287751 0.019852
0.287966 0.051750
0.288070 0.058036
0.288077 0.026153
0.289018 0.017086
0.289365 0.039390
0.289711 0.056825
0.289755 0.037867
0.289838 0.063841
0.289926 0.035599
0.290154 0.040176
0.290341 0.018920
0.290629 0.022258
0.291431 0.044643
0.291945 0.031945
0.292042 0.056160
0.292479 0.060600
0.292980 0.036490
0.293022 0.027680
0.293180 0.057217
0.293357 0.055972
0.293612 0.055045
0.294151 0.046427
0.294782 0.030794
0.295015 0.045983
0.295193 0.038382
0.295251 0.029099
0.295790 0.053899
0.296110 0.026476
0.296253 0.067916
0.296522 0.035099
0.296558 0.061278
0.296821 0.067363
0.297283 0.027238
0.297626 0.022001
0.297774 0.018699
0.298294 0.021318
0.298399 0.024730
0.298497 0.029086
0.298565 0.018610
0.298646 0.020777
0.298854 0.050162
0.299109 0.043566
0.299330 0.021736
0.299403 0.031090
0.299943 0.027200
0.299975 0.049821
0.300189 0.023898
0.300264 0.044539
0.300915 0.019940
0.300952 0.039049
0.301459 0.031308
0.302140 0.060050
0.302595 0.019125
0.303799 0.029336
0.304434 0.066596
0.304882 0.020150
0.305360 0.070155
0.305384 0.053403
0.305508 0.065850
0.305571 0.043386
0.305707 0.034524
0.306223 0.019511
0.306348 0.042442
0.306435 0.044648
0.306542 0.045275
0.306786 0.023839
0.306789 0.023212
0.307222 0.027297
0.307413 0.031035
0.308078 0.043223
0.308150 0.033896
0.309157 0.030721
0.309259 0.038428
0.309264 0.054183
0.309839 0.053386
0.310387 0.022047
0.310628 0.056539
0.310747 0.051577
0.311079 0.046556
0.311145 0.058358
0.311179 0.033863
0.311400 0.028184
0.311450 0.057003
0.312256 0.022798
0.312345 0.033205
0.312828 0.035288
0.312870 0.058814
0.313158 0.039664
0.313381 0.074255
0.313607 0.073152
0.314842 0.027427
0.315039 0.033580
0.315297 0.025668
0.315302 0.040679
0.315981 0.073911
0.316056 0.033316
0.316107 0.042792
0.316166 0.031617
0.316628 0.023749
0.317111 0.043740
0.317185 0.032846
0.317383 0.027860
0.317728 0.031552
0.317743 0.022762
0.318433 0.037409
0.318772 0.020750
0.318846 0.065324
0.319163 0.039470
0.319363 0.050518
0.319455 0.029561
0.319521 0.067981
0.320049 0.033590
0.321127 0.070015
0.322187 0.026167
0.323319 0.059374
0.323677 0.046388
0.324226 0.031174
0.324761 0.032681
0.324943 0.023545
0.324976 0.044624
0.325422 0.050594
0.325441 0.032674
0.325456 0.042485
0.325691 0.037516
0.326088 0.076110
0.326465 0.066153
0.326510 0.053884
0.326539 0.073280
0.327188 0.041134
0.327620 0.022440
0.327640 0.055259
0.327807 0.030549
0.327863 0.049467
0.328010 0.046768
0.328020 0.026307
0.328121 0.055231
0.328144 0.043539
0.328149 0.060597
0.328396 0.032213
0.328421 0.064061
0.328488 0.052080
0.328786 0.026944
0.329417 0.051333
0.329454 0.042499
0.329565 0.078347
0.329921 0.064808
0.330114 0.035860
0.330403 0.069344
0.330721 0.050673
0.331374 0.063581
0.331722 0.071206
0.331778 0.055609
0.331991 0.059398
0.333067 0.066826
0.333576 0.039022
0.333709 0.035505
0.333816 0.041537
0.333910 0.029524
0.333912 0.042726
0.334012 0.030758
0.334793 0.045617
0.334997 0.053068
0.335095 0.078359
0.335194 0.048289
0.335244 0.065672
0.336791 0.028108
0.336917 0.031750
0.337329 0.064792
0.337418 0.046024
0.338921 0.056746
0.338945 0.033471
0.339461 0.036055
0.340338 0.059961
0.340563 0.055925
0.340647 0.065625
0.340755 0.027449
0.340811 0.025324
0.340907 0.070801
0.341237 0.044868
0.341460 0.024359
0.341814 0.024457
0.341936 0.060716
0.342258 0.073175
0.342419 0.036154
0.342891 0.046004
0.342920 0.056308
0.343195 0.024823
0.343349 0.051795
0.343484 0.080366
0.343519 0.069227
0.344075 0.058413
0.344305 0.043776
0.344598 0.049807
0.344613 0.031729
0.344681 0.044905
0.345035 0.042869
0.345165 0.052096
0.345701 0.035456
0.346131 0.060510
0.346191 0.075098
0.346361 0.047408
0.346909 0.081682
0.347604 0.082309
0.347770 0.032577
0.347955 0.038516
0.348331 0.084602
0.348465 0.030283
0.348530 0.064423
0.349764 0.025185
0.349848 0.027011
0.350069 0.044529
0.350386 0.049217
0.351049 0.040643
0.351130 0.059256
0.352188 0.048429
0.352369 0.050956
0.352944 0.051364
0.353365 0.051126
0.353749 0.030658
0.353885 0.042757
0.354010 0.077424
0.354386 0.029070
0.354432 0.068778
0.354968 0.073693
0.355457 0.070971
0.355547 0.037836
0.355620 0.079156
0.355784 0.049699
0.355842 0.059431
0.355910 0.076166
0.356199 0.061934
0.356682 0.076616
0.356811 0.063595
0.357228 0.035142
0.357766 0.085754
0.357900 0.076875
0.358955 0.075087
0.359035 0.042909
0.359159 0.047747
0.359710 0.048249
0.360115 0.038094
0.360560 0.064448
0.360941 0.036999
0.361358 0.088111
0.361374 0.032080
0.361617 0.058313
0.363113 0.055646
0.363330 0.080699
0.363846 0.083966
0.365165 0.051081
0.365470 0.043066
0.365722 0.050989
0.365876 0.058724
0.366305 0.038920
0.366317 0.033807
0.366340 0.030957
0.366786 0.052998
0.367065 0.033949
0.367105 0.063117
0.367259 0.046844
0.367440 0.054694
0.367444 0.050918
0.367760 0.037769
0.368353 0.039418
0.368850 0.080481
0.369399 0.063271
0.369574 0.073945
0.369725 0.081923
0.370200 0.066850
0.370416 0.038735
0.371303 0.031941
0.371369 0.046642
0.372131 0.083186
0.372494 0.093400
0.372664 0.090048
0.372680 0.032589
0.373304 0.087731
0.373364 0.060685
0.373449 0.030819
0.374023 0.086416
0.374630 0.050238
0.375206 0.055986
0.375216 0.034335
0.376542 0.038800
0.376686 0.045512
0.376980 0.035585
0.377326 0.039208
0.377498 0.035679
0.377708 0.050239
0.377768 0.033009
0.377839 0.052091
0.378071 0.059815
0.378378 0.049849
0.378394 0.065985
0.380136 0.054020
0.380343 0.034443
0.380663 0.059315
0.380979 0.055980
0.381370 0.063605
0.381380 0.051583
0.382063 0.080928
0.383203 0.037104
0.384266 0.093541
0.384297 0.037486
0.384911 0.032851
0.385039 0.064512
0.385090 0.096703
0.385660 0.042949
0.385973 0.035790
0.386161 0.037641
0.386174 0.093179
0.387097 0.038582
0.387213 0.046740
0.387410 0.087938
0.387434 0.056286
0.387736 0.095841
0.387898 0.043485
0.387945 0.047181
0.388598 0.032825
0.388674 0.060853
0.388883 0.058274
0.389675 0.048929
0.389907 0.042763
0.391612 0.037536
0.392166 0.052455
0.392511 0.049584
0.393155 0.048207
0.393622 0.046921
0.394137 0.058970
0.395188 0.088833
0.395332 0.054417
0.395527 0.087744
0.395791 0.082900
0.396094 0.090022
0.396222 0.036240
0.396405 0.035127
0.396533 0.078968
0.396674 0.100750
0.397174 0.034547
0.397184 0.047122
0.397547 0.056929
0.397547 0.103396
0.397674 0.060280
0.398014 0.091079
0.398368 0.066217
0.398856 0.050263
0.399149 0.078777
0.399353 0.042754
0.399759 0.053679
0.399835 0.053076
0.400660 0.041621
0.401856 0.045980
0.402335 0.042726
0.402345 0.092345
0.402586 0.078530
0.403612 0.044137
0.403624 0.048846
0.403735 0.061890
0.403790 0.053032
0.403903 0.068706
0.404588 0.095271
0.404758 0.049154
0.405125 0.052938
0.405154 0.087413
0.406359 0.072602
0.406510 0.099140
0.407468 0.051738
0.407794 0.064141
0.408283 0.069823
0.408290 0.086298
0.408408 0.099166
0.408691 0.051690
0.409868 0.093540
0.409936 0.069638
0.410012 0.075956
0.410522 0.047615
0.410565 0.048966
0.410836 0.054030
0.411744 0.068932
0.412137 0.042968
0.412336 0.070291
0.413229 0.099894
0.413965 0.067421
0.414138 0.097339
0.414269 0.104617
0.415832 0.108781
0.416721 0.064688
0.417035 0.066431
0.417248 0.097667
0.417249 0.063895
0.417357 0.048089
0.417701 0.040924
0.417908 0.051727
0.417947 0.056163
0.418081 0.047414
0.418089 0.062008
0.418342 0.083664
0.418472 0.065962
0.418545 0.066804
0.419151 0.065521
0.419251 0.043822
0.419359 0.078099
0.420089 0.096817
0.420313 0.101149
0.420779 0.095986
0.421428 0.066289
0.421791 0.056728
0.422023 0.092104
0.422043 0.050773
0.422142 0.040381
0.422168 0.067811
0.423713 0.045412
0.424814 0.044618
0.425594 0.111665
0.426171 0.090962
0.427212 0.091450
0.427419 0.105884
0.427510 0.099585
0.427543 0.064127
0.427544 0.047528
0.427603 0.084698
0.428391 0.056468
0.428475 0.085705
0.428958 0.061312
0.429032 0.060815
0.429766 0.112213
0.430127 0.043903
0.430571 0.050102
0.430590 0.049454
0.431237 0.075671
0.431384 0.049209
0.431679 0.075447
0.432035 0.058855
0.432687 0.079686
0.432997 0.088341
0.434467 0.099326
0.434659 0.082027
0.434761 0.060818
0.434820 0.108455
0.435039 0.078734
0.435073 0.093530
0.435216 0.048727
0.435248 0.118374
0.435320 0.059417
0.436192 0.046761
0.437234 0.099496
0.437505 0.077795
0.437967 0.086804
0.438451 0.113122
0.439356 0.055431
0.439709 0.104840
0.439794 0.076183
0.440067 0.059822
0.440366 0.085381
0.440993 0.119325
0.440998 0.059473
0.441024 0.108071
0.441822 0.054222
0.442314 0.079008
0.442461 0.077231
0.442679 0.062366
0.442806 0.113111
0.443762 0.053317
0.444709 0.069092
0.445856 0.100891
0.446145 0.051453
0.446279 0.094177
0.446569 0.062548
0.446832 0.054249
0.448741 0.050058
0.448903 0.053871
0.449639 0.064996
0.449966 0.051478
0.450518 0.052815
0.450527 0.056822
0.450801 0.104520
0.451640 0.068495
0.451971 0.078319
0.452155 0.108400
0.452781 0.122401
0.453499 0.110780
0.455615 0.050282
0.457936 0.051535
0.458290 0.082106
0.459215 0.060437
0.460296 0.058504
0.461362 0.119991
0.462130 0.114223
0.463090 0.079359
0.463145 0.070619
0.463437 0.057801
0.463763 0.121686
0.464350 0.056658
0.465447 0.130555
0.466097 0.058073
0.466450 0.055815
0.466853 0.087411
0.467653 0.112912
0.468552 0.076346
0.468861 0.067731
0.469029 0.119335
0.469669 0.096176
0.470434 0.053401
0.470692 0.057928
0.470898 0.062291
0.471126 0.063090
0.471194 0.112848
0.471285 0.076587
0.471351 0.101651
0.471453 0.090876
0.471574 0.098294
0.471991 0.114113
0.472532 0.060386
0.473787 0.073761
0.474319 0.095917
0.474536 0.090452
0.474868 0.100132
0.476474 0.139642
0.476639 0.133336
0.477412 0.087570
0.478004 0.117039
0.478075 0.112342
0.478481 0.059029
0.479361 0.066212
0.480753 0.133994
0.481002 0.061118
0.481151 0.109953
0.481159 0.064731
0.481801 0.070851
0.482517 0.074906
0.483150 0.115722
0.483427 0.074066
0.483753 0.070870
0.484229 0.059502
0.484512 0.066932
0.484689 0.080715
0.484748 0.068056
0.484765 0.080463
0.485303 0.116756
0.485565 0.098688
0.486447 0.127464
0.489746 0.073568
0.490753 0.075223
0.490885 0.077552
0.491428 0.064984
0.492180 0.104044
0.492474 0.079177
0.492495 0.105357
0.493195 0.085278
0.493947 0.144344
0.495704 0.098456
0.496258 0.093476
0.496366 0.062256
0.496405 0.075854
0.496771 0.068055
0.496927 0.085258
0.496961 0.119868
0.497111 0.141213
0.498287 0.071442
0.498422 0.103068
0.499596 0.095966
0.500804 0.091386
0.501024 0.077422
0.502297 0.073974
0.504788 0.079647
0.504958 0.119853
0.506443 0.087695
0.506650 0.079792
0.506793 0.082559
0.507574 0.126816
0.508588 0.096106
0.509922 0.133958
0.511134 0.108304
0.512875 0.115448
0.514414 0.130456
0.515885 0.163254
0.516239 0.114853
0.516642 0.106938
0.517376 0.090568
0.517677 0.160753
0.518320 0.123798
0.519370 0.108985
0.519760 0.137384
0.520155 0.099165
0.522905 0.077335
0.523508 0.161881
0.524704 0.158520
0.524862 0.094437
0.525260 0.155683
0.525479 0.161793
0.525779 0.081216
0.525829 0.141567
0.526517 0.103476
0.526842 0.115674
0.526859 0.161639
0.527640 0.143788
0.527918 0.085457
0.528029 0.113551
0.528037 0.132742
0.529396 0.156456
0.529459 0.171381
0.531315 0.128453
0.531678 0.089197
0.532142 0.086079
0.534487 0.086112
0.534858 0.099366
0.536300 0.129675
0.538051 0.090662
0.538626 0.146033
0.539398 0.162310
0.539735 0.170865
0.540144 0.162727
0.540593 0.093891
0.541063 0.149311
0.542356 0.100522
0.542866 0.140086
0.542946 0.120509
0.543457 0.157598
0.543658 0.096221
0.544346 0.156601
0.544726 0.162579
0.546125 0.165117
0.546561 0.156475
0.547112 0.137188
0.547471 0.090667
0.548366 0.169340
0.549852 0.124299
0.550795 0.090595
0.551010 0.145180
0.552072 0.168299
0.552074 0.113526
0.553622 0.119791
0.553623 0.107378
0.555114 0.147233
0.555126 0.121874
0.555844 0.114894
0.558861 0.172730
0.560476 0.092081
0.562726 0.148066
0.563075 0.102850
0.563205 0.152926
0.563744 0.137283
0.564227 0.091658
0.564419 0.139505
0.564761 0.100349
0.566163 0.121639
0.566611 0.095939
0.567161 0.122123
0.567414 0.185510
0.571871 0.126904
0.572361 0.113977
0.572862 0.126485
0.573213 0.128447
0.576006 0.106002
0.578906 0.106238
0.579245 0.127486
0.580048 0.129225
0.581797 0.199982
0.582221 0.178219
0.584223 0.171196
0.584893 0.173574
0.585428 0.165288
0.585577 0.113251
0.586238 0.114535
0.586572 0.145126
0.587562 0.138766
0.588645 0.113240
0.589063 0.114435
0.589491 0.121994
0.589736 0.194800
0.590945 0.186355
0.591717 0.113568
0.592847 0.184005
0.592935 0.158508
0.594220 0.127369
0.594711 0.190426
0.597799 0.149006
0.598611 0.196507
0.605590 0.144835
0.608723 0.128591
0.609787 0.131376
0.616690 0.135135
0.617542 0.136085
0.620925 0.129153
0.622504 0.158180
0.622730 0.152553
0.623838 0.136707
0.625396 0.237963
0.626783 0.237942
0.628470 0.164694
0.631642 0.239693
0.631747 0.150322
0.632582 0.152683
0.632746 0.162187
0.635362 0.172376
0.636097 0.220503
0.636440 0.163837
0.638039 0.242458
0.642582 0.219041
0.643713 0.215973
0.644385 0.181523
0.645892 0.243031
0.647638 0.152942
0.648412 0.150244
0.649722 0.179219
0.650771 0.148888
0.651315 0.256998
0.651955 0.151359
0.652069 0.230275
0.653244 0.220136
0.655779 0.177100
0.655817 0.218502
0.658691 0.223415
0.660595 0.193509
0.660711 0.255604
0.661064 0.193296
0.665060 0.163418
0.665284 0.232877
0.669160 0.246863
0.669673 0.246997
0.670550 0.186547
0.672403 0.181196
0.678203 0.224834
0.682244 0.297229
0.683468 0.209840
0.685925 0.190609
0.686229 0.300117
0.688726 0.238034
0.689096 0.313443
0.689652 0.249469
0.689711 0.191345
0.689752 0.275880
0.690494 0.231513
0.691896 0.202133
0.692394 0.238908
0.693599 0.250578
0.695378 0.194504
0.695670 0.248283
0.698869 0.314415
0.700008 0.218249
0.702513 0.226911
0.702773 0.200665
0.703782 0.329552
0.705115 0.241953
0.710526 0.232665
0.713988 0.281147
0.715251 0.248394
0.718236 0.229359
0.719416 0.341721
0.721784 0.245078
0.722072 0.297262
0.723520 0.265789
0.725538 0.286587
0.727673 0.286601
0.728396 0.361735
0.729134 0.327263
0.743415 0.274220
0.745056 0.302723
0.745975 0.290422
0.749350 0.326544
0.752839 0.379134
0.755440 0.321467
0.757782 0.284236
0.769998 0.292381
0.771740 0.323469
0.775943 0.335826
0.776646 0.326836
0.778164 0.379433
0.787196 0.347631
0.789906 0.359129
0.792091 0.332177
0.793503 0.341726
0.800828 0.476169
0.803956 0.373522
0.815245 0.391744
0.815813 0.502979
0.817981 0.475138
0.825338 0.467725
0.831953 0.531262
0.855767 0.503037
0.866277 0.567881
0.883028 0.643018
0.897031 0.614472
0.903491 0.637537
0.907426 0.673288
0.936620 0.754022
0.944178 0.803465
0.944923 0.781312
1.000000 1.000000
