0.000000 0.034520
0.026801 0.293985
0.027199 0.166425
0.048748 0.106137
0.049389 0.067952
0.050428 0.000000
0.065986 0.088954
0.067641 0.318320
0.077800 0.153066
0.083058 0.573524
0.089591 0.372133
0.096276 0.451997
0.114795 0.379226
0.118126 0.471998
0.119749 0.369394
0.120025 0.504989
0.121043 0.506416
0.124395 0.460840
0.129095 0.388052
0.132715 0.465653
0.135610 0.356062
0.135900 0.437255
0.138251 0.511406
0.140003 0.592133
0.145612 0.500927
0.147925 0.488545
0.155107 0.452432
0.155325 0.417256
0.162661 0.406924
0.167291 0.505987
0.172269 0.600894
0.172476 0.440727
0.174593 0.583658
0.175641 0.422770
0.176480 0.525135
0.176662 0.665781
0.176784 0.417972
0.182702 0.509845
0.184946 0.546243
0.190633 0.529934
0.191517 0.525399
0.191614 0.443697
0.192070 0.576948
0.196212 0.557380
0.196821 0.580843
0.197811 0.545036
0.198039 0.558003
0.199113 0.548759
0.201888 0.510906
0.201950 0.509519
0.205533 0.618980
0.205636 0.482648
0.208177 0.579632
0.210718 0.637101
0.211920 0.643084
0.212598 0.558543
0.213386 0.620977
0.214339 0.593459
0.215292 0.523476
0.216272 0.558518
0.216334 0.511143
0.217454 0.547623
0.219154 0.659907
0.220573 0.546297
0.221477 0.619563
0.224671 0.567155
0.225488 0.522863
0.226807 0.581772
0.229067 0.504997
0.230096 0.561864
0.232155 0.687403
0.234019 0.604681
0.234386 0.728772
0.238866 0.571713
0.241069 0.529544
0.241960 0.696905
0.242400 0.603366
0.243416 0.585274
0.244448 0.544338
0.244965 0.573909
0.245453 0.549727
0.245559 0.534302
0.245625 0.566934
0.246012 0.592621
0.247859 0.697546
0.249814 0.640690
0.250026 0.669117
0.251153 0.610194
0.251558 0.558768
0.254430 0.535174
0.254721 0.593037
0.254900 0.606044
0.255288 0.613190
0.255608 0.688822
0.257683 0.664743
0.259604 0.629305
0.259979 0.694909
0.260545 0.585187
0.262502 0.560309
0.262588 0.562230
0.264766 0.564764
0.264823 0.656406
0.264853 0.563507
0.264893 0.609432
0.268142 0.652149
0.269167 0.585202
0.269494 0.555637
0.269938 0.622739
0.270165 0.602221
0.270907 0.558728
0.272937 0.684089
0.274021 0.569124
0.274055 0.665385
0.274535 0.682986
0.275065 0.583594
0.275778 0.622225
0.277057 0.698554
0.277090 0.655191
0.277705 0.674780
0.277782 0.696877
0.278102 0.671220
0.281291 0.623740
0.282670 0.597504
0.283217 0.594068
0.284863 0.745328
0.285791 0.724804
0.287207 0.633602
0.288112 0.587093
0.288381 0.628344
0.288817 0.635254
0.288919 0.691550
0.290075 0.687232
0.292612 0.608082
0.294459 0.634342
0.295820 0.633847
0.295961 0.592755
0.296159 0.595207
0.296886 0.644920
0.296996 0.622947
0.297246 0.645553
0.297309 0.716556
0.297539 0.606200
0.299345 0.725175
0.301300 0.609550
0.301848 0.651878
0.302024 0.646243
0.303178 0.601724
0.303675 0.706774
0.303762 0.723035
0.303970 0.630161
0.304604 0.644000
0.305095 0.670659
0.305561 0.611035
0.307532 0.637920
0.308268 0.623226
0.309903 0.675625
0.311183 0.644592
0.312140 0.654810
0.312560 0.722727
0.312985 0.642468
0.313230 0.702094
0.314196 0.672775
0.314485 0.677366
0.314873 0.766882
0.315651 0.645813
0.316137 0.682577
0.316738 0.644219
0.317033 0.635869
0.318193 0.710077
0.318838 0.625124
0.319810 0.703758
0.321154 0.755562
0.321788 0.627520
0.322737 0.699985
0.324278 0.652581
0.324907 0.692710
0.327032 0.669743
0.327928 0.739064
0.328141 0.632381
0.328734 0.729352
0.328769 0.708653
0.329664 0.731014
0.329738 0.675589
0.333347 0.642950
0.334452 0.656278
0.335778 0.661715
0.336748 0.774805
0.337187 0.659677
0.337309 0.701132
0.337479 0.651827
0.337731 0.633302
0.337810 0.679596
0.339080 0.669250
0.339577 0.641222
0.339730 0.734519
0.340171 0.664148
0.340280 0.642461
0.341647 0.723609
0.342847 0.729896
0.342866 0.712588
0.345606 0.721103
0.345830 0.641461
0.345992 0.725728
0.346345 0.673155
0.346430 0.812840
0.346920 0.709007
0.347174 0.682301
0.348790 0.651415
0.349192 0.715633
0.350073 0.669460
0.351164 0.652049
0.351369 0.736057
0.352120 0.661927
0.352130 0.683501
0.352797 0.757914
0.354484 0.699660
0.356532 0.824493
0.357297 0.691115
0.359081 0.709545
0.360350 0.669842
0.360371 0.661872
0.360430 0.665166
0.360669 0.727400
0.362587 0.656971
0.362718 0.723680
0.363896 0.695010
0.364753 0.732398
0.365141 0.665705
0.365395 0.672562
0.366377 0.714224
0.366514 0.710444
0.367412 0.685760
0.367761 0.783083
0.369104 0.809015
0.369696 0.692330
0.370129 0.788216
0.370577 0.684246
0.370638 0.751116
0.370646 0.664954
0.372266 0.746800
0.372544 0.706991
0.372973 0.707472
0.373693 0.710736
0.374743 0.711635
0.375370 0.668392
0.375748 0.775821
0.376301 0.770660
0.376744 0.683230
0.376889 0.694179
0.377014 0.685466
0.377064 0.698306
0.377846 0.776970
0.380175 0.745467
0.380390 0.717107
0.380875 0.701116
0.380984 0.705617
0.381003 0.765951
0.382045 0.747576
0.382691 0.752462
0.383594 0.679407
0.384020 0.733568
0.384399 0.704766
0.384720 0.693314
0.386085 0.706164
0.386637 0.734072
0.386755 0.689441
0.387625 0.766446
0.388001 0.744660
0.388336 0.770390
0.388485 0.715157
0.388532 0.708154
0.388904 0.697525
0.389752 0.756710
0.389921 0.796590
0.392497 0.718233
0.392871 0.682233
0.393364 0.770648
0.394143 0.705679
0.394917 0.694683
0.394972 0.731767
0.395894 0.759063
0.396130 0.730511
0.396685 0.718560
0.397372 0.782638
0.397502 0.718181
0.398136 0.754761
0.398217 0.733242
0.398442 0.751894
0.398479 0.718680
0.398589 0.707358
0.398892 0.716500
0.399197 0.689361
0.399812 0.694692
0.399988 0.705256
0.400203 0.820726
0.400266 0.716988
0.401150 0.694972
0.401193 0.748519
0.401205 0.737958
0.401285 0.700369
0.401695 0.768848
0.402075 0.761252
0.402178 0.720429
0.402235 0.700331
0.402587 0.759319
0.402781 0.734616
0.403940 0.723988
0.404517 0.766161
0.404802 0.709180
0.405378 0.806566
0.405448 0.718241
0.405700 0.763590
0.406142 0.752626
0.406353 0.719817
0.406815 0.765866
0.407415 0.735088
0.407565 0.717684
0.408382 0.704618
0.408817 0.705582
0.411096 0.697135
0.411295 0.752853
0.412803 0.760130
0.413067 0.713894
0.415013 0.738490
0.415287 0.747746
0.415426 0.771389
0.415777 0.760714
0.415804 0.724917
0.415813 0.759918
0.416690 0.716424
0.416798 0.716098
0.416898 0.810792
0.416989 0.749180
0.417223 0.702578
0.417924 0.707604
0.418396 0.730538
0.419378 0.742078
0.419793 0.787734
0.419959 0.725829
0.420024 0.704795
0.420608 0.721596
0.421196 0.739407
0.421742 0.850053
0.421743 0.796290
0.422040 0.785974
0.422112 0.737412
0.422484 0.786671
0.422601 0.727332
0.422648 0.722443
0.422928 0.778573
0.422956 0.744393
0.423224 0.783685
0.423574 0.742530
0.423647 0.759632
0.423828 0.768062
0.424694 0.804111
0.425393 0.717633
0.425425 0.793622
0.426295 0.756678
0.427033 0.720759
0.427755 0.788950
0.427861 0.784172
0.428034 0.714701
0.428353 0.762696
0.429039 0.730109
0.429604 0.771571
0.430103 0.751582
0.430436 0.760735
0.430493 0.801551
0.430552 0.733227
0.430659 0.748256
0.430721 0.747796
0.430942 0.804834
0.431554 0.722849
0.431757 0.715529
0.431909 0.886826
0.432106 0.758685
0.432297 0.733463
0.432380 0.802087
0.432673 0.726724
0.432879 0.795352
0.433016 0.795384
0.433473 0.715081
0.434042 0.734368
0.434750 0.800512
0.435066 0.718008
0.435503 0.800648
0.435739 0.775906
0.435921 0.754315
0.436182 0.724362
0.436187 0.763838
0.436682 0.756486
0.437151 0.770375
0.437782 0.728984
0.437804 0.774382
0.438462 0.719555
0.439078 0.726510
0.439605 0.721761
0.440420 0.745019
0.440831 0.859291
0.443154 0.756289
0.443365 0.822075
0.443465 0.762199
0.444488 0.742974
0.444813 0.760393
0.445714 0.805043
0.446153 0.744324
0.447318 0.792353
0.447360 0.758940
0.447478 0.737709
0.447932 0.738611
0.448095 0.801778
0.448108 0.772190
0.448773 0.760169
0.448825 0.764082
0.448966 0.732936
0.449192 0.803400
0.449257 0.805010
0.449422 0.764173
0.449724 0.833352
0.449748 0.771814
0.450255 0.861952
0.450552 0.789438
0.450647 0.780103
0.450923 0.768848
0.450935 0.748084
0.451212 0.821779
0.451373 0.776976
0.451568 0.731294
0.452299 0.794793
0.453318 0.838673
0.453447 0.785543
0.453654 0.856589
0.454161 0.737355
0.454602 0.732671
0.455241 0.777277
0.455455 0.799780
0.456472 0.735126
0.456591 0.755122
0.456935 0.769859
0.456974 0.805476
0.457030 0.816430
0.457325 0.747179
0.458706 0.772815
0.459689 0.767804
0.460868 0.778800
0.461665 0.749430
0.461748 0.740034
0.463081 0.760001
0.463166 0.808040
0.463870 0.783049
0.464751 0.800839
0.464901 0.758724
0.464922 0.774310
0.465285 0.763809
0.465822 0.792305
0.466211 0.828049
0.466409 0.820806
0.466449 0.769983
0.466491 0.847332
0.466532 0.759833
0.466809 0.745320
0.467174 0.784065
0.467246 0.753657
0.467890 0.797847
0.468047 0.768175
0.468351 0.816194
0.468910 0.853070
0.469572 0.792252
0.469974 0.756061
0.471163 0.844030
0.471167 0.762264
0.471869 0.834335
0.471957 0.803080
0.472350 0.747016
0.473545 0.772193
0.473780 0.764272
0.473818 0.745261
0.474864 0.848139
0.474963 0.807241
0.474993 0.761193
0.475004 0.802545
0.476016 0.765477
0.476047 0.748192
0.476518 0.795327
0.476850 0.830519
0.477551 0.771625
0.478062 0.792172
0.478469 0.799759
0.478602 0.789768
0.478853 0.770409
0.479477 0.777161
0.479758 0.793927
0.480022 0.770597
0.480818 0.797379
0.481397 0.836541
0.482362 0.781670
0.482657 0.811510
0.482837 0.762853
0.482997 0.755569
0.483225 0.754355
0.483354 0.785589
0.483484 0.808939
0.483651 0.769128
0.483654 0.762949
0.484084 0.824805
0.484212 0.755615
0.484670 0.792056
0.484845 0.813358
0.485445 0.760599
0.486088 0.800423
0.486835 0.773479
0.487191 0.804465
0.488045 0.779707
0.488052 0.811275
0.488600 0.785618
0.488869 0.782685
0.489380 0.852785
0.491658 0.801710
0.492293 0.783735
0.492461 0.825439
0.493070 0.831291
0.493210 0.864559
0.493899 0.807360
0.494000 0.791287
0.494055 0.830803
0.495057 0.858384
0.495108 0.852320
0.495922 0.772025
0.495926 0.764342
0.496074 0.821151
0.496167 0.777334
0.496280 0.832674
0.496646 0.789898
0.496797 0.849759
0.497001 0.786797
0.497933 0.766555
0.497968 0.796858
0.498212 0.860965
0.498345 0.808067
0.498407 0.780761
0.498961 0.812673
0.499008 0.822017
0.499597 0.791202
0.499965 0.823692
0.501395 0.790537
0.501603 0.777053
0.501679 0.785911
0.501883 0.832849
0.502398 0.805717
0.502422 0.818422
0.502682 0.772702
0.503578 0.773120
0.504460 0.802758
0.504515 0.804389
0.504937 0.773524
0.505448 0.779842
0.505457 0.796987
0.505578 0.918814
0.507788 0.802600
0.508412 0.871985
0.508956 0.797018
0.509453 0.808173
0.509698 0.791658
0.509844 0.820653
0.510309 0.789506
0.511618 0.822803
0.511915 0.830754
0.512511 0.773118
0.512921 0.777056
0.513084 0.786211
0.513650 0.853723
0.514625 0.773620
0.514812 0.792188
0.515422 0.844067
0.517090 0.824425
0.518149 0.849741
0.518448 0.781793
0.519251 0.872890
0.519437 0.877791
0.520763 0.825033
0.521067 0.777487
0.521620 0.803626
0.522113 0.816323
0.522170 0.847113
0.522553 0.780524
0.522993 0.794456
0.523270 0.797088
0.523532 0.834021
0.523772 0.854349
0.525206 0.848698
0.525762 0.937186
0.525840 0.780676
0.525901 0.833315
0.526067 0.827741
0.526334 0.890736
0.526393 0.833920
0.526862 0.799660
0.527105 0.786271
0.527270 0.828059
0.527458 0.790857
0.528467 0.790143
0.529046 0.799277
0.529628 0.809616
0.529748 0.834664
0.531089 0.856582
0.531492 0.826724
0.531519 0.866229
0.533316 0.788278
0.534028 0.807732
0.534368 0.855145
0.535335 0.832294
0.535809 0.796400
0.536088 0.811195
0.536292 0.831309
0.536826 0.820655
0.537012 0.826179
0.537085 0.800565
0.538345 0.835950
0.538394 0.806143
0.538449 0.809574
0.538518 0.805131
0.538804 0.848142
0.540591 0.855477
0.540677 0.811878
0.541152 0.834500
0.542261 0.829833
0.542617 0.824567
0.543177 0.850362
0.543206 0.841093
0.543383 0.883010
0.544002 0.880660
0.544074 0.828285
0.544209 0.872475
0.544365 0.824721
0.544933 0.811757
0.545529 0.803851
0.545658 0.806245
0.545807 0.815555
0.545990 0.835751
0.546574 0.794644
0.546867 0.822902
0.546958 0.823501
0.548215 0.808956
0.548237 0.857871
0.548829 0.824838
0.549781 0.798771
0.550081 0.898523
0.550396 0.797783
0.551280 0.865467
0.551376 0.858923
0.551649 0.831791
0.551902 0.952739
0.552992 0.845598
0.553257 0.801409
0.554903 0.812756
0.555820 0.806917
0.556466 0.799374
0.556472 0.823286
0.557076 0.847048
0.557209 0.816504
0.558726 0.886614
0.559078 0.863159
0.560046 0.815846
0.560414 0.821099
0.560964 0.852891
0.561077 0.823414
0.562474 0.807254
0.563360 0.817028
0.565518 0.838726
0.565521 0.851810
0.565640 0.857841
0.566778 0.820350
0.567807 0.829200
0.567845 0.868711
0.568270 0.846490
0.568530 0.815436
0.568913 0.820776
0.569334 0.889318
0.569702 0.811362
0.570769 0.839102
0.571549 0.814550
0.573692 0.827625
0.573721 0.911936
0.573733 0.840081
0.574956 0.811241
0.575065 0.860729
0.575778 0.883272
0.577174 0.868141
0.577529 0.852862
0.580251 0.834682
0.580449 0.846922
0.581487 0.840243
0.582888 0.823298
0.584078 0.818163
0.586019 0.842583
0.587868 0.867475
0.587952 0.857343
0.588985 0.876573
0.589046 0.849844
0.589363 0.872794
0.589804 0.909297
0.590089 0.838174
0.590844 0.837770
0.591076 0.882986
0.591116 0.838070
0.594031 0.855083
0.594063 0.866383
0.594554 0.894443
0.594575 0.872878
0.598397 0.860700
0.599786 0.867416
0.600595 0.831465
0.601492 0.844079
0.602433 0.867046
0.602480 0.826242
0.603501 0.836429
0.603546 0.855899
0.605126 0.841964
0.605570 0.878354
0.606633 0.888860
0.606728 0.857459
0.607003 0.878888
0.607489 0.902693
0.607549 0.833717
0.607579 0.851615
0.608279 0.861272
0.608656 0.851624
0.610217 0.848228
0.610979 0.886057
0.611493 0.893121
0.611657 0.851796
0.612070 0.863121
0.612231 0.851103
0.613254 0.876470
0.614877 0.857140
0.615258 0.856626
0.615366 0.890927
0.618001 0.899084
0.618019 0.835449
0.619503 0.915749
0.619721 0.886940
0.619842 0.858558
0.621427 0.863364
0.621654 0.837430
0.621705 0.843571
0.623237 0.895711
0.623678 0.848246
0.623831 0.858050
0.624375 0.875521
0.626369 0.966809
0.626614 0.869699
0.626723 0.878754
0.631140 0.878363
0.631541 0.866091
0.632086 0.882489
0.633486 0.867804
0.634345 0.897819
0.634682 0.875034
0.635610 0.894278
0.635633 0.845852
0.636602 0.856346
0.639001 0.850095
0.639141 0.889444
0.639154 0.853584
0.640718 0.914762
0.642237 0.918953
0.643224 0.945450
0.643964 0.930471
0.645369 0.859826
0.646265 0.850867
0.647429 0.891232
0.651315 0.883575
0.651462 0.873193
0.652659 0.859393
0.654566 0.857797
0.655453 0.880790
0.657751 0.877241
0.657882 0.932726
0.658251 0.862967
0.660195 0.945708
0.661860 0.929429
0.662524 0.890380
0.664719 0.933438
0.669622 0.866733
0.670085 0.862907
0.670595 0.936467
0.671997 0.892716
0.673233 0.877445
0.674225 0.909732
0.676033 0.895240
0.677225 0.912627
0.677534 0.892075
0.677806 0.968123
0.681781 0.882897
0.685838 0.914105
0.685927 0.890241
0.686745 0.924980
0.687220 0.893721
0.688082 0.880838
0.688470 0.900600
0.689989 0.942377
0.699692 0.906424
0.699866 0.882199
0.699990 0.897704
0.702619 0.928057
0.704035 0.932977
0.705235 0.879855
0.706428 0.900391
0.706693 0.901304
0.707765 0.928307
0.709695 0.909754
0.712564 0.900243
0.714617 0.919037
0.715437 0.923882
0.718601 0.897735
0.725117 1.000000
0.731272 0.928742
0.733317 0.908858
0.735146 0.936674
0.735147 0.911765
0.737457 0.898283
0.737721 0.959093
0.742979 0.916199
0.744033 0.915904
0.747736 0.933770
0.750031 0.910696
0.751509 0.935554
0.753427 0.958018
0.754166 0.919195
0.755798 0.919446
0.757042 0.910224
0.761964 0.926861
0.767251 0.982788
0.769532 0.913702
0.770731 0.928655
0.772032 0.926587
0.782044 0.937495
0.784341 0.941397
0.784390 0.945172
0.787791 0.950878
0.791937 0.929789
0.793250 0.966014
0.795858 0.955646
0.827328 0.956424
0.845806 0.963361
0.846822 0.949971
0.862652 0.989277
0.867040 0.991830
0.879725 0.980732
0.883742 0.961001
1.000000 0.998145
