0.000000 0.000000
0.123595 0.534599
0.138962 0.423912
0.151886 0.412734
0.170549 0.678216
0.171411 0.662400
0.173410 0.653725
0.182561 0.441801
0.187976 0.511675
0.200839 0.561833
0.206075 0.599713
0.222950 0.597840
0.223399 0.664410
0.225920 0.592758
0.229325 0.725488
0.236139 0.517523
0.240635 0.741206
0.243299 0.566391
0.247765 0.578401
0.261373 0.613592
0.271115 0.722808
0.282140 0.652372
0.283252 0.727345
0.285377 0.690382
0.285925 0.708840
0.289015 0.674995
0.292146 0.677143
0.293315 0.710739
0.295829 0.696757
0.297227 0.666983
0.301163 0.688291
0.301649 0.702233
0.303141 0.723271
0.305444 0.638944
0.305857 0.670336
0.307026 0.645742
0.307198 0.716571
0.311194 0.694959
0.311759 0.702700
0.312858 0.745509
0.313518 0.744326
0.313994 0.646389
0.314826 0.627626
0.317281 0.688156
0.318001 0.650005
0.321249 0.678186
0.321970 0.766089
0.322143 0.644684
0.322645 0.809324
0.324224 0.788708
0.325564 0.617708
0.326990 0.786194
0.328107 0.747881
0.328823 0.627420
0.330149 0.862164
0.330233 0.764232
0.330976 0.711808
0.332519 0.637134
0.334330 0.625490
0.335314 0.682019
0.335579 0.739657
0.336827 0.671696
0.337274 0.728066
0.339804 0.698469
0.340276 0.714885
0.340788 0.796663
0.340815 0.810088
0.341305 0.672794
0.341684 0.723395
0.343265 0.703392
0.343335 0.664097
0.344453 0.631499
0.345359 0.715153
0.345647 0.686868
0.346973 0.659208
0.346990 0.644732
0.347777 0.694325
0.349072 0.737044
0.351911 0.813098
0.352496 0.684948
0.355819 0.649713
0.356944 0.771672
0.357456 0.703328
0.360944 0.693388
0.365771 0.725401
0.370481 0.788873
0.373633 0.692908
0.374440 0.681742
0.374604 0.705458
0.376145 0.765227
0.378185 0.808474
0.381052 0.716417
0.381520 0.664832
0.381850 0.741097
0.383581 0.668395
0.384166 0.736320
0.384627 0.816080
0.386714 0.750635
0.386764 0.689130
0.386884 0.689945
0.387489 0.781559
0.388467 0.806423
0.388890 0.768741
0.389557 0.781312
0.391202 0.680785
0.392312 0.705517
0.392475 0.790507
0.394968 0.804894
0.395173 0.704499
0.395436 0.809352
0.397562 0.724140
0.397567 0.700613
0.398231 0.726244
0.398378 0.817506
0.398629 0.777679
0.398916 0.780114
0.399465 0.685681
0.400321 0.744089
0.401656 0.799743
0.401995 0.683965
0.403188 0.744840
0.404063 0.758709
0.404866 0.701738
0.405284 0.735535
0.406000 0.786303
0.409336 0.715052
0.409709 0.759422
0.410876 0.685829
0.411245 0.733577
0.411454 0.701849
0.412588 0.753321
0.413460 0.757797
0.413604 0.695323
0.416586 0.720758
0.417410 0.718292
0.418223 0.735173
0.418947 0.727323
0.419761 0.703180
0.422422 0.819172
0.422520 0.710153
0.423115 0.719295
0.424992 0.800363
0.425803 0.755788
0.428441 0.819137
0.428763 0.702301
0.428767 0.717459
0.429418 0.716408
0.429676 0.853097
0.430570 0.760743
0.431454 0.724517
0.433017 0.770397
0.434189 0.844535
0.434315 0.737287
0.434400 0.821401
0.434810 0.822098
0.435217 0.783064
0.435534 0.759254
0.436519 0.757894
0.436874 0.794377
0.438072 0.706255
0.438519 0.732891
0.439301 0.751307
0.439594 0.710601
0.441480 0.726094
0.441499 0.734526
0.441935 0.794540
0.441991 0.783519
0.443587 0.847595
0.443736 0.841178
0.444013 0.773907
0.444152 0.813055
0.444300 0.839786
0.444415 0.798909
0.444924 0.760101
0.445294 0.749599
0.446675 0.734902
0.447003 0.833401
0.449110 0.722432
0.449145 0.788623
0.449207 0.733959
0.449461 0.795674
0.450190 0.787727
0.450603 0.752360
0.451206 0.723241
0.452393 0.780301
0.452626 0.761658
0.452964 0.775961
0.454356 0.788597
0.455174 0.827356
0.455400 0.727411
0.456419 0.743504
0.456618 0.729498
0.456903 0.784441
0.457164 0.854192
0.458407 0.855891
0.458657 0.829924
0.458680 0.808417
0.458691 0.766117
0.458759 0.854925
0.458802 0.823359
0.460017 0.794716
0.460807 0.720054
0.460905 0.795235
0.460979 0.755900
0.461568 0.751294
0.461788 0.817227
0.462569 0.761980
0.462660 0.733931
0.463110 0.763249
0.463117 0.792718
0.464241 0.758455
0.464307 0.754747
0.465252 0.835862
0.465651 0.746966
0.466240 0.736015
0.467098 0.735777
0.467254 0.728538
0.468420 0.850030
0.472161 0.757755
0.473590 0.738642
0.474247 0.794846
0.475610 0.753316
0.477322 0.792129
0.478174 0.796092
0.478556 0.759011
0.480794 0.766642
0.481486 0.807148
0.483129 0.763008
0.484104 0.836079
0.485489 0.814435
0.486316 0.773620
0.486765 0.857811
0.486904 0.737611
0.487403 0.846045
0.488206 0.811788
0.490393 0.790444
0.490450 0.768701
0.490727 0.754401
0.491993 0.757255
0.494151 0.776154
0.496846 0.752638
0.497227 0.804294
0.497884 0.789398
0.498103 0.761506
0.498125 0.772186
0.502304 0.852470
0.502518 0.854655
0.503566 0.755186
0.504668 0.788029
0.505387 0.795426
0.508671 0.756826
0.509919 0.833279
0.510750 0.836240
0.512084 0.788048
0.513470 0.754640
0.515036 0.780988
0.516708 0.769080
0.516877 0.851745
0.516955 0.787122
0.517106 0.760087
0.517643 0.788950
0.517655 0.758266
0.518516 0.804150
0.519193 0.815102
0.519440 0.822799
0.519788 0.823619
0.519839 0.785913
0.520527 0.773506
0.521054 0.821303
0.521395 0.792560
0.521930 0.771190
0.521991 0.825064
0.522055 0.824610
0.522918 0.772170
0.524199 0.791344
0.525708 0.868796
0.526275 0.849458
0.526393 0.810061
0.526912 0.793931
0.528012 0.801896
0.528049 0.791358
0.528397 0.771683
0.528785 0.781259
0.529017 0.791793
0.529579 0.771288
0.530159 0.810596
0.530246 0.781870
0.530297 0.854165
0.530586 0.763267
0.531542 0.802980
0.532268 0.839226
0.533240 0.808309
0.533574 0.818832
0.534462 0.839861
0.535195 0.797427
0.535540 0.869979
0.536436 0.775473
0.536935 0.796828
0.537313 0.782581
0.542317 0.808650
0.542718 0.771344
0.543429 0.800769
0.543696 0.799854
0.544258 0.808835
0.544800 0.811566
0.544926 0.835452
0.545195 0.884335
0.545788 0.822384
0.546494 0.820750
0.547075 0.790587
0.548634 0.860907
0.548759 0.854082
0.549121 0.823493
0.549531 0.813147
0.549927 0.873144
0.550710 0.790623
0.551706 0.918980
0.552351 0.831050
0.552662 0.799114
0.553028 0.780022
0.554896 0.830542
0.554976 0.852325
0.555014 0.792948
0.555299 0.859510
0.557152 0.833420
0.557786 0.783031
0.557830 0.798914
0.557890 0.847416
0.558413 0.869661
0.559007 0.792646
0.559910 0.849201
0.560106 0.788269
0.560299 0.819380
0.562791 0.806288
0.564362 0.833840
0.564392 0.811785
0.565307 0.852319
0.565933 0.809208
0.566856 0.836570
0.568486 0.829328
0.569681 0.848134
0.569919 0.851287
0.569958 0.883633
0.570923 0.785943
0.572178 0.827121
0.572978 0.890430
0.573032 0.813433
0.573208 0.824553
0.573867 0.849087
0.576068 0.922779
0.576191 0.949600
0.577118 0.843805
0.577985 0.832117
0.578744 0.878697
0.579524 0.800983
0.580419 0.855462
0.581332 0.806239
0.581775 0.812103
0.581909 0.841067
0.582651 0.797686
0.583152 0.795462
0.583246 0.923192
0.583882 0.812594
0.585087 0.868960
0.585161 0.813566
0.585653 0.831269
0.585674 0.797878
0.586196 0.887330
0.587356 0.838760
0.587384 0.798529
0.588608 0.887696
0.589194 0.803362
0.589730 0.887633
0.589944 0.938596
0.590073 0.806685
0.591420 0.833674
0.592839 0.872595
0.593135 0.798760
0.593452 0.905104
0.593697 0.835349
0.593893 0.821548
0.594623 0.812064
0.595808 0.897051
0.596095 0.810210
0.596566 0.836763
0.596820 0.809542
0.597019 0.841924
0.598808 0.804633
0.598918 0.817926
0.599579 0.864946
0.601322 0.821342
0.601401 0.855034
0.601420 0.829112
0.601557 0.822801
0.602348 0.828170
0.602422 0.827046
0.604020 0.821440
0.604520 0.835363
0.604990 0.825037
0.604995 0.879430
0.605244 0.817353
0.605616 0.851359
0.605754 0.862084
0.607044 0.820785
0.607875 0.873987
0.609248 0.902678
0.609605 0.871184
0.609963 0.831398
0.610585 0.834397
0.611670 0.823923
0.611821 0.879755
0.615223 0.861273
0.615334 0.896370
0.615512 0.904732
0.615553 0.820760
0.618474 0.834793
0.619495 0.810445
0.619551 0.863474
0.620191 0.918922
0.621117 0.887794
0.621189 0.850120
0.622998 0.881388
0.624084 0.816656
0.625004 0.859723
0.625417 0.833743
0.626280 0.836305
0.628764 0.851987
0.629368 0.874066
0.630347 0.887998
0.630862 0.899411
0.631235 0.831671
0.633007 0.828483
0.633490 0.890113
0.634837 0.876358
0.635212 0.910574
0.635303 0.834164
0.637377 0.934343
0.639931 0.944161
0.640070 0.878532
0.640240 0.867554
0.641854 0.832795
0.642001 0.934324
0.642613 0.832399
0.642745 0.827065
0.642806 0.865903
0.642825 0.825535
0.646524 0.859956
0.647039 0.831940
0.648233 0.870475
0.649125 0.917283
0.649755 0.863609
0.651729 0.844423
0.652148 0.855048
0.652556 0.912644
0.652818 0.867684
0.653470 0.901389
0.654606 0.846887
0.654938 0.874809
0.655103 0.884292
0.656340 0.900477
0.656972 0.898349
0.658139 0.884914
0.658537 0.856797
0.659037 0.851146
0.659067 0.898779
0.663530 0.860140
0.663780 0.838783
0.665725 0.836544
0.665938 0.879783
0.666974 0.890223
0.668653 0.842572
0.669464 0.928028
0.669643 0.894041
0.673311 0.852660
0.673579 0.843805
0.674558 0.898596
0.675110 0.926645
0.677084 0.892921
0.679070 0.862762
0.679794 0.904750
0.680424 0.892123
0.681885 0.888551
0.682177 0.850165
0.682414 0.901441
0.683542 0.916575
0.689556 0.859420
0.690154 0.874662
0.690966 0.856245
0.691316 0.858379
0.693059 0.859539
0.693687 0.877657
0.693933 0.893816
0.696531 0.869979
0.696684 0.859162
0.697459 0.903614
0.701227 0.866232
0.701438 0.852741
0.701658 0.848579
0.702488 0.858628
0.705066 0.915864
0.705468 0.866958
0.705960 0.864914
0.706085 0.900072
0.706758 0.872610
0.708792 0.855508
0.710730 0.892300
0.710773 0.855410
0.711522 0.868119
0.711834 0.892146
0.712518 0.911119
0.714363 0.939019
0.714368 0.900408
0.717559 0.867721
0.720476 0.867221
0.722766 0.861861
0.723147 0.873943
0.724397 0.878873
0.727154 0.924170
0.728244 0.897321
0.728953 0.904230
0.729669 0.890094
0.731498 0.885923
0.732548 0.943052
0.734307 0.903237
0.735928 0.913153
0.736275 0.863086
0.736442 0.874281
0.739854 0.882312
0.741911 0.875544
0.741929 0.933638
0.743157 0.891216
0.746041 0.907382
0.748691 0.890742
0.749644 0.918499
0.754064 0.912114
0.755779 0.893689
0.756526 0.917727
0.757344 0.933793
0.760724 0.894357
0.762604 0.906534
0.776946 0.907702
0.782500 0.886371
0.786180 0.930216
0.787578 0.895378
0.788499 0.906918
0.788722 0.925064
0.808346 0.905427
0.815947 0.909279
0.821292 0.934226
0.823000 0.913858
0.832748 0.942015
0.836071 0.973165
0.853058 0.945062
0.867883 0.922459
0.869669 0.926099
0.878717 0.942080
0.889755 0.928004
0.900726 0.970462
0.938915 0.965408
0.944724 0.984415
1.000000 1.000000
