0.000000 0.589675
0.001362 0.708439
0.039056 0.581509
0.047646 0.670776
0.054864 0.835232
0.056337 0.777422
0.059655 0.329510
0.061820 0.662971
0.063049 0.695295
0.071241 0.380932
0.071256 0.715502
0.076913 0.499243
0.078677 0.796166
0.082138 0.508332
0.082154 0.618657
0.089761 0.661425
0.092887 0.271366
0.097090 0.400150
0.097689 0.558551
0.099756 0.600445
0.100348 0.752784
0.101319 0.859632
0.104447 0.734957
0.104930 0.372077
0.105154 0.792733
0.105381 0.640991
0.110517 0.448191
0.111465 0.766882
0.112477 0.684598
0.112736 0.526334
0.115110 0.162121
0.116108 0.430295
0.117066 0.738344
0.117219 0.574588
0.127114 0.580942
0.130829 0.367284
0.131225 0.625790
0.132871 0.686046
0.134035 0.667409
0.135018 0.704420
0.137262 0.572460
0.137459 0.666841
0.141112 0.570449
0.141184 0.747340
0.143728 0.679602
0.147240 0.328596
0.149257 0.777255
0.150785 0.626284
0.151230 0.866049
0.155040 0.502042
0.156615 0.885761
0.158541 0.523979
0.159942 0.498683
0.160108 0.549168
0.162161 0.546328
0.163947 0.514713
0.164014 0.457049
0.166842 0.630064
0.168323 0.598772
0.169861 0.587212
0.169912 0.538003
0.172047 0.563508
0.173126 0.791016
0.175126 0.724174
0.175724 0.694202
0.178056 0.619480
0.181021 0.500325
0.182022 0.525067
0.184466 0.406360
0.186180 0.725445
0.187793 0.358382
0.191464 0.484874
0.191854 0.705064
0.192420 0.773536
0.193337 0.633970
0.194734 0.490648
0.201362 0.688865
0.201929 0.673908
0.202841 0.616402
0.203021 0.611814
0.203522 0.392768
0.205199 0.659330
0.206312 0.660360
0.207717 0.678986
0.212202 0.595799
0.213919 0.686608
0.215267 0.450674
0.215601 0.661330
0.217647 0.377886
0.218312 0.739087
0.219647 0.675979
0.221992 0.779516
0.222197 0.700891
0.223557 0.513629
0.223776 0.689946
0.224070 0.545375
0.224299 0.578314
0.224774 0.518097
0.229118 0.480216
0.231988 0.319401
0.232022 0.874634
0.233539 0.603436
0.235482 0.404245
0.237448 0.938359
0.239515 0.782948
0.240145 0.410116
0.241842 0.307136
0.246178 0.697031
0.246631 0.403800
0.247873 0.692958
0.248025 0.710013
0.248761 0.678102
0.250097 0.721432
0.251042 0.718288
0.251511 0.706048
0.252671 0.769563
0.254938 0.885892
0.254964 0.634633
0.255988 0.683187
0.257366 0.669727
0.257728 0.867336
0.260432 0.699295
0.261741 0.722404
0.262780 0.635006
0.267187 0.639648
0.269164 0.698322
0.270088 0.454014
0.271418 0.473400
0.272063 0.749999
0.272676 0.793490
0.273423 0.937206
0.278070 0.480750
0.278381 0.597097
0.278672 0.510942
0.279274 0.554259
0.281766 0.656223
0.283008 0.805078
0.284557 0.738249
0.284936 0.616885
0.285692 0.852199
0.290074 0.615362
0.290457 0.428896
0.290575 0.606834
0.294793 0.520490
0.297326 0.572321
0.297769 0.849970
0.299116 0.536987
0.300166 0.237465
0.304174 0.583882
0.304449 0.394345
0.305103 0.359371
0.305277 0.626387
0.305661 0.632605
0.307927 0.466104
0.308859 0.414601
0.309831 0.426928
0.312724 0.559077
0.315451 0.524434
0.316759 0.811173
0.317982 0.585966
0.318210 0.633991
0.319725 0.767294
0.322871 0.480153
0.323207 0.736816
0.323427 0.420024
0.324437 0.644709
0.325652 0.630289
0.326540 0.529014
0.329722 0.757521
0.330123 0.461956
0.330295 0.777376
0.330812 0.530304
0.331016 0.838799
0.333664 0.424365
0.334586 0.380061
0.334663 0.385820
0.339979 0.522969
0.341514 0.501355
0.342295 0.840450
0.342357 0.917559
0.342575 0.557455
0.344575 0.713405
0.345687 0.603599
0.346097 0.566984
0.346364 0.581219
0.347717 0.749887
0.349265 0.615868
0.350233 0.503185
0.350830 0.927780
0.351788 0.609149
0.353627 0.574925
0.355343 0.510045
0.356861 0.640364
0.361206 0.534217
0.362394 0.792061
0.362589 0.469433
0.363540 0.363623
0.363591 0.439043
0.364830 0.575402
0.364916 0.543175
0.365075 0.636519
0.365656 0.880812
0.367953 0.543004
0.369063 0.786832
0.370230 0.550721
0.371576 0.345031
0.373299 0.724577
0.374561 0.793910
0.377160 0.538729
0.379369 0.654498
0.380927 0.673452
0.380950 0.582005
0.381141 0.636283
0.381704 0.370415
0.383611 0.601318
0.385837 0.754587
0.386676 0.776402
0.389205 0.454560
0.392666 0.814467
0.393818 0.717215
0.395294 0.592492
0.395383 0.675207
0.396473 0.441876
0.396796 0.760722
0.399099 0.677522
0.402470 0.772109
0.403126 0.551332
0.403349 0.528771
0.408229 0.865164
0.408234 0.586176
0.408490 0.532980
0.409430 0.807352
0.412138 0.450497
0.414199 0.634553
0.415852 0.648302
0.415875 0.723880
0.416256 0.800899
0.416938 0.405941
0.417679 0.898700
0.418988 0.809828
0.419311 0.868027
0.419658 0.511249
0.422333 0.523983
0.423112 0.520896
0.425186 0.594711
0.426069 0.310771
0.426328 0.490177
0.427546 0.652883
0.428479 0.597583
0.429867 0.635546
0.431795 0.784920
0.433248 0.332092
0.436581 0.744160
0.439117 0.257549
0.439208 0.849107
0.442339 0.861445
0.442448 0.619253
0.444855 0.716692
0.446346 0.690235
0.448634 0.873636
0.450062 0.643870
0.451125 0.549263
0.456233 0.637379
0.456830 0.599787
0.457853 0.502706
0.457864 0.463480
0.459585 0.486095
0.462426 0.649490
0.465548 0.370221
0.465930 0.789779
0.466133 0.399877
0.466988 0.486570
0.470333 0.599882
0.471052 0.609421
0.472580 0.589505
0.473542 0.668349
0.473918 0.555566
0.476766 0.634967
0.477647 0.819309
0.477807 0.705657
0.479694 0.747420
0.482756 0.717960
0.483209 0.755014
0.483931 0.471714
0.485746 0.251187
0.486920 0.479785
0.489636 0.375834
0.494726 0.464724
0.497712 0.669360
0.499251 0.730076
0.501507 0.634113
0.503768 0.483817
0.505171 0.443714
0.506165 0.363219
0.508537 0.573610
0.514931 0.782788
0.516396 0.656773
0.516464 0.703650
0.517228 0.548068
0.517554 0.725695
0.519698 0.655122
0.522784 0.594336
0.523588 0.527959
0.524050 0.484013
0.525448 0.491472
0.527386 0.643055
0.529677 0.314616
0.530829 0.749230
0.534887 0.671032
0.535001 0.692243
0.537788 0.494736
0.542336 0.472638
0.543374 0.481194
0.543397 0.389802
0.543881 0.320814
0.543890 0.668072
0.547039 0.646748
0.553966 0.455313
0.554880 0.259360
0.554955 0.810400
0.559447 0.581148
0.563435 0.851651
0.565859 1.000000
0.574406 0.597162
0.575043 0.747907
0.577464 0.661122
0.581078 0.539718
0.583998 0.620648
0.588941 0.463198
0.594506 0.539708
0.595027 0.499525
0.597223 0.656239
0.599804 0.289607
0.601151 0.362669
0.604587 0.447993
0.604739 0.599884
0.605199 0.511562
0.607076 0.454964
0.616183 0.537787
0.619483 0.581782
0.620123 0.284496
0.621557 0.517097
0.625149 0.278957
0.627558 0.595658
0.628095 0.448800
0.631493 0.453214
0.648388 0.932473
0.653937 0.592949
0.654715 0.453157
0.658209 0.543054
0.665551 0.380718
0.666267 0.552476
0.669042 0.735756
0.674177 0.407246
0.676982 0.486278
0.691250 0.569665
0.691767 0.559140
0.700632 0.522768
0.701327 0.000000
0.716783 0.525169
0.717996 0.448848
0.721055 0.414494
0.724962 0.424333
0.732835 0.468500
0.733502 0.690091
0.737493 0.411613
0.737566 0.422283
0.743332 0.751822
0.745475 0.487295
0.778467 0.433150
0.782538 0.255004
0.790435 0.432621
0.797795 0.395752
0.803565 0.326876
0.807361 0.513438
0.813310 0.432457
0.820923 0.750086
0.852291 0.486175
0.854995 0.257294
0.858015 0.453286
0.886010 0.613092
0.892422 0.178669
0.939717 0.092259
0.945518 0.550748
0.960216 0.119321
1.000000 0.201013
