0.000000 0.321908
0.001010 0.316068
0.030537 0.052835
0.038907 0.319559
0.043035 0.244456
0.044208 0.141144
0.047060 0.620431
0.048203 0.000000
0.140107 0.562191
0.152369 0.524633
0.158824 0.556375
0.161007 0.402107
0.187372 0.504177
0.192641 0.412068
0.198232 0.449440
0.207292 0.282500
0.208397 0.416822
0.212007 0.492853
0.212836 0.396883
0.242498 0.074083
0.251240 0.260217
0.261419 0.451231
0.262173 0.283915
0.264983 0.155820
0.275597 0.302344
0.280760 0.348795
0.281530 0.455999
0.281948 0.488247
0.284538 0.406130
0.309515 0.510995
0.315277 0.544247
0.331861 0.314066
0.337284 0.581643
0.343953 0.542368
0.375941 0.482523
0.376820 0.571794
0.398390 0.448059
0.412981 0.402818
0.434290 0.255600
0.449219 0.774538
0.482502 0.397106
0.488999 0.815776
0.497817 0.500615
0.508281 0.594796
0.521193 0.410266
0.561195 0.580348
0.573006 0.698836
0.596385 0.623090
0.608311 0.473048
0.633320 0.489100
0.703178 0.740428
0.806002 0.656929
0.844925 0.729803
0.925449 1.000000
0.931034 0.702473
1.000000 0.858169
