0.000000 0.349916
0.000692 0.445307
0.008587 0.496863
0.013895 0.441771
0.037974 0.402451
0.038212 0.378562
0.038225 0.400957
0.038249 0.414014
0.042222 0.403373
0.042581 0.480051
0.042877 0.485954
0.043343 0.463891
0.044430 0.330140
0.046214 0.472579
0.046275 0.669120
0.047269 0.436689
0.054523 0.587282
0.056840 0.457081
0.057046 0.471245
0.059393 0.425349
0.059513 0.431765
0.061088 0.443233
0.064574 0.400224
0.067008 0.694783
0.068288 0.325646
0.069628 0.202463
0.071115 0.397374
0.072398 0.387369
0.073896 0.421978
0.074637 0.417023
0.075942 0.619470
0.080300 0.518871
0.080328 0.499976
0.081875 0.586463
0.083216 0.326498
0.083381 0.429711
0.087443 0.307338
0.088999 0.416596
0.092032 0.329373
0.094089 0.504644
0.094866 0.343166
0.096460 0.332515
0.098875 0.535196
0.099159 0.649258
0.099571 0.214168
0.100132 0.557549
0.100549 0.506964
0.101284 0.630159
0.104245 0.453853
0.104316 0.439323
0.104867 0.349567
0.105556 0.473887
0.105724 0.550170
0.106623 0.500948
0.107136 0.589631
0.107912 0.501370
0.108403 0.598635
0.108663 0.485677
0.112266 0.259074
0.112439 0.601309
0.112890 0.445351
0.114186 0.348828
0.117503 0.472459
0.119561 0.346998
0.120066 0.440286
0.120216 0.554333
0.121365 0.417890
0.122027 0.611936
0.124939 0.483770
0.125726 0.336661
0.127275 0.566168
0.130163 0.441772
0.130361 0.332359
0.130909 0.183366
0.132065 0.368977
0.133014 0.273336
0.133024 0.776184
0.133216 0.462243
0.133342 0.507444
0.133943 0.222264
0.134504 0.588758
0.137033 0.395890
0.137668 0.537729
0.140145 0.143727
0.141733 0.587634
0.142528 0.433310
0.142732 0.463259
0.143656 0.477401
0.144373 0.328340
0.145237 0.246784
0.146569 0.357204
0.147641 0.344703
0.147658 0.461628
0.147711 0.415951
0.148791 0.511986
0.150576 0.382842
0.152315 0.641845
0.153466 0.410526
0.153571 0.597827
0.153659 0.226106
0.154654 0.610141
0.154736 0.380197
0.155078 0.457209
0.155922 0.564322
0.156285 0.444823
0.156815 0.492848
0.158968 0.601456
0.160223 0.555706
0.160230 0.608361
0.161143 0.484285
0.163607 0.512053
0.165908 0.460048
0.168265 0.792198
0.169698 0.857344
0.170119 0.386402
0.170143 0.499269
0.170792 0.623627
0.171772 0.409749
0.173938 0.567677
0.174764 0.599048
0.175637 0.714411
0.177174 0.662369
0.177341 0.522065
0.178752 0.330370
0.179185 0.341129
0.179462 0.524469
0.179885 0.405686
0.181240 0.541475
0.181854 0.157557
0.182787 0.393886
0.183158 0.473117
0.184323 0.709381
0.184931 0.369848
0.185623 0.556803
0.186043 0.720400
0.187341 0.339791
0.187426 0.527394
0.188161 0.549623
0.188481 0.410661
0.188841 0.540441
0.191605 0.438169
0.192749 0.337288
0.193914 0.469134
0.195718 0.356486
0.198338 0.455657
0.199401 0.087794
0.199495 0.386904
0.199617 0.645811
0.200002 0.465632
0.201929 0.516941
0.202160 0.367782
0.202488 0.357767
0.202698 0.337502
0.203263 0.479247
0.203452 0.516298
0.204028 0.405644
0.204322 0.495513
0.204737 0.558243
0.205122 0.363633
0.205176 0.504116
0.205558 0.577285
0.205651 0.297971
0.205680 0.626165
0.206368 0.590082
0.208463 0.183179
0.209178 0.326479
0.209415 0.373185
0.209818 0.486255
0.212167 0.250874
0.212295 0.621171
0.213920 0.336020
0.214880 0.659564
0.215329 0.359300
0.217129 0.720793
0.218087 0.555932
0.219404 0.581601
0.219889 0.394047
0.220606 0.431322
0.221114 0.639006
0.221926 0.579437
0.223652 0.530611
0.226050 0.400870
0.226145 0.621605
0.226691 0.499214
0.229483 0.607727
0.230238 0.527428
0.231512 0.401199
0.232164 0.376422
0.232203 0.542564
0.235104 0.231009
0.235406 0.473934
0.238661 0.711603
0.239417 0.779967
0.239623 0.397017
0.239715 0.559734
0.240481 0.301355
0.242917 0.192830
0.245365 0.525662
0.246844 0.522409
0.247715 0.560258
0.248351 0.573735
0.249260 0.513050
0.250652 0.593128
0.251456 0.283612
0.251808 0.481397
0.251816 0.767047
0.252386 0.261127
0.252536 0.365656
0.252728 0.400718
0.253357 0.493180
0.253902 0.127346
0.254365 0.464127
0.254798 0.265599
0.256104 0.321871
0.256199 0.488698
0.256875 0.562851
0.257142 0.581495
0.258926 0.365097
0.260515 0.335962
0.260945 0.538620
0.260992 0.321525
0.262471 0.416319
0.263397 0.410117
0.263555 0.497229
0.263568 0.520426
0.263639 0.375313
0.263863 0.350006
0.264274 0.469077
0.265850 0.459120
0.267452 0.351696
0.267734 0.347979
0.267774 0.803708
0.268579 0.543522
0.269100 0.167551
0.269312 0.583529
0.271409 0.597682
0.271774 0.610587
0.272820 0.699114
0.273661 0.537137
0.275302 0.483878
0.278378 0.772362
0.279321 0.597109
0.280796 0.401440
0.281286 0.371808
0.282512 0.249618
0.283084 0.362959
0.284587 0.488511
0.287653 0.601344
0.287762 0.577720
0.288829 0.489195
0.288890 0.439079
0.289008 0.327299
0.289557 0.698823
0.289599 0.479616
0.291007 0.213534
0.291061 0.591312
0.291506 0.636076
0.292056 0.384314
0.292079 0.677027
0.293561 0.640342
0.293826 0.774494
0.294138 0.433571
0.294289 0.403752
0.294604 0.425191
0.294613 0.465467
0.295156 0.411965
0.297141 0.324908
0.298457 0.510728
0.298900 0.465541
0.301051 0.448313
0.301669 0.527264
0.302131 0.454310
0.303455 0.354803
0.303499 0.592153
0.303831 0.335733
0.303899 0.146324
0.305249 0.500891
0.305967 0.444641
0.306372 0.233373
0.306706 0.723017
0.306881 0.478525
0.308015 0.615576
0.308175 0.272059
0.309213 0.579434
0.309544 0.437480
0.310162 0.433067
0.311222 0.624542
0.311546 1.000000
0.311974 0.507499
0.312202 0.639087
0.313282 0.240051
0.313379 0.547055
0.313420 0.799206
0.313930 0.248177
0.315277 0.539139
0.315349 0.802594
0.315492 0.552116
0.315832 0.531503
0.317056 0.607479
0.317127 0.339655
0.317779 0.593317
0.317963 0.478996
0.318385 0.310376
0.319788 0.380515
0.320776 0.645279
0.321627 0.482355
0.321966 0.606212
0.322150 0.260699
0.325398 0.510839
0.328238 0.378432
0.328864 0.355536
0.330038 0.565081
0.330082 0.828584
0.331742 0.647631
0.332121 0.505943
0.332550 0.517660
0.332648 0.384447
0.335286 0.562523
0.335374 0.438806
0.338845 0.738397
0.338868 0.718574
0.339700 0.473596
0.340101 0.643116
0.340679 0.442902
0.341875 0.409514
0.342336 0.661900
0.343518 0.502848
0.344585 0.405445
0.344875 0.458237
0.346248 0.814457
0.348938 0.470898
0.350873 0.654252
0.351163 0.491911
0.353459 0.488693
0.353464 0.337840
0.354763 0.479323
0.355608 0.530388
0.356222 0.203758
0.357344 0.430337
0.359448 0.638523
0.359955 0.652476
0.359967 0.597879
0.362795 0.550126
0.365230 0.668093
0.367539 0.753720
0.371627 0.448103
0.373062 0.657629
0.374972 0.562475
0.376213 0.367867
0.376435 0.681576
0.376791 0.437780
0.377463 0.624976
0.378666 0.222905
0.383922 0.611355
0.384094 0.274102
0.384123 0.364448
0.386937 0.613609
0.388918 0.680772
0.393119 0.533426
0.394487 0.599008
0.394574 0.468075
0.395089 0.640049
0.395610 0.300631
0.396179 0.445916
0.396558 0.428113
0.399405 0.457867
0.402407 0.637821
0.403188 0.418066
0.405486 0.496637
0.405713 0.353016
0.405761 0.538587
0.405897 0.471879
0.406657 0.591151
0.407086 0.384390
0.408383 0.243587
0.409760 0.154300
0.409856 0.472555
0.409946 0.766245
0.410478 0.718510
0.411881 0.490137
0.413142 0.822953
0.413303 0.593310
0.414280 0.837648
0.415007 0.275626
0.417336 0.916117
0.417612 0.522013
0.418083 0.795497
0.419302 0.468801
0.420296 0.732671
0.420834 0.741165
0.421464 0.630116
0.422980 0.546741
0.423637 0.424813
0.426063 0.562974
0.426076 0.240427
0.429115 0.529433
0.429245 0.405613
0.429334 0.185513
0.430207 0.584446
0.431210 0.500906
0.433037 0.862068
0.433214 0.376434
0.433498 0.725771
0.433736 0.305650
0.434296 0.682243
0.434410 0.637806
0.436891 0.626922
0.437134 0.603542
0.437574 0.874714
0.440502 0.774260
0.441471 0.430275
0.444080 0.723150
0.452094 0.543439
0.453302 0.595516
0.454939 0.820634
0.455981 0.665163
0.456930 0.838949
0.458421 0.777471
0.461765 0.561184
0.462163 0.513323
0.463368 0.856610
0.466270 0.277535
0.467665 0.496683
0.468270 0.675223
0.468922 0.710303
0.469029 0.447838
0.469248 0.413675
0.469602 0.460367
0.469674 0.521109
0.470420 0.359156
0.471042 0.515582
0.474660 0.292495
0.475760 0.486721
0.477072 0.555527
0.477879 0.564957
0.478438 0.343116
0.480173 0.527673
0.482122 0.472295
0.482153 0.511347
0.482679 0.518112
0.483031 0.483317
0.483394 0.466263
0.488724 0.295762
0.489623 0.418858
0.489824 0.374963
0.490489 0.531816
0.491402 0.000000
0.492976 0.339840
0.494285 0.608119
0.494404 0.692564
0.494419 0.358063
0.494884 0.600173
0.498963 0.488058
0.499500 0.783050
0.504485 0.485663
0.508160 0.713676
0.508760 0.376249
0.510571 0.568129
0.510808 0.264799
0.511297 0.479335
0.511800 0.695793
0.512621 0.614280
0.515271 0.355164
0.516576 0.490903
0.522180 0.607439
0.523107 0.660906
0.523630 0.605327
0.523665 0.517664
0.525478 0.326515
0.526268 0.271647
0.528915 0.233822
0.529762 0.643423
0.533208 0.278023
0.536565 0.525581
0.536630 0.392165
0.540327 0.311889
0.541306 0.675328
0.545317 0.209558
0.547531 0.480249
0.547990 0.442948
0.549476 0.493997
0.552166 0.272199
0.553008 0.343493
0.556045 0.479023
0.563006 0.664146
0.563935 0.317532
0.567018 0.608369
0.567921 0.744766
0.570322 0.926314
0.573912 0.584539
0.586295 0.442825
0.588997 0.636792
0.589901 0.459569
0.590759 0.430927
0.593276 0.455742
0.598868 0.380359
0.599290 0.638057
0.602022 0.627225
0.603761 0.413944
0.611816 0.544156
0.626633 0.483472
0.629243 0.701565
0.630472 0.282057
0.647067 0.651108
0.656841 0.620235
0.658080 0.888451
0.661900 0.519191
0.667420 0.596899
0.671338 0.619981
0.672033 0.644996
0.680120 0.628138
0.686389 0.315817
0.694033 0.649109
0.705004 0.333552
0.752428 0.262007
0.756156 0.712479
0.769402 0.469360
0.779199 0.543138
0.788157 0.561533
0.788389 0.569240
0.821126 0.445633
0.824674 0.763181
1.000000 0.370610
