0.000000 1.000000
0.000975 0.978667
0.003245 0.961568
0.005989 0.927083
0.006590 0.928660
0.007600 0.883114
0.008706 0.889617
0.011431 0.842064
0.014565 0.819889
0.015995 0.810971
0.018567 0.814239
0.018634 0.779963
0.020916 0.739169
0.023067 0.755373
0.023891 0.708745
0.024707 0.707709
0.025328 0.725958
0.026897 0.687594
0.028914 0.713800
0.029205 0.717659
0.032754 0.644925
0.035562 0.649113
0.041336 0.641543
0.045477 0.603262
0.047234 0.561802
0.053427 0.509383
0.054996 0.512185
0.057621 0.525849
0.060375 0.529027
0.066911 0.528850
0.068272 0.448109
0.068937 0.480663
0.069282 0.502615
0.071543 0.470750
0.072248 0.446553
0.074089 0.489477
0.082385 0.424526
0.083860 0.411458
0.087103 0.398215
0.087386 0.418021
0.095213 0.370092
0.096148 0.371240
0.096399 0.403531
0.099851 0.389937
0.100375 0.373651
0.103187 0.365599
0.105528 0.350455
0.109050 0.398896
0.111139 0.364356
0.111369 0.370867
0.113395 0.334991
0.116042 0.338223
0.117206 0.328216
0.123108 0.331984
0.125419 0.336139
0.127334 0.337757
0.128366 0.297970
0.129378 0.303242
0.132251 0.303721
0.132882 0.298038
0.138100 0.312511
0.139204 0.283840
0.139739 0.324025
0.140473 0.307408
0.143904 0.302288
0.145269 0.275836
0.147968 0.289194
0.148366 0.266677
0.152463 0.281379
0.156297 0.289734
0.160531 0.274881
0.161847 0.349816
0.161920 0.254844
0.164203 0.291092
0.167477 0.290034
0.168054 0.257784
0.169423 0.251614
0.170279 0.269639
0.174399 0.243920
0.176562 0.239101
0.178487 0.252171
0.178929 0.258374
0.179918 0.271039
0.188828 0.220105
0.188883 0.280700
0.193339 0.219817
0.193957 0.231008
0.197576 0.250317
0.197906 0.231497
0.203389 0.207643
0.204610 0.213143
0.205499 0.224714
0.206978 0.233577
0.207456 0.205891
0.208927 0.263459
0.210425 0.201478
0.210971 0.267182
0.211148 0.194226
0.212436 0.188570
0.217363 0.233828
0.220194 0.182879
0.220815 0.209226
0.230374 0.212038
0.230494 0.177931
0.231465 0.230514
0.232243 0.224481
0.233924 0.242296
0.234699 0.194497
0.237955 0.172160
0.241059 0.154498
0.244873 0.185574
0.244928 0.192497
0.246341 0.232677
0.249993 0.189930
0.251998 0.178425
0.253447 0.217512
0.254389 0.160445
0.254817 0.177669
0.256000 0.192652
0.256442 0.156735
0.258224 0.213783
0.258383 0.174317
0.258415 0.175095
0.263766 0.195278
0.266640 0.201903
0.268452 0.194144
0.269835 0.150684
0.273159 0.200240
0.275225 0.138256
0.276617 0.171932
0.277420 0.146219
0.278768 0.137473
0.283527 0.155126
0.283721 0.162838
0.293271 0.148628
0.308355 0.155008
0.309975 0.139002
0.312876 0.134240
0.313159 0.127662
0.317214 0.132907
0.319588 0.125160
0.323484 0.179243
0.326289 0.134022
0.326881 0.104084
0.327208 0.166419
0.331678 0.161409
0.336737 0.161278
0.338125 0.161597
0.339960 0.114630
0.341975 0.137484
0.345507 0.158331
0.346684 0.143272
0.355976 0.121409
0.356641 0.129840
0.357286 0.106317
0.358388 0.119717
0.366115 0.113058
0.366589 0.129079
0.367135 0.147270
0.370270 0.119060
0.375068 0.149399
0.375515 0.115437
0.379153 0.110014
0.380746 0.102802
0.381462 0.097862
0.382926 0.169889
0.383005 0.112266
0.389818 0.091505
0.392380 0.112229
0.393186 0.108377
0.394864 0.087065
0.395903 0.119632
0.396900 0.088110
0.398119 0.132881
0.399841 0.094794
0.400738 0.098425
0.402605 0.087406
0.405632 0.102434
0.406008 0.121325
0.408559 0.110631
0.413468 0.095713
0.414110 0.110909
0.415806 0.101788
0.417229 0.124262
0.420678 0.148472
0.425530 0.091973
0.425572 0.089634
0.427177 0.094193
0.428271 0.104658
0.429119 0.093754
0.431279 0.077492
0.437404 0.135358
0.438743 0.081913
0.439373 0.097920
0.442547 0.096860
0.443436 0.092850
0.445348 0.090725
0.445517 0.101472
0.448934 0.151598
0.450042 0.113477
0.453093 0.105196
0.454102 0.074002
0.456697 0.115089
0.458716 0.118885
0.460348 0.099719
0.461097 0.118112
0.465063 0.115487
0.467163 0.129886
0.468984 0.069754
0.470806 0.128808
0.471361 0.072647
0.472276 0.069614
0.473061 0.148323
0.484826 0.086453
0.487493 0.092640
0.488343 0.086170
0.488505 0.090017
0.489292 0.117976
0.489362 0.077096
0.491549 0.081774
0.492199 0.075647
0.493031 0.067732
0.493127 0.071268
0.501062 0.114007
0.501802 0.089033
0.507858 0.102272
0.512154 0.075253
0.513938 0.082836
0.515155 0.079768
0.517329 0.091267
0.519520 0.081404
0.519896 0.084494
0.520151 0.053803
0.521270 0.143988
0.523931 0.069647
0.524267 0.095376
0.524703 0.107508
0.528647 0.094194
0.529465 0.097028
0.529563 0.057169
0.530581 0.058993
0.530675 0.057586
0.544086 0.107361
0.545194 0.048533
0.548343 0.052746
0.548364 0.061762
0.552043 0.056045
0.554092 0.075172
0.554669 0.045741
0.556030 0.062299
0.556984 0.072900
0.558818 0.060817
0.558874 0.069886
0.560593 0.064015
0.561401 0.075492
0.562480 0.068927
0.562725 0.058385
0.564279 0.073042
0.567678 0.058533
0.571061 0.077434
0.572854 0.102921
0.575380 0.072988
0.576250 0.052515
0.576431 0.063820
0.577723 0.058403
0.578818 0.071471
0.582595 0.078485
0.583157 0.064875
0.583261 0.079516
0.586018 0.110154
0.589190 0.061633
0.590561 0.078403
0.590886 0.051309
0.591259 0.054182
0.591658 0.105316
0.598444 0.037935
0.607835 0.075481
0.608089 0.048189
0.609795 0.097821
0.610644 0.056002
0.610651 0.089080
0.612685 0.078966
0.613278 0.056188
0.613658 0.073463
0.614625 0.059213
0.614973 0.071478
0.615560 0.080670
0.616065 0.081019
0.617145 0.034659
0.620659 0.046238
0.621910 0.093543
0.621926 0.070916
0.622173 0.059381
0.625757 0.062789
0.627472 0.071681
0.629005 0.072605
0.629531 0.103116
0.629733 0.099396
0.632945 0.083377
0.634310 0.049460
0.635987 0.039954
0.638919 0.063703
0.639592 0.089401
0.640760 0.080118
0.643112 0.086529
0.644433 0.076487
0.646670 0.057365
0.647100 0.050756
0.650958 0.034720
0.659606 0.062216
0.660301 0.036660
0.662241 0.112747
0.662444 0.070919
0.662960 0.057363
0.663874 0.048713
0.668348 0.069078
0.668842 0.056539
0.672908 0.075450
0.675421 0.031885
0.677660 0.071349
0.678616 0.093657
0.686026 0.045220
0.686058 0.047260
0.686884 0.049654
0.688661 0.042350
0.689896 0.054138
0.691069 0.058184
0.691142 0.030952
0.692511 0.061607
0.693466 0.061259
0.693571 0.034436
0.696226 0.051769
0.696372 0.048607
0.697029 0.050109
0.707415 0.072671
0.708149 0.112981
0.709579 0.020580
0.712592 0.054953
0.712803 0.058091
0.715931 0.088345
0.717225 0.047565
0.724794 0.055242
0.725537 0.048791
0.728409 0.051165
0.730084 0.069984
0.732957 0.057890
0.733817 0.050796
0.735306 0.097276
0.735577 0.036564
0.741693 0.018289
0.743652 0.060270
0.744975 0.119530
0.747216 0.025884
0.751156 0.071424
0.755492 0.058611
0.756194 0.016616
0.757606 0.092598
0.760510 0.055726
0.765949 0.085961
0.766132 0.036866
0.768248 0.106099
0.769276 0.022616
0.770836 0.031713
0.775169 0.074139
0.776904 0.029041
0.778588 0.043613
0.778713 0.058745
0.782737 0.093287
0.785542 0.052642
0.786132 0.048770
0.786200 0.088417
0.787319 0.030607
0.789439 0.054084
0.790617 0.030860
0.792797 0.044077
0.795042 0.024149
0.796178 0.035373
0.798062 0.034113
0.800520 0.029032
0.801961 0.059678
0.802333 0.050855
0.803268 0.051560
0.804520 0.030790
0.804801 0.025561
0.807904 0.024452
0.809231 0.062501
0.810687 0.054234
0.813079 0.032994
0.815193 0.073671
0.817154 0.063280
0.817939 0.055308
0.819939 0.049462
0.819997 0.017685
0.830220 0.093869
0.843929 0.034515
0.849398 0.054551
0.853711 0.057322
0.855071 0.047355
0.855306 0.024232
0.859534 0.043850
0.863655 0.059987
0.866169 0.027087
0.867856 0.020933
0.869868 0.043258
0.872927 0.042138
0.875753 0.029840
0.878583 0.025994
0.880324 0.052909
0.883422 0.050443
0.883785 0.044309
0.884568 0.063872
0.884632 0.048192
0.885658 0.016229
0.887446 0.063597
0.888030 0.043518
0.888050 0.071717
0.888253 0.013899
0.888952 0.056529
0.889428 0.030526
0.894316 0.037351
0.895388 0.028397
0.897614 0.020738
0.898610 0.026769
0.899280 0.038158
0.899500 0.056116
0.900270 0.024563
0.903213 0.045213
0.912008 0.041498
0.916325 0.022607
0.916386 0.022521
0.919378 0.032991
0.920642 0.054320
0.925263 0.053647
0.925800 0.010826
0.930621 0.031266
0.931137 0.017583
0.935039 0.062244
0.939825 0.085641
0.943154 0.067201
0.943180 0.026278
0.943341 0.022584
0.943571 0.000000
0.944233 0.034565
0.944903 0.059240
0.946821 0.003968
0.947165 0.081586
0.948261 0.015053
0.950986 0.055322
0.956438 0.021473
0.956992 0.029639
0.958489 0.017002
0.958519 0.028832
0.959356 0.032393
0.960570 0.034012
0.963483 0.031544
0.966828 0.010450
0.968805 0.028785
0.972534 0.088280
0.975762 0.038413
0.977016 0.036467
0.980650 0.066674
0.981216 0.031992
0.982631 0.043922
0.985939 0.035010
0.992535 0.017665
0.992930 0.043433
0.994269 0.049662
0.994513 0.011739
0.996181 0.046460
0.997187 0.010724
0.998780 0.025187
0.999871 0.032144
1.000000 0.066138
