0.000000 0.003904
0.008567 0.011238
0.010859 0.006771
0.015362 0.001964
0.016545 0.004616
0.016963 0.007346
0.017219 0.013592
0.017745 0.005775
0.021946 0.004664
0.025678 0.011466
0.029429 0.006337
0.029871 0.002656
0.031312 0.005911
0.031484 0.008613
0.036144 0.011579
0.036861 0.006972
0.038313 0.005414
0.038341 0.006049
0.047726 0.006761
0.047820 0.008285
0.048538 0.000000
0.054151 0.016824
0.056586 0.014893
0.056843 0.014494
0.056973 0.025233
0.063101 0.019730
0.065463 0.013916
0.066310 0.021109
0.068421 0.000262
0.070679 0.018431
0.078401 0.008077
0.081382 0.004812
0.087156 0.024498
0.089211 0.019105
0.090322 0.009147
0.090944 0.015005
0.090958 0.022420
0.093445 0.018147
0.097175 0.016480
0.100448 0.005655
0.107065 0.009537
0.108034 0.013480
0.111358 0.021368
0.113817 0.018988
0.114629 0.004896
0.115921 0.007612
0.120858 0.017099
0.122604 0.010305
0.122928 0.009041
0.123384 0.012184
0.123775 0.011166
0.125843 0.022294
0.130415 0.023446
0.131906 0.008292
0.134215 0.006748
0.136615 0.016104
0.136661 0.015874
0.138975 0.017695
0.139075 0.018128
0.140144 0.026757
0.143629 0.013772
0.144825 0.020721
0.146104 0.018019
0.148573 0.020542
0.152360 0.009400
0.161115 0.032041
0.161510 0.030631
0.162539 0.001379
0.162658 0.028005
0.163751 0.024346
0.166566 0.011062
0.167106 0.014971
0.167147 0.020594
0.168683 0.019616
0.169758 0.014341
0.172939 0.021237
0.174705 0.011593
0.178912 0.029022
0.181877 0.030411
0.185941 0.030078
0.186660 0.008729
0.188018 0.026725
0.189688 0.026756
0.190600 0.021988
0.194121 0.028209
0.201728 0.024506
0.208019 0.020681
0.209860 0.035348
0.215090 0.023759
0.216866 0.018773
0.221824 0.013627
0.223055 0.034733
0.231064 0.053338
0.236792 0.029155
0.239492 0.016735
0.246644 0.034589
0.250020 0.028754
0.252939 0.036080
0.253338 0.043751
0.253439 0.044904
0.254181 0.029562
0.255045 0.032562
0.255455 0.031222
0.255461 0.031616
0.257774 0.015467
0.257928 0.034412
0.262157 0.037788
0.263463 0.038505
0.264712 0.024342
0.264771 0.041105
0.267258 0.052796
0.269532 0.022569
0.272508 0.028572
0.272682 0.043369
0.275179 0.012888
0.280775 0.031812
0.281561 0.066171
0.288211 0.045909
0.288586 0.060652
0.288806 0.035604
0.291348 0.061647
0.293941 0.022956
0.297350 0.039949
0.297617 0.068463
0.304696 0.051648
0.306828 0.022092
0.310864 0.049488
0.316575 0.066224
0.317356 0.066193
0.320042 0.025869
0.322258 0.057932
0.324438 0.041699
0.329646 0.022928
0.336989 0.032786
0.337781 0.081210
0.340701 0.047265
0.355587 0.030083
0.356277 0.046861
0.364382 0.060964
0.368513 0.078365
0.368997 0.047271
0.369660 0.042748
0.370284 0.048888
0.371069 0.035242
0.376714 0.044211
0.377980 0.065572
0.378718 0.055387
0.381858 0.075317
0.383739 0.070471
0.391024 0.100239
0.391595 0.046667
0.393826 0.049166
0.395142 0.079261
0.399137 0.068940
0.399500 0.057504
0.400193 0.053160
0.402859 0.044372
0.402971 0.075879
0.403787 0.078259
0.404685 0.051455
0.404960 0.041599
0.405209 0.071980
0.407860 0.056265
0.410843 0.081648
0.412176 0.057345
0.419844 0.062453
0.426353 0.049666
0.426453 0.058100
0.442085 0.064631
0.444134 0.075088
0.445560 0.117991
0.449962 0.066821
0.451588 0.084066
0.455618 0.043785
0.455823 0.072533
0.459509 0.060815
0.465206 0.061299
0.466604 0.065881
0.466635 0.098762
0.467235 0.103966
0.469551 0.114185
0.471052 0.072142
0.473978 0.116350
0.478374 0.103200
0.478975 0.100215
0.479360 0.112255
0.482414 0.105979
0.482749 0.137635
0.482937 0.072788
0.487432 0.087738
0.492870 0.084903
0.493537 0.130207
0.495124 0.122540
0.495664 0.095737
0.496360 0.132184
0.501619 0.121281
0.501825 0.098537
0.507240 0.066657
0.513011 0.097376
0.516263 0.075410
0.516690 0.085120
0.519839 0.161523
0.522678 0.086140
0.524024 0.115274
0.524662 0.118945
0.527051 0.101736
0.527628 0.100134
0.528537 0.093565
0.529519 0.136383
0.530797 0.068259
0.533596 0.109432
0.534043 0.142134
0.534400 0.076012
0.542789 0.108888
0.551169 0.124240
0.552954 0.120299
0.554929 0.117753
0.555080 0.105655
0.558810 0.099668
0.561320 0.143560
0.561904 0.062603
0.562597 0.068347
0.563414 0.131662
0.564591 0.104841
0.565940 0.133046
0.571175 0.091798
0.571311 0.169373
0.571994 0.105115
0.576061 0.120967
0.577198 0.109403
0.577231 0.139122
0.581868 0.132525
0.581985 0.142255
0.582217 0.165546
0.583746 0.106225
0.584691 0.172265
0.586398 0.164142
0.587528 0.149945
0.587609 0.124290
0.590214 0.160160
0.602759 0.162217
0.604862 0.182808
0.605728 0.217047
0.606818 0.142809
0.607899 0.174182
0.612119 0.163827
0.617377 0.217878
0.620021 0.138408
0.621194 0.175063
0.626589 0.212715
0.627177 0.157389
0.629789 0.187975
0.629928 0.238852
0.630887 0.133533
0.631235 0.203806
0.634027 0.187629
0.634451 0.179646
0.635354 0.147247
0.635681 0.109831
0.636688 0.226349
0.645279 0.186312
0.645367 0.211447
0.648237 0.230559
0.649068 0.236666
0.650735 0.226850
0.654945 0.227526
0.660185 0.144298
0.661410 0.153339
0.664695 0.272407
0.664702 0.152491
0.664779 0.251755
0.666100 0.233295
0.668247 0.288279
0.668577 0.245252
0.669355 0.136424
0.669414 0.184269
0.674568 0.247575
0.675141 0.248255
0.676664 0.275854
0.679938 0.260766
0.685663 0.214820
0.686517 0.233933
0.687049 0.245004
0.687250 0.203001
0.692062 0.303372
0.692744 0.269322
0.693468 0.232930
0.696141 0.182227
0.696188 0.229013
0.697638 0.222459
0.700755 0.223001
0.701967 0.295832
0.703319 0.234298
0.704637 0.303591
0.707912 0.231071
0.716015 0.283677
0.719695 0.264810
0.720496 0.232621
0.724684 0.220235
0.725941 0.269702
0.726130 0.267655
0.726973 0.319053
0.731513 0.323320
0.732215 0.370427
0.733707 0.278758
0.737202 0.276557
0.737722 0.281598
0.738771 0.302700
0.744333 0.370982
0.748359 0.344958
0.750670 0.254849
0.753013 0.258540
0.756889 0.212061
0.756942 0.362642
0.763986 0.414371
0.764952 0.359668
0.767765 0.399701
0.771127 0.426757
0.774041 0.320726
0.776505 0.369620
0.777274 0.363212
0.777436 0.365939
0.777837 0.410529
0.780869 0.341853
0.782636 0.426019
0.782774 0.432940
0.786788 0.363814
0.787814 0.440569
0.787826 0.382914
0.789183 0.343034
0.792402 0.349799
0.793125 0.377397
0.793391 0.379448
0.795364 0.397352
0.796948 0.371871
0.800059 0.383387
0.800121 0.325289
0.800436 0.443307
0.800703 0.385256
0.802584 0.424668
0.805140 0.489219
0.807455 0.467689
0.810805 0.488279
0.816640 0.439740
0.818767 0.464510
0.819103 0.485444
0.822028 0.370983
0.828969 0.465653
0.829846 0.525916
0.830049 0.446665
0.830746 0.384754
0.831917 0.466390
0.832794 0.370976
0.836383 0.500631
0.837154 0.523522
0.841832 0.452529
0.843999 0.507526
0.849512 0.520590
0.849810 0.337405
0.850745 0.526586
0.856294 0.570098
0.856421 0.510618
0.857318 0.578821
0.858694 0.538247
0.861903 0.567993
0.864270 0.590474
0.864762 0.541390
0.866771 0.593592
0.867159 0.558722
0.867833 0.466612
0.869126 0.551038
0.870478 0.553400
0.871310 0.502703
0.875203 0.638848
0.876463 0.573807
0.877032 0.560237
0.882425 0.503115
0.900616 0.618080
0.900771 0.594539
0.904328 0.711454
0.907750 0.598123
0.908241 0.626982
0.909643 0.603325
0.910042 0.594409
0.910224 0.618743
0.915607 0.698568
0.916535 0.574800
0.921320 0.695593
0.922145 0.698931
0.926610 0.780603
0.931537 0.780471
0.932332 0.709507
0.934151 0.697279
0.936455 0.745644
0.936902 0.713971
0.937376 0.751069
0.938452 0.733073
0.940284 0.753773
0.948823 0.743322
0.949869 0.814486
0.952713 0.813634
0.956958 0.782351
0.959790 0.853928
0.960317 0.815832
0.962046 0.839906
0.971821 0.914371
0.973356 0.864855
0.973903 0.888750
0.975831 0.851326
0.976495 0.820079
0.978675 0.902741
0.980362 0.840083
0.981820 0.855873
0.983869 0.889378
0.990506 0.983825
0.992875 0.956506
0.996979 0.999849
0.997427 1.000000
1.000000 0.957022
