0.000000 0.970618
0.003287 0.950743
0.003594 0.951405
0.005010 1.000000
0.005423 0.958557
0.008192 0.976404
0.008357 0.985115
0.009022 0.957653
0.009608 0.994195
0.012951 0.958187
0.013498 0.963493
0.013589 0.964137
0.014270 0.978846
0.014319 0.996394
0.020158 0.931324
0.027724 0.955211
0.028362 0.982375
0.030222 0.979234
0.030429 0.986961
0.031168 0.938675
0.033373 0.994765
0.033374 0.992539
0.033500 0.947359
0.034176 0.963662
0.034292 0.925624
0.036487 0.946637
0.038551 0.974034
0.044323 0.961319
0.046439 0.973681
0.046662 0.990943
0.047609 0.955000
0.050928 0.969574
0.051575 0.952314
0.052191 0.980023
0.053288 0.967217
0.055911 0.973588
0.056672 0.971433
0.058554 0.947536
0.060915 0.983428
0.062554 0.960053
0.063603 0.986549
0.065202 0.934186
0.065875 0.970125
0.066364 0.959273
0.068800 0.959376
0.070448 0.944966
0.072899 0.954351
0.072969 0.939166
0.073113 0.935834
0.076399 0.947388
0.078020 0.969927
0.078212 0.926299
0.080101 0.998618
0.080231 0.972606
0.080948 0.978558
0.083146 0.981253
0.084562 0.956197
0.087265 0.971740
0.087396 0.980544
0.087938 0.957014
0.091025 0.946922
0.091316 0.981459
0.092745 0.979119
0.094301 0.947064
0.096525 0.993565
0.099121 0.976325
0.099142 0.934393
0.100186 0.956793
0.102530 0.980622
0.103570 0.930196
0.105786 0.922958
0.107486 0.916143
0.109691 0.962729
0.110378 0.970239
0.110901 0.907160
0.113247 0.936412
0.114316 0.968054
0.115088 0.961973
0.118514 0.940891
0.120293 0.958598
0.121583 0.933368
0.123549 0.960922
0.124675 0.941421
0.126612 0.950493
0.127413 0.967612
0.129698 0.917089
0.130621 0.961005
0.131425 0.959219
0.131835 0.984805
0.131951 0.929561
0.132014 0.913655
0.132375 0.969116
0.132843 0.931256
0.133350 0.985705
0.134154 0.922962
0.134411 0.973953
0.134580 0.925638
0.134936 0.931259
0.136329 0.913099
0.137554 0.975321
0.139075 0.894348
0.139077 0.936422
0.143470 0.983605
0.145597 0.988148
0.148525 0.971558
0.148798 0.984846
0.150981 0.946163
0.155657 0.979174
0.156504 0.954121
0.158136 0.961194
0.159570 0.947816
0.162681 0.919575
0.166477 0.934643
0.166564 0.963668
0.168550 0.939264
0.169183 0.977714
0.170672 0.894176
0.171366 0.960439
0.172154 0.936984
0.172566 0.906997
0.173664 0.876125
0.174407 0.934848
0.174410 0.946181
0.174858 0.942434
0.175531 0.959833
0.176275 0.966303
0.176648 0.963619
0.177627 0.906317
0.177939 0.973773
0.179368 0.977052
0.179431 0.957772
0.179522 0.884997
0.180546 0.893880
0.180664 0.950522
0.181394 0.941184
0.181927 0.944675
0.182000 0.946195
0.182363 0.940977
0.182438 0.980080
0.184181 0.943466
0.185666 0.955479
0.186471 0.947636
0.186721 0.944674
0.187383 0.901321
0.190134 0.951430
0.190445 0.937842
0.190562 0.942081
0.194014 0.903724
0.195764 0.924070
0.197464 0.938066
0.198385 0.950889
0.199714 0.959616
0.200039 0.883257
0.201089 0.966631
0.203271 0.971085
0.204582 0.932278
0.204652 0.924274
0.208268 0.896699
0.208768 0.930732
0.212229 0.921539
0.212897 0.891196
0.213976 0.915429
0.216422 0.889595
0.218057 0.929373
0.218190 0.917373
0.220691 0.941821
0.224814 0.908992
0.226626 0.958591
0.232162 0.911591
0.232943 0.944960
0.232978 0.928775
0.233280 0.934688
0.233287 0.945592
0.235925 0.981932
0.237258 0.961286
0.237836 0.971734
0.245877 0.910356
0.247121 0.894780
0.248643 0.950417
0.248814 0.897757
0.248977 0.946647
0.251891 0.906540
0.252818 0.927293
0.259241 0.905803
0.263672 0.946217
0.264837 0.936192
0.265645 0.950062
0.267204 0.898936
0.268412 0.961365
0.269922 0.918855
0.270110 0.918911
0.270498 0.954846
0.276723 0.883181
0.281123 0.931777
0.282962 0.898114
0.285383 0.916328
0.286884 0.930869
0.287498 0.947275
0.288037 0.895829
0.288121 0.881301
0.289568 0.866385
0.290121 0.930898
0.290469 0.956683
0.291366 0.929600
0.291826 0.889459
0.293172 0.874181
0.293538 0.894307
0.297932 0.876643
0.298292 0.931437
0.299846 0.953278
0.302009 0.944809
0.302205 0.946857
0.302888 0.916790
0.305028 0.972593
0.307325 0.898247
0.308016 0.919116
0.309611 0.938923
0.311784 0.927493
0.315113 0.911150
0.316425 0.914341
0.317572 0.946986
0.320104 0.885786
0.322073 0.921648
0.325689 0.879280
0.331375 0.885224
0.331772 0.888888
0.331839 0.893602
0.331975 0.907442
0.333108 0.943438
0.334021 0.900448
0.335326 0.856972
0.336586 0.847741
0.339238 0.902298
0.340373 0.892753
0.341044 0.908435
0.341204 0.870894
0.342753 0.813814
0.343538 0.947902
0.343866 0.855099
0.345868 0.878598
0.347651 0.836398
0.348089 0.931645
0.348116 0.916788
0.350319 0.933116
0.350368 0.888289
0.351341 0.911751
0.353301 0.823653
0.359663 0.863598
0.360042 0.850199
0.361175 0.894337
0.364897 0.896047
0.367332 0.856363
0.368164 0.901115
0.368211 0.890349
0.369135 0.901063
0.370748 0.904902
0.374959 0.837191
0.377127 0.917408
0.377647 0.885372
0.380074 0.879952
0.380134 0.910031
0.380830 0.906188
0.381288 0.902354
0.381637 0.880533
0.381923 0.874217
0.383125 0.920746
0.384525 0.938168
0.387295 0.875882
0.389057 0.925659
0.389586 0.911943
0.391319 0.865357
0.392895 0.846659
0.393333 0.901136
0.394786 0.848578
0.399236 0.890350
0.402485 0.829697
0.403434 0.895098
0.403773 0.894228
0.404388 0.898163
0.405685 0.866428
0.406014 0.862888
0.407195 0.882772
0.408247 0.798640
0.411856 0.902137
0.412258 0.870767
0.412851 0.888635
0.413248 0.813392
0.414209 0.857123
0.414345 0.903203
0.416472 0.856523
0.416663 0.877179
0.419708 0.897253
0.423677 0.826001
0.424353 0.837241
0.425027 0.894993
0.427367 0.847482
0.427381 0.817970
0.428401 0.880896
0.436637 0.836198
0.438118 0.855937
0.439277 0.887635
0.439451 0.828145
0.439998 0.870416
0.441427 0.882269
0.441670 0.838994
0.442643 0.865608
0.444127 0.854259
0.444346 0.808173
0.451661 0.805277
0.452841 0.783017
0.454363 0.830882
0.455039 0.832202
0.455502 0.932076
0.457169 0.849881
0.457987 0.914369
0.460578 0.901587
0.462418 0.872494
0.463042 0.881317
0.463441 0.846758
0.464271 0.823415
0.467796 0.840401
0.468626 0.766904
0.468707 0.865076
0.471027 0.834905
0.476182 0.886169
0.477183 0.821993
0.481315 0.799516
0.483762 0.881296
0.484444 0.767829
0.486268 0.802632
0.488664 0.795448
0.491269 0.862960
0.493295 0.796782
0.495113 0.819610
0.502023 0.776826
0.503159 0.793321
0.503652 0.841998
0.503825 0.860708
0.504365 0.834015
0.504717 0.830760
0.507421 0.867347
0.509558 0.797982
0.514572 0.829792
0.514936 0.789684
0.515926 0.903122
0.516707 0.782491
0.517272 0.788210
0.517829 0.825856
0.520877 0.910125
0.524839 0.726553
0.526041 0.809507
0.526293 0.829246
0.526606 0.835035
0.526878 0.759703
0.526883 0.905116
0.527074 0.769448
0.533366 0.774230
0.534492 0.822998
0.536431 0.769808
0.542881 0.706533
0.545033 0.845646
0.547140 0.761457
0.549964 0.811245
0.550210 0.755447
0.550302 0.788141
0.550824 0.721232
0.553153 0.709622
0.555448 0.701067
0.557303 0.826033
0.559006 0.759494
0.561264 0.797919
0.563134 0.817804
0.563168 0.837842
0.564994 0.741208
0.568972 0.817862
0.571487 0.818371
0.573240 0.753505
0.577646 0.772497
0.578133 0.724632
0.581357 0.782235
0.582545 0.749639
0.583049 0.779831
0.584320 0.773696
0.584530 0.846465
0.584759 0.779929
0.587280 0.788205
0.588668 0.817424
0.589681 0.663640
0.590306 0.726901
0.590519 0.702898
0.591337 0.753118
0.592724 0.727672
0.597874 0.751247
0.597909 0.692840
0.598021 0.776106
0.601578 0.769699
0.602775 0.738893
0.603063 0.737306
0.603281 0.754655
0.605187 0.740692
0.607979 0.750626
0.608554 0.693693
0.608946 0.733454
0.609817 0.678685
0.610613 0.782544
0.617133 0.660927
0.618158 0.702616
0.621994 0.751969
0.622981 0.774521
0.623073 0.645702
0.623586 0.721060
0.624074 0.682237
0.625201 0.724024
0.626656 0.814664
0.626670 0.760591
0.632245 0.691881
0.632914 0.646677
0.635159 0.736614
0.635597 0.695154
0.636975 0.732033
0.637335 0.700505
0.638093 0.634777
0.642933 0.671893
0.643517 0.729049
0.644971 0.635884
0.645818 0.736255
0.646164 0.672223
0.647020 0.731571
0.647628 0.773958
0.648249 0.655474
0.648371 0.701215
0.648975 0.711741
0.651205 0.640654
0.652644 0.684634
0.652745 0.743328
0.653681 0.760355
0.655527 0.642142
0.656172 0.779054
0.658433 0.721593
0.662302 0.778782
0.662412 0.661722
0.663200 0.690392
0.664412 0.712545
0.667822 0.643572
0.672216 0.667397
0.672535 0.756458
0.674480 0.601174
0.675989 0.639787
0.677505 0.655325
0.678253 0.673040
0.683033 0.653622
0.683981 0.668998
0.685211 0.685304
0.686238 0.671450
0.688929 0.670727
0.690647 0.696264
0.691128 0.690268
0.694484 0.668089
0.697829 0.695589
0.698445 0.662766
0.700374 0.673830
0.703030 0.610250
0.703727 0.601033
0.704065 0.616097
0.706110 0.572031
0.707165 0.633246
0.708474 0.645164
0.710308 0.721870
0.710320 0.541860
0.711686 0.619508
0.711824 0.645000
0.715074 0.574359
0.715847 0.645886
0.716283 0.711334
0.716418 0.626372
0.716978 0.609871
0.718255 0.676452
0.718422 0.566389
0.718582 0.630205
0.724595 0.667503
0.725365 0.556974
0.725820 0.650800
0.727648 0.574498
0.728200 0.677724
0.728509 0.582962
0.733007 0.611242
0.734392 0.678234
0.734974 0.562629
0.735430 0.613717
0.737231 0.593604
0.739228 0.541526
0.739984 0.587383
0.740824 0.618021
0.741892 0.597913
0.746555 0.602180
0.748304 0.603331
0.750920 0.604464
0.752151 0.507719
0.753521 0.577937
0.753937 0.612864
0.754400 0.569168
0.756391 0.661450
0.756801 0.596909
0.757137 0.518210
0.757951 0.510545
0.758652 0.547027
0.759543 0.533246
0.760209 0.569392
0.760754 0.531000
0.762241 0.619085
0.766855 0.555138
0.767398 0.552255
0.767977 0.599034
0.770083 0.573444
0.770232 0.530935
0.771124 0.606313
0.773767 0.589335
0.774557 0.509750
0.775228 0.517279
0.780554 0.623671
0.784606 0.531665
0.789323 0.499194
0.792698 0.489283
0.798545 0.459204
0.799619 0.524788
0.799654 0.539440
0.799948 0.533545
0.802935 0.478655
0.804274 0.493313
0.807262 0.468807
0.813541 0.550571
0.819716 0.464393
0.820238 0.472350
0.820535 0.455837
0.822247 0.540666
0.824062 0.502702
0.827294 0.514065
0.829247 0.439947
0.832020 0.527365
0.833296 0.437573
0.833308 0.436962
0.836887 0.457853
0.837251 0.466693
0.837798 0.437897
0.837859 0.393923
0.841444 0.441006
0.841885 0.416189
0.842756 0.455645
0.849414 0.386926
0.850589 0.386726
0.855833 0.473238
0.856381 0.425164
0.856407 0.371512
0.860278 0.413847
0.861505 0.390705
0.861543 0.400056
0.862614 0.371246
0.864039 0.437857
0.866722 0.362633
0.866930 0.402924
0.870161 0.353448
0.875773 0.402167
0.876383 0.360595
0.876780 0.385671
0.879286 0.324022
0.879417 0.339068
0.879448 0.361736
0.880959 0.349113
0.883951 0.345629
0.884829 0.320728
0.885837 0.338927
0.886702 0.337586
0.888618 0.306676
0.889573 0.328620
0.892566 0.320472
0.899088 0.304156
0.899419 0.293009
0.900013 0.315204
0.901258 0.290102
0.901553 0.332087
0.902116 0.290850
0.902934 0.298154
0.904118 0.285003
0.904450 0.301715
0.905405 0.297595
0.905720 0.314789
0.906042 0.317894
0.906813 0.297632
0.907553 0.281160
0.907882 0.283515
0.907914 0.276723
0.908411 0.270703
0.908594 0.292012
0.912010 0.278203
0.912565 0.274764
0.913453 0.271520
0.914722 0.274947
0.915204 0.272031
0.916039 0.262145
0.918923 0.260443
0.920908 0.269204
0.921066 0.250932
0.921844 0.256232
0.922864 0.252333
0.923712 0.255976
0.927045 0.240721
0.928305 0.239160
0.928997 0.237582
0.929894 0.234535
0.931233 0.231144
0.932140 0.228816
0.941883 0.203997
0.942909 0.205182
0.943142 0.203613
0.946204 0.190969
0.947316 0.198428
0.948349 0.183053
0.949687 0.183951
0.954366 0.179266
0.954576 0.180323
0.956895 0.163659
0.958735 0.154173
0.958952 0.138847
0.961330 0.140321
0.963121 0.132727
0.964231 0.128742
0.964362 0.138843
0.971333 0.142195
0.974009 0.097038
0.974519 0.134168
0.975289 0.076441
0.976614 0.106476
0.980322 0.115651
0.982322 0.057743
0.982347 0.079966
0.983930 0.032703
0.985267 0.059094
0.988566 0.064608
0.988653 0.082729
0.989250 0.067916
0.992065 0.096021
0.994206 0.035483
0.995283 0.000000
0.995798 0.017165
0.996344 0.040239
0.998332 0.014352
1.000000 0.084763
