0.000000 0.930372
0.008035 0.949369
0.012701 0.930280
0.017355 0.950651
0.044070 0.829106
0.059718 1.000000
0.069192 0.755403
0.094359 0.663114
0.102705 0.833463
0.112071 0.785326
0.114167 0.787900
0.135964 0.968990
0.136018 0.900320
0.136680 0.942217
0.140261 0.717464
0.145145 0.735368
0.149304 0.783533
0.212451 0.811184
0.216830 0.800752
0.220417 0.776349
0.224705 0.906913
0.229959 0.811759
0.234429 0.789727
0.237891 0.924016
0.244060 0.677825
0.245420 0.891692
0.245626 0.858729
0.258253 0.868038
0.265226 0.642393
0.273496 0.760837
0.276991 0.940298
0.279449 0.907710
0.279563 0.847663
0.282112 0.897593
0.284574 0.716176
0.302550 0.863758
0.346458 0.702012
0.348154 0.659819
0.366530 0.852335
0.375714 0.733015
0.383997 0.803979
0.401500 0.897345
0.403225 0.775476
0.406361 0.657808
0.427621 0.855478
0.436539 0.725215
0.445258 0.621113
0.448099 0.812093
0.458817 0.846558
0.463062 0.668314
0.464160 0.613874
0.464729 0.788185
0.476709 0.678283
0.499967 0.579942
0.505741 0.878085
0.518043 0.606450
0.521281 0.633113
0.526256 0.660142
0.552749 0.577471
0.569973 0.808453
0.580253 0.595531
0.596115 0.758207
0.600795 0.572089
0.602132 0.681506
0.603125 0.563409
0.606394 0.408840
0.619006 0.414957
0.628710 0.602589
0.644502 0.456822
0.651252 0.429478
0.663390 0.607139
0.666500 0.458773
0.666754 0.549941
0.668002 0.657876
0.673439 0.447110
0.679656 0.523070
0.680874 0.721264
0.690563 0.588872
0.690943 0.492723
0.694331 0.597955
0.699000 0.491643
0.711436 0.469675
0.720432 0.570398
0.723527 0.513428
0.739625 0.384788
0.740298 0.458274
0.741939 0.529618
0.747714 0.601351
0.750914 0.320461
0.763477 0.448342
0.792600 0.356276
0.798853 0.424426
0.803535 0.438780
0.809520 0.399826
0.812904 0.363734
0.818407 0.336944
0.831407 0.278908
0.850663 0.296619
0.885702 0.226233
0.893082 0.258122
0.900587 0.172236
0.917472 0.196048
0.918587 0.164249
0.922071 0.158849
0.931871 0.207293
0.934802 0.121661
0.941127 0.107840
0.943248 0.093171
0.957211 0.077945
0.958928 0.089668
0.966072 0.096222
0.970817 0.065019
0.981796 0.042577
0.986019 0.033332
0.986272 0.032039
1.000000 0.000000
