0.000000 0.999939
0.006748 0.999609
0.007254 0.999798
0.015675 0.998369
0.019960 0.998843
0.023809 0.999333
0.025527 1.000000
0.025612 0.999668
0.026637 0.999343
0.028591 0.998623
0.032668 0.999043
0.032974 0.999022
0.033799 0.999689
0.034406 0.999215
0.037346 0.998543
0.037643 0.998899
0.037918 0.998667
0.042643 0.999765
0.046248 0.999096
0.050321 0.999002
0.073155 0.998523
0.077676 0.999257
0.083046 0.997787
0.084660 0.998452
0.087684 0.999067
0.089222 0.999005
0.090900 0.999217
0.096713 0.998962
0.098705 0.997968
0.098860 0.999778
0.101394 0.997993
0.101490 0.999612
0.105258 0.996823
0.112679 0.999285
0.113923 0.998778
0.114220 0.998753
0.115704 0.997797
0.126024 0.999090
0.129461 0.996351
0.131665 0.998970
0.133615 0.996618
0.138026 0.999027
0.138924 0.998749
0.144280 0.998726
0.145884 0.996169
0.149917 0.999327
0.150469 0.995276
0.151134 0.998405
0.151661 0.998472
0.152531 0.997310
0.155765 0.998668
0.160613 0.998868
0.163885 0.996945
0.165842 0.998866
0.166269 0.999033
0.169010 0.997906
0.170069 0.998483
0.176848 0.998497
0.178479 0.999671
0.181777 0.998849
0.186994 0.996468
0.187017 0.997905
0.187312 0.997224
0.188593 0.995917
0.192323 0.998033
0.196815 0.994267
0.204580 0.998303
0.206494 0.995873
0.206738 0.996364
0.207783 0.998332
0.210914 0.994741
0.212594 0.994710
0.216108 0.997132
0.217776 0.995025
0.225118 0.995988
0.229456 0.996823
0.230404 0.994987
0.230413 0.995952
0.231153 0.997625
0.233901 0.994744
0.238242 0.996403
0.245104 0.997860
0.253497 0.994523
0.254445 0.998534
0.259756 0.998424
0.263225 0.995367
0.266163 0.995914
0.267373 0.996461
0.269326 0.996221
0.269382 0.993916
0.272275 0.993201
0.277295 0.997211
0.282296 0.996007
0.282933 0.996651
0.285979 0.993843
0.289759 0.995955
0.293337 0.989523
0.293896 0.989960
0.296448 0.993110
0.296889 0.995894
0.298872 0.995914
0.299579 0.992101
0.300996 0.997218
0.301498 0.987884
0.303610 0.995234
0.304431 0.994233
0.306430 0.996203
0.310168 0.994884
0.313496 0.994878
0.314050 0.988915
0.314341 0.989574
0.316531 0.991872
0.322947 0.993295
0.325885 0.995839
0.327151 0.994900
0.329752 0.994955
0.331068 0.996329
0.332553 0.987446
0.333038 0.991615
0.339537 0.990750
0.352989 0.989303
0.356681 0.993041
0.358730 0.992009
0.361537 0.993108
0.368759 0.988028
0.378195 0.995364
0.383964 0.987695
0.400589 0.985638
0.410261 0.983011
0.410781 0.980810
0.414355 0.988979
0.427035 0.994934
0.428919 0.982478
0.429331 0.986945
0.429551 0.989071
0.433945 0.982708
0.435366 0.988216
0.438856 0.988756
0.439699 0.982033
0.441938 0.981051
0.445246 0.971747
0.447818 0.981905
0.451849 0.977690
0.452244 0.982639
0.454623 0.987620
0.455042 0.988561
0.458767 0.985547
0.460505 0.981145
0.462980 0.984700
0.477982 0.975249
0.479077 0.983845
0.479697 0.984770
0.486460 0.977834
0.487942 0.982052
0.488543 0.964988
0.488546 0.989858
0.491854 0.973498
0.496822 0.972432
0.497929 0.962191
0.502985 0.962194
0.503934 0.976195
0.509697 0.973427
0.515591 0.980690
0.522570 0.974140
0.524339 0.982739
0.540012 0.967815
0.545027 0.950830
0.547719 0.967469
0.548146 0.971576
0.549922 0.947891
0.549959 0.958306
0.551166 0.970309
0.556616 0.946666
0.561755 0.966358
0.574925 0.966095
0.579037 0.957825
0.579456 0.933231
0.581576 0.948127
0.583266 0.952659
0.583832 0.979644
0.591488 0.942629
0.599154 0.944939
0.599741 0.922144
0.600559 0.935298
0.601055 0.929615
0.601509 0.957134
0.605318 0.931984
0.608756 0.924920
0.618847 0.936406
0.628743 0.921579
0.630206 0.917381
0.631528 0.943717
0.635217 0.956125
0.639834 0.920915
0.649986 0.933002
0.652798 0.937746
0.656508 0.930725
0.657439 0.915346
0.657886 0.916551
0.659070 0.951256
0.661549 0.900271
0.664706 0.915264
0.665902 0.909658
0.669798 0.928335
0.677726 0.885817
0.678419 0.911363
0.681587 0.892534
0.681826 0.916517
0.683199 0.887236
0.684781 0.864821
0.700156 0.922453
0.707556 0.916818
0.708567 0.864179
0.711683 0.839411
0.712808 0.865123
0.714020 0.871182
0.724524 0.882827
0.730597 0.848284
0.733355 0.841994
0.735629 0.822830
0.737345 0.862774
0.739352 0.820723
0.747099 0.860589
0.749468 0.838672
0.750972 0.793307
0.753097 0.812638
0.753246 0.817129
0.755659 0.864234
0.761974 0.789260
0.765898 0.808865
0.768496 0.763020
0.768852 0.775497
0.770494 0.791586
0.771569 0.825651
0.776269 0.768936
0.780142 0.788303
0.780682 0.803644
0.795682 0.742192
0.798531 0.793998
0.799138 0.796937
0.800644 0.736261
0.802085 0.771210
0.808711 0.748159
0.809563 0.763894
0.819356 0.773189
0.819787 0.736713
0.823012 0.724516
0.827522 0.761120
0.847116 0.672130
0.850715 0.654681
0.850792 0.680136
0.856275 0.594027
0.856381 0.638307
0.858608 0.636207
0.858757 0.648770
0.859290 0.664315
0.861217 0.640535
0.862342 0.688758
0.866138 0.623645
0.869298 0.601798
0.870970 0.681261
0.876083 0.651313
0.883340 0.580736
0.888367 0.602920
0.890887 0.575229
0.900381 0.516673
0.912366 0.455909
0.913198 0.435807
0.930547 0.432936
0.935204 0.352299
0.937909 0.378081
0.942690 0.365547
0.943166 0.350404
0.947201 0.320992
0.947219 0.300581
0.948106 0.311923
0.950268 0.313408
0.951394 0.325091
0.960396 0.222262
0.961880 0.251712
0.963042 0.268971
0.971590 0.176826
0.978620 0.147104
0.981829 0.140046
0.988276 0.090297
1.000000 0.000000
