0.000000 0.000000
0.080358 0.145922
0.101911 0.313447
0.127158 0.455012
0.130764 0.341867
0.137144 0.344702
0.149857 0.399201
0.158216 0.435751
0.163719 0.189249
0.165418 0.409904
0.165921 0.405776
0.172141 0.226700
0.175576 0.444754
0.181215 0.358146
0.186217 0.277551
0.192208 0.334545
0.200152 0.377687
0.216976 0.446106
0.222808 0.514550
0.230970 0.433432
0.243313 0.515286
0.243351 0.403904
0.247250 0.460112
0.253933 0.610184
0.256493 0.448514
0.257118 0.598692
0.260079 0.506517
0.260689 0.474078
0.260962 0.631139
0.262040 0.601687
0.265773 0.368293
0.265990 0.533252
0.270639 0.389465
0.270821 0.606486
0.270932 0.517050
0.275432 0.377150
0.276873 0.498651
0.285643 0.385156
0.288779 0.460885
0.291421 0.484213
0.292003 0.533990
0.293794 0.415167
0.293804 0.476270
0.295716 0.721450
0.297261 0.714756
0.298187 0.427098
0.303908 0.625746
0.304129 0.671519
0.304626 0.591124
0.307920 0.415050
0.311359 0.477581
0.313334 0.480859
0.314330 0.554200
0.314781 0.561235
0.316224 0.674079
0.316309 0.605123
0.317349 0.689735
0.317548 0.524369
0.318422 0.713592
0.320812 0.459705
0.322523 0.716383
0.327945 0.531298
0.328713 0.482113
0.329466 0.544155
0.339816 0.469137
0.339849 0.598075
0.341047 0.426612
0.344581 0.421343
0.344695 0.769702
0.344714 0.536427
0.352169 0.523686
0.353180 0.482367
0.357032 0.562864
0.357592 0.728733
0.357755 0.532602
0.358723 0.648671
0.360641 0.604265
0.361252 0.438060
0.361487 0.441181
0.362243 0.481213
0.362745 0.560568
0.363166 0.611442
0.364309 0.761523
0.366092 0.449995
0.367214 0.506481
0.371241 0.573263
0.372606 0.454683
0.376008 0.475701
0.376575 0.777655
0.378726 0.731209
0.380005 0.621016
0.381179 0.483414
0.384265 0.451748
0.386111 0.704705
0.386231 0.562271
0.387472 0.725919
0.389380 0.553115
0.389888 0.755690
0.391107 0.542225
0.391609 0.678889
0.392342 0.531711
0.394341 0.513723
0.398470 0.623511
0.398856 0.728357
0.398965 0.732576
0.399493 0.629780
0.400269 0.503326
0.400668 0.790792
0.401452 0.570004
0.401554 0.537561
0.403738 0.485839
0.404004 0.812944
0.405267 0.607504
0.405398 0.723919
0.407034 0.775651
0.407829 0.520706
0.407885 0.571397
0.411488 0.661051
0.412187 0.477826
0.412421 0.645852
0.414541 0.704722
0.415616 0.665699
0.415697 0.684879
0.417044 0.721903
0.418396 0.652397
0.418691 0.665654
0.424561 0.755800
0.425545 0.798211
0.425883 0.595047
0.426647 0.493234
0.431216 0.680541
0.432222 0.790384
0.432470 0.594234
0.434464 0.617713
0.435142 0.552374
0.435685 0.553941
0.437737 0.576366
0.438271 0.589010
0.439964 0.630764
0.442732 0.613873
0.443739 0.533824
0.443825 0.681894
0.449488 0.784178
0.456039 0.706000
0.456247 0.745146
0.456648 0.531710
0.458952 0.834907
0.459859 0.755492
0.460375 0.696503
0.461839 0.837757
0.463007 0.627278
0.463373 0.736139
0.464031 0.511211
0.464339 0.756861
0.464673 0.537825
0.464866 0.822712
0.466081 0.711030
0.467101 0.852010
0.468671 0.618320
0.469464 0.774753
0.470152 0.781067
0.471028 0.787425
0.474163 0.810905
0.475684 0.593137
0.477032 0.557465
0.478659 0.774382
0.479083 0.649307
0.480485 0.856261
0.480690 0.685268
0.481224 0.846077
0.484595 0.688570
0.484905 0.566522
0.485733 0.679008
0.486868 0.762379
0.487033 0.518312
0.491345 0.538558
0.491852 0.789960
0.492051 0.641178
0.493668 0.710305
0.493675 0.598310
0.494164 0.829823
0.496133 0.849349
0.496710 0.533062
0.497878 0.654437
0.498344 0.673791
0.501859 0.540581
0.502568 0.757451
0.502896 0.735686
0.503323 0.774944
0.503565 0.582269
0.504093 0.530697
0.508651 0.539065
0.509738 0.626565
0.510382 0.793021
0.510593 0.632881
0.510876 0.598715
0.511703 0.617637
0.511784 0.828791
0.511931 0.850486
0.512411 0.591943
0.512896 0.682391
0.513742 0.732450
0.516554 0.807057
0.516610 0.657153
0.516800 0.620618
0.517399 0.653533
0.517844 0.579898
0.518052 0.764230
0.518986 0.759352
0.519765 0.745418
0.522065 0.691479
0.525454 0.887001
0.526831 0.612607
0.527593 0.540589
0.527910 0.789172
0.528466 0.642251
0.528811 0.638347
0.530733 0.890295
0.530736 0.853102
0.532703 0.855717
0.533013 0.831682
0.533085 0.576923
0.534631 0.624789
0.535268 0.844273
0.535720 0.727434
0.535846 0.749839
0.536141 0.651325
0.540575 0.758950
0.540636 0.865020
0.541529 0.602648
0.547779 0.739212
0.548090 0.888777
0.550338 0.793657
0.553874 0.901066
0.555405 0.901949
0.555452 0.746454
0.555746 0.876932
0.556656 0.699204
0.559782 0.576802
0.560348 0.698951
0.560354 0.641612
0.561493 0.802245
0.561814 0.602591
0.562470 0.678252
0.563673 0.903527
0.563754 0.854417
0.565056 0.611697
0.565148 0.780623
0.569687 0.789201
0.569913 0.835385
0.571541 0.720008
0.572549 0.710998
0.572572 0.895934
0.573268 0.759161
0.574239 0.580962
0.575917 0.908691
0.576288 0.727027
0.576591 0.664960
0.577210 0.773309
0.578978 0.719704
0.579187 0.573335
0.579824 0.598539
0.580732 0.873043
0.580999 0.904201
0.581788 0.768974
0.581888 0.845357
0.582241 0.673122
0.582366 0.610578
0.582605 0.789882
0.582871 0.737270
0.584155 0.903109
0.585417 0.810318
0.585719 0.616975
0.586130 0.689491
0.586141 0.680324
0.587256 0.694337
0.587682 0.833360
0.590438 0.756256
0.594997 0.809388
0.595664 0.865045
0.597643 0.606869
0.600293 0.817920
0.601623 0.622851
0.607584 0.868765
0.609183 0.600192
0.609927 0.912856
0.610292 0.661247
0.612951 0.792108
0.614804 0.635654
0.616612 0.822788
0.616916 0.737673
0.620065 0.905782
0.620181 0.683944
0.620719 0.744172
0.622367 0.605562
0.622687 0.730117
0.624000 0.751089
0.625140 0.923592
0.625285 0.867682
0.626298 0.787948
0.627665 0.919963
0.630634 0.786172
0.631040 0.836475
0.631217 0.696837
0.632108 0.642043
0.632246 0.782034
0.635172 0.906658
0.635654 0.724799
0.636944 0.833989
0.637283 0.799966
0.638175 0.736755
0.640634 0.831619
0.641011 0.632437
0.641368 0.902654
0.644302 0.822675
0.644475 0.689377
0.646124 0.630811
0.648907 0.884868
0.649222 0.884977
0.649808 0.801785
0.650511 0.591070
0.651663 0.702747
0.653638 0.639945
0.657002 0.674957
0.657055 0.735235
0.658353 0.761345
0.659075 0.705272
0.660307 0.607711
0.660866 0.641177
0.662682 0.928368
0.664886 0.646975
0.668415 0.900887
0.668472 0.859112
0.669609 0.720001
0.670789 0.746863
0.671096 0.701632
0.674722 0.902687
0.676499 0.842280
0.679813 0.671781
0.680763 0.620512
0.681551 0.705523
0.685396 0.687116
0.685769 0.707450
0.686120 0.948081
0.688267 0.694320
0.690649 0.784207
0.692296 0.666060
0.693501 0.866534
0.696239 0.686010
0.697856 0.679446
0.697971 0.761800
0.698238 0.778156
0.702117 0.772245
0.703021 0.621900
0.705973 0.679214
0.707659 0.616515
0.712374 0.641196
0.718740 0.738701
0.719412 0.944685
0.734092 0.871288
0.736816 0.758938
0.744076 0.886342
0.745347 0.738243
0.748281 0.723047
0.750515 0.754079
0.752268 0.879091
0.757427 0.885832
0.758364 0.697973
0.759492 0.869302
0.765112 0.760329
0.767701 0.973562
0.768321 0.741043
0.769739 0.773377
0.770534 0.764863
0.770679 0.911829
0.780280 0.944761
0.787185 0.916847
0.790444 0.786653
0.793827 0.907006
0.808941 0.922390
0.815221 0.869707
0.816163 0.902844
0.817341 0.763846
0.817815 0.949007
0.820094 0.945111
0.832368 0.864619
0.833008 0.785171
0.842989 0.748824
0.843184 0.962849
0.855621 0.905740
0.855892 0.671460
0.859236 0.688903
0.861849 0.836949
0.862648 0.789817
0.888756 0.938696
0.895502 0.825376
0.914330 0.822605
0.944264 1.000000
0.944357 0.792855
1.000000 0.864500
