0.000000 1.000000
0.104346 0.463956
0.113631 0.407058
0.114103 0.419550
0.118996 0.485043
0.123449 0.432905
0.129204 0.568799
0.136355 0.230947
0.161665 0.493118
0.164587 0.356929
0.169740 0.520724
0.182328 0.323851
0.185120 0.255363
0.186797 0.425327
0.194600 0.235317
0.202527 0.397705
0.206098 0.391178
0.219012 0.354599
0.219673 0.391368
0.223851 0.273590
0.225783 0.244243
0.236173 0.307162
0.240123 0.386704
0.254197 0.156016
0.255201 0.032167
0.255583 0.248297
0.262534 0.294295
0.264133 0.276542
0.264408 0.238285
0.266437 0.361076
0.266744 0.237422
0.268031 0.291093
0.268719 0.403088
0.269609 0.418106
0.272914 0.139891
0.273914 0.416654
0.276644 0.356883
0.278249 0.391465
0.284519 0.300962
0.291174 0.376696
0.291828 0.223694
0.300418 0.327490
0.303697 0.212545
0.305495 0.298939
0.309620 0.283893
0.312733 0.262032
0.315373 0.312519
0.322311 0.196350
0.325905 0.272040
0.326120 0.338300
0.327313 0.278716
0.329695 0.265983
0.329716 0.362778
0.330094 0.149047
0.332107 0.277728
0.336600 0.188978
0.336849 0.190377
0.341716 0.296180
0.343946 0.254173
0.345687 0.322649
0.349862 0.275509
0.350891 0.342532
0.351047 0.262145
0.351944 0.222648
0.353563 0.311648
0.355354 0.151338
0.355905 0.267156
0.357703 0.315501
0.358376 0.314602
0.360011 0.185811
0.361812 0.251222
0.369287 0.287769
0.373156 0.330943
0.374163 0.308114
0.374422 0.067644
0.377866 0.190811
0.382847 0.182939
0.383272 0.291402
0.385864 0.072860
0.386959 0.125972
0.387206 0.189721
0.388285 0.226563
0.394331 0.254073
0.397112 0.327858
0.398066 0.324061
0.403998 0.245775
0.410001 0.191187
0.410204 0.250933
0.416019 0.071246
0.424537 0.288535
0.424998 0.127998
0.425699 0.159982
0.427753 0.186985
0.430032 0.109654
0.431271 0.155102
0.433008 0.195151
0.437034 0.143695
0.438218 0.164095
0.438505 0.220965
0.439636 0.193513
0.440758 0.235573
0.442000 0.217261
0.443187 0.173067
0.443559 0.150701
0.444978 0.237768
0.446919 0.267353
0.448422 0.143779
0.448888 0.123714
0.449373 0.291849
0.449605 0.185010
0.451571 0.275614
0.454508 0.142897
0.454938 0.237621
0.463769 0.240552
0.465688 0.210158
0.467939 0.176140
0.470682 0.208427
0.470753 0.082354
0.473543 0.163861
0.474587 0.238295
0.476853 0.187688
0.481835 0.186219
0.484196 0.244815
0.486590 0.173537
0.488122 0.189387
0.492744 0.144919
0.494629 0.154176
0.500746 0.259249
0.502927 0.233662
0.502951 0.218932
0.508905 0.257805
0.510123 0.202331
0.511985 0.161338
0.519006 0.171477
0.520442 0.181995
0.524658 0.244945
0.526771 0.194165
0.530322 0.254807
0.534280 0.220461
0.536085 0.014970
0.537298 0.186584
0.538041 0.145820
0.538390 0.243400
0.538507 0.214892
0.538875 0.170281
0.539873 0.133713
0.540721 0.230519
0.542385 0.167218
0.543508 0.159928
0.543803 0.229338
0.545417 0.243658
0.546128 0.087739
0.548044 0.234384
0.551732 0.180972
0.553999 0.089597
0.554266 0.181421
0.556825 0.247532
0.563926 0.228453
0.565237 0.202384
0.566521 0.199534
0.566713 0.180876
0.571128 0.241491
0.572169 0.212026
0.572785 0.179665
0.575124 0.179362
0.576513 0.097418
0.576701 0.222695
0.580450 0.216395
0.581191 0.138979
0.581605 0.036245
0.582497 0.170216
0.586416 0.150346
0.587471 0.181610
0.590574 0.099380
0.599629 0.113461
0.600367 0.209483
0.601012 0.066840
0.602326 0.178408
0.603274 0.199938
0.603573 0.187059
0.607278 0.186859
0.610874 0.128769
0.616090 0.187068
0.619758 0.180725
0.635252 0.110385
0.637250 0.190818
0.638681 0.154517
0.641171 0.120741
0.642659 0.133783
0.643395 0.044158
0.644269 0.080764
0.645186 0.169761
0.646621 0.103206
0.656479 0.191631
0.657369 0.200146
0.658072 0.154638
0.658413 0.156139
0.664270 0.181562
0.666228 0.191703
0.684212 0.126723
0.688675 0.191149
0.689364 0.110728
0.693453 0.150658
0.694215 0.142959
0.694910 0.155099
0.695385 0.113295
0.704197 0.134444
0.707291 0.187556
0.725474 0.050934
0.729163 0.100731
0.738972 0.085980
0.740388 0.134801
0.741873 0.145358
0.754865 0.107477
0.787757 0.137807
0.807973 0.156410
0.827312 0.142535
0.836958 0.120191
0.843834 0.145072
0.852712 0.102640
0.853385 0.125250
0.860060 0.019549
0.873054 0.087214
0.910822 0.100821
0.912913 0.000000
0.957759 0.028216
0.981583 0.070421
1.000000 0.095725
