0.000000 0.019553
0.012304 0.098029
0.020277 0.086849
0.028102 0.141034
0.028334 0.037587
0.032114 0.000000
0.040088 0.184405
0.043131 0.164377
0.043730 0.077880
0.045639 0.132455
0.048047 0.249961
0.056400 0.086955
0.056924 0.254226
0.058619 0.209565
0.058636 0.178917
0.058703 0.090162
0.062587 0.093725
0.063865 0.348064
0.064113 0.271180
0.069492 0.287556
0.071047 0.343202
0.075103 0.182184
0.075142 0.151592
0.078126 0.261636
0.080560 0.343913
0.083064 0.219709
0.084123 0.339858
0.089052 0.308144
0.089367 0.215072
0.091687 0.411909
0.092635 0.316481
0.094717 0.318816
0.094878 0.406515
0.097234 0.257809
0.098738 0.450439
0.099675 0.410557
0.099803 0.407484
0.106529 0.251143
0.107400 0.242375
0.107600 0.446939
0.108773 0.431549
0.109780 0.389357
0.111059 0.454113
0.112354 0.242238
0.113880 0.409587
0.115230 0.427720
0.115338 0.227524
0.115465 0.261273
0.116738 0.332429
0.120013 0.401322
0.121023 0.491617
0.121049 0.377048
0.121517 0.407138
0.123200 0.394633
0.123569 0.349608
0.124333 0.412029
0.124360 0.480011
0.125604 0.480284
0.125767 0.322746
0.128274 0.460038
0.128704 0.367605
0.129053 0.386570
0.132152 0.309382
0.132634 0.416781
0.133312 0.484270
0.134217 0.496769
0.138237 0.534496
0.140513 0.414404
0.141726 0.457957
0.142207 0.350916
0.142470 0.359250
0.144240 0.401699
0.144777 0.424405
0.145746 0.514683
0.146623 0.380547
0.150873 0.429984
0.151624 0.379594
0.152675 0.295986
0.154513 0.537797
0.154979 0.444995
0.160049 0.430959
0.161220 0.474994
0.163714 0.486530
0.164410 0.385239
0.165921 0.328973
0.166437 0.353242
0.168552 0.551486
0.169147 0.453616
0.169929 0.453074
0.171879 0.511639
0.172145 0.526354
0.173009 0.362538
0.173175 0.471952
0.173253 0.578424
0.175624 0.485264
0.176785 0.369481
0.176837 0.390115
0.178288 0.606549
0.179168 0.513239
0.182434 0.365795
0.184390 0.499326
0.185173 0.488236
0.187510 0.390857
0.189880 0.569273
0.190004 0.382603
0.190963 0.399922
0.191899 0.375333
0.195091 0.458836
0.197836 0.487926
0.198035 0.417649
0.200335 0.386191
0.200815 0.609074
0.201060 0.589123
0.202148 0.387646
0.202559 0.399084
0.204718 0.493781
0.205130 0.403022
0.205212 0.460243
0.206101 0.486272
0.206773 0.566615
0.207225 0.404549
0.207385 0.643875
0.208896 0.486246
0.209484 0.526780
0.210190 0.567099
0.212927 0.607268
0.212968 0.487525
0.217307 0.557711
0.217531 0.614426
0.221707 0.585134
0.224296 0.593207
0.225676 0.510018
0.228156 0.480540
0.228819 0.501247
0.229338 0.438738
0.232143 0.590864
0.232799 0.569065
0.233368 0.607494
0.233416 0.654122
0.233494 0.474324
0.234317 0.534469
0.235359 0.474718
0.237605 0.669670
0.239965 0.566589
0.240002 0.507916
0.242546 0.462957
0.243144 0.677618
0.243388 0.629308
0.244294 0.680881
0.244780 0.628528
0.245564 0.502030
0.245915 0.620176
0.248153 0.657775
0.248561 0.527787
0.249112 0.458409
0.249270 0.632659
0.252424 0.627798
0.255265 0.679591
0.255384 0.463124
0.255501 0.591683
0.259334 0.514928
0.260993 0.644729
0.262403 0.530404
0.263235 0.683101
0.263367 0.712954
0.264229 0.477049
0.264418 0.621958
0.265232 0.458127
0.265929 0.667209
0.266655 0.535518
0.267007 0.517000
0.267313 0.711040
0.267519 0.649979
0.269991 0.560197
0.270001 0.508077
0.270620 0.722639
0.272071 0.490444
0.273539 0.573298
0.274683 0.714671
0.275281 0.641978
0.278704 0.560945
0.283394 0.513004
0.284898 0.588906
0.287252 0.636413
0.287294 0.666396
0.289257 0.516819
0.289738 0.614135
0.290078 0.576891
0.291202 0.717220
0.291972 0.543412
0.293244 0.558809
0.293376 0.526103
0.293940 0.649723
0.293980 0.540513
0.303175 0.562652
0.304320 0.571755
0.304444 0.641520
0.305224 0.591318
0.306342 0.626308
0.306801 0.689508
0.314654 0.773563
0.316543 0.642922
0.317256 0.732917
0.318401 0.696103
0.318481 0.763565
0.318802 0.546105
0.319153 0.530355
0.319539 0.688122
0.320892 0.584773
0.323484 0.523205
0.324319 0.614144
0.325626 0.620218
0.326299 0.617235
0.326875 0.754007
0.327449 0.725197
0.328399 0.540317
0.328870 0.621156
0.330643 0.606398
0.330925 0.564405
0.331010 0.632894
0.331143 0.747904
0.332913 0.770928
0.333950 0.685056
0.335249 0.612313
0.335660 0.659333
0.336241 0.642238
0.336375 0.570718
0.337733 0.573206
0.340565 0.698073
0.341627 0.760003
0.342600 0.661612
0.342785 0.633403
0.343156 0.743304
0.344146 0.754512
0.346730 0.604730
0.350145 0.710361
0.351259 0.761057
0.352184 0.807730
0.352212 0.744932
0.352228 0.799064
0.354088 0.718497
0.355662 0.688045
0.356020 0.784107
0.356248 0.668297
0.356812 0.580395
0.360612 0.684724
0.361149 0.673085
0.362083 0.617794
0.362461 0.723755
0.362797 0.762011
0.364666 0.556191
0.364914 0.569810
0.370663 0.593727
0.372726 0.792943
0.377112 0.680430
0.378747 0.706060
0.380207 0.815372
0.385077 0.692999
0.385131 0.798027
0.385240 0.679075
0.388975 0.686000
0.389988 0.839708
0.390236 0.605865
0.391351 0.780014
0.394417 0.706703
0.398524 0.732277
0.399831 0.781195
0.400373 0.799342
0.400692 0.636189
0.401852 0.730475
0.402898 0.739479
0.404875 0.759191
0.405902 0.696678
0.406161 0.805490
0.406889 0.729819
0.408412 0.706424
0.409222 0.588115
0.409656 0.842163
0.411111 0.676989
0.412221 0.793718
0.413934 0.773961
0.414124 0.680051
0.416382 0.795438
0.416515 0.651868
0.416666 0.839166
0.417115 0.738309
0.417242 0.638430
0.417566 0.841817
0.419627 0.626079
0.421408 0.730780
0.422435 0.621764
0.422624 0.755236
0.423350 0.634763
0.425162 0.791422
0.426681 0.736204
0.428101 0.682861
0.431096 0.788229
0.431139 0.693907
0.431171 0.789724
0.432384 0.831845
0.433618 0.828093
0.434272 0.673520
0.434479 0.842661
0.435210 0.740222
0.438180 0.606553
0.438950 0.647986
0.440560 0.748981
0.441152 0.662998
0.442376 0.793951
0.443266 0.864490
0.443997 0.727089
0.444735 0.752730
0.446961 0.639196
0.448630 0.615710
0.451553 0.840850
0.452920 0.711599
0.453155 0.855471
0.455892 0.740075
0.456552 0.691799
0.457437 0.634342
0.458735 0.637659
0.463852 0.840612
0.466331 0.625854
0.466893 0.726646
0.466998 0.891036
0.468574 0.730719
0.469520 0.712518
0.470150 0.823992
0.470301 0.632056
0.479291 0.771198
0.481121 0.799971
0.482414 0.813308
0.483889 0.874509
0.486780 0.734835
0.488197 0.735971
0.492184 0.714925
0.493928 0.663814
0.495327 0.690424
0.495583 0.655382
0.502099 0.911568
0.504033 0.696147
0.505406 0.749176
0.507780 0.650223
0.508796 0.667380
0.508988 0.776200
0.510129 0.775333
0.511708 0.726829
0.513181 0.676469
0.518239 0.801796
0.520628 0.663811
0.520664 0.898387
0.521143 0.857446
0.523731 0.770364
0.527888 0.723910
0.528363 0.815316
0.533136 0.695215
0.533170 0.828867
0.534901 0.766531
0.535435 0.670692
0.536242 0.869742
0.538831 0.835069
0.545202 0.800468
0.545336 0.709756
0.545373 0.852654
0.546449 0.780545
0.549863 0.746011
0.552529 0.914238
0.558071 0.785596
0.560978 0.927483
0.567678 0.772005
0.569127 0.876930
0.570181 0.775936
0.573012 0.887773
0.577868 0.786630
0.579399 0.892230
0.579928 0.731747
0.583960 0.754932
0.587834 0.939179
0.597610 0.712528
0.607977 0.706138
0.611945 0.707225
0.615409 0.724056
0.621258 0.714925
0.638829 0.824417
0.645841 0.757917
0.647414 0.949366
0.653879 0.867557
0.654243 0.874595
0.655294 0.722847
0.673761 0.857084
0.675088 0.817836
0.717785 0.883178
0.723845 0.897866
0.761007 0.794755
0.777569 0.846886
0.791640 0.803245
0.792749 0.872390
0.810334 0.982474
0.877478 1.000000
1.000000 0.979551
