0.000000 0.000000
0.015375 0.700140
0.020748 0.474178
0.024231 0.175785
0.033313 0.146296
0.057839 0.809633
0.064860 0.488477
0.075132 0.394646
0.075612 0.588014
0.091410 0.447560
0.094118 0.402276
0.105159 0.595464
0.113129 0.234887
0.122500 0.201750
0.124095 0.419554
0.128812 0.569027
0.130248 0.497867
0.132177 0.744557
0.141615 0.579383
0.141619 0.395292
0.142154 0.075488
0.146266 0.296799
0.149277 0.209280
0.149929 0.438997
0.153380 0.435346
0.156198 0.334021
0.158302 0.121944
0.159141 0.418162
0.163157 0.370247
0.166658 0.911594
0.166923 0.399256
0.167388 0.528179
0.172884 0.720211
0.178845 0.298250
0.179558 0.362241
0.183347 0.527811
0.185734 0.519712
0.187578 0.189772
0.188570 0.915338
0.190711 0.219292
0.193906 0.671650
0.201769 0.867131
0.204544 0.411710
0.206979 0.568845
0.209422 0.435101
0.212493 0.415046
0.216464 0.410680
0.218049 0.774170
0.218198 0.538591
0.221008 0.460049
0.223451 0.732797
0.224609 0.624559
0.225715 0.654611
0.226414 0.549672
0.228187 0.534817
0.236307 0.567377
0.236331 0.261586
0.237485 0.750526
0.237598 0.377496
0.237766 0.428817
0.240345 0.268060
0.240555 0.506902
0.243510 0.439029
0.247099 0.442470
0.250269 0.593667
0.250687 0.397096
0.252483 0.296061
0.253500 0.565439
0.254684 0.347792
0.257917 0.490778
0.259487 0.511835
0.261859 0.489942
0.262076 0.774085
0.266503 0.328945
0.267205 0.663278
0.270834 0.462936
0.272552 0.896634
0.274632 0.837947
0.274916 0.529850
0.274992 0.607677
0.276998 0.677872
0.277486 0.587726
0.277533 0.694602
0.278474 0.770993
0.278623 0.425392
0.280167 0.396725
0.280215 0.438946
0.280724 0.491440
0.281782 0.404754
0.284607 0.475309
0.284651 0.807317
0.285310 0.542560
0.287778 0.579335
0.290781 0.334448
0.291467 0.678189
0.291798 0.741698
0.292191 0.441499
0.292811 0.421046
0.292836 0.885623
0.293516 0.445665
0.294700 0.599871
0.297719 0.474773
0.297928 0.622848
0.298714 0.500759
0.299301 0.440458
0.299367 0.413568
0.299401 0.674266
0.299970 0.339393
0.300136 0.632074
0.303505 0.520296
0.307500 0.682490
0.311265 0.357702
0.314023 0.533246
0.315140 0.710030
0.316164 0.459605
0.316276 0.514049
0.319975 0.556888
0.320081 0.398242
0.321707 0.811502
0.324164 0.439461
0.324425 0.609148
0.324465 0.398198
0.327536 0.554444
0.327830 0.629078
0.328050 0.493951
0.330109 0.663321
0.330352 0.678203
0.333268 0.508479
0.333345 0.780832
0.334939 0.868895
0.337186 0.584200
0.339359 0.659380
0.339681 0.806930
0.340517 0.603769
0.344066 0.667007
0.344322 0.484222
0.345075 0.677924
0.346171 0.867434
0.347206 0.587321
0.349512 0.662398
0.351048 0.736778
0.352337 0.390875
0.352778 0.639373
0.352932 0.729214
0.355058 0.683813
0.356420 0.524300
0.357151 0.717211
0.357227 0.500015
0.357362 0.389873
0.358232 0.432499
0.358393 0.421852
0.358689 0.673409
0.358914 0.892460
0.359968 0.620142
0.363068 0.698819
0.363844 0.835337
0.365838 0.618276
0.366481 0.469597
0.368418 0.489633
0.368751 0.712792
0.370323 0.458389
0.370740 0.729408
0.372250 0.583097
0.373482 0.499646
0.374107 0.752433
0.374137 0.766340
0.375121 0.712577
0.376067 0.568815
0.376307 0.641575
0.376781 0.627273
0.378143 0.569345
0.379628 0.467897
0.379703 0.502139
0.381280 0.548484
0.382154 0.954412
0.383040 0.554039
0.383702 0.635657
0.384099 0.454533
0.386426 0.707925
0.386737 0.537096
0.386748 0.777180
0.389556 0.662774
0.389724 0.704267
0.390970 0.655483
0.391105 0.456800
0.391159 0.547883
0.393380 0.628560
0.394441 0.864675
0.395292 0.447291
0.396153 0.479816
0.396638 0.545520
0.396992 0.472436
0.398331 0.483961
0.399895 0.543561
0.400172 0.601174
0.400633 0.616250
0.401683 0.633370
0.402067 0.505177
0.404171 0.903758
0.404889 0.626454
0.406426 0.449041
0.406768 0.583310
0.407138 0.480074
0.407931 0.705173
0.408598 0.566770
0.408830 0.634538
0.409211 0.690285
0.409244 0.610699
0.410109 0.809015
0.412106 0.550369
0.412760 0.720563
0.412803 0.624467
0.412984 0.735342
0.413336 0.625447
0.414167 0.868630
0.416928 0.531252
0.417102 0.454959
0.419053 0.506893
0.419365 0.487651
0.420360 0.614584
0.421092 0.640941
0.421231 0.583445
0.421925 0.549367
0.421938 0.574511
0.422264 0.563117
0.423835 0.568225
0.424602 0.678768
0.424678 0.858969
0.426407 0.661725
0.428504 0.668200
0.428697 0.665723
0.429081 0.476630
0.429535 0.639355
0.429575 0.896497
0.430680 0.788373
0.430790 0.498383
0.431227 0.458353
0.431777 0.686576
0.432524 0.464619
0.433030 0.621942
0.433064 0.529551
0.433326 0.679579
0.433476 0.628272
0.436181 0.841904
0.436690 0.532557
0.437127 0.683735
0.437680 0.572562
0.438211 0.501530
0.438772 0.569738
0.439543 0.732524
0.441389 0.694972
0.441987 0.562966
0.442907 0.877962
0.444345 0.777551
0.445367 0.517447
0.445485 0.733664
0.445596 0.692499
0.447163 0.876594
0.448741 0.484957
0.448905 0.475400
0.449664 0.632290
0.449847 0.757781
0.450904 0.668703
0.451358 0.675522
0.451749 0.715991
0.451947 0.734441
0.452889 0.469248
0.453642 0.735034
0.454435 0.551747
0.454648 0.540807
0.455913 0.719245
0.456559 0.616598
0.457076 0.576039
0.458530 0.599821
0.459272 0.868275
0.459450 0.729921
0.459496 0.700398
0.459675 0.477268
0.459904 0.876074
0.461529 0.847274
0.464251 0.665908
0.466483 0.816993
0.467023 0.630574
0.467904 0.539116
0.469756 0.600324
0.470111 0.686370
0.471722 0.553021
0.472026 0.520135
0.473763 0.795700
0.474075 0.526466
0.475930 0.756849
0.476116 0.728921
0.476162 0.754365
0.477603 0.525401
0.477886 1.000000
0.478036 0.625817
0.478197 0.625584
0.478633 0.666776
0.478849 0.613369
0.480228 0.706859
0.482236 0.709764
0.484144 0.643292
0.484607 0.730607
0.484753 0.523716
0.485728 0.835114
0.486923 0.787102
0.488309 0.724025
0.488506 0.598810
0.488514 0.713328
0.489116 0.793040
0.490844 0.570435
0.491127 0.692507
0.492050 0.962786
0.492449 0.885674
0.496019 0.638667
0.497663 0.838237
0.498058 0.512520
0.498210 0.628893
0.499501 0.802292
0.499774 0.964881
0.500104 0.654727
0.500225 0.579330
0.500315 0.817773
0.500359 0.515646
0.500951 0.776289
0.501112 0.875593
0.501351 0.553938
0.502828 0.588094
0.503222 0.552659
0.504262 0.926586
0.504271 0.532693
0.505029 0.881396
0.505489 0.614015
0.506113 0.943505
0.506833 0.666142
0.506945 0.648957
0.507011 0.774397
0.508311 0.570209
0.510761 0.717347
0.513317 0.548912
0.513434 0.656611
0.514194 0.712437
0.514932 0.570148
0.517165 0.792338
0.518555 0.871485
0.518901 0.544860
0.519075 0.717541
0.521084 0.704735
0.521390 0.682050
0.522030 0.583274
0.522609 0.646013
0.523345 0.669132
0.523861 0.689480
0.525153 0.552644
0.525379 0.674352
0.525808 0.680074
0.526071 0.684155
0.526429 0.616722
0.526501 0.695580
0.526543 0.637899
0.527752 0.684561
0.527790 0.776340
0.527997 0.624491
0.529381 0.634522
0.529714 0.712645
0.530028 0.796329
0.531436 0.527842
0.531503 0.652756
0.531896 0.549928
0.532278 0.549757
0.535521 0.632465
0.538730 0.753086
0.538778 0.636915
0.539369 0.555193
0.539840 0.780412
0.540470 0.542035
0.541292 0.578541
0.542694 0.788647
0.543223 0.785127
0.543786 0.736023
0.544360 0.602789
0.545492 0.934242
0.545547 0.738114
0.545868 0.729369
0.547142 0.559037
0.548948 0.832776
0.549896 0.728786
0.551034 0.637954
0.551539 0.628548
0.553057 0.776098
0.553667 0.616976
0.554361 0.742443
0.555618 0.747325
0.555627 0.739861
0.555691 0.634667
0.558280 0.546632
0.558962 0.640565
0.560270 0.845544
0.561396 0.665382
0.561402 0.854763
0.564412 0.653685
0.565613 0.768401
0.566159 0.772582
0.566581 0.735142
0.566622 0.639831
0.567699 0.677859
0.567806 0.748847
0.568876 0.683796
0.570195 0.642937
0.573506 0.698429
0.574237 0.688078
0.575032 0.784241
0.576004 0.881273
0.576698 0.739367
0.577812 0.621329
0.577887 0.748929
0.578528 0.727784
0.579168 0.806231
0.582704 0.590176
0.582836 0.673191
0.583836 0.679931
0.584277 0.678545
0.585403 0.903970
0.585628 0.787409
0.586519 0.693255
0.586839 0.600134
0.587326 0.894623
0.588184 0.714506
0.588827 0.847532
0.590066 0.821983
0.592357 0.596833
0.593693 0.573201
0.594428 0.646587
0.594428 0.598371
0.596066 0.652686
0.597015 0.568973
0.599496 0.756890
0.601741 0.655460
0.605181 0.923396
0.605510 0.612759
0.606200 0.705042
0.607620 0.600048
0.608536 0.790834
0.608792 0.628936
0.609691 0.941656
0.610549 0.853724
0.611705 0.581466
0.614830 0.760319
0.615881 0.734626
0.617543 0.765321
0.620654 0.582032
0.620861 0.638961
0.622670 0.824709
0.623189 0.656380
0.624629 0.917642
0.626831 0.737502
0.627883 0.776953
0.628296 0.689593
0.630516 0.632520
0.632494 0.761650
0.633173 0.875478
0.634620 0.658756
0.635696 0.843925
0.636073 0.786347
0.636206 0.662025
0.636262 0.728943
0.636649 0.713471
0.639494 0.770370
0.644065 0.729612
0.646029 0.599006
0.648832 0.643940
0.650218 0.871587
0.650422 0.673968
0.651019 0.814662
0.651201 0.708757
0.651791 0.751711
0.655544 0.656034
0.655721 0.726250
0.657490 0.757109
0.658385 0.662127
0.658605 0.634312
0.659475 0.674084
0.661320 0.752901
0.663260 0.648705
0.665666 0.733770
0.665886 0.735990
0.666681 0.704382
0.668440 0.819908
0.669014 0.778534
0.669801 0.748419
0.671204 0.808709
0.672520 0.772045
0.672704 0.766889
0.672977 0.751611
0.677033 0.784895
0.680484 0.652496
0.681566 0.857836
0.683955 0.639086
0.688372 0.830633
0.689326 0.790417
0.689975 0.759557
0.691845 0.904035
0.693307 0.911885
0.693704 0.791959
0.695203 0.706298
0.696148 0.777049
0.703062 0.972954
0.703771 0.894163
0.704299 0.706974
0.706106 0.999280
0.706884 0.686346
0.709782 0.972422
0.710826 0.642865
0.712872 0.870722
0.713137 0.817058
0.716401 0.634741
0.717025 0.694929
0.718567 0.682250
0.719682 0.713872
0.737310 0.804278
0.737328 0.770351
0.737965 0.839530
0.738793 0.888707
0.750017 0.710494
0.751761 0.728073
0.751893 0.758853
0.760423 0.893341
0.762095 0.663182
0.768995 0.853396
0.770661 0.884081
0.770794 0.655374
0.770910 0.876437
0.776299 0.891130
0.784764 0.769538
0.788283 0.937395
0.788897 0.784744
0.791567 0.679318
0.810695 0.816037
0.814237 0.809718
0.831096 0.853492
0.831516 0.775736
0.831893 0.758116
0.856488 0.844197
0.863363 0.832940
0.882324 0.719659
0.909900 0.916800
0.976860 0.928489
0.996287 0.764747
1.000000 0.750806
