0.000000 0.846569
0.031151 0.963814
0.045664 1.000000
0.069653 0.649096
0.073104 0.713492
0.076709 0.595369
0.113337 0.570041
0.113982 0.658906
0.130147 0.663474
0.141361 0.517047
0.145522 0.591578
0.164449 0.573433
0.166775 0.492789
0.166966 0.454302
0.176354 0.536116
0.177128 0.589463
0.188085 0.453752
0.189161 0.505227
0.194512 0.436715
0.197916 0.384561
0.200501 0.535006
0.206664 0.502342
0.211060 0.415444
0.211236 0.473408
0.213213 0.457905
0.222911 0.501590
0.227624 0.499707
0.231752 0.493839
0.233251 0.357261
0.233825 0.416690
0.234858 0.448937
0.237932 0.470543
0.243964 0.259287
0.244426 0.470589
0.249393 0.455754
0.251538 0.453511
0.253630 0.448600
0.253773 0.360537
0.256407 0.400053
0.257185 0.430716
0.257949 0.432005
0.262250 0.459559
0.263440 0.460745
0.267681 0.375661
0.269680 0.361650
0.273343 0.420332
0.276823 0.361024
0.277060 0.382505
0.278629 0.434787
0.280077 0.321168
0.280213 0.421122
0.280520 0.378387
0.289299 0.426420
0.290651 0.360806
0.292340 0.400757
0.293573 0.414235
0.293910 0.301176
0.295336 0.387156
0.297153 0.397521
0.299179 0.378450
0.299628 0.415292
0.300444 0.387441
0.300458 0.334409
0.301449 0.376081
0.303969 0.351627
0.304283 0.369047
0.305122 0.351837
0.305453 0.385285
0.308030 0.339812
0.308481 0.340998
0.309483 0.379591
0.310348 0.383979
0.312562 0.348981
0.312681 0.306432
0.314259 0.375269
0.315417 0.394897
0.318572 0.349644
0.320101 0.375990
0.320659 0.361704
0.321118 0.349308
0.321398 0.320963
0.321819 0.375386
0.322010 0.335351
0.324604 0.339819
0.325452 0.317134
0.327124 0.301654
0.327270 0.378038
0.327404 0.385703
0.328789 0.331831
0.331089 0.354734
0.334617 0.341210
0.334817 0.322596
0.335320 0.312318
0.335775 0.349860
0.337474 0.329291
0.338364 0.364262
0.338419 0.288712
0.339697 0.347009
0.340023 0.339751
0.341382 0.360069
0.343204 0.327732
0.344044 0.359484
0.344750 0.306811
0.345335 0.336983
0.345416 0.323253
0.349281 0.334410
0.349659 0.328312
0.349700 0.295054
0.353396 0.346928
0.353651 0.359479
0.355182 0.331652
0.355583 0.289105
0.358054 0.319748
0.358434 0.341886
0.359324 0.352695
0.359806 0.325229
0.361209 0.353426
0.362908 0.335279
0.364354 0.319860
0.364675 0.335177
0.366589 0.347580
0.366784 0.275784
0.369653 0.290767
0.370596 0.303222
0.371415 0.284364
0.372097 0.340429
0.372522 0.228194
0.373299 0.271195
0.374079 0.317344
0.374614 0.233876
0.375884 0.316973
0.376016 0.310025
0.377086 0.328967
0.377747 0.319939
0.380668 0.304035
0.382831 0.309125
0.383467 0.317707
0.383905 0.289130
0.383989 0.276476
0.384708 0.328049
0.386396 0.292089
0.386550 0.263103
0.387403 0.331297
0.387435 0.322271
0.388600 0.284268
0.390295 0.298706
0.390515 0.328477
0.392522 0.284772
0.393683 0.315582
0.393992 0.309121
0.394167 0.282263
0.394564 0.287376
0.396253 0.322539
0.396328 0.317058
0.396783 0.292636
0.397082 0.295216
0.397494 0.301776
0.398164 0.289586
0.398823 0.291597
0.399387 0.230407
0.400515 0.273306
0.402008 0.249695
0.402429 0.301140
0.403640 0.270543
0.404153 0.313309
0.406134 0.298577
0.407387 0.278856
0.408668 0.251671
0.408856 0.244330
0.410551 0.260243
0.412145 0.278845
0.412966 0.248617
0.413643 0.271514
0.415068 0.294618
0.418415 0.277524
0.419290 0.304228
0.419403 0.241930
0.421777 0.296786
0.425318 0.205454
0.427380 0.264561
0.427424 0.240601
0.427803 0.235735
0.428305 0.283447
0.430977 0.216604
0.431114 0.234265
0.431446 0.278229
0.433363 0.253605
0.433525 0.269108
0.433994 0.287372
0.434200 0.237064
0.434667 0.252014
0.434869 0.260136
0.435180 0.264591
0.435429 0.249010
0.435928 0.243556
0.437700 0.238105
0.438044 0.241163
0.439380 0.286278
0.439419 0.269147
0.440087 0.257009
0.440298 0.254816
0.440790 0.281151
0.441033 0.283188
0.441138 0.276582
0.442592 0.238071
0.442710 0.277522
0.443911 0.210334
0.444180 0.283550
0.444484 0.198054
0.444577 0.206358
0.445281 0.283718
0.445741 0.251165
0.447312 0.280732
0.448390 0.251973
0.450135 0.250848
0.451111 0.269432
0.451551 0.255456
0.452425 0.243500
0.452610 0.269792
0.452842 0.225190
0.453027 0.269786
0.454078 0.234636
0.455041 0.238793
0.456077 0.244092
0.456921 0.218161
0.457666 0.273897
0.457830 0.273048
0.458104 0.261485
0.458273 0.245156
0.458859 0.247382
0.458924 0.248581
0.459051 0.209335
0.460330 0.237658
0.460347 0.216713
0.461138 0.264309
0.461345 0.208295
0.461727 0.271345
0.462063 0.212636
0.462818 0.244565
0.463315 0.221326
0.463756 0.238278
0.464269 0.219150
0.464690 0.199561
0.465510 0.218156
0.465646 0.231833
0.465820 0.221944
0.466631 0.260518
0.466638 0.159855
0.468647 0.243687
0.468909 0.259443
0.470988 0.200912
0.471231 0.218426
0.471907 0.260218
0.472846 0.259338
0.473049 0.243448
0.473582 0.221117
0.473931 0.238365
0.474081 0.194411
0.475496 0.204624
0.476445 0.146568
0.477813 0.226624
0.477960 0.208399
0.477983 0.188218
0.478241 0.245960
0.478470 0.219890
0.478731 0.219412
0.479234 0.253074
0.479999 0.218621
0.482084 0.202556
0.482677 0.213608
0.482749 0.237648
0.484270 0.191138
0.484468 0.241602
0.484560 0.242023
0.486679 0.243060
0.486732 0.221499
0.486841 0.250456
0.488810 0.214042
0.489240 0.221682
0.490012 0.212813
0.490067 0.203561
0.490130 0.117740
0.490421 0.226004
0.491084 0.226490
0.491723 0.174572
0.492089 0.199097
0.492196 0.231951
0.492329 0.188766
0.493899 0.237874
0.494281 0.248191
0.494873 0.232553
0.495041 0.168087
0.495533 0.219707
0.495618 0.241717
0.496987 0.238095
0.497339 0.231747
0.498106 0.238363
0.499947 0.216451
0.500336 0.182663
0.501274 0.228999
0.502024 0.226260
0.502298 0.221270
0.502553 0.241051
0.502721 0.228483
0.503074 0.173599
0.504353 0.218611
0.505262 0.233627
0.505809 0.236576
0.506343 0.195186
0.506352 0.227466
0.506789 0.240318
0.507257 0.190805
0.507588 0.237628
0.508079 0.193043
0.508457 0.204426
0.508716 0.223939
0.508988 0.218342
0.509376 0.204136
0.510225 0.201332
0.510614 0.201336
0.512820 0.200496
0.513128 0.158492
0.513194 0.207908
0.513301 0.208870
0.513347 0.217846
0.513734 0.222677
0.514270 0.224966
0.514907 0.162010
0.516452 0.224798
0.517340 0.220538
0.517863 0.222239
0.518496 0.227882
0.521617 0.191085
0.523339 0.199422
0.523446 0.223901
0.523930 0.202727
0.525717 0.206119
0.526093 0.218604
0.527091 0.214980
0.527364 0.162009
0.528606 0.216176
0.529309 0.200848
0.530012 0.202734
0.530612 0.216300
0.531996 0.173296
0.532662 0.164279
0.533183 0.207864
0.533222 0.180515
0.533625 0.117272
0.534307 0.207150
0.535734 0.209829
0.536241 0.171002
0.536596 0.214490
0.537880 0.194545
0.537884 0.179608
0.538698 0.196140
0.538851 0.181722
0.539073 0.179607
0.539318 0.196781
0.539924 0.177399
0.540612 0.179036
0.540935 0.167992
0.541669 0.197727
0.542025 0.182431
0.542727 0.158695
0.543106 0.158709
0.543115 0.205667
0.543562 0.217513
0.544512 0.166734
0.544589 0.160801
0.546401 0.200264
0.547230 0.188753
0.548034 0.156441
0.549055 0.201810
0.549260 0.181699
0.551851 0.210178
0.552929 0.206277
0.553497 0.210296
0.554015 0.205958
0.555250 0.210788
0.556456 0.202713
0.557069 0.174485
0.557987 0.157459
0.558238 0.204600
0.558937 0.165380
0.559820 0.182401
0.559956 0.161799
0.560243 0.175478
0.560469 0.180502
0.560780 0.207374
0.560986 0.191868
0.561161 0.153283
0.561686 0.139079
0.564529 0.172529
0.565157 0.182836
0.566369 0.192080
0.567198 0.175810
0.567355 0.182231
0.567937 0.156425
0.568265 0.170594
0.568944 0.186976
0.569133 0.168410
0.569410 0.193398
0.569650 0.195848
0.570629 0.139035
0.570761 0.195068
0.572124 0.142338
0.573877 0.163818
0.575580 0.159479
0.576267 0.183725
0.576516 0.169605
0.579166 0.142968
0.579384 0.169059
0.580763 0.186342
0.580985 0.191929
0.582686 0.164480
0.582987 0.165746
0.583326 0.191590
0.583772 0.183185
0.584890 0.159986
0.585179 0.159699
0.585185 0.185252
0.586289 0.149337
0.586631 0.092323
0.586704 0.133853
0.587365 0.191795
0.590040 0.154344
0.590772 0.185809
0.591463 0.181279
0.592037 0.166175
0.592967 0.155785
0.593261 0.151326
0.593302 0.184880
0.595217 0.165181
0.595373 0.178063
0.596101 0.185061
0.596984 0.164140
0.600284 0.149937
0.600588 0.171633
0.601283 0.154598
0.602155 0.161066
0.602446 0.150434
0.602854 0.148507
0.603636 0.143367
0.604486 0.123695
0.605030 0.166038
0.605058 0.139820
0.605511 0.175001
0.606528 0.155804
0.609100 0.157057
0.609906 0.145877
0.610028 0.163569
0.610702 0.174680
0.613886 0.159794
0.614206 0.150414
0.615955 0.170969
0.617552 0.171574
0.618166 0.126389
0.618284 0.167119
0.619576 0.170474
0.620299 0.167344
0.620678 0.157460
0.621495 0.155797
0.622654 0.144420
0.623110 0.171668
0.624557 0.120419
0.625816 0.147060
0.626878 0.107957
0.627668 0.151900
0.627995 0.118194
0.628183 0.166964
0.630029 0.136609
0.630241 0.144890
0.630942 0.085459
0.631865 0.130097
0.636113 0.122554
0.638593 0.128897
0.639399 0.151795
0.639523 0.092357
0.639871 0.134722
0.641338 0.152852
0.644138 0.114575
0.645148 0.122154
0.645322 0.119869
0.645734 0.131092
0.645842 0.140815
0.646452 0.137186
0.647837 0.155453
0.650680 0.129049
0.651173 0.144681
0.652611 0.141305
0.653251 0.143141
0.654491 0.152254
0.655242 0.090697
0.655315 0.114312
0.655623 0.141269
0.656188 0.072606
0.656252 0.141228
0.656502 0.143972
0.660625 0.137503
0.660888 0.125922
0.661588 0.135623
0.664831 0.136463
0.664911 0.118143
0.668325 0.134428
0.670828 0.133240
0.671484 0.106730
0.671742 0.102589
0.671945 0.124037
0.673255 0.119594
0.673668 0.117967
0.673963 0.107232
0.674269 0.120766
0.675613 0.131998
0.675966 0.110600
0.677959 0.135046
0.679004 0.137024
0.679631 0.103667
0.679892 0.132871
0.680336 0.135678
0.682594 0.140434
0.688296 0.109083
0.688869 0.104048
0.690299 0.095891
0.691739 0.118296
0.692388 0.131022
0.693316 0.127730
0.694388 0.100905
0.695219 0.110966
0.697328 0.115793
0.697979 0.130246
0.698289 0.132645
0.698416 0.091665
0.700512 0.114609
0.701092 0.123726
0.701533 0.130201
0.703745 0.043994
0.705010 0.104391
0.709535 0.103109
0.710365 0.083987
0.713638 0.109939
0.713879 0.125770
0.715344 0.090184
0.715920 0.111994
0.720174 0.119565
0.722038 0.107240
0.724795 0.097657
0.726004 0.084833
0.726245 0.114060
0.727583 0.079818
0.728359 0.084006
0.728588 0.110001
0.734125 0.084843
0.734440 0.082546
0.734898 0.110256
0.736356 0.071226
0.737269 0.115077
0.737954 0.106169
0.738375 0.087923
0.741666 0.084446
0.744647 0.078490
0.751697 0.102731
0.753082 0.096516
0.754031 0.099647
0.756565 0.098721
0.765793 0.066867
0.766908 0.073850
0.768422 0.094070
0.770338 0.080907
0.776272 0.075281
0.779699 0.074120
0.783468 0.075566
0.784970 0.072134
0.786727 0.091315
0.790731 0.041526
0.797802 0.061263
0.800018 0.074508
0.811740 0.055554
0.814230 0.074042
0.818351 0.043365
0.835278 0.061402
0.837798 0.072610
0.840101 0.058327
0.845226 0.037206
0.853414 0.061242
0.857753 0.062638
0.866987 0.054234
0.868593 0.050240
0.875582 0.055429
0.876338 0.052278
0.887877 0.038171
0.889874 0.019791
0.889955 0.035955
0.892701 0.028499
0.898263 0.043304
0.899040 0.038930
0.905048 0.040150
0.906285 0.033533
0.950624 0.026707
1.000000 0.000000
