0.000000 0.352707
0.003451 0.454549
0.004523 0.483024
0.005645 0.371614
0.007018 0.476061
0.008451 0.511330
0.011279 0.371557
0.012351 0.460369
0.013218 0.448608
0.016808 0.438836
0.019395 0.441460
0.019925 0.648492
0.020432 0.238610
0.021488 0.233732
0.026399 0.021365
0.029939 0.149038
0.031534 0.484871
0.033083 0.396596
0.033169 0.470510
0.034776 0.519331
0.036117 0.590662
0.039733 0.544597
0.044314 0.569709
0.046008 0.589535
0.046490 0.474773
0.048061 0.350909
0.049397 0.492464
0.049675 0.962058
0.050358 0.536939
0.051880 0.267166
0.052130 0.258080
0.052891 0.591872
0.054505 0.431208
0.055658 0.671720
0.057500 0.096581
0.059255 0.484990
0.062977 0.295734
0.064210 0.435812
0.069439 0.478997
0.069931 0.367317
0.071608 0.466949
0.076157 0.585431
0.077073 0.362044
0.080724 0.367003
0.082703 0.662795
0.086160 0.267402
0.087695 0.480119
0.088744 0.385303
0.089657 0.528479
0.089756 0.256873
0.091475 0.671674
0.096733 0.343749
0.098761 0.394137
0.099766 0.230935
0.100243 0.440700
0.101467 0.535845
0.102813 0.232909
0.105055 0.479923
0.106819 0.478746
0.107372 0.745824
0.107528 0.556272
0.108839 0.793088
0.110062 0.577134
0.112182 0.428440
0.112259 0.500780
0.113926 0.257509
0.114809 0.656815
0.115648 0.305186
0.116216 0.918061
0.117107 0.374384
0.117477 0.280126
0.117930 0.338594
0.118248 0.480062
0.120976 0.598736
0.123575 0.180250
0.124381 0.384281
0.126098 0.413795
0.126345 0.207754
0.127318 0.409757
0.128802 0.472757
0.132890 0.558051
0.134030 0.254691
0.135660 0.765051
0.136231 0.520078
0.136804 0.719301
0.136879 0.621605
0.137429 0.283551
0.138954 0.497730
0.142603 0.321180
0.143922 0.351701
0.148863 0.402096
0.151546 0.437201
0.151727 0.392014
0.154676 0.651349
0.156227 0.333175
0.157089 0.319569
0.157257 0.436084
0.157597 0.246013
0.159702 0.401777
0.160056 0.507738
0.161389 0.363147
0.162465 0.458990
0.163183 0.412066
0.168050 0.558216
0.169095 0.415454
0.169504 0.466338
0.169937 0.355436
0.170953 0.410045
0.171874 0.544950
0.175445 0.435536
0.180052 0.267225
0.180545 0.000000
0.182771 0.404895
0.184534 0.667205
0.184639 0.604416
0.185162 0.419005
0.186847 0.534639
0.187962 0.441941
0.190308 0.436203
0.191855 0.187976
0.192589 0.765567
0.192692 0.276872
0.193889 0.466019
0.196223 0.458846
0.196286 0.812099
0.197696 0.503537
0.198389 0.422173
0.199113 0.439852
0.201508 0.496248
0.201874 0.358944
0.203016 0.651725
0.203531 0.664502
0.204468 0.398788
0.208814 0.412331
0.209857 0.253558
0.210221 0.584059
0.210460 0.578727
0.211147 0.352291
0.211406 0.201387
0.213717 0.205862
0.214266 0.521808
0.215802 0.819032
0.216674 0.479004
0.216678 0.769455
0.218319 0.465983
0.220034 0.446801
0.222142 0.398363
0.227405 0.369253
0.228474 0.284362
0.233270 0.659128
0.233330 0.573862
0.236743 0.389721
0.238743 0.770195
0.239534 0.686623
0.240008 0.605163
0.240026 0.465255
0.242703 0.544482
0.243803 0.467666
0.244962 0.569578
0.245063 0.269311
0.247183 0.369992
0.249360 0.535706
0.250343 0.056694
0.250456 0.476748
0.254818 0.461914
0.256314 0.580390
0.260940 0.698478
0.261970 0.589294
0.262685 0.459408
0.263008 0.658716
0.265095 0.458462
0.268773 0.727897
0.269285 0.463129
0.269471 0.554102
0.271391 0.394297
0.277675 0.533889
0.281010 0.241392
0.281275 0.609869
0.281684 0.684528
0.282787 0.536901
0.287678 0.756486
0.288358 0.354430
0.291633 0.293039
0.293177 0.328427
0.296775 0.293199
0.299426 0.336245
0.301764 0.554205
0.301842 0.535706
0.303868 0.373645
0.303896 0.337698
0.303955 0.699483
0.304984 0.728101
0.305461 0.467133
0.305797 0.261314
0.306195 0.646372
0.307253 0.567667
0.310115 0.459027
0.310907 0.588150
0.313338 0.508241
0.317461 0.544677
0.320314 0.606331
0.323302 0.500197
0.324402 0.376073
0.325866 0.318133
0.328904 0.496802
0.329858 0.548941
0.332667 0.510327
0.333031 0.793289
0.336050 0.433290
0.337415 0.457603
0.338131 0.655399
0.340473 0.583631
0.346020 0.404390
0.346024 0.448026
0.346065 0.564904
0.347420 0.509662
0.349199 0.216123
0.350171 0.720448
0.350504 0.367550
0.353164 0.466209
0.353357 0.714125
0.355406 0.422754
0.356140 0.131571
0.356795 0.477815
0.360125 0.415522
0.360862 0.445003
0.362178 0.484499
0.366156 0.922675
0.366701 0.544949
0.366768 0.594306
0.367221 0.571855
0.367670 0.219206
0.368176 0.405865
0.369079 0.385094
0.370171 0.538255
0.372362 0.507109
0.373330 0.595427
0.375405 0.410328
0.375886 0.802307
0.376058 0.232041
0.376375 0.571630
0.377103 0.638438
0.377511 0.253799
0.377622 0.152858
0.378583 0.855799
0.378753 0.661178
0.382416 0.567205
0.382783 0.679571
0.384620 0.212813
0.384861 0.653196
0.386303 0.536878
0.389096 0.677419
0.392605 0.446515
0.393083 0.306346
0.399852 0.552391
0.401191 0.404097
0.405438 0.410462
0.408429 0.560245
0.408646 0.440465
0.411557 0.416252
0.413020 0.390771
0.413408 0.399798
0.416014 0.415767
0.416427 0.621159
0.418317 0.754886
0.419742 0.697942
0.420980 0.172947
0.421630 0.263881
0.422882 0.603091
0.426003 0.207956
0.426386 0.641384
0.426414 0.578423
0.426476 0.562971
0.427248 0.427671
0.427419 0.409212
0.428338 0.647068
0.428491 0.443189
0.428542 0.690235
0.429274 0.289133
0.438199 0.635348
0.439574 0.321689
0.440548 0.472595
0.441159 0.435042
0.442317 0.479927
0.447278 0.582991
0.449137 0.219971
0.450131 0.593552
0.453461 0.517924
0.454567 0.454936
0.455015 0.273675
0.455242 0.511441
0.456001 0.429081
0.456269 0.602624
0.456986 0.511028
0.458003 0.601294
0.459644 0.591444
0.459723 0.385145
0.460978 0.588515
0.464118 0.697861
0.465878 0.507778
0.465951 0.823266
0.466303 0.616540
0.468188 0.709546
0.469331 0.364355
0.471378 0.482445
0.471624 0.508801
0.472877 0.393886
0.473409 0.597017
0.478020 0.441347
0.479482 0.594400
0.479497 0.429384
0.479813 0.121542
0.485014 0.486760
0.488134 0.380204
0.488339 0.324174
0.489124 0.438993
0.490082 0.299034
0.492761 0.469919
0.493487 0.299585
0.494979 0.411352
0.498566 0.442658
0.499350 0.568212
0.499450 0.575290
0.502900 0.249243
0.504349 0.547604
0.506028 0.403797
0.506260 0.363420
0.506525 0.296865
0.507405 0.505415
0.508596 0.388866
0.509618 0.652301
0.509866 0.665556
0.510868 0.631869
0.511188 0.325683
0.513860 0.673024
0.515159 0.455291
0.516256 0.657248
0.516969 0.391381
0.517121 0.362476
0.517782 0.468217
0.518520 0.612997
0.519399 0.194912
0.519474 0.544513
0.521091 0.614561
0.522180 0.459866
0.523783 0.456439
0.524816 0.598129
0.527305 0.384507
0.527572 0.410623
0.529589 0.805471
0.531514 0.581140
0.532971 0.398755
0.533503 0.615877
0.536274 0.313980
0.537332 0.429481
0.540540 0.570866
0.545557 0.908651
0.546866 0.568307
0.546969 0.796186
0.552997 0.683525
0.553357 0.253106
0.553673 0.374108
0.555163 0.574414
0.557148 0.089265
0.557336 0.508868
0.559972 0.446676
0.561486 0.782421
0.561940 0.352670
0.562224 0.607403
0.563694 0.355482
0.563886 0.574203
0.565878 0.563807
0.567019 0.223140
0.567334 0.256594
0.571783 0.343134
0.572779 0.259094
0.573930 0.476175
0.575162 0.319326
0.576711 0.555776
0.578780 0.501972
0.578847 0.578764
0.579873 0.247620
0.580342 0.362547
0.586376 0.405708
0.588283 0.617774
0.589674 0.634396
0.592644 0.556366
0.592941 0.497901
0.595269 0.648467
0.597751 0.421785
0.598906 0.371128
0.598929 0.357714
0.602478 0.328643
0.603137 0.641772
0.603693 0.332232
0.605332 0.556638
0.608308 0.434103
0.609047 0.554433
0.611142 0.639241
0.611203 0.656121
0.613862 0.512809
0.613913 0.587554
0.616100 0.224730
0.616923 0.696637
0.618901 0.657884
0.618933 0.728268
0.624787 0.071866
0.625581 0.490330
0.628328 0.357981
0.629393 0.326838
0.630172 0.475325
0.633162 0.206459
0.634590 0.365199
0.636134 0.205331
0.636215 0.570688
0.636900 0.462764
0.637402 0.399150
0.638032 0.191659
0.638280 0.451828
0.639593 0.645694
0.640114 0.400512
0.643886 0.213937
0.646002 0.610480
0.646657 0.322827
0.647545 0.522049
0.648000 0.564087
0.653114 0.865995
0.658703 0.396132
0.661176 0.519531
0.663524 0.462434
0.664347 0.442019
0.666769 0.421062
0.668425 0.702799
0.668946 0.341730
0.669879 0.373465
0.670033 0.319053
0.675016 0.741657
0.676986 0.345419
0.678417 0.635433
0.678970 0.461913
0.680568 0.338285
0.680730 0.833459
0.685673 0.347890
0.685731 0.216416
0.687234 0.462780
0.690453 0.362274
0.699168 0.829660
0.701131 0.277627
0.703863 1.000000
0.709609 0.295699
0.710643 0.647302
0.711947 0.538541
0.712330 0.440227
0.714361 0.401918
0.716873 0.451967
0.717682 0.499883
0.718891 0.317274
0.720159 0.392982
0.720589 0.655629
0.721447 0.466577
0.722456 0.757265
0.722963 0.293103
0.723207 0.455073
0.723470 0.355980
0.725983 0.211453
0.726229 0.453571
0.729005 0.570298
0.729731 0.641907
0.731987 0.496415
0.732294 0.535060
0.735437 0.771857
0.739048 0.667710
0.741293 0.478946
0.741486 0.069480
0.746431 0.544934
0.746646 0.535459
0.748941 0.676722
0.750294 0.193240
0.750935 0.745364
0.751565 0.572199
0.754786 0.611881
0.756047 0.470481
0.756281 0.414544
0.756970 0.455118
0.758581 0.540268
0.760165 0.746657
0.760416 0.393778
0.763208 0.752876
0.763565 0.390218
0.764354 0.861613
0.767499 0.403573
0.770789 0.310431
0.773019 0.454750
0.774009 0.547261
0.774878 0.732443
0.776073 0.797588
0.777908 0.606056
0.779001 0.913826
0.782130 0.212204
0.784325 0.632959
0.784361 0.649653
0.785129 0.610111
0.786474 0.654002
0.786954 0.475834
0.788161 0.474740
0.788378 0.565664
0.788380 0.090868
0.788532 0.756672
0.788696 0.550048
0.789554 0.414871
0.790916 0.430141
0.791213 0.487480
0.791404 0.349720
0.792740 0.245597
0.794427 0.531493
0.794623 0.545377
0.795230 0.237313
0.796993 0.342478
0.797023 0.309931
0.798072 0.621551
0.798200 0.523359
0.801349 0.452089
0.802103 0.439225
0.803312 0.603444
0.808141 0.329478
0.812712 0.325796
0.813187 0.066557
0.813760 0.418732
0.818783 0.459679
0.818835 0.339255
0.819415 0.494685
0.822415 0.627468
0.822629 0.487508
0.824750 0.714482
0.825393 0.430949
0.825656 0.517315
0.828289 0.525664
0.828508 0.502883
0.828650 0.577535
0.828880 0.493841
0.830466 0.376656
0.830515 0.726037
0.831705 0.641734
0.835769 0.609800
0.838222 0.525295
0.841671 0.443380
0.843023 0.723328
0.843819 0.513569
0.843850 0.345491
0.844500 0.548716
0.848757 0.481957
0.850484 0.500929
0.850640 0.359146
0.853162 0.481134
0.854188 0.837611
0.854770 0.601267
0.855067 0.676256
0.855605 0.495767
0.859143 0.698731
0.862495 0.362517
0.863982 0.621290
0.864899 0.301916
0.868384 0.464937
0.871273 0.313145
0.872178 0.410566
0.873784 0.474931
0.878874 0.813851
0.881294 0.516621
0.882276 0.214922
0.882702 0.362061
0.887066 0.472464
0.887461 0.499973
0.888915 0.724336
0.893082 0.663071
0.894633 0.829011
0.895289 0.278227
0.895704 0.411898
0.895901 0.691372
0.896036 0.467494
0.900978 0.407032
0.901980 0.591797
0.902113 0.679817
0.906526 0.531800
0.908570 0.381009
0.909148 0.804247
0.911664 0.723587
0.911686 0.444619
0.913783 0.383124
0.913908 0.414902
0.913979 0.523662
0.914802 0.526167
0.914947 0.842062
0.915976 0.462422
0.916510 0.507132
0.917777 0.566251
0.918092 0.552391
0.918884 0.324318
0.919651 0.566193
0.922602 0.436581
0.923583 0.222269
0.924504 0.186577
0.924831 0.828513
0.928418 0.476000
0.931031 0.658062
0.935363 0.314387
0.938686 0.637777
0.939523 0.617001
0.941473 0.386392
0.941797 0.850414
0.942861 0.743905
0.944442 0.403547
0.946112 0.299250
0.948338 0.553586
0.949969 0.564331
0.950231 0.397041
0.950870 0.400363
0.951549 0.372422
0.951962 0.719210
0.952976 0.537096
0.953659 0.816861
0.955423 0.327270
0.955658 0.417566
0.963801 0.279982
0.964190 0.261556
0.967392 0.704335
0.969132 0.465660
0.971186 0.421213
0.973518 0.593689
0.973989 0.350449
0.974345 0.443987
0.975773 0.270658
0.978001 0.578476
0.978091 0.439031
0.979779 0.544630
0.980422 0.778788
0.980584 0.418757
0.981074 0.370757
0.982080 0.744786
0.982211 0.453134
0.984664 0.228713
0.985567 0.579863
0.986352 0.429082
0.987924 0.782769
0.988013 0.419434
0.990848 0.809152
0.991123 0.639026
0.994962 0.530778
0.998728 0.458999
0.999905 0.369068
1.000000 0.501447
