0.000000 0.597970
0.000293 0.591797
0.002434 0.689370
0.004556 0.685706
0.005940 0.678127
0.006651 0.725185
0.007539 0.515318
0.008484 0.682785
0.009069 0.537934
0.010448 0.598269
0.011064 0.714425
0.015080 0.575978
0.015295 0.602929
0.018173 0.665715
0.019333 0.562074
0.019740 0.601378
0.021958 0.581589
0.022991 0.681306
0.024217 0.707122
0.026962 0.541811
0.027293 0.579825
0.028450 0.632526
0.028454 0.465997
0.028503 0.661292
0.029521 0.650104
0.031698 0.581206
0.033449 0.613916
0.035343 0.600589
0.035658 0.675866
0.037158 0.552889
0.037915 0.635269
0.039952 0.528944
0.040639 0.670379
0.041880 0.547040
0.043112 0.602830
0.043868 0.660492
0.046388 0.657257
0.046713 0.516221
0.047999 0.655090
0.050777 0.714841
0.051329 0.610780
0.051423 0.615718
0.052306 0.630152
0.053524 0.619893
0.053542 0.601825
0.054768 0.622434
0.056320 0.607351
0.057585 0.512186
0.058966 0.665930
0.060487 0.556129
0.061072 0.540729
0.061176 0.492631
0.062464 0.628686
0.065159 0.534188
0.066661 0.580906
0.067193 0.726888
0.068283 0.593063
0.068650 0.656296
0.069701 0.682500
0.072404 0.671754
0.073679 0.692905
0.074848 0.715335
0.077710 0.662123
0.078163 0.623222
0.078266 0.599579
0.078729 0.568186
0.080207 0.645041
0.080501 0.692498
0.081254 0.624665
0.083453 0.567080
0.083575 0.560138
0.084600 0.604843
0.086835 0.573367
0.088369 0.705904
0.088623 0.485255
0.088699 0.591507
0.088736 0.718546
0.089039 0.491772
0.089283 0.518696
0.090422 0.558920
0.090589 0.557032
0.091889 0.555717
0.092703 0.658696
0.095231 0.602064
0.095800 0.614057
0.096853 0.650369
0.099271 0.596608
0.100178 0.630149
0.100651 0.625052
0.101411 0.598542
0.102424 0.630336
0.103702 0.500732
0.106104 0.618345
0.107806 0.574848
0.109387 0.615882
0.109930 0.629668
0.110044 0.603149
0.110507 0.607123
0.110617 0.612346
0.110714 0.552909
0.111413 0.544663
0.111728 0.598301
0.112000 0.545155
0.112733 0.541698
0.113948 0.579220
0.114749 0.512424
0.114807 0.506158
0.115269 0.631604
0.116336 0.598192
0.121410 0.562525
0.121500 0.590166
0.121954 0.618374
0.124207 0.602406
0.124460 0.564532
0.124841 0.614708
0.125825 0.655304
0.126077 0.573899
0.126243 0.594306
0.129984 0.723270
0.130207 0.525674
0.130381 0.587366
0.133302 0.611540
0.134304 0.513739
0.134593 0.462217
0.135004 0.564793
0.135848 0.703670
0.136232 0.532399
0.137073 0.624961
0.138721 0.488121
0.142301 0.558042
0.143254 0.677805
0.143749 0.630585
0.146325 0.502650
0.146699 0.587170
0.148413 0.641733
0.150100 0.536606
0.150527 0.681330
0.150936 0.542822
0.152040 0.681146
0.152089 0.508417
0.154045 0.660685
0.155920 0.597375
0.157119 0.601736
0.158282 0.643306
0.158624 0.525450
0.159196 0.575920
0.160878 0.599863
0.161078 0.570972
0.162815 0.564410
0.163499 0.528980
0.164434 0.578014
0.164848 0.529571
0.164970 0.598444
0.165934 0.483618
0.166749 0.586074
0.167415 0.688516
0.167996 0.599967
0.169358 0.535284
0.170359 0.409287
0.170584 0.581375
0.171832 0.600263
0.172074 0.547850
0.176046 0.638223
0.176282 0.599551
0.177221 0.511365
0.181202 0.589968
0.181457 0.654497
0.183349 0.699085
0.185030 0.570667
0.186404 0.565625
0.189156 0.504993
0.189420 0.491154
0.189732 0.554598
0.190152 0.610063
0.190817 0.586663
0.191127 0.630389
0.192176 0.446733
0.192419 0.576671
0.194473 0.623630
0.197316 0.640430
0.197393 0.561378
0.197691 0.682819
0.199892 0.556722
0.202310 0.612226
0.203294 0.563333
0.203890 0.538171
0.204424 0.589535
0.204579 0.603853
0.206574 0.594305
0.206961 0.608695
0.207554 0.500106
0.208341 0.670616
0.210055 0.602596
0.211141 0.613646
0.211573 0.575527
0.212836 0.513902
0.213037 0.664891
0.213198 0.535082
0.214273 0.629306
0.214440 0.525032
0.214572 0.627342
0.214722 0.555713
0.215291 0.529605
0.217609 0.568965
0.219201 0.496319
0.219282 0.577570
0.220230 0.628646
0.220776 0.505034
0.221243 0.553969
0.222918 0.570276
0.224606 0.611307
0.225122 0.641015
0.225170 0.593770
0.227760 0.560227
0.228391 0.561974
0.228488 0.581108
0.231259 0.546767
0.231569 0.558618
0.232380 0.584692
0.232543 0.474321
0.235108 0.579384
0.236404 0.581209
0.236412 0.480602
0.239127 0.500535
0.240133 0.611148
0.241614 0.578615
0.244788 0.592511
0.245648 0.597774
0.247548 0.489451
0.248838 0.592583
0.249344 0.642430
0.250326 0.544220
0.254032 0.719828
0.255570 0.602365
0.258364 0.606557
0.259318 0.620756
0.261759 0.445855
0.262311 0.548509
0.263809 0.622848
0.263958 0.609858
0.264598 0.479101
0.264860 0.491016
0.267974 0.576876
0.271928 0.523400
0.272783 0.663671
0.273171 0.667118
0.273669 0.614152
0.273870 0.580781
0.273946 0.597293
0.278224 0.529377
0.278400 0.473511
0.278503 0.545300
0.281090 0.426358
0.282551 0.583248
0.284090 0.548889
0.285011 0.565622
0.286992 0.484618
0.287282 0.589650
0.288507 0.544416
0.289509 0.552108
0.290180 0.503393
0.292779 0.548396
0.293594 0.727228
0.294204 0.595359
0.294698 0.590551
0.296817 0.627191
0.300187 0.478833
0.301261 0.475728
0.301467 0.454626
0.301960 0.617670
0.302988 0.673338
0.304596 0.496919
0.304885 0.471689
0.308161 0.572430
0.308437 0.539474
0.308498 0.506234
0.308625 0.447183
0.310184 0.596852
0.311150 0.676754
0.311740 0.498913
0.311838 0.651896
0.312024 0.459331
0.312173 0.517435
0.315376 0.523537
0.316029 0.617487
0.316933 0.593243
0.320002 0.610178
0.320535 0.529461
0.321361 0.512139
0.321591 0.417958
0.322143 0.512419
0.322452 0.497320
0.323183 0.479489
0.323907 0.549037
0.324655 0.484026
0.326285 0.765059
0.326690 0.495270
0.328620 0.529330
0.329741 0.480884
0.333800 0.682081
0.335353 0.571169
0.336936 0.597307
0.337257 0.604970
0.337794 0.606305
0.339461 0.587283
0.341471 0.454636
0.341905 0.474865
0.342182 0.535242
0.346111 0.413827
0.346113 0.530718
0.346470 0.691404
0.346742 0.495036
0.346819 0.559798
0.347534 0.492827
0.348401 0.487973
0.349179 0.488325
0.349641 0.460288
0.349712 0.592923
0.350115 0.572212
0.351057 0.581033
0.351493 0.408900
0.351659 0.568711
0.352030 0.435146
0.352678 0.517143
0.352718 0.630342
0.352904 0.558066
0.354085 0.526842
0.354503 0.605477
0.356222 0.656637
0.357583 0.359617
0.360384 0.649193
0.360627 0.441244
0.362311 0.469136
0.363473 0.409505
0.365544 0.666966
0.366200 0.369116
0.366449 0.486507
0.368540 0.494880
0.369700 0.576774
0.370177 0.578676
0.371513 0.681421
0.371958 0.512649
0.371970 0.580035
0.372776 0.708424
0.377908 0.520552
0.380136 0.521701
0.380338 0.379096
0.381327 0.547636
0.381408 0.645531
0.382714 0.599627
0.383444 0.617498
0.385014 0.688729
0.386953 0.685114
0.389372 0.450733
0.390278 0.430924
0.391220 0.577058
0.391919 0.526321
0.392011 0.656289
0.392794 0.491174
0.393578 0.572454
0.394404 0.531883
0.395098 0.552142
0.397056 0.599940
0.397564 0.415535
0.400859 0.489644
0.400930 0.506276
0.403204 0.547726
0.404526 0.585121
0.408311 0.537769
0.410321 0.498304
0.410525 0.558281
0.410599 0.532340
0.411200 0.641270
0.412798 0.547214
0.414087 0.648195
0.414572 0.580789
0.414737 0.592926
0.414794 0.443863
0.414956 0.585647
0.415421 0.569011
0.416658 0.674025
0.418123 0.545429
0.418249 0.498170
0.419087 0.595193
0.419758 0.363311
0.419954 0.625384
0.421441 0.511723
0.422485 0.587699
0.422734 0.479210
0.423487 0.593492
0.424178 0.738804
0.425562 0.370633
0.425779 0.458356
0.425954 0.451241
0.427319 0.452627
0.428698 0.498173
0.428909 0.533649
0.430097 0.451041
0.430816 0.387218
0.431905 0.543765
0.432549 0.762299
0.433813 0.507858
0.436253 0.603502
0.436303 0.547400
0.437146 0.532702
0.439477 0.579097
0.440910 0.543507
0.444950 0.487721
0.446442 0.704488
0.447908 0.699047
0.448330 0.445841
0.453367 0.356893
0.454381 0.446419
0.454848 0.411727
0.457174 0.497304
0.457259 0.619257
0.457585 0.577856
0.458476 0.552728
0.460252 0.662997
0.461157 0.648233
0.462182 0.583721
0.462373 0.474719
0.464232 0.480203
0.464687 0.333717
0.464702 0.432185
0.464845 0.549402
0.465125 0.592093
0.465253 0.499929
0.468557 0.483862
0.468952 0.539462
0.473831 0.584373
0.476903 0.500099
0.477268 0.486073
0.478576 0.604950
0.479051 0.639606
0.482511 0.658879
0.483243 0.520067
0.484132 0.629319
0.487577 0.626541
0.487725 0.481181
0.488208 0.505260
0.488851 0.669497
0.492780 0.497784
0.493473 0.448926
0.496415 0.596439
0.500530 0.418365
0.500678 0.513692
0.500997 0.549981
0.501350 0.413222
0.502165 0.693339
0.503178 0.485742
0.504370 0.452112
0.508136 0.618924
0.508394 0.554725
0.509977 0.489019
0.510047 0.533009
0.510279 0.466915
0.510358 0.604583
0.511883 0.604078
0.512157 0.709658
0.513050 0.510352
0.513540 0.426544
0.514101 0.555613
0.518019 0.585219
0.520379 0.474495
0.521005 0.440840
0.522040 0.425254
0.522659 0.547544
0.523080 0.517272
0.524748 0.549674
0.525758 0.418996
0.525855 0.509465
0.526825 0.459595
0.527257 0.556531
0.528299 0.461707
0.529010 0.504004
0.529294 0.561250
0.530045 0.436871
0.531847 0.390446
0.532060 0.569566
0.534925 0.299500
0.535099 0.509607
0.537796 0.525650
0.538604 0.631328
0.539536 0.456296
0.542775 0.467859
0.543002 0.512664
0.543096 0.454870
0.546393 0.512482
0.550076 0.358281
0.550092 0.635918
0.550581 0.412111
0.550741 0.732012
0.554012 0.342971
0.554265 0.496040
0.555696 0.407545
0.556578 0.483085
0.558021 0.379464
0.560773 0.682419
0.562317 0.521582
0.563920 0.441416
0.564015 0.351368
0.565228 0.694004
0.565249 0.499351
0.565686 0.574262
0.565898 0.370241
0.566338 0.518347
0.566352 0.356101
0.566850 0.558665
0.572171 0.471190
0.572326 0.551729
0.576824 0.395857
0.578027 0.429933
0.578198 0.544128
0.578860 0.471152
0.579807 0.565723
0.580245 0.482523
0.580280 0.701589
0.580629 0.630662
0.581174 0.548149
0.581729 0.413061
0.583748 0.649004
0.585082 0.577219
0.585147 0.463610
0.586760 0.441188
0.587119 0.609753
0.591417 0.479609
0.592876 0.467876
0.594220 0.541267
0.595404 0.484804
0.596137 0.286939
0.596789 0.267652
0.601015 0.620200
0.602709 0.568594
0.603371 0.452029
0.604995 0.520560
0.606362 0.559338
0.606811 0.433754
0.607226 0.327382
0.607253 0.514559
0.610375 0.501797
0.610788 0.501202
0.611859 0.475389
0.612311 0.598084
0.613867 0.554570
0.614731 0.515623
0.618132 0.581831
0.618310 0.321658
0.619312 0.423487
0.620619 0.385833
0.621999 0.519934
0.623278 0.529843
0.623438 0.509244
0.626943 0.563233
0.627007 0.450087
0.627053 0.489947
0.628918 0.770197
0.629208 0.386205
0.629703 0.335235
0.630192 0.383981
0.631273 0.336728
0.631454 0.395511
0.631620 0.386382
0.633143 0.325908
0.634013 0.290925
0.634934 0.271036
0.636512 0.324214
0.636870 0.453624
0.637093 0.645441
0.637297 0.616869
0.637561 0.385429
0.637998 0.571530
0.638694 0.731264
0.639287 0.582202
0.639835 0.478382
0.640198 0.703422
0.640952 0.506102
0.641266 0.373574
0.641382 0.500899
0.642235 0.537658
0.642271 0.616886
0.642649 0.507569
0.643860 0.605486
0.643934 0.520945
0.644706 0.307306
0.646168 0.456440
0.646394 0.519875
0.648633 0.432029
0.650139 0.441716
0.652544 0.472767
0.654334 0.384653
0.654358 0.413423
0.657111 0.577505
0.657135 0.441391
0.660728 0.389762
0.660900 0.292071
0.664145 0.646079
0.666463 0.402200
0.666500 0.380383
0.666538 0.522222
0.666995 0.560051
0.669716 0.594129
0.669990 0.523897
0.670052 0.351230
0.672421 0.489573
0.673841 0.751459
0.674692 0.488410
0.675055 0.573208
0.675616 0.450785
0.677231 0.647146
0.677817 0.231996
0.677824 0.702162
0.678123 0.406046
0.678567 0.595737
0.679247 0.623614
0.680456 0.204841
0.681859 0.307797
0.682833 0.664723
0.683128 0.530303
0.684096 0.300506
0.684262 0.453346
0.684735 0.418984
0.684856 0.568746
0.685599 0.441286
0.688251 0.621049
0.688856 0.427965
0.689216 0.470922
0.689804 0.526210
0.690238 0.524599
0.690721 0.528224
0.690749 0.440781
0.692385 0.653018
0.695121 0.591035
0.696148 0.273072
0.697358 0.589129
0.698091 0.579274
0.699756 0.441631
0.700756 0.695853
0.702025 0.784352
0.703047 0.662389
0.707518 0.457403
0.707658 0.572696
0.707730 0.804775
0.707981 0.513628
0.709992 0.446491
0.710238 0.509626
0.710585 0.310461
0.710804 0.347533
0.711399 0.646488
0.711458 0.590756
0.712810 0.558399
0.712914 0.435964
0.713717 0.361222
0.714670 0.495621
0.715670 0.441592
0.717473 0.493965
0.720538 0.529029
0.720869 0.518529
0.721895 0.502569
0.723561 0.428835
0.725104 0.334436
0.726123 0.560164
0.728159 0.553604
0.728533 0.345525
0.729007 0.532485
0.731809 0.422779
0.732506 0.551303
0.734214 0.403466
0.734342 0.337480
0.734467 0.158087
0.736423 0.440627
0.736978 0.469878
0.740484 0.428807
0.740897 0.465793
0.742427 0.422590
0.742627 0.634065
0.743084 0.409175
0.744446 0.393728
0.744865 0.529503
0.746690 0.510130
0.747397 0.626743
0.747503 0.330123
0.752525 0.497238
0.754346 0.574587
0.754973 0.347223
0.755251 0.456511
0.755762 0.567511
0.757002 0.664373
0.757321 0.568450
0.757546 0.599462
0.759567 0.519799
0.759720 0.540687
0.760258 0.428669
0.760925 0.354984
0.761400 0.452205
0.764009 0.545252
0.764239 0.656246
0.765887 0.609514
0.767077 0.442521
0.769022 0.416218
0.770021 0.732401
0.770983 0.391085
0.772415 0.543740
0.772803 0.451742
0.774048 0.465778
0.775057 0.356792
0.776354 0.434364
0.776521 0.480097
0.776792 0.385894
0.778052 0.477706
0.779104 0.622018
0.779153 0.441759
0.779875 0.475764
0.781461 0.590064
0.782031 0.244029
0.783203 0.751123
0.783313 0.343386
0.783795 0.495644
0.783821 0.678293
0.785003 0.300557
0.785328 0.308757
0.785615 0.140408
0.787490 0.387229
0.787750 0.283351
0.788011 0.471251
0.789891 0.561668
0.791380 0.453627
0.793251 0.338204
0.796264 0.526622
0.797764 0.459869
0.801923 0.000000
0.807828 0.179352
0.808189 0.451929
0.809189 0.527084
0.810480 0.490645
0.812443 0.582846
0.812905 0.431119
0.816176 0.415904
0.816440 0.607304
0.816757 0.641726
0.817934 0.579251
0.819717 0.547966
0.820720 0.540410
0.821440 0.594417
0.823089 0.421544
0.823948 0.610116
0.826422 0.230403
0.826547 0.479109
0.826964 0.431961
0.827002 0.462501
0.827102 0.502108
0.827630 0.302145
0.827868 0.361297
0.829159 0.235734
0.829214 0.599763
0.829320 0.366950
0.831066 0.495872
0.831372 0.268483
0.833148 0.697140
0.833235 0.165344
0.834760 0.615843
0.838384 0.597299
0.839019 0.564789
0.839339 0.467001
0.839801 0.478821
0.840299 0.407477
0.840516 0.412854
0.841896 0.488337
0.842157 0.281850
0.843933 0.473291
0.845005 0.636113
0.845318 0.209941
0.846139 0.231026
0.846312 0.450397
0.846921 0.465391
0.847138 0.693948
0.852450 0.420129
0.852656 0.260171
0.855848 0.336018
0.857425 0.397181
0.857822 0.388066
0.859082 0.526355
0.859552 0.343846
0.864743 0.429156
0.865961 0.508499
0.866967 0.189192
0.867172 0.450481
0.868706 0.249728
0.871330 0.383647
0.871465 0.188302
0.871520 0.234965
0.873665 0.317782
0.874760 0.429038
0.875215 0.300061
0.878811 0.322263
0.881977 0.680821
0.885598 0.509046
0.886080 0.515111
0.889850 0.488060
0.890060 0.411434
0.891425 0.520132
0.891530 0.476410
0.893930 0.496923
0.894840 0.284897
0.895136 0.265765
0.895337 0.371419
0.897721 0.554662
0.898933 0.339044
0.901568 0.643143
0.901605 0.490818
0.902701 0.484866
0.902842 0.481155
0.906986 0.484701
0.907579 0.496708
0.908203 0.248380
0.910409 0.171005
0.912349 0.281028
0.913264 0.560981
0.915278 0.345295
0.916976 0.690254
0.917230 0.443094
0.917837 0.564811
0.918325 0.532619
0.919161 0.551862
0.919567 0.513534
0.921365 1.000000
0.921564 0.575991
0.921937 0.625250
0.922006 0.511610
0.925593 0.369043
0.925728 0.314482
0.926784 0.508167
0.928289 0.497564
0.928572 0.374880
0.929109 0.396555
0.929630 0.460479
0.929919 0.250003
0.931648 0.490204
0.931651 0.428503
0.931727 0.327328
0.931977 0.383751
0.932240 0.596283
0.933166 0.464851
0.933232 0.216067
0.934532 0.356503
0.934771 0.425955
0.935403 0.323973
0.936333 0.304568
0.936695 0.370348
0.937233 0.522541
0.937648 0.457005
0.938490 0.649477
0.939690 0.244641
0.939733 0.491322
0.942278 0.567284
0.942373 0.600086
0.942522 0.417352
0.943310 0.430942
0.943411 0.510509
0.945764 0.588688
0.946617 0.480686
0.946905 0.420952
0.947006 0.610978
0.947140 0.312843
0.947588 0.397591
0.949036 0.381488
0.951008 0.618262
0.951643 0.411926
0.954152 0.243648
0.954405 0.638386
0.954967 0.286791
0.957907 0.356045
0.959668 0.460450
0.959729 0.381391
0.960928 0.223589
0.962431 0.458622
0.962462 0.385357
0.963318 0.266445
0.964538 0.521274
0.965463 0.411804
0.968017 0.199017
0.969573 0.471430
0.969707 0.291501
0.971135 0.473870
0.971300 0.587786
0.971675 0.545627
0.972053 0.627748
0.976216 0.458965
0.976581 0.566227
0.977220 0.538288
0.977810 0.634454
0.978551 0.459980
0.981592 0.651151
0.981721 0.434427
0.982969 0.548019
0.983321 0.440622
0.983653 0.389832
0.984409 0.200305
0.984801 0.570102
0.986532 0.138529
0.986656 0.419159
0.988607 0.607305
0.989600 0.401622
0.990063 0.262075
0.991262 0.688058
0.992463 0.788096
0.993109 0.361944
0.993276 0.475130
0.993582 0.425796
0.995539 0.730218
0.996243 0.338422
0.996246 0.208570
0.998061 0.330272
1.000000 0.363409
