0.000000 0.808479
0.002190 0.640270
0.002298 0.835264
0.003097 0.853658
0.003433 0.642374
0.004199 0.649559
0.004634 0.575534
0.005508 0.707665
0.005992 0.610401
0.006150 0.881986
0.006429 0.748919
0.006473 0.684290
0.006791 0.705525
0.007644 0.868431
0.007678 0.772967
0.008262 0.736737
0.008412 0.831085
0.008771 0.869277
0.009558 0.767706
0.010476 0.463382
0.010850 0.822548
0.011547 0.696824
0.011855 0.765918
0.013092 0.604281
0.013399 0.693588
0.015584 0.662947
0.015995 0.794055
0.017089 0.831832
0.017234 0.727572
0.017720 0.783002
0.018590 0.817649
0.019189 0.666856
0.020672 0.688006
0.021860 0.712789
0.022167 0.659427
0.023100 0.840387
0.023138 0.636937
0.023814 0.670179
0.025279 0.666199
0.027336 0.894776
0.027631 0.698924
0.028607 0.898044
0.028745 0.766340
0.030361 0.461764
0.031927 0.673931
0.032908 0.770921
0.034195 0.829310
0.035232 0.637381
0.035451 0.875231
0.036339 0.723683
0.036854 0.746870
0.036939 0.729832
0.037050 0.671750
0.037365 0.817112
0.037751 0.589383
0.040038 0.838775
0.042201 0.645242
0.042571 0.774455
0.043150 0.898622
0.044023 0.867731
0.044521 0.679670
0.045468 0.524085
0.045641 0.732599
0.045699 0.700819
0.046427 0.658032
0.046960 0.558928
0.047017 0.653578
0.047344 0.648399
0.047673 0.654108
0.050061 0.776536
0.050397 0.815797
0.052694 0.744259
0.053298 0.671273
0.053643 0.735517
0.053996 0.720723
0.055272 0.689719
0.055616 0.810785
0.058077 0.758928
0.059697 0.609010
0.059998 0.616947
0.060061 0.752143
0.060072 0.753900
0.060082 0.933321
0.060483 0.485640
0.062315 0.738661
0.062475 0.623398
0.063054 0.542635
0.064773 0.626371
0.065863 0.876359
0.066189 0.637428
0.066284 0.938603
0.066862 0.821893
0.068240 0.654521
0.068530 0.750331
0.068742 0.693298
0.069601 0.762390
0.070467 0.519658
0.072455 0.655290
0.072516 0.697405
0.072546 1.000000
0.075317 0.805282
0.075480 0.481118
0.075673 0.509349
0.076751 0.807485
0.076802 0.572609
0.076854 0.532800
0.077023 0.658198
0.077892 0.628244
0.079780 0.561403
0.080501 0.588155
0.081354 0.471164
0.082925 0.527206
0.083037 0.731573
0.083569 0.733148
0.083848 0.615091
0.083864 0.549796
0.084584 0.662679
0.086164 0.769000
0.087987 0.707325
0.088079 0.744231
0.088090 0.450805
0.088224 0.543973
0.088856 0.758165
0.090184 0.678026
0.091204 0.710968
0.092214 0.489710
0.092438 0.565120
0.093291 0.690177
0.093873 0.560686
0.093905 0.714115
0.094045 0.700133
0.095838 0.710151
0.097623 0.858692
0.099268 0.779848
0.100316 0.541212
0.101684 0.617113
0.102687 0.690660
0.104673 0.818551
0.106031 0.536164
0.107842 0.784142
0.108714 0.478781
0.109218 0.545865
0.109747 0.695857
0.109871 0.741942
0.111872 0.823478
0.113162 0.903533
0.113900 0.693502
0.114398 0.922738
0.114408 0.703534
0.115291 0.530800
0.115727 0.764992
0.116938 0.570428
0.117203 0.906278
0.117368 0.764592
0.118640 0.539987
0.118834 0.636135
0.119085 0.706616
0.119753 0.676536
0.120433 0.650232
0.121181 0.670713
0.121509 0.698591
0.122610 0.615464
0.123095 0.675915
0.124715 0.804326
0.125101 0.903807
0.125653 0.696578
0.125790 0.696174
0.126967 0.748166
0.127010 0.673902
0.130434 0.789834
0.132231 0.945538
0.132243 0.484890
0.132356 0.688590
0.133346 0.732364
0.133359 0.560712
0.133431 0.646847
0.133630 0.565021
0.133699 0.819116
0.135833 0.666472
0.136179 0.750038
0.136979 0.878235
0.137921 0.875125
0.138057 0.981278
0.139912 0.580910
0.140647 0.808081
0.143618 0.583324
0.145545 0.792470
0.146086 0.390183
0.146178 0.416144
0.148619 0.664125
0.149224 0.656223
0.152155 0.676752
0.152334 0.688626
0.152516 0.602026
0.154305 0.766979
0.155134 0.541412
0.155163 0.592065
0.155780 0.839246
0.155903 0.489063
0.156153 0.691665
0.156243 0.536526
0.156954 0.649363
0.159296 0.727809
0.159456 0.627969
0.161797 0.534828
0.163014 0.786552
0.165008 0.735698
0.167249 0.686875
0.168163 0.765268
0.168491 0.451772
0.169253 0.587416
0.169729 0.613271
0.170508 0.495846
0.170602 0.618680
0.171151 0.420622
0.172223 0.497981
0.172577 0.653601
0.173792 0.618551
0.173854 0.708862
0.174116 0.565784
0.174964 0.655500
0.175434 0.859101
0.177094 0.773184
0.177116 0.846071
0.177630 0.762067
0.178032 0.548071
0.179246 0.728971
0.179984 0.937984
0.180567 0.668352
0.180827 0.772324
0.181378 0.568866
0.181709 0.569810
0.183584 0.658363
0.185337 0.748735
0.185337 0.689735
0.185399 0.652101
0.187091 0.771829
0.187403 0.489400
0.189081 0.741570
0.190298 0.695984
0.190509 0.890231
0.190835 0.641987
0.192587 0.742620
0.192780 0.634522
0.193614 0.721579
0.195038 0.661763
0.195416 0.857551
0.195742 0.636373
0.196428 0.852448
0.196537 0.449719
0.197756 0.647901
0.198568 0.677234
0.201153 0.777122
0.202064 0.893310
0.202366 0.663268
0.202789 0.776287
0.204317 0.952973
0.205088 0.875807
0.206394 0.481823
0.206429 0.798304
0.207892 0.776546
0.208047 0.660088
0.208140 0.635120
0.209660 0.694260
0.210243 0.559976
0.212698 0.804437
0.212706 0.757917
0.214481 0.696352
0.214679 0.730216
0.214914 0.779825
0.215311 0.570115
0.217294 0.662560
0.219446 0.724435
0.219958 0.487151
0.220419 0.725594
0.220741 0.642306
0.221110 0.751925
0.221523 0.680901
0.222746 0.451602
0.223302 0.886461
0.224425 0.519330
0.226113 0.679331
0.226628 0.758020
0.226824 0.706338
0.226854 0.455140
0.227901 0.724498
0.227907 0.453032
0.229960 0.674294
0.232629 0.549872
0.233329 0.726995
0.234528 0.723415
0.234581 0.694523
0.237590 0.774910
0.241789 0.819055
0.242066 0.661805
0.242123 0.584042
0.244671 0.701629
0.244950 0.544935
0.245181 0.811198
0.245455 0.674421
0.246286 0.735365
0.246557 0.772676
0.246857 0.886622
0.247549 0.577088
0.248230 0.731083
0.248732 0.943801
0.249316 0.705263
0.249464 0.684124
0.250352 0.723918
0.250933 0.732226
0.251775 0.637291
0.252863 0.715367
0.252886 0.529079
0.253872 0.549259
0.254303 0.594131
0.256115 0.621995
0.256296 0.627262
0.256722 0.655492
0.256948 0.865504
0.257489 0.667530
0.257843 0.714647
0.258158 0.683827
0.259158 0.431787
0.259433 0.564635
0.260275 0.912858
0.261985 0.916295
0.262173 0.663898
0.262927 0.729401
0.265561 0.743737
0.265581 0.460406
0.266363 0.841025
0.266846 0.563185
0.267417 0.712545
0.268111 0.553351
0.268226 0.676472
0.269149 0.741459
0.269373 0.772541
0.269583 0.857049
0.270535 0.433126
0.272227 0.554054
0.273543 0.755074
0.274418 0.776704
0.274654 0.656955
0.275817 0.711166
0.275839 0.806115
0.276161 0.609432
0.276519 0.734921
0.276570 0.681658
0.277323 0.768312
0.277480 0.666820
0.281492 0.346061
0.281726 0.526636
0.282261 0.726705
0.282578 0.718361
0.282916 0.786764
0.284302 0.784709
0.285555 0.817960
0.286112 0.653376
0.286921 0.503754
0.289190 0.675873
0.290509 0.662041
0.290674 0.767262
0.290732 0.467428
0.291028 0.658501
0.291056 0.783618
0.292363 0.505766
0.292927 0.721966
0.293138 0.874434
0.295150 0.723397
0.296400 0.721222
0.296731 0.681359
0.297523 0.558980
0.300923 0.608868
0.304351 0.701351
0.305125 0.556133
0.305310 0.706710
0.305579 0.719772
0.306782 0.873397
0.307331 0.544899
0.307556 0.362707
0.308513 0.513123
0.308684 0.733764
0.309504 0.942981
0.309616 0.585701
0.309775 0.756501
0.311079 0.786941
0.311220 0.791010
0.311246 0.526199
0.311879 0.380294
0.312150 0.645027
0.314447 0.739826
0.314566 0.656559
0.316087 0.834241
0.317062 0.576316
0.317340 0.802324
0.318334 0.648716
0.320194 0.741990
0.320224 0.652087
0.320495 0.681231
0.321927 0.651833
0.322060 0.580310
0.322347 0.781545
0.325668 0.728938
0.325673 0.636208
0.325822 0.778554
0.325965 0.511681
0.327349 0.805820
0.328769 0.516005
0.330603 0.725055
0.331615 0.665330
0.332214 0.750172
0.332553 0.549161
0.332701 0.790370
0.332756 0.343674
0.332947 0.659308
0.333846 0.747436
0.335259 0.623347
0.335823 0.905087
0.335919 0.550814
0.337881 0.520881
0.338415 0.759004
0.338945 0.480702
0.339957 0.645422
0.340968 0.651194
0.342807 0.517160
0.344017 0.686690
0.349252 0.732371
0.349315 0.874023
0.349973 0.701773
0.350297 0.559536
0.350436 0.737144
0.351155 0.648933
0.351506 0.705199
0.353339 0.758984
0.353664 0.623361
0.354497 0.709070
0.355551 0.464518
0.356551 0.725014
0.357045 0.685517
0.358098 0.774564
0.359336 0.714614
0.359628 0.402147
0.359689 0.692120
0.359910 0.691247
0.360218 0.455313
0.361289 0.607620
0.362542 0.494499
0.363270 0.762101
0.363476 0.713535
0.363713 0.686904
0.366672 0.574272
0.368960 0.568978
0.370547 0.462336
0.371038 0.600818
0.371433 0.439801
0.371503 0.782469
0.373882 0.534399
0.374019 0.717174
0.374470 0.661000
0.374809 0.601390
0.375356 0.425845
0.376084 0.646310
0.376174 0.932927
0.377337 0.741268
0.377584 0.653321
0.377661 0.682056
0.379687 0.427259
0.379746 0.595070
0.383690 0.942423
0.384324 0.654745
0.386224 0.885110
0.386847 0.728252
0.387758 0.607124
0.389282 0.703136
0.390798 0.909758
0.392837 0.748993
0.392944 0.640168
0.393170 0.437288
0.393525 0.652845
0.394348 0.811836
0.397471 0.676242
0.398636 0.520975
0.400270 0.740805
0.400996 0.437460
0.401269 0.764669
0.401702 0.772801
0.401900 0.685057
0.402214 0.613566
0.402982 0.686615
0.404192 0.838832
0.404393 0.613512
0.404560 0.769506
0.405324 0.666864
0.405421 0.601192
0.405431 0.785586
0.405665 0.625180
0.407213 0.707591
0.407424 0.679442
0.407827 0.670357
0.412985 0.577734
0.412999 0.804940
0.413541 0.809774
0.413728 0.485005
0.414491 0.834971
0.414898 0.610672
0.414943 0.521604
0.416202 0.811162
0.416327 0.556430
0.416637 0.766395
0.418366 0.385126
0.419215 0.676368
0.420144 0.766535
0.421956 0.557404
0.422941 0.496491
0.424137 0.587082
0.425907 0.898872
0.426340 0.758094
0.427814 0.453613
0.431370 0.584221
0.432210 0.579861
0.433731 0.790105
0.434138 0.791225
0.434361 0.429670
0.435923 0.364500
0.436138 0.675371
0.438812 0.904257
0.440119 0.707881
0.440281 0.464906
0.441096 0.609165
0.442665 0.578823
0.443835 0.704948
0.444805 0.676787
0.445770 0.699397
0.447304 0.653148
0.448276 0.928957
0.449483 0.495069
0.450607 0.655638
0.450804 0.571061
0.451156 0.731951
0.451724 0.876938
0.453204 0.598596
0.453402 0.531143
0.453980 0.658185
0.454067 0.501219
0.457090 0.607586
0.457640 0.595845
0.457852 0.613188
0.458495 0.705616
0.459119 0.653836
0.459557 0.680540
0.459863 0.519369
0.459875 0.685510
0.459952 0.621818
0.461524 0.969918
0.461832 0.725240
0.462337 0.817930
0.463100 0.508919
0.463213 0.664710
0.463618 0.740804
0.464133 0.618687
0.464409 0.668363
0.464566 0.754121
0.465107 0.603362
0.465851 0.686672
0.467145 0.722032
0.467284 0.685894
0.468941 0.464615
0.469355 0.557693
0.470668 0.776602
0.471392 0.683202
0.474114 0.582598
0.474384 0.533901
0.475576 0.412851
0.476109 0.728835
0.477980 0.663260
0.479220 0.456337
0.479397 0.403450
0.479481 0.815224
0.479619 0.712425
0.479819 0.321402
0.481679 0.775884
0.482104 0.417177
0.482844 0.674731
0.483712 0.749972
0.484341 0.551950
0.484778 0.541009
0.485169 0.337979
0.486380 0.598247
0.486391 0.721136
0.487035 0.630360
0.488387 0.452334
0.489460 0.662987
0.489667 0.621816
0.490191 0.511351
0.490602 0.441201
0.490776 0.658082
0.491921 0.622652
0.493174 0.680061
0.494282 0.410560
0.495060 0.616118
0.496574 0.488637
0.496577 0.360835
0.497579 0.540907
0.498002 0.362453
0.498274 0.446813
0.498283 0.720486
0.498641 0.682527
0.499983 0.712921
0.500275 0.667358
0.500293 0.494868
0.500903 0.638936
0.501291 0.619186
0.501362 0.835171
0.502613 0.436584
0.502635 0.709169
0.503085 0.882084
0.506048 0.499109
0.509570 0.739020
0.510317 0.484056
0.510875 0.530038
0.511355 0.679354
0.514587 0.820824
0.515016 0.491378
0.516433 0.501440
0.516571 0.380778
0.516950 0.541260
0.525411 0.592172
0.526540 0.735883
0.526998 0.521547
0.527856 0.709093
0.531053 0.616799
0.533728 0.759804
0.535013 0.709284
0.535112 0.765199
0.535516 0.884407
0.535964 0.604887
0.536201 0.709604
0.536292 0.694828
0.537141 0.850964
0.537534 0.313952
0.538140 0.645392
0.538833 0.716439
0.539669 0.564428
0.539869 0.613295
0.541645 0.842405
0.542446 0.520300
0.543583 0.721303
0.543902 0.562141
0.544073 0.383197
0.546274 0.582736
0.546785 0.462757
0.546996 0.665251
0.547142 0.730405
0.547419 0.657601
0.547481 0.623319
0.547854 0.643003
0.548468 0.418690
0.549906 0.539476
0.550381 0.315320
0.550517 0.611988
0.551675 0.521123
0.551734 0.194908
0.552629 0.474723
0.553404 0.527458
0.553903 0.674228
0.554800 0.577722
0.555396 0.620972
0.555925 0.655370
0.557216 0.537515
0.557874 0.579527
0.558021 0.520530
0.558162 0.438197
0.558803 0.991437
0.559853 0.581045
0.561038 0.648597
0.561126 0.447687
0.561386 0.731308
0.561934 0.708902
0.562036 0.581515
0.562442 0.912679
0.562547 0.623582
0.563083 0.643241
0.563264 0.712761
0.566094 0.665901
0.567252 0.459501
0.567528 0.497549
0.568099 0.743438
0.568625 0.382027
0.569845 0.586658
0.571262 0.663661
0.571363 0.763499
0.572040 0.291531
0.572378 0.437794
0.574608 0.416668
0.575645 0.632618
0.576583 0.533687
0.577044 0.549580
0.577292 0.601542
0.583845 0.699864
0.586947 0.762459
0.587362 0.546079
0.587894 0.684580
0.589419 0.690224
0.590009 0.650545
0.590047 0.492589
0.590505 0.089801
0.590633 0.607387
0.590879 0.630161
0.590999 0.563971
0.590999 0.746586
0.591840 0.670708
0.592431 0.439852
0.592705 0.642522
0.592852 0.427018
0.594084 0.273730
0.594752 0.856055
0.595899 0.481859
0.596269 0.495016
0.597755 0.511234
0.598106 0.554573
0.598121 0.601671
0.600121 0.480209
0.600954 0.501474
0.604057 0.540579
0.604070 0.488200
0.606227 0.559094
0.606713 0.501819
0.608109 0.478046
0.608304 0.678025
0.608878 0.568790
0.614038 0.393073
0.614393 0.701337
0.615360 0.496927
0.616875 0.684322
0.616944 0.475100
0.617928 0.480385
0.619309 0.550011
0.621765 0.918082
0.623473 0.914731
0.623546 0.668192
0.623742 0.676196
0.627760 0.902359
0.628067 0.588810
0.629033 0.893381
0.629720 0.528620
0.629986 0.825984
0.630722 0.494471
0.632478 0.557723
0.632614 0.500772
0.633426 0.613690
0.633524 0.610145
0.637110 0.358890
0.637215 0.757063
0.639177 0.719267
0.640299 0.567506
0.640950 0.664410
0.641440 0.242147
0.642427 0.412000
0.642448 0.656222
0.642568 0.713434
0.643161 0.729717
0.643900 0.438372
0.644137 0.550671
0.644261 0.661717
0.644601 0.554540
0.644848 0.690051
0.645741 0.531375
0.646778 0.630588
0.647690 0.799993
0.649833 0.568276
0.650477 0.477325
0.650800 0.639663
0.651305 0.304649
0.654074 0.686186
0.655021 0.682399
0.655066 0.479169
0.655464 0.442153
0.655975 0.264497
0.656382 0.565903
0.656582 0.871202
0.657232 0.800167
0.657640 0.607681
0.658236 0.688835
0.658374 0.352420
0.659379 0.825009
0.659998 0.672303
0.660800 0.641715
0.661113 0.477658
0.661491 0.575825
0.661768 0.564769
0.664244 0.706005
0.664607 0.847572
0.664784 0.559572
0.665283 0.644054
0.665513 0.481564
0.665617 0.634792
0.665918 0.570667
0.666666 0.793802
0.670172 0.852230
0.670686 0.558399
0.671479 0.532757
0.671596 0.656611
0.671776 0.638744
0.671856 0.189686
0.673502 0.479064
0.673908 0.686928
0.674993 0.808000
0.675056 0.515614
0.675320 0.728177
0.676139 0.474000
0.677311 0.732081
0.677385 0.512327
0.677648 0.623890
0.677820 0.305202
0.680058 0.411388
0.682069 0.384800
0.682382 0.757065
0.684291 0.494548
0.684744 0.628651
0.686066 0.350175
0.687593 0.761409
0.688568 0.799430
0.689033 0.436196
0.689730 0.413970
0.690187 0.657429
0.690486 0.635319
0.690654 0.680172
0.692193 0.587363
0.694317 0.893041
0.697505 0.427189
0.697826 0.539447
0.700625 0.813745
0.701974 0.674698
0.704850 0.593301
0.705393 0.736785
0.707027 0.648468
0.707900 0.676589
0.709412 0.626389
0.709891 0.363245
0.710022 0.594838
0.710247 0.394032
0.710329 0.294239
0.710491 0.642924
0.711631 0.725033
0.711831 0.342598
0.713527 0.740501
0.714163 0.507926
0.714294 0.409710
0.715385 0.533380
0.717080 0.516394
0.718780 0.931107
0.719398 0.656732
0.720721 0.647517
0.721790 0.536603
0.722193 0.526418
0.722290 0.537858
0.722892 0.287398
0.723809 0.333693
0.724717 0.698246
0.724835 0.333969
0.725199 0.393852
0.726718 0.719481
0.726956 0.513510
0.726966 0.354404
0.727553 0.379128
0.728151 0.607509
0.728640 0.571284
0.728893 0.854560
0.730540 0.501077
0.730737 0.568199
0.733477 0.569237
0.734377 0.391984
0.735962 0.669199
0.735974 0.794903
0.736079 0.528786
0.736326 0.664559
0.736398 0.616517
0.736513 0.689322
0.737644 0.314777
0.737865 0.633939
0.738566 0.955109
0.739662 0.619470
0.739930 0.592484
0.740919 0.678427
0.742463 0.407061
0.744130 0.713258
0.745140 0.418404
0.746810 0.730063
0.747686 0.322034
0.748909 0.615564
0.749142 0.687270
0.749882 0.549847
0.750520 0.592567
0.751289 0.551741
0.752258 0.206592
0.754694 0.793995
0.755093 0.389810
0.757314 0.656920
0.757379 0.555594
0.757574 0.686378
0.758186 0.593681
0.760493 0.639273
0.761019 0.489024
0.762301 0.271614
0.762792 0.525677
0.762939 0.539526
0.763317 0.791528
0.764112 0.473214
0.764193 0.552907
0.764549 0.555719
0.764599 0.453843
0.765454 0.600960
0.767243 0.551122
0.768051 0.304208
0.768522 0.438291
0.771099 0.507245
0.771969 0.659308
0.772516 0.699463
0.773327 0.881250
0.775342 0.380023
0.775986 0.404428
0.777157 0.510671
0.777864 0.613707
0.780245 0.803834
0.781080 0.472618
0.781697 0.595784
0.781887 0.786722
0.782516 0.471408
0.782674 0.438818
0.783858 0.608358
0.784155 0.562538
0.784524 0.595390
0.785218 0.827688
0.785259 0.534628
0.787862 0.707629
0.788810 0.617678
0.788967 0.322430
0.790412 0.623099
0.791106 0.240234
0.792557 0.589483
0.794346 0.272777
0.795314 0.599274
0.796924 0.690317
0.798947 0.736473
0.799633 0.448897
0.800090 0.527645
0.800518 0.563306
0.801233 0.332334
0.801294 0.759507
0.801567 0.638152
0.803365 0.572901
0.804964 0.746662
0.805051 0.576609
0.805356 0.671489
0.806378 0.781936
0.807039 0.656856
0.808490 0.898722
0.808512 0.199738
0.809153 0.170159
0.809501 0.357307
0.809538 0.592103
0.809541 0.746233
0.809928 0.602431
0.811933 0.733476
0.812863 0.797841
0.813128 0.352427
0.815259 0.500110
0.815636 0.581777
0.815993 0.306700
0.816667 0.520562
0.817276 0.434564
0.818506 0.502225
0.818596 0.352994
0.820310 0.586799
0.821006 0.642167
0.821460 0.440953
0.822252 0.215218
0.822339 0.198654
0.822478 0.633547
0.825506 0.602324
0.827158 0.462173
0.829282 0.784090
0.830240 0.288931
0.832275 0.491193
0.832912 0.430829
0.833816 0.637975
0.834210 0.740928
0.834532 0.668409
0.837116 0.380146
0.838020 0.601969
0.838938 0.569529
0.839774 0.565637
0.840983 0.393546
0.844999 0.478101
0.845017 0.390632
0.845630 0.595422
0.846402 0.406423
0.846407 0.452766
0.847526 0.327077
0.847575 0.864884
0.848095 0.335367
0.849507 0.731270
0.850037 0.401480
0.850229 0.574666
0.850586 0.427382
0.850662 0.437046
0.850707 0.682217
0.854131 0.554149
0.854520 0.287223
0.854598 0.564672
0.854628 0.505652
0.854800 0.896626
0.855015 0.334535
0.855080 0.695844
0.855525 0.684221
0.856070 0.845285
0.856524 0.328586
0.856884 0.657084
0.858118 0.502134
0.858611 0.559307
0.858700 0.423502
0.858889 0.757361
0.861183 0.862270
0.861314 0.531010
0.861390 0.900567
0.861630 0.615424
0.861694 0.876417
0.862751 0.597476
0.862837 0.369000
0.863797 0.798038
0.864607 0.403346
0.864976 0.408327
0.865603 0.838673
0.866223 0.629172
0.866672 0.245593
0.866990 0.498797
0.868192 0.304923
0.868391 0.541199
0.868987 0.629177
0.869406 0.733316
0.869652 0.683971
0.872171 0.487677
0.872496 0.489844
0.872683 0.492988
0.872962 0.400869
0.874017 0.944869
0.875216 0.383423
0.875438 0.486527
0.875462 0.396236
0.875478 0.746271
0.876176 0.561425
0.881144 0.036494
0.881435 0.396211
0.881790 0.289314
0.881968 0.548245
0.882076 0.637956
0.883001 0.571219
0.883207 0.750683
0.883492 0.436042
0.885103 0.393684
0.886994 0.319760
0.887205 0.561587
0.887393 0.618265
0.887658 0.174041
0.887761 0.195747
0.888283 0.471113
0.889559 0.699457
0.891447 0.555514
0.892457 0.833002
0.892785 0.445370
0.892854 0.593572
0.893435 0.585276
0.893874 0.516721
0.894547 0.620753
0.895303 0.726558
0.895311 0.661970
0.897389 0.640959
0.897950 0.544066
0.898042 0.543879
0.899616 0.710618
0.900293 0.517657
0.902305 0.381192
0.902391 0.744209
0.903407 0.429014
0.904990 0.511590
0.904997 0.782721
0.906755 0.522335
0.907202 0.549442
0.907422 0.486787
0.908635 0.423563
0.910318 0.632409
0.911175 0.824289
0.911400 0.513680
0.912212 0.546302
0.913929 0.642787
0.914718 0.566668
0.914741 0.784495
0.915373 0.735403
0.916444 0.168630
0.917205 0.610550
0.917490 0.596816
0.918682 0.949501
0.919027 0.000000
0.922371 0.464275
0.923425 0.723202
0.924041 0.662323
0.924318 0.451530
0.924841 0.612446
0.925366 0.443911
0.926541 0.523243
0.927251 0.452365
0.927401 0.415096
0.927945 0.830045
0.928230 0.903907
0.928521 0.736100
0.929633 0.727676
0.930124 0.214981
0.930585 0.255465
0.930954 0.563321
0.931064 0.591717
0.931706 0.920214
0.934894 0.734234
0.935699 0.422898
0.936293 0.470094
0.936650 0.165362
0.939995 0.588767
0.940197 0.333803
0.941355 0.340094
0.941407 0.581441
0.941817 0.814816
0.941966 0.193294
0.942328 0.666888
0.942426 0.506836
0.942540 0.359757
0.943001 0.520891
0.944170 0.179882
0.945781 0.834261
0.945928 0.511425
0.947078 0.497191
0.947392 0.562458
0.947988 0.344033
0.949415 0.367928
0.949455 0.772782
0.950245 0.390934
0.950324 0.351093
0.950758 0.680776
0.953033 0.273014
0.954878 0.700965
0.955005 0.918500
0.956342 0.621863
0.956886 0.494718
0.957186 0.782306
0.957891 0.622324
0.959192 0.513036
0.959356 0.593608
0.959946 0.052849
0.960226 0.554127
0.960664 0.658207
0.963220 0.884318
0.963780 0.516436
0.963819 0.221108
0.964540 0.484379
0.965001 0.488449
0.965714 0.912110
0.965756 0.702203
0.965878 0.292645
0.965944 0.587401
0.968394 0.285279
0.969379 0.611396
0.969472 0.622563
0.971770 0.494036
0.973440 0.606954
0.974595 0.319960
0.975228 0.359924
0.976621 0.773575
0.977172 0.378661
0.977402 0.390332
0.979445 0.349415
0.979941 0.607538
0.980044 0.412829
0.980101 0.609007
0.980879 0.265165
0.980963 0.508233
0.983249 0.572565
0.985681 0.503752
0.985945 0.480929
0.986564 0.621305
0.986787 0.563992
0.987064 0.885335
0.987065 0.222446
0.987295 0.499326
0.987425 0.862295
0.987606 0.368884
0.987698 0.371951
0.988989 0.210276
0.989430 0.302735
0.989458 0.707970
0.990581 0.107674
0.990968 0.522689
0.991018 0.073178
0.991549 0.470089
0.993107 0.321954
0.993325 0.399162
0.994155 0.822749
0.994311 0.487988
0.997000 0.540578
0.997031 0.606280
0.997879 0.847516
0.998172 0.641015
0.998259 0.179983
0.998447 0.848369
0.999108 0.773067
0.999621 0.371550
0.999693 0.562111
1.000000 0.197153
