0.000000 0.569532
0.000490 0.532245
0.001911 0.292961
0.002055 0.434703
0.005545 0.292152
0.007662 0.566041
0.010330 0.485356
0.010911 0.421614
0.015314 0.545603
0.015766 0.516184
0.017453 0.653757
0.018030 0.447772
0.018920 0.320929
0.023229 0.544795
0.024956 0.554455
0.026381 0.542141
0.028307 0.446442
0.029017 0.488565
0.034527 0.464476
0.035080 0.653036
0.036172 0.511835
0.036469 0.450505
0.036922 0.638594
0.037673 0.702063
0.040120 0.494179
0.040167 0.332919
0.042262 0.747711
0.043540 0.477592
0.043620 0.584481
0.044145 0.587086
0.045074 0.541778
0.046722 0.154484
0.049493 0.505768
0.050847 0.669548
0.054468 0.559038
0.054570 0.548108
0.055821 0.492268
0.057100 0.733729
0.057389 0.689310
0.060985 0.359339
0.061357 0.655081
0.061510 0.447429
0.061946 0.640260
0.063314 0.579915
0.066969 0.543297
0.068713 0.285909
0.068979 0.719874
0.069172 0.391199
0.069687 0.499464
0.070753 0.611759
0.072838 0.603073
0.073004 0.603244
0.074563 0.709687
0.076023 0.345207
0.076327 0.804316
0.076828 0.278984
0.077423 0.631180
0.077681 0.600359
0.077833 0.627387
0.078177 0.789483
0.078254 0.719294
0.078525 0.606509
0.080176 0.347876
0.080949 0.619998
0.082078 0.370428
0.082629 0.627489
0.083043 0.658750
0.083337 0.471410
0.085131 0.646323
0.085458 0.608415
0.086569 0.377767
0.086687 0.333857
0.087947 0.527308
0.089197 0.522554
0.094479 0.693441
0.094550 0.645567
0.095772 0.472627
0.096217 0.547040
0.097761 0.600684
0.097933 0.374105
0.098409 0.247222
0.098771 0.365485
0.099987 0.573342
0.100011 0.566285
0.100466 0.523228
0.102607 0.839106
0.104939 0.408545
0.105904 0.677183
0.106285 0.684053
0.107033 0.505639
0.107193 0.422544
0.108022 0.766571
0.111320 0.779311
0.113735 0.661647
0.115049 0.449662
0.115052 0.485449
0.115838 0.629155
0.116835 0.534322
0.116886 0.576406
0.119381 0.370885
0.119847 0.526397
0.120239 0.673432
0.120492 0.451698
0.124279 0.355507
0.130488 0.597947
0.130590 0.596090
0.130756 0.417490
0.130816 0.493452
0.131209 0.489489
0.132476 0.666342
0.133939 0.584202
0.134193 0.538990
0.135509 0.567159
0.136546 0.449911
0.137227 0.705063
0.138045 0.461823
0.139664 0.569863
0.139896 0.519642
0.140596 0.404337
0.140854 0.599656
0.141009 0.500151
0.142263 0.483548
0.143825 0.567182
0.144518 0.311984
0.145479 0.501425
0.146546 0.547697
0.147426 0.663074
0.147771 0.504022
0.148173 0.389132
0.152382 0.848274
0.152738 0.647943
0.152945 0.506827
0.153204 0.615312
0.154130 0.534840
0.154358 0.331225
0.155040 0.433157
0.156546 0.604310
0.160378 0.734868
0.161320 0.715865
0.162115 0.297050
0.162589 0.428500
0.164118 0.179077
0.165635 0.511613
0.165775 0.462695
0.168958 0.542952
0.169017 0.383316
0.171049 0.757174
0.172697 0.469225
0.179760 0.662371
0.180005 0.407812
0.182497 0.445839
0.182502 0.400688
0.182658 0.548403
0.184172 0.424388
0.190308 0.306703
0.191283 0.518328
0.192415 0.435843
0.194431 0.262157
0.194717 0.400723
0.194898 0.490036
0.196481 0.394203
0.196608 0.563232
0.197022 0.580045
0.198817 0.342241
0.199054 0.486404
0.200123 0.678423
0.203123 0.687921
0.204611 0.567277
0.206366 0.618155
0.207848 0.628946
0.209940 0.571848
0.212355 0.447363
0.213017 0.573307
0.213225 0.618487
0.213461 0.694501
0.213953 0.677362
0.218882 0.696524
0.219309 0.532956
0.219710 0.578573
0.219837 0.449987
0.220345 0.501574
0.224388 0.524822
0.225682 0.338593
0.226362 0.647580
0.227267 0.524228
0.228868 0.832149
0.231528 0.864610
0.232777 0.302649
0.234087 0.362182
0.234358 0.401092
0.235382 0.592254
0.235812 0.456694
0.236533 0.521586
0.237911 0.459225
0.238298 0.541443
0.238390 0.390338
0.240853 0.617853
0.242687 0.611230
0.243201 0.565639
0.243862 0.420227
0.245328 0.742280
0.246923 0.473216
0.247008 0.539368
0.247539 0.332032
0.250063 0.681203
0.251082 0.480114
0.254502 0.584288
0.255348 0.599170
0.255387 0.525051
0.260326 0.706812
0.261485 0.537978
0.264035 0.607944
0.264961 0.514640
0.265212 0.530793
0.268867 0.630617
0.269246 0.632535
0.270037 0.649433
0.270702 0.617500
0.271028 0.500076
0.271688 0.601869
0.271880 0.612417
0.272845 0.502685
0.273332 0.545508
0.274005 0.584285
0.274092 0.615914
0.275098 0.560576
0.276254 0.692079
0.277589 0.417737
0.277834 0.509060
0.280123 0.550894
0.280266 0.576080
0.280446 0.690676
0.280452 0.491302
0.283030 0.541186
0.283639 0.515746
0.287901 0.722304
0.288737 0.443226
0.290460 0.441460
0.290582 0.511855
0.291473 0.619652
0.292031 0.560839
0.298010 0.474615
0.298257 0.361087
0.299289 0.725839
0.299562 0.361303
0.301098 0.813304
0.303990 0.599148
0.304986 0.564722
0.306156 0.695068
0.306503 0.618785
0.307456 0.786765
0.307785 0.680385
0.308954 0.335739
0.312544 0.768814
0.313963 0.583944
0.315826 0.729072
0.316619 0.619396
0.318623 0.493919
0.319029 0.544052
0.320795 0.659870
0.321923 0.606835
0.322592 0.456178
0.322738 0.702517
0.323560 0.615709
0.324233 0.574270
0.324665 0.592005
0.324674 0.363410
0.325006 0.599005
0.328272 0.584834
0.329271 0.641857
0.330063 0.576616
0.330177 0.775836
0.330317 0.316098
0.331065 0.761699
0.331577 0.389213
0.334840 0.226848
0.335011 0.494186
0.336098 0.691563
0.336194 0.412537
0.339080 0.661638
0.342670 0.554184
0.344874 0.369425
0.345256 0.485836
0.345453 0.626120
0.346689 0.782161
0.346939 0.485124
0.348017 0.701433
0.350906 0.545682
0.351052 0.647541
0.353931 0.529045
0.354655 0.587047
0.355278 0.750831
0.355935 0.593583
0.356304 0.569785
0.356996 0.553517
0.358891 0.650885
0.359575 0.619566
0.361336 0.306818
0.362722 0.645823
0.363901 0.520160
0.365552 0.514605
0.366130 0.396353
0.367907 0.355853
0.368156 0.598548
0.368688 0.539119
0.369278 0.438072
0.370644 0.639133
0.370791 0.506576
0.372740 0.471306
0.374615 0.554197
0.375707 0.645936
0.376183 0.601651
0.379885 0.655722
0.381938 0.564777
0.383377 0.530399
0.383831 0.612730
0.384075 0.436161
0.384550 0.517807
0.386203 0.283477
0.386376 0.460855
0.387145 0.598812
0.390055 0.647674
0.392130 0.791722
0.395550 0.585681
0.399964 0.336172
0.400294 0.373790
0.401654 0.643600
0.402229 0.565105
0.402957 0.403726
0.403424 0.404401
0.405631 0.532638
0.406021 0.586470
0.407249 0.549597
0.408044 0.360889
0.409297 0.588861
0.409939 0.287420
0.410123 0.756440
0.411039 0.318533
0.411704 0.603821
0.413684 0.547116
0.414664 0.640314
0.414883 0.488460
0.415277 0.545267
0.415405 0.429418
0.415670 0.396644
0.419787 0.504434
0.421044 0.609144
0.422793 0.600481
0.424023 0.413352
0.427741 0.359474
0.431228 0.671602
0.431341 0.557076
0.433196 0.734121
0.433956 0.599487
0.438491 0.399930
0.438834 0.565894
0.440299 0.558136
0.442014 0.385087
0.443142 0.627854
0.443355 0.535022
0.444640 0.445190
0.447498 0.312297
0.447898 0.486255
0.449651 0.512677
0.449959 0.520764
0.450000 0.776873
0.450009 0.442640
0.450464 0.509545
0.450579 0.398020
0.452628 0.675075
0.456715 0.202939
0.458933 0.581736
0.460948 0.360890
0.461152 0.546492
0.461219 0.707438
0.462349 0.571350
0.462548 0.534612
0.463121 0.475127
0.465111 0.435605
0.465699 0.606472
0.466269 0.442532
0.466738 0.663155
0.470059 0.412322
0.470696 0.323874
0.470938 0.271703
0.471844 0.553421
0.473351 0.468404
0.475983 0.438923
0.476315 0.526444
0.478750 0.445816
0.480647 0.509429
0.480677 0.631403
0.483626 0.547938
0.484166 0.648764
0.484669 0.556094
0.485885 0.766092
0.486030 0.397591
0.486508 0.709646
0.486924 0.665454
0.487518 0.631360
0.487528 0.559844
0.487956 0.681319
0.488020 0.486802
0.488302 0.555644
0.488819 0.445709
0.489234 0.546886
0.491581 0.608162
0.491595 0.691236
0.492225 0.522715
0.492656 0.743180
0.494717 0.583351
0.496513 0.677906
0.496991 0.677799
0.497864 0.314694
0.498806 0.668668
0.499435 0.677512
0.500305 0.575982
0.502288 0.462193
0.503299 0.600001
0.503703 0.386060
0.504858 0.618913
0.505422 0.331552
0.506656 0.691418
0.506789 0.809551
0.507466 0.599739
0.507841 0.660684
0.509176 0.472416
0.509661 0.399546
0.509855 0.582176
0.509961 0.495502
0.510534 0.493748
0.512010 0.559862
0.513440 0.550163
0.515782 0.493465
0.516624 0.598709
0.517007 0.534995
0.519062 0.423818
0.520077 0.284594
0.520399 0.681478
0.520848 0.471040
0.522733 0.755911
0.523044 0.389093
0.524536 0.550330
0.524746 0.508050
0.527526 0.448533
0.533852 0.616997
0.535090 0.534601
0.536886 0.546890
0.538162 0.721663
0.539771 0.615986
0.541415 0.768696
0.541930 0.423975
0.545060 0.753721
0.547804 0.653090
0.548273 0.543764
0.551037 0.508396
0.553502 0.470557
0.555794 0.424383
0.557180 0.560246
0.557532 0.693150
0.557975 0.544449
0.559072 0.501133
0.560192 0.653712
0.561542 0.645230
0.561598 0.484665
0.565712 0.690172
0.565993 0.434457
0.566139 0.525336
0.567753 0.781161
0.568194 0.561654
0.569396 0.493167
0.569669 0.706110
0.570866 0.524970
0.571041 0.638513
0.573619 0.370457
0.574275 0.807004
0.574609 0.678718
0.575875 0.631367
0.575981 0.622308
0.576865 0.754081
0.578130 0.499177
0.579093 0.629997
0.579359 0.557330
0.580825 0.901425
0.581870 0.576260
0.582104 0.394097
0.584375 0.465457
0.585508 0.520285
0.588877 0.675492
0.588941 0.708084
0.589131 0.604554
0.589391 0.637761
0.590469 0.414824
0.591779 0.501893
0.592317 0.390002
0.593368 0.647948
0.594366 0.497284
0.596575 0.370037
0.597239 0.508426
0.599157 0.700660
0.602034 0.588444
0.602359 0.675655
0.604808 0.495130
0.605249 0.608025
0.605331 0.296682
0.605353 0.479844
0.606645 0.341181
0.608522 0.597062
0.609769 0.806986
0.610368 0.770450
0.610703 0.644957
0.612566 0.468920
0.616166 0.619698
0.617287 0.443505
0.618298 0.556786
0.620772 0.495487
0.621342 0.350665
0.622742 0.251380
0.623228 0.557529
0.623432 0.470000
0.624869 0.588601
0.624917 0.661736
0.625356 0.494847
0.625915 0.311133
0.629332 0.343263
0.631527 0.477929
0.631968 0.484278
0.632361 0.573477
0.635343 0.692421
0.637258 0.406158
0.637961 0.456285
0.638262 0.710643
0.639460 0.462643
0.640718 0.643924
0.640829 0.546711
0.642524 0.555135
0.642732 0.550563
0.643235 0.831702
0.643238 0.426983
0.643544 0.474984
0.645712 0.502843
0.648880 0.638915
0.649063 0.417886
0.649663 0.506026
0.651508 0.953248
0.651704 0.712332
0.651804 0.593208
0.653187 0.523483
0.653988 0.529452
0.655184 0.471208
0.655508 0.755091
0.655910 0.571369
0.656929 0.660868
0.658728 0.512281
0.659941 0.516088
0.660102 0.703390
0.660219 0.625096
0.660925 0.358926
0.661247 0.371019
0.663903 0.552891
0.663920 0.779211
0.664758 0.563057
0.670723 0.682678
0.672376 0.520385
0.672630 0.381288
0.676368 0.480370
0.676642 0.653289
0.677617 0.706159
0.677701 0.555724
0.678113 0.313563
0.680163 0.432886
0.680693 0.320792
0.682285 0.659665
0.683001 0.544990
0.683576 0.428978
0.684076 0.554811
0.688752 0.659538
0.689400 0.659164
0.690894 0.623346
0.692960 0.430636
0.696117 0.739245
0.696182 0.213510
0.697327 0.445533
0.699469 0.609897
0.701507 0.803248
0.703279 0.783085
0.705607 0.571253
0.707751 0.691459
0.708014 0.503358
0.708215 0.470754
0.709900 0.496337
0.710333 0.692683
0.711539 0.568479
0.711987 0.517544
0.712518 0.452221
0.716629 0.607606
0.717597 0.543115
0.719751 0.830773
0.719991 0.598105
0.722239 0.573007
0.722796 0.729091
0.723566 0.655041
0.725333 0.665979
0.728386 0.473354
0.728681 0.316082
0.731343 0.671319
0.731644 0.705458
0.731939 0.407398
0.733487 0.521792
0.734739 0.677254
0.735739 0.423784
0.736191 0.568704
0.737919 0.548151
0.739891 0.822265
0.740604 0.387473
0.741161 0.308716
0.747072 0.458886
0.747874 0.488404
0.752674 0.514318
0.752805 0.634040
0.752851 0.624153
0.753430 0.387036
0.754917 0.282631
0.755223 0.341802
0.755902 0.583234
0.756828 0.799409
0.758066 0.416304
0.758377 0.565588
0.762376 0.781683
0.763168 0.605364
0.764419 0.763915
0.766377 0.464602
0.766888 0.670355
0.768756 0.378882
0.769026 0.588428
0.769028 0.561343
0.770318 0.790052
0.772330 0.528447
0.772340 0.408709
0.775055 0.146584
0.776677 0.768286
0.778181 0.386324
0.779631 0.496517
0.780097 0.629868
0.781215 0.813291
0.781501 0.436537
0.785028 0.433901
0.786570 0.468985
0.786749 0.519647
0.787171 0.421934
0.787194 0.689712
0.789156 0.680372
0.789276 0.453647
0.792226 0.347050
0.794143 0.508976
0.794414 0.855601
0.796141 0.592258
0.796470 0.803790
0.797923 0.592988
0.799008 0.489173
0.800600 0.485574
0.801529 0.651924
0.803746 0.566120
0.805328 0.656956
0.808418 0.688204
0.809004 0.526867
0.810242 0.809731
0.810279 0.307943
0.811253 0.485919
0.811515 0.651710
0.812719 0.572800
0.812785 0.653934
0.815309 0.535200
0.815987 0.697756
0.817207 0.360003
0.818557 0.502088
0.819146 0.627153
0.819162 0.370558
0.820022 0.562961
0.820287 0.718287
0.820553 0.359554
0.822411 0.521753
0.822433 0.611625
0.822868 0.583760
0.824993 0.442099
0.827011 0.566575
0.829122 0.335829
0.831884 0.757503
0.831990 0.596819
0.832681 0.303514
0.834256 0.669393
0.836720 0.799186
0.838080 0.367678
0.839133 0.455004
0.840112 0.738067
0.842281 0.466426
0.842385 0.774169
0.843314 0.521262
0.845244 0.694696
0.846319 0.508268
0.848001 0.491300
0.848879 0.806302
0.849158 0.390527
0.852546 0.318709
0.854525 0.466484
0.855512 0.340702
0.856093 0.537741
0.856406 0.677099
0.856937 0.426359
0.857352 0.458818
0.857464 0.493326
0.859588 0.495007
0.859906 0.561459
0.868254 0.677679
0.868991 0.556143
0.872513 0.622107
0.873805 0.520949
0.874338 0.337445
0.875511 0.338723
0.875857 0.564434
0.876964 0.420848
0.877058 0.758984
0.877347 0.537275
0.877356 0.579826
0.878280 0.493896
0.878458 0.538660
0.879676 0.581644
0.879902 0.589973
0.881410 0.829822
0.882734 0.540226
0.882893 0.406335
0.884627 0.341912
0.885654 0.590361
0.885713 0.470279
0.889575 0.368970
0.890562 0.548451
0.892194 0.533098
0.894769 0.564445
0.895230 0.608575
0.896117 0.650762
0.897733 0.338617
0.898709 0.803257
0.900058 0.797521
0.902094 0.664719
0.902783 0.818087
0.903921 0.436704
0.906168 0.738442
0.908548 0.472948
0.909838 0.481371
0.909880 0.529073
0.910013 1.000000
0.911792 0.470586
0.911973 0.576834
0.914050 0.676625
0.914266 0.603841
0.916146 0.536753
0.916650 0.665973
0.917772 0.513250
0.919910 0.635798
0.926101 0.523017
0.926535 0.487243
0.927967 0.392966
0.931446 0.495327
0.931582 0.511764
0.931674 0.617122
0.932027 0.568098
0.932772 0.425667
0.933007 0.782429
0.933392 0.319583
0.936306 0.397944
0.936559 0.527414
0.937601 0.770910
0.937929 0.369183
0.940687 0.880730
0.940711 0.608559
0.944304 0.944703
0.944964 0.574125
0.946714 0.405425
0.948231 0.379064
0.948458 0.302577
0.948818 0.491268
0.950202 0.692299
0.953550 0.684847
0.958240 0.628140
0.959282 0.567519
0.960435 0.596898
0.960666 0.000000
0.960894 0.772929
0.962475 0.342430
0.962587 0.476253
0.963177 0.798608
0.964745 0.962484
0.967567 0.610369
0.969264 0.631748
0.969710 0.669584
0.972689 0.854055
0.972921 0.625100
0.974835 0.401849
0.974899 0.604559
0.976255 0.518507
0.977297 0.630435
0.978517 0.811658
0.980996 0.327274
0.982899 0.568359
0.983650 0.421984
0.983700 0.406720
0.987897 0.612743
0.988024 0.230421
0.988587 0.671394
0.989741 0.535930
0.990210 0.698760
0.993010 0.526883
0.994428 0.743512
0.997020 0.450213
0.998030 0.554435
0.998032 0.697887
0.998056 0.752999
0.998696 0.748092
0.999693 0.625929
0.999782 0.602745
1.000000 0.216155
