2.140348341048991188e+00 5.000000000000000278e-02
-1.286844873704565906e+00 5.000000000000000278e-02
4.877683476516194219e+02 5.000000000000000278e-02
-1.819689633348587776e+01 5.000000000000000278e-02
-1.628090955220051939e+01 5.000000000000000278e-02
-1.466898136257105412e-01 5.000000000000000278e-02
1.312090609643393302e+00 5.000000000000000278e-02
3.659153538748626477e+00 5.000000000000000278e-02
3.844200594400220439e+01 5.000000000000000278e-02
1.323883483765998648e+01 5.000000000000000278e-02
1.452857877484089233e+00 5.000000000000000278e-02
6.235194771415986104e+00 5.000000000000000278e-02
3.186969855311251987e+00 5.000000000000000278e-02
-5.474587561466826013e-01 5.000000000000000278e-02
3.066367335092099022e+00 5.000000000000000278e-02
-1.039958421716734449e+02 5.000000000000000278e-02
1.693156899131532597e-03 5.000000000000000278e-02
3.027662133238286515e+02 5.000000000000000278e-02
-4.617653360450988537e-02 5.000000000000000278e-02
-5.336854029802948673e+01 5.000000000000000278e-02
