1.145287625238756300e+05 8.333333333333333218e-03
-1.250042538616656040e+00 8.333333333333333218e-03
-5.919825345156820617e+01 8.333333333333333218e-03
-5.364661589127063053e+02 8.333333333333333218e-03
4.309377484146892368e-02 8.333333333333333218e-03
2.817988705430148760e-02 8.333333333333333218e-03
1.300994362944534743e-01 8.333333333333333218e-03
1.543878514360404797e+00 8.333333333333333218e-03
7.193944257052248048e+00 8.333333333333333218e-03
3.593202935823193656e+01 8.333333333333333218e-03
-4.265365343818884880e-01 8.333333333333333218e-03
-2.352354152114856323e+00 8.333333333333333218e-03
1.510618581593801579e+00 8.333333333333333218e-03
-3.299071606778422039e-01 8.333333333333333218e-03
5.637117042130775246e+00 8.333333333333333218e-03
8.670288241667628570e-03 8.333333333333333218e-03
-8.057220384574188543e+00 8.333333333333333218e-03
1.421815806258748038e+00 8.333333333333333218e-03
-8.494624032608369291e+00 8.333333333333333218e-03
-1.919087799337116929e-01 8.333333333333333218e-03
-1.280820404709237970e+00 8.333333333333333218e-03
2.285195411369406182e-01 8.333333333333333218e-03
6.678000325399099379e-01 8.333333333333333218e-03
-1.254915203619372477e+01 8.333333333333333218e-03
-7.954338421901864242e-01 8.333333333333333218e-03
-7.145631468859543922e+00 8.333333333333333218e-03
3.811142497892794356e-02 8.333333333333333218e-03
-4.819273101231632550e-01 8.333333333333333218e-03
6.766335933758935717e-01 8.333333333333333218e-03
-2.550337259669734902e+00 8.333333333333333218e-03
2.395796237202276746e+00 8.333333333333333218e-03
2.331445688633768754e+01 8.333333333333333218e-03
-3.100785610547861282e+00 8.333333333333333218e-03
-6.274445432080686835e+00 8.333333333333333218e-03
9.133895626679569557e-02 8.333333333333333218e-03
-8.639812744191921468e+00 8.333333333333333218e-03
1.058718484549838301e+01 8.333333333333333218e-03
-1.211884669836002626e+00 8.333333333333333218e-03
-4.063238015488140675e+00 8.333333333333333218e-03
-1.907454321774123551e-01 8.333333333333333218e-03
1.094105663384848270e+00 8.333333333333333218e-03
1.465054200874227108e+00 8.333333333333333218e-03
3.732445783368746994e+00 8.333333333333333218e-03
2.749666623594467230e-01 8.333333333333333218e-03
-8.859902097301474155e-01 8.333333333333333218e-03
2.083765342649979702e-01 8.333333333333333218e-03
2.743785750568053849e+00 8.333333333333333218e-03
7.619017819317220663e+00 8.333333333333333218e-03
-3.192414669112866576e+01 8.333333333333333218e-03
2.421940842832932539e+00 8.333333333333333218e-03
-5.782629219007613131e+01 8.333333333333333218e-03
6.546639629587296394e-01 8.333333333333333218e-03
1.997298297361767228e+00 8.333333333333333218e-03
4.087841772252120975e+00 8.333333333333333218e-03
2.045627637497444695e-01 8.333333333333333218e-03
-1.182923872394328058e+01 8.333333333333333218e-03
-1.006024061709723938e+01 8.333333333333333218e-03
-7.472279144935712880e-01 8.333333333333333218e-03
-6.284775302267679820e+01 8.333333333333333218e-03
5.350228418526345195e+03 8.333333333333333218e-03
-6.056698855476855270e-01 8.333333333333333218e-03
7.539963720406925862e-01 8.333333333333333218e-03
-1.994376723853493460e-01 8.333333333333333218e-03
1.204800804625011157e+00 8.333333333333333218e-03
3.149275944066254738e+02 8.333333333333333218e-03
-5.716035811047207460e+01 8.333333333333333218e-03
3.799732113619834539e+00 8.333333333333333218e-03
-1.749384632724655386e-01 8.333333333333333218e-03
-4.248950481042238714e+00 8.333333333333333218e-03
-3.662687923110857224e-01 8.333333333333333218e-03
4.737843687996274866e+00 8.333333333333333218e-03
9.032546568180728741e+01 8.333333333333333218e-03
-2.004133523444753817e-02 8.333333333333333218e-03
-9.442047144357266220e-01 8.333333333333333218e-03
3.849192940274637209e-03 8.333333333333333218e-03
3.161540368390587386e-01 8.333333333333333218e-03
-3.480099822851657754e-01 8.333333333333333218e-03
1.279218766275163066e+00 8.333333333333333218e-03
6.923060901706463710e-01 8.333333333333333218e-03
-2.490594943782951098e-01 8.333333333333333218e-03
1.940257354139371948e+00 8.333333333333333218e-03
-2.277773630352696532e+00 8.333333333333333218e-03
-1.232285608916721120e+00 8.333333333333333218e-03
-1.700324939572664729e+00 8.333333333333333218e-03
-6.345746521079716373e+00 8.333333333333333218e-03
-1.436323333657804824e+01 8.333333333333333218e-03
-2.687707414171012843e+01 8.333333333333333218e-03
-4.809908977014072207e+01 8.333333333333333218e-03
-3.588706009180691936e+00 8.333333333333333218e-03
-5.122997014922728992e-02 8.333333333333333218e-03
7.582100769177926858e-02 8.333333333333333218e-03
1.058891132796055679e-01 8.333333333333333218e-03
-2.062151881408264664e+00 8.333333333333333218e-03
1.504836300832928853e+00 8.333333333333333218e-03
-8.427824998586501124e+02 8.333333333333333218e-03
-2.548918109244060481e-01 8.333333333333333218e-03
-7.290609101394904812e-01 8.333333333333333218e-03
-2.603587710492890395e+00 8.333333333333333218e-03
-9.410949528405978981e+00 8.333333333333333218e-03
-7.016777678060510937e+01 8.333333333333333218e-03
7.381742058131282036e-01 8.333333333333333218e-03
6.121836162909756851e+00 8.333333333333333218e-03
-9.638981057084853532e+00 8.333333333333333218e-03
-2.279560531783966226e-01 8.333333333333333218e-03
-5.930955999983200222e+00 8.333333333333333218e-03
-3.081222011043351028e+00 8.333333333333333218e-03
-2.608589960834958532e+00 8.333333333333333218e-03
1.006084156272342156e-01 8.333333333333333218e-03
-5.265802386635132226e-02 8.333333333333333218e-03
8.770327476576861514e+00 8.333333333333333218e-03
1.043369081670220480e-02 8.333333333333333218e-03
7.569913657152653741e+00 8.333333333333333218e-03
-3.596236592019757428e+00 8.333333333333333218e-03
-8.480342237600574151e+00 8.333333333333333218e-03
-3.170009346149773588e-01 8.333333333333333218e-03
-1.175451484755916987e+00 8.333333333333333218e-03
-1.068293003283760978e+00 8.333333333333333218e-03
4.672635438950627496e+00 8.333333333333333218e-03
9.836471099001595775e+00 8.333333333333333218e-03
5.678200934847125181e-01 8.333333333333333218e-03
