-2.225521428548715708e-02 5.000000000000000278e-02
-8.360670180740110979e-02 5.000000000000000278e-02
-5.642527241433849261e-02 5.000000000000000278e-02
2.044066558194662164e+01 5.000000000000000278e-02
-5.407248903585825701e+02 5.000000000000000278e-02
-1.420334869939272049e-01 5.000000000000000278e-02
-1.620866311704411089e+01 5.000000000000000278e-02
6.406356419650531819e-01 5.000000000000000278e-02
-5.287155751627647078e+02 5.000000000000000278e-02
-1.926572878258943092e+04 5.000000000000000278e-02
3.787728794857419246e+01 5.000000000000000278e-02
-2.031393481390722400e+01 5.000000000000000278e-02
-3.840480285499714430e-01 5.000000000000000278e-02
2.122601283609784270e-02 5.000000000000000278e-02
-1.159633684078612532e+04 5.000000000000000278e-02
-2.371404091988403025e+02 5.000000000000000278e-02
-6.775516946414722952e+01 5.000000000000000278e-02
-5.470190640356066069e+03 5.000000000000000278e-02
-7.922966746994859477e-01 5.000000000000000278e-02
-3.959367810041048430e-01 5.000000000000000278e-02
