-1.023237868123154826e+01 5.000000000000000278e-02
5.334473924664441924e+00 5.000000000000000278e-02
6.977352163034376886e+00 5.000000000000000278e-02
1.348124111939163372e+00 5.000000000000000278e-02
7.145632692568658628e-01 5.000000000000000278e-02
4.141809375769824886e-01 5.000000000000000278e-02
2.505734399531600332e+01 5.000000000000000278e-02
-2.881989768086304915e-01 5.000000000000000278e-02
1.457435589443455193e+01 5.000000000000000278e-02
9.654135945717086997e+00 5.000000000000000278e-02
3.160051118940112147e+01 5.000000000000000278e-02
7.421283357140369130e-01 5.000000000000000278e-02
3.516286925131239371e+01 5.000000000000000278e-02
6.772376447501419205e-01 5.000000000000000278e-02
7.477804884631570559e+00 5.000000000000000278e-02
2.692965101801821914e-01 5.000000000000000278e-02
1.453157274445252156e+01 5.000000000000000278e-02
1.265464843953560958e+01 5.000000000000000278e-02
2.169026525230548508e+00 5.000000000000000278e-02
2.902762841718482534e+01 5.000000000000000278e-02
