3.201188391016791002e+01 2.500000000000000139e-02
1.669292619726194360e+01 2.500000000000000139e-02
1.147110551844226500e-01 2.500000000000000139e-02
3.114132504185737389e+02 2.500000000000000139e-02
-4.602024369732767082e+04 2.500000000000000139e-02
5.039188717091678260e-01 2.500000000000000139e-02
-9.336178176979402110e+01 2.500000000000000139e-02
3.828847490699762801e+01 2.500000000000000139e-02
3.815586997445588224e+01 2.500000000000000139e-02
1.260026659206603661e+01 2.500000000000000139e-02
-2.975013109897794994e+00 2.500000000000000139e-02
1.871242267297462547e+01 2.500000000000000139e-02
3.516459147516499684e+01 2.500000000000000139e-02
-1.342915081640881247e+00 2.500000000000000139e-02
-1.811083399077725975e+00 2.500000000000000139e-02
1.952273946999639165e+01 2.500000000000000139e-02
-8.886744592986753899e-01 2.500000000000000139e-02
-3.527626645545489215e+00 2.500000000000000139e-02
4.074772853504994146e+03 2.500000000000000139e-02
5.433370087538630377e-01 2.500000000000000139e-02
-2.911895198979213895e+00 2.500000000000000139e-02
-3.789324296484888919e+02 2.500000000000000139e-02
-1.071442527282949264e+01 2.500000000000000139e-02
3.645896586245247484e-01 2.500000000000000139e-02
9.526064194554340929e+02 2.500000000000000139e-02
-1.683768619933048993e-01 2.500000000000000139e-02
-5.419124671582097790e+02 2.500000000000000139e-02
-9.340893200349899006e-01 2.500000000000000139e-02
1.158384426208847771e+02 2.500000000000000139e-02
-5.357058487954210468e-01 2.500000000000000139e-02
-1.389439094946226305e+02 2.500000000000000139e-02
-1.777554109928159543e+00 2.500000000000000139e-02
1.644247463036581394e+02 2.500000000000000139e-02
6.892469884461480234e+00 2.500000000000000139e-02
-3.264035201852706347e+00 2.500000000000000139e-02
-6.796159235676654253e-01 2.500000000000000139e-02
-9.957755822694830172e+00 2.500000000000000139e-02
1.524199229806894351e+01 2.500000000000000139e-02
-1.253675729045628202e+02 2.500000000000000139e-02
6.311693925356937074e-01 2.500000000000000139e-02
