-2.413377209852278327e+01 5.000000000000000278e-02
-8.779599576369136571e+00 5.000000000000000278e-02
-4.091638522130035938e+01 5.000000000000000278e-02
3.738363141261787678e+04 5.000000000000000278e-02
-7.955262367780394561e+04 5.000000000000000278e-02
-2.240443333724639052e-01 5.000000000000000278e-02
-5.043226681651353793e+00 5.000000000000000278e-02
1.221519652358042804e+05 5.000000000000000278e-02
-1.570396665846643947e-01 5.000000000000000278e-02
5.746766495441314682e+00 5.000000000000000278e-02
-3.934522853966515044e+01 5.000000000000000278e-02
-1.961434939536425759e+02 5.000000000000000278e-02
1.258100753198917118e+04 5.000000000000000278e-02
-3.315286034461536929e+03 5.000000000000000278e-02
4.689052359705723205e+01 5.000000000000000278e-02
9.928887037893089129e+00 5.000000000000000278e-02
-1.020607362855608796e-01 5.000000000000000278e-02
-2.893574146671659975e+01 5.000000000000000278e-02
8.212463787416339756e+02 5.000000000000000278e-02
6.220353892338701840e+00 5.000000000000000278e-02
