-1.551081218165501774e+01 8.333333333333333218e-03
-2.076333113412540570e+03 8.333333333333333218e-03
1.518597622270090710e+02 8.333333333333333218e-03
1.403549801727402553e+02 8.333333333333333218e-03
-4.704298619954276617e-02 8.333333333333333218e-03
-8.246896866699803041e+00 8.333333333333333218e-03
-1.279405635478877201e+01 8.333333333333333218e-03
9.746961782306310340e+01 8.333333333333333218e-03
4.185586612629068171e+00 8.333333333333333218e-03
-6.073895207737898261e+01 8.333333333333333218e-03
-3.423980435599504463e-02 8.333333333333333218e-03
1.038805468155456779e+01 8.333333333333333218e-03
2.534575822347519214e+00 8.333333333333333218e-03
8.082100081355556904e+04 8.333333333333333218e-03
-3.422310053861508550e+02 8.333333333333333218e-03
-2.501528494193999919e+00 8.333333333333333218e-03
4.980428578423759411e+00 8.333333333333333218e-03
2.307881244432351764e+00 8.333333333333333218e-03
7.138460102120662043e+01 8.333333333333333218e-03
1.388836334301981057e-01 8.333333333333333218e-03
2.022603829750182491e-01 8.333333333333333218e-03
4.824545777450315459e-02 8.333333333333333218e-03
4.139487888548831762e+00 8.333333333333333218e-03
-1.750082196686825853e+01 8.333333333333333218e-03
6.515326941712142883e+00 8.333333333333333218e-03
-3.228623738195553816e+00 8.333333333333333218e-03
-6.251169190514555517e-03 8.333333333333333218e-03
-3.380112350997763997e+02 8.333333333333333218e-03
-5.507710601850872578e+00 8.333333333333333218e-03
5.091341818428807287e-01 8.333333333333333218e-03
-2.862308279898884145e-01 8.333333333333333218e-03
1.406030183707559278e+00 8.333333333333333218e-03
2.564535579844094286e+02 8.333333333333333218e-03
1.831240749767113485e+01 8.333333333333333218e-03
2.289565251041577376e+00 8.333333333333333218e-03
-6.325682821793570554e+00 8.333333333333333218e-03
1.185827788036766250e-01 8.333333333333333218e-03
3.648498399726538999e+00 8.333333333333333218e-03
9.078595558953470590e-01 8.333333333333333218e-03
-4.556027415678554071e-02 8.333333333333333218e-03
1.380064548197929675e+00 8.333333333333333218e-03
-1.304615360795767787e+00 8.333333333333333218e-03
-1.454160388606695609e-02 8.333333333333333218e-03
5.070854389067624979e-03 8.333333333333333218e-03
3.651537399345508916e+00 8.333333333333333218e-03
-3.762332311128359752e+00 8.333333333333333218e-03
-1.069907622277960400e+02 8.333333333333333218e-03
-3.739633059514529956e-02 8.333333333333333218e-03
-4.754704555229048724e-03 8.333333333333333218e-03
4.273978515206659778e-03 8.333333333333333218e-03
6.099336354370013851e+02 8.333333333333333218e-03
3.029572215654582207e-03 8.333333333333333218e-03
-8.093514694349797978e+00 8.333333333333333218e-03
-2.244125404676072799e-02 8.333333333333333218e-03
7.220457497404981773e-01 8.333333333333333218e-03
-3.297407434791632674e-02 8.333333333333333218e-03
1.945310148272067181e+02 8.333333333333333218e-03
2.000344479250935947e+00 8.333333333333333218e-03
-8.563240064305002175e-01 8.333333333333333218e-03
6.986988743793990153e+00 8.333333333333333218e-03
-1.911147415556994390e-03 8.333333333333333218e-03
-5.448151378547576584e+00 8.333333333333333218e-03
3.744518571638332238e-01 8.333333333333333218e-03
1.036444568096700003e+01 8.333333333333333218e-03
-1.109403233906114394e-02 8.333333333333333218e-03
-6.708748788309795152e-01 8.333333333333333218e-03
-3.008427376231967987e-01 8.333333333333333218e-03
1.502562091572175351e+00 8.333333333333333218e-03
-1.267833356545772450e+00 8.333333333333333218e-03
5.229846226294651013e-01 8.333333333333333218e-03
-5.300743163192095375e-02 8.333333333333333218e-03
9.342472311817030572e+01 8.333333333333333218e-03
1.969989391526817624e+00 8.333333333333333218e-03
2.934153031709103576e-01 8.333333333333333218e-03
3.221863606300971128e+00 8.333333333333333218e-03
-1.258927131500956420e+03 8.333333333333333218e-03
1.783991879365148803e+00 8.333333333333333218e-03
-1.317122121908891330e-01 8.333333333333333218e-03
2.241857856463558285e+00 8.333333333333333218e-03
4.601525881144485908e+01 8.333333333333333218e-03
-1.735619951060443356e+01 8.333333333333333218e-03
-2.632618707300673933e+00 8.333333333333333218e-03
-9.805816741857631413e-02 8.333333333333333218e-03
2.859416745529444803e+00 8.333333333333333218e-03
4.265802386471401419e+00 8.333333333333333218e-03
-3.175112024287188639e+00 8.333333333333333218e-03
-7.655399851265498601e-01 8.333333333333333218e-03
1.449508997801757744e+02 8.333333333333333218e-03
1.846476716099701432e-01 8.333333333333333218e-03
-1.301577348937504874e-01 8.333333333333333218e-03
2.115235055627702199e+00 8.333333333333333218e-03
-4.944395440267251862e-01 8.333333333333333218e-03
2.453779628251453460e-01 8.333333333333333218e-03
1.500075285671317982e+00 8.333333333333333218e-03
-7.052722964655307791e+00 8.333333333333333218e-03
-6.127260807666615738e-01 8.333333333333333218e-03
-5.843334972719164710e+01 8.333333333333333218e-03
-3.406950829376083068e+00 8.333333333333333218e-03
-7.675458221086879362e-01 8.333333333333333218e-03
-3.269151760084133551e-01 8.333333333333333218e-03
1.480839373551626981e+00 8.333333333333333218e-03
3.722623220343580508e-01 8.333333333333333218e-03
-7.156166690580489842e+01 8.333333333333333218e-03
2.217719616209459677e+00 8.333333333333333218e-03
1.090917378566307772e+00 8.333333333333333218e-03
-1.010744979596089888e+00 8.333333333333333218e-03
-2.402259454518279880e-01 8.333333333333333218e-03
1.433731289947439702e-01 8.333333333333333218e-03
8.171006612458648988e+02 8.333333333333333218e-03
-1.244471813615321665e+00 8.333333333333333218e-03
-2.189632784105860708e+01 8.333333333333333218e-03
4.479128789300609093e+00 8.333333333333333218e-03
9.240694147232964895e+00 8.333333333333333218e-03
3.193575893064172000e+00 8.333333333333333218e-03
-3.127317080261794402e+01 8.333333333333333218e-03
8.248274266783005260e+01 8.333333333333333218e-03
-1.361193838901670574e+02 8.333333333333333218e-03
-5.385705211253537961e+00 8.333333333333333218e-03
2.065095283104649848e-01 8.333333333333333218e-03
-3.779279990146969226e+01 8.333333333333333218e-03
