9.113254332596296692e+00 5.000000000000000278e-02
-1.783262888716601537e+02 5.000000000000000278e-02
8.038522596793580277e+00 5.000000000000000278e-02
1.854316372986920101e+02 5.000000000000000278e-02
4.087391211440066230e-01 5.000000000000000278e-02
-3.219964723148287244e-02 5.000000000000000278e-02
-2.181374890447250436e+01 5.000000000000000278e-02
-1.505957793486155616e+01 5.000000000000000278e-02
-1.585817784404969721e+01 5.000000000000000278e-02
-2.249107555654954460e-01 5.000000000000000278e-02
2.627882469893427331e+00 5.000000000000000278e-02
-6.786808834108751243e-02 5.000000000000000278e-02
3.423000034504343603e+01 5.000000000000000278e-02
2.821249210324618062e+00 5.000000000000000278e-02
-2.112494417875973030e-01 5.000000000000000278e-02
-5.244095170798265826e+03 5.000000000000000278e-02
-4.187168231418188924e+01 5.000000000000000278e-02
-7.745279249089076501e-02 5.000000000000000278e-02
6.513331288979536282e+00 5.000000000000000278e-02
-1.638583438032837876e+02 5.000000000000000278e-02
