-9.328113676751366157e+00 2.500000000000000139e-02
7.228804152405968186e-02 2.500000000000000139e-02
-1.272858774137589144e+01 2.500000000000000139e-02
2.932790647819684793e+00 2.500000000000000139e-02
-3.069131550460061817e+02 2.500000000000000139e-02
3.518300117820433570e+01 2.500000000000000139e-02
-7.144178573581254005e+09 2.500000000000000139e-02
2.102537203713925607e+00 2.500000000000000139e-02
-2.507161223755776973e+02 2.500000000000000139e-02
-6.197019290485565080e+02 2.500000000000000139e-02
8.912685458751736789e-01 2.500000000000000139e-02
-2.249594185661708823e-01 2.500000000000000139e-02
-1.438477143938968750e-01 2.500000000000000139e-02
-1.778762805427519800e-01 2.500000000000000139e-02
1.917757297821093943e+00 2.500000000000000139e-02
-1.010953315421236204e-01 2.500000000000000139e-02
3.642933165999725986e+01 2.500000000000000139e-02
-1.396390630951189564e+02 2.500000000000000139e-02
1.429716139600032250e+02 2.500000000000000139e-02
2.429862021150650619e+01 2.500000000000000139e-02
-7.079206747804292377e+00 2.500000000000000139e-02
-1.122797372859434956e-01 2.500000000000000139e-02
-5.058925657463712255e+00 2.500000000000000139e-02
1.081322474900047848e+00 2.500000000000000139e-02
-9.951124692356971835e+00 2.500000000000000139e-02
2.005755681766261539e-02 2.500000000000000139e-02
-2.412633997860954260e+05 2.500000000000000139e-02
-1.208176300469258196e-01 2.500000000000000139e-02
-3.888427863875770080e-02 2.500000000000000139e-02
-7.120080226857204764e+01 2.500000000000000139e-02
-5.877636964482687745e+02 2.500000000000000139e-02
3.646860632242761113e+01 2.500000000000000139e-02
4.369896634814736558e+00 2.500000000000000139e-02
-1.694257496879185510e+03 2.500000000000000139e-02
1.462217712344859422e+00 2.500000000000000139e-02
-2.561233376410804174e-01 2.500000000000000139e-02
1.971485117855974911e+00 2.500000000000000139e-02
3.448643135289245976e+01 2.500000000000000139e-02
-7.296613877007227984e+02 2.500000000000000139e-02
-2.480589820426842285e-01 2.500000000000000139e-02
