4.759542395744964516e-01 8.333333333333333218e-03
3.008306688626999659e+01 8.333333333333333218e-03
5.739826427816746346e+00 8.333333333333333218e-03
4.805842102268639060e+00 8.333333333333333218e-03
7.498659033403595742e-02 8.333333333333333218e-03
-4.028646194844345274e+00 8.333333333333333218e-03
-2.844114311609950008e+01 8.333333333333333218e-03
7.656018640557314825e+01 8.333333333333333218e-03
1.526219953731517620e+01 8.333333333333333218e-03
2.023377538245432916e+01 8.333333333333333218e-03
2.887382451270477657e-01 8.333333333333333218e-03
1.921826265303571688e+02 8.333333333333333218e-03
-3.962581822148678157e+01 8.333333333333333218e-03
-3.363349309883151506e+00 8.333333333333333218e-03
3.411510289675013041e+01 8.333333333333333218e-03
1.292272634036027945e+01 8.333333333333333218e-03
-2.483461661066577619e+00 8.333333333333333218e-03
-1.848212812508488456e-01 8.333333333333333218e-03
-2.730725215594957955e-01 8.333333333333333218e-03
1.852725064191203330e+01 8.333333333333333218e-03
8.856108768983201429e+00 8.333333333333333218e-03
-4.526450388068720798e+00 8.333333333333333218e-03
5.510186246626214590e+00 8.333333333333333218e-03
1.694424703277764266e+01 8.333333333333333218e-03
4.662981083409020400e+00 8.333333333333333218e-03
1.312606058719214275e+01 8.333333333333333218e-03
-2.627250132792032788e-01 8.333333333333333218e-03
2.218733972109610306e+02 8.333333333333333218e-03
2.308821505015536601e+01 8.333333333333333218e-03
-3.133006305893769081e+02 8.333333333333333218e-03
-1.163502596826148650e-01 8.333333333333333218e-03
-6.409528612399451958e+03 8.333333333333333218e-03
5.303739818157139574e+00 8.333333333333333218e-03
-1.622477655693487009e+00 8.333333333333333218e-03
2.167680849701988421e+01 8.333333333333333218e-03
-3.177352630951535417e-01 8.333333333333333218e-03
4.516684572448809720e-01 8.333333333333333218e-03
-1.087198815729418649e-01 8.333333333333333218e-03
-5.971914809582600014e+00 8.333333333333333218e-03
1.388109630299745878e-01 8.333333333333333218e-03
-1.701047632297818524e-01 8.333333333333333218e-03
-7.682148558842389896e+00 8.333333333333333218e-03
3.585497630067635111e+00 8.333333333333333218e-03
7.170796837077535457e+00 8.333333333333333218e-03
-3.420533027332373077e+00 8.333333333333333218e-03
1.321214212979583813e+01 8.333333333333333218e-03
-4.199829374068050569e+00 8.333333333333333218e-03
2.104769894016679999e+01 8.333333333333333218e-03
-9.129912232575661619e+03 8.333333333333333218e-03
-1.892032940941042085e+01 8.333333333333333218e-03
1.061674544115034706e+02 8.333333333333333218e-03
-4.666497323912923156e-01 8.333333333333333218e-03
-2.060728145606156025e-01 8.333333333333333218e-03
4.534647203359210565e-01 8.333333333333333218e-03
1.915947157582798543e-01 8.333333333333333218e-03
5.934371052055306706e+01 8.333333333333333218e-03
-2.399694518880956906e+01 8.333333333333333218e-03
-4.060017978643660541e+01 8.333333333333333218e-03
-1.134208308236716967e+01 8.333333333333333218e-03
-2.537075625064045825e-01 8.333333333333333218e-03
-2.164431307427878259e+00 8.333333333333333218e-03
2.955173206771834205e-02 8.333333333333333218e-03
3.731581780971973572e+00 8.333333333333333218e-03
4.486273927743869905e+00 8.333333333333333218e-03
-2.142274885624137148e+00 8.333333333333333218e-03
-9.507061146890166015e+01 8.333333333333333218e-03
-6.323390303162685910e-01 8.333333333333333218e-03
1.363758506246423252e+01 8.333333333333333218e-03
5.110387032866869461e+00 8.333333333333333218e-03
2.794552754334754141e+00 8.333333333333333218e-03
-1.485213864391350391e+01 8.333333333333333218e-03
2.067302854418374691e-01 8.333333333333333218e-03
1.420297509411555659e+01 8.333333333333333218e-03
-3.056271104867850363e-01 8.333333333333333218e-03
-1.284131778603778429e+01 8.333333333333333218e-03
5.324484125920748738e+02 8.333333333333333218e-03
2.829147471581071827e+01 8.333333333333333218e-03
1.049821000471157362e+02 8.333333333333333218e-03
5.427253341876934201e+00 8.333333333333333218e-03
1.179770757926338476e+01 8.333333333333333218e-03
2.011822946724951748e+02 8.333333333333333218e-03
-2.590820601348825747e+00 8.333333333333333218e-03
-2.606641762409013268e+02 8.333333333333333218e-03
-4.375821849477609327e+00 8.333333333333333218e-03
4.865435077888144444e-02 8.333333333333333218e-03
-1.010057619073077895e+00 8.333333333333333218e-03
2.338530406833476682e-01 8.333333333333333218e-03
-4.189935125953298467e+01 8.333333333333333218e-03
-5.083464886303850072e+00 8.333333333333333218e-03
1.435965871457505483e-01 8.333333333333333218e-03
-6.378024797204541301e+02 8.333333333333333218e-03
9.420383551877820594e+01 8.333333333333333218e-03
-1.220257827451109556e+01 8.333333333333333218e-03
-2.122491691494349908e+00 8.333333333333333218e-03
1.092941638111580627e+00 8.333333333333333218e-03
6.658077132251621899e-02 8.333333333333333218e-03
-1.564881793159920986e-01 8.333333333333333218e-03
5.632795456221083441e+01 8.333333333333333218e-03
-4.557395532020541928e+00 8.333333333333333218e-03
-2.567618982619105150e+00 8.333333333333333218e-03
-6.827796725010785162e-01 8.333333333333333218e-03
9.757649614147782202e+00 8.333333333333333218e-03
-2.235044586036008241e+02 8.333333333333333218e-03
-4.314337689188050717e+00 8.333333333333333218e-03
4.249182653738429183e-01 8.333333333333333218e-03
3.842109998710390162e-01 8.333333333333333218e-03
3.260330759823045810e+01 8.333333333333333218e-03
-7.486838001118195640e-02 8.333333333333333218e-03
1.125676455575694845e-01 8.333333333333333218e-03
-3.111824833065603535e+00 8.333333333333333218e-03
1.031707327139699537e-01 8.333333333333333218e-03
-2.876690256900289455e+00 8.333333333333333218e-03
-7.140907312155922781e+00 8.333333333333333218e-03
-1.114858783156097016e-01 8.333333333333333218e-03
5.601309374166911681e+01 8.333333333333333218e-03
1.031444299977826162e+00 8.333333333333333218e-03
8.757346747943373089e-03 8.333333333333333218e-03
2.297097884807879076e-02 8.333333333333333218e-03
-7.928959209493366966e-01 8.333333333333333218e-03
-4.317021731523205119e+00 8.333333333333333218e-03
