-2.264926639355333009e+02 5.000000000000000278e-02
1.821916970405690961e+02 5.000000000000000278e-02
-3.323094030901019664e+02 5.000000000000000278e-02
-1.485563282597696377e-01 5.000000000000000278e-02
-1.054289412706676785e+02 5.000000000000000278e-02
-3.167337563011244939e+01 5.000000000000000278e-02
-9.494563478651305011e-02 5.000000000000000278e-02
-6.129098644439952892e+00 5.000000000000000278e-02
-1.026770959409637918e+01 5.000000000000000278e-02
-4.306198412375507587e+02 5.000000000000000278e-02
-3.909036628598521190e+01 5.000000000000000278e-02
5.806843198578413912e+00 5.000000000000000278e-02
-1.537139724663012146e+02 5.000000000000000278e-02
1.358546530340965994e-03 5.000000000000000278e-02
-2.450224781623875572e+02 5.000000000000000278e-02
9.253982019026252281e-02 5.000000000000000278e-02
2.739772898901837284e+00 5.000000000000000278e-02
3.051086611420278150e+00 5.000000000000000278e-02
-4.063091044289999371e-02 5.000000000000000278e-02
-1.064888768847055189e+01 5.000000000000000278e-02
