0.000000 0.293245
0.003003 0.119074
0.055478 0.213386
0.075201 0.243726
0.102366 0.431751
0.106774 0.074065
0.114269 0.277608
0.118073 0.000000
0.119504 0.156759
0.138015 0.028137
0.163875 0.292323
0.175059 0.012130
0.175589 0.430427
0.178580 0.082320
0.194386 0.326866
0.205631 0.368689
0.209152 0.373454
0.216621 0.270324
0.235440 0.371206
0.239454 0.532213
0.239616 0.422695
0.240208 0.381490
0.243849 0.440164
0.249342 0.297938
0.256660 0.339480
0.257574 0.394018
0.258476 0.259625
0.259932 0.311979
0.263153 0.333450
0.264612 0.551439
0.264721 0.290554
0.264807 0.261770
0.264904 0.525232
0.268075 0.387182
0.269882 0.513919
0.272457 0.277162
0.275053 0.628228
0.275468 0.085574
0.280536 0.301540
0.281288 0.352193
0.281341 0.468701
0.281445 0.063486
0.281888 0.187340
0.282623 0.228895
0.283059 0.380769
0.286704 0.532698
0.286771 0.251195
0.290880 0.422065
0.292533 0.241173
0.293630 0.363440
0.301155 0.672430
0.301606 0.366623
0.303122 0.177429
0.303126 0.529167
0.309686 0.343197
0.310405 0.229019
0.311972 0.305465
0.313377 0.555946
0.314499 0.407812
0.318201 0.319517
0.321600 0.568749
0.324411 0.543727
0.325205 0.576879
0.326933 0.524593
0.328482 0.352597
0.333419 0.394280
0.333805 0.332493
0.334429 0.528845
0.334926 0.347753
0.336677 0.508758
0.338584 0.477232
0.338857 0.408376
0.342021 0.325267
0.342794 0.124943
0.342905 0.488789
0.343334 0.272080
0.345336 0.559681
0.345623 0.334608
0.345839 0.567783
0.346245 0.443245
0.347059 0.560369
0.347234 0.396488
0.347880 0.478648
0.350241 0.378887
0.350441 0.607433
0.350959 0.585411
0.351294 0.661296
0.356022 0.162577
0.358517 0.548105
0.358572 0.324843
0.359131 0.178880
0.360162 0.272805
0.363748 0.510139
0.364533 0.251579
0.365745 0.525964
0.366070 0.383421
0.366096 0.438552
0.366302 0.243399
0.367288 0.448491
0.367787 0.444118
0.367828 0.292538
0.368475 0.408770
0.370653 0.541942
0.372178 0.363045
0.372951 0.257746
0.375294 0.586715
0.375598 0.416480
0.375919 0.514994
0.376778 0.675335
0.378669 0.456975
0.379393 0.373515
0.379480 0.689118
0.381052 0.446858
0.381377 0.571209
0.382692 0.258136
0.383219 0.415879
0.383677 0.559628
0.385580 0.284214
0.386333 0.512213
0.387220 0.447588
0.388072 0.581820
0.388394 0.511834
0.388617 0.197705
0.389781 0.322025
0.390328 0.465729
0.392353 0.595279
0.392359 0.470532
0.393377 0.349570
0.393812 0.293620
0.396288 0.523490
0.396597 0.560558
0.396680 0.557292
0.397139 0.262246
0.397192 0.304586
0.397303 0.567043
0.397304 0.280264
0.397574 0.271005
0.398787 0.611916
0.399094 0.498113
0.400411 0.493123
0.400616 0.306371
0.401948 0.406694
0.402464 0.495438
0.404820 0.528892
0.404882 0.326595
0.406840 0.659488
0.407072 0.576500
0.407680 0.448974
0.408180 0.290078
0.408839 0.322315
0.410201 0.438968
0.410505 0.478995
0.411255 0.436532
0.412245 0.598268
0.413447 0.147505
0.413734 0.537046
0.414722 0.354707
0.414966 0.673149
0.415525 0.557483
0.415567 0.342729
0.416133 0.467327
0.416524 0.606303
0.416541 0.544453
0.417039 0.448144
0.417167 0.459101
0.417702 0.511255
0.418162 0.321408
0.418696 0.134129
0.419264 0.409730
0.419580 0.377744
0.420785 0.599013
0.421246 0.468909
0.421586 0.395763
0.423314 0.385707
0.423349 0.472085
0.423433 0.484597
0.424003 0.422016
0.424019 0.378994
0.424365 0.498424
0.424386 0.703789
0.424478 0.438619
0.424696 0.556078
0.425311 0.630263
0.425333 0.203995
0.425399 0.534464
0.425875 0.291479
0.426524 0.500464
0.427117 0.525623
0.428060 0.276929
0.428218 0.499160
0.430642 0.234130
0.430682 0.691756
0.430933 0.344396
0.432715 0.326775
0.433317 0.602487
0.435415 0.637369
0.436494 0.434586
0.436821 0.434680
0.437626 0.370401
0.437686 0.269339
0.437811 0.683067
0.438955 0.647160
0.440695 0.711024
0.441532 0.599049
0.442930 0.554636
0.443174 0.417594
0.443783 0.472262
0.444021 0.519776
0.444157 0.498316
0.445339 0.458507
0.447724 0.504562
0.447727 0.564498
0.447924 0.677490
0.448474 0.416087
0.449274 0.497135
0.449594 0.634446
0.449666 0.356000
0.450290 0.492853
0.450346 0.307141
0.451345 0.479800
0.451372 0.448174
0.451767 0.562956
0.452372 0.538135
0.453182 0.617164
0.453257 0.340492
0.453418 0.146169
0.454465 0.469683
0.455152 0.532458
0.455309 0.517252
0.455350 0.319299
0.457909 0.712456
0.458475 0.674435
0.458517 0.705027
0.458669 0.713410
0.458873 0.186167
0.459709 0.445026
0.459900 0.281415
0.461274 0.450107
0.461977 0.446612
0.463761 0.418230
0.463860 0.571722
0.464798 0.714497
0.465569 0.413893
0.466793 0.612515
0.466847 0.350053
0.467144 0.594391
0.467502 0.619620
0.469789 0.606241
0.470082 0.565998
0.470325 0.264368
0.470601 0.457667
0.471346 0.653789
0.471602 0.555304
0.472634 0.509833
0.473208 0.654942
0.475564 0.571288
0.476298 0.547553
0.476423 0.422839
0.476534 0.596893
0.476810 0.509565
0.476941 0.581012
0.477348 0.586289
0.477877 0.465789
0.478759 0.709153
0.478792 0.540003
0.479511 0.463186
0.479902 0.527549
0.481285 0.685678
0.481892 0.558124
0.481941 0.571361
0.482047 0.554930
0.482156 0.466772
0.482754 0.650550
0.483200 0.650514
0.483754 0.640189
0.484393 0.571515
0.486863 0.503993
0.487203 0.367674
0.487909 0.533031
0.488192 0.498004
0.488337 0.443536
0.488792 0.671397
0.489022 0.554243
0.489305 0.520085
0.489431 0.402284
0.489678 0.658380
0.489783 0.725778
0.489971 0.560980
0.490418 0.677874
0.491116 0.618224
0.491135 0.503387
0.491303 0.442136
0.491560 0.527426
0.492270 0.630988
0.493259 0.686981
0.493436 0.439242
0.493527 0.736800
0.494042 0.449708
0.494378 0.348606
0.494387 0.519346
0.494400 0.445043
0.494995 0.665840
0.495160 0.438746
0.495248 0.435848
0.495561 0.622957
0.495670 0.574223
0.495796 0.729962
0.495911 0.390426
0.496566 0.609031
0.496863 0.634369
0.497524 0.475845
0.497586 0.501895
0.498448 0.578108
0.498502 0.217485
0.498588 0.614592
0.498667 0.388367
0.499074 0.436503
0.499229 0.591085
0.499242 0.471536
0.500554 0.319212
0.502821 0.691454
0.504679 0.635077
0.504695 0.671863
0.504961 0.514376
0.504967 0.657534
0.505112 0.311518
0.505564 0.641223
0.506223 0.339383
0.508297 0.523101
0.509226 0.573499
0.509250 0.552015
0.509311 0.437841
0.509799 0.584679
0.511094 0.670652
0.511110 0.552976
0.511520 0.463105
0.512090 0.639659
0.513296 0.493155
0.513574 0.599649
0.513937 0.329693
0.515026 0.597220
0.515436 0.451891
0.515440 0.690809
0.516799 0.571817
0.517001 0.380759
0.517304 0.297646
0.517565 0.668412
0.517844 0.432684
0.518100 0.627792
0.518242 0.430215
0.518627 0.484295
0.518943 0.460947
0.519705 0.466772
0.520277 0.464867
0.520688 0.608521
0.521631 0.517921
0.521733 0.476660
0.521753 0.661156
0.521776 0.787888
0.521945 0.690988
0.522662 0.733579
0.523450 0.748037
0.523529 0.275656
0.523658 0.617117
0.523691 0.589173
0.524012 0.697488
0.524327 0.573599
0.526075 0.602042
0.527652 0.684058
0.528133 0.553720
0.530204 0.461269
0.530624 0.701350
0.532730 0.510718
0.533113 0.559169
0.533468 0.588831
0.533613 0.674799
0.534091 0.713054
0.534198 0.605697
0.534239 0.739325
0.536264 0.606755
0.536436 0.640691
0.536601 0.599916
0.536799 0.507726
0.537293 0.372981
0.537347 0.536444
0.538000 0.503806
0.538259 0.689956
0.539227 0.736062
0.539574 0.767410
0.539832 0.652500
0.541637 0.582061
0.541741 0.613491
0.541912 0.371151
0.542011 0.654157
0.542284 0.692419
0.542355 0.579872
0.543636 0.303559
0.544521 0.530831
0.544613 0.594640
0.545086 0.671489
0.545480 0.479080
0.545988 0.564585
0.546910 0.492772
0.549680 0.496509
0.549930 0.687266
0.549990 0.631177
0.550760 0.654465
0.550978 0.697963
0.551316 0.572898
0.551535 0.685825
0.551687 0.551209
0.552787 0.663770
0.553670 0.735478
0.554106 0.613528
0.554297 0.788687
0.555215 0.556434
0.556000 0.432257
0.557126 0.648098
0.557447 0.608630
0.557715 0.606545
0.561021 0.640967
0.561317 0.592813
0.561346 0.402510
0.561389 0.653313
0.561458 0.522322
0.562926 0.650604
0.563072 0.406664
0.564213 0.608449
0.564721 0.573384
0.565596 0.680244
0.565785 0.622248
0.566277 0.416667
0.566279 0.398583
0.566466 0.467409
0.566792 0.500113
0.566866 0.734829
0.567050 0.637461
0.567474 0.616000
0.567477 0.597702
0.567611 0.595476
0.569146 0.435506
0.570347 0.574132
0.573272 0.501852
0.573616 0.659040
0.574303 0.603835
0.575204 0.430992
0.575642 0.675969
0.576629 0.700087
0.577353 0.592287
0.577404 0.665789
0.577587 0.660004
0.577951 0.732178
0.578103 0.617920
0.578788 0.486082
0.579804 0.745209
0.579818 0.558157
0.580721 0.564955
0.580728 0.669871
0.580751 0.651013
0.580881 0.531377
0.581287 0.597117
0.581755 0.587610
0.582995 0.620786
0.583151 0.555535
0.583470 0.474237
0.583612 0.603069
0.584152 0.564930
0.584410 0.428161
0.584453 0.466763
0.584809 0.599496
0.584976 0.679103
0.586136 0.619667
0.586928 0.600515
0.588116 0.671970
0.588203 0.676899
0.588843 0.554756
0.589458 0.693702
0.589489 0.662357
0.589518 0.587589
0.589979 0.632514
0.590537 0.675630
0.590618 0.783159
0.590941 0.616102
0.591591 0.603076
0.591851 0.585651
0.593555 0.581988
0.594129 0.835626
0.594329 0.542415
0.594552 0.667972
0.596564 0.741769
0.596671 0.753399
0.597165 0.725383
0.598571 0.608199
0.599690 0.731763
0.599854 0.788490
0.599984 0.407036
0.600052 0.471451
0.600794 0.730945
0.601634 0.787394
0.601686 0.505458
0.602193 0.750346
0.602815 0.631938
0.603557 0.461915
0.603929 0.603183
0.605593 0.518163
0.605776 0.648075
0.608329 0.730483
0.608752 0.344165
0.608837 0.640753
0.609344 0.691132
0.609634 0.678763
0.609706 0.533576
0.610053 0.715742
0.610281 0.832960
0.610342 0.702241
0.612348 0.769175
0.612624 0.747026
0.613041 0.378432
0.613799 0.729532
0.614366 0.624002
0.615192 0.718520
0.617004 0.460850
0.617396 0.568859
0.617779 0.643835
0.618143 0.713254
0.618821 0.729536
0.619423 0.776710
0.619723 0.759253
0.620079 0.657692
0.622039 0.783202
0.622049 0.703132
0.622911 0.686453
0.623159 0.421545
0.623673 0.727119
0.623931 0.633311
0.624982 0.617251
0.625726 0.737423
0.626466 0.606507
0.626925 0.743173
0.627577 0.765356
0.627738 0.750745
0.628694 0.603285
0.628728 0.657233
0.628765 0.559516
0.629597 0.780712
0.629600 0.650951
0.630124 0.624132
0.630718 0.717875
0.631069 0.682424
0.631135 0.683691
0.631565 0.733053
0.632195 0.673408
0.632732 0.802571
0.634156 0.726027
0.635434 0.433695
0.638935 0.767459
0.639105 0.604105
0.639677 0.747588
0.639730 0.641515
0.640137 0.581241
0.640315 0.542716
0.641232 0.539408
0.642514 0.607904
0.643362 0.533802
0.644008 0.722067
0.645156 0.716051
0.645165 0.796778
0.645207 0.761537
0.645445 0.797810
0.645718 0.504853
0.646269 0.784807
0.647484 0.720254
0.651162 0.685921
0.651579 0.628165
0.651899 0.709768
0.652490 0.850780
0.652534 0.579396
0.653538 0.643820
0.653667 0.646464
0.653866 0.704220
0.654785 0.582956
0.654886 0.705599
0.655435 0.664065
0.655617 0.700531
0.655916 0.597099
0.656438 0.726755
0.656516 0.620090
0.656796 0.585075
0.657066 0.663940
0.658330 0.735335
0.658976 0.810100
0.659249 0.613662
0.659874 0.697538
0.660114 0.750796
0.660808 0.676776
0.661345 0.656716
0.666178 0.634080
0.667200 0.699835
0.667516 0.599108
0.668806 0.737325
0.669250 0.734022
0.670224 0.800907
0.670224 0.647818
0.672121 0.691948
0.672840 0.632418
0.673392 0.609841
0.673877 0.798021
0.674228 0.679627
0.676416 0.607951
0.677105 0.734849
0.677832 0.770875
0.677987 0.733530
0.678762 0.854612
0.679010 0.707784
0.679294 0.770474
0.679820 0.840776
0.679868 0.767018
0.679910 0.567135
0.680836 0.843346
0.681180 0.721067
0.683878 0.756837
0.684808 0.568706
0.685847 0.727209
0.688076 0.838585
0.690228 0.655337
0.690965 0.878336
0.691069 0.676744
0.694947 0.647840
0.695348 0.789040
0.696761 0.784628
0.696902 0.738123
0.697615 0.800395
0.698435 0.763546
0.699291 0.830247
0.701311 0.614064
0.703826 0.584894
0.704055 0.682045
0.704398 0.792728
0.704646 0.706247
0.704935 0.850437
0.705850 0.750113
0.705928 0.642498
0.707539 0.792779
0.707863 0.843103
0.708556 0.700498
0.709913 0.766552
0.711259 0.779049
0.711419 0.655003
0.711707 0.703701
0.713653 0.807104
0.716709 0.796053
0.716768 0.558933
0.718209 0.792475
0.718386 0.633075
0.720929 0.787121
0.722899 0.782120
0.723802 0.705406
0.723849 0.696460
0.724449 0.757901
0.725432 0.825146
0.726029 0.706113
0.726068 0.782108
0.726184 0.748025
0.726375 0.821576
0.727712 0.701753
0.728896 0.834737
0.729149 0.825662
0.729892 0.812266
0.729926 0.811982
0.731161 0.839394
0.731385 0.817724
0.731400 0.831133
0.731626 0.636796
0.732146 0.792024
0.733379 0.795718
0.733847 0.803694
0.734602 0.786397
0.735429 0.842673
0.735740 0.834103
0.737207 0.801559
0.737734 0.743157
0.738526 0.687261
0.739153 0.809665
0.739902 0.659946
0.739960 0.651203
0.740168 0.803430
0.741230 0.646799
0.744649 0.730222
0.745508 0.756427
0.746271 0.830311
0.747415 0.760379
0.747947 0.775174
0.751460 0.709385
0.756619 0.648308
0.757343 0.854756
0.758709 0.750922
0.759058 0.773457
0.759371 0.829958
0.762770 0.894994
0.765031 0.810892
0.766286 0.822167
0.768176 0.870425
0.769616 0.683612
0.772046 0.804020
0.772357 0.847352
0.772656 0.738162
0.773448 0.807239
0.775308 0.761206
0.776406 0.730647
0.778914 0.821835
0.780506 0.893187
0.782324 0.651701
0.784764 0.814333
0.785344 0.874904
0.785829 0.830862
0.785945 0.792675
0.786481 0.786646
0.786644 0.813568
0.787888 0.849022
0.789953 0.700011
0.790318 0.673266
0.790396 0.897473
0.791564 0.846155
0.792587 0.788596
0.793949 0.865214
0.794195 0.889667
0.794207 0.805850
0.795899 0.770853
0.798294 0.701918
0.800263 0.823296
0.800605 0.747865
0.802231 0.847015
0.803533 0.798648
0.808476 0.745158
0.809049 0.740834
0.809539 0.871908
0.810141 0.794868
0.810512 0.856417
0.811414 0.815814
0.812794 0.851203
0.813783 0.822413
0.817100 0.782708
0.819127 0.800549
0.820139 0.871940
0.820394 0.860041
0.821097 0.788989
0.823682 0.857433
0.826719 0.892600
0.827022 0.868835
0.828974 0.865856
0.830366 0.890718
0.833058 0.825026
0.835614 0.865565
0.837238 0.829372
0.838008 0.759683
0.839231 0.812782
0.839754 0.825192
0.841948 0.809414
0.844178 0.804268
0.844934 0.845140
0.852517 0.771075
0.859455 0.914199
0.862908 0.883604
0.863517 0.825804
0.864958 0.891241
0.876009 0.857983
0.876675 0.909283
0.881027 0.901976
0.892979 0.964833
0.893641 0.942194
0.894046 0.871269
0.896132 0.952942
0.898627 0.952353
0.963197 0.982259
0.964332 0.950215
0.972060 0.975715
0.993169 0.991490
1.000000 1.000000
