0.000000 0.230466
0.010253 1.000000
0.021865 0.711393
0.028796 0.520826
0.030340 0.320879
0.037678 0.128169
0.078339 0.329679
0.080228 0.264049
0.088565 0.511561
0.090861 0.173504
0.097291 0.629125
0.106279 0.459759
0.107028 0.147318
0.110022 0.150052
0.110933 0.085720
0.115820 0.408781
0.115879 0.053829
0.124200 0.176243
0.126488 0.489643
0.131600 0.376487
0.133295 0.282408
0.134028 0.039728
0.139738 0.206345
0.140013 0.412808
0.141276 0.066707
0.141745 0.388027
0.142336 0.155359
0.149877 0.359075
0.152523 0.292829
0.157970 0.221366
0.159193 0.153809
0.161817 0.158249
0.164113 0.184667
0.164834 0.414322
0.165835 0.179122
0.167927 0.375700
0.171455 0.323477
0.171880 0.147465
0.174277 0.266674
0.176444 0.184025
0.178031 0.209673
0.178310 0.114532
0.181910 0.128461
0.181920 0.038562
0.186658 0.100997
0.190226 0.135374
0.190566 0.042828
0.191736 0.254119
0.192039 0.274810
0.192365 0.194031
0.193883 0.219300
0.194162 0.104495
0.197126 0.132232
0.197155 0.136556
0.204072 0.061353
0.204230 0.083579
0.206501 0.206217
0.207445 0.083233
0.208652 0.149555
0.208775 0.102565
0.210994 0.212808
0.214809 0.114595
0.215997 0.064421
0.217101 0.125980
0.218343 0.199559
0.219990 0.156054
0.220577 0.120566
0.221070 0.052750
0.222201 0.172573
0.222561 0.197131
0.223254 0.208118
0.224072 0.081021
0.225863 0.104067
0.226955 0.221932
0.229162 0.153294
0.233281 0.069985
0.233373 0.090872
0.234508 0.098680
0.235636 0.078391
0.235679 0.055274
0.239327 0.175050
0.240385 0.244781
0.241605 0.040528
0.241901 0.057246
0.242054 0.163142
0.243067 0.115005
0.243197 0.084551
0.243389 0.040589
0.244565 0.087134
0.244972 0.131827
0.246101 0.077767
0.247010 0.121218
0.248052 0.191189
0.248062 0.059693
0.248584 0.099956
0.248735 0.023170
0.249825 0.058644
0.251739 0.093445
0.252915 0.175947
0.253317 0.094460
0.253619 0.095590
0.253747 0.137200
0.254570 0.074093
0.254817 0.099534
0.255101 0.165193
0.256816 0.105436
0.258335 0.090195
0.259736 0.095677
0.261185 0.132927
0.261629 0.034417
0.262342 0.092895
0.263133 0.091255
0.263536 0.087988
0.264118 0.113110
0.264192 0.178521
0.267650 0.168270
0.268189 0.157576
0.269346 0.143244
0.271929 0.073912
0.274348 0.055347
0.274768 0.039999
0.275849 0.055496
0.276861 0.101107
0.278620 0.056910
0.279660 0.129900
0.281233 0.081746
0.282663 0.110772
0.283316 0.088586
0.283413 0.101506
0.284447 0.083676
0.284458 0.044798
0.284550 0.080935
0.284858 0.111905
0.284930 0.074713
0.287404 0.092483
0.287699 0.085562
0.289128 0.108061
0.289539 0.136771
0.292404 0.140154
0.292976 0.109560
0.294304 0.063271
0.295168 0.159620
0.296090 0.129691
0.296269 0.090659
0.297375 0.077343
0.297716 0.131277
0.300261 0.045855
0.300773 0.086414
0.301551 0.042735
0.304583 0.156772
0.306036 0.025012
0.308443 0.098691
0.308846 0.129457
0.309062 0.051585
0.310379 0.054099
0.311342 0.089911
0.311385 0.055858
0.311759 0.068360
0.311824 0.091978
0.312832 0.072403
0.314012 0.060019
0.315299 0.128023
0.315436 0.048257
0.317054 0.051030
0.317397 0.068630
0.317525 0.111531
0.317720 0.088696
0.317720 0.084769
0.317880 0.067434
0.317963 0.117810
0.318013 0.082609
0.318633 0.045979
0.319041 0.030816
0.319398 0.061449
0.319670 0.101757
0.319907 0.077543
0.320107 0.096735
0.320470 0.053808
0.320963 0.055918
0.321354 0.083462
0.322165 0.051679
0.322410 0.128676
0.323726 0.088290
0.325318 0.117647
0.325613 0.112969
0.325708 0.075165
0.326326 0.103355
0.327143 0.118752
0.327659 0.062585
0.328603 0.067371
0.328739 0.086207
0.329341 0.111858
0.332320 0.059342
0.333434 0.105820
0.333888 0.086656
0.334002 0.118772
0.334309 0.090869
0.337071 0.069209
0.338698 0.048577
0.338736 0.029101
0.339318 0.120530
0.340030 0.110954
0.340275 0.098681
0.340301 0.063569
0.340490 0.091014
0.340714 0.041091
0.341151 0.093290
0.341815 0.104443
0.341872 0.077989
0.342736 0.059342
0.342958 0.052118
0.344453 0.098991
0.344731 0.113825
0.346454 0.082837
0.348720 0.053097
0.348859 0.035443
0.349077 0.038614
0.349106 0.050758
0.349130 0.072293
0.349595 0.028932
0.349608 0.086410
0.350084 0.094889
0.350399 0.061164
0.353103 0.063597
0.353161 0.092582
0.353385 0.117797
0.353851 0.003045
0.354271 0.042368
0.354283 0.110510
0.356325 0.113646
0.356341 0.057511
0.356372 0.063133
0.357063 0.125795
0.358572 0.071195
0.358957 0.079465
0.360415 0.058155
0.360553 0.061701
0.361941 0.064341
0.363173 0.092170
0.364289 0.056868
0.364369 0.056391
0.365130 0.105501
0.365235 0.072027
0.365344 0.086756
0.366052 0.091053
0.366364 0.042930
0.366435 0.090958
0.366958 0.098909
0.366969 0.040355
0.367322 0.024324
0.368150 0.083380
0.368182 0.053990
0.368342 0.067136
0.369213 0.040560
0.369309 0.084010
0.369554 0.080210
0.369662 0.047999
0.370228 0.107462
0.370443 0.033566
0.370734 0.067167
0.370889 0.035163
0.371271 0.052029
0.371604 0.076402
0.372202 0.029437
0.372895 0.075525
0.372997 0.031731
0.373032 0.046232
0.375971 0.058501
0.376314 0.049880
0.376705 0.067299
0.376758 0.099195
0.377052 0.058704
0.377921 0.062848
0.378176 0.088515
0.378875 0.071000
0.379613 0.027615
0.379991 0.050310
0.380292 0.085159
0.380724 0.028019
0.381587 0.086218
0.382218 0.060890
0.383025 0.048845
0.383450 0.031104
0.383493 0.057656
0.384008 0.080442
0.384280 0.052920
0.384507 0.068431
0.384722 0.071461
0.385035 0.079218
0.385164 0.076438
0.385178 0.057343
0.385353 0.042507
0.385581 0.097228
0.386104 0.052518
0.386191 0.075776
0.386535 0.058009
0.386751 0.058767
0.386894 0.085916
0.387004 0.063382
0.387011 0.075870
0.387741 0.072706
0.389187 0.043647
0.389472 0.018803
0.389849 0.028413
0.389879 0.025052
0.390127 0.090568
0.390427 0.040360
0.390616 0.026473
0.392962 0.048054
0.393471 0.034273
0.393981 0.073869
0.394255 0.083436
0.394777 0.050198
0.394983 0.035517
0.395071 0.085334
0.395569 0.052796
0.397038 0.059192
0.397975 0.059852
0.398419 0.090559
0.399078 0.068210
0.399128 0.064633
0.399217 0.047039
0.399421 0.025161
0.399445 0.060482
0.399766 0.075957
0.399889 0.061244
0.402166 0.049363
0.403323 0.028910
0.403750 0.068601
0.403797 0.061751
0.403955 0.070656
0.405623 0.070600
0.406571 0.042300
0.406636 0.034520
0.406784 0.060449
0.406800 0.097492
0.406937 0.031031
0.407229 0.048128
0.407627 0.042135
0.407809 0.080909
0.408416 0.041307
0.409135 0.063808
0.409305 0.034108
0.409418 0.066028
0.409643 0.055280
0.409736 0.074935
0.409769 0.043489
0.411077 0.068052
0.411347 0.032326
0.411604 0.022254
0.411812 0.025830
0.412055 0.072476
0.412440 0.066558
0.412553 0.053554
0.412630 0.073992
0.412788 0.031876
0.412900 0.050460
0.413229 0.088737
0.413496 0.030809
0.413775 0.056916
0.414277 0.040759
0.414350 0.034372
0.414825 0.051307
0.415282 0.053717
0.415485 0.056283
0.415660 0.045840
0.416250 0.049444
0.418020 0.033756
0.419640 0.039292
0.420112 0.023898
0.420176 0.064649
0.420604 0.046712
0.420722 0.045226
0.420785 0.064687
0.420947 0.083468
0.421028 0.087284
0.421104 0.049889
0.422474 0.072218
0.424119 0.047679
0.424556 0.057798
0.424805 0.058253
0.425311 0.042039
0.425483 0.050818
0.425520 0.043109
0.425546 0.054698
0.425975 0.054063
0.426098 0.029213
0.426244 0.037113
0.426249 0.062129
0.427578 0.034048
0.427700 0.018102
0.428241 0.081787
0.428265 0.069776
0.429053 0.061576
0.429299 0.027281
0.429545 0.038941
0.429967 0.017802
0.430116 0.042470
0.430403 0.032418
0.430462 0.049721
0.431012 0.031233
0.431327 0.065221
0.432033 0.026957
0.432061 0.068963
0.432471 0.027846
0.432652 0.072519
0.433831 0.060352
0.433853 0.040742
0.434058 0.061503
0.434159 0.043865
0.434793 0.053197
0.435232 0.051983
0.436258 0.031621
0.436965 0.018901
0.437673 0.057904
0.438980 0.050072
0.439618 0.048219
0.440150 0.046770
0.440327 0.057172
0.441638 0.014940
0.441823 0.033599
0.441827 0.056366
0.442032 0.018601
0.442092 0.057679
0.442171 0.053706
0.442478 0.039931
0.442926 0.042049
0.443192 0.040789
0.443198 0.048402
0.443224 0.042310
0.443330 0.036407
0.443412 0.040442
0.444042 0.041530
0.444589 0.076746
0.444899 0.039909
0.444939 0.019588
0.446231 0.029092
0.446610 0.071518
0.447560 0.022897
0.447865 0.037458
0.447866 0.073150
0.447938 0.030805
0.448551 0.044183
0.448805 0.053069
0.449438 0.058927
0.450353 0.050260
0.450672 0.067836
0.450828 0.039712
0.451391 0.036926
0.452133 0.031326
0.452372 0.056148
0.452692 0.056061
0.452727 0.052514
0.452949 0.049832
0.452966 0.029451
0.454544 0.054219
0.454555 0.036371
0.455223 0.057700
0.456471 0.037736
0.456660 0.022896
0.458077 0.055850
0.458503 0.038764
0.459918 0.035012
0.460568 0.058953
0.460649 0.040482
0.461406 0.024392
0.462208 0.053921
0.462730 0.030400
0.464482 0.039350
0.464522 0.060824
0.464590 0.049075
0.464762 0.035420
0.465080 0.041748
0.465172 0.032607
0.466193 0.040061
0.466314 0.053966
0.466353 0.027420
0.467217 0.025370
0.467411 0.035487
0.467964 0.047413
0.468005 0.044803
0.468953 0.027076
0.469213 0.040183
0.469612 0.039483
0.471546 0.029347
0.473262 0.037127
0.473647 0.035032
0.474318 0.051143
0.474905 0.031367
0.475522 0.045051
0.476027 0.037833
0.476477 0.064629
0.476680 0.042517
0.477155 0.024632
0.477199 0.048130
0.477659 0.025219
0.478069 0.034075
0.478287 0.028916
0.478431 0.063142
0.478835 0.017984
0.478995 0.047306
0.479025 0.052106
0.479548 0.031941
0.480078 0.026876
0.480445 0.043195
0.481157 0.038728
0.482562 0.047025
0.482594 0.036558
0.482777 0.038486
0.483035 0.051385
0.483070 0.032926
0.483521 0.055718
0.484119 0.043809
0.484340 0.033022
0.484396 0.055462
0.484742 0.042622
0.484768 0.015254
0.485251 0.063325
0.485951 0.041226
0.485953 0.013570
0.487064 0.032756
0.487213 0.055996
0.488137 0.042054
0.488378 0.031678
0.488662 0.062235
0.488837 0.048609
0.492610 0.028177
0.492840 0.047484
0.493728 0.041722
0.494579 0.052475
0.494825 0.018606
0.495040 0.044617
0.495956 0.026368
0.496565 0.028511
0.496815 0.025421
0.497013 0.045587
0.497060 0.046370
0.497183 0.050101
0.497407 0.012150
0.498265 0.041918
0.499107 0.043563
0.499679 0.018498
0.500231 0.034981
0.500550 0.018324
0.501032 0.020976
0.501600 0.047796
0.501874 0.046166
0.501903 0.025946
0.502368 0.030321
0.502510 0.024822
0.503701 0.035057
0.503859 0.037212
0.504212 0.057088
0.505597 0.026332
0.505747 0.039137
0.506956 0.049453
0.508040 0.032924
0.508122 0.030941
0.509395 0.017394
0.509884 0.040093
0.510136 0.029847
0.510916 0.037432
0.510991 0.026822
0.511171 0.029355
0.511518 0.040276
0.511757 0.041394
0.512331 0.015650
0.513265 0.042661
0.514301 0.038503
0.514376 0.039580
0.514694 0.032742
0.515855 0.035189
0.516296 0.046294
0.517127 0.029686
0.517376 0.027607
0.518642 0.037812
0.518984 0.013441
0.519289 0.035225
0.519340 0.025882
0.519996 0.027519
0.520649 0.047671
0.520761 0.041085
0.521159 0.045326
0.521248 0.037215
0.521809 0.031822
0.522002 0.027224
0.522124 0.039642
0.523396 0.040355
0.523464 0.040659
0.524473 0.038489
0.525104 0.041235
0.525384 0.026719
0.525838 0.029409
0.526680 0.038140
0.528489 0.026018
0.528689 0.038946
0.528978 0.032639
0.529383 0.022195
0.529568 0.046301
0.530070 0.038748
0.530439 0.040256
0.531984 0.045198
0.532107 0.022140
0.532179 0.022236
0.532467 0.028527
0.532546 0.019401
0.532741 0.032415
0.532806 0.032512
0.533026 0.045480
0.533143 0.020326
0.533875 0.020202
0.534058 0.020690
0.534793 0.026269
0.534982 0.036215
0.535056 0.012364
0.535651 0.046201
0.535660 0.025787
0.535901 0.043685
0.536188 0.031570
0.537119 0.032907
0.537245 0.019307
0.537556 0.028958
0.537745 0.028731
0.537979 0.030211
0.538038 0.022817
0.538214 0.030688
0.538622 0.040541
0.539510 0.038256
0.539528 0.032148
0.539708 0.042723
0.539872 0.017678
0.540638 0.021481
0.540646 0.018987
0.541089 0.045690
0.542174 0.021922
0.542617 0.027273
0.543134 0.020466
0.543235 0.031672
0.543278 0.038610
0.543323 0.029434
0.544257 0.043118
0.544540 0.020914
0.546891 0.021655
0.547902 0.017423
0.548546 0.038769
0.549052 0.040007
0.549659 0.044666
0.550061 0.040699
0.550326 0.012752
0.551320 0.024944
0.551645 0.021333
0.552576 0.010169
0.553346 0.026009
0.555070 0.026726
0.555169 0.039246
0.555307 0.019925
0.556308 0.019650
0.556591 0.038629
0.556609 0.024289
0.556955 0.026363
0.557525 0.044307
0.558488 0.030183
0.558548 0.028697
0.558567 0.042617
0.558645 0.032973
0.559740 0.028418
0.560273 0.036133
0.560489 0.022044
0.561045 0.019658
0.561660 0.027545
0.562692 0.039176
0.563286 0.041745
0.563914 0.015598
0.564168 0.035113
0.565429 0.017287
0.565741 0.032985
0.566258 0.039076
0.566358 0.038775
0.566524 0.031774
0.566802 0.021507
0.567056 0.020633
0.567193 0.018804
0.567207 0.014542
0.567515 0.030240
0.568065 0.021589
0.568398 0.035488
0.568970 0.032147
0.570199 0.013701
0.570966 0.028949
0.571788 0.021339
0.573073 0.038215
0.573772 0.033491
0.574420 0.026136
0.574880 0.032763
0.576213 0.019849
0.576426 0.034145
0.576793 0.033526
0.577219 0.022843
0.577276 0.005771
0.579022 0.014061
0.580073 0.006731
0.580298 0.017069
0.580675 0.030284
0.581241 0.020555
0.583306 0.021183
0.584162 0.021779
0.585368 0.033192
0.585441 0.021910
0.585704 0.023908
0.586621 0.034443
0.586881 0.018178
0.587068 0.020149
0.589925 0.033524
0.590677 0.030893
0.590820 0.022632
0.591137 0.031032
0.591541 0.026579
0.592444 0.021068
0.593846 0.018789
0.595110 0.034918
0.595306 0.021165
0.595733 0.022631
0.595811 0.025421
0.596070 0.028792
0.596157 0.015774
0.596591 0.019564
0.597600 0.014795
0.597627 0.031589
0.598668 0.026304
0.598801 0.015547
0.599250 0.013392
0.599554 0.030804
0.600845 0.017967
0.601685 0.016100
0.601762 0.029121
0.602376 0.022871
0.603627 0.017467
0.604831 0.025566
0.605072 0.012542
0.605226 0.024250
0.605426 0.024275
0.605467 0.015548
0.605678 0.027764
0.606120 0.023379
0.607079 0.013207
0.607464 0.027532
0.607725 0.019190
0.608675 0.029131
0.609842 0.024889
0.609947 0.010363
0.610138 0.007747
0.611880 0.029425
0.612356 0.017420
0.613329 0.022078
0.614545 0.027259
0.615851 0.022540
0.616436 0.022226
0.618007 0.028891
0.618192 0.003223
0.619575 0.010504
0.620232 0.016524
0.620320 0.018890
0.620672 0.021588
0.623382 0.022815
0.624367 0.024049
0.624377 0.016315
0.626736 0.019038
0.627533 0.008115
0.627726 0.025135
0.627941 0.017044
0.628941 0.022016
0.629649 0.017071
0.629741 0.020865
0.629757 0.017232
0.631647 0.018519
0.631812 0.024455
0.632117 0.017253
0.632734 0.014782
0.633370 0.021046
0.633528 0.012000
0.633556 0.011195
0.634396 0.008504
0.634530 0.018658
0.634602 0.020176
0.635283 0.016522
0.635623 0.018532
0.635782 0.018002
0.635988 0.021793
0.636108 0.020841
0.636269 0.020854
0.636800 0.019620
0.636882 0.013724
0.639637 0.021147
0.641948 0.015244
0.642990 0.017188
0.643704 0.009778
0.644541 0.010126
0.645431 0.019371
0.647205 0.007758
0.647922 0.018843
0.648382 0.014318
0.649831 0.016784
0.652392 0.005700
0.653386 0.019334
0.654218 0.022583
0.654508 0.014988
0.656082 0.023589
0.656907 0.016566
0.656972 0.022931
0.657547 0.014029
0.657735 0.022804
0.658656 0.016231
0.659257 0.015925
0.659502 0.019378
0.659582 0.013180
0.660239 0.010277
0.660621 0.013395
0.661779 0.016661
0.661904 0.020475
0.663643 0.021353
0.663922 0.020148
0.665543 0.021935
0.665544 0.016387
0.665976 0.018919
0.666552 0.012205
0.667192 0.022386
0.668037 0.011922
0.668287 0.018637
0.668424 0.022006
0.669741 0.019971
0.670290 0.013445
0.670716 0.015835
0.672605 0.019994
0.672667 0.009483
0.673026 0.017967
0.673263 0.015058
0.675252 0.022573
0.675316 0.018976
0.675351 0.010218
0.676248 0.013950
0.676349 0.009539
0.679539 0.014927
0.679568 0.011465
0.679755 0.015561
0.681172 0.015341
0.681397 0.015243
0.681569 0.016763
0.685400 0.012139
0.685618 0.014994
0.689541 0.004301
0.690076 0.019277
0.691639 0.011509
0.692080 0.018718
0.692167 0.010173
0.692862 0.018479
0.695362 0.013352
0.698328 0.017634
0.698733 0.018152
0.699234 0.006314
0.699494 0.018564
0.701475 0.013932
0.703621 0.013838
0.704160 0.014611
0.704267 0.006627
0.704952 0.013020
0.706993 0.017303
0.707401 0.007859
0.708532 0.011110
0.708812 0.014687
0.710932 0.017176
0.712639 0.005753
0.712851 0.014775
0.712902 0.010960
0.713202 0.011537
0.713773 0.014599
0.714587 0.008618
0.716095 0.009524
0.717282 0.013971
0.717364 0.015385
0.717556 0.014566
0.720338 0.009782
0.720849 0.012494
0.721926 0.011351
0.726439 0.013831
0.727714 0.010826
0.729736 0.012202
0.730943 0.010018
0.732220 0.012007
0.732843 0.010032
0.735880 0.009987
0.737867 0.009749
0.739551 0.010892
0.742226 0.013977
0.743385 0.016199
0.745572 0.006745
0.745993 0.006191
0.746211 0.010673
0.748370 0.012153
0.750052 0.010542
0.753456 0.008952
0.764890 0.008986
0.768742 0.007613
0.770037 0.011441
0.772586 0.005825
0.773380 0.008111
0.775473 0.008086
0.776457 0.001968
0.778270 0.007709
0.783005 0.012303
0.786398 0.004915
0.793972 0.008264
0.796213 0.007807
0.797641 0.003563
0.800125 0.007199
0.801940 0.005879
0.803407 0.008733
0.804980 0.007895
0.809596 0.008514
0.811354 0.008827
0.815934 0.008780
0.818653 0.008185
0.819535 0.005706
0.820821 0.009080
0.822512 0.006564
0.826549 0.006318
0.832008 0.005998
0.832157 0.005012
0.832817 0.005797
0.833008 0.008441
0.836132 0.005716
0.839761 0.006645
0.843370 0.007437
0.850469 0.004952
0.858600 0.006277
0.860793 0.004266
0.877206 0.003569
0.880083 0.005202
0.885129 0.004176
0.888714 0.005368
0.896989 0.002381
0.904844 0.002779
0.919577 0.001517
0.930276 0.002427
1.000000 0.000000
