0.000000 0.698902
0.000035 0.583789
0.000887 0.649634
0.001636 1.000000
0.001721 0.674217
0.002162 0.615205
0.003457 0.778952
0.003817 0.723169
0.005582 0.655480
0.005590 0.655702
0.005854 0.574944
0.006178 0.667980
0.006482 0.718104
0.008639 0.805978
0.008869 0.650757
0.010650 0.637309
0.010784 0.657907
0.011758 0.624326
0.013811 0.674461
0.014002 0.728839
0.017240 0.611478
0.023648 0.748651
0.028639 0.601020
0.029222 0.598099
0.032075 0.690961
0.033979 0.776248
0.034436 0.563032
0.035228 0.626589
0.037893 0.719335
0.037902 0.538071
0.039133 0.642084
0.040040 0.748704
0.043879 0.571670
0.044461 0.767801
0.044644 0.623818
0.048628 0.710003
0.050393 0.685591
0.050864 0.583140
0.054177 0.564710
0.054816 0.636327
0.059372 0.690743
0.061296 0.688625
0.064991 0.519293
0.065330 0.776397
0.065828 0.619495
0.068422 0.611515
0.069333 0.584417
0.070088 0.560068
0.070696 0.757134
0.071515 0.593684
0.073152 0.564683
0.074328 0.506060
0.074396 0.554323
0.075417 0.675947
0.075860 0.580283
0.078387 0.481757
0.081063 0.467791
0.081786 0.500544
0.083402 0.596060
0.085274 0.562405
0.085594 0.468916
0.085614 0.545228
0.086226 0.502054
0.087305 0.444104
0.087905 0.527750
0.089539 0.436066
0.089696 0.501030
0.090344 0.491339
0.091692 0.497354
0.092665 0.703371
0.095398 0.680123
0.095422 0.639969
0.096127 0.677379
0.101030 0.490388
0.102277 0.434495
0.102532 0.395057
0.102830 0.430356
0.110406 0.449008
0.113199 0.457282
0.115449 0.392147
0.116382 0.403881
0.117126 0.608675
0.117391 0.562360
0.119909 0.443814
0.120388 0.601852
0.127109 0.436893
0.131537 0.395022
0.134725 0.646532
0.136080 0.386286
0.137034 0.428579
0.138239 0.567434
0.138679 0.438947
0.140222 0.542499
0.140963 0.521382
0.142575 0.500674
0.142716 0.523215
0.143410 0.446400
0.143529 0.517470
0.144546 0.518442
0.144631 0.503063
0.147692 0.606223
0.148298 0.654298
0.150261 0.395327
0.150369 0.346064
0.151179 0.419857
0.151341 0.416369
0.152548 0.334767
0.152879 0.445210
0.153302 0.585330
0.154650 0.488113
0.155411 0.394858
0.158741 0.338525
0.158855 0.396974
0.163517 0.408850
0.165076 0.546819
0.165118 0.765515
0.166042 0.353596
0.168364 0.576664
0.170578 0.379735
0.172410 0.460002
0.172534 0.448583
0.172672 0.404095
0.172964 0.323982
0.173191 0.608674
0.173242 0.592591
0.173520 0.382061
0.179068 0.550194
0.181039 0.443223
0.182555 0.464188
0.183944 0.357151
0.185851 0.394319
0.186080 0.470855
0.187950 0.382578
0.189264 0.391722
0.189315 0.433192
0.191986 0.456695
0.192266 0.528725
0.192551 0.360916
0.195552 0.298728
0.196343 0.497120
0.197400 0.479923
0.197582 0.375984
0.197592 0.485240
0.198474 0.410787
0.198980 0.519795
0.199676 0.312019
0.199972 0.564029
0.203616 0.454013
0.203914 0.432465
0.207916 0.370043
0.208404 0.388898
0.209567 0.506316
0.209801 0.517331
0.210645 0.502837
0.212260 0.463564
0.212510 0.435155
0.213110 0.495813
0.214135 0.434020
0.214186 0.385864
0.214840 0.484011
0.216148 0.331042
0.219511 0.413164
0.221417 0.422700
0.222070 0.432492
0.223042 0.478420
0.224180 0.435328
0.225240 0.296834
0.225873 0.396673
0.227511 0.433534
0.228467 0.502984
0.231019 0.257272
0.232779 0.308012
0.233263 0.312463
0.233431 0.428263
0.233634 0.401054
0.233813 0.502242
0.235481 0.360879
0.238235 0.327381
0.240646 0.318273
0.240782 0.510425
0.241884 0.391622
0.245474 0.377044
0.247956 0.471004
0.248578 0.417219
0.248998 0.406976
0.249762 0.365851
0.251109 0.433530
0.254257 0.639692
0.256948 0.427762
0.256991 0.453690
0.257513 0.448341
0.258376 0.241840
0.262957 0.281309
0.263156 0.375609
0.267589 0.398630
0.268119 0.315858
0.271108 0.363022
0.272345 0.371073
0.272412 0.390846
0.273456 0.355707
0.273462 0.348157
0.275203 0.538841
0.276152 0.459670
0.276519 0.312593
0.276560 0.408486
0.281046 0.326890
0.287277 0.402482
0.289109 0.277028
0.290355 0.235982
0.294261 0.316341
0.296226 0.320465
0.297532 0.236935
0.298376 0.271168
0.300020 0.298148
0.302396 0.373131
0.304753 0.431339
0.307604 0.394514
0.308259 0.532724
0.309198 0.267259
0.309599 0.415736
0.310205 0.360112
0.310524 0.385345
0.310855 0.315468
0.311242 0.356166
0.311703 0.461529
0.313158 0.285387
0.313347 0.308835
0.314029 0.366283
0.314205 0.349954
0.315446 0.380252
0.316368 0.384315
0.319697 0.403040
0.320820 0.428896
0.321104 0.188752
0.321181 0.350914
0.322913 0.349199
0.323563 0.385017
0.324383 0.291519
0.326142 0.386278
0.327642 0.245622
0.332668 0.367527
0.334156 0.417445
0.336702 0.198167
0.338543 0.378677
0.342360 0.310192
0.346043 0.279891
0.350058 0.382041
0.350261 0.343411
0.352718 0.455211
0.353312 0.394134
0.353430 0.446676
0.354179 0.405460
0.354865 0.338719
0.357344 0.266248
0.358792 0.571328
0.360156 0.440600
0.360757 0.219003
0.360964 0.290970
0.362253 0.299107
0.362749 0.366193
0.363661 0.284344
0.364215 0.204091
0.365344 0.275248
0.365620 0.412029
0.369597 0.251714
0.372230 0.206115
0.375094 0.238877
0.377230 0.347904
0.377621 0.284240
0.378702 0.287632
0.379257 0.283005
0.379725 0.212053
0.380866 0.308862
0.381581 0.356473
0.382695 0.432121
0.382774 0.316898
0.383624 0.203036
0.384872 0.426072
0.385516 0.275735
0.388046 0.183590
0.389114 0.309593
0.389549 0.305118
0.391455 0.410478
0.391561 0.205510
0.395259 0.309036
0.401813 0.461394
0.404748 0.429071
0.404788 0.329367
0.405237 0.438650
0.407385 0.400240
0.407453 0.207278
0.407613 0.209098
0.407756 0.540470
0.410997 0.303617
0.411583 0.350292
0.412210 0.239495
0.416317 0.211215
0.419281 0.377318
0.420847 0.390909
0.423086 0.474774
0.425549 0.375801
0.425555 0.249189
0.425716 0.212024
0.426079 0.198063
0.427243 0.277379
0.428730 0.237236
0.429819 0.285871
0.434021 0.236857
0.434776 0.354368
0.445588 0.342266
0.446525 0.231655
0.446791 0.368326
0.447760 0.438339
0.448291 0.264631
0.453105 0.404373
0.453861 0.237708
0.455160 0.310657
0.463326 0.244530
0.463574 0.334155
0.463788 0.515736
0.466490 0.250612
0.467179 0.349199
0.470090 0.268541
0.470459 0.187961
0.470888 0.361292
0.471945 0.200829
0.472018 0.315388
0.474441 0.166480
0.479243 0.322139
0.480509 0.196124
0.481546 0.326861
0.482085 0.198230
0.482510 0.426850
0.483701 0.322628
0.485307 0.285682
0.486777 0.234460
0.487452 0.212216
0.489111 0.339875
0.489880 0.379972
0.491405 0.311458
0.491422 0.425373
0.491719 0.269053
0.491841 0.253533
0.492809 0.332631
0.496401 0.277107
0.496629 0.243061
0.497860 0.372341
0.500662 0.209834
0.506339 0.191350
0.507484 0.242801
0.507587 0.244015
0.508886 0.230119
0.509656 0.292174
0.513435 0.160083
0.514309 0.331533
0.517006 0.385775
0.517992 0.226760
0.519580 0.143702
0.520562 0.399219
0.521019 0.246442
0.521075 0.318724
0.521128 0.198107
0.521692 0.380573
0.522643 0.324008
0.527323 0.287128
0.528887 0.381686
0.529322 0.160568
0.530266 0.273205
0.532908 0.162340
0.534902 0.200564
0.535030 0.395067
0.535601 0.343873
0.540913 0.172203
0.541991 0.266438
0.548339 0.314093
0.548899 0.177594
0.549790 0.199914
0.549813 0.432487
0.550992 0.180060
0.554269 0.171456
0.557190 0.350104
0.558271 0.179096
0.558368 0.302581
0.558569 0.355937
0.559292 0.411661
0.560359 0.161206
0.562634 0.139023
0.563120 0.259652
0.563293 0.255200
0.563347 0.175326
0.563416 0.197024
0.564002 0.376087
0.564627 0.292833
0.564660 0.284202
0.566842 0.157549
0.567228 0.120575
0.568506 0.303331
0.568850 0.129906
0.571944 0.215216
0.572072 0.269197
0.573095 0.266247
0.574530 0.273423
0.576599 0.166626
0.577844 0.222900
0.578518 0.172400
0.578913 0.327842
0.579390 0.186477
0.584730 0.186510
0.590667 0.417942
0.592959 0.223209
0.593731 0.218773
0.598451 0.125349
0.599188 0.171987
0.600848 0.292749
0.602711 0.112524
0.603721 0.159634
0.604029 0.244710
0.604945 0.307207
0.605642 0.405869
0.607167 0.422429
0.611080 0.367235
0.615440 0.152871
0.620229 0.505958
0.621379 0.220711
0.622416 0.213984
0.624324 0.277871
0.625305 0.168522
0.625622 0.255297
0.627653 0.174706
0.627861 0.100616
0.629856 0.145585
0.629898 0.141081
0.630146 0.214497
0.634066 0.201905
0.634860 0.444764
0.637936 0.232428
0.639315 0.161704
0.639335 0.169334
0.639347 0.262285
0.641235 0.365902
0.641312 0.170937
0.649672 0.310449
0.650104 0.248074
0.651807 0.142207
0.652447 0.179572
0.656729 0.232700
0.658590 0.156498
0.659330 0.109451
0.663069 0.129186
0.663952 0.254721
0.665596 0.185204
0.670123 0.204769
0.670706 0.416716
0.671240 0.079385
0.671309 0.325091
0.672941 0.250721
0.673467 0.293047
0.674432 0.306196
0.674756 0.161431
0.676810 0.116484
0.678421 0.403423
0.679344 0.477365
0.683701 0.226121
0.686533 0.275706
0.687457 0.199998
0.689049 0.283032
0.689364 0.243650
0.689390 0.303678
0.689563 0.144262
0.690318 0.166939
0.690855 0.183349
0.690970 0.192799
0.692428 0.105714
0.693404 0.084778
0.693620 0.237897
0.696926 0.311866
0.696980 0.180875
0.697115 0.142868
0.698650 0.249023
0.699361 0.151980
0.700135 0.380312
0.707214 0.170171
0.707535 0.452550
0.708689 0.173912
0.710184 0.261269
0.710783 0.216717
0.712140 0.271581
0.713615 0.161319
0.714166 0.280112
0.714550 0.110961
0.715865 0.101355
0.717878 0.104099
0.718530 0.081033
0.719800 0.256704
0.720528 0.311395
0.722822 0.238250
0.723231 0.070595
0.723747 0.126136
0.723784 0.207314
0.724396 0.124844
0.724618 0.216127
0.724690 0.346485
0.725800 0.112311
0.726797 0.293583
0.728267 0.233170
0.730046 0.136776
0.730962 0.209355
0.731972 0.156998
0.732726 0.072411
0.734126 0.197651
0.735514 0.172929
0.735741 0.111050
0.736352 0.108438
0.741001 0.293941
0.742051 0.197003
0.742941 0.179008
0.743532 0.137551
0.744123 0.095889
0.744591 0.127773
0.744614 0.258568
0.744981 0.161767
0.745920 0.242627
0.746945 0.107983
0.748141 0.280024
0.748247 0.120112
0.750486 0.135773
0.751345 0.334321
0.751448 0.112983
0.752817 0.147795
0.752830 0.088014
0.753087 0.188647
0.753804 0.382479
0.754047 0.159327
0.754165 0.224200
0.756218 0.133682
0.756335 0.082635
0.756930 0.180838
0.758578 0.158786
0.758749 0.297606
0.759667 0.070353
0.761741 0.287446
0.762321 0.115126
0.765079 0.090837
0.766717 0.176260
0.767461 0.070503
0.768700 0.161026
0.770464 0.119190
0.770887 0.329462
0.772472 0.155098
0.777759 0.204754
0.778786 0.262475
0.781121 0.258902
0.782297 0.103444
0.782653 0.141794
0.782658 0.196092
0.783291 0.133854
0.785520 0.096501
0.786947 0.230979
0.788069 0.128021
0.791893 0.147552
0.793390 0.191040
0.794167 0.149914
0.794690 0.419203
0.795783 0.072930
0.796384 0.161510
0.797454 0.066926
0.801347 0.205092
0.806754 0.314118
0.808198 0.244103
0.808800 0.102921
0.810402 0.193758
0.811272 0.338134
0.813039 0.054175
0.813190 0.149312
0.814144 0.330344
0.814614 0.190097
0.814936 0.189529
0.815132 0.268701
0.817963 0.137502
0.819118 0.131900
0.819342 0.252485
0.819513 0.248706
0.819668 0.224982
0.821680 0.185654
0.821683 0.207245
0.822988 0.296956
0.824416 0.112586
0.824874 0.192865
0.825023 0.154801
0.827817 0.218319
0.831338 0.251300
0.833186 0.182902
0.837205 0.212455
0.839005 0.166743
0.839955 0.250446
0.840185 0.118680
0.841588 0.172414
0.842446 0.135266
0.842854 0.279646
0.844140 0.087389
0.848518 0.110857
0.848575 0.160632
0.851559 0.247886
0.851947 0.145113
0.852520 0.289578
0.856130 0.149610
0.858231 0.099756
0.859952 0.181817
0.860377 0.097523
0.860505 0.229259
0.861611 0.148070
0.866605 0.143253
0.866900 0.102646
0.866919 0.146398
0.867599 0.317270
0.867674 0.228549
0.870049 0.182112
0.871547 0.075038
0.871976 0.102923
0.873137 0.351677
0.876252 0.121950
0.877568 0.261797
0.877740 0.190034
0.879014 0.145791
0.881366 0.067604
0.881671 0.137334
0.883032 0.043486
0.885589 0.271852
0.886274 0.353443
0.887922 0.172335
0.888300 0.294624
0.889387 0.153928
0.889527 0.146937
0.892217 0.044685
0.894918 0.276242
0.896131 0.163882
0.898399 0.251453
0.899810 0.088966
0.900265 0.105068
0.901852 0.133030
0.904063 0.026359
0.904482 0.274784
0.904992 0.047224
0.907392 0.055546
0.908742 0.132362
0.908859 0.046458
0.909561 0.037305
0.913184 0.117818
0.913921 0.212701
0.914627 0.080885
0.917586 0.134425
0.918589 0.120268
0.919454 0.074642
0.931014 0.514137
0.932278 0.198712
0.934023 0.175725
0.934458 0.176568
0.939342 0.233380
0.939572 0.078412
0.939842 0.275089
0.940563 0.173334
0.944544 0.103716
0.951498 0.123980
0.952926 0.246120
0.956525 0.138594
0.957374 0.037461
0.960058 0.128974
0.960334 0.244031
0.960779 0.162885
0.960916 0.402627
0.964412 0.211444
0.965256 0.294022
0.965302 0.253297
0.968126 0.035284
0.968553 0.234391
0.970066 0.163477
0.971730 0.163684
0.974353 0.166734
0.978951 0.167489
0.979630 0.368119
0.979782 0.278220
0.980884 0.000000
0.983219 0.186349
0.983333 0.133767
0.984418 0.036719
0.989910 0.082018
0.990168 0.270298
0.990226 0.121995
0.991254 0.141005
0.992794 0.152243
0.995314 0.123475
0.995428 0.098720
0.996243 0.080320
0.997028 0.343584
0.998015 0.201496
0.999014 0.475682
1.000000 0.303303
