0.000000 0.994235
0.001494 0.887703
0.004926 0.914098
0.006182 0.988159
0.009044 0.809888
0.010168 0.915943
0.011727 0.820929
0.017738 1.000000
0.020950 0.966069
0.021288 0.877250
0.024150 0.826531
0.025072 0.891013
0.027352 0.968875
0.030203 0.765293
0.033912 0.839462
0.034289 0.797178
0.034578 0.834458
0.035079 0.795474
0.035167 0.816820
0.040393 0.760789
0.041630 0.851718
0.041880 0.874388
0.043005 0.880423
0.043558 0.889861
0.045711 0.684277
0.046834 0.806609
0.053258 0.869970
0.054748 0.900806
0.056158 0.687274
0.056451 0.796897
0.056623 0.711618
0.062963 0.851103
0.064076 0.772519
0.064879 0.662640
0.065910 0.789959
0.067785 0.816954
0.069808 0.683768
0.073878 0.744071
0.075547 0.896601
0.077030 0.687386
0.077861 0.673790
0.082446 0.660967
0.084530 0.737005
0.085827 0.708982
0.086096 0.668571
0.092073 0.692319
0.093431 0.637375
0.094317 0.644818
0.095800 0.654829
0.100318 0.671544
0.102242 0.809169
0.104312 0.684061
0.108327 0.613000
0.110152 0.701044
0.112464 0.609346
0.112529 0.688267
0.113753 0.578589
0.113980 0.656732
0.115120 0.499167
0.122925 0.586962
0.125358 0.692231
0.129031 0.559200
0.131099 0.584202
0.131203 0.541075
0.131794 0.551307
0.133048 0.570993
0.134521 0.588996
0.136565 0.486334
0.136652 0.505274
0.137892 0.646753
0.140390 0.533428
0.141764 0.567559
0.142794 0.671237
0.143099 0.525245
0.153242 0.543445
0.153499 0.607643
0.155580 0.483441
0.156388 0.579574
0.159826 0.684116
0.159961 0.564055
0.163365 0.524622
0.164094 0.570533
0.166634 0.558216
0.169269 0.541342
0.169538 0.668901
0.171124 0.441341
0.173654 0.531761
0.174293 0.406841
0.180303 0.553200
0.184052 0.571209
0.184483 0.412357
0.193935 0.602095
0.194359 0.398790
0.201664 0.507493
0.201906 0.565351
0.204589 0.528370
0.212654 0.396815
0.213116 0.441070
0.213898 0.422217
0.215842 0.544751
0.216754 0.482945
0.221684 0.545499
0.222962 0.437772
0.233022 0.550585
0.237165 0.446747
0.240317 0.322633
0.241242 0.499586
0.243462 0.457715
0.251805 0.337297
0.252325 0.414942
0.252645 0.391899
0.252889 0.406201
0.256266 0.367678
0.256870 0.421507
0.258264 0.414777
0.261019 0.341773
0.261276 0.535529
0.263246 0.433580
0.264164 0.499209
0.265429 0.354428
0.267367 0.345411
0.270855 0.357298
0.271140 0.522881
0.272233 0.433126
0.273406 0.381549
0.275005 0.599516
0.275072 0.368614
0.277199 0.362036
0.282428 0.377806
0.282697 0.444383
0.284563 0.303362
0.284636 0.407609
0.289514 0.485870
0.290194 0.330620
0.291922 0.306842
0.292780 0.358922
0.294922 0.405220
0.295231 0.308158
0.298156 0.408751
0.299827 0.371525
0.304920 0.334760
0.305504 0.468751
0.307901 0.589550
0.308164 0.452010
0.309160 0.343493
0.309270 0.440316
0.309527 0.359456
0.309911 0.385753
0.310556 0.459023
0.313611 0.505560
0.314336 0.486921
0.316247 0.339342
0.317895 0.375315
0.320331 0.485846
0.323027 0.277774
0.323573 0.280239
0.323726 0.354084
0.323734 0.296042
0.324704 0.360626
0.326467 0.262181
0.326721 0.360858
0.328767 0.399561
0.331897 0.356323
0.332009 0.405872
0.332131 0.321559
0.334444 0.354493
0.337466 0.314066
0.337645 0.326906
0.337758 0.353480
0.341230 0.300735
0.347224 0.269122
0.347582 0.268286
0.352377 0.322340
0.352819 0.319415
0.353542 0.406375
0.355587 0.370401
0.356880 0.415982
0.357002 0.302991
0.360491 0.296719
0.360653 0.404949
0.361046 0.399628
0.361948 0.388396
0.363598 0.238266
0.365797 0.441180
0.367134 0.354288
0.369534 0.343046
0.369634 0.294640
0.370816 0.302427
0.371505 0.335619
0.372980 0.240837
0.378891 0.232156
0.379112 0.221698
0.379627 0.270413
0.380573 0.260849
0.380630 0.261114
0.385769 0.216804
0.390416 0.294855
0.396096 0.208041
0.399294 0.252243
0.400348 0.299174
0.401093 0.208234
0.401094 0.223896
0.401835 0.313357
0.402089 0.323731
0.402876 0.285804
0.403046 0.256081
0.403063 0.360058
0.403829 0.270645
0.407959 0.232652
0.408431 0.262556
0.410598 0.426621
0.414043 0.396600
0.417283 0.227342
0.417305 0.264273
0.419848 0.313998
0.422792 0.228484
0.423921 0.349274
0.424083 0.213110
0.425209 0.309007
0.425781 0.439131
0.426693 0.171180
0.432065 0.245868
0.432074 0.219553
0.435680 0.193747
0.436236 0.248778
0.437009 0.403332
0.437824 0.269418
0.438656 0.304371
0.440132 0.427534
0.440875 0.305883
0.446774 0.200953
0.447277 0.295216
0.447809 0.283402
0.451389 0.194922
0.454480 0.234831
0.456353 0.313338
0.460046 0.333553
0.462360 0.258870
0.463479 0.293976
0.463887 0.362007
0.465103 0.335540
0.466697 0.331283
0.468567 0.253602
0.468899 0.211858
0.470496 0.454809
0.470958 0.309171
0.472276 0.278948
0.477909 0.156040
0.480177 0.226117
0.481335 0.291588
0.482259 0.214591
0.482285 0.233070
0.483329 0.346304
0.487011 0.280049
0.488498 0.357891
0.489726 0.251614
0.490390 0.285865
0.490499 0.452069
0.494558 0.161876
0.494666 0.217362
0.498440 0.148543
0.502757 0.287731
0.508089 0.248037
0.508311 0.256003
0.508967 0.295503
0.509951 0.278412
0.512362 0.282273
0.516923 0.256158
0.523529 0.228885
0.525075 0.163171
0.527239 0.190986
0.530304 0.264036
0.532393 0.266366
0.535129 0.163748
0.535245 0.359029
0.535601 0.178857
0.536877 0.223871
0.537150 0.292502
0.538464 0.190541
0.539036 0.194777
0.542200 0.118489
0.544027 0.276281
0.544607 0.171882
0.548575 0.321569
0.549476 0.267280
0.549560 0.379065
0.549819 0.261244
0.550242 0.173649
0.550423 0.145168
0.551428 0.257748
0.553078 0.222185
0.553627 0.219555
0.561613 0.155752
0.562049 0.309416
0.563402 0.138375
0.564403 0.219853
0.567269 0.230019
0.570154 0.206273
0.576712 0.158740
0.578288 0.239016
0.582495 0.231024
0.583217 0.208316
0.583258 0.352184
0.583789 0.305790
0.583877 0.341540
0.587325 0.245836
0.589028 0.210643
0.589320 0.304600
0.591954 0.138663
0.592718 0.285738
0.592992 0.141334
0.593509 0.359611
0.599008 0.135035
0.600247 0.282160
0.605056 0.102586
0.607178 0.130951
0.608464 0.312520
0.609055 0.249740
0.609575 0.256021
0.612790 0.167153
0.613616 0.098554
0.615212 0.217457
0.616004 0.253399
0.616824 0.142082
0.623768 0.304464
0.625993 0.215303
0.627634 0.170272
0.630908 0.247883
0.633269 0.178129
0.633783 0.116720
0.635128 0.098192
0.635875 0.145367
0.636190 0.271135
0.639777 0.433540
0.640794 0.178109
0.646738 0.205680
0.651921 0.171932
0.659036 0.122814
0.663503 0.198670
0.667691 0.128040
0.668578 0.168690
0.669610 0.130031
0.671792 0.146190
0.673089 0.235666
0.673982 0.136328
0.674779 0.139228
0.679655 0.322163
0.681075 0.132175
0.684608 0.113131
0.689898 0.178999
0.693728 0.224876
0.693985 0.270378
0.694000 0.146532
0.697882 0.118548
0.698701 0.173363
0.699851 0.157382
0.703119 0.179650
0.705045 0.124129
0.705852 0.185364
0.706409 0.128321
0.709068 0.338044
0.712259 0.181917
0.713863 0.177695
0.716216 0.099178
0.721971 0.212163
0.723416 0.154190
0.724027 0.195859
0.728820 0.161506
0.730420 0.065536
0.730433 0.329987
0.731711 0.147383
0.732003 0.132258
0.737118 0.172719
0.740144 0.081313
0.740405 0.088684
0.745063 0.115098
0.748309 0.065415
0.752517 0.209502
0.757755 0.140893
0.757846 0.229734
0.758905 0.177215
0.760536 0.185612
0.761175 0.130007
0.761453 0.214583
0.763888 0.145766
0.765001 0.131331
0.765379 0.156552
0.767099 0.220055
0.769948 0.159673
0.770913 0.102140
0.771659 0.164124
0.772448 0.144977
0.774065 0.059504
0.775678 0.123233
0.777301 0.134651
0.779282 0.305136
0.784776 0.063761
0.788966 0.310772
0.789923 0.164146
0.791616 0.215152
0.792872 0.059658
0.793538 0.216974
0.794216 0.257200
0.795433 0.270492
0.797792 0.087725
0.798757 0.134125
0.800787 0.256567
0.801029 0.170472
0.802352 0.093890
0.811006 0.192180
0.812756 0.084587
0.816090 0.137311
0.816159 0.128603
0.816533 0.143141
0.816885 0.101700
0.820785 0.044075
0.821375 0.099464
0.825346 0.280261
0.828602 0.214700
0.828901 0.173596
0.829026 0.194548
0.830978 0.202843
0.837506 0.077311
0.839235 0.052260
0.839552 0.093139
0.848629 0.164288
0.849197 0.103207
0.850114 0.196228
0.850145 0.117643
0.850495 0.073166
0.851734 0.046943
0.855300 0.156700
0.859350 0.224733
0.866970 0.106082
0.868939 0.156598
0.869175 0.076215
0.870610 0.161070
0.872207 0.235550
0.875927 0.151147
0.876022 0.117976
0.876118 0.221939
0.878245 0.181636
0.881616 0.083521
0.882198 0.205329
0.883614 0.222658
0.884808 0.197706
0.884913 0.193565
0.888295 0.163481
0.889087 0.114024
0.891118 0.059585
0.893721 0.177463
0.902264 0.076451
0.903282 0.169725
0.908754 0.128313
0.912015 0.035489
0.913208 0.140976
0.915014 0.015950
0.915800 0.049214
0.916531 0.132840
0.917066 0.191654
0.920177 0.120616
0.921790 0.153991
0.923121 0.066623
0.925064 0.217892
0.926297 0.147776
0.929338 0.021110
0.932022 0.153352
0.932431 0.082155
0.932691 0.109840
0.933358 0.180366
0.934377 0.058149
0.938531 0.156973
0.938837 0.221673
0.945033 0.179096
0.945499 0.013637
0.945990 0.204495
0.948647 0.102859
0.954395 0.086877
0.954769 0.083813
0.954922 0.069172
0.955251 0.195952
0.955976 0.022221
0.956768 0.071211
0.957903 0.186986
0.960154 0.130810
0.961334 0.057372
0.962160 0.223876
0.963804 0.000000
0.964175 0.291674
0.964770 0.242106
0.967121 0.163827
0.973452 0.074379
0.974544 0.102223
0.979154 0.105877
0.982614 0.028753
0.983095 0.152629
0.984859 0.091062
0.987382 0.182401
0.990037 0.151696
0.990606 0.158880
0.990790 0.105282
0.991445 0.089884
0.995067 0.106271
0.995808 0.135819
0.997945 0.195816
1.000000 0.125859
