0.000000 0.669582
0.003121 0.382582
0.004882 0.247647
0.005280 0.326789
0.009099 0.373357
0.011067 0.619129
0.012319 0.822263
0.012380 0.209226
0.014351 0.362079
0.014662 0.476483
0.015542 0.322396
0.016565 0.290278
0.018311 0.433794
0.024171 0.498789
0.024518 0.464418
0.030859 0.496630
0.031077 0.347332
0.039876 0.420064
0.043517 0.374110
0.043697 0.535709
0.044833 0.362924
0.049764 0.345042
0.059628 0.481147
0.060755 0.314548
0.060861 0.447137
0.062837 0.599656
0.065107 0.332635
0.066435 0.728413
0.070068 0.282688
0.076107 0.263887
0.077643 0.441813
0.080216 0.457814
0.083256 0.481526
0.089944 0.497883
0.090086 0.637746
0.101568 0.542696
0.101977 0.573398
0.102838 0.446403
0.103762 0.326253
0.104670 0.488479
0.105246 0.293631
0.106136 0.417085
0.112842 0.329883
0.122651 0.436343
0.123976 0.321845
0.125225 0.189294
0.125416 0.535806
0.126415 0.729267
0.127781 0.691808
0.130791 0.319705
0.130984 0.628430
0.137348 0.707834
0.140241 0.378895
0.141004 0.483927
0.142109 0.399987
0.155324 0.340700
0.157557 0.510174
0.159483 0.586761
0.161201 0.172162
0.162091 0.437266
0.163811 0.297548
0.164694 0.797517
0.165437 0.379886
0.170701 0.633030
0.172285 0.446738
0.176677 0.667219
0.178161 0.632999
0.179665 0.211204
0.179951 0.546219
0.180686 0.601794
0.180739 0.553656
0.184461 0.498320
0.185714 0.547761
0.185719 0.432844
0.186358 0.697987
0.186894 0.915355
0.186900 0.487236
0.189761 0.764927
0.190558 0.188490
0.192262 0.579261
0.196945 0.288713
0.197272 0.659164
0.200462 0.307153
0.203180 0.350360
0.203296 0.796409
0.203842 0.784452
0.204583 0.552798
0.204743 0.384216
0.211040 0.737680
0.212484 0.509801
0.214367 0.677522
0.218108 0.339799
0.218935 0.675406
0.219520 0.596304
0.222345 0.277944
0.223488 0.496054
0.224935 0.266570
0.229369 0.649643
0.230238 0.328688
0.234512 0.701930
0.236402 0.600253
0.238142 0.213981
0.242606 0.447776
0.242769 1.000000
0.243104 0.441644
0.245671 0.331064
0.248260 0.476656
0.249723 0.523253
0.251324 0.601625
0.254042 0.412930
0.258072 0.554423
0.266503 0.523381
0.269742 0.389288
0.270173 0.472157
0.273266 0.437102
0.276410 0.343808
0.278358 0.384762
0.285316 0.355910
0.287634 0.383517
0.288000 0.389508
0.289001 0.572483
0.289095 0.602149
0.289338 0.233830
0.293280 0.534488
0.293624 0.558103
0.293769 0.672104
0.296065 0.527211
0.302051 0.509620
0.303991 0.594491
0.306379 0.366283
0.311287 0.626635
0.314817 0.663206
0.319824 0.318763
0.321172 0.514302
0.324067 0.336187
0.325275 0.522066
0.328493 0.445005
0.330676 0.563771
0.337823 0.724348
0.338306 0.357372
0.338534 0.861391
0.340811 0.443014
0.343571 0.443372
0.345677 0.643130
0.345692 0.430112
0.346262 0.639146
0.347039 0.217240
0.355006 0.413563
0.356987 0.421858
0.357856 0.592318
0.373396 0.511182
0.392650 0.486218
0.395035 0.686111
0.399856 0.644386
0.402989 0.454622
0.410645 0.556144
0.411072 0.495701
0.411332 0.432560
0.414155 0.544866
0.423741 0.601040
0.426127 0.567025
0.426867 0.000000
0.433289 0.690473
0.436985 0.591476
0.440018 0.663888
0.440999 0.507282
0.441758 0.410208
0.444454 0.598026
0.447282 0.446041
0.448691 0.571937
0.450128 0.760486
0.455068 0.538857
0.458540 0.383853
0.459979 0.444177
0.460033 0.350573
0.460313 0.673367
0.462907 0.631144
0.465727 0.213290
0.471779 0.335684
0.472758 0.373606
0.477236 0.838232
0.480088 0.540263
0.482270 0.474712
0.484128 0.290899
0.484557 0.501845
0.485550 0.414659
0.491236 0.507222
0.491771 0.541539
0.491791 0.709381
0.491900 0.430254
0.492682 0.366460
0.494844 0.296871
0.495315 0.702327
0.495571 0.316315
0.499536 0.746768
0.505433 0.563885
0.509524 0.729495
0.511237 0.330315
0.517965 0.432031
0.521435 0.392090
0.521973 0.926728
0.535520 0.333793
0.536564 0.482137
0.537965 0.504371
0.539653 0.415970
0.544586 0.454481
0.545167 0.224896
0.549812 0.103041
0.549892 0.234812
0.551957 0.888043
0.554990 0.334592
0.555346 0.812988
0.558351 0.429251
0.559223 0.558100
0.560492 0.702429
0.562949 0.380384
0.569552 0.583859
0.577095 0.586269
0.579480 0.877592
0.579738 0.676321
0.583672 0.638331
0.584078 0.670286
0.588136 0.524403
0.588405 0.375046
0.591441 0.554093
0.591458 0.286569
0.601534 0.377520
0.602323 0.562820
0.604693 0.466749
0.604694 0.318063
0.605827 0.411033
0.606856 0.490333
0.607890 0.610698
0.608763 0.681203
0.610424 0.417012
0.614142 0.414250
0.614686 0.587004
0.615427 0.577469
0.617916 0.143652
0.618096 0.327307
0.623750 0.434542
0.627634 0.470007
0.630565 0.571881
0.630678 0.628524
0.635258 0.536251
0.636992 0.655466
0.637488 0.410886
0.640109 0.686831
0.641713 0.812335
0.646570 0.447585
0.650128 0.290073
0.652277 0.541266
0.654519 0.457932
0.659112 0.183561
0.661599 0.456473
0.662063 0.522995
0.668311 0.667863
0.670333 0.704110
0.671715 0.684960
0.679922 0.485283
0.683794 0.613052
0.685344 0.513031
0.685351 0.562938
0.688067 0.611550
0.691808 0.610931
0.694877 0.488823
0.697503 0.111490
0.698094 0.439224
0.698507 0.506793
0.705783 0.363318
0.706476 0.608286
0.707379 0.600007
0.713190 0.480295
0.718461 0.589579
0.718963 0.430379
0.720636 0.793336
0.722648 0.727889
0.723827 0.409621
0.727026 0.543777
0.727034 0.327996
0.727119 0.348314
0.729801 0.403073
0.730016 0.520838
0.732456 0.558588
0.733779 0.347457
0.733935 0.382888
0.734733 0.428014
0.734946 0.323647
0.735285 0.676691
0.736764 0.409366
0.737630 0.471225
0.740933 0.343587
0.744154 0.624853
0.745699 0.378640
0.746789 0.686595
0.746883 0.457008
0.750168 0.564309
0.753996 0.551540
0.757015 0.485460
0.757135 0.587124
0.758442 0.716352
0.759125 0.654515
0.761834 0.653283
0.762077 0.400713
0.768089 0.655700
0.768768 0.664717
0.769507 0.562014
0.771688 0.652940
0.779238 0.275906
0.781047 0.568095
0.789545 0.303704
0.796709 0.514597
0.797245 0.337348
0.798677 0.468247
0.799844 0.336179
0.804981 0.435983
0.805118 0.309178
0.806621 0.410238
0.810015 0.349790
0.815165 0.249444
0.816413 0.637949
0.818593 0.405773
0.819809 0.455545
0.821025 0.625043
0.825525 0.444371
0.825588 0.359146
0.827720 0.546497
0.827742 0.530246
0.828028 0.478011
0.828417 0.409419
0.831331 0.619766
0.832653 0.291066
0.835953 0.641750
0.835956 0.219079
0.837977 0.377795
0.839849 0.659673
0.841089 0.523260
0.842079 0.492682
0.843372 0.153135
0.844698 0.314319
0.848226 0.277895
0.848342 0.738088
0.849377 0.425899
0.854226 0.342709
0.854229 0.567369
0.856392 0.508167
0.857719 0.351303
0.858052 0.239645
0.858976 0.326922
0.866685 0.511335
0.866783 0.402154
0.867403 0.419564
0.868457 0.527450
0.868554 0.630830
0.871877 0.338771
0.876582 0.434294
0.877403 0.196115
0.881545 0.378556
0.884912 0.415601
0.884957 0.673318
0.893056 0.502670
0.894968 0.306813
0.895179 0.507590
0.895984 0.628361
0.896940 0.317679
0.901368 0.498678
0.901799 0.132844
0.903961 0.464417
0.904306 0.617569
0.905744 0.300115
0.906016 0.602912
0.907993 0.293989
0.908897 0.560831
0.912367 0.654221
0.928528 0.262658
0.932604 0.383956
0.937945 0.661258
0.949461 0.508231
0.949598 0.820318
0.952112 0.446524
0.953141 0.302876
0.953479 0.544266
0.953771 0.365195
0.956424 0.458287
0.957662 0.755270
0.964664 0.654587
0.970387 0.534139
0.972428 0.863707
0.974781 0.406496
0.975432 0.650707
0.977794 0.370330
0.979555 0.596810
0.980928 0.576101
0.990395 0.519289
0.991199 0.618324
0.994057 0.376201
0.994644 0.445603
0.998913 0.574711
0.999590 0.485926
1.000000 0.515327
