0.000000 0.356911
0.001131 0.514403
0.001652 0.248609
0.002705 0.464409
0.009752 0.705042
0.010087 0.452188
0.014862 0.421087
0.020538 0.659341
0.021882 0.612278
0.025898 0.509954
0.030364 0.751248
0.041667 0.508716
0.047296 0.493958
0.047325 0.541936
0.047523 0.522586
0.048965 0.443239
0.052039 0.375206
0.053654 0.399628
0.053852 0.616904
0.061903 0.653271
0.062857 0.490345
0.067192 0.798807
0.067384 0.552171
0.069289 0.314015
0.071311 0.591578
0.073232 0.385620
0.073237 0.478045
0.073898 0.635197
0.075000 0.386616
0.076308 0.359415
0.077384 0.507691
0.079031 0.325428
0.089016 0.334962
0.091537 0.493744
0.095403 0.495620
0.097167 0.489105
0.098572 0.677178
0.103331 0.374680
0.104727 0.266028
0.106928 0.400939
0.107434 0.432027
0.108186 0.473073
0.112136 0.735648
0.114608 0.418548
0.115904 0.499338
0.121038 0.423934
0.126322 0.496520
0.130725 0.686201
0.131126 0.599891
0.131427 0.512920
0.133453 0.483117
0.138141 0.670170
0.138312 0.551102
0.139402 0.335576
0.141359 0.046638
0.143582 0.681475
0.143621 0.494681
0.143746 0.577399
0.144288 0.790822
0.146979 0.537783
0.153973 0.478027
0.155243 0.455584
0.155441 0.786056
0.159687 0.553612
0.165125 0.494573
0.166781 0.364961
0.167947 0.672198
0.169187 0.418905
0.169356 0.608174
0.175158 0.432426
0.177531 0.644178
0.181834 0.526502
0.187655 0.319491
0.188892 0.291967
0.189793 0.372931
0.193694 0.303094
0.195705 0.564997
0.197711 0.582023
0.199716 0.554516
0.201114 0.356742
0.206438 0.579442
0.206490 0.369827
0.210058 0.409617
0.210098 0.162453
0.210645 0.343530
0.211855 0.313914
0.222621 0.651295
0.225635 0.374140
0.226960 0.499523
0.235091 0.263658
0.235445 0.534856
0.236658 0.466019
0.237814 0.713820
0.240420 0.513601
0.243524 0.399803
0.248118 0.619407
0.249877 0.301909
0.250682 0.137380
0.251120 0.464177
0.251429 0.677913
0.254889 0.812187
0.259377 0.359573
0.262430 0.538279
0.271044 0.399982
0.272361 0.047216
0.274284 0.430741
0.274494 0.354460
0.277646 0.487140
0.278692 0.442776
0.279688 0.653026
0.282744 0.404744
0.286935 0.505990
0.290730 0.445868
0.292338 0.568597
0.293727 0.307641
0.296540 0.603645
0.305920 0.433155
0.309783 0.595357
0.313960 0.459363
0.314150 0.524500
0.314199 0.650622
0.316964 0.145146
0.318903 0.320176
0.319198 0.555022
0.319742 0.270405
0.323358 0.558074
0.324093 0.407377
0.326942 0.318431
0.328742 0.173841
0.334235 0.380206
0.336507 0.718142
0.338415 0.204356
0.338895 0.346859
0.340623 0.219994
0.342045 0.377918
0.343283 0.320144
0.343652 0.298684
0.344859 0.378783
0.345571 0.224132
0.346977 0.269439
0.352421 0.369758
0.356708 0.556068
0.358671 0.420410
0.366948 0.441691
0.370411 0.450023
0.371883 0.258988
0.379970 0.520882
0.385557 0.530340
0.386168 0.538159
0.389657 0.335251
0.390602 0.472722
0.399560 0.249794
0.400877 0.509935
0.405354 0.570044
0.412493 0.000000
0.415456 0.551071
0.418756 0.277876
0.418835 0.471609
0.423320 0.650274
0.423551 0.544737
0.424017 0.191845
0.435822 0.623159
0.438375 0.582197
0.444729 0.531043
0.445396 0.165460
0.448430 0.231461
0.451526 0.460954
0.453279 0.456686
0.454337 0.488527
0.454916 0.234106
0.456829 0.487875
0.457158 0.623578
0.460993 0.468581
0.463459 0.527936
0.463498 0.141525
0.465516 0.329427
0.466124 0.514944
0.466820 0.372097
0.467193 0.459074
0.468626 0.156211
0.469975 0.470945
0.471237 0.742908
0.472923 0.386194
0.473473 0.353493
0.475327 0.181710
0.476315 0.449346
0.479566 0.352276
0.482921 0.505297
0.491396 0.696701
0.492189 0.297106
0.496786 0.505488
0.498412 0.244310
0.501879 0.171079
0.504773 0.389473
0.509066 0.497856
0.509085 0.364458
0.511221 0.453074
0.512211 0.466037
0.514814 0.503698
0.517846 0.783200
0.520777 0.425509
0.521122 0.369126
0.521388 0.424872
0.522718 0.398441
0.523707 0.304621
0.523984 0.282988
0.527344 0.356615
0.527722 0.520884
0.529799 0.717347
0.530218 0.529228
0.531853 0.302861
0.534995 0.384809
0.537460 0.510007
0.539180 0.485076
0.539776 0.198391
0.541628 0.246591
0.544003 0.375999
0.545687 0.334437
0.550254 0.323978
0.550785 0.519163
0.553432 0.492246
0.554000 0.326034
0.555547 0.305217
0.558637 0.431271
0.558981 0.632246
0.560917 0.285000
0.561234 0.503271
0.561869 0.250651
0.562882 0.318073
0.565864 0.304282
0.566285 0.625533
0.566890 0.190650
0.569364 0.531948
0.572457 0.290272
0.573337 0.547063
0.575462 0.536156
0.577101 0.662882
0.578990 0.392207
0.580335 0.511820
0.581013 0.327242
0.581667 0.188728
0.582409 0.497445
0.588492 0.321791
0.589227 0.350884
0.592983 0.341901
0.593925 0.272650
0.597082 0.430611
0.598995 0.540199
0.600267 0.470092
0.600274 0.347231
0.604024 0.411621
0.607756 0.363019
0.609300 0.497909
0.614375 0.404184
0.618263 0.500813
0.620393 0.539252
0.621716 0.354339
0.627990 0.190433
0.631294 0.509177
0.637635 0.250279
0.640751 0.630883
0.648275 0.313450
0.650637 0.392178
0.653019 0.378500
0.657313 0.468986
0.660894 0.539739
0.662388 0.455121
0.662760 0.446643
0.668268 0.286038
0.675155 0.530483
0.677847 0.460561
0.681220 0.643627
0.684046 0.390650
0.689117 0.559512
0.697746 0.671534
0.698414 0.472676
0.699978 0.631549
0.701261 0.765517
0.705228 0.616579
0.708976 0.522867
0.711265 0.564635
0.711880 0.572191
0.711895 0.520317
0.712345 0.491081
0.714723 0.138535
0.714958 0.461176
0.716312 0.396282
0.717177 0.552892
0.723052 0.395924
0.733787 0.689412
0.733795 0.448631
0.734056 0.595711
0.737531 0.506484
0.745666 0.371831
0.748194 0.591602
0.749669 0.739678
0.754296 0.542892
0.755375 0.661793
0.756606 0.732471
0.766401 0.402143
0.767342 0.718736
0.770883 0.485223
0.776323 0.536601
0.781869 0.475240
0.783934 0.589017
0.784468 0.567288
0.786907 0.252872
0.789610 0.312976
0.791887 0.264513
0.802224 0.252816
0.804137 0.783036
0.805767 0.409287
0.806225 0.577848
0.807784 0.459374
0.808400 0.674296
0.810398 0.437187
0.811778 0.080872
0.821346 0.774565
0.822796 0.883002
0.829985 0.602549
0.832778 0.585408
0.833602 0.524130
0.834039 0.290637
0.836066 0.702841
0.837634 0.611958
0.837986 0.612217
0.838294 0.471933
0.838751 0.561016
0.838772 0.705717
0.843571 0.634893
0.844161 0.485193
0.844598 0.817116
0.845383 0.762493
0.845707 0.528693
0.846741 0.516441
0.849608 0.662511
0.850009 0.575139
0.859258 0.730517
0.865320 0.267594
0.865815 0.682198
0.866400 0.472264
0.867720 0.938077
0.874951 0.484296
0.876856 0.500148
0.878525 0.618508
0.879846 0.318047
0.881615 0.500223
0.883467 0.641337
0.886051 0.706377
0.886754 0.911024
0.888283 0.751948
0.896289 0.666733
0.896390 0.738938
0.898530 0.947950
0.901906 0.661129
0.908144 0.509975
0.909255 0.494339
0.911538 0.582791
0.917956 0.593343
0.918906 0.408693
0.920257 0.775869
0.923432 0.532080
0.926924 0.666616
0.928423 0.582984
0.929318 0.937633
0.933811 0.601705
0.937897 0.429933
0.938054 0.886268
0.941518 0.731957
0.943263 0.507513
0.946555 0.806847
0.947461 0.859209
0.947613 0.455499
0.948825 0.859072
0.950133 0.612012
0.950196 0.525484
0.953799 0.671671
0.954280 0.762149
0.955695 0.332077
0.957515 0.708298
0.957990 0.713106
0.958034 0.821277
0.958762 1.000000
0.959202 0.748601
0.960440 0.924508
0.962201 0.572389
0.966174 0.897046
0.968362 0.709855
0.971807 0.461506
0.973399 0.573695
0.973952 0.694865
0.975853 0.649493
0.980006 0.501891
0.987402 0.828119
0.989168 0.492893
0.990546 0.500086
0.992194 0.958554
0.995214 0.742894
0.997755 0.698065
1.000000 0.626330
