0.000000 0.827753
0.004739 0.000000
0.004777 0.139981
0.015692 1.000000
0.020618 0.376304
0.021759 0.246791
0.043907 0.721253
0.046437 0.635908
0.047247 0.455096
0.092783 0.017244
0.110097 0.120919
0.176202 0.424109
0.178957 0.165885
0.266269 0.213954
0.278741 0.491756
0.369724 0.227616
0.382867 0.240737
0.387758 0.417551
0.427247 0.412550
0.428303 0.296392
0.537749 0.470392
0.570551 0.572499
0.614295 0.444260
0.688438 0.627889
0.693594 0.231307
0.705755 0.833439
0.708905 0.682722
0.757976 0.715003
0.767449 0.705003
0.803697 0.905732
0.850685 0.358194
0.853300 0.514377
0.891627 0.625096
0.896993 0.345211
0.913583 0.626456
0.946333 0.426811
0.952886 0.416990
1.000000 0.440945
