0.000000 0.971227
0.001990 0.980901
0.002094 1.000000
0.007081 0.920410
0.007549 0.983012
0.007856 0.977488
0.011063 0.834161
0.013429 0.876485
0.016488 0.969226
0.017375 0.914233
0.018982 0.959496
0.020620 0.826381
0.021349 0.864330
0.024238 0.901077
0.026607 0.943656
0.031565 0.933575
0.031651 0.992958
0.035251 0.771631
0.037747 0.880475
0.038030 0.933038
0.038880 0.908891
0.040860 0.963314
0.043046 0.846087
0.043885 0.904243
0.045740 0.851915
0.045989 0.842841
0.048186 0.806664
0.053069 0.833782
0.053719 0.893972
0.054339 0.995377
0.054828 0.969696
0.056619 0.967962
0.057797 0.981866
0.058505 0.995407
0.058716 0.826300
0.059658 0.982040
0.060669 0.916012
0.064221 0.887714
0.065684 0.948453
0.068398 0.801690
0.068738 0.961125
0.068756 0.843758
0.072481 0.976497
0.072497 0.806044
0.072683 0.911272
0.072949 0.933861
0.080563 0.791870
0.083487 0.958301
0.083590 0.871581
0.083695 0.785886
0.087771 0.770127
0.089133 0.936524
0.092115 0.988894
0.094961 0.976696
0.096083 0.973258
0.096279 0.874300
0.096400 0.874372
0.096671 0.968354
0.098286 0.958386
0.098877 0.952431
0.100592 0.986655
0.101897 0.935527
0.105291 0.834428
0.105949 0.833751
0.107835 0.925644
0.108225 0.946925
0.112244 0.908540
0.112669 0.920562
0.112927 0.782008
0.113011 0.966537
0.114097 0.814870
0.114324 0.960814
0.114445 0.909660
0.115013 0.929893
0.115740 0.843348
0.120960 0.908984
0.121049 0.860352
0.121447 0.925592
0.121609 0.741762
0.122313 0.904205
0.124104 0.849453
0.125542 0.810227
0.126233 0.824055
0.126833 0.950215
0.129734 0.930873
0.130105 0.884074
0.132147 0.974474
0.134182 0.841437
0.134186 0.875601
0.137291 0.921228
0.139337 0.801646
0.142435 0.950968
0.143645 0.941668
0.143981 0.968901
0.144583 0.961548
0.146221 0.956406
0.155008 0.829553
0.155305 0.927912
0.160053 0.920280
0.160174 0.968778
0.160368 0.785054
0.160814 0.926478
0.161099 0.725646
0.161433 0.721657
0.169803 0.942806
0.170554 0.911668
0.171102 0.948854
0.171736 0.722334
0.172890 0.850258
0.173310 0.956083
0.174805 0.797732
0.176658 0.785719
0.177612 0.777026
0.177844 0.815284
0.178042 0.931871
0.182516 0.866310
0.187537 0.865837
0.188761 0.966291
0.189741 0.879149
0.192401 0.961696
0.193998 0.732924
0.194125 0.871198
0.194319 0.912144
0.198674 0.821848
0.200371 0.906860
0.200923 0.883203
0.203422 0.745498
0.203883 0.872268
0.203893 0.887487
0.204088 0.918275
0.204171 0.837691
0.204854 0.909336
0.206929 0.728717
0.207275 0.808266
0.207424 0.851423
0.207662 0.806480
0.209955 0.842339
0.211002 0.904293
0.212183 0.782721
0.217642 0.815273
0.218179 0.787924
0.218309 0.871978
0.219370 0.756423
0.219751 0.951119
0.225932 0.923109
0.226880 0.774469
0.229052 0.758821
0.231518 0.822117
0.231589 0.822385
0.232709 0.945254
0.235363 0.947494
0.235760 0.850315
0.240404 0.910354
0.240869 0.908521
0.240869 0.714391
0.241530 0.913554
0.242062 0.726852
0.242965 0.868023
0.243861 0.825349
0.244274 0.743200
0.247610 0.882135
0.247961 0.744034
0.248641 0.926798
0.248817 0.770918
0.249648 0.693199
0.250587 0.898431
0.253224 0.926798
0.254157 0.921967
0.254184 0.872554
0.254762 0.805826
0.260825 0.673100
0.262137 0.843780
0.262625 0.937316
0.264417 0.912101
0.266384 0.931032
0.273142 0.865375
0.273439 0.907622
0.276450 0.742447
0.278795 0.700411
0.279623 0.861540
0.279925 0.928085
0.280349 0.932077
0.280859 0.794496
0.284901 0.843412
0.289308 0.878477
0.289645 0.854647
0.291040 0.912935
0.292181 0.772904
0.293403 0.760695
0.294201 0.869135
0.297071 0.834801
0.297390 0.881047
0.297639 0.650630
0.299988 0.807180
0.301915 0.683166
0.303647 0.765353
0.304805 0.789837
0.305843 0.902418
0.305914 0.792113
0.306569 0.820797
0.307333 0.694920
0.307532 0.806761
0.308659 0.893268
0.310237 0.788417
0.310885 0.743943
0.312517 0.813342
0.313746 0.876584
0.314064 0.755369
0.316302 0.922480
0.317127 0.809445
0.319284 0.901532
0.321887 0.850663
0.326689 0.829682
0.326969 0.912782
0.330192 0.678649
0.330393 0.685187
0.332161 0.899974
0.334610 0.886549
0.335309 0.766059
0.336943 0.833052
0.337454 0.880514
0.337854 0.810965
0.338315 0.731820
0.338347 0.720759
0.339851 0.697316
0.341435 0.857109
0.347309 0.890950
0.347492 0.902139
0.353813 0.750802
0.353931 0.637974
0.355415 0.867337
0.359419 0.761920
0.359871 0.627158
0.367003 0.863313
0.367193 0.657647
0.367848 0.798102
0.367865 0.635000
0.370274 0.893051
0.372757 0.816923
0.375014 0.612202
0.375238 0.713518
0.376553 0.890341
0.376902 0.721220
0.377297 0.821310
0.381650 0.817120
0.381788 0.784466
0.384780 0.609719
0.386673 0.808142
0.389459 0.646442
0.393163 0.833855
0.394744 0.745927
0.395255 0.778394
0.396383 0.737380
0.396495 0.651425
0.397132 0.879096
0.398871 0.748933
0.399031 0.686288
0.401127 0.878294
0.406620 0.787804
0.408661 0.868395
0.412915 0.694602
0.413091 0.853439
0.415703 0.825449
0.415882 0.650594
0.419145 0.713879
0.420806 0.702811
0.421411 0.827742
0.421554 0.873064
0.422987 0.868073
0.423141 0.752901
0.424418 0.769924
0.430864 0.776547
0.432881 0.585169
0.436164 0.832402
0.437512 0.845273
0.439145 0.712140
0.439447 0.781162
0.441030 0.738165
0.445191 0.687882
0.446105 0.857109
0.448365 0.804107
0.454702 0.725824
0.455461 0.752804
0.455529 0.760012
0.456718 0.802716
0.461960 0.603155
0.462467 0.704366
0.466313 0.711730
0.467943 0.670181
0.469979 0.674004
0.470303 0.841037
0.479866 0.761452
0.480427 0.819697
0.482654 0.784147
0.482756 0.767158
0.487353 0.686657
0.493254 0.745760
0.493318 0.707551
0.497429 0.731030
0.497870 0.657882
0.499713 0.583154
0.500433 0.768857
0.500709 0.583678
0.506868 0.551678
0.510547 0.654893
0.510893 0.739967
0.511664 0.733797
0.512025 0.803420
0.512076 0.665987
0.513326 0.739517
0.515109 0.582103
0.518372 0.736012
0.518402 0.775791
0.521382 0.637625
0.524023 0.525210
0.524309 0.563971
0.525160 0.763825
0.530298 0.762712
0.531232 0.739073
0.534363 0.722864
0.534547 0.519515
0.536813 0.743441
0.538004 0.715181
0.538652 0.749465
0.539631 0.731072
0.542249 0.793246
0.542784 0.741350
0.544620 0.767633
0.544689 0.715544
0.545385 0.759160
0.545673 0.729605
0.547045 0.743528
0.548622 0.775072
0.548712 0.606223
0.549061 0.678144
0.550796 0.724938
0.551734 0.749627
0.551846 0.689635
0.552617 0.719454
0.553818 0.673306
0.556653 0.586851
0.557044 0.602090
0.557584 0.737367
0.558161 0.687302
0.559596 0.734569
0.559664 0.762538
0.560200 0.709691
0.562162 0.732238
0.565732 0.508143
0.570590 0.691702
0.570655 0.510252
0.571797 0.705435
0.571845 0.662388
0.571908 0.651498
0.572956 0.538841
0.573200 0.740641
0.576472 0.640085
0.576474 0.641147
0.577971 0.608152
0.579299 0.655017
0.579383 0.703875
0.582254 0.677936
0.582775 0.599905
0.590228 0.671063
0.590988 0.554626
0.591052 0.478816
0.591583 0.677509
0.596141 0.539533
0.596946 0.480728
0.597625 0.493633
0.600090 0.673398
0.601115 0.645761
0.601390 0.511811
0.601853 0.576551
0.608010 0.635657
0.612998 0.680233
0.614120 0.686698
0.614545 0.691573
0.617657 0.512311
0.619265 0.537828
0.621742 0.619016
0.621990 0.619862
0.624002 0.626001
0.625029 0.605245
0.625572 0.698132
0.626083 0.679415
0.626272 0.658788
0.627188 0.631045
0.632227 0.625292
0.636038 0.575594
0.636284 0.697000
0.638838 0.650080
0.640442 0.636973
0.640860 0.549610
0.642290 0.561147
0.644301 0.547888
0.645293 0.477843
0.645354 0.609668
0.647631 0.583906
0.649196 0.485814
0.651306 0.607122
0.655307 0.652297
0.655700 0.532835
0.656099 0.601317
0.656779 0.627315
0.658530 0.513425
0.660476 0.640814
0.661891 0.552295
0.665077 0.545717
0.669047 0.479934
0.671315 0.598709
0.673080 0.476786
0.675434 0.647483
0.676345 0.465568
0.676850 0.482406
0.678347 0.539484
0.678706 0.640396
0.681583 0.529529
0.682800 0.534066
0.682942 0.426690
0.684542 0.516132
0.684940 0.565905
0.685107 0.627340
0.691615 0.562932
0.699242 0.575052
0.701932 0.500536
0.703250 0.526089
0.703707 0.430696
0.703908 0.528128
0.705188 0.408806
0.705328 0.573277
0.705377 0.502641
0.706597 0.534976
0.707278 0.572793
0.708988 0.498932
0.710753 0.582752
0.713807 0.454673
0.716002 0.558329
0.716774 0.551490
0.716800 0.528544
0.717657 0.554579
0.721347 0.410507
0.722967 0.393880
0.723514 0.389974
0.723876 0.492726
0.724680 0.481537
0.728203 0.533195
0.728637 0.466139
0.729909 0.440453
0.730222 0.512361
0.730402 0.427352
0.731878 0.438926
0.732869 0.369316
0.734743 0.501006
0.743141 0.473276
0.743738 0.519380
0.745601 0.367013
0.753641 0.498105
0.754081 0.530683
0.754643 0.394830
0.755912 0.512274
0.757775 0.521071
0.759387 0.533802
0.761819 0.501932
0.765752 0.406319
0.768575 0.476117
0.768629 0.513327
0.769750 0.418181
0.770261 0.432697
0.770539 0.379001
0.771016 0.485825
0.771100 0.357446
0.773345 0.510648
0.773549 0.489980
0.775471 0.456561
0.775828 0.471347
0.779015 0.380983
0.779416 0.439650
0.779566 0.330446
0.786676 0.473871
0.790131 0.466319
0.790654 0.339276
0.793753 0.470033
0.797672 0.456196
0.798036 0.410392
0.804494 0.320242
0.804841 0.397609
0.808483 0.313691
0.811595 0.409583
0.815005 0.412009
0.819665 0.367474
0.819748 0.356236
0.820866 0.326137
0.821532 0.407821
0.823401 0.362169
0.824098 0.334343
0.826669 0.384839
0.826713 0.353412
0.827913 0.395304
0.829975 0.350013
0.831257 0.308968
0.833969 0.406930
0.834446 0.299081
0.836951 0.291778
0.842794 0.382328
0.842862 0.333161
0.844891 0.366928
0.845158 0.390804
0.845421 0.276189
0.845493 0.269566
0.847291 0.267902
0.848191 0.329682
0.848789 0.312521
0.849314 0.316152
0.849342 0.338092
0.852161 0.343329
0.853391 0.338041
0.853515 0.362180
0.854739 0.303505
0.855234 0.351493
0.858134 0.352988
0.861335 0.314557
0.862952 0.304835
0.863948 0.262122
0.864096 0.337131
0.865086 0.290084
0.866322 0.301906
0.867447 0.293348
0.871158 0.262610
0.871848 0.290609
0.873173 0.256115
0.875218 0.288094
0.875778 0.296997
0.877164 0.295637
0.882546 0.277455
0.888681 0.231495
0.889019 0.281391
0.890249 0.244348
0.891177 0.288674
0.897125 0.252811
0.897435 0.249992
0.899599 0.251168
0.900327 0.238980
0.901173 0.220185
0.902187 0.248169
0.908055 0.223932
0.908100 0.222264
0.913540 0.226720
0.913697 0.217806
0.913720 0.234296
0.914896 0.199963
0.917666 0.208077
0.921756 0.192430
0.923641 0.197996
0.924007 0.190212
0.924487 0.193753
0.926183 0.199805
0.931638 0.182284
0.932387 0.181175
0.935632 0.177375
0.936652 0.174573
0.937064 0.174048
0.937526 0.175355
0.938440 0.170406
0.939261 0.168129
0.940327 0.171432
0.941929 0.168615
0.942940 0.163584
0.943388 0.165861
0.945542 0.157512
0.946218 0.162530
0.946736 0.158136
0.947366 0.161742
0.947406 0.162072
0.947598 0.151023
0.947688 0.160465
0.950127 0.158636
0.951278 0.149244
0.955446 0.149162
0.955466 0.132741
0.957469 0.148189
0.957972 0.120842
0.959380 0.132703
0.959546 0.110349
0.960225 0.114781
0.961472 0.106216
0.963310 0.122178
0.964764 0.124116
0.968288 0.104371
0.968992 0.115076
0.973005 0.081449
0.976126 0.090817
0.976511 0.114583
0.977963 0.122589
0.978221 0.124944
0.980749 0.064577
0.982060 0.103908
0.983618 0.044342
0.984082 0.037212
0.984711 0.075307
0.988854 0.028672
0.988912 0.101778
0.990295 0.045989
0.991884 0.077418
0.993017 0.034507
0.993862 0.058493
0.995918 0.000000
1.000000 0.041377
