0.000000 0.873114
0.000260 0.876303
0.000545 0.977621
0.000812 0.891227
0.000995 0.942418
0.001264 0.988855
0.001432 0.932574
0.003358 0.902351
0.004382 0.986686
0.005055 0.895203
0.005270 0.865696
0.005669 0.949690
0.006594 0.883864
0.006675 0.875299
0.009410 0.992609
0.010613 0.871906
0.011325 1.000000
0.013286 0.965234
0.013764 0.877408
0.014242 0.944756
0.014640 0.880246
0.015411 0.975716
0.015796 0.918414
0.016490 0.962804
0.017794 0.995465
0.018270 0.931192
0.022054 0.914530
0.026766 0.973780
0.027080 0.923223
0.028096 0.979821
0.028608 0.944395
0.029991 0.973707
0.032729 0.937721
0.034320 0.930311
0.037697 0.970116
0.038678 0.982632
0.039626 0.997422
0.041654 0.970059
0.041714 0.986585
0.041959 0.976052
0.042407 0.981588
0.042753 0.876537
0.050302 0.992959
0.050730 0.927458
0.051136 0.966776
0.051784 0.974144
0.053383 0.861077
0.054255 0.969854
0.058964 0.993233
0.059147 0.977664
0.061050 0.954812
0.061382 0.976358
0.062225 0.987399
0.063544 0.952258
0.064450 0.914997
0.066199 0.921139
0.066332 0.892813
0.067521 0.988659
0.067524 0.905649
0.072149 0.982028
0.073187 0.870502
0.076615 0.844331
0.077141 0.904908
0.077826 0.971315
0.077975 0.965489
0.078723 0.840915
0.078737 0.973768
0.079246 0.867815
0.079418 0.991965
0.080062 0.892720
0.083163 0.977973
0.084215 0.865134
0.086254 0.972041
0.086330 0.974539
0.086467 0.964933
0.086762 0.985948
0.087350 0.937225
0.089498 0.852247
0.091927 0.937828
0.092268 0.954447
0.092444 0.905540
0.095262 0.951084
0.096761 0.988471
0.097649 0.943345
0.098117 0.933311
0.098863 0.904723
0.098967 0.881361
0.100037 0.935042
0.101069 0.923727
0.101253 0.967421
0.102171 0.967717
0.103763 0.943002
0.104213 0.975541
0.106696 0.969756
0.106948 0.948249
0.109049 0.860692
0.110480 0.989432
0.112172 0.829919
0.112703 0.837255
0.113962 0.951513
0.114568 0.856232
0.115407 0.963283
0.115908 0.952832
0.116182 0.945921
0.116265 0.943396
0.116291 0.967648
0.119554 0.847503
0.120507 0.838318
0.123889 0.906686
0.124361 0.978582
0.124571 0.979148
0.128531 0.927171
0.129759 0.970374
0.132583 0.970173
0.132653 0.916191
0.133970 0.936063
0.133990 0.848329
0.138914 0.973898
0.139292 0.850996
0.140095 0.970836
0.142422 0.972777
0.144210 0.984501
0.146662 0.864177
0.147933 0.983382
0.149161 0.962026
0.150653 0.969405
0.150796 0.902922
0.154794 0.971964
0.156392 0.939053
0.156446 0.957244
0.158820 0.943970
0.160977 0.976773
0.161401 0.939661
0.162712 0.892539
0.163796 0.975919
0.164775 0.974592
0.164828 0.879945
0.165668 0.980806
0.167436 0.867192
0.167749 0.963272
0.172224 0.864207
0.174057 0.883127
0.174447 0.899387
0.179206 0.804274
0.179864 0.829401
0.180892 0.855041
0.181542 0.961131
0.182782 0.928788
0.185740 0.964266
0.186306 0.905921
0.189575 0.926990
0.191143 0.908392
0.191528 0.880378
0.191736 0.976416
0.193878 0.906393
0.194672 0.909636
0.195211 0.945004
0.195527 0.852915
0.195936 0.956143
0.195975 0.960422
0.195980 0.961436
0.197092 0.794938
0.197240 0.844584
0.198609 0.953493
0.200360 0.861480
0.203025 0.852283
0.203132 0.838188
0.208869 0.812887
0.209699 0.960824
0.211906 0.952040
0.215596 0.887793
0.218037 0.922414
0.218319 0.882362
0.220027 0.797331
0.224487 0.872470
0.226020 0.958440
0.226435 0.891482
0.226673 0.824543
0.228971 0.798165
0.230831 0.806156
0.233150 0.906548
0.233252 0.967479
0.234596 0.893481
0.234893 0.913043
0.236133 0.930078
0.236373 0.900539
0.236999 0.960548
0.238182 0.801645
0.238226 0.936760
0.238884 0.931455
0.240843 0.833455
0.240888 0.964223
0.242667 0.940222
0.249079 0.828819
0.249094 0.955682
0.250130 0.880694
0.250255 0.891608
0.252262 0.859295
0.253442 0.954986
0.255595 0.889648
0.256151 0.877606
0.258335 0.762095
0.261802 0.914770
0.263574 0.926600
0.266353 0.841429
0.269371 0.855812
0.269455 0.900025
0.270732 0.798071
0.271255 0.943060
0.271807 0.793868
0.273651 0.937832
0.273746 0.942353
0.275962 0.885851
0.277109 0.790527
0.277293 0.938069
0.278283 0.948805
0.280047 0.917346
0.280569 0.919034
0.281305 0.934174
0.282334 0.938212
0.282805 0.882367
0.283397 0.877592
0.284021 0.802950
0.284365 0.873551
0.285059 0.942492
0.285233 0.923798
0.285723 0.906349
0.286882 0.930525
0.287411 0.950045
0.292325 0.869571
0.293647 0.954829
0.295382 0.946011
0.295841 0.842760
0.296538 0.880761
0.297699 0.754818
0.298371 0.875478
0.302928 0.800966
0.306952 0.803182
0.309333 0.824877
0.310951 0.846144
0.311806 0.785552
0.311906 0.948112
0.312126 0.926978
0.313100 0.905321
0.314603 0.949250
0.316203 0.944667
0.319103 0.909953
0.319230 0.853797
0.320924 0.902652
0.322415 0.875773
0.322868 0.772331
0.324623 0.865208
0.325043 0.927123
0.326768 0.893021
0.327082 0.907753
0.328332 0.907108
0.330116 0.818834
0.330363 0.920234
0.331877 0.766838
0.332237 0.845777
0.333340 0.881666
0.333726 0.936138
0.333869 0.761420
0.335006 0.753443
0.337247 0.894443
0.337731 0.760988
0.338981 0.924801
0.339203 0.925413
0.339394 0.845500
0.344700 0.905577
0.345938 0.879512
0.346676 0.816070
0.347028 0.930231
0.347533 0.788558
0.347841 0.837666
0.349235 0.884027
0.350779 0.748405
0.351942 0.912764
0.352885 0.845004
0.355738 0.875302
0.355768 0.831368
0.356186 0.825178
0.356960 0.781812
0.359357 0.802691
0.363351 0.882072
0.363356 0.833166
0.364249 0.805301
0.365495 0.813817
0.366473 0.806946
0.366616 0.919156
0.367219 0.843494
0.373148 0.819013
0.373695 0.740429
0.375363 0.893410
0.375753 0.718912
0.376054 0.866476
0.378041 0.846334
0.378547 0.789784
0.379728 0.782093
0.381668 0.752567
0.382369 0.876066
0.382586 0.873958
0.383327 0.915012
0.384793 0.864334
0.387708 0.785204
0.388339 0.911318
0.389286 0.872379
0.389625 0.915639
0.392513 0.722238
0.393254 0.826680
0.393851 0.882665
0.394097 0.688013
0.394835 0.853014
0.395843 0.802172
0.395909 0.921658
0.396564 0.891180
0.397732 0.854095
0.398338 0.920498
0.398359 0.822279
0.400141 0.760452
0.401357 0.733988
0.402408 0.831607
0.402560 0.911523
0.402775 0.851798
0.403134 0.858052
0.403326 0.785285
0.403537 0.850412
0.404564 0.732110
0.404855 0.842016
0.405385 0.781421
0.406250 0.846299
0.406656 0.909783
0.411818 0.899883
0.413721 0.701625
0.414676 0.888683
0.417194 0.890681
0.418022 0.906757
0.419224 0.754729
0.419714 0.796018
0.419874 0.681734
0.421300 0.866131
0.425024 0.708578
0.425939 0.845950
0.426712 0.901468
0.429586 0.897651
0.429597 0.781246
0.430914 0.897896
0.431452 0.779120
0.431690 0.830000
0.432308 0.898046
0.432397 0.811408
0.432711 0.669002
0.433710 0.758490
0.436462 0.890612
0.440210 0.880308
0.440559 0.802660
0.441395 0.668818
0.443152 0.724716
0.444272 0.889953
0.446713 0.858238
0.451459 0.750059
0.451893 0.697877
0.452497 0.891463
0.452584 0.871579
0.454081 0.862706
0.454119 0.791282
0.454755 0.878025
0.455983 0.704897
0.457882 0.808138
0.458798 0.828815
0.461710 0.824931
0.461936 0.745108
0.462679 0.809463
0.463635 0.751001
0.464804 0.849867
0.465991 0.795308
0.468182 0.686001
0.468455 0.787600
0.470457 0.659737
0.471146 0.776287
0.473477 0.816002
0.473695 0.852864
0.476613 0.875672
0.477607 0.839316
0.478333 0.820612
0.479153 0.791578
0.489097 0.837269
0.489142 0.765514
0.489962 0.679528
0.490471 0.809986
0.498175 0.730746
0.498674 0.654313
0.499138 0.791543
0.500479 0.867245
0.500773 0.841469
0.502442 0.757585
0.505236 0.722316
0.505432 0.669673
0.506588 0.833754
0.506635 0.708246
0.509046 0.798172
0.509380 0.818816
0.512398 0.740292
0.512474 0.859315
0.513688 0.814882
0.514717 0.801845
0.515992 0.739764
0.517088 0.801228
0.519120 0.699377
0.519122 0.712792
0.522140 0.828845
0.522795 0.804450
0.523396 0.774002
0.527602 0.600793
0.527962 0.796418
0.528182 0.844431
0.528590 0.852955
0.530877 0.749000
0.532474 0.661981
0.533759 0.728427
0.534099 0.748158
0.535654 0.666452
0.540944 0.642793
0.541664 0.723187
0.546616 0.700489
0.547361 0.794005
0.548704 0.730944
0.552435 0.801191
0.553092 0.765778
0.554904 0.804185
0.555617 0.716813
0.555934 0.773577
0.556102 0.597973
0.556102 0.636896
0.558311 0.763920
0.559211 0.812377
0.562282 0.565090
0.567348 0.668340
0.567379 0.753835
0.567397 0.705461
0.568346 0.813526
0.568351 0.795234
0.568406 0.663281
0.569891 0.596737
0.570122 0.658074
0.571860 0.682269
0.571998 0.764137
0.574026 0.769414
0.576048 0.608730
0.576538 0.772054
0.577270 0.694636
0.577670 0.748946
0.577878 0.756688
0.577994 0.818180
0.578934 0.689996
0.581149 0.549022
0.586380 0.548364
0.589456 0.646254
0.590599 0.648024
0.590987 0.724371
0.591998 0.754594
0.593077 0.769285
0.594374 0.638185
0.599158 0.676988
0.601961 0.728772
0.602018 0.591969
0.602230 0.555895
0.602594 0.763810
0.604917 0.550081
0.604943 0.690188
0.605904 0.665866
0.605985 0.576489
0.606399 0.688498
0.606728 0.603105
0.612325 0.679969
0.615533 0.760684
0.615725 0.761399
0.615970 0.729215
0.618953 0.723553
0.619280 0.620511
0.619342 0.643653
0.620872 0.775690
0.622010 0.704491
0.625374 0.527751
0.627385 0.621584
0.629541 0.752783
0.631566 0.736468
0.634853 0.723484
0.636950 0.655117
0.638884 0.756653
0.641467 0.594235
0.642208 0.752094
0.646729 0.702970
0.647758 0.619601
0.649238 0.745820
0.649821 0.648897
0.650111 0.649044
0.651604 0.625390
0.651645 0.724414
0.652452 0.660710
0.655031 0.683037
0.657480 0.727784
0.658843 0.651012
0.658907 0.565874
0.659825 0.479987
0.660373 0.646214
0.662849 0.635284
0.666126 0.661946
0.666261 0.549246
0.666938 0.558897
0.667993 0.474535
0.669520 0.548432
0.670226 0.482527
0.672830 0.693173
0.673788 0.643861
0.676140 0.693990
0.680388 0.716559
0.680536 0.659222
0.681186 0.540423
0.681816 0.463962
0.682652 0.610810
0.682993 0.457806
0.683437 0.676597
0.683695 0.707886
0.684324 0.698972
0.689229 0.520712
0.691196 0.579029
0.691701 0.522931
0.693037 0.488974
0.693569 0.468790
0.694889 0.467932
0.695012 0.631836
0.695464 0.690399
0.695998 0.532993
0.697159 0.592774
0.701940 0.469741
0.702967 0.549841
0.703531 0.495387
0.704647 0.683643
0.705557 0.662003
0.710177 0.573871
0.710300 0.617690
0.710794 0.525761
0.713028 0.548122
0.715320 0.560839
0.715753 0.510525
0.717407 0.543802
0.717596 0.630979
0.718860 0.509563
0.719208 0.608068
0.719242 0.425535
0.719822 0.664549
0.721211 0.605993
0.722535 0.433845
0.723963 0.458314
0.724894 0.631939
0.725040 0.498176
0.726677 0.421191
0.726759 0.478519
0.729444 0.443283
0.729535 0.471527
0.732933 0.599844
0.733438 0.630442
0.736228 0.502905
0.736349 0.401517
0.738866 0.405166
0.739124 0.413906
0.741559 0.434669
0.741756 0.626307
0.743812 0.604963
0.744812 0.527258
0.746422 0.468423
0.747061 0.585105
0.748433 0.513673
0.751188 0.486467
0.751378 0.590483
0.752871 0.617935
0.756080 0.501641
0.756434 0.600960
0.757666 0.389115
0.758206 0.600551
0.759695 0.451079
0.759863 0.433710
0.763203 0.441783
0.763502 0.562112
0.764049 0.451533
0.764897 0.601086
0.765053 0.460067
0.767335 0.384324
0.772007 0.517275
0.772047 0.524330
0.772829 0.493529
0.776944 0.424136
0.777494 0.488466
0.778549 0.549966
0.779605 0.371631
0.781332 0.532833
0.783158 0.471443
0.786872 0.499421
0.788251 0.547666
0.788315 0.374600
0.792156 0.343460
0.793491 0.417385
0.796827 0.540218
0.796943 0.359640
0.797206 0.497954
0.797872 0.483635
0.798856 0.412839
0.799276 0.465876
0.800968 0.417367
0.802115 0.448134
0.802209 0.526325
0.805089 0.513540
0.807982 0.331638
0.809188 0.309441
0.812733 0.423609
0.813791 0.300522
0.814104 0.343136
0.814219 0.300717
0.815193 0.404222
0.815448 0.483516
0.824828 0.357043
0.825422 0.464040
0.826207 0.443026
0.826545 0.482230
0.827219 0.465907
0.827477 0.391406
0.827783 0.483906
0.828921 0.453057
0.829993 0.426974
0.831658 0.316909
0.834786 0.431153
0.836201 0.302567
0.836300 0.322232
0.836509 0.337986
0.837004 0.316859
0.840902 0.337341
0.841402 0.392734
0.846439 0.414546
0.852088 0.339608
0.852806 0.423642
0.852878 0.273679
0.853160 0.375840
0.854459 0.282650
0.854613 0.404112
0.855908 0.411499
0.856844 0.414004
0.858097 0.323171
0.859123 0.288922
0.859539 0.403528
0.860328 0.272886
0.862256 0.390263
0.862608 0.399079
0.868283 0.354414
0.869407 0.376730
0.869459 0.346585
0.870228 0.257440
0.872921 0.341591
0.874921 0.317223
0.875518 0.343571
0.876979 0.216117
0.877806 0.281305
0.878184 0.243690
0.878716 0.325247
0.878924 0.223651
0.883640 0.332175
0.887297 0.314224
0.888824 0.246675
0.888827 0.247783
0.889773 0.265609
0.890843 0.265636
0.894060 0.282682
0.895027 0.200783
0.895385 0.269260
0.896736 0.186977
0.897998 0.268150
0.898446 0.198738
0.900115 0.277267
0.900777 0.296386
0.902225 0.222624
0.903046 0.293884
0.903598 0.287354
0.905274 0.261022
0.905965 0.253571
0.906151 0.216329
0.907220 0.229082
0.907382 0.288448
0.909681 0.216432
0.913818 0.196912
0.914994 0.214609
0.916615 0.223157
0.918370 0.216075
0.918868 0.235564
0.919014 0.249905
0.920456 0.203501
0.922021 0.218532
0.923729 0.238598
0.926531 0.157074
0.927244 0.155063
0.928808 0.196188
0.929103 0.184320
0.929902 0.196967
0.930362 0.192136
0.931209 0.192632
0.931886 0.181726
0.932051 0.140467
0.934969 0.135589
0.935437 0.188404
0.940089 0.138051
0.940163 0.147716
0.940393 0.187057
0.941992 0.134035
0.943620 0.156339
0.944006 0.177639
0.944355 0.115018
0.944796 0.121200
0.945154 0.166198
0.948964 0.100087
0.950608 0.101599
0.958701 0.087085
0.959375 0.094019
0.959623 0.107593
0.960288 0.082472
0.961424 0.098697
0.963418 0.097823
0.963606 0.072504
0.964125 0.101002
0.965490 0.090455
0.966972 0.088123
0.967124 0.069796
0.968570 0.078652
0.969100 0.088680
0.971488 0.080481
0.972043 0.066768
0.972065 0.059782
0.972602 0.058844
0.976758 0.058065
0.977217 0.057445
0.977460 0.061191
0.979609 0.044096
0.981732 0.041029
0.983860 0.038110
0.984933 0.034083
0.985072 0.034804
0.986659 0.029901
0.989501 0.023500
0.990017 0.016543
0.990237 0.023508
0.991643 0.011846
0.992298 0.019958
0.994250 0.000000
0.995410 0.008981
1.000000 0.004338
