0.000000 0.024495
0.005444 0.016325
0.006783 0.029229
0.012252 0.000475
0.013801 0.012700
0.029274 0.000000
0.030062 0.013639
0.031028 0.050622
0.038778 0.037535
0.045625 0.071762
0.059300 0.001626
0.077460 0.073449
0.091737 0.005685
0.098067 0.038047
0.101018 0.023315
0.112242 0.013714
0.122227 0.024138
0.128858 0.027267
0.137688 0.094022
0.141774 0.016484
0.144369 0.011402
0.146514 0.045313
0.149777 0.015775
0.155165 0.029506
0.157154 0.016964
0.158852 0.049826
0.159022 0.042014
0.162005 0.051940
0.165324 0.073506
0.172583 0.067777
0.174115 0.022011
0.184182 0.083686
0.187088 0.074967
0.190711 0.020698
0.201442 0.021310
0.203650 0.023423
0.207106 0.037244
0.210574 0.068181
0.211188 0.026052
0.212636 0.103141
0.216432 0.122013
0.218817 0.073393
0.221764 0.023177
0.226165 0.102284
0.235290 0.054448
0.236105 0.064209
0.238657 0.075649
0.254591 0.034714
0.256022 0.050218
0.258548 0.040954
0.263035 0.116005
0.266316 0.046314
0.267642 0.027900
0.275488 0.092722
0.282130 0.147055
0.287254 0.041800
0.297435 0.116608
0.302303 0.112654
0.303294 0.148944
0.305003 0.049828
0.306050 0.047499
0.317158 0.119697
0.317750 0.106541
0.318638 0.091881
0.340808 0.054859
0.341348 0.068352
0.346960 0.157002
0.348699 0.101859
0.350154 0.114893
0.358602 0.111285
0.360130 0.141039
0.370780 0.071703
0.405178 0.100266
0.423648 0.079806
0.425118 0.203236
0.425732 0.207434
0.425802 0.080254
0.432391 0.126685
0.435972 0.193703
0.436801 0.115539
0.440974 0.196873
0.446111 0.232747
0.455864 0.119590
0.456430 0.215542
0.458045 0.233413
0.475272 0.097607
0.477990 0.220774
0.485737 0.178406
0.496005 0.159120
0.500631 0.274451
0.510486 0.210199
0.512597 0.190096
0.512947 0.141359
0.529326 0.136376
0.533123 0.205713
0.536562 0.144199
0.551910 0.166952
0.552069 0.306728
0.575069 0.194532
0.589193 0.202994
0.589878 0.314961
0.626936 0.228894
0.628337 0.301506
0.629198 0.246571
0.633124 0.249203
0.639778 0.382520
0.661644 0.276569
0.663258 0.257063
0.665306 0.272619
0.671350 0.378740
0.687286 0.290517
0.693513 0.310933
0.694530 0.466764
0.696212 0.270212
0.698177 0.345749
0.699585 0.340486
0.700158 0.295066
0.702497 0.293732
0.705607 0.298014
0.707983 0.479578
0.709084 0.295388
0.718480 0.456577
0.723413 0.447713
0.728622 0.313861
0.729512 0.504196
0.733335 0.418701
0.734676 0.400880
0.739014 0.471722
0.739072 0.501783
0.761763 0.551381
0.764084 0.395464
0.774341 0.421318
0.783373 0.574777
0.789312 0.595102
0.803660 0.497541
0.815258 0.489405
0.818122 0.640871
0.819652 0.561709
0.831589 0.662943
0.840751 0.521345
0.840995 0.633515
0.848411 0.611178
0.853531 0.622578
0.866277 0.560503
0.866719 0.667662
0.877978 0.622176
0.880381 0.755112
0.885682 0.718968
0.886855 0.639435
0.894280 0.670271
0.895704 0.775790
0.899840 0.652107
0.909021 0.706993
0.918009 0.780144
0.937230 0.874754
0.939368 0.879521
0.942251 0.809985
0.947409 0.829227
0.950929 0.804885
0.960113 0.830599
0.979012 0.921456
0.987810 0.973372
0.994646 1.000000
1.000000 0.994112
