0.000000 0.651293
0.001750 0.734852
0.004495 0.545410
0.004876 0.597264
0.004893 0.697691
0.005032 0.598839
0.005869 0.667462
0.006278 0.621079
0.007224 0.678922
0.009322 0.671629
0.009550 0.716777
0.009815 0.685793
0.011585 0.677253
0.012168 0.660407
0.012267 0.693654
0.013740 0.734498
0.014213 0.715466
0.014566 0.674934
0.016124 0.711946
0.017286 0.719582
0.018162 0.520571
0.018724 0.723697
0.018803 0.614372
0.020076 0.631758
0.022204 0.699747
0.024384 0.655155
0.024621 0.766358
0.026793 0.733253
0.027138 0.720522
0.027469 0.680881
0.027590 0.664988
0.027631 0.702724
0.027828 0.741341
0.033382 0.703927
0.036627 0.757606
0.037744 0.728410
0.037884 0.681515
0.038292 0.641276
0.039093 0.544951
0.039201 0.643889
0.039591 0.632563
0.039718 0.587242
0.041442 0.668629
0.042049 0.689882
0.042099 0.702253
0.043422 0.584676
0.043597 0.691570
0.043997 0.811155
0.044407 0.603644
0.044830 0.709340
0.046846 0.647033
0.046976 0.735630
0.047959 0.646734
0.048378 0.708506
0.050537 0.713636
0.050699 0.620474
0.051042 0.734120
0.051729 0.648981
0.052838 0.695093
0.053809 0.665868
0.053973 0.731255
0.054168 0.705952
0.055172 0.802201
0.060412 0.697492
0.061445 0.613636
0.062402 0.727300
0.063405 0.720845
0.063414 0.638186
0.063790 0.654452
0.064496 0.670273
0.064502 0.637984
0.067144 0.590596
0.068157 0.766364
0.068259 0.637702
0.068280 0.613833
0.069260 0.665700
0.070389 0.621017
0.070467 0.712781
0.070886 0.732330
0.071257 0.659401
0.071273 0.653296
0.071545 0.696216
0.072585 0.591144
0.073109 0.829615
0.073172 0.641241
0.074200 0.624034
0.074569 0.655459
0.074920 0.678892
0.075773 0.686390
0.076542 0.761878
0.076662 0.788335
0.076759 0.623254
0.078928 0.699485
0.079250 0.686757
0.080537 0.597642
0.080623 0.600098
0.080888 0.670562
0.081572 0.717068
0.082209 0.637690
0.082421 0.659311
0.082980 0.621021
0.084418 0.744185
0.084744 0.589346
0.084763 0.672890
0.085214 0.747970
0.086113 0.643627
0.087489 0.719417
0.089476 0.708659
0.090319 0.541256
0.090745 0.659265
0.091080 0.799100
0.091691 0.737205
0.092717 0.777893
0.092989 0.659121
0.093163 0.737441
0.095182 0.793052
0.095403 0.674368
0.096871 0.668115
0.096972 0.637713
0.099792 0.716750
0.100927 0.721930
0.101988 0.506940
0.102382 0.616884
0.102936 0.631145
0.103772 0.659723
0.104746 0.684593
0.105080 0.751321
0.106480 0.725677
0.106800 0.655186
0.106838 0.650377
0.106917 0.601854
0.107126 0.749502
0.109670 0.625435
0.113165 0.709095
0.113991 0.690265
0.116393 0.762678
0.116885 0.671340
0.116942 0.734693
0.120326 0.580285
0.121635 0.727635
0.122432 0.802746
0.124582 0.748941
0.125344 0.562252
0.125792 0.613886
0.126005 0.649026
0.127727 0.695412
0.128191 0.711399
0.128844 0.698648
0.129047 0.656252
0.129480 0.610895
0.130520 0.605631
0.130746 0.667197
0.130769 0.710341
0.131295 0.638748
0.131852 0.772349
0.131991 0.717524
0.133195 0.611227
0.133959 0.604480
0.135294 0.759303
0.137243 0.603787
0.137606 0.754521
0.138330 0.859513
0.138642 0.566300
0.139326 0.713450
0.139525 0.618602
0.139568 0.640130
0.142700 0.637168
0.143344 0.735022
0.144086 0.753336
0.146092 0.737226
0.146395 0.650308
0.148454 0.664102
0.148526 0.770210
0.149753 0.723180
0.150587 0.555603
0.150786 0.737543
0.150823 0.762935
0.152133 0.738183
0.153811 0.584503
0.154236 0.697961
0.154992 0.614219
0.155107 0.671407
0.155536 0.748425
0.158787 0.634837
0.158969 0.580844
0.159025 0.616838
0.160415 0.595770
0.161274 0.760325
0.162341 0.607620
0.163195 0.733792
0.164722 0.704636
0.165104 0.750018
0.169804 0.744614
0.169884 0.638766
0.173416 0.704532
0.174926 0.671649
0.175179 0.589954
0.175701 0.812208
0.176238 0.638861
0.176356 0.700075
0.176799 0.750805
0.178885 0.658540
0.178953 0.756410
0.179180 0.716416
0.179186 0.712528
0.179274 0.710172
0.179457 0.582318
0.180512 0.724624
0.181368 0.698829
0.182849 0.556280
0.182979 0.774594
0.184068 0.797485
0.184116 0.727913
0.185676 0.646659
0.187348 0.801662
0.188566 0.729543
0.189028 0.738109
0.189305 0.654696
0.190395 0.752850
0.191144 0.549065
0.193308 0.770550
0.193536 0.614861
0.193621 0.782431
0.195493 0.624394
0.195885 0.624496
0.196993 0.731814
0.197058 0.732968
0.198150 0.644572
0.200921 0.567404
0.201715 0.640221
0.202589 0.750634
0.202708 0.769018
0.203277 0.731994
0.204532 0.768253
0.205918 0.539690
0.206175 0.765872
0.206584 0.756937
0.206878 0.818176
0.208947 0.624036
0.209115 0.716668
0.209287 0.626079
0.209801 0.535342
0.210397 0.765030
0.210600 0.781566
0.210917 0.724378
0.211024 0.656012
0.211072 0.507310
0.212290 0.647872
0.213078 0.636380
0.213199 0.666173
0.215117 0.654161
0.215171 0.596951
0.215584 0.609296
0.215956 0.593342
0.216363 0.667659
0.217013 0.684153
0.218822 0.634006
0.220998 0.851466
0.222032 0.705977
0.223013 0.760032
0.223576 0.683762
0.224159 0.731545
0.224783 0.635194
0.227412 0.717888
0.228813 0.663889
0.229693 0.640027
0.229831 0.554999
0.230129 0.670324
0.230427 0.624836
0.231008 0.716661
0.233785 0.577363
0.234029 0.710550
0.234666 0.749464
0.234938 0.685464
0.235071 0.732301
0.236050 0.637681
0.236115 0.684878
0.237032 0.712852
0.237661 0.699134
0.237738 0.546795
0.237833 0.612327
0.240184 0.672079
0.240381 0.734368
0.241014 0.681547
0.241184 0.562998
0.241820 0.880007
0.244481 0.639503
0.244884 0.727765
0.246943 0.518831
0.247882 0.750095
0.248607 0.695357
0.250423 0.660975
0.251156 0.639398
0.251602 0.625664
0.251736 0.649929
0.252099 0.673693
0.252332 0.654846
0.252635 0.677003
0.255069 0.656144
0.255089 0.661441
0.256892 0.601151
0.257532 0.740046
0.260096 0.731620
0.261669 0.777695
0.261687 0.669317
0.262570 0.709356
0.263356 0.638095
0.264125 0.746800
0.264812 0.653436
0.268100 0.715164
0.268283 0.635814
0.270370 0.774631
0.270619 0.607720
0.271145 0.688153
0.271541 0.835534
0.272494 0.707949
0.273091 0.514594
0.273124 0.621591
0.273686 0.694431
0.273739 0.775669
0.274145 0.787948
0.274147 0.593892
0.274282 0.814372
0.276319 0.613441
0.277127 0.626517
0.278738 0.646790
0.279008 0.624834
0.280094 0.625304
0.281979 0.663659
0.282571 0.495039
0.282760 0.703154
0.283218 0.622105
0.285397 0.786643
0.286175 0.654864
0.286398 0.766269
0.286834 0.725325
0.287234 0.648182
0.288023 0.652012
0.288249 0.594038
0.288378 0.767461
0.289988 0.629637
0.291212 0.672833
0.291667 0.822237
0.293293 0.568342
0.293341 0.726710
0.293504 0.798507
0.293814 0.721601
0.294936 0.718127
0.295644 0.737022
0.296889 0.703199
0.297217 0.745740
0.298369 0.543592
0.299326 0.625600
0.300023 0.664984
0.300420 0.583085
0.301205 0.636697
0.301970 0.612055
0.302016 0.697075
0.302162 0.753809
0.302183 0.783047
0.306161 0.665553
0.307520 0.628298
0.307525 0.696919
0.308095 0.674316
0.309626 0.798734
0.309998 0.702510
0.310620 0.613323
0.314822 0.725800
0.315489 0.550120
0.315936 0.667681
0.316408 0.684581
0.316823 0.644303
0.317360 0.757744
0.320408 0.686102
0.320640 0.607921
0.321429 0.555464
0.322214 0.692359
0.323376 0.668973
0.323507 0.778343
0.323944 0.695948
0.326172 0.600050
0.328647 0.715156
0.330911 0.717139
0.331648 0.677863
0.331672 0.606017
0.333066 0.760806
0.334014 0.627265
0.335813 0.696352
0.337720 0.615200
0.338242 0.694296
0.339385 0.595289
0.339787 0.727060
0.341743 0.727276
0.341884 0.618221
0.342678 0.779432
0.342948 0.587960
0.344440 0.581139
0.345924 0.528264
0.346416 0.531416
0.346747 0.631092
0.347061 0.811628
0.348931 0.705004
0.348945 0.605303
0.349168 0.779875
0.349364 0.541900
0.350969 0.591937
0.351375 0.731641
0.351595 0.846964
0.351978 0.637070
0.352336 0.730224
0.355054 0.704836
0.355102 0.676765
0.356893 0.577729
0.357060 0.642042
0.357433 0.718195
0.359324 0.787734
0.359670 0.710992
0.359859 0.688267
0.359965 0.877346
0.360534 0.663047
0.360581 0.632486
0.361350 0.711435
0.361456 0.710098
0.361494 0.743285
0.364712 0.523760
0.365837 0.616255
0.366366 0.568230
0.366386 0.818900
0.366951 0.675551
0.367008 0.647619
0.367243 0.645105
0.369784 0.731666
0.371043 0.664505
0.372109 0.619900
0.373955 0.837702
0.375970 0.617630
0.376370 0.658078
0.377044 0.592187
0.377735 0.665195
0.378644 0.617206
0.378944 0.514666
0.379482 0.796002
0.383290 0.766057
0.384476 0.646762
0.384952 0.539395
0.385072 0.681771
0.385666 0.551997
0.387292 0.730257
0.387515 0.723252
0.387570 0.684299
0.388905 0.666719
0.389578 0.684944
0.390318 0.668969
0.390812 0.644406
0.391055 0.696846
0.391140 0.746530
0.391720 0.894281
0.391731 0.587647
0.391743 0.631190
0.392689 0.613607
0.392742 0.739796
0.392870 0.533196
0.394230 0.637654
0.394284 0.698553
0.395196 0.631432
0.395284 0.701023
0.395806 0.554996
0.395997 0.625786
0.396570 0.632359
0.397376 0.642515
0.398180 0.710153
0.398878 0.871972
0.398896 0.672857
0.400003 0.745432
0.400162 0.587163
0.400188 0.777386
0.400466 0.778772
0.402619 0.681172
0.404100 0.657112
0.404245 0.620511
0.404700 0.707167
0.404849 0.592808
0.405238 0.669809
0.406581 0.676823
0.407586 0.667438
0.408055 0.589948
0.408378 0.629032
0.408837 0.675673
0.409497 0.573273
0.409624 0.728886
0.410189 0.598030
0.410501 0.501219
0.411645 0.862972
0.413913 0.679948
0.416263 0.663862
0.416313 0.769076
0.418244 0.688953
0.419039 0.727677
0.421885 0.701621
0.422511 0.679925
0.422521 0.540170
0.423062 0.718344
0.423348 0.621915
0.423672 0.525123
0.423682 0.811642
0.424067 0.633729
0.424087 0.606125
0.424707 0.792312
0.425492 0.727135
0.426785 0.694159
0.427990 0.795490
0.428366 0.790748
0.428491 0.642604
0.432480 0.725472
0.433031 0.684629
0.433357 0.600038
0.434301 0.628186
0.434768 0.641697
0.435288 0.586698
0.436607 0.863308
0.436950 0.696310
0.441496 0.605956
0.443036 0.708065
0.445165 0.761493
0.445245 0.816058
0.445259 0.673601
0.445301 0.483366
0.445508 0.593363
0.446471 0.656293
0.447401 0.631791
0.448122 0.647316
0.448871 0.636883
0.449166 0.634024
0.450049 0.669061
0.450481 0.759156
0.450565 0.698769
0.452165 0.571292
0.453918 0.463919
0.454923 0.741549
0.455207 0.646879
0.456306 0.694085
0.456769 0.654471
0.458321 0.659577
0.460272 0.823777
0.460784 0.702480
0.461489 0.468082
0.463089 0.685046
0.463170 0.609944
0.463247 0.567181
0.463619 0.554139
0.463654 0.532601
0.464803 0.638173
0.464857 0.510884
0.465310 0.672609
0.466594 0.534624
0.466707 0.509743
0.468661 0.711613
0.468691 0.624401
0.469961 0.647110
0.470177 0.582179
0.470738 0.653797
0.470911 0.623684
0.472595 0.542749
0.473733 0.619898
0.474210 0.585408
0.475101 0.797282
0.475278 0.679971
0.476841 0.599086
0.477507 0.634275
0.478812 0.606085
0.478969 0.858293
0.478982 0.742091
0.479718 0.627680
0.479946 0.637546
0.480712 0.538666
0.481951 0.658317
0.482057 0.568386
0.482780 0.751977
0.483201 0.886219
0.483952 0.632604
0.486401 0.571044
0.487485 0.593219
0.487659 0.718227
0.488694 0.772870
0.491360 0.654838
0.491548 0.651015
0.491795 0.620938
0.491998 0.749783
0.492118 0.777270
0.493332 0.523624
0.494053 0.550021
0.494996 0.783570
0.495397 0.580000
0.497954 0.571103
0.499486 0.701315
0.499965 0.660521
0.500372 0.674442
0.500448 0.770633
0.501668 0.724705
0.502440 0.691517
0.503427 0.457124
0.503570 0.775922
0.503708 0.687563
0.504015 0.659175
0.504231 0.689929
0.505057 0.647585
0.505105 0.850435
0.505468 0.715993
0.506011 0.616613
0.507158 0.590143
0.507305 0.639236
0.507524 0.853177
0.508123 0.689131
0.509912 0.683610
0.510498 0.567550
0.511260 0.582648
0.511660 0.633610
0.512867 0.561583
0.513781 0.629155
0.514395 0.721667
0.514914 0.663639
0.515238 0.554247
0.515906 0.737569
0.516549 0.589139
0.517920 0.597995
0.517978 0.804173
0.518515 0.631585
0.520633 0.623900
0.520795 0.535637
0.520862 0.407665
0.521069 0.727400
0.521484 0.614319
0.521877 0.709618
0.523714 0.617965
0.524280 0.639912
0.524508 0.650340
0.525585 0.826014
0.528524 0.699278
0.528843 0.693855
0.529680 0.601193
0.530572 0.628208
0.530756 0.680323
0.531805 0.525974
0.535766 0.662720
0.537079 0.661060
0.537145 0.583944
0.537387 0.730773
0.538083 0.593715
0.541579 0.766894
0.542488 0.648652
0.543887 0.606004
0.544932 0.696490
0.545183 0.661617
0.545857 0.553897
0.546193 0.671187
0.546297 0.419887
0.548084 0.467312
0.550941 0.571280
0.551585 0.684334
0.551985 0.652856
0.553208 0.834536
0.554909 0.691695
0.554994 0.650206
0.555823 0.601477
0.556850 0.787558
0.557272 0.633289
0.557819 0.656673
0.558383 0.625984
0.558785 0.537998
0.560096 0.746450
0.560102 0.657379
0.560563 0.720778
0.561109 0.603605
0.561284 0.497789
0.562043 0.618178
0.562230 0.603186
0.563189 0.611978
0.563410 0.857227
0.565992 0.527076
0.566778 0.693682
0.566810 0.410086
0.567740 0.685997
0.568438 0.612796
0.568809 0.868999
0.569091 0.654921
0.569236 0.446315
0.571326 0.690260
0.572101 0.684364
0.574517 0.699852
0.574662 0.857342
0.575124 0.519463
0.575825 0.699492
0.576742 0.511287
0.577352 0.632105
0.577353 0.722164
0.578882 0.549226
0.580072 0.694992
0.580558 0.543403
0.581616 0.585548
0.583001 0.593500
0.583474 0.655956
0.583502 0.540518
0.585174 0.503999
0.586870 0.750222
0.588237 0.795097
0.588295 0.776345
0.589126 0.703169
0.589528 0.565685
0.590490 0.626610
0.591061 0.597643
0.591849 0.642604
0.592251 0.681916
0.592564 0.736978
0.593246 0.696045
0.593249 0.522323
0.593482 0.679320
0.593509 0.606844
0.593644 0.645498
0.594213 0.800692
0.595763 0.487877
0.596539 0.624990
0.596565 0.751229
0.598243 0.602150
0.600201 0.484501
0.600723 0.423442
0.600815 0.719159
0.600972 0.565351
0.602158 0.675954
0.602689 0.638747
0.602932 0.639590
0.603894 0.734425
0.604032 0.549900
0.605044 0.508376
0.605362 0.766683
0.605944 0.546722
0.606764 0.599969
0.606957 0.460663
0.607476 0.739557
0.608796 0.570716
0.608958 0.469666
0.609601 0.638642
0.609834 0.635456
0.611188 0.722620
0.613767 0.655296
0.613794 0.481411
0.615623 0.465696
0.615694 0.674819
0.619889 0.720525
0.620023 0.555097
0.620502 0.701540
0.620528 0.492868
0.620998 0.602616
0.621107 0.845758
0.621522 0.711590
0.622013 0.621655
0.624781 0.699355
0.625022 0.707929
0.625397 0.725316
0.626634 0.540554
0.626680 0.580602
0.627655 0.590650
0.628960 0.400924
0.630422 0.771563
0.631503 0.559965
0.632031 0.646015
0.633319 0.360090
0.633402 0.732576
0.634403 0.737790
0.635366 0.615308
0.635775 0.395131
0.637770 0.703645
0.637897 0.674574
0.639487 0.804228
0.639831 0.469227
0.639877 0.666804
0.641995 0.706078
0.643299 0.590437
0.643592 0.695738
0.644166 0.548080
0.644382 0.937900
0.644759 0.620605
0.644767 0.635792
0.645990 0.595427
0.648261 0.391626
0.648506 0.764917
0.650676 0.752153
0.651023 0.731458
0.651807 0.850097
0.653316 0.482862
0.653809 0.549633
0.654526 0.673034
0.655483 0.581715
0.655727 0.608867
0.656212 0.659925
0.656501 0.657374
0.657040 0.606042
0.657594 0.666220
0.657986 0.818821
0.659554 0.565922
0.660884 0.530928
0.662931 0.684443
0.663855 0.849531
0.664316 0.444603
0.664699 0.455224
0.664863 0.395065
0.665638 0.670059
0.665918 0.601666
0.666127 0.572614
0.666383 0.484344
0.666688 0.590556
0.669346 0.608805
0.671292 0.629179
0.672372 0.539714
0.672490 0.558183
0.674262 0.596006
0.674467 0.881079
0.674502 0.576394
0.674975 0.625790
0.677473 0.598791
0.678001 0.499245
0.678317 0.826118
0.678610 0.303752
0.678779 0.370738
0.682817 0.642219
0.683417 0.599156
0.683958 0.549706
0.685306 0.348440
0.686026 0.503275
0.686130 0.571638
0.686751 0.767999
0.688155 0.432381
0.688347 0.672389
0.688671 0.650437
0.690997 0.660081
0.691050 0.457545
0.691327 0.402138
0.691538 0.591951
0.692254 0.432329
0.692828 0.548074
0.693488 0.590023
0.694156 0.615291
0.694234 0.499372
0.694580 0.539117
0.694857 0.598860
0.695171 0.510094
0.696343 0.412246
0.696384 0.801237
0.697124 0.461226
0.697128 0.746595
0.697992 0.399345
0.699397 0.488884
0.700765 0.501868
0.700891 0.449061
0.701665 0.696904
0.701929 0.849653
0.702016 0.471583
0.704682 0.431933
0.705064 0.898870
0.705567 0.401120
0.705958 0.540226
0.711281 0.579034
0.712370 0.668542
0.712507 0.492201
0.713454 0.636513
0.714217 0.639571
0.718065 0.531485
0.718068 0.589543
0.718473 0.525327
0.718560 0.656357
0.718583 0.729832
0.719172 0.616497
0.719506 0.501583
0.719671 0.444357
0.722838 0.433165
0.723439 0.821107
0.724804 0.638460
0.725633 0.472076
0.730267 0.892035
0.730510 0.628734
0.733335 0.763220
0.735242 0.618241
0.737139 0.415877
0.737240 0.508633
0.737601 0.679811
0.737642 0.685804
0.738491 0.551968
0.738821 0.522587
0.739325 0.575307
0.739417 0.522787
0.740156 0.762655
0.740479 0.665745
0.741068 0.655123
0.743797 0.794074
0.744907 0.474384
0.745162 0.659395
0.748059 0.802892
0.748748 0.637164
0.749769 0.597010
0.750719 0.657584
0.754145 0.455563
0.754661 0.508460
0.755785 0.722444
0.756492 0.507665
0.757400 0.632955
0.758660 0.594584
0.759118 0.752454
0.759938 0.597188
0.761428 0.689130
0.761734 0.550799
0.763327 0.505999
0.763837 0.560020
0.764801 0.670045
0.765283 0.631599
0.765353 0.781051
0.765489 0.823312
0.766346 0.578085
0.767858 0.579267
0.768085 0.820599
0.768757 0.528891
0.772137 0.823212
0.773265 0.316460
0.773544 0.689820
0.774491 0.416833
0.775257 0.546896
0.776248 0.437721
0.776357 0.677431
0.777804 0.301598
0.778334 0.867119
0.779231 0.610306
0.779459 0.497936
0.779841 0.687549
0.780749 0.474644
0.781994 0.411283
0.782007 0.419010
0.782208 0.649100
0.784266 0.510578
0.785769 0.780255
0.790570 0.515774
0.791030 0.636871
0.792696 0.513829
0.794879 0.616804
0.796105 0.680802
0.798019 0.605522
0.798227 0.361399
0.798733 0.454925
0.799669 0.648450
0.800215 0.455716
0.801505 0.668469
0.801548 0.510888
0.802063 0.459585
0.802463 0.437990
0.803565 0.799654
0.806020 0.679409
0.807225 0.774750
0.807800 0.561702
0.808105 0.399408
0.809088 0.345044
0.810495 0.430422
0.811183 0.609221
0.811466 0.577474
0.813792 0.555607
0.813953 0.591041
0.814267 0.668976
0.814344 0.408044
0.816665 0.653185
0.817022 0.622264
0.817256 0.779994
0.817605 0.411025
0.820957 0.509705
0.821501 0.428343
0.821761 0.387013
0.822227 0.751959
0.822436 0.349798
0.823158 0.433637
0.823644 0.238532
0.823787 0.688762
0.824197 0.794041
0.824450 0.366106
0.824944 0.680732
0.826397 0.462229
0.826542 0.492965
0.827463 0.677395
0.830610 0.537028
0.832887 0.421396
0.833810 0.551513
0.835876 0.493605
0.836787 0.836459
0.837790 0.688891
0.837956 0.689400
0.839938 0.648376
0.840158 0.750412
0.840919 0.537819
0.842148 0.325894
0.842798 0.669072
0.843610 0.470226
0.844513 0.381287
0.845971 0.539015
0.846572 0.699281
0.846814 0.597209
0.847295 0.561314
0.849250 0.332911
0.849330 0.511063
0.850044 0.577690
0.851607 0.420454
0.851901 0.602127
0.852430 0.745488
0.852704 0.518542
0.853884 0.497862
0.854560 0.473911
0.855564 0.347653
0.856502 0.506980
0.857211 0.709616
0.857352 0.509567
0.857760 0.486483
0.858861 0.527860
0.859139 0.612452
0.859623 0.294021
0.860151 0.331421
0.860617 0.769774
0.860699 0.599565
0.861271 0.299071
0.861296 0.574601
0.861687 0.543462
0.862536 0.365958
0.862962 0.554427
0.863346 0.323991
0.863478 0.488254
0.864885 0.580765
0.864889 0.630339
0.865531 0.573769
0.868933 0.633253
0.869284 0.401592
0.870244 0.000000
0.870350 0.187706
0.871934 0.555374
0.872133 0.289555
0.872196 0.742628
0.874081 1.000000
0.874965 0.548500
0.875203 0.751555
0.875493 0.593275
0.876804 0.655738
0.877451 0.510745
0.878548 0.296647
0.878621 0.607381
0.880753 0.617910
0.881974 0.548756
0.882908 0.600489
0.884869 0.464941
0.885325 0.692665
0.885724 0.494487
0.887295 0.754054
0.888661 0.994552
0.888711 0.423240
0.889619 0.625407
0.890460 0.447073
0.890763 0.511782
0.892244 0.364175
0.892818 0.460801
0.893206 0.583316
0.893408 0.600962
0.894691 0.247201
0.896252 0.439432
0.896775 0.434481
0.897713 0.460912
0.898467 0.722737
0.899279 0.478345
0.900544 0.524090
0.901056 0.752240
0.901066 0.540150
0.902671 0.263440
0.903173 0.426461
0.904188 0.580081
0.904954 0.745535
0.904998 0.210486
0.905843 0.607154
0.906651 0.567481
0.906868 0.465437
0.906934 0.375181
0.908100 0.253971
0.908306 0.542009
0.908727 0.689604
0.908911 0.620471
0.909110 0.544763
0.910230 0.631343
0.911682 0.599897
0.914184 0.782005
0.914842 0.317270
0.915966 0.766027
0.916935 0.529828
0.917413 0.443331
0.919751 0.528090
0.920387 0.253856
0.921333 0.727588
0.921366 0.616727
0.921645 0.406570
0.924143 0.406510
0.925855 0.306525
0.926073 0.490815
0.927551 0.439127
0.929489 0.485991
0.929980 0.301210
0.930980 0.267276
0.931308 0.351057
0.932147 0.356771
0.933102 0.203630
0.935565 0.852541
0.935706 0.525358
0.935914 0.701002
0.936431 0.525998
0.936498 0.695417
0.936700 0.624412
0.938181 0.490904
0.938382 0.577621
0.939526 0.436935
0.940026 0.390062
0.940343 0.609569
0.941861 0.716716
0.941939 0.145857
0.943698 0.558872
0.944365 0.530580
0.944563 0.694931
0.944608 0.625912
0.944793 0.430543
0.945648 0.923004
0.945717 0.570101
0.946081 0.333814
0.947361 0.579851
0.947601 0.854707
0.948523 0.542952
0.949069 0.428797
0.951085 0.572977
0.952091 0.513546
0.953216 0.514774
0.954268 0.558314
0.955403 0.660443
0.955482 0.782822
0.956854 0.492014
0.957656 0.588571
0.957674 0.749258
0.958864 0.711423
0.959788 0.225007
0.962684 0.523910
0.964583 0.461265
0.964590 0.157809
0.966225 0.273433
0.966492 0.323322
0.968371 0.264401
0.969825 0.745297
0.971396 0.231266
0.971403 0.622115
0.971986 0.512740
0.971987 0.294777
0.972029 0.453410
0.972686 0.396334
0.973016 0.572620
0.973531 0.618333
0.974617 0.338619
0.974984 0.471636
0.978765 0.738322
0.980356 0.234068
0.981422 0.782021
0.982541 0.557285
0.982794 0.415633
0.983019 0.189148
0.985232 0.548519
0.988346 0.151673
0.989203 0.509073
0.991211 0.717415
0.991353 0.664924
0.992686 0.122472
0.992772 0.224548
0.993550 0.515461
0.993863 0.240123
0.994354 0.730870
0.995770 0.423752
0.997685 0.455626
0.997686 0.503322
0.998186 0.658515
0.998885 0.390133
0.999371 0.340405
1.000000 0.518013
