0.000000 0.999173
0.000355 0.998378
0.000684 0.996407
0.002059 0.999876
0.003014 0.996361
0.008763 0.997861
0.009029 0.999170
0.013544 0.998169
0.014304 0.996801
0.015322 0.997653
0.016385 0.996674
0.018580 0.996718
0.020682 0.997039
0.026917 0.994738
0.027583 0.996193
0.028007 0.997071
0.036032 0.995820
0.037430 0.995441
0.039634 0.996727
0.039756 0.998699
0.044654 0.996712
0.045275 0.998016
0.046982 0.997085
0.053999 0.995244
0.058093 0.997466
0.059736 0.999586
0.060445 0.996974
0.061116 0.996861
0.061207 0.997590
0.063145 0.996266
0.064816 0.996810
0.070637 0.997915
0.070953 0.998848
0.071563 0.993373
0.073820 0.999106
0.075044 0.990781
0.079570 0.993982
0.080633 0.991893
0.083596 0.995043
0.088061 0.996136
0.090471 0.993484
0.093303 0.995237
0.094570 0.998990
0.096847 0.998782
0.098579 0.995350
0.106426 0.996499
0.108593 0.998865
0.111319 0.993439
0.113016 0.996654
0.113306 0.993314
0.115075 0.998746
0.116275 0.997235
0.117298 0.994142
0.118044 0.997704
0.119269 0.998310
0.119845 0.994394
0.123549 0.991513
0.125606 0.995846
0.126074 0.996194
0.128450 0.993654
0.139528 0.999426
0.142600 1.000000
0.146245 0.996218
0.149871 0.991204
0.150352 0.992980
0.151830 0.998876
0.155637 0.990771
0.157949 0.990967
0.161037 0.992952
0.162925 0.993860
0.163552 0.994481
0.166100 0.997295
0.169305 0.992795
0.170165 0.992574
0.173935 0.995257
0.174256 0.993266
0.177089 0.993257
0.177300 0.994294
0.177643 0.997072
0.177962 0.998041
0.180237 0.989109
0.189781 0.984431
0.191220 0.988983
0.202601 0.993516
0.206292 0.989865
0.206423 0.987157
0.209133 0.987788
0.212986 0.990868
0.213169 0.988846
0.213291 0.989751
0.218210 0.983938
0.218660 0.982985
0.221793 0.985283
0.222508 0.990538
0.236025 0.990481
0.237051 0.991321
0.237692 0.989046
0.244165 0.982882
0.250840 0.984147
0.252136 0.980546
0.258068 0.989743
0.259645 0.989923
0.260810 0.989408
0.263684 0.976331
0.264892 0.978716
0.268528 0.992759
0.268982 0.983063
0.269700 0.993064
0.271758 0.981889
0.278126 0.989270
0.279603 0.982970
0.281326 0.986726
0.283005 0.976330
0.286600 0.986366
0.290771 0.989111
0.293054 0.987924
0.295963 0.987774
0.296162 0.990898
0.296629 0.994117
0.297125 0.981877
0.299707 0.976354
0.300701 0.988501
0.300758 0.994090
0.304314 0.981256
0.308665 0.991323
0.312119 0.974240
0.317118 0.988340
0.317189 0.984983
0.318370 0.987647
0.322798 0.977056
0.325561 0.977408
0.332994 0.980644
0.335938 0.971001
0.337071 0.969271
0.338302 0.982120
0.339374 0.980624
0.341672 0.990940
0.341904 0.974812
0.343210 0.982190
0.345621 0.989626
0.349790 0.966328
0.352320 0.966459
0.352507 0.983265
0.355186 0.973788
0.356544 0.970366
0.359495 0.985172
0.360479 0.967262
0.364337 0.967490
0.371077 0.970920
0.374861 0.973841
0.375594 0.980175
0.376194 0.987318
0.379293 0.974602
0.381073 0.967385
0.382009 0.970461
0.385419 0.964140
0.386445 0.985159
0.390832 0.988498
0.391388 0.959826
0.392915 0.979519
0.397010 0.979148
0.399169 0.986328
0.399176 0.962562
0.400772 0.965753
0.403451 0.976372
0.403773 0.979667
0.407510 0.970445
0.408683 0.966709
0.415805 0.968528
0.417304 0.958829
0.417639 0.958346
0.418194 0.985704
0.418493 0.959524
0.418943 0.965195
0.419343 0.954104
0.424984 0.979155
0.427410 0.967034
0.428010 0.967917
0.430968 0.964092
0.431689 0.976093
0.437185 0.967482
0.437765 0.973935
0.438675 0.948139
0.440550 0.957721
0.441728 0.950190
0.441821 0.960370
0.446399 0.968681
0.449871 0.953562
0.449925 0.953580
0.452339 0.976944
0.457824 0.946875
0.466459 0.938267
0.468831 0.959356
0.471885 0.947621
0.472189 0.968327
0.474205 0.959707
0.477288 0.951088
0.481938 0.941531
0.483450 0.946711
0.483864 0.934808
0.486343 0.958090
0.489673 0.965057
0.492763 0.939769
0.495800 0.937988
0.496981 0.959389
0.504060 0.945910
0.506668 0.956686
0.509132 0.949459
0.513556 0.945598
0.515498 0.953727
0.516068 0.942163
0.519474 0.942797
0.521533 0.920779
0.522764 0.956655
0.523062 0.931994
0.528609 0.961338
0.532645 0.919871
0.532823 0.926068
0.533039 0.912125
0.536880 0.924037
0.537400 0.934518
0.537505 0.947413
0.539482 0.950800
0.546410 0.908415
0.549882 0.912687
0.553926 0.917348
0.559438 0.943433
0.560016 0.939439
0.563427 0.917739
0.565453 0.914920
0.568930 0.940331
0.569249 0.911758
0.570786 0.907047
0.575412 0.921316
0.578176 0.921571
0.578597 0.935268
0.580449 0.899012
0.581553 0.896312
0.582533 0.896099
0.585542 0.908165
0.587785 0.875847
0.589764 0.876744
0.589802 0.899749
0.593380 0.926323
0.595509 0.908207
0.595715 0.914048
0.596590 0.876121
0.604588 0.876988
0.604906 0.908336
0.607987 0.874651
0.609365 0.895204
0.611023 0.911296
0.611303 0.902678
0.611703 0.905986
0.612866 0.920738
0.615341 0.887862
0.615752 0.898706
0.617664 0.903216
0.618247 0.901219
0.618717 0.918928
0.621657 0.885919
0.631415 0.903476
0.632279 0.912337
0.634746 0.895464
0.637668 0.855402
0.641016 0.837486
0.642738 0.860625
0.649966 0.882948
0.650987 0.865904
0.651765 0.841230
0.653394 0.852381
0.655771 0.836008
0.660500 0.859349
0.664128 0.873480
0.664918 0.887773
0.671860 0.828058
0.675052 0.836854
0.679395 0.879987
0.687436 0.872105
0.687618 0.874094
0.688742 0.856049
0.698504 0.863294
0.699514 0.822557
0.701185 0.849734
0.702657 0.841934
0.705103 0.784795
0.706033 0.799267
0.706845 0.862652
0.707463 0.779505
0.708030 0.809097
0.714092 0.793256
0.714558 0.779159
0.718815 0.805037
0.720079 0.800513
0.722156 0.795176
0.732190 0.828346
0.738817 0.778011
0.740071 0.748771
0.741349 0.792474
0.741673 0.760599
0.744125 0.782172
0.747545 0.802268
0.748648 0.790594
0.750718 0.773780
0.751619 0.782561
0.754835 0.746631
0.755094 0.751974
0.755195 0.765026
0.756796 0.788148
0.757190 0.739795
0.762971 0.744510
0.763063 0.773559
0.765629 0.720185
0.768754 0.745959
0.771009 0.758027
0.772823 0.747239
0.774397 0.751054
0.776785 0.754693
0.777502 0.705203
0.780662 0.772471
0.787672 0.695737
0.787928 0.725016
0.789818 0.718696
0.793604 0.710961
0.801690 0.668821
0.802018 0.713218
0.803676 0.719826
0.807011 0.678632
0.810454 0.722958
0.811276 0.677125
0.813006 0.638949
0.816016 0.659674
0.816692 0.662659
0.817128 0.679600
0.820389 0.658260
0.825450 0.648548
0.828774 0.680527
0.828820 0.634334
0.829980 0.642195
0.831704 0.645712
0.834009 0.633400
0.835512 0.655526
0.838475 0.623690
0.838678 0.666786
0.842807 0.617111
0.842887 0.637391
0.846008 0.605053
0.846527 0.579348
0.850682 0.584648
0.850861 0.563255
0.851633 0.600564
0.853585 0.598634
0.860720 0.552220
0.862252 0.568644
0.864268 0.528599
0.864762 0.557968
0.866367 0.561218
0.869118 0.539101
0.872561 0.536141
0.873062 0.522445
0.874640 0.570345
0.878792 0.537773
0.879248 0.526230
0.887186 0.491183
0.889395 0.528133
0.892272 0.497067
0.895620 0.464543
0.897108 0.471819
0.897266 0.493205
0.899767 0.471484
0.902115 0.448865
0.908456 0.432149
0.911373 0.421590
0.911502 0.413814
0.919289 0.388434
0.920578 0.387428
0.924193 0.384153
0.925178 0.373605
0.934574 0.340530
0.939005 0.327061
0.942055 0.315380
0.944722 0.303606
0.947360 0.292959
0.949446 0.283697
0.952286 0.268376
0.954003 0.268656
0.954811 0.255368
0.962239 0.217800
0.975114 0.173735
0.979517 0.165444
0.980403 0.112860
0.983376 0.135272
0.984075 0.080031
0.985580 0.118310
0.986735 0.132535
0.987497 0.122986
0.991687 0.109128
0.995049 0.051030
0.995332 0.041061
1.000000 0.000000
