0.000000 0.004842
0.004739 0.005168
0.006697 0.002053
0.015607 0.005876
0.024916 0.005686
0.025944 0.005728
0.027235 0.006662
0.027271 0.008352
0.028018 0.000000
0.029762 0.005426
0.031109 0.009613
0.031191 0.004805
0.032481 0.010751
0.034188 0.009463
0.036355 0.012482
0.038593 0.010531
0.043841 0.006356
0.045102 0.004298
0.047068 0.008062
0.051101 0.009763
0.052631 0.004849
0.052905 0.002030
0.055136 0.009852
0.062770 0.010345
0.064847 0.013039
0.065146 0.002488
0.071038 0.009753
0.077408 0.008145
0.086024 0.010955
0.088108 0.011132
0.088557 0.005396
0.088992 0.005616
0.093256 0.019634
0.094549 0.006152
0.098768 0.015184
0.108660 0.002272
0.113656 0.005678
0.118113 0.006116
0.118167 0.008353
0.120994 0.006145
0.125868 0.009520
0.126283 0.013951
0.127350 0.010967
0.131133 0.018665
0.136920 0.009974
0.138665 0.018655
0.139619 0.017386
0.147574 0.012068
0.149011 0.003254
0.155770 0.018545
0.156563 0.010622
0.157661 0.017747
0.158167 0.013678
0.159733 0.024574
0.161708 0.003311
0.167596 0.006505
0.169885 0.016231
0.170173 0.015263
0.172748 0.015678
0.173951 0.019788
0.175161 0.013195
0.179394 0.006982
0.181558 0.010308
0.185837 0.020463
0.187683 0.022115
0.190395 0.010364
0.193410 0.016705
0.193617 0.012639
0.196293 0.019514
0.196941 0.023406
0.197473 0.007486
0.198155 0.021474
0.198787 0.012273
0.205992 0.018511
0.207027 0.023096
0.209561 0.015570
0.209736 0.019418
0.211880 0.006868
0.216282 0.010115
0.219175 0.012924
0.225179 0.020868
0.226964 0.014146
0.235778 0.026630
0.237694 0.010286
0.240501 0.018869
0.245160 0.024201
0.246770 0.018977
0.249266 0.009284
0.252933 0.016940
0.254406 0.021616
0.256501 0.020179
0.259386 0.019730
0.260701 0.030393
0.262920 0.018306
0.266147 0.015463
0.266259 0.018178
0.269123 0.019547
0.269581 0.020962
0.270466 0.025633
0.271620 0.030011
0.272376 0.028195
0.274872 0.014802
0.275744 0.034183
0.282783 0.023497
0.283028 0.036035
0.291792 0.033659
0.291936 0.048944
0.292174 0.015913
0.293452 0.036211
0.293881 0.016275
0.294390 0.029867
0.295136 0.030972
0.296094 0.021212
0.297064 0.035464
0.304650 0.033158
0.305259 0.041820
0.317498 0.026494
0.317720 0.027372
0.320363 0.048568
0.322231 0.048034
0.323002 0.032897
0.323725 0.019072
0.323975 0.031806
0.327017 0.048090
0.327133 0.029337
0.328688 0.032703
0.330936 0.030953
0.334646 0.039435
0.338625 0.038717
0.341865 0.033779
0.343710 0.038874
0.344414 0.034225
0.344819 0.020610
0.345555 0.041972
0.345929 0.045348
0.346907 0.048759
0.347483 0.037264
0.348038 0.035507
0.349737 0.023104
0.350168 0.033377
0.352042 0.033306
0.353171 0.059374
0.357256 0.036285
0.360718 0.031558
0.361451 0.039901
0.362214 0.043744
0.367982 0.027659
0.371031 0.066465
0.371270 0.047097
0.373057 0.033729
0.375770 0.042101
0.377090 0.029102
0.377411 0.036935
0.383999 0.038421
0.387084 0.042758
0.390057 0.045722
0.394567 0.038078
0.399707 0.048917
0.402414 0.025752
0.402595 0.063240
0.405738 0.044008
0.414342 0.076503
0.416405 0.048862
0.422291 0.056547
0.422347 0.060984
0.423070 0.047628
0.424206 0.065730
0.425740 0.063358
0.428898 0.076563
0.435324 0.035456
0.435916 0.038044
0.444398 0.071022
0.448459 0.052379
0.449094 0.077338
0.452917 0.036587
0.453765 0.074106
0.457655 0.055855
0.457995 0.071606
0.459102 0.083155
0.459645 0.033136
0.469609 0.059757
0.471888 0.097096
0.472717 0.060539
0.474274 0.056131
0.476610 0.094291
0.480817 0.040145
0.483741 0.083906
0.486858 0.068919
0.488117 0.078068
0.490672 0.065878
0.491422 0.066315
0.491473 0.049114
0.491495 0.091974
0.491575 0.104980
0.491801 0.056648
0.494633 0.048849
0.499700 0.068159
0.500556 0.075831
0.505372 0.103370
0.506664 0.100722
0.506960 0.070004
0.507502 0.085702
0.509004 0.111590
0.512109 0.056913
0.514814 0.099513
0.517320 0.093471
0.519826 0.078451
0.521002 0.094603
0.524359 0.085643
0.527038 0.079743
0.530983 0.112222
0.535456 0.117945
0.539638 0.132554
0.542251 0.128424
0.543408 0.088979
0.549233 0.089605
0.554808 0.113817
0.555408 0.088374
0.555425 0.104073
0.556511 0.069672
0.560460 0.096191
0.561776 0.131497
0.565229 0.126040
0.565689 0.109516
0.566029 0.094067
0.567649 0.111077
0.568534 0.080256
0.568824 0.113786
0.570918 0.126174
0.571035 0.095883
0.571860 0.111529
0.572520 0.121636
0.572901 0.142720
0.574961 0.103685
0.575879 0.137638
0.585956 0.127042
0.590748 0.125060
0.591843 0.129676
0.591919 0.148186
0.593800 0.093880
0.593807 0.115384
0.594083 0.134509
0.595315 0.145912
0.597475 0.113368
0.600361 0.099385
0.610971 0.148037
0.612765 0.151724
0.613784 0.134013
0.618077 0.132642
0.620012 0.124953
0.620538 0.132499
0.634961 0.186861
0.637107 0.158382
0.640660 0.125659
0.641434 0.132557
0.642248 0.179775
0.643598 0.150764
0.644173 0.168030
0.646500 0.176227
0.647591 0.117705
0.647707 0.176422
0.648035 0.176372
0.648243 0.157301
0.648304 0.162337
0.655070 0.172354
0.655847 0.178348
0.658262 0.187429
0.665226 0.198430
0.666499 0.137802
0.672090 0.215979
0.673338 0.196252
0.682212 0.157426
0.682506 0.199124
0.690496 0.168669
0.695257 0.209494
0.695704 0.155520
0.701624 0.221910
0.706751 0.160584
0.711826 0.207812
0.712264 0.269074
0.719375 0.207773
0.720399 0.246841
0.723523 0.270821
0.727640 0.257522
0.732111 0.265525
0.739342 0.272397
0.745332 0.240137
0.748619 0.261146
0.748880 0.272696
0.751707 0.294504
0.752759 0.295925
0.761371 0.295090
0.762996 0.307655
0.765649 0.303897
0.768533 0.289222
0.769226 0.337964
0.772145 0.286603
0.772368 0.289400
0.775121 0.341024
0.775534 0.322937
0.775939 0.338254
0.778499 0.322302
0.778988 0.292901
0.779009 0.294919
0.780135 0.322519
0.782725 0.375621
0.787660 0.319899
0.789598 0.310134
0.793604 0.346007
0.798663 0.377770
0.799800 0.349302
0.802120 0.332165
0.804826 0.351712
0.811237 0.386061
0.812148 0.368467
0.814139 0.399680
0.816874 0.382076
0.817268 0.317703
0.817529 0.396931
0.818742 0.358851
0.819499 0.385323
0.822397 0.352657
0.826742 0.420020
0.834289 0.433674
0.836430 0.405799
0.837836 0.452611
0.839707 0.435352
0.840709 0.445865
0.844637 0.438171
0.849762 0.451148
0.850080 0.450457
0.851235 0.491848
0.854689 0.489608
0.854800 0.454973
0.855238 0.454382
0.856330 0.478290
0.856424 0.422220
0.857370 0.439408
0.859691 0.477755
0.861127 0.506224
0.861291 0.490879
0.861782 0.477873
0.869628 0.514622
0.874577 0.492124
0.875220 0.532905
0.875659 0.497422
0.876937 0.520924
0.877028 0.508969
0.879960 0.518198
0.880100 0.549085
0.880202 0.556746
0.882408 0.543212
0.889313 0.570929
0.892596 0.583692
0.893331 0.556198
0.896186 0.561445
0.899529 0.570369
0.899757 0.580849
0.905714 0.623547
0.908599 0.585189
0.912012 0.624688
0.913019 0.617510
0.914392 0.629904
0.919897 0.635658
0.922367 0.666540
0.923716 0.673357
0.924928 0.651739
0.928559 0.682412
0.929117 0.677587
0.929866 0.690184
0.931273 0.686961
0.935484 0.697524
0.938519 0.712189
0.940477 0.713655
0.941273 0.721077
0.942837 0.725832
0.944162 0.721765
0.945106 0.731401
0.948327 0.748578
0.949944 0.751857
0.952145 0.760163
0.952867 0.762737
0.953211 0.764065
0.953789 0.766125
0.955730 0.774234
0.958696 0.782757
0.963540 0.804320
0.967007 0.819517
0.967472 0.823082
0.968647 0.824649
0.976696 0.859613
0.982936 0.872168
0.984253 0.877621
0.986381 0.889658
0.989201 0.924984
0.993699 0.917208
0.994947 0.917403
0.996584 0.974177
0.997625 1.000000
1.000000 0.968132
