0.000000 0.940775
0.006054 0.849354
0.006506 0.620194
0.007535 0.962085
0.007841 0.778688
0.010810 0.683667
0.011165 0.939626
0.016682 0.613636
0.020181 0.767158
0.020474 0.312433
0.022732 0.511268
0.022804 0.874038
0.025868 0.660389
0.030377 0.966119
0.030762 0.848722
0.032796 0.437614
0.032954 0.589206
0.037055 0.301746
0.037380 0.901175
0.037746 0.572484
0.038294 0.778959
0.038785 0.938443
0.041183 0.628448
0.041493 0.881304
0.041897 0.645793
0.042034 0.743241
0.042841 0.515906
0.043268 0.579450
0.044649 0.585646
0.047307 0.806369
0.048237 0.639574
0.050412 0.756290
0.055873 0.648167
0.058581 0.888672
0.059957 0.518124
0.060497 0.768674
0.063473 0.617846
0.065061 0.696134
0.065646 0.762594
0.066191 0.966438
0.068477 0.746193
0.071334 0.483907
0.072245 0.045281
0.074625 0.787880
0.080097 0.612164
0.080533 0.796809
0.083175 0.774996
0.084033 0.595183
0.084749 0.569850
0.090021 0.677430
0.090388 0.000274
0.094705 0.329376
0.094885 0.597467
0.097965 0.975521
0.097971 0.397727
0.098114 0.685483
0.098343 0.549132
0.100559 0.903029
0.102957 0.701153
0.107430 0.845613
0.109019 0.751790
0.109715 0.628400
0.111196 0.743582
0.111857 0.577255
0.114762 0.688718
0.119218 0.407045
0.122300 0.835384
0.122714 0.829559
0.125789 0.411117
0.128575 0.451515
0.130287 0.542743
0.131119 0.779666
0.132338 0.587567
0.132677 0.701323
0.135605 0.629689
0.136155 0.944253
0.136412 0.785895
0.138312 0.884629
0.138445 0.507303
0.139774 0.572288
0.140063 0.920822
0.140622 0.884546
0.141194 0.482634
0.142221 0.762015
0.142801 0.431127
0.145297 0.650446
0.147145 0.399001
0.147353 0.710531
0.148030 0.689390
0.148728 0.861557
0.149092 0.587379
0.151777 0.582159
0.154138 0.254208
0.155273 0.540278
0.157687 0.270052
0.159914 0.647928
0.164302 0.653592
0.165983 0.180694
0.167954 0.875320
0.168255 0.726195
0.168922 0.516748
0.172582 0.740670
0.178381 0.680854
0.178843 0.934442
0.179850 0.655200
0.181182 0.985855
0.181404 0.423431
0.183407 0.732452
0.186301 0.854464
0.192533 0.712535
0.196242 0.459907
0.196902 0.443241
0.198002 0.833790
0.198016 0.849084
0.198232 0.735743
0.203193 1.000000
0.203317 0.399910
0.205270 0.768470
0.206083 0.915873
0.206421 0.515598
0.213390 0.667151
0.213432 0.206954
0.214325 0.455796
0.217343 0.820716
0.217802 0.628322
0.218490 0.685724
0.225292 0.617569
0.228936 0.738216
0.229778 0.890272
0.230373 0.586917
0.237244 0.670559
0.241436 0.703064
0.243533 0.719574
0.244943 0.187528
0.246233 0.536345
0.248166 0.896982
0.252383 0.797273
0.255174 0.891056
0.256580 0.630168
0.257247 0.829835
0.258616 0.786790
0.261682 0.704945
0.263274 0.516240
0.263749 0.400280
0.263787 0.852415
0.264277 0.442296
0.264403 0.522319
0.265027 0.802011
0.265750 0.694322
0.266382 0.716221
0.268228 0.954138
0.270553 0.631922
0.271751 0.351188
0.273579 0.591908
0.279625 0.785701
0.279807 0.750526
0.281266 0.706272
0.283438 0.755004
0.283555 0.566405
0.285510 0.690000
0.288300 0.928406
0.289256 0.920172
0.289710 0.551989
0.290184 0.908385
0.292967 0.044391
0.293231 0.430731
0.296555 0.470217
0.296822 0.390645
0.298369 0.757005
0.298489 0.376492
0.302709 0.770683
0.304060 0.561257
0.306941 0.945806
0.309463 0.929010
0.310535 0.823951
0.312469 0.987046
0.314143 0.856103
0.314478 0.798508
0.317758 0.524343
0.320221 0.742749
0.323730 0.653505
0.324475 0.640060
0.325696 0.698897
0.326760 0.472650
0.326817 0.707071
0.327846 0.135447
0.328521 0.827854
0.331705 0.854315
0.332720 0.544482
0.333625 0.449391
0.336724 0.925997
0.338780 0.024422
0.340366 0.451348
0.341159 0.461536
0.348482 0.767830
0.352636 0.425804
0.354897 0.579794
0.362956 0.224389
0.364788 0.823302
0.366571 0.731025
0.367199 0.950428
0.368529 0.822827
0.373393 0.491935
0.374374 0.304204
0.374640 0.749682
0.374650 0.840496
0.374845 0.591674
0.374849 0.608545
0.375892 0.648873
0.380751 0.482219
0.383324 0.901735
0.383607 0.554866
0.384099 0.905702
0.385129 0.854523
0.385654 0.393083
0.386040 0.484183
0.388345 0.684332
0.388715 0.563647
0.389994 0.614425
0.392640 0.203077
0.398617 0.966005
0.399154 0.912910
0.401225 0.767096
0.401907 0.698649
0.402089 0.977529
0.403530 0.861205
0.404785 0.533288
0.408537 0.588407
0.411657 0.806284
0.415228 0.980989
0.416498 0.933913
0.416645 0.814002
0.419053 0.624736
0.419701 0.705011
0.419857 0.721958
0.423533 0.608605
0.425041 0.965382
0.429257 0.772073
0.430241 0.470298
0.430387 0.422295
0.430596 0.632016
0.433127 0.678519
0.434101 0.588209
0.436726 0.953887
0.438232 0.669697
0.439361 0.755285
0.443867 0.301204
0.444290 0.660260
0.450038 0.873117
0.451101 0.952668
0.452432 0.532680
0.452494 0.779874
0.454306 0.636587
0.454851 0.648947
0.455023 0.927763
0.457506 0.634559
0.458636 0.583161
0.459918 0.703038
0.461625 0.893587
0.463979 0.749006
0.464916 0.632179
0.465328 0.540850
0.465621 0.491883
0.471001 0.980697
0.478646 0.320672
0.483521 0.572674
0.485303 0.638415
0.485353 0.596776
0.492851 0.586985
0.493636 0.905431
0.495396 0.343253
0.497435 0.658592
0.502089 0.807132
0.502481 0.879761
0.508556 0.851487
0.508774 0.734906
0.508777 0.616588
0.509107 0.677422
0.509120 0.744357
0.510662 0.991315
0.511753 0.871097
0.511845 0.753012
0.515968 0.879001
0.516056 0.487256
0.517023 0.834311
0.519310 0.613969
0.519586 0.654934
0.519604 0.619977
0.520481 0.449377
0.521164 0.983353
0.521568 0.795275
0.522720 0.618084
0.524961 0.699424
0.528393 0.578178
0.532094 0.576967
0.532797 0.493920
0.534072 0.715435
0.534532 0.771520
0.537203 0.966570
0.541428 0.711756
0.542580 0.540376
0.543104 0.838058
0.544255 0.778085
0.545532 0.720446
0.551498 0.601152
0.551750 0.702468
0.554036 0.670823
0.554929 0.847965
0.558721 0.373239
0.559287 0.711582
0.560041 0.336357
0.560244 0.454992
0.564707 0.371324
0.565291 0.839401
0.566444 0.704070
0.569879 0.882555
0.574175 0.517487
0.576125 0.445080
0.576182 0.694886
0.577939 0.619626
0.581566 0.685807
0.583797 0.472555
0.589825 0.632892
0.590642 0.801957
0.591650 0.686497
0.592117 0.534011
0.593238 0.668774
0.595840 0.468059
0.597835 0.718287
0.598268 0.602148
0.600593 0.719763
0.604385 0.607103
0.605465 0.548947
0.605947 0.825942
0.608748 0.412066
0.610045 0.751891
0.610268 0.732565
0.610818 0.785238
0.611618 0.921054
0.611974 0.745300
0.616256 0.615774
0.617564 0.566805
0.618210 0.933485
0.620397 0.797978
0.622856 0.349763
0.622919 0.746995
0.623088 0.909046
0.624718 0.761242
0.625992 0.184553
0.633657 0.737419
0.634434 0.773887
0.634552 0.820060
0.636347 0.524862
0.639164 0.701913
0.639732 0.322393
0.640715 0.738960
0.648246 0.781607
0.649053 0.666020
0.649340 0.554446
0.650998 0.467498
0.651450 0.715919
0.652314 0.644551
0.652599 0.535515
0.653683 0.690943
0.655454 0.830796
0.657461 0.489822
0.658277 0.566581
0.659857 0.764498
0.662563 0.666837
0.663007 0.858072
0.664406 0.738480
0.666711 0.535181
0.668280 0.862119
0.668409 0.534755
0.668411 0.496305
0.670587 0.875947
0.672670 0.676355
0.678276 0.743854
0.678638 0.631977
0.678923 0.923421
0.684440 0.670372
0.691368 0.542236
0.693021 0.804240
0.696166 0.619437
0.698662 0.650991
0.703435 0.822536
0.706149 0.586362
0.707651 0.906758
0.708290 0.733952
0.711016 0.525999
0.711586 0.813678
0.711952 0.722332
0.713623 0.847620
0.714868 0.685301
0.716698 0.096715
0.719643 0.825835
0.720524 0.747295
0.722591 0.501746
0.724114 0.920225
0.724243 0.510291
0.725867 0.597641
0.733001 0.749600
0.739920 0.425351
0.742785 0.611572
0.749690 0.442493
0.749750 0.910747
0.751140 0.609747
0.752269 0.841716
0.752795 0.622938
0.754084 0.870267
0.758551 0.856800
0.758936 0.398574
0.760877 0.531953
0.761416 0.110316
0.761903 0.498345
0.762856 0.364491
0.767435 0.809889
0.772000 0.892733
0.772874 0.697124
0.773836 0.556348
0.777580 0.757350
0.777983 0.732439
0.780535 0.754755
0.782536 0.584790
0.783466 0.444145
0.783607 0.861915
0.784090 0.909652
0.788282 0.843581
0.788841 0.630253
0.788889 0.617462
0.791903 0.694642
0.794781 0.671004
0.796149 0.895587
0.800566 0.531470
0.802816 0.744356
0.803252 0.290919
0.806361 0.951560
0.807506 0.261688
0.809152 0.737173
0.816749 0.582787
0.818924 0.783779
0.820960 0.837802
0.822654 0.000000
0.824363 0.870147
0.824793 0.725220
0.831118 0.611451
0.831701 0.580357
0.831991 0.438695
0.834995 0.791935
0.835294 0.881198
0.838514 0.484119
0.843290 0.664930
0.843460 0.826261
0.843540 0.606757
0.846670 0.634351
0.851950 0.790281
0.853285 0.752553
0.853465 0.102054
0.854166 0.742059
0.855820 0.542297
0.860608 0.650941
0.862272 0.855999
0.863467 0.832731
0.863901 0.722664
0.865442 0.566497
0.868664 0.884008
0.870641 0.396031
0.872367 0.731398
0.872809 0.761473
0.873271 0.758928
0.875448 0.520980
0.878757 0.736866
0.879465 0.917077
0.884432 0.890405
0.887035 0.778489
0.888065 0.858474
0.894789 0.550657
0.898914 0.731351
0.898996 0.518246
0.899636 0.730207
0.902201 0.841738
0.906076 0.971074
0.906353 0.611493
0.907137 0.638020
0.907212 0.606419
0.915290 0.798770
0.916438 0.841652
0.917423 0.828970
0.919498 0.790788
0.919785 0.567889
0.920393 0.487073
0.921761 0.690578
0.925151 0.802820
0.926877 0.857919
0.927347 0.527500
0.927458 0.351536
0.930140 0.818600
0.932562 0.404427
0.933445 0.491363
0.935167 0.340884
0.939597 0.735053
0.941355 0.556103
0.945590 0.894752
0.945857 0.826034
0.947826 0.928531
0.950231 0.704802
0.953310 0.537410
0.954031 0.715322
0.955054 0.786272
0.955938 0.823346
0.958728 0.729470
0.961378 0.864348
0.962486 0.609161
0.963612 0.736634
0.970400 0.533637
0.970527 0.705826
0.974614 0.474079
0.974703 0.544184
0.978616 0.570072
0.979422 0.576985
0.988511 0.687110
0.991778 0.495084
0.992951 0.657876
0.999721 0.724993
1.000000 0.918823
