0.000000 0.092514
0.001415 0.139270
0.002864 0.152222
0.006962 0.062028
0.007354 0.079075
0.009316 0.143406
0.009995 0.147752
0.014734 0.113097
0.014923 0.090851
0.015606 0.029186
0.016494 0.083851
0.016905 0.019081
0.017905 0.137749
0.017969 0.039402
0.019065 0.083501
0.022092 0.128431
0.022156 0.203241
0.022252 0.195493
0.024998 0.123342
0.025427 0.059373
0.027852 0.082850
0.031552 0.262770
0.031651 0.124628
0.033075 0.068056
0.034041 0.088479
0.034309 0.032416
0.038980 0.006810
0.040649 0.081528
0.041121 0.152441
0.041338 0.008973
0.042787 0.056970
0.046020 0.241629
0.048966 0.099034
0.052116 0.164224
0.052437 0.095908
0.053148 0.149512
0.053981 0.125875
0.054364 0.221177
0.055382 0.252424
0.055520 0.080577
0.056297 0.135042
0.057455 0.154262
0.057611 0.076612
0.058050 0.075317
0.058159 0.000000
0.058456 0.198580
0.058824 0.159213
0.060166 0.052084
0.060577 0.073534
0.061917 0.270402
0.066117 0.275413
0.070422 0.084664
0.071024 0.159471
0.072184 0.182043
0.074733 0.073482
0.075554 0.013893
0.076296 0.098183
0.078057 0.188981
0.078092 0.203951
0.078499 0.261292
0.080406 0.019494
0.082654 0.032743
0.084411 0.111291
0.084472 0.262092
0.086085 0.089811
0.087670 0.225699
0.088547 0.210504
0.092143 0.140253
0.093209 0.061891
0.097677 0.036625
0.097873 0.182124
0.101360 0.091025
0.102199 0.187759
0.102607 0.129523
0.104647 0.403532
0.106840 0.104401
0.108892 0.211899
0.111233 0.226463
0.111428 0.173271
0.111598 0.200166
0.112093 0.041732
0.114421 0.077257
0.115954 0.137714
0.117144 0.120047
0.117478 0.175829
0.120188 0.101393
0.120788 0.338491
0.121939 0.102529
0.122351 0.110069
0.123215 0.075017
0.126175 0.200128
0.126678 0.189786
0.129250 0.208273
0.131083 0.125866
0.131445 0.268171
0.131494 0.140573
0.134964 0.146254
0.135647 0.218352
0.135968 0.157722
0.136953 0.196606
0.140728 0.160326
0.145284 0.117278
0.145802 0.187421
0.145952 0.278516
0.146432 0.252198
0.147059 0.162695
0.147374 0.222320
0.149168 0.193173
0.149373 0.186810
0.151007 0.071435
0.154460 0.175267
0.155588 0.195294
0.156638 0.070028
0.158363 0.216966
0.158900 0.136345
0.158933 0.043861
0.159718 0.091295
0.160808 0.115130
0.162245 0.221144
0.163214 0.351834
0.164996 0.220117
0.167123 0.133870
0.168696 0.309130
0.169506 0.330367
0.169513 0.071385
0.169689 0.276488
0.169692 0.160074
0.170560 0.243486
0.172772 0.245966
0.173850 0.258029
0.174867 0.151771
0.176322 0.135023
0.177484 0.079651
0.178159 0.254885
0.180806 0.221891
0.180905 0.226235
0.181108 0.176591
0.183058 0.225742
0.184319 0.210083
0.186178 0.083073
0.186762 0.224215
0.187599 0.115921
0.187877 0.117620
0.188087 0.076212
0.191058 0.071796
0.192938 0.117003
0.193215 0.231275
0.195266 0.347171
0.196165 0.058479
0.203243 0.266083
0.203701 0.057740
0.204651 0.149216
0.204707 0.384111
0.205027 0.120800
0.205349 0.141727
0.207139 0.212534
0.207233 0.232757
0.210535 0.205226
0.210580 0.202401
0.211909 0.348512
0.212788 0.127893
0.213424 0.122957
0.213983 0.140386
0.217998 0.238661
0.219151 0.261211
0.222717 0.237012
0.224257 0.132048
0.224964 0.102684
0.226008 0.282914
0.229378 0.347202
0.230600 0.064756
0.232733 0.129934
0.239698 0.178783
0.240867 0.117149
0.245146 0.155122
0.245550 0.186287
0.248148 0.148858
0.250080 0.140188
0.252838 0.213282
0.254892 0.212293
0.257803 0.279563
0.257900 0.215107
0.258261 0.374604
0.258607 0.150148
0.261653 0.194016
0.262541 0.246651
0.264586 0.244152
0.265492 0.475962
0.265672 0.172657
0.265710 0.353122
0.267274 0.119031
0.269285 0.331885
0.269558 0.236342
0.277526 0.189852
0.277936 0.193060
0.279241 0.145225
0.279612 0.167667
0.279829 0.433210
0.281366 0.103334
0.282273 0.184582
0.284672 0.083677
0.289251 0.182238
0.291448 0.169855
0.298421 0.081423
0.300198 0.106434
0.300234 0.492593
0.303743 0.214951
0.304670 0.417995
0.305799 0.134814
0.307537 0.218604
0.307738 0.367167
0.310173 0.190026
0.312311 0.234945
0.315687 0.270197
0.316084 0.273919
0.317352 0.226605
0.319686 0.375252
0.321886 0.190637
0.322219 0.289710
0.323773 0.409070
0.324621 0.103781
0.324760 0.314261
0.326212 0.163664
0.326496 0.223251
0.327079 0.090985
0.327088 0.274954
0.327920 0.239989
0.328630 0.205161
0.336698 0.450106
0.336806 0.352262
0.342046 0.173748
0.343132 0.124895
0.343835 0.269079
0.345026 0.255860
0.347078 0.364579
0.352064 0.238852
0.354020 0.375662
0.355444 0.314709
0.355615 0.132204
0.356964 0.476984
0.358243 0.190898
0.366143 0.220633
0.366485 0.172939
0.368510 0.578242
0.369091 0.421701
0.369254 0.431068
0.370468 0.268970
0.371595 0.179414
0.372089 0.170144
0.372408 0.285463
0.373142 0.320913
0.374707 0.170909
0.375547 0.181731
0.378879 0.264583
0.381681 0.545012
0.382188 0.314105
0.383111 0.396266
0.388261 0.172787
0.392310 0.132911
0.393228 0.308057
0.393899 0.418039
0.394597 0.185241
0.395894 0.156643
0.397693 0.244160
0.397726 0.456822
0.400591 0.335380
0.401419 0.180808
0.403718 0.160790
0.403993 0.221244
0.406549 0.311629
0.407332 0.230756
0.409352 0.273016
0.409881 0.232555
0.410551 0.462955
0.410695 0.247925
0.411810 0.222620
0.412475 0.238316
0.416302 0.109733
0.417817 0.223750
0.417841 0.101395
0.421118 0.283911
0.422918 0.274089
0.426152 0.227999
0.427948 0.312276
0.428413 0.101554
0.428921 0.230878
0.432547 0.362947
0.434089 0.284643
0.434923 0.256791
0.436639 0.128752
0.438039 0.361762
0.439112 0.214944
0.439158 0.218238
0.441042 0.318260
0.442027 0.414561
0.445977 0.438798
0.453255 0.132408
0.454750 0.265158
0.455902 0.237469
0.456324 0.299705
0.457332 0.200265
0.458499 0.380650
0.460585 0.229359
0.463888 0.275810
0.467589 0.300752
0.468318 0.211240
0.468503 0.305487
0.470614 0.263299
0.470859 0.461652
0.471774 0.177937
0.473395 0.386296
0.474543 0.470205
0.474917 0.212584
0.476869 0.268725
0.477195 0.235561
0.478482 0.521629
0.478536 0.268643
0.478701 0.511816
0.480353 0.365610
0.482122 0.355770
0.483701 0.211916
0.483845 0.181605
0.485550 0.215359
0.489415 0.407232
0.489815 0.277527
0.490024 0.365681
0.490689 0.616093
0.491788 0.225670
0.491870 0.240394
0.492176 0.249813
0.493957 0.181737
0.494072 0.385689
0.494721 0.204787
0.494743 0.148462
0.496033 0.203025
0.496567 0.561080
0.500877 0.248008
0.503728 0.435106
0.505245 0.234330
0.505966 0.315378
0.509837 0.184517
0.511048 0.327404
0.512101 0.249938
0.512651 0.304649
0.512743 0.444266
0.513398 0.402279
0.516207 0.300956
0.517248 0.243862
0.518698 0.445793
0.522120 0.230478
0.526331 0.281995
0.527101 0.596706
0.527614 0.360208
0.528433 0.137705
0.530099 0.191808
0.533282 0.168075
0.537491 0.354897
0.537847 0.163548
0.538358 0.390500
0.541547 0.182876
0.542464 0.268311
0.542789 0.268669
0.549036 0.251619
0.549927 0.288266
0.550180 0.450948
0.550632 0.301139
0.553674 0.299774
0.554413 0.460943
0.554878 0.392371
0.557134 0.321142
0.557571 0.245593
0.557875 0.329891
0.558063 0.204622
0.558876 0.389819
0.559168 0.173249
0.559449 0.565826
0.559727 0.151071
0.559830 0.415410
0.560283 0.134166
0.562132 0.484751
0.562507 0.404838
0.568730 0.572122
0.572915 0.383508
0.573329 0.569142
0.573967 0.184436
0.574058 0.450540
0.574809 0.280791
0.575809 0.301827
0.577818 0.208306
0.580483 0.350553
0.581298 0.194587
0.584042 0.352902
0.587516 0.465449
0.587594 0.232450
0.587610 0.322685
0.590273 0.379438
0.591714 0.172461
0.592866 0.312139
0.594015 0.565365
0.594378 0.398922
0.597159 0.225883
0.599459 0.588910
0.599922 0.278588
0.600454 0.358325
0.602692 0.287531
0.604019 0.197931
0.612277 0.337822
0.613797 0.305652
0.614901 0.345364
0.619607 0.235989
0.620278 0.457066
0.626064 0.315868
0.628549 0.326947
0.629854 0.470572
0.630282 0.399245
0.631085 0.165871
0.631182 0.308730
0.636873 0.368037
0.636912 0.526701
0.640206 0.260850
0.640897 0.407543
0.642095 0.327978
0.642230 0.505567
0.642333 0.305785
0.642549 0.266562
0.645566 0.480305
0.645644 0.442339
0.646968 0.433900
0.647587 0.622701
0.647888 0.453772
0.648402 0.352139
0.650799 0.179266
0.651336 0.304979
0.652051 0.376642
0.652759 0.363078
0.657469 0.564154
0.657591 0.288854
0.657862 0.409706
0.658327 0.215307
0.660136 0.327300
0.660586 0.316480
0.661851 0.310711
0.661948 0.248721
0.662455 0.699633
0.663202 0.237542
0.664401 0.499008
0.664904 0.334627
0.667064 0.364349
0.667935 0.491940
0.668936 0.487372
0.669956 0.302116
0.669964 0.273454
0.673514 0.377112
0.673949 0.540312
0.674553 0.193558
0.674992 0.509629
0.675678 0.527486
0.688621 0.260568
0.688695 0.243280
0.690541 0.423478
0.693066 0.333251
0.695355 0.358274
0.695539 0.375723
0.699432 0.229572
0.703173 0.734993
0.707393 0.518762
0.707838 0.303016
0.708305 0.277945
0.708350 0.532530
0.709602 0.414356
0.710750 0.340849
0.711941 0.392452
0.714242 0.414828
0.718434 0.196679
0.719102 0.486943
0.721363 0.228969
0.721848 0.268638
0.722686 0.271089
0.724695 0.408711
0.724991 0.390499
0.727396 0.275137
0.727934 0.616355
0.737143 0.293319
0.740641 0.339614
0.741519 0.424809
0.743986 0.563709
0.744679 0.268587
0.746323 0.325727
0.747175 0.397347
0.747364 0.428379
0.752718 0.362301
0.755075 0.619534
0.756083 0.427825
0.756521 0.397796
0.758024 0.476985
0.760440 0.319297
0.762221 0.381695
0.764006 0.482798
0.764038 0.277106
0.766853 0.381561
0.769356 0.302077
0.769967 0.593969
0.770324 0.481232
0.770771 0.449979
0.771060 0.371086
0.771754 0.417083
0.774497 0.240904
0.776216 0.451085
0.776958 0.267061
0.780763 0.405987
0.781154 0.186799
0.781433 0.322879
0.785412 0.268871
0.786442 0.313992
0.786910 0.450489
0.787214 0.580473
0.789443 0.541966
0.796053 0.529647
0.797112 0.312220
0.800923 0.538598
0.802321 0.664706
0.803758 0.340207
0.805069 0.378510
0.805801 0.746556
0.807266 0.282833
0.807869 0.259447
0.808645 0.549433
0.809419 0.280425
0.810864 0.417323
0.820490 0.340371
0.820802 0.374435
0.823624 0.462864
0.825804 0.243723
0.828071 0.643959
0.829024 0.365030
0.829772 0.248418
0.831652 0.442295
0.835123 0.301188
0.837410 0.432428
0.837497 0.384566
0.838495 0.409763
0.842666 0.389695
0.844287 0.392929
0.844923 0.328130
0.845588 0.559356
0.846493 0.259357
0.846952 0.201134
0.848699 0.386189
0.856118 0.435863
0.856833 0.538732
0.856928 0.456313
0.857989 0.603598
0.858272 0.550423
0.858589 0.531456
0.858908 0.578618
0.859433 0.489010
0.860024 0.390028
0.861775 0.456999
0.862046 0.249854
0.863540 0.332389
0.863828 0.350622
0.864451 0.405352
0.865227 0.559325
0.867336 0.647464
0.868069 0.450062
0.869264 0.241653
0.872171 0.339445
0.874724 0.390451
0.878179 0.343768
0.878958 0.452532
0.882287 0.370995
0.883468 0.310896
0.885464 0.555499
0.886377 0.530760
0.889411 0.246458
0.890035 0.353910
0.893524 0.361864
0.895451 0.640060
0.896984 0.377612
0.899203 0.231136
0.899562 0.383425
0.901272 0.490116
0.905230 0.326068
0.905395 0.326380
0.908235 0.443106
0.909547 0.465595
0.909623 0.801945
0.909858 0.451479
0.910735 0.407090
0.911177 0.414476
0.919784 0.521086
0.924082 0.514708
0.925000 0.447317
0.927235 0.348328
0.929299 0.698797
0.929417 0.420588
0.929447 0.386706
0.931000 0.550192
0.933591 0.676957
0.935739 0.469687
0.936482 0.373535
0.936647 0.248697
0.937308 0.567745
0.938291 0.568911
0.941203 0.330716
0.941866 0.571105
0.942200 0.357123
0.942646 0.596502
0.945131 0.341281
0.953495 0.515320
0.954752 0.355771
0.954876 0.365861
0.956665 0.727779
0.956835 0.447366
0.958250 0.632222
0.958725 0.254217
0.959942 0.287076
0.960198 1.000000
0.960218 0.613750
0.960810 0.376090
0.961396 0.392155
0.961978 0.493637
0.962863 0.670472
0.965050 0.539272
0.965974 0.514826
0.967953 0.573316
0.968839 0.433663
0.971562 0.338797
0.973836 0.591164
0.975154 0.590586
0.978233 0.394778
0.978604 0.327171
0.980218 0.461365
0.981515 0.356956
0.986084 0.819100
0.986591 0.577388
0.993237 0.397532
0.993938 0.458619
0.997890 0.436368
0.998587 0.971430
0.999702 0.478006
1.000000 0.474807
