0.000000 0.406949
0.000998 0.520396
0.001099 0.312819
0.002759 0.719172
0.002990 0.299420
0.004432 0.591097
0.006235 0.458048
0.006613 0.656342
0.012213 0.551877
0.012424 0.426253
0.014914 0.413077
0.015054 0.454597
0.015591 0.562799
0.015753 0.488328
0.016167 0.381627
0.016712 0.486149
0.016818 0.433599
0.018045 0.393279
0.018826 0.431686
0.019913 0.412402
0.019963 0.298917
0.021693 0.483073
0.022208 0.824904
0.025634 0.573635
0.028303 0.641591
0.028861 0.629059
0.031507 0.676482
0.033211 0.378717
0.035883 0.421012
0.037271 0.384221
0.037417 0.418657
0.039720 0.533842
0.042029 0.495711
0.042996 0.625940
0.043828 0.378188
0.044418 0.356553
0.045755 0.481084
0.046024 0.390833
0.046073 0.630852
0.046946 0.396697
0.048252 0.339304
0.048972 0.479146
0.049417 0.621961
0.050158 0.638805
0.050470 0.351703
0.051730 0.654403
0.053647 0.342567
0.053814 0.286759
0.055076 0.590826
0.055790 0.555492
0.056526 0.417617
0.058546 0.594986
0.059884 0.375992
0.063102 0.491602
0.063596 0.575676
0.064908 0.477565
0.068488 0.813933
0.069149 0.485611
0.070813 0.314478
0.071203 0.448146
0.072148 0.425373
0.072746 0.469923
0.073213 0.392738
0.074430 0.616415
0.075379 0.398554
0.076181 0.449977
0.076937 0.494781
0.077921 0.412102
0.078200 0.525636
0.079247 0.650023
0.080926 0.531978
0.082516 0.504879
0.083848 0.539398
0.085600 0.577925
0.086275 0.543434
0.088034 0.811207
0.091037 0.589124
0.091741 0.450253
0.092660 0.401780
0.093846 0.460455
0.094694 0.522179
0.094828 0.627131
0.094890 0.507755
0.095525 0.557629
0.095838 0.646774
0.099016 0.567981
0.100734 0.327940
0.101362 0.532609
0.101566 0.350591
0.105023 0.459715
0.105118 0.729443
0.106055 0.400904
0.106244 0.709596
0.106538 0.270932
0.107715 0.611639
0.109252 0.630120
0.109363 0.444223
0.110792 0.334839
0.111562 0.605618
0.112709 0.376657
0.112716 0.426059
0.112973 0.667616
0.115229 0.806626
0.116354 0.433608
0.116474 0.421733
0.116540 0.635961
0.116756 0.488759
0.116825 0.515615
0.118817 0.369853
0.119988 0.830843
0.120884 0.505119
0.121320 0.525300
0.123243 0.446406
0.124106 0.637286
0.124845 0.752119
0.125400 0.398074
0.125500 0.324956
0.127371 0.666204
0.128005 0.454463
0.129004 0.344047
0.130118 0.280197
0.130981 0.676870
0.131451 0.857604
0.131808 0.502533
0.132165 0.486613
0.134766 0.650516
0.135786 0.285803
0.138745 0.393962
0.138960 0.604890
0.140803 0.406530
0.140836 0.586299
0.143355 0.457543
0.143947 0.533456
0.143981 0.527430
0.144959 0.759821
0.145216 0.353920
0.145558 0.565874
0.145989 0.360885
0.149502 0.349442
0.150136 0.506733
0.151292 0.543520
0.153690 0.402916
0.156757 0.508065
0.156947 0.585741
0.157553 0.428829
0.158097 0.780931
0.158713 0.446584
0.159830 0.416910
0.163205 0.560145
0.164008 0.373839
0.164188 0.569809
0.164447 0.340796
0.168755 0.341857
0.168973 0.347392
0.169081 0.386240
0.169916 0.384542
0.172127 0.509632
0.175860 0.517616
0.176529 0.286005
0.176791 0.565083
0.184142 0.430046
0.184557 0.505124
0.184829 0.278336
0.186464 0.405298
0.187102 0.548612
0.187291 0.523577
0.188592 0.562190
0.189401 0.343447
0.192169 0.710929
0.193071 0.350567
0.193193 0.513669
0.194996 0.456746
0.195674 0.500573
0.196303 0.449611
0.197473 0.313533
0.202934 0.285577
0.203642 0.584128
0.203662 0.595855
0.206522 0.248479
0.208289 0.623768
0.208835 0.522881
0.208861 0.499872
0.211182 0.768705
0.212965 0.450457
0.214799 0.537221
0.216604 0.515515
0.216630 0.380236
0.218140 0.389182
0.219067 0.591351
0.221173 0.328288
0.221897 0.406128
0.222788 0.614723
0.223373 0.509246
0.223695 0.588037
0.226639 0.318816
0.226663 0.327200
0.228451 0.358924
0.229791 0.504901
0.229853 0.447541
0.230754 0.663353
0.230925 0.781162
0.233888 0.306426
0.234446 0.476314
0.234468 0.806484
0.234987 0.693537
0.237649 0.562062
0.238866 0.344411
0.240239 0.468052
0.242270 0.428028
0.243640 0.416958
0.244042 0.473416
0.245798 0.452875
0.246355 0.605998
0.251366 0.647152
0.252782 0.369576
0.258325 0.673935
0.259252 0.486373
0.261680 0.499945
0.263187 0.368926
0.264867 0.671181
0.266500 0.419248
0.269167 0.217293
0.269982 0.529113
0.271012 0.454980
0.273340 0.577642
0.273344 0.629468
0.276812 0.342180
0.277005 0.351887
0.277154 0.395608
0.279407 0.618433
0.279841 0.528116
0.280448 0.823840
0.282852 0.681868
0.282985 0.486295
0.283560 0.659655
0.285571 0.374188
0.286295 0.351343
0.287175 0.227191
0.287955 0.335000
0.289905 0.364866
0.290227 0.602245
0.290411 0.274789
0.293086 0.357171
0.295236 0.246484
0.298251 0.434180
0.299235 0.407952
0.299250 0.622829
0.299383 0.455462
0.304640 0.388580
0.305489 0.355556
0.307700 0.686200
0.308516 0.600727
0.309147 0.496590
0.309269 0.527676
0.309332 0.837919
0.309363 0.601710
0.309435 0.281895
0.311180 0.422410
0.313295 0.284538
0.315896 0.309737
0.320738 0.367446
0.325681 0.469854
0.326756 0.386769
0.327015 0.425490
0.331864 0.599748
0.332970 0.547106
0.334132 0.574281
0.334281 0.547058
0.334351 0.442066
0.339643 0.699070
0.339940 0.414544
0.340837 0.587229
0.344090 0.665655
0.345683 0.586945
0.346471 0.387710
0.346621 0.495564
0.347005 0.440466
0.348834 0.720849
0.348934 0.754603
0.352091 0.632205
0.352209 0.628783
0.353198 0.762269
0.353678 0.452675
0.354712 0.370970
0.358217 0.572532
0.359753 0.488229
0.360048 0.295134
0.361122 0.337623
0.361470 0.279750
0.361595 0.676732
0.361669 0.685841
0.361861 0.505467
0.362278 0.348667
0.362468 0.733312
0.364287 0.862463
0.365056 0.242858
0.367995 0.475936
0.368486 0.480389
0.373200 0.208432
0.373278 0.292806
0.375360 0.243942
0.377161 0.329197
0.379190 0.742059
0.379348 0.299727
0.379642 0.305846
0.381266 0.396845
0.381776 0.208390
0.384203 0.365750
0.384220 0.567812
0.385626 0.519416
0.386461 0.971718
0.387176 0.753959
0.389216 0.467679
0.396287 0.524146
0.396781 0.371331
0.397525 0.240555
0.399955 0.641259
0.401931 0.272537
0.402453 0.598087
0.404318 0.245157
0.404908 0.554041
0.405119 0.450070
0.405315 0.623932
0.408473 0.469474
0.409106 0.271776
0.410246 0.198544
0.411354 0.355317
0.411387 0.624371
0.413378 0.367810
0.415131 0.692734
0.415358 0.391999
0.417295 0.653648
0.418113 0.519434
0.422251 0.289091
0.422954 0.455647
0.425254 0.317997
0.429982 0.544875
0.430938 0.602970
0.430980 0.392615
0.431383 0.558025
0.431673 0.634366
0.431913 0.498431
0.432718 0.479491
0.433068 0.650114
0.434746 0.399115
0.436111 0.483622
0.436324 0.454497
0.436354 0.404504
0.438256 0.300024
0.438501 0.524108
0.444092 0.360638
0.444450 0.549766
0.449431 0.316163
0.449566 0.489737
0.450062 0.379458
0.451228 0.348037
0.451504 0.312725
0.453284 0.301644
0.453842 0.228693
0.455910 0.254951
0.459012 0.547401
0.460740 0.432975
0.461639 0.598720
0.462178 0.699104
0.462348 0.420927
0.462488 0.571551
0.468434 0.255884
0.469566 0.376449
0.470360 0.314051
0.472215 0.283430
0.475737 0.357763
0.477700 0.514233
0.478222 0.544994
0.479721 0.269366
0.482313 0.274236
0.485662 0.505856
0.487402 0.742566
0.487932 0.620726
0.488482 0.483676
0.489114 0.654733
0.489311 0.547294
0.491006 0.336222
0.491341 0.630061
0.491625 0.259973
0.492663 0.770733
0.492678 0.504150
0.492811 0.585501
0.493584 0.498391
0.495578 0.393149
0.499438 0.179948
0.504229 0.477935
0.504855 0.374812
0.505027 0.321774
0.505905 0.233974
0.506097 0.274490
0.507012 0.397232
0.508376 0.281047
0.509855 0.489755
0.510689 0.689246
0.511952 0.800343
0.512286 0.644615
0.513500 0.164436
0.514044 0.243848
0.515958 0.508097
0.518516 0.171022
0.520134 0.764406
0.523180 0.863578
0.524475 0.244894
0.527424 0.415136
0.528002 0.572411
0.528706 0.790315
0.529171 0.273343
0.530033 0.157662
0.532190 0.371617
0.534234 0.388093
0.536638 0.800818
0.536692 0.321879
0.537126 0.370448
0.540284 0.456594
0.540765 0.312987
0.541754 0.517791
0.542094 0.541630
0.544115 0.565712
0.544929 0.266977
0.546956 0.526575
0.547947 0.367862
0.549465 0.223351
0.556075 0.214248
0.559112 0.550352
0.560431 0.651596
0.562217 0.444964
0.562329 0.438013
0.566300 0.319613
0.566319 0.345552
0.566996 0.562767
0.567530 0.211311
0.571949 0.190172
0.572205 0.597842
0.572523 0.335571
0.573031 0.737557
0.573387 0.446473
0.574735 0.108164
0.574822 0.615254
0.575767 0.183775
0.576845 0.352407
0.578324 0.610713
0.578492 0.404556
0.580568 0.339315
0.580894 0.776918
0.580951 0.655230
0.580954 0.494062
0.581397 0.912956
0.581533 0.510914
0.583123 0.320850
0.585329 0.214729
0.587967 0.180111
0.589051 0.237016
0.589109 0.614739
0.589278 0.515496
0.591058 0.658631
0.592980 0.346468
0.595562 0.418335
0.602063 0.441597
0.605020 0.641797
0.605393 0.857099
0.605651 0.631154
0.605776 0.607614
0.607400 0.374829
0.607755 0.487070
0.608765 0.489465
0.609938 0.320151
0.611394 0.274992
0.612328 0.304178
0.613185 0.501426
0.614488 0.636915
0.614666 0.132447
0.616067 0.371052
0.621605 0.676555
0.623504 0.403041
0.624558 0.630885
0.630436 0.380889
0.630813 0.404346
0.632510 0.409055
0.632842 0.232116
0.634056 0.391331
0.634664 0.628496
0.637361 0.391706
0.642976 0.264944
0.643694 0.326975
0.643714 0.820492
0.646825 0.400350
0.649480 0.524283
0.650427 0.209159
0.650691 0.364493
0.651824 0.356307
0.652621 0.296798
0.652992 0.378559
0.656625 0.425791
0.657511 0.765623
0.657807 0.415483
0.660811 0.403353
0.661019 0.593944
0.661185 0.455552
0.661445 0.514836
0.662649 0.228577
0.663625 0.082948
0.666463 0.659861
0.666971 0.288999
0.668844 0.626003
0.668955 0.320081
0.670304 0.424794
0.670406 0.246718
0.670486 0.529971
0.671222 0.336100
0.671297 0.412726
0.673612 0.369087
0.676438 0.418861
0.676514 0.563096
0.676820 0.681234
0.677824 0.403204
0.678800 0.325659
0.681865 0.400489
0.684470 0.262995
0.685383 0.570845
0.686696 0.298943
0.687278 0.277531
0.687566 0.696010
0.687894 0.418646
0.688608 0.279665
0.690866 0.475544
0.692250 0.070931
0.694493 0.253214
0.694755 0.331242
0.695991 0.582308
0.699221 0.667320
0.699860 0.727323
0.701307 0.508446
0.703494 0.285521
0.706416 0.263797
0.706891 0.287919
0.707002 0.232353
0.707920 0.468114
0.708472 0.216759
0.709315 0.434882
0.711025 0.346892
0.714628 0.242474
0.716372 0.546095
0.717141 0.321876
0.718926 0.388747
0.719646 0.207702
0.720394 0.578548
0.721005 0.099772
0.726104 0.282549
0.726455 0.452313
0.726471 0.228936
0.726904 0.386217
0.727957 0.530999
0.730520 0.355078
0.735222 0.371885
0.736655 0.754105
0.737010 0.632213
0.737361 0.134372
0.738376 0.456938
0.738968 0.457972
0.741031 0.503211
0.741820 0.554037
0.741907 0.339829
0.746400 0.512692
0.748845 0.769239
0.748934 0.549300
0.749902 0.394965
0.750948 0.378173
0.751776 0.294144
0.751839 0.987107
0.754224 0.307269
0.754678 0.216649
0.755750 0.148972
0.755928 0.203703
0.758181 0.528153
0.758489 0.575438
0.762881 0.196388
0.764396 0.496743
0.768318 0.330320
0.769465 0.390911
0.771462 0.560386
0.772263 0.451789
0.774234 0.211575
0.775979 0.133741
0.775994 0.361087
0.776049 0.600814
0.776311 0.206693
0.777180 0.594592
0.777373 0.917277
0.778189 0.650266
0.778215 0.079868
0.778360 0.136177
0.779175 0.373651
0.779949 0.120610
0.780705 0.275277
0.781053 0.204888
0.782544 0.320738
0.782701 0.213455
0.787627 0.247591
0.788218 0.470836
0.788500 0.295729
0.789050 0.515679
0.789480 0.339755
0.790829 0.400854
0.792230 0.419587
0.793320 0.354733
0.795476 0.270717
0.797472 0.196779
0.798683 0.511442
0.799476 0.517803
0.799530 0.147487
0.801688 0.500324
0.801875 0.326674
0.807582 0.698399
0.807603 0.149115
0.808273 0.393542
0.808905 0.181866
0.810763 0.384504
0.811565 0.110178
0.814661 0.276734
0.816454 0.677373
0.817370 0.232775
0.818148 0.257685
0.820147 0.244472
0.822915 0.907485
0.823988 0.394888
0.825690 0.183282
0.826641 0.353817
0.827530 0.504466
0.831487 0.513841
0.831912 0.176011
0.837340 0.342630
0.837629 0.458586
0.839033 0.464716
0.840876 0.622137
0.841024 0.737887
0.841104 0.575353
0.841190 0.686866
0.842781 0.302993
0.843631 0.052165
0.844503 0.543556
0.846299 0.939248
0.846689 0.259179
0.847802 0.541674
0.849127 0.264634
0.853485 0.352436
0.853916 0.402957
0.854119 0.190113
0.855041 0.438624
0.855995 0.445745
0.857736 0.532274
0.858558 0.413693
0.862892 0.229606
0.866471 0.373273
0.868081 0.316310
0.868551 0.307337
0.869050 0.603336
0.869982 0.264129
0.870734 0.340586
0.871784 0.124302
0.872012 0.304366
0.873024 0.146013
0.873897 0.203024
0.875304 0.494489
0.877778 0.174848
0.879173 0.451924
0.879363 0.121805
0.882007 0.124656
0.882189 0.081804
0.883094 0.544216
0.883742 0.361416
0.884760 0.521084
0.886135 0.532907
0.888449 0.255862
0.890191 0.383645
0.891320 0.342262
0.891558 0.192098
0.892645 0.624217
0.892705 0.543369
0.892771 0.099547
0.893489 0.453485
0.893956 0.667765
0.894306 0.491068
0.895866 0.249256
0.898437 0.089756
0.898549 0.249560
0.899799 0.404700
0.901547 0.180925
0.907682 0.144209
0.909485 0.294166
0.910609 0.225420
0.911293 0.236559
0.911743 0.652030
0.914412 0.292250
0.915706 0.863683
0.915754 0.364046
0.916873 0.443613
0.918661 0.484048
0.921605 0.413140
0.922026 0.408475
0.924113 0.201021
0.927231 0.321026
0.928650 0.559064
0.930390 0.358277
0.932966 0.220991
0.933435 0.000000
0.933526 0.261560
0.933807 0.190505
0.933995 0.475484
0.934909 0.551656
0.936043 0.107558
0.937592 0.741923
0.940774 0.259573
0.940940 0.064670
0.941232 0.410046
0.941556 0.214805
0.942029 0.933256
0.942104 0.525504
0.943057 0.317952
0.943962 0.132216
0.947598 0.238873
0.948177 0.303070
0.948350 0.162775
0.948436 0.299045
0.949102 0.248603
0.949570 0.425805
0.950659 0.710817
0.953177 0.537731
0.953376 0.475582
0.953482 0.015640
0.954243 0.222276
0.960231 0.103277
0.960732 1.000000
0.962830 0.658005
0.963314 0.547664
0.966990 0.270506
0.969645 0.186913
0.969933 0.013627
0.970464 0.153882
0.970762 0.194825
0.971896 0.201932
0.972600 0.188644
0.972734 0.484708
0.972932 0.809903
0.973626 0.481713
0.974930 0.313646
0.976890 0.544637
0.980900 0.291941
0.983129 0.525840
0.983890 0.026236
0.983998 0.637375
0.984298 0.488858
0.985541 0.812861
0.987271 0.273302
0.988170 0.455237
0.989339 0.676613
0.989589 0.124147
0.989689 0.174880
0.989889 0.485073
0.991226 0.462676
0.991585 0.503795
0.991886 0.194352
0.993242 0.621460
0.995055 0.105375
0.995223 0.387644
0.998096 0.559038
0.998199 0.229188
0.998558 0.427954
0.999495 0.572713
0.999750 0.681127
0.999826 0.253934
1.000000 0.469899
