0.000000 0.511858
0.002416 0.250123
0.007996 0.444946
0.011279 0.591815
0.020818 0.416813
0.021204 0.379752
0.023593 0.707223
0.028100 0.000000
0.029855 0.171227
0.031816 0.575690
0.031925 0.405313
0.032959 0.188421
0.033574 0.331248
0.033733 0.115222
0.041045 0.279660
0.042002 0.198574
0.042468 1.000000
0.049654 0.717991
0.052200 0.641632
0.052901 0.342262
0.054522 0.346361
0.055300 0.302383
0.060104 0.342077
0.062050 0.197340
0.064959 0.289687
0.065453 0.243614
0.065480 0.444513
0.065736 0.173890
0.071526 0.408572
0.071735 0.317889
0.076182 0.097281
0.077173 0.418914
0.077836 0.583924
0.083553 0.541110
0.086879 0.368564
0.089988 0.480303
0.090327 0.292498
0.091785 0.337812
0.092766 0.474213
0.093079 0.141365
0.093162 0.288589
0.094580 0.164890
0.095173 0.452773
0.096903 0.238258
0.097781 0.689652
0.098749 0.011979
0.099020 0.105783
0.100956 0.061090
0.101462 0.167055
0.103023 0.197717
0.104690 0.104554
0.107399 0.501770
0.109147 0.152606
0.109556 0.298032
0.111823 0.274226
0.111838 0.372225
0.113580 0.235620
0.114139 0.348327
0.120689 0.159963
0.125638 0.286814
0.126724 0.516300
0.130286 0.167333
0.130457 0.243778
0.130952 0.179047
0.131244 0.181470
0.132244 0.154738
0.132384 0.177495
0.134906 0.770680
0.135197 0.121407
0.135486 0.546510
0.137035 0.306888
0.137322 0.707035
0.142755 0.145489
0.148754 0.440537
0.149359 0.397552
0.151204 0.528478
0.156708 0.506325
0.156784 0.441093
0.158924 0.297268
0.159875 0.538546
0.160545 0.659723
0.163297 0.329510
0.163410 0.463884
0.163589 0.515590
0.166104 0.232170
0.168866 0.604470
0.175641 0.549171
0.176395 0.374509
0.176687 0.275396
0.176912 0.682348
0.179081 0.345686
0.179679 0.332897
0.179928 0.225229
0.179979 0.497452
0.183781 0.399399
0.184457 0.176833
0.185676 0.558008
0.187511 0.455256
0.188594 0.161456
0.190775 0.564504
0.195464 0.434734
0.199071 0.286681
0.199088 0.583367
0.200453 0.470665
0.205496 0.102036
0.209391 0.536730
0.213452 0.185209
0.213920 0.184498
0.215162 0.555672
0.217393 0.489637
0.219784 0.072834
0.220844 0.711905
0.222077 0.485671
0.222377 0.443631
0.222932 0.459047
0.225051 0.385841
0.229171 0.303174
0.229408 0.251095
0.230583 0.350624
0.232442 0.177120
0.234280 0.527551
0.236119 0.435490
0.239224 0.226216
0.240266 0.175275
0.242155 0.265503
0.242674 0.244173
0.242951 0.349181
0.243704 0.351153
0.245655 0.675270
0.247228 0.228884
0.252757 0.274678
0.256049 0.422803
0.260213 0.355208
0.260234 0.413701
0.261771 0.222040
0.262191 0.070543
0.264739 0.290933
0.266155 0.158714
0.267302 0.713414
0.268620 0.331194
0.269820 0.267947
0.270919 0.430859
0.271877 0.661465
0.272539 0.451058
0.276469 0.386873
0.276658 0.098136
0.277839 0.442769
0.278921 0.182400
0.279121 0.207480
0.279563 0.200233
0.280097 0.423506
0.281401 0.266786
0.281793 0.368509
0.284005 0.838414
0.284051 0.594247
0.285998 0.234402
0.286872 0.366015
0.287061 0.089147
0.289658 0.337845
0.290173 0.307393
0.290363 0.651130
0.293352 0.297609
0.293804 0.138332
0.294465 0.377880
0.295318 0.620383
0.295817 0.407461
0.297613 0.354846
0.299131 0.058966
0.303518 0.602523
0.306700 0.155223
0.316392 0.822007
0.316446 0.549103
0.317123 0.288805
0.317720 0.201513
0.320559 0.158168
0.321001 0.536532
0.322703 0.620663
0.323607 0.273215
0.332659 0.449578
0.335377 0.290856
0.337168 0.247012
0.339127 0.714212
0.340541 0.578140
0.342250 0.552602
0.344688 0.115342
0.346641 0.441638
0.349061 0.432862
0.349640 0.457343
0.349729 0.909495
0.350422 0.381597
0.350634 0.157712
0.352993 0.553460
0.353607 0.161318
0.354200 0.111178
0.355459 0.215862
0.357405 0.274353
0.360700 0.669211
0.361072 0.487525
0.361969 0.146021
0.365578 0.202142
0.366368 0.283012
0.368247 0.437514
0.369638 0.278795
0.372226 0.542252
0.374535 0.323795
0.376383 0.293897
0.376404 0.306978
0.376672 0.106204
0.376825 0.233295
0.378366 0.374779
0.379257 0.529705
0.381573 0.073187
0.385354 0.702704
0.388888 0.341076
0.389667 0.168893
0.390398 0.398936
0.392796 0.441204
0.393523 0.775330
0.399326 0.227777
0.399871 0.478298
0.402641 0.110278
0.405007 0.467221
0.405221 0.183695
0.405255 0.029650
0.405390 0.370144
0.408151 0.707509
0.410559 0.504055
0.410580 0.329217
0.411272 0.100494
0.413808 0.340692
0.414279 0.179768
0.414867 0.461186
0.415741 0.409643
0.415968 0.198719
0.416753 0.440691
0.421391 0.208431
0.421593 0.574310
0.422057 0.329502
0.422539 0.018448
0.423331 0.519492
0.428284 0.551757
0.431374 0.530324
0.431559 0.224640
0.431986 0.499876
0.432235 0.171058
0.433749 0.363586
0.434554 0.594395
0.435120 0.361405
0.438871 0.187854
0.443404 0.565679
0.445061 0.474404
0.446740 0.244415
0.447011 0.252398
0.448253 0.646954
0.449300 0.731228
0.452508 0.413272
0.453060 0.388195
0.455625 0.404399
0.457915 0.564222
0.458425 0.369554
0.458876 0.600270
0.461211 0.338255
0.462239 0.083219
0.466838 0.296589
0.467154 0.119147
0.468052 0.669387
0.469994 0.321313
0.470178 0.242832
0.470328 0.421733
0.473577 0.622798
0.474310 0.490088
0.475576 0.458725
0.476383 0.645887
0.478291 0.279109
0.482441 0.541115
0.486952 0.586182
0.487060 0.281096
0.487586 0.542356
0.489347 0.162309
0.493860 0.408994
0.494570 0.171134
0.501867 0.065762
0.504204 0.191233
0.504225 0.873331
0.506771 0.457828
0.512458 0.220079
0.513526 0.676968
0.515021 0.221697
0.516531 0.258692
0.516553 0.373243
0.517478 0.326035
0.517774 0.168741
0.517913 0.574479
0.518165 0.390782
0.518535 0.561264
0.519638 0.252290
0.527367 0.415360
0.528366 0.130462
0.528949 0.371948
0.529231 0.182019
0.530825 0.075670
0.531273 0.758668
0.531962 0.088893
0.534722 0.264531
0.536337 0.843976
0.537043 0.175516
0.537360 0.074761
0.538673 0.448405
0.539221 0.348780
0.541016 0.472413
0.543181 0.100941
0.543418 0.221986
0.544096 0.255399
0.550315 0.851883
0.554869 0.294194
0.557572 0.486245
0.562616 0.725313
0.567287 0.660524
0.569445 0.210687
0.571095 0.826273
0.571457 0.868592
0.572719 0.804962
0.574049 0.589952
0.574154 0.204960
0.577132 0.513025
0.577145 0.274933
0.577656 0.204404
0.579170 0.238100
0.582023 0.027584
0.583115 0.257906
0.583929 0.196791
0.584805 0.146297
0.585635 0.511102
0.586828 0.476060
0.588836 0.521536
0.590690 0.552347
0.592806 0.442106
0.595459 0.207805
0.596537 0.899313
0.597522 0.623045
0.599241 0.162669
0.602631 0.323276
0.602947 0.350901
0.605983 0.326709
0.606230 0.032589
0.607519 0.528893
0.611806 0.700886
0.615913 0.028921
0.620133 0.493537
0.620217 0.466578
0.621300 0.181010
0.623913 0.142699
0.626482 0.282663
0.631488 0.721970
0.632042 0.698872
0.633889 0.825818
0.633912 0.229634
0.634482 0.490673
0.634990 0.313677
0.643200 0.226476
0.644963 0.355286
0.648016 0.305778
0.648845 0.208543
0.649848 0.498393
0.649952 0.827209
0.650010 0.262174
0.650468 0.232849
0.651480 0.314688
0.651681 0.268177
0.653316 0.126049
0.653350 0.219531
0.653629 0.270378
0.654284 0.388380
0.656134 0.504793
0.657164 0.900793
0.658631 0.456519
0.661116 0.478436
0.662660 0.584393
0.671872 0.652908
0.672083 0.195742
0.675448 0.136143
0.679571 0.714000
0.679849 0.447166
0.680948 0.916260
0.681845 0.279779
0.683811 0.314975
0.685002 0.361780
0.686044 0.196673
0.687306 0.295963
0.687682 0.636447
0.688825 0.463655
0.692734 0.265550
0.692826 0.345729
0.693513 0.481276
0.694185 0.093466
0.694600 0.382418
0.696173 0.666565
0.696608 0.222542
0.696963 0.096441
0.697122 0.688379
0.700377 0.436987
0.700714 0.123871
0.703854 0.175573
0.704397 0.276435
0.704830 0.414796
0.705010 0.192810
0.705302 0.284668
0.705763 0.306562
0.706504 0.488247
0.709088 0.220202
0.709664 0.422757
0.711753 0.085370
0.713033 0.513740
0.717892 0.349145
0.718329 0.487408
0.722759 0.581038
0.723378 0.345132
0.723720 0.283527
0.727642 0.299227
0.728806 0.501630
0.730547 0.496705
0.730769 0.232758
0.731143 0.466609
0.733698 0.163129
0.734177 0.305041
0.734366 0.697141
0.735993 0.386648
0.737395 0.166398
0.739897 0.365809
0.741044 0.180987
0.741567 0.773924
0.742409 0.660066
0.748043 0.061722
0.749236 0.142305
0.749251 0.253153
0.749291 0.442588
0.752036 0.300158
0.754923 0.226531
0.755536 0.541502
0.757548 0.817352
0.757834 0.412900
0.759012 0.414366
0.761274 0.300239
0.763131 0.207243
0.771173 0.174290
0.773473 0.518157
0.774183 0.563430
0.777360 0.243148
0.780056 0.483435
0.782053 0.160849
0.786204 0.431461
0.786944 0.435177
0.787805 0.461137
0.788381 0.089608
0.788458 0.179808
0.789361 0.181669
0.791229 0.137345
0.791280 0.320481
0.792385 0.868004
0.793406 0.264555
0.794015 0.562948
0.794132 0.302150
0.794641 0.368204
0.798286 0.328858
0.800118 0.094763
0.801511 0.145245
0.801763 0.358763
0.802217 0.087035
0.805544 0.269909
0.806764 0.371321
0.807030 0.327694
0.810476 0.280488
0.811426 0.376652
0.812258 0.493068
0.813671 0.642157
0.814000 0.173077
0.816932 0.104210
0.817952 0.338244
0.818078 0.204293
0.818167 0.501200
0.818817 0.441232
0.819082 0.741271
0.819693 0.287868
0.822491 0.205769
0.827327 0.267029
0.827386 0.417713
0.827813 0.255017
0.828014 0.550351
0.828368 0.511203
0.828977 0.222028
0.829388 0.105520
0.832118 0.106018
0.832753 0.529692
0.834292 0.105964
0.840957 0.222556
0.844197 0.209624
0.845368 0.384220
0.846245 0.295578
0.848614 0.745002
0.850405 0.343098
0.850926 0.172879
0.851497 0.179706
0.852022 0.447580
0.852306 0.910331
0.853966 0.297620
0.859873 0.282698
0.866675 0.209128
0.866798 0.157029
0.868057 0.519921
0.869811 0.193551
0.870859 0.255231
0.877969 0.730030
0.881034 0.298448
0.881389 0.416265
0.881623 0.118510
0.882558 0.398962
0.883483 0.504400
0.883590 0.078782
0.885510 0.831222
0.885886 0.269826
0.887662 0.386093
0.888119 0.411426
0.889611 0.457829
0.890480 0.200405
0.891360 0.325783
0.892444 0.448698
0.894125 0.487649
0.894775 0.401654
0.898193 0.443249
0.898236 0.234401
0.898935 0.290151
0.903946 0.223271
0.904521 0.238648
0.905222 0.419820
0.905640 0.642485
0.907049 0.107184
0.910397 0.430081
0.911711 0.390290
0.918196 0.677252
0.918214 0.141969
0.918483 0.487448
0.919200 0.284428
0.919857 0.587330
0.920092 0.199263
0.923027 0.450060
0.924534 0.457182
0.928223 0.201713
0.928344 0.312372
0.930053 0.360945
0.931562 0.762678
0.932168 0.324850
0.932370 0.687831
0.936654 0.405307
0.938162 0.157845
0.939083 0.478822
0.940450 0.319522
0.941425 0.506044
0.944303 0.182797
0.945449 0.601959
0.946703 0.168838
0.948186 0.169639
0.948858 0.490699
0.951281 0.565737
0.952858 0.162666
0.954270 0.949450
0.954865 0.200613
0.955936 0.214234
0.957957 0.444658
0.958083 0.546435
0.959622 0.544547
0.960337 0.307605
0.960380 0.358966
0.960659 0.347863
0.962115 0.454930
0.963016 0.230755
0.965963 0.303474
0.967194 0.355875
0.968904 0.549365
0.970687 0.384794
0.971147 0.598260
0.971443 0.239340
0.972070 0.545436
0.972349 0.092473
0.973593 0.172773
0.973656 0.523138
0.974134 0.657541
0.977766 0.340318
0.980115 0.662528
0.986373 0.107272
0.986451 0.089278
0.990039 0.551473
0.991595 0.211784
0.993667 0.384753
0.994392 0.366090
0.994489 0.458658
0.995397 0.055780
1.000000 0.365027
