0.000000 0.056167
0.006217 0.033833
0.012039 0.067374
0.012696 0.153510
0.030251 0.552505
0.033955 0.401056
0.037934 0.000000
0.043722 0.065483
0.045427 0.310835
0.047949 0.264112
0.048304 0.442081
0.049513 0.242085
0.051324 0.087575
0.056018 0.438806
0.058574 0.108087
0.061477 0.139661
0.065300 0.193146
0.065816 0.356555
0.068613 0.569187
0.069597 0.263698
0.072850 0.060862
0.073939 0.384904
0.077539 0.229568
0.081860 0.133768
0.082821 0.384386
0.088640 0.293110
0.090860 0.361199
0.092081 0.187203
0.095189 0.594970
0.097044 0.202705
0.099331 0.410944
0.099985 0.258514
0.100889 0.054870
0.101984 0.503307
0.102653 0.619313
0.102760 0.074642
0.103592 0.596738
0.104394 0.526359
0.105294 0.539195
0.106240 0.173592
0.107522 0.126207
0.111666 0.239819
0.111748 0.161406
0.112509 0.607310
0.114579 0.421483
0.117513 0.191182
0.119838 0.407995
0.122406 0.501309
0.122965 0.333508
0.123734 0.196588
0.123970 0.589037
0.124786 0.174677
0.125046 0.075507
0.125243 0.161995
0.127007 0.326490
0.127172 0.572256
0.131894 0.501321
0.132468 0.626681
0.134739 0.280873
0.134879 0.387059
0.135060 0.402560
0.138235 0.297621
0.138677 0.450002
0.140650 0.073567
0.143459 0.324396
0.144201 0.281564
0.144599 0.272500
0.145647 0.565329
0.147969 0.611162
0.148203 0.378720
0.150844 0.405786
0.151871 0.261660
0.152998 0.163876
0.153218 0.455494
0.155591 0.113244
0.159213 0.393007
0.160048 0.103575
0.160533 0.531985
0.161456 0.112432
0.162381 0.332095
0.163222 0.210055
0.163493 0.637019
0.164939 0.390256
0.167884 0.205052
0.168877 0.454329
0.169531 0.095654
0.169883 0.172503
0.172823 0.155044
0.173759 0.545702
0.174516 0.426093
0.174603 0.410405
0.176716 0.445495
0.180541 0.262442
0.180815 0.327681
0.181867 0.361872
0.181983 0.546568
0.182503 0.170369
0.182918 0.295329
0.183920 0.150585
0.184228 0.633031
0.184771 0.486028
0.185420 0.527648
0.185599 0.222803
0.186618 0.338346
0.188180 0.311934
0.189405 0.353072
0.190500 0.465972
0.190658 0.441938
0.191877 0.366070
0.192188 0.211248
0.193380 0.639970
0.194228 0.347152
0.194247 0.402966
0.195672 0.649331
0.196477 0.274844
0.197326 0.162358
0.198290 0.574863
0.198534 0.369627
0.199299 0.193907
0.199474 0.441808
0.199497 0.403514
0.199626 0.210566
0.201010 0.248811
0.201843 0.513026
0.202643 0.169068
0.203337 0.619402
0.203405 0.415909
0.204466 0.298229
0.204595 0.433937
0.205230 0.184947
0.205608 0.655094
0.208331 0.479712
0.212640 0.490826
0.213337 0.486525
0.213458 0.638828
0.215692 0.432082
0.216034 0.673737
0.217473 0.347227
0.217892 0.487303
0.218121 0.313264
0.219219 0.248896
0.219401 0.198196
0.219711 0.359908
0.220640 0.516230
0.222251 0.377650
0.222482 0.472670
0.223983 0.386112
0.224749 0.439158
0.227408 0.196581
0.228001 0.680399
0.228124 0.392737
0.228750 0.332396
0.229133 0.426140
0.229160 0.456913
0.229425 0.496464
0.230585 0.143093
0.231516 0.214235
0.231771 0.352602
0.233913 0.612436
0.234006 0.421079
0.238015 0.243957
0.239234 0.591184
0.239623 0.165741
0.240318 0.425648
0.240515 0.560734
0.240563 0.616931
0.240879 0.247261
0.242283 0.244912
0.242450 0.244644
0.242760 0.372775
0.243165 0.456992
0.244415 0.462608
0.244898 0.361206
0.245142 0.431489
0.247530 0.403250
0.247799 0.475323
0.248010 0.482862
0.248069 0.358088
0.248130 0.334881
0.249350 0.257423
0.250171 0.584336
0.252903 0.180610
0.253638 0.447459
0.253710 0.686680
0.254778 0.492642
0.254821 0.618062
0.255325 0.468302
0.255544 0.487478
0.258145 0.353847
0.258287 0.277682
0.258393 0.339488
0.258611 0.647520
0.258623 0.344108
0.259685 0.235446
0.259696 0.598188
0.259900 0.687925
0.260594 0.560358
0.260999 0.219989
0.262736 0.625793
0.263239 0.665152
0.263370 0.572410
0.264205 0.411033
0.266706 0.307930
0.269006 0.337543
0.270203 0.606256
0.271343 0.677210
0.271691 0.684414
0.272848 0.336015
0.273595 0.558502
0.275505 0.273961
0.275783 0.636392
0.275846 0.481544
0.277268 0.326517
0.278246 0.715971
0.279053 0.648316
0.279611 0.385548
0.279916 0.366765
0.279969 0.177655
0.281259 0.607577
0.284291 0.325364
0.286214 0.253676
0.286682 0.390045
0.290873 0.473165
0.292622 0.584243
0.293745 0.620476
0.295145 0.671012
0.296373 0.266083
0.296467 0.515931
0.297101 0.264520
0.297395 0.332970
0.297853 0.644142
0.297960 0.695009
0.298268 0.483250
0.298839 0.290205
0.300392 0.390698
0.301309 0.698383
0.302564 0.470441
0.303212 0.662524
0.303913 0.358775
0.304070 0.304983
0.304468 0.732135
0.304964 0.352822
0.305293 0.569034
0.307168 0.407867
0.307499 0.705886
0.308061 0.211678
0.308128 0.729096
0.311242 0.615995
0.312511 0.257447
0.313469 0.308591
0.313791 0.359072
0.315258 0.285212
0.315279 0.224908
0.315955 0.701993
0.316866 0.701032
0.317046 0.692165
0.317982 0.264253
0.319949 0.531393
0.320352 0.279040
0.320655 0.612989
0.321365 0.650366
0.321534 0.575630
0.322615 0.687932
0.322865 0.383491
0.323076 0.578336
0.323603 0.345402
0.323811 0.490397
0.323852 0.236179
0.324698 0.451244
0.325109 0.479954
0.325361 0.363958
0.326674 0.542892
0.328068 0.538629
0.328841 0.457244
0.332309 0.323250
0.333003 0.255738
0.334809 0.515539
0.334965 0.539912
0.336719 0.243128
0.337340 0.377946
0.339023 0.652793
0.339536 0.614565
0.341198 0.534131
0.343020 0.513814
0.343557 0.673334
0.344237 0.569735
0.344564 0.628921
0.345110 0.678178
0.345524 0.249156
0.347195 0.673042
0.347530 0.437517
0.348375 0.322304
0.348686 0.730207
0.349695 0.647018
0.350420 0.450341
0.350608 0.629800
0.350857 0.292522
0.356478 0.438657
0.356574 0.474528
0.358336 0.701628
0.358351 0.733421
0.359061 0.469390
0.360019 0.364378
0.360553 0.651997
0.360721 0.535300
0.361033 0.635243
0.363403 0.632713
0.363612 0.692151
0.363971 0.299119
0.364190 0.310276
0.364762 0.253555
0.366025 0.562354
0.366067 0.380099
0.368272 0.431915
0.368681 0.505552
0.368865 0.450430
0.370488 0.442310
0.370616 0.335495
0.371172 0.756773
0.371288 0.595799
0.373461 0.332878
0.374086 0.490913
0.375840 0.512521
0.376108 0.485069
0.376640 0.710842
0.377060 0.378236
0.379872 0.458395
0.380583 0.690888
0.382700 0.500498
0.383459 0.324002
0.383466 0.554537
0.384194 0.736820
0.384544 0.499984
0.384813 0.477890
0.385402 0.561106
0.385672 0.644906
0.386549 0.509369
0.387630 0.561909
0.387803 0.747539
0.387878 0.605369
0.388977 0.586986
0.389402 0.487128
0.391054 0.493854
0.391466 0.338915
0.392461 0.317488
0.393696 0.565866
0.395429 0.494393
0.396123 0.714975
0.397867 0.448438
0.398199 0.414133
0.398483 0.330078
0.398897 0.771023
0.399561 0.515303
0.399818 0.480797
0.402893 0.409467
0.406038 0.380360
0.406853 0.546680
0.407622 0.627626
0.408263 0.310202
0.409496 0.519793
0.410237 0.741475
0.410918 0.303701
0.413039 0.473627
0.417163 0.749723
0.417741 0.371353
0.418952 0.407513
0.419990 0.704968
0.420377 0.795993
0.421217 0.742925
0.422111 0.653410
0.423255 0.547160
0.424263 0.756038
0.426231 0.790409
0.427937 0.356616
0.428391 0.627611
0.429538 0.314820
0.430472 0.780326
0.430896 0.651158
0.432356 0.755076
0.432768 0.478640
0.433678 0.497112
0.433886 0.701344
0.434073 0.464742
0.434865 0.481266
0.434968 0.459396
0.435855 0.347929
0.436015 0.786054
0.437903 0.593975
0.439072 0.615118
0.443659 0.317357
0.451204 0.688954
0.451301 0.391088
0.452163 0.678239
0.452296 0.396349
0.452947 0.492182
0.453791 0.812299
0.455789 0.728085
0.455843 0.674911
0.458026 0.781846
0.462667 0.346944
0.463384 0.543573
0.464518 0.452940
0.467195 0.483627
0.468567 0.823849
0.468709 0.694531
0.473987 0.836155
0.474561 0.772718
0.475347 0.641068
0.475411 0.828174
0.475764 0.443895
0.475967 0.318395
0.476286 0.653330
0.477459 0.653082
0.478292 0.557513
0.479694 0.350451
0.483395 0.812990
0.483899 0.343448
0.486399 0.520909
0.486403 0.341701
0.487856 0.808585
0.489505 0.378721
0.491397 0.669353
0.492754 0.661006
0.494497 0.382925
0.494830 0.769951
0.496108 0.499490
0.497381 0.541075
0.499792 0.425472
0.500906 0.779808
0.501132 0.698559
0.501487 0.342884
0.502903 0.636827
0.503555 0.668513
0.507856 0.582988
0.508313 0.811289
0.508478 0.618539
0.511784 0.771078
0.512754 0.632812
0.513506 0.589299
0.513862 0.496199
0.517364 0.796819
0.520486 0.824834
0.521294 0.444293
0.522551 0.402816
0.524768 0.538259
0.526425 0.647053
0.528488 0.494813
0.528501 0.650599
0.531396 0.811001
0.531746 0.407901
0.531750 0.485206
0.532996 0.756702
0.535417 0.599620
0.537355 0.372690
0.537797 0.665356
0.538748 0.637570
0.541136 0.627599
0.542187 0.710737
0.542331 0.555246
0.545679 0.618538
0.546143 0.423481
0.546470 0.731050
0.547750 0.792961
0.548620 0.498240
0.551574 0.802196
0.553142 0.645359
0.554047 0.375669
0.556879 0.467549
0.557931 0.861047
0.558532 0.629025
0.562094 0.529337
0.563695 0.676235
0.563982 0.856065
0.564231 0.651205
0.564318 0.716721
0.564445 0.426626
0.567830 0.672944
0.569213 0.396009
0.570061 0.677116
0.570201 0.601841
0.571450 0.420844
0.573407 0.504007
0.574021 0.734738
0.574974 0.576142
0.576768 0.859604
0.579846 0.662104
0.580632 0.557161
0.581469 0.866676
0.587614 0.664106
0.587927 0.647628
0.588877 0.653460
0.592247 0.755495
0.595521 0.466122
0.597553 0.395295
0.600675 0.416661
0.603598 0.515924
0.607883 0.896161
0.610595 0.568332
0.613717 0.790705
0.617343 0.439977
0.619667 0.827209
0.620960 0.440784
0.622904 0.834920
0.625674 0.711941
0.625963 0.735168
0.626371 0.509201
0.626793 0.871417
0.627104 0.552461
0.634363 0.709304
0.635923 0.758618
0.636128 0.542389
0.636526 0.545897
0.636973 0.444372
0.646205 0.898275
0.646572 0.467525
0.648334 0.788536
0.655384 0.784835
0.657617 0.684394
0.661437 0.557192
0.661881 0.462293
0.665560 0.628955
0.665690 0.488541
0.670453 0.556611
0.674256 0.770033
0.676466 0.884662
0.677529 0.704900
0.687819 0.795182
0.688468 0.725148
0.688605 0.777937
0.691705 0.464756
0.692553 0.585457
0.692974 0.820805
0.700353 0.710218
0.706299 0.730332
0.714253 0.593348
0.719027 0.547583
0.723267 0.798227
0.727513 0.656801
0.734097 0.802836
0.741110 0.735805
0.746637 0.456574
0.748244 0.719891
0.755675 0.797478
0.756972 0.560291
0.773752 0.517472
0.775363 0.771381
0.780855 0.715783
0.790780 0.893094
0.811444 0.876213
0.815144 0.540851
0.824343 0.633403
0.826139 0.694480
0.831989 0.807631
0.853242 0.756244
0.854207 0.755464
0.875761 1.000000
0.907444 0.744579
0.924661 0.943951
1.000000 0.619378
