0.000000 0.311296
0.004940 0.427373
0.005714 0.394980
0.008308 0.380601
0.011144 0.475680
0.016544 0.556139
0.019660 0.476646
0.021124 0.366208
0.023038 0.337503
0.023422 0.658462
0.026208 0.480016
0.027130 0.530281
0.027665 0.434217
0.029782 0.475936
0.031485 0.216790
0.032684 0.507185
0.033244 0.270942
0.034984 0.373387
0.040339 0.230958
0.041515 0.482433
0.042125 0.386865
0.042343 0.186536
0.042382 0.245015
0.046816 0.472334
0.047129 0.207466
0.047342 0.422419
0.051620 0.400024
0.058100 0.492773
0.059156 0.370607
0.062813 0.438810
0.064659 0.265005
0.065197 0.383600
0.067872 0.490733
0.070849 0.454963
0.070888 0.594110
0.072244 0.698813
0.075835 0.277540
0.079885 0.408693
0.082851 0.257381
0.085260 0.375251
0.091336 0.458535
0.091762 0.346260
0.097102 0.497115
0.105172 0.232318
0.105827 0.363430
0.105899 0.349609
0.106874 0.424748
0.108600 0.498487
0.110459 0.448534
0.113669 0.341099
0.114148 0.534263
0.118932 0.381141
0.123502 0.378346
0.124579 0.341130
0.129705 0.474520
0.129946 0.492388
0.134604 0.219874
0.134993 0.483488
0.137375 0.521203
0.140511 0.503180
0.140971 0.253581
0.141963 0.427443
0.143670 0.422587
0.143718 0.369259
0.146101 0.563239
0.147582 0.446943
0.148909 0.451040
0.152112 0.502682
0.154114 0.480527
0.156735 0.468390
0.156899 0.407182
0.158500 0.376683
0.180453 0.513033
0.184815 0.467637
0.185491 0.461931
0.187009 0.410577
0.187560 0.640467
0.187952 0.462216
0.188028 0.379954
0.191424 0.414087
0.192554 0.474394
0.193590 0.500776
0.195206 0.421239
0.195386 0.285173
0.195960 0.414034
0.210342 0.409308
0.213902 0.315880
0.215747 0.351273
0.216520 0.601862
0.217835 0.389792
0.220262 0.410167
0.222183 0.426912
0.222678 0.422370
0.227940 0.205273
0.228039 0.476524
0.229965 0.224202
0.240584 0.628068
0.242103 0.458742
0.244434 0.343358
0.245710 0.401277
0.252822 0.467082
0.255228 0.457641
0.256638 0.529254
0.258657 0.279392
0.258916 0.240636
0.271021 0.480879
0.276479 0.515444
0.276820 0.631434
0.278073 0.606296
0.278565 0.379315
0.280137 0.620941
0.280849 0.327893
0.282748 0.472592
0.282876 0.512172
0.283953 0.465321
0.284273 0.420048
0.287351 0.300930
0.289179 0.516907
0.289390 0.507941
0.292820 0.556819
0.293537 0.473388
0.294096 0.395438
0.296961 0.137054
0.298848 0.331919
0.300287 0.542039
0.304127 0.451856
0.305333 0.303076
0.305545 0.432479
0.308729 0.448733
0.308903 0.392293
0.309403 0.333606
0.310285 0.389386
0.315510 0.385681
0.317121 0.586809
0.319534 0.613491
0.319930 0.310063
0.320801 0.514408
0.323527 0.238751
0.326023 0.474494
0.328888 0.477819
0.334016 0.435801
0.337658 0.378493
0.338304 0.495376
0.339164 0.362697
0.340374 0.543280
0.343393 0.394104
0.344031 0.459975
0.344747 0.457961
0.344968 0.374326
0.345155 0.526968
0.350662 0.493076
0.354657 0.282334
0.354950 0.369521
0.357339 0.347514
0.357757 0.404774
0.357963 0.646842
0.358149 0.280189
0.358207 0.345997
0.362242 0.501064
0.363068 0.405415
0.367080 0.449004
0.375513 0.374400
0.379159 0.469503
0.383104 0.461073
0.388383 0.503134
0.391625 0.414208
0.392917 0.402876
0.396556 0.358255
0.398270 0.551914
0.400394 0.516876
0.400739 0.454331
0.401020 0.258355
0.401449 0.000000
0.404133 0.415860
0.408671 0.495170
0.417803 0.403773
0.417962 0.321961
0.418540 0.440188
0.419714 0.482880
0.422911 0.567489
0.426977 0.444370
0.429032 0.568410
0.432879 0.444026
0.435312 0.406379
0.435770 0.389855
0.439230 0.429110
0.441748 0.529948
0.446969 0.393229
0.447064 0.594683
0.448312 0.318706
0.449298 0.397006
0.457676 0.510262
0.459266 0.550705
0.466439 0.565173
0.466728 0.540830
0.470127 0.516889
0.470634 0.603109
0.475342 0.308621
0.475418 0.458606
0.477707 0.460064
0.477853 0.421464
0.479192 0.586087
0.481867 0.485791
0.487256 0.576506
0.487617 0.430210
0.488572 0.512549
0.491591 0.516460
0.494378 0.377113
0.502114 0.598000
0.503638 0.486214
0.504069 0.454870
0.504940 0.512436
0.519872 0.474809
0.520749 0.499749
0.524242 0.399655
0.525206 0.466480
0.527663 0.644895
0.528461 0.392911
0.531334 0.472633
0.533783 0.632252
0.534177 0.484403
0.535519 0.584941
0.537528 0.659389
0.538807 0.567991
0.541280 0.615395
0.542845 0.577211
0.543553 0.609343
0.543864 0.578469
0.551128 0.482997
0.557077 0.640443
0.557272 0.734004
0.561367 0.591432
0.562525 0.609297
0.563158 0.674269
0.564981 0.552190
0.565039 0.459608
0.567064 0.384616
0.570321 0.384039
0.571329 0.597043
0.572741 0.501911
0.580589 0.456203
0.581656 0.645213
0.585036 0.582648
0.585908 0.563346
0.588630 0.510758
0.588941 0.746931
0.589222 0.510937
0.591820 0.634738
0.597798 0.594042
0.603568 0.720672
0.605934 0.588479
0.607146 0.687944
0.609180 0.578960
0.609342 0.605129
0.610305 0.513584
0.615136 0.497465
0.616221 0.603734
0.620562 0.579314
0.622543 0.759251
0.623423 0.499921
0.626407 0.445237
0.629769 0.687569
0.630847 0.683679
0.631673 0.605512
0.633019 0.580738
0.642336 0.736125
0.645136 0.590708
0.654209 0.438592
0.656372 0.418432
0.660629 0.792682
0.660991 0.685021
0.661836 0.610098
0.663831 0.617948
0.665534 0.573493
0.670939 0.516800
0.673557 0.582454
0.679973 0.656879
0.680403 0.606583
0.683940 0.462303
0.684249 0.760367
0.684587 0.703964
0.688508 0.593506
0.694198 0.585953
0.694432 0.724378
0.697648 0.607879
0.705184 0.623290
0.706268 0.503976
0.708678 0.437977
0.710140 0.516636
0.712184 0.674878
0.714140 0.634486
0.714214 0.730729
0.714327 0.814701
0.717265 0.610464
0.721098 0.598977
0.721318 0.671925
0.728468 0.669062
0.731898 0.758558
0.732728 0.711934
0.737575 0.667126
0.737718 0.682952
0.741518 0.830105
0.742462 0.640972
0.742858 0.735536
0.743953 0.597408
0.746543 0.620557
0.746587 0.686199
0.749744 0.764169
0.752012 0.767464
0.752155 0.701871
0.752404 0.785470
0.755266 0.751330
0.761158 0.758299
0.763806 0.905196
0.764641 0.607277
0.771194 0.779490
0.771966 0.697808
0.772738 0.723082
0.775350 0.610010
0.777997 0.551369
0.779555 0.738196
0.783570 0.794275
0.783840 0.744404
0.784305 0.728507
0.784470 0.618281
0.786572 0.752272
0.793060 0.882117
0.796353 0.756017
0.796530 0.716111
0.809440 0.762405
0.814729 0.935671
0.818636 0.893079
0.819842 0.824369
0.821046 0.904207
0.824528 0.767984
0.825437 0.777750
0.826222 0.732643
0.829084 0.669816
0.831997 0.704176
0.832310 0.858405
0.832648 0.885633
0.838437 0.652476
0.840506 0.823080
0.843957 0.724685
0.847288 0.798402
0.857082 0.591586
0.857804 0.822914
0.860370 0.785419
0.865163 0.772811
0.869528 0.758184
0.873270 0.749387
0.877367 0.697696
0.878552 0.781142
0.882495 0.899984
0.883572 0.769916
0.885948 0.820662
0.891243 0.868379
0.893029 0.915735
0.893913 0.796310
0.895756 0.872890
0.899004 0.868365
0.900109 0.969835
0.906393 0.850798
0.909615 0.680318
0.910545 0.819220
0.911773 0.879252
0.913915 0.700540
0.917574 0.821718
0.917937 0.759884
0.918285 0.863747
0.923851 0.748014
0.925918 0.681323
0.927176 0.742462
0.928061 0.625362
0.932250 0.721799
0.935438 0.768417
0.937760 0.841911
0.937770 0.779926
0.943483 0.987867
0.944931 0.803371
0.947952 0.808909
0.948845 0.873827
0.952115 0.812227
0.952863 0.728847
0.961505 0.785219
0.962632 0.965841
0.969177 0.670459
0.971181 0.689938
0.973162 0.812768
0.973949 0.845934
0.975963 0.692193
0.975968 0.816530
0.977025 0.713390
0.984697 0.829132
0.986731 0.814351
0.990582 0.814267
0.993150 0.765825
0.996111 1.000000
0.999755 0.769250
1.000000 0.808841
