2.654058644758636731e-01 8.333333333333333218e-03
6.317866488818779658e-02 8.333333333333333218e-03
-5.067616019112186621e-02 8.333333333333333218e-03
-8.658119517259965647e-02 8.333333333333333218e-03
1.549984696426243147e-02 8.333333333333333218e-03
1.083179308484547576e-01 8.333333333333333218e-03
-1.090281105721526700e-01 8.333333333333333218e-03
-4.145356698227686820e-02 8.333333333333333218e-03
2.842802310750869310e-02 8.333333333333333218e-03
4.199018149991573523e-02 8.333333333333333218e-03
3.422449468442296805e-01 8.333333333333333218e-03
5.505778505028224856e-02 8.333333333333333218e-03
1.932707193977281079e-01 8.333333333333333218e-03
2.464128163430805429e-01 8.333333333333333218e-03
-2.356423210477762709e-01 8.333333333333333218e-03
-1.853320513051306406e-01 8.333333333333333218e-03
7.756676791700556350e-03 8.333333333333333218e-03
-1.399701252739582458e-02 8.333333333333333218e-03
1.298303923479746658e-01 8.333333333333333218e-03
7.849073599684430746e-02 8.333333333333333218e-03
-2.921817070812959827e-02 8.333333333333333218e-03
1.070241131300022630e-01 8.333333333333333218e-03
3.271172956353485262e-02 8.333333333333333218e-03
-1.031760037216393755e-01 8.333333333333333218e-03
-2.668072270685675207e-01 8.333333333333333218e-03
7.924580660824087630e-02 8.333333333333333218e-03
-1.104109994829078900e-01 8.333333333333333218e-03
7.278077051593889735e-02 8.333333333333333218e-03
-1.071499989629183247e-01 8.333333333333333218e-03
-8.353212561738221353e-02 8.333333333333333218e-03
4.230869715659757446e-02 8.333333333333333218e-03
-6.763907682615766248e-02 8.333333333333333218e-03
-1.577413904240110298e-02 8.333333333333333218e-03
6.317889274105858988e-02 8.333333333333333218e-03
-8.460902393322555781e-02 8.333333333333333218e-03
-5.354598193122050986e-02 8.333333333333333218e-03
4.960488804383711425e-02 8.333333333333333218e-03
-1.171387241202559437e-02 8.333333333333333218e-03
4.579710225848465655e-02 8.333333333333333218e-03
2.057814986640860155e-02 8.333333333333333218e-03
1.502673488621857345e-01 8.333333333333333218e-03
-4.112179477770716574e-02 8.333333333333333218e-03
1.215012277597393719e-01 8.333333333333333218e-03
7.469075849093265163e-02 8.333333333333333218e-03
1.578507518295895196e-01 8.333333333333333218e-03
-2.387755819564851834e-03 8.333333333333333218e-03
1.795150951147927998e-01 8.333333333333333218e-03
-5.548291265112048620e-02 8.333333333333333218e-03
-1.147578682078504997e-01 8.333333333333333218e-03
-2.544267200132788176e-01 8.333333333333333218e-03
-9.412113314541326048e-02 8.333333333333333218e-03
-1.031859739946776600e-01 8.333333333333333218e-03
8.449264088554997443e-02 8.333333333333333218e-03
1.739918094991654840e-02 8.333333333333333218e-03
-3.994535772136220686e-02 8.333333333333333218e-03
2.261194107480148929e-01 8.333333333333333218e-03
-1.722164606513603147e-01 8.333333333333333218e-03
-2.996508508316075847e-02 8.333333333333333218e-03
7.623709232538011804e-02 8.333333333333333218e-03
-9.817133526613908145e-02 8.333333333333333218e-03
-8.284659831208607272e-02 8.333333333333333218e-03
4.530836935118998099e-02 8.333333333333333218e-03
2.393183269181076156e-02 8.333333333333333218e-03
1.663227771953046386e-01 8.333333333333333218e-03
8.484964439977460415e-02 8.333333333333333218e-03
2.689828269936711536e-02 8.333333333333333218e-03
3.551397124798949534e-02 8.333333333333333218e-03
-2.302088980676399999e-01 8.333333333333333218e-03
1.289354781159151031e-01 8.333333333333333218e-03
3.787269827345962625e-02 8.333333333333333218e-03
3.072376397669440706e-02 8.333333333333333218e-03
-6.911780306312831357e-02 8.333333333333333218e-03
3.220261019616454945e-02 8.333333333333333218e-03
2.950805836025427453e-02 8.333333333333333218e-03
1.079003474426754039e-01 8.333333333333333218e-03
-6.759367207542243960e-02 8.333333333333333218e-03
-1.987844293733171952e-01 8.333333333333333218e-03
-5.653252159453892034e-02 8.333333333333333218e-03
9.278586845904435165e-03 8.333333333333333218e-03
-2.594254494476722073e-02 8.333333333333333218e-03
-9.974859906566990730e-02 8.333333333333333218e-03
6.420091724212717565e-02 8.333333333333333218e-03
4.665560218257880365e-02 8.333333333333333218e-03
7.680034451733597223e-03 8.333333333333333218e-03
5.088948812961380241e-02 8.333333333333333218e-03
-2.548016461252160525e-01 8.333333333333333218e-03
1.051545705563903255e-01 8.333333333333333218e-03
-2.274589786312120054e-02 8.333333333333333218e-03
1.737939058021211736e-01 8.333333333333333218e-03
-2.510944146628357743e-02 8.333333333333333218e-03
-4.023427139933311025e-02 8.333333333333333218e-03
1.216597396202807602e-01 8.333333333333333218e-03
3.195582933219842658e-02 8.333333333333333218e-03
1.306299110696560462e-01 8.333333333333333218e-03
4.418772933872450182e-02 8.333333333333333218e-03
3.501972179633128235e-02 8.333333333333333218e-03
-1.348034384262941643e-02 8.333333333333333218e-03
-1.278282944373261287e-01 8.333333333333333218e-03
4.204911075609274462e-03 8.333333333333333218e-03
-9.208376626239811458e-02 8.333333333333333218e-03
-2.740817017694672231e-01 8.333333333333333218e-03
8.384262023370858685e-02 8.333333333333333218e-03
-1.412786887935313374e-01 8.333333333333333218e-03
-2.175292519264555580e-01 8.333333333333333218e-03
2.953038980484468112e-02 8.333333333333333218e-03
9.549004445133224550e-02 8.333333333333333218e-03
6.374785559436713100e-02 8.333333333333333218e-03
-5.796104912334687498e-02 8.333333333333333218e-03
3.460332805379984222e-02 8.333333333333333218e-03
-1.788250598923690760e-01 8.333333333333333218e-03
-1.614996214022026422e-01 8.333333333333333218e-03
-2.226928230745439663e-02 8.333333333333333218e-03
2.654833902522391043e-02 8.333333333333333218e-03
-1.720670694668875456e-01 8.333333333333333218e-03
-3.226932659723846797e-02 8.333333333333333218e-03
-1.115347318124406684e-01 8.333333333333333218e-03
-1.200599593566131773e-02 8.333333333333333218e-03
-1.070137782077784649e-01 8.333333333333333218e-03
-2.335887712727302556e-02 8.333333333333333218e-03
3.645357747751987176e-02 8.333333333333333218e-03
