3.698667265624724365e-01 5.000000000000000278e-02
1.773853761373693771e-01 5.000000000000000278e-02
2.122405700933942541e-01 5.000000000000000278e-02
4.437483577961653936e-02 5.000000000000000278e-02
2.251609789810311568e-01 5.000000000000000278e-02
1.744720670519086525e-01 5.000000000000000278e-02
1.214712874473233839e-01 5.000000000000000278e-02
2.899454021800362824e-02 5.000000000000000278e-02
1.434682847757819957e-01 5.000000000000000278e-02
2.367590990524703898e-02 5.000000000000000278e-02
2.275971431124554911e-01 5.000000000000000278e-02
7.048205713429300800e-02 5.000000000000000278e-02
1.462027078256458168e-01 5.000000000000000278e-02
1.541624467107887142e-01 5.000000000000000278e-02
4.079418973594961528e-02 5.000000000000000278e-02
2.132232355297185578e-01 5.000000000000000278e-02
9.307046583656042316e-02 5.000000000000000278e-02
4.249945884776096250e-02 5.000000000000000278e-02
1.231547147441114376e-01 5.000000000000000278e-02
9.278661926235365343e-02 5.000000000000000278e-02
