6.623176092946625459e-02 8.333333333333333218e-03
-1.731478809110420514e-02 8.333333333333333218e-03
-2.010736710081069134e-01 8.333333333333333218e-03
-4.058720292082735881e-01 8.333333333333333218e-03
-2.894682474656704585e-01 8.333333333333333218e-03
-2.078507934026738724e-01 8.333333333333333218e-03
-3.692548968459448133e-01 8.333333333333333218e-03
-7.489159560216052114e-02 8.333333333333333218e-03
-2.621359350817833445e-01 8.333333333333333218e-03
1.521244211106509425e-02 8.333333333333333218e-03
-1.083420749493537727e-01 8.333333333333333218e-03
3.507154160427461420e-02 8.333333333333333218e-03
-3.382036301287998370e-01 8.333333333333333218e-03
-2.946277167845359202e-01 8.333333333333333218e-03
-6.612630559866428115e-02 8.333333333333333218e-03
-4.740970290132739962e-02 8.333333333333333218e-03
-2.653071749505491184e-01 8.333333333333333218e-03
-2.756476100108793403e-01 8.333333333333333218e-03
-1.595276052448593163e-01 8.333333333333333218e-03
-2.485789133961366915e-01 8.333333333333333218e-03
-3.032911070510930784e-01 8.333333333333333218e-03
-1.330574639301715933e-01 8.333333333333333218e-03
-4.431817232320698352e-01 8.333333333333333218e-03
-1.260168442984817005e-01 8.333333333333333218e-03
-1.061652579514822392e-01 8.333333333333333218e-03
6.744455810550320507e-02 8.333333333333333218e-03
-3.187522629756127657e-01 8.333333333333333218e-03
-3.209386031820367080e-01 8.333333333333333218e-03
-1.010491688591494963e-01 8.333333333333333218e-03
-3.479867954334840974e-01 8.333333333333333218e-03
-3.443529270442677870e-01 8.333333333333333218e-03
-3.164812461497366058e-01 8.333333333333333218e-03
1.052245393477058144e-02 8.333333333333333218e-03
1.235517261291096958e-01 8.333333333333333218e-03
-2.322892649044119295e-01 8.333333333333333218e-03
-5.531919891537517842e-01 8.333333333333333218e-03
-3.344765359168677676e-01 8.333333333333333218e-03
-1.259477088619362917e-01 8.333333333333333218e-03
-3.217654078190159694e-01 8.333333333333333218e-03
-3.325001956236119938e-01 8.333333333333333218e-03
-2.409525309741145094e-02 8.333333333333333218e-03
-2.346857767054766342e-01 8.333333333333333218e-03
-1.712611227611482434e-02 8.333333333333333218e-03
-2.590647082499026865e-01 8.333333333333333218e-03
-2.501400315557127385e-01 8.333333333333333218e-03
-2.769556031846489574e-01 8.333333333333333218e-03
-3.685205827089772512e-01 8.333333333333333218e-03
-1.531099789815160150e-01 8.333333333333333218e-03
-3.864156303944898951e-01 8.333333333333333218e-03
-2.941171173399217409e-01 8.333333333333333218e-03
8.179464761124677352e-02 8.333333333333333218e-03
-2.584998472179647067e-01 8.333333333333333218e-03
-1.799172041865313432e-01 8.333333333333333218e-03
-9.219325726906912877e-02 8.333333333333333218e-03
-3.310443376447125274e-02 8.333333333333333218e-03
-1.562962820687694432e-01 8.333333333333333218e-03
-4.466050793810669717e-01 8.333333333333333218e-03
-3.712684132643211399e-01 8.333333333333333218e-03
-1.523744765235157672e-02 8.333333333333333218e-03
-1.993149563548000103e-01 8.333333333333333218e-03
-1.553830045867545806e-01 8.333333333333333218e-03
2.365416599228709060e-02 8.333333333333333218e-03
-3.552647037308691580e-01 8.333333333333333218e-03
-4.054374306727170918e-01 8.333333333333333218e-03
-2.486101461368761534e-01 8.333333333333333218e-03
-2.063915631943098461e-01 8.333333333333333218e-03
-1.560007002137853149e-01 8.333333333333333218e-03
-9.579999865853405794e-02 8.333333333333333218e-03
-6.908878681377572661e-02 8.333333333333333218e-03
-2.304039908121557900e-01 8.333333333333333218e-03
-1.916603509661971572e-01 8.333333333333333218e-03
-1.565732843848719469e-01 8.333333333333333218e-03
-2.250495516587456279e-01 8.333333333333333218e-03
-5.974939901399078934e-02 8.333333333333333218e-03
-4.617677272425222412e-01 8.333333333333333218e-03
-2.451119750550105891e-01 8.333333333333333218e-03
8.159360623020006642e-02 8.333333333333333218e-03
-2.627635637180834038e-01 8.333333333333333218e-03
-6.027956059873407213e-02 8.333333333333333218e-03
-3.094531661238972831e-01 8.333333333333333218e-03
-2.592397513357695971e-01 8.333333333333333218e-03
-2.384871660814553707e-01 8.333333333333333218e-03
-2.875846700962556568e-01 8.333333333333333218e-03
-2.604950976956850184e-01 8.333333333333333218e-03
-1.872270990693056802e-01 8.333333333333333218e-03
-3.799719845235669524e-01 8.333333333333333218e-03
-2.649548900032208110e-01 8.333333333333333218e-03
-6.191919003670864896e-02 8.333333333333333218e-03
-3.444528141509985986e-01 8.333333333333333218e-03
-2.883569171495370398e-01 8.333333333333333218e-03
-1.069771240472920937e-01 8.333333333333333218e-03
-2.617616890320348944e-01 8.333333333333333218e-03
-2.036162640014795855e-01 8.333333333333333218e-03
-2.054152272432574478e-02 8.333333333333333218e-03
-2.784313052839566538e-01 8.333333333333333218e-03
-2.477433249106173463e-01 8.333333333333333218e-03
-3.500917677747246159e-01 8.333333333333333218e-03
-2.119589870730562708e-01 8.333333333333333218e-03
-6.462621737941187661e-02 8.333333333333333218e-03
6.604557365038843386e-02 8.333333333333333218e-03
-1.041407783386549823e-02 8.333333333333333218e-03
-4.538524000169461559e-01 8.333333333333333218e-03
-3.771098520607285565e-01 8.333333333333333218e-03
-2.204626470823844997e-01 8.333333333333333218e-03
-1.170804752334397847e-02 8.333333333333333218e-03
-4.243726639588931704e-01 8.333333333333333218e-03
-4.080377514070487877e-02 8.333333333333333218e-03
-2.141020249632239469e-01 8.333333333333333218e-03
-1.754492016937634347e-01 8.333333333333333218e-03
-2.614549570730986261e-01 8.333333333333333218e-03
-4.024396394824769629e-02 8.333333333333333218e-03
-3.724718980992189898e-01 8.333333333333333218e-03
-1.647909272612944065e-01 8.333333333333333218e-03
-1.447733082370605828e-01 8.333333333333333218e-03
-3.389174604568907512e-01 8.333333333333333218e-03
-2.461236579019558945e-01 8.333333333333333218e-03
-9.203131054997015781e-02 8.333333333333333218e-03
-1.422208999929646112e-01 8.333333333333333218e-03
-3.025331558355226491e-01 8.333333333333333218e-03
-2.997863539387255472e-01 8.333333333333333218e-03
