-1.203311419906736290e-01 2.500000000000000139e-02
3.401467070238322066e-01 2.500000000000000139e-02
5.757870090700035748e-01 2.500000000000000139e-02
2.888558198528379251e-02 2.500000000000000139e-02
-5.755527420670070171e-02 2.500000000000000139e-02
8.972271099507533876e-02 2.500000000000000139e-02
1.000411986461417158e+00 2.500000000000000139e-02
2.336406258606515962e-01 2.500000000000000139e-02
-2.174993202366950484e-01 2.500000000000000139e-02
4.055314011579209676e-01 2.500000000000000139e-02
2.549203841358691491e-01 2.500000000000000139e-02
3.141104838836659141e-01 2.500000000000000139e-02
5.921827177910614637e-01 2.500000000000000139e-02
4.396439233115954082e-01 2.500000000000000139e-02
4.438987355452095329e-02 2.500000000000000139e-02
1.202230375594428580e-01 2.500000000000000139e-02
-1.231299531627403354e-01 2.500000000000000139e-02
9.354195410765743235e-01 2.500000000000000139e-02
3.038603503646077897e-01 2.500000000000000139e-02
2.191535804203610383e-01 2.500000000000000139e-02
1.275776684549096984e-01 2.500000000000000139e-02
-3.369211587577591871e-02 2.500000000000000139e-02
4.110780414227720669e+00 2.500000000000000139e-02
3.794617248936278386e-01 2.500000000000000139e-02
6.324195304646984539e-02 2.500000000000000139e-02
7.117495727282463491e-02 2.500000000000000139e-02
1.660063681984924600e-01 2.500000000000000139e-02
1.243891206263230131e-01 2.500000000000000139e-02
3.305645619015127323e-01 2.500000000000000139e-02
2.259889714211054113e-01 2.500000000000000139e-02
8.783578173163500979e-01 2.500000000000000139e-02
-2.351699885216405050e-01 2.500000000000000139e-02
3.047262301769373849e+00 2.500000000000000139e-02
8.557450203399419308e-02 2.500000000000000139e-02
2.534141344591578360e-01 2.500000000000000139e-02
2.429885344383819756e-02 2.500000000000000139e-02
4.519064074757750404e-02 2.500000000000000139e-02
5.405479033273152822e-01 2.500000000000000139e-02
2.887758164045273190e-01 2.500000000000000139e-02
1.226440203474199464e-01 2.500000000000000139e-02
