9.788590489252246840e-02 8.333333333333333218e-03
6.915551413338124620e-01 8.333333333333333218e-03
1.405268803507793152e-01 8.333333333333333218e-03
2.256102808519369063e-01 8.333333333333333218e-03
1.946126231717633104e-01 8.333333333333333218e-03
3.221745030716602898e-01 8.333333333333333218e-03
5.385585200898043157e-01 8.333333333333333218e-03
1.194052871502515600e-01 8.333333333333333218e-03
6.251773796759163559e-02 8.333333333333333218e-03
8.836090016761843913e-02 8.333333333333333218e-03
1.763778481058801972e-01 8.333333333333333218e-03
7.219692245364736083e-01 8.333333333333333218e-03
1.222893496969064131e-01 8.333333333333333218e-03
1.851848128076634126e-01 8.333333333333333218e-03
1.794422626775872942e+00 8.333333333333333218e-03
1.580962878627012458e-02 8.333333333333333218e-03
-1.728242506104331611e-01 8.333333333333333218e-03
4.573082251319586788e-01 8.333333333333333218e-03
5.145131719501527812e-02 8.333333333333333218e-03
1.614107806167641712e-02 8.333333333333333218e-03
3.724989259263535857e-01 8.333333333333333218e-03
1.984997867379130199e-01 8.333333333333333218e-03
5.128120761962229324e-02 8.333333333333333218e-03
1.664978977687932016e-01 8.333333333333333218e-03
6.007802562275852409e-01 8.333333333333333218e-03
2.096301265326401264e-01 8.333333333333333218e-03
-9.810216106999192220e-02 8.333333333333333218e-03
1.030419625908702841e-01 8.333333333333333218e-03
3.655586355582594038e-01 8.333333333333333218e-03
3.536416251460083870e-01 8.333333333333333218e-03
6.084088541983518894e-01 8.333333333333333218e-03
5.837691027159044310e-01 8.333333333333333218e-03
4.335780768806323238e-01 8.333333333333333218e-03
1.745832119932746451e-01 8.333333333333333218e-03
5.708602557947487499e-01 8.333333333333333218e-03
1.165311977011945999e+00 8.333333333333333218e-03
1.746939887584613160e-01 8.333333333333333218e-03
-1.624654293753380330e-01 8.333333333333333218e-03
3.861431797704639735e-01 8.333333333333333218e-03
1.581971465915072983e-01 8.333333333333333218e-03
2.891325016744072940e-02 8.333333333333333218e-03
2.272707516603054145e-01 8.333333333333333218e-03
-4.938177225880480137e-02 8.333333333333333218e-03
1.217462835479690142e-01 8.333333333333333218e-03
2.267826645974935218e-01 8.333333333333333218e-03
-2.515192020132772655e-02 8.333333333333333218e-03
1.039119192310451467e-01 8.333333333333333218e-03
-2.744413196137251987e-02 8.333333333333333218e-03
7.842953716092023742e-01 8.333333333333333218e-03
1.320351069062386529e-01 8.333333333333333218e-03
1.470615685997209710e-01 8.333333333333333218e-03
-7.180699742082552461e-02 8.333333333333333218e-03
-1.993943262804833694e-01 8.333333333333333218e-03
1.074867212835233232e-01 8.333333333333333218e-03
-1.475744453380212207e-01 8.333333333333333218e-03
1.542981731802948175e-01 8.333333333333333218e-03
3.901420252053720006e-01 8.333333333333333218e-03
6.160121291224029960e-02 8.333333333333333218e-03
3.564366027905521150e-01 8.333333333333333218e-03
1.124356872255916073e-01 8.333333333333333218e-03
2.695094391977024273e-01 8.333333333333333218e-03
3.626767504582364410e-01 8.333333333333333218e-03
4.832770046391150487e-01 8.333333333333333218e-03
2.356802418234451579e-01 8.333333333333333218e-03
-1.328732107703851639e-01 8.333333333333333218e-03
-2.332945699869526379e-02 8.333333333333333218e-03
5.150442762721230139e-02 8.333333333333333218e-03
1.700142749848865265e-01 8.333333333333333218e-03
2.782674415683974445e-01 8.333333333333333218e-03
4.935073536531131566e-02 8.333333333333333218e-03
6.275353032190374991e-01 8.333333333333333218e-03
-1.542185124142028130e-01 8.333333333333333218e-03
3.620022799219899667e-01 8.333333333333333218e-03
1.476277964238814633e-01 8.333333333333333218e-03
2.252074645602952785e-03 8.333333333333333218e-03
4.420370412170617769e-01 8.333333333333333218e-03
9.445661273360200783e-01 8.333333333333333218e-03
3.510259475136718876e-01 8.333333333333333218e-03
2.665706901217728131e-01 8.333333333333333218e-03
7.358013302246427800e-01 8.333333333333333218e-03
3.860363891617595300e-01 8.333333333333333218e-03
2.174665770840507051e-01 8.333333333333333218e-03
2.220014027308554461e-01 8.333333333333333218e-03
4.219818400555457316e-01 8.333333333333333218e-03
2.078726622795779022e-01 8.333333333333333218e-03
6.962268478602854360e-01 8.333333333333333218e-03
7.846752544833944798e-01 8.333333333333333218e-03
6.621868319878655429e-01 8.333333333333333218e-03
3.693480541632787606e-02 8.333333333333333218e-03
1.994845412292466591e+00 8.333333333333333218e-03
6.020340601488839427e-01 8.333333333333333218e-03
5.276746759397923370e-01 8.333333333333333218e-03
3.292187261953625210e-01 8.333333333333333218e-03
3.415019907589442738e-01 8.333333333333333218e-03
3.058841407590646710e-01 8.333333333333333218e-03
2.133737243760460700e-01 8.333333333333333218e-03
-4.706974701700517016e-02 8.333333333333333218e-03
2.888153414255887341e-01 8.333333333333333218e-03
4.347880698502253338e-01 8.333333333333333218e-03
5.986621715915436681e-01 8.333333333333333218e-03
8.732555096631521296e-01 8.333333333333333218e-03
1.034503746605856200e+00 8.333333333333333218e-03
1.732446923442498843e-01 8.333333333333333218e-03
2.642817809337660862e-02 8.333333333333333218e-03
5.505621031057188475e-01 8.333333333333333218e-03
7.575998343187340112e-02 8.333333333333333218e-03
1.553719819936720370e+00 8.333333333333333218e-03
3.349666091582577110e-01 8.333333333333333218e-03
8.601394266648086928e-01 8.333333333333333218e-03
1.489320307960113610e-01 8.333333333333333218e-03
1.222611156478556893e-01 8.333333333333333218e-03
4.419767572367838682e-03 8.333333333333333218e-03
1.705537137689461247e-01 8.333333333333333218e-03
2.939932356902374977e-03 8.333333333333333218e-03
2.342886086381072985e-01 8.333333333333333218e-03
8.786460832494081830e-01 8.333333333333333218e-03
2.473591013322078425e-01 8.333333333333333218e-03
4.828973193088534899e-01 8.333333333333333218e-03
-1.513900312838600826e-03 8.333333333333333218e-03
-3.110859091296269696e-02 8.333333333333333218e-03
