0.000000 0.280768
0.001059 0.534177
0.002488 0.426870
0.002938 0.660799
0.003266 0.411084
0.004073 0.788765
0.004491 0.346359
0.004650 0.754938
0.005709 0.655193
0.008135 1.000000
0.011588 0.506368
0.014560 0.546013
0.015349 0.561855
0.016762 0.650815
0.017439 0.580729
0.018272 0.184962
0.019664 0.337757
0.019977 0.729947
0.020121 0.435046
0.021369 0.470251
0.021712 0.235969
0.022629 0.696017
0.023506 0.411269
0.025708 0.291306
0.025772 0.283465
0.027563 0.183579
0.029126 0.638341
0.030600 0.567735
0.033128 0.826209
0.034862 0.650204
0.035634 0.337102
0.036885 0.612532
0.040890 0.459914
0.041356 0.618145
0.042550 0.242051
0.045150 0.474223
0.047829 0.275610
0.051775 0.559004
0.051985 0.385268
0.054086 0.338707
0.054263 0.660083
0.055731 0.226714
0.057461 0.469321
0.059628 0.703923
0.063580 0.550750
0.063849 0.745383
0.064344 0.489835
0.067935 0.309057
0.069237 0.692918
0.070140 0.322507
0.078341 0.535650
0.078362 0.376253
0.080399 0.474492
0.081756 0.339685
0.082463 0.472252
0.083762 0.500594
0.083804 0.471212
0.086662 0.177345
0.086913 0.301710
0.087093 0.421923
0.091929 0.332697
0.093468 0.202157
0.095237 0.418179
0.100896 0.255495
0.101787 0.595914
0.102740 0.274737
0.103310 0.278548
0.103759 0.554764
0.104828 0.493139
0.104829 0.455166
0.110147 0.303616
0.110493 0.335065
0.110635 0.410429
0.110944 0.274363
0.111207 0.570475
0.114178 0.609392
0.115196 0.377325
0.117782 0.481175
0.121523 0.420737
0.121966 0.287354
0.122199 0.398830
0.124227 0.392184
0.125900 0.566887
0.129433 0.283990
0.131369 0.399078
0.131619 0.338581
0.132403 0.229554
0.132605 0.133675
0.133346 0.492259
0.133487 0.381491
0.134852 0.426395
0.136121 0.417417
0.137427 0.326554
0.139145 0.362882
0.139293 0.256831
0.141809 0.349077
0.144072 0.336876
0.144590 0.323859
0.145103 0.396022
0.146956 0.388013
0.147646 0.434052
0.148475 0.300094
0.149045 0.385964
0.149584 0.524761
0.154533 0.469274
0.155128 0.339156
0.156954 0.385584
0.157219 0.205198
0.159901 0.505399
0.162282 0.291551
0.162833 0.241015
0.164385 0.320526
0.166332 0.506297
0.167793 0.260858
0.168330 0.152796
0.170028 0.335960
0.171281 0.423455
0.173253 0.421740
0.174526 0.477029
0.175411 0.482410
0.175462 0.263425
0.175816 0.249597
0.176084 0.220366
0.181687 0.311594
0.182059 0.239870
0.184007 0.303794
0.186842 0.482249
0.186878 0.382666
0.192430 0.286576
0.195910 0.226502
0.196194 0.362466
0.196321 0.239163
0.197079 0.392529
0.197251 0.353201
0.198407 0.366690
0.198800 0.262752
0.199394 0.283485
0.200488 0.471394
0.201347 0.208814
0.202434 0.148417
0.202601 0.397643
0.202901 0.471984
0.203557 0.276805
0.204985 0.202697
0.206919 0.314988
0.207232 0.273828
0.207689 0.440916
0.207730 0.145871
0.209038 0.212955
0.209647 0.388142
0.210185 0.443010
0.211751 0.215077
0.211894 0.350385
0.212008 0.213203
0.213209 0.292080
0.213522 0.423405
0.216034 0.451441
0.216647 0.255546
0.219612 0.452139
0.224306 0.279517
0.224809 0.420005
0.224976 0.325108
0.225976 0.406885
0.226255 0.184831
0.226806 0.205613
0.227654 0.299476
0.228126 0.302535
0.229063 0.394797
0.232947 0.273137
0.233348 0.335589
0.233547 0.372124
0.237508 0.221688
0.240379 0.336213
0.240456 0.249761
0.241626 0.336150
0.244190 0.295503
0.248847 0.380873
0.251587 0.284362
0.252034 0.176237
0.252786 0.244025
0.253662 0.395185
0.253925 0.182553
0.254483 0.267305
0.254978 0.264894
0.255354 0.419031
0.256465 0.390404
0.261199 0.078406
0.264414 0.167681
0.267448 0.194244
0.267545 0.388877
0.267711 0.294740
0.268930 0.241180
0.269334 0.307896
0.270253 0.277564
0.271672 0.304487
0.272024 0.227675
0.272394 0.291296
0.272769 0.192759
0.273514 0.198153
0.277284 0.347462
0.278346 0.261774
0.280507 0.372774
0.280840 0.244978
0.282557 0.374591
0.282938 0.383593
0.283640 0.327472
0.284924 0.327597
0.285473 0.327816
0.285926 0.189156
0.288538 0.192300
0.288877 0.336386
0.289177 0.271294
0.290387 0.189064
0.292592 0.142215
0.296936 0.211909
0.297080 0.380522
0.301588 0.128320
0.301594 0.228075
0.303488 0.271053
0.304892 0.344678
0.307658 0.280120
0.310488 0.247739
0.311160 0.261427
0.311241 0.248062
0.313743 0.185305
0.315181 0.300462
0.316948 0.265089
0.317952 0.252969
0.321067 0.285989
0.321290 0.266848
0.321921 0.337985
0.321999 0.315652
0.324345 0.235102
0.326377 0.254819
0.327761 0.333257
0.328933 0.213908
0.329963 0.309005
0.330025 0.259979
0.331296 0.317216
0.333489 0.216591
0.335600 0.291819
0.336261 0.083440
0.337199 0.289067
0.337356 0.331744
0.338125 0.170286
0.338459 0.337300
0.339342 0.248393
0.342978 0.249420
0.344286 0.161146
0.344430 0.194677
0.345253 0.255555
0.345803 0.211459
0.346130 0.360100
0.348806 0.357309
0.349073 0.354481
0.352240 0.308797
0.352973 0.246245
0.353552 0.291294
0.355299 0.251223
0.355395 0.162428
0.356151 0.330230
0.360565 0.344973
0.362248 0.222612
0.367003 0.312138
0.367996 0.303486
0.368856 0.241015
0.369169 0.135894
0.370345 0.290871
0.371369 0.296045
0.372926 0.317386
0.374622 0.206896
0.374756 0.146782
0.377809 0.111668
0.378431 0.242081
0.378871 0.255418
0.379838 0.143365
0.381349 0.310905
0.382452 0.215503
0.385715 0.234117
0.386004 0.318343
0.386186 0.174909
0.386212 0.304867
0.386718 0.205610
0.387376 0.098441
0.387914 0.329926
0.388080 0.294805
0.390583 0.320069
0.390789 0.175771
0.391667 0.200196
0.392119 0.215383
0.392935 0.108414
0.393216 0.225141
0.394327 0.249886
0.397202 0.169473
0.398257 0.202901
0.398268 0.321383
0.398380 0.207871
0.398850 0.222742
0.399076 0.182983
0.399114 0.239045
0.399885 0.274866
0.400450 0.191024
0.401358 0.298475
0.403181 0.187201
0.404165 0.215677
0.404867 0.252060
0.406576 0.144476
0.407434 0.174838
0.408047 0.205282
0.409446 0.156778
0.410041 0.170251
0.412380 0.204064
0.412626 0.183359
0.413218 0.190096
0.417174 0.297089
0.417728 0.252742
0.418515 0.289679
0.418735 0.203245
0.419367 0.278186
0.419753 0.295131
0.421196 0.197408
0.422655 0.257216
0.422883 0.252955
0.423128 0.185529
0.423169 0.157482
0.423917 0.265152
0.423940 0.207218
0.424170 0.237465
0.426248 0.188158
0.429103 0.298439
0.430757 0.305846
0.431298 0.207055
0.432331 0.159391
0.433245 0.296369
0.434272 0.294771
0.434916 0.266991
0.437404 0.242733
0.438374 0.220582
0.438544 0.179750
0.439220 0.210360
0.441362 0.198503
0.441693 0.213965
0.442293 0.238101
0.442653 0.276308
0.443558 0.148640
0.443658 0.275833
0.445220 0.143594
0.446869 0.237737
0.447260 0.218567
0.447271 0.263527
0.447437 0.240886
0.449037 0.241833
0.449849 0.159017
0.451861 0.103274
0.452053 0.246476
0.454990 0.268241
0.459026 0.120526
0.461032 0.244614
0.465715 0.259363
0.468507 0.237765
0.468788 0.237657
0.468808 0.264360
0.471455 0.148218
0.471548 0.247271
0.474993 0.252407
0.475335 0.206863
0.475689 0.250589
0.475815 0.137847
0.478547 0.257528
0.479988 0.151677
0.481646 0.274615
0.483548 0.228726
0.483751 0.189916
0.486989 0.242801
0.487467 0.223335
0.487825 0.173348
0.487993 0.265414
0.490171 0.239893
0.490610 0.198930
0.492429 0.237986
0.493465 0.259980
0.493875 0.193239
0.496141 0.175335
0.497360 0.253726
0.500567 0.209790
0.503236 0.130759
0.503606 0.189395
0.506733 0.230029
0.508967 0.202905
0.511899 0.259113
0.512398 0.211787
0.512937 0.212460
0.514019 0.265131
0.515515 0.251788
0.515749 0.120161
0.517526 0.215636
0.519404 0.192743
0.520011 0.240091
0.521222 0.264456
0.526491 0.174212
0.528071 0.183313
0.530684 0.207723
0.531355 0.239502
0.531570 0.203166
0.532011 0.192941
0.532144 0.224676
0.535415 0.179618
0.537182 0.191667
0.537993 0.192232
0.538133 0.106861
0.540258 0.193229
0.540965 0.130753
0.543958 0.123758
0.547367 0.107185
0.549588 0.191478
0.550505 0.164065
0.552430 0.172861
0.554507 0.212617
0.554854 0.083519
0.556781 0.165359
0.557302 0.129802
0.560083 0.136414
0.566826 0.154264
0.567678 0.137052
0.568678 0.218881
0.570327 0.220754
0.570907 0.156208
0.572068 0.075911
0.572954 0.090150
0.573159 0.060218
0.574509 0.129360
0.574565 0.188620
0.576372 0.181763
0.576816 0.233529
0.578510 0.148758
0.582739 0.226243
0.582799 0.207977
0.583526 0.105364
0.586895 0.212416
0.587757 0.123405
0.588768 0.213426
0.589253 0.092827
0.589771 0.090792
0.589792 0.133411
0.590104 0.184827
0.590202 0.211179
0.595641 0.191572
0.596535 0.120940
0.597099 0.205788
0.599929 0.050460
0.602282 0.149888
0.602812 0.077206
0.605273 0.230245
0.605698 0.123557
0.607252 0.138249
0.608177 0.209852
0.609312 0.206931
0.609511 0.127726
0.609634 0.105649
0.609968 0.147163
0.611119 0.182010
0.611408 0.212360
0.611414 0.048121
0.611753 0.157417
0.612526 0.193147
0.612847 0.186271
0.614264 0.127665
0.617119 0.219816
0.618024 0.191457
0.619095 0.073861
0.619179 0.137080
0.619701 0.195901
0.620939 0.170035
0.623162 0.217655
0.624033 0.161590
0.625834 0.189818
0.626149 0.176724
0.626620 0.206519
0.627034 0.056568
0.628500 0.108347
0.628555 0.192020
0.628920 0.122268
0.629306 0.145448
0.630009 0.163801
0.635291 0.192625
0.635601 0.127220
0.636535 0.165297
0.637152 0.100870
0.637197 0.177630
0.641991 0.183949
0.642918 0.088406
0.643583 0.110178
0.647341 0.173838
0.647420 0.187066
0.649126 0.191007
0.649232 0.128571
0.652526 0.118873
0.660074 0.068508
0.661553 0.146930
0.663641 0.165430
0.664831 0.208893
0.666476 0.097542
0.666693 0.206685
0.668429 0.199533
0.671383 0.093193
0.671618 0.180245
0.674215 0.150878
0.674257 0.178256
0.674476 0.119525
0.675551 0.155160
0.675706 0.127212
0.677530 0.075588
0.679444 0.179948
0.679531 0.107526
0.680571 0.102310
0.681438 0.133566
0.682045 0.116967
0.684218 0.171174
0.686207 0.178407
0.686977 0.190107
0.689538 0.170061
0.689672 0.189210
0.689802 0.146244
0.693028 0.195726
0.693682 0.084820
0.694587 0.106529
0.696494 0.158278
0.697447 0.194994
0.700049 0.195597
0.702808 0.073237
0.702825 0.182274
0.705864 0.115506
0.707066 0.076970
0.710740 0.181994
0.711151 0.153474
0.711415 0.107506
0.711690 0.131947
0.711979 0.145362
0.712089 0.144697
0.715735 0.107508
0.715948 0.059437
0.720474 0.094955
0.723448 0.105176
0.723523 0.160150
0.723910 0.115701
0.724464 0.113291
0.724655 0.129714
0.725439 0.168443
0.726255 0.189320
0.726620 0.099113
0.726909 0.141872
0.727880 0.137143
0.729638 0.067784
0.731912 0.096111
0.733360 0.146218
0.734399 0.083737
0.735093 0.080423
0.738211 0.101845
0.738436 0.095956
0.738710 0.139730
0.740468 0.146593
0.741976 0.086069
0.742649 0.174051
0.743356 0.156324
0.744136 0.125397
0.745794 0.107906
0.746379 0.132033
0.748300 0.130556
0.749231 0.136503
0.751161 0.148977
0.752752 0.146707
0.754779 0.158000
0.756949 0.128382
0.761517 0.065649
0.762439 0.167969
0.770508 0.099365
0.772444 0.119142
0.774849 0.132148
0.780135 0.034140
0.781124 0.089021
0.782716 0.094411
0.783893 0.129557
0.785579 0.112830
0.785980 0.082972
0.786053 0.117660
0.790734 0.099135
0.792784 0.114738
0.793410 0.100144
0.795601 0.158677
0.795907 0.133763
0.797597 0.162747
0.801173 0.132171
0.803619 0.061480
0.804280 0.041570
0.805157 0.087899
0.807990 0.111339
0.809035 0.162630
0.809648 0.129220
0.810022 0.069318
0.810133 0.157005
0.811502 0.111615
0.812435 0.067893
0.813944 0.144649
0.814191 0.155791
0.814992 0.121201
0.815056 0.121993
0.817590 0.155431
0.817775 0.131520
0.817958 0.050000
0.818359 0.106629
0.819303 0.147465
0.819651 0.155059
0.822195 0.110210
0.823345 0.121055
0.823570 0.088579
0.823861 0.046529
0.824942 0.136529
0.827613 0.138638
0.829242 0.070610
0.830579 0.158055
0.831191 0.111331
0.832500 0.155197
0.833351 0.036875
0.833566 0.126132
0.833799 0.158527
0.833965 0.117540
0.835979 0.000000
0.836127 0.049414
0.837756 0.141312
0.838994 0.143083
0.840083 0.073815
0.841016 0.114411
0.842921 0.117178
0.843778 0.138553
0.846009 0.109008
0.846029 0.072391
0.848666 0.062241
0.850305 0.105002
0.850654 0.153691
0.850984 0.102514
0.851123 0.141982
0.854436 0.035086
0.857238 0.076471
0.857272 0.131698
0.857320 0.087964
0.858459 0.138565
0.860325 0.121798
0.860690 0.135750
0.862301 0.102780
0.862656 0.123906
0.863860 0.073568
0.863861 0.088238
0.867444 0.090468
0.867840 0.132094
0.870492 0.099836
0.871887 0.129261
0.872018 0.082925
0.875261 0.099531
0.876691 0.079166
0.878886 0.073999
0.882228 0.037399
0.882720 0.116868
0.883463 0.117796
0.884508 0.110948
0.885576 0.116626
0.885719 0.083541
0.887451 0.096427
0.887840 0.119586
0.889239 0.081997
0.891449 0.140524
0.892494 0.127179
0.893330 0.092167
0.893332 0.092939
0.893629 0.068662
0.895065 0.079842
0.896144 0.105485
0.900066 0.026450
0.900208 0.117751
0.901661 0.101584
0.902699 0.053601
0.902800 0.107639
0.903509 0.082148
0.905116 0.095663
0.910045 0.112257
0.910878 0.104014
0.911427 0.096914
0.911854 0.128111
0.912109 0.053136
0.913878 0.086768
0.913965 0.114890
0.915139 0.097156
0.916340 0.026520
0.917052 0.114777
0.920253 0.101692
0.922010 0.076981
0.923342 0.136310
0.923586 0.072203
0.924515 0.097364
0.925116 0.120981
0.925818 0.090061
0.926795 0.070876
0.927642 0.047063
0.929094 0.051474
0.930314 0.036583
0.932550 0.044289
0.933490 0.044442
0.933796 0.071620
0.934176 0.100402
0.934262 0.073241
0.934536 0.131976
0.935660 0.035344
0.936894 0.113591
0.936976 0.108194
0.939882 0.089848
0.940544 0.076026
0.941283 0.108385
0.941290 0.019150
0.942450 0.031252
0.942933 0.000921
0.943473 0.079821
0.944690 0.068807
0.946604 0.123237
0.947106 0.064942
0.947813 0.101677
0.951858 0.068041
0.953155 0.128418
0.953407 0.125217
0.957541 0.076195
0.966537 0.099692
0.967029 0.080576
0.967480 0.116095
0.967991 0.072684
0.968604 0.103969
0.969353 0.040152
0.970324 0.070798
0.973921 0.065728
0.974158 0.047933
0.974339 0.089058
0.974567 0.085159
0.975374 0.086111
0.975873 0.056939
0.976269 0.105413
0.978570 0.079838
0.981978 0.095476
0.983421 0.120823
0.984560 0.074622
0.985413 0.104602
0.985978 0.120319
0.990751 0.084856
0.991178 0.112007
0.991337 0.033499
0.994308 0.104592
0.994966 0.061171
0.997322 0.088470
0.998082 0.097157
0.999820 0.069599
1.000000 0.027809
