0.000000 0.672528
0.000066 0.154693
0.001971 0.180775
0.002289 0.403081
0.003204 0.676732
0.004610 0.605789
0.005754 0.275871
0.006015 0.528760
0.006095 0.386408
0.006765 0.570875
0.006780 0.220834
0.007499 0.663395
0.007996 0.000000
0.008818 0.327311
0.010645 0.407896
0.011722 0.625747
0.012330 0.471102
0.012825 0.456089
0.015870 0.510695
0.018315 0.395825
0.019063 0.393086
0.019636 0.449549
0.019918 0.638049
0.020755 0.582371
0.021766 0.638465
0.022781 0.578297
0.023922 0.426691
0.025297 0.317174
0.026326 0.589211
0.027020 0.216779
0.027557 0.458587
0.029921 0.341388
0.029983 0.252327
0.030216 0.605443
0.031645 0.739295
0.032255 0.516977
0.032333 0.521336
0.034274 0.604503
0.034316 0.360759
0.037153 0.640970
0.037873 0.546942
0.038639 0.592723
0.039921 0.355991
0.040668 0.410336
0.042617 0.656898
0.043046 0.490897
0.043481 0.600342
0.044816 0.647183
0.047515 0.543495
0.049321 0.551735
0.052192 0.613641
0.052347 0.597327
0.055885 0.551717
0.056496 0.703133
0.056537 0.778056
0.056867 0.743359
0.056974 0.608249
0.057125 0.702251
0.058106 0.435976
0.059534 0.344799
0.060831 0.574623
0.062227 0.350360
0.064294 0.556750
0.065256 0.640208
0.065665 0.504109
0.069087 0.495388
0.069422 0.666650
0.070251 0.370241
0.070438 0.566381
0.071510 0.396514
0.073832 0.526822
0.074119 0.481665
0.074135 0.493901
0.074217 0.426626
0.074272 0.453361
0.076580 0.638274
0.076964 0.517411
0.079081 0.586587
0.079424 0.565608
0.079540 0.410617
0.079617 0.426815
0.079877 0.734492
0.080292 0.770111
0.080329 0.398034
0.080437 0.569819
0.081164 0.533218
0.081416 0.556498
0.081792 0.559396
0.083660 0.624828
0.083832 0.765862
0.084447 0.562039
0.088459 0.476363
0.091040 0.448419
0.094105 0.597019
0.095115 0.659090
0.095206 0.658490
0.095612 0.720051
0.096878 0.513003
0.096906 0.641896
0.097609 0.485843
0.098255 0.475959
0.099732 0.590003
0.100200 0.577410
0.100518 0.676419
0.100662 0.597175
0.101304 0.640953
0.102841 0.454142
0.103545 0.548994
0.104086 0.657150
0.104232 0.692941
0.104883 0.689053
0.105460 0.610548
0.107309 0.503867
0.107628 0.578631
0.107733 0.573617
0.107735 0.647023
0.107848 0.552843
0.110693 0.539200
0.111992 0.580893
0.112059 0.606428
0.112462 0.687353
0.113745 0.567039
0.114310 0.550569
0.114317 0.639129
0.115346 0.611037
0.116993 0.477887
0.118210 0.684087
0.119603 0.736754
0.120566 0.545762
0.120893 0.547192
0.121011 0.666846
0.122137 0.689451
0.122521 0.606716
0.122833 0.698616
0.124217 0.654426
0.127009 0.648913
0.127245 0.496565
0.127545 0.511506
0.129100 0.694030
0.129595 0.640490
0.129625 0.693916
0.130245 0.725443
0.131563 0.758246
0.131781 0.626241
0.135910 0.554567
0.137806 0.623281
0.138913 0.535288
0.139633 0.749365
0.141779 0.728875
0.142366 0.568611
0.142421 0.558925
0.143132 0.585167
0.144437 0.596004
0.146087 0.567510
0.147107 0.649482
0.147966 0.688133
0.149260 0.608659
0.150001 0.711849
0.151082 0.574780
0.151932 0.666436
0.153596 0.773149
0.155853 0.674110
0.156265 0.748082
0.156597 0.619449
0.159620 0.670791
0.159787 0.840195
0.159941 0.551091
0.160632 0.601888
0.163891 0.746183
0.164107 0.688117
0.166829 0.686898
0.166997 0.650647
0.167393 0.639176
0.170168 0.697693
0.170694 0.725069
0.171011 0.714354
0.172089 0.667294
0.172254 0.715274
0.173190 0.729057
0.173461 0.573613
0.174225 0.569847
0.177253 0.584224
0.178579 0.714626
0.178981 0.655167
0.179024 0.597726
0.179971 0.604424
0.180092 0.677571
0.180208 0.699861
0.181072 0.636645
0.181912 0.682315
0.181938 0.720697
0.182617 0.701930
0.183016 0.658670
0.186916 0.711059
0.187127 0.646538
0.187185 0.693047
0.187727 0.612275
0.188093 0.693424
0.188415 0.590394
0.188429 0.595142
0.189330 0.688873
0.189859 0.579708
0.190918 0.660977
0.194564 0.756247
0.194874 0.729037
0.194898 0.750504
0.195600 0.636832
0.197544 0.649387
0.198566 0.668485
0.199025 0.757307
0.199514 0.720123
0.199556 0.739855
0.203178 0.689575
0.203658 0.743417
0.203700 0.682170
0.204824 0.730006
0.205704 0.667876
0.206147 0.764577
0.206272 0.653204
0.207888 0.728439
0.210033 0.673166
0.210323 0.771205
0.210567 0.638373
0.211432 0.610614
0.212425 0.631681
0.213082 0.803407
0.213251 0.609844
0.213928 0.717845
0.214121 0.770184
0.214503 0.685238
0.214853 0.742010
0.215040 0.778702
0.217911 0.683822
0.219119 0.664739
0.220910 0.638250
0.221174 0.702591
0.221345 0.691399
0.221474 0.758819
0.221643 0.694709
0.222064 0.622715
0.222654 0.665248
0.223222 0.784425
0.225608 0.816934
0.228324 0.642172
0.228926 0.659405
0.231083 0.758515
0.232249 0.746863
0.232318 0.767170
0.234369 0.646360
0.234891 0.623788
0.235583 0.670721
0.235891 0.703490
0.236211 0.705494
0.236318 0.756132
0.240908 0.697890
0.241749 0.781496
0.242734 0.708047
0.246191 0.665525
0.248549 0.728914
0.249506 0.736018
0.251595 0.743793
0.252575 0.703960
0.252868 0.745543
0.254512 0.750951
0.257973 0.681874
0.260529 0.769151
0.261461 0.686829
0.261956 0.743918
0.264162 0.700138
0.266386 0.706822
0.266455 0.653861
0.268822 0.730125
0.268851 0.762787
0.269990 0.665223
0.270203 0.737807
0.272115 0.704731
0.273807 0.831232
0.274225 0.781891
0.274980 0.783270
0.275203 0.720162
0.276264 0.683808
0.276500 0.670739
0.278062 0.826478
0.280389 0.733063
0.280533 0.704899
0.282975 0.762131
0.283320 0.837252
0.283554 0.741992
0.284583 0.748112
0.284587 0.683380
0.284893 0.712947
0.285808 0.710966
0.285891 0.717453
0.286383 0.685915
0.289626 0.717123
0.289850 0.711220
0.290269 0.696563
0.291457 0.729456
0.291609 0.823380
0.292309 0.750464
0.292682 0.743606
0.292905 0.788800
0.293858 0.891737
0.294772 0.754558
0.295014 0.687535
0.295284 0.774977
0.296116 0.673619
0.299238 0.755214
0.299742 0.784557
0.299812 0.731189
0.300203 0.730735
0.300687 0.807230
0.301721 0.775546
0.301795 0.797230
0.302863 0.777802
0.303779 0.741528
0.304753 0.714125
0.304762 0.720647
0.306051 0.767384
0.306933 0.725258
0.307714 0.686641
0.307950 0.809850
0.309309 0.894935
0.309463 0.729474
0.312342 0.700831
0.312538 0.763975
0.313221 0.756815
0.313323 0.779136
0.313382 0.732659
0.314716 0.857366
0.315343 0.755527
0.316209 0.772963
0.317249 0.791648
0.317353 0.750794
0.320320 0.779189
0.321584 0.742300
0.322584 0.768557
0.323349 0.705228
0.323729 0.696642
0.326749 0.780940
0.327698 0.702260
0.327939 0.722986
0.328392 0.816045
0.329032 0.706356
0.329575 0.792803
0.330537 0.775013
0.331069 0.769044
0.332115 0.741317
0.332617 0.779739
0.333508 0.794133
0.334665 0.787730
0.336274 0.719543
0.337869 0.786942
0.338678 0.746139
0.338700 0.736984
0.338764 0.817300
0.339239 0.802024
0.342002 0.724711
0.342184 0.720261
0.342432 0.840202
0.344536 0.745530
0.345443 0.756635
0.345469 0.727462
0.346352 0.726310
0.348120 0.776687
0.348885 0.736097
0.349036 0.738103
0.349187 0.750455
0.349356 0.813652
0.355020 0.856997
0.357951 0.769772
0.358900 0.719724
0.360171 0.720198
0.360248 0.874255
0.361948 0.771914
0.363374 0.764324
0.364689 0.804375
0.364776 0.766250
0.365755 0.718080
0.366528 0.817153
0.366849 0.731420
0.367759 0.735360
0.368396 0.781211
0.368936 0.758484
0.369095 0.723439
0.369405 0.801604
0.370048 0.741896
0.370566 0.803823
0.372314 0.811840
0.374978 0.819110
0.376325 0.762875
0.377755 0.727300
0.381730 0.730714
0.382719 0.800813
0.384172 0.742920
0.386285 0.739517
0.386299 0.781047
0.387824 0.750703
0.389296 0.760275
0.391166 0.761113
0.392258 0.764604
0.394831 0.809367
0.394908 0.806005
0.397055 0.767847
0.398056 0.770294
0.403642 0.790875
0.404538 0.788913
0.410435 0.858157
0.413278 0.754992
0.414010 0.816181
0.414581 0.772538
0.415782 0.775881
0.416411 0.761315
0.417034 0.766371
0.418859 0.790777
0.418926 0.908281
0.419311 0.779590
0.419331 0.764277
0.420022 0.832223
0.421503 0.829067
0.423686 0.778858
0.425917 0.758767
0.427126 0.816648
0.428205 0.869307
0.428749 0.819406
0.430851 0.757825
0.430979 0.776488
0.431908 0.884449
0.432883 0.848666
0.433075 0.762578
0.433205 0.791360
0.433757 0.878843
0.434331 0.856361
0.434607 0.784203
0.435603 0.822424
0.435762 0.832456
0.437413 0.835524
0.438027 0.807185
0.438171 0.781040
0.438910 0.827787
0.439597 0.815894
0.443085 0.782214
0.443575 0.818608
0.444043 0.772572
0.444242 0.793422
0.444311 0.790213
0.449439 0.767946
0.449643 0.861886
0.450334 0.766220
0.450942 0.828951
0.454008 0.834545
0.454351 0.843751
0.454845 0.801656
0.456270 0.805042
0.456591 0.812881
0.457927 0.821855
0.459952 0.770934
0.462679 0.782389
0.462846 0.812025
0.464148 0.829578
0.465193 0.848272
0.471040 0.871930
0.472753 0.843227
0.473263 0.811408
0.473462 0.822965
0.474447 0.814573
0.477302 0.894310
0.477769 0.780497
0.478080 0.785765
0.478195 0.873648
0.478296 0.897654
0.478790 0.841899
0.479470 0.825740
0.480219 0.852706
0.480751 0.821977
0.481069 0.853896
0.483018 0.796379
0.484109 0.845807
0.485989 0.818560
0.486117 0.819621
0.486591 0.865303
0.486716 0.806385
0.490783 0.880051
0.490793 0.831548
0.491261 0.808343
0.491546 0.806140
0.492775 0.828257
0.492805 0.816419
0.493886 0.861988
0.495116 0.840321
0.495807 0.816076
0.496108 0.833089
0.499182 0.837669
0.503815 0.904496
0.506267 0.806169
0.508776 0.797339
0.509386 0.816254
0.513205 0.826241
0.513816 0.813481
0.514650 0.860365
0.514709 0.792439
0.514822 0.802378
0.515633 0.820331
0.516656 0.851464
0.516901 0.849882
0.519225 0.799181
0.519404 0.812956
0.520078 0.798961
0.520659 0.819733
0.523172 0.843991
0.523908 0.900351
0.525468 0.862022
0.526576 0.831660
0.526619 0.885927
0.526722 0.914053
0.528848 0.800361
0.531130 0.835334
0.532860 0.848236
0.534158 0.850607
0.534494 0.807158
0.534556 0.848214
0.536735 0.814264
0.536927 0.827794
0.537598 0.836988
0.539308 0.813786
0.540509 0.853578
0.542686 0.802516
0.543295 0.856145
0.544490 0.854406
0.544929 0.878487
0.547710 0.815688
0.547915 0.830875
0.549187 0.846872
0.551260 0.838872
0.551792 0.879789
0.553463 0.828432
0.554297 0.853865
0.554374 0.824516
0.555283 0.955976
0.556222 0.892993
0.559003 0.854672
0.559070 0.861061
0.559131 0.846402
0.559777 0.810378
0.561787 0.823550
0.562868 0.845060
0.563206 0.917142
0.563563 0.891771
0.564835 0.867867
0.565199 0.829342
0.565862 0.823697
0.566699 0.853665
0.567696 0.853458
0.569432 0.843873
0.569445 0.825540
0.570573 0.851812
0.570705 0.829891
0.570807 0.892905
0.571044 0.909878
0.573175 0.842052
0.578328 0.843438
0.579132 0.852487
0.584837 0.836035
0.584985 0.877356
0.586180 0.837400
0.586430 0.835925
0.587668 0.912732
0.589117 0.833775
0.589222 0.846928
0.589784 0.822641
0.589910 0.858870
0.591401 0.824933
0.591627 0.857998
0.592104 0.874664
0.592564 0.887163
0.592941 0.895582
0.594403 0.875104
0.595542 0.825824
0.595568 0.838473
0.595980 0.866699
0.598513 0.890902
0.599882 0.844557
0.600284 0.836545
0.600865 0.893183
0.601162 0.832165
0.601695 0.832890
0.603678 0.879522
0.604385 0.844652
0.605937 0.869341
0.606453 0.835250
0.606520 0.862600
0.606549 0.938483
0.607015 0.897730
0.607177 0.870500
0.607346 0.880333
0.612859 0.861169
0.613898 0.828900
0.616738 0.903609
0.619444 0.872677
0.619533 0.870922
0.620104 0.873576
0.621779 0.889070
0.622003 0.877586
0.623117 0.885781
0.624243 0.858189
0.626500 0.915164
0.627890 0.852820
0.629708 0.904087
0.631145 0.893054
0.632013 0.860758
0.633983 0.868007
0.634109 0.892096
0.634620 0.896349
0.635402 0.884204
0.635663 0.884040
0.638279 0.887550
0.639390 0.899651
0.639538 0.849766
0.641061 0.888786
0.642686 0.864242
0.648474 0.853019
0.649410 0.854550
0.650894 0.879454
0.651101 0.856675
0.651195 0.860027
0.651468 0.870772
0.654780 0.893171
0.656441 0.872435
0.657138 0.896768
0.660780 0.850224
0.662847 0.875763
0.663788 0.888519
0.663806 0.899935
0.665352 0.873025
0.669125 0.887452
0.669964 0.867984
0.670861 0.863313
0.673778 0.896604
0.674280 0.911962
0.676558 0.853379
0.676609 0.902175
0.678148 0.873323
0.679855 0.853359
0.680009 0.913501
0.680725 0.869447
0.680866 0.868742
0.681324 0.902405
0.685268 0.890730
0.685293 0.857921
0.685779 0.898348
0.688169 0.899497
0.688225 0.873055
0.688342 0.866014
0.688523 0.863922
0.689657 0.916212
0.690629 0.890899
0.690931 0.895144
0.691124 0.895632
0.691262 0.889348
0.692229 0.876108
0.692530 0.863060
0.695889 0.881530
0.695958 0.881596
0.696034 0.880777
0.696205 0.854963
0.697571 0.878476
0.700263 0.900777
0.700914 0.899936
0.701076 0.914939
0.703039 0.891557
0.703709 0.923284
0.705981 0.968998
0.708125 0.863812
0.708253 0.884432
0.708648 0.886944
0.709460 0.911609
0.711973 0.877938
0.712976 0.863237
0.713506 0.890377
0.713874 0.874650
0.714212 0.905157
0.714859 0.889956
0.715054 0.876663
0.715891 0.916383
0.715931 0.874641
0.716885 0.864976
0.717793 0.868565
0.719247 0.888741
0.719881 0.890135
0.720641 0.894790
0.722123 0.926262
0.722267 0.903518
0.722706 0.886286
0.723260 0.901003
0.723524 0.868419
0.723899 0.902250
0.724707 0.899744
0.725528 0.894234
0.728034 0.872307
0.731864 0.910026
0.732156 0.884373
0.732843 0.895039
0.733060 0.903687
0.738877 0.978860
0.740550 0.906488
0.742417 0.872647
0.743028 0.883521
0.743353 0.892566
0.744755 0.887893
0.744855 0.877843
0.746830 0.898326
0.747455 0.929708
0.748418 0.875189
0.748842 0.879167
0.750820 0.879811
0.750836 0.881033
0.751130 0.886697
0.752821 0.888175
0.753349 0.902006
0.754696 0.904497
0.755229 0.939070
0.756165 0.888785
0.756347 0.908989
0.756525 0.899182
0.756902 0.939631
0.757177 0.945032
0.759637 0.877390
0.760133 0.886050
0.762873 0.913621
0.763089 0.899248
0.765347 0.895020
0.767634 0.919485
0.767909 0.958486
0.767980 0.876185
0.769587 0.878170
0.770377 0.900008
0.770474 0.904799
0.772032 0.927171
0.773889 0.901408
0.774216 0.888113
0.774823 0.923295
0.774862 0.893882
0.775079 0.894369
0.775717 0.902569
0.778671 0.951525
0.781131 0.888539
0.781310 0.884146
0.783852 0.927249
0.784015 0.957948
0.784503 0.911660
0.784583 0.891097
0.785356 0.938767
0.785437 0.895901
0.786612 0.906359
0.786735 0.887758
0.786808 0.902121
0.786908 0.911947
0.787213 0.911368
0.787469 0.882031
0.788405 0.938135
0.788715 0.917988
0.789990 0.932615
0.790177 0.887479
0.791005 0.889697
0.791345 0.885360
0.791721 0.914299
0.791984 0.913931
0.796216 0.963492
0.797445 0.902622
0.799279 0.909245
0.799349 0.897352
0.799577 0.916549
0.800259 0.903091
0.801386 0.887834
0.804195 0.888240
0.804267 0.889780
0.804640 0.905743
0.804763 0.916493
0.806748 0.916515
0.810023 0.931019
0.810964 0.947783
0.813845 0.928110
0.814071 0.944257
0.814620 0.905235
0.815651 0.894396
0.817206 0.941836
0.823337 0.925409
0.824324 0.912937
0.828732 0.914980
0.829636 0.905909
0.832552 0.939361
0.834000 0.932931
0.834777 0.919925
0.835873 0.934365
0.836013 0.902547
0.837100 0.920497
0.839644 0.932413
0.840359 0.925038
0.841810 0.947497
0.842981 0.923116
0.844340 0.946240
0.844444 0.905348
0.844868 0.929533
0.845303 0.915546
0.845876 0.951182
0.846867 0.982109
0.847498 0.954819
0.848604 0.907504
0.848966 0.928568
0.849775 0.903490
0.850078 0.943498
0.852945 0.918401
0.853296 0.928658
0.853438 0.922638
0.853716 0.904879
0.853880 0.913035
0.854054 0.918406
0.854471 0.939683
0.856535 0.903397
0.857157 0.905784
0.858060 0.900004
0.858076 0.907046
0.858566 0.953862
0.859120 0.955519
0.859939 0.918311
0.860391 0.955902
0.861236 0.936444
0.862185 0.907295
0.862939 0.916101
0.863721 0.982143
0.863959 0.960834
0.864253 0.916734
0.866704 0.922942
0.866735 0.922248
0.866919 0.919777
0.867140 0.951796
0.868074 0.942654
0.869360 0.945199
0.872598 0.974268
0.873941 0.934581
0.874468 0.910306
0.874908 0.937072
0.875127 0.959554
0.876452 0.910318
0.878068 0.949690
0.878497 0.994891
0.878809 0.934110
0.879783 0.934192
0.880628 0.950765
0.881052 0.939292
0.881996 0.935981
0.882575 0.949075
0.884361 0.923968
0.884455 0.914111
0.884704 0.915438
0.885275 0.940317
0.886058 0.921541
0.886977 0.972824
0.887359 0.915149
0.887712 0.911566
0.891038 0.941516
0.891373 0.923569
0.891435 0.910504
0.895280 0.915033
0.895364 0.953374
0.895739 0.928416
0.896118 0.916570
0.896608 0.919126
0.896622 0.964238
0.897609 0.916316
0.898121 0.919361
0.901685 0.922162
0.901769 0.961105
0.901947 0.929360
0.902173 0.944117
0.905993 0.931762
0.907458 0.917339
0.908748 0.936207
0.909723 0.966129
0.910295 0.971953
0.910519 0.974695
0.911125 0.932187
0.911338 0.935564
0.912570 0.957098
0.913220 0.916087
0.914656 0.923054
0.915061 0.922872
0.915407 0.949707
0.916774 0.945759
0.921673 0.930901
0.922934 0.915423
0.923600 0.961327
0.923642 0.926210
0.926311 0.939454
0.926854 0.934632
0.927008 0.931311
0.928135 0.922655
0.928829 0.930178
0.932067 0.969489
0.934142 0.935542
0.934935 0.919343
0.935846 0.979676
0.936147 0.995950
0.936307 0.924649
0.936983 0.944986
0.937543 0.958555
0.938265 0.970123
0.939634 0.930725
0.939709 0.969223
0.940851 0.952523
0.943279 0.938445
0.943309 0.932516
0.945286 0.975982
0.946197 0.980414
0.947377 0.944595
0.948855 0.933391
0.948965 0.930636
0.949708 0.956858
0.950124 0.938690
0.950643 0.930184
0.950662 0.926828
0.950687 0.938985
0.951288 0.972138
0.951296 0.922217
0.952881 0.941656
0.953410 0.970395
0.954286 0.946352
0.955591 0.941537
0.956446 0.944392
0.956512 0.960327
0.956614 0.927909
0.958332 0.925187
0.959350 0.932804
0.959389 0.933289
0.961487 0.930799
0.961811 0.945841
0.964322 0.925233
0.967973 0.943912
0.970388 0.938026
0.970424 0.958586
0.970436 0.935110
0.972338 1.000000
0.976247 0.964635
0.978192 0.949059
0.978622 0.943054
0.980640 0.944660
0.981075 0.991938
0.982511 0.931512
0.982613 0.945616
0.982913 0.988848
0.983008 0.971337
0.983998 0.932512
0.987348 0.984505
0.987937 0.955872
0.988771 0.956701
0.989883 0.942081
0.989891 0.966898
0.990136 0.967075
0.991877 0.952848
0.992860 0.983881
0.993297 0.950753
0.993695 0.961758
0.995570 0.948593
0.998342 0.963129
1.000000 0.976515
