0.000000 0.680497
0.000437 0.454888
0.001958 0.576091
0.002299 0.664860
0.002861 0.467291
0.003571 0.123051
0.004825 0.570156
0.004928 0.725403
0.005283 0.000000
0.005410 0.583452
0.005643 0.469431
0.007297 0.618754
0.007983 0.216919
0.008944 0.391235
0.009744 0.474303
0.010808 0.231927
0.011445 0.648813
0.011927 0.580732
0.011986 0.464095
0.013249 0.547283
0.017042 0.295859
0.018028 0.266019
0.018745 0.033793
0.019337 0.382326
0.019594 0.256709
0.020702 0.536382
0.020902 0.071609
0.021423 0.687170
0.022959 0.480487
0.023931 0.164103
0.024485 0.263481
0.024621 0.542788
0.024701 0.719581
0.026975 0.649317
0.027986 0.348907
0.028986 0.609284
0.029859 0.363311
0.030029 0.611886
0.030060 0.343346
0.032739 0.636251
0.032817 0.297313
0.034701 0.494200
0.034759 0.584903
0.034888 0.545179
0.034898 0.262592
0.035633 0.646659
0.036221 0.529434
0.036720 0.621634
0.037036 0.460321
0.037367 0.634169
0.039755 0.659119
0.039898 0.479281
0.040731 0.448822
0.041377 0.596557
0.043823 0.612511
0.044441 0.636557
0.044451 0.700870
0.047085 0.675225
0.048204 0.332012
0.048236 0.516032
0.048739 0.693745
0.048878 0.418887
0.049516 0.565166
0.049635 0.355542
0.050399 0.489672
0.050778 0.489358
0.051568 0.415941
0.052474 0.471521
0.053212 0.491820
0.053223 0.406559
0.055050 0.537460
0.056283 0.368496
0.056437 0.378878
0.056778 0.482230
0.056814 0.418015
0.056930 0.717381
0.057864 0.578904
0.059745 0.293710
0.060816 0.625534
0.061511 0.615828
0.062082 0.313168
0.062453 0.500403
0.062594 0.606806
0.062640 0.665425
0.062876 0.404233
0.064710 0.657275
0.065173 0.448895
0.065180 0.497196
0.065454 0.545784
0.066268 0.421242
0.066424 0.533832
0.066688 0.596879
0.067099 0.696795
0.067220 0.482458
0.068368 0.520514
0.068905 0.419544
0.070241 0.614196
0.070732 0.682157
0.071082 0.405904
0.071105 0.542402
0.072749 0.406604
0.073018 0.570411
0.073441 0.567162
0.074759 0.533570
0.076199 0.337786
0.077232 0.544545
0.077771 0.631059
0.078252 0.731459
0.079472 0.327892
0.079923 0.376716
0.081168 0.470843
0.081906 0.738062
0.083447 0.369443
0.083569 0.670198
0.084559 0.683944
0.084645 0.712996
0.085191 0.518939
0.085226 0.731070
0.087310 0.702372
0.087643 0.731641
0.088404 0.634450
0.089207 0.438597
0.089412 0.564348
0.089990 0.353694
0.090182 0.655286
0.090763 0.720238
0.090858 0.396334
0.091026 0.723677
0.091629 0.386444
0.092085 0.600212
0.092535 0.341216
0.093060 0.699300
0.093210 0.680881
0.094246 0.605730
0.094489 0.593768
0.095845 0.439933
0.099291 0.494743
0.099665 0.423863
0.100504 0.510073
0.102086 0.505217
0.102560 0.674673
0.104631 0.681088
0.106235 0.709339
0.106415 0.540261
0.106975 0.393031
0.107495 0.675392
0.108048 0.655997
0.108167 0.558999
0.108467 0.638131
0.108488 0.473568
0.109545 0.546897
0.112952 0.478357
0.114494 0.509170
0.115501 0.775212
0.116629 0.603415
0.116743 0.545196
0.116824 0.564349
0.117659 0.571823
0.120708 0.649789
0.121912 0.703562
0.122177 0.623225
0.122332 0.712416
0.122491 0.570064
0.123099 0.705335
0.124939 0.589756
0.125830 0.592497
0.126060 0.585801
0.126100 0.522646
0.127181 0.689821
0.128055 0.470287
0.129118 0.622764
0.131682 0.686866
0.132164 0.436039
0.132528 0.425027
0.133280 0.684073
0.136531 0.600193
0.139110 0.658638
0.141480 0.780984
0.143500 0.663246
0.143874 0.784486
0.144386 0.550080
0.145633 0.773867
0.146202 0.655393
0.147230 0.492587
0.147596 0.589258
0.147843 0.468740
0.148161 0.715403
0.148398 0.619613
0.149395 0.535147
0.149595 0.593711
0.149816 0.605288
0.149895 0.792183
0.151035 0.691012
0.151887 0.629423
0.152174 0.499724
0.152544 0.624201
0.153100 0.598438
0.153969 0.720920
0.155817 0.554336
0.155895 0.512517
0.157194 0.503262
0.157594 0.609551
0.158776 0.782136
0.160290 0.613842
0.161340 0.662826
0.161759 0.549663
0.162849 0.702327
0.164121 0.589061
0.165192 0.487436
0.165369 0.657814
0.166614 0.534725
0.166939 0.578523
0.167187 0.564190
0.167320 0.771880
0.167913 0.603928
0.168094 0.837305
0.168973 0.487586
0.169812 0.493861
0.170161 0.776536
0.170333 0.664164
0.171694 0.634082
0.172048 0.749482
0.172795 0.533731
0.172807 0.679300
0.172929 0.611821
0.174040 0.528610
0.176338 0.523577
0.176496 0.609367
0.177211 0.561972
0.177468 0.529756
0.178689 0.746748
0.178842 0.659265
0.181036 0.681168
0.182942 0.525204
0.183118 0.652078
0.184405 0.727640
0.185445 0.585500
0.185830 0.557730
0.186143 0.586123
0.186471 0.736710
0.186899 0.526724
0.189592 0.631190
0.189597 0.596336
0.189943 0.674230
0.190798 0.662330
0.191014 0.738371
0.191244 0.538914
0.191558 0.760122
0.192079 0.689063
0.192650 0.665187
0.193372 0.619717
0.193633 0.785015
0.193842 0.736007
0.194681 0.658663
0.194989 0.518431
0.195086 0.755170
0.195747 0.674567
0.195792 0.533942
0.196167 0.763081
0.196192 0.542452
0.197941 0.552294
0.197951 0.672007
0.199109 0.682088
0.199390 0.527234
0.200643 0.653997
0.201410 0.633404
0.201452 0.717812
0.201568 0.743059
0.202194 0.629171
0.202275 0.680171
0.202409 0.533137
0.203305 0.561486
0.204062 0.691313
0.206394 0.643698
0.206960 0.611884
0.207780 0.612759
0.207941 0.795718
0.211105 0.695403
0.212692 0.760351
0.214339 0.808029
0.214648 0.605661
0.214723 0.621226
0.215804 0.640632
0.215872 0.670870
0.218649 0.640999
0.218972 0.693528
0.219981 0.628659
0.220334 0.722374
0.220991 0.613933
0.221098 0.772026
0.222116 0.608799
0.222612 0.562233
0.223225 0.681539
0.223329 0.694032
0.224008 0.730880
0.224631 0.678635
0.224703 0.714017
0.225128 0.724477
0.225641 0.703020
0.226067 0.697713
0.226148 0.718704
0.226602 0.735152
0.227893 0.654672
0.228605 0.772475
0.229643 0.610489
0.229980 0.576350
0.229980 0.721331
0.231661 0.766183
0.233393 0.598561
0.233747 0.694105
0.233799 0.745425
0.233874 0.671048
0.233911 0.668401
0.233927 0.596257
0.235456 0.666999
0.236180 0.569674
0.238504 0.857385
0.238671 0.793454
0.238710 0.667165
0.239881 0.683837
0.240346 0.785631
0.241061 0.683299
0.241584 0.597468
0.241604 0.581990
0.243333 0.808300
0.244292 0.707124
0.247468 0.683403
0.248213 0.591285
0.248657 0.588084
0.248801 0.679670
0.249180 0.598246
0.249399 0.673079
0.249685 0.641913
0.249977 0.613907
0.250307 0.619897
0.251180 0.653636
0.251480 0.690639
0.251709 0.721798
0.252025 0.602644
0.252749 0.756965
0.254170 0.601770
0.254198 0.647651
0.254292 0.752148
0.254338 0.613687
0.254561 0.784493
0.254823 0.765512
0.255145 0.820060
0.256145 0.747342
0.257210 0.636055
0.257715 0.750193
0.258024 0.760298
0.258037 0.743840
0.258497 0.602071
0.259594 0.644364
0.259606 0.714112
0.260680 0.684541
0.261841 0.767149
0.262267 0.807635
0.262647 0.696649
0.262761 0.617485
0.262982 0.600091
0.265563 0.688452
0.266739 0.791732
0.266996 0.757664
0.267449 0.749069
0.267482 0.746844
0.267570 0.669982
0.267793 0.644672
0.268437 0.750035
0.270122 0.725227
0.270311 0.747215
0.270650 0.689045
0.271397 0.647513
0.272608 0.647783
0.273176 0.608546
0.274592 0.634123
0.275698 0.832613
0.275727 0.675493
0.275848 0.607779
0.277357 0.795147
0.277420 0.754980
0.278101 0.730429
0.281352 0.695175
0.283174 0.759329
0.283476 0.641672
0.284165 0.697583
0.285681 0.708627
0.286040 0.632859
0.289515 0.677800
0.290167 0.805290
0.290173 0.755701
0.290566 0.664290
0.290697 0.815173
0.290944 0.782335
0.291111 0.706055
0.293446 0.736666
0.293856 0.761946
0.294651 0.828872
0.294977 0.787503
0.295215 0.778213
0.296710 0.696565
0.296870 0.757915
0.297325 0.713326
0.298985 0.694166
0.299111 0.705121
0.300239 0.810618
0.300508 0.623972
0.301401 0.842909
0.303284 0.861087
0.303309 0.634898
0.303444 0.785958
0.305429 0.781772
0.306267 0.749821
0.308326 0.740844
0.308737 0.747352
0.309519 0.729988
0.310015 0.694642
0.310127 0.677809
0.310714 0.672038
0.312292 0.761056
0.312618 0.703850
0.312756 0.642465
0.312999 0.768560
0.314116 0.778515
0.314594 0.729691
0.315597 0.727313
0.316201 0.711366
0.317022 0.659196
0.319531 0.866919
0.319738 0.663826
0.322372 0.779840
0.322962 0.678419
0.323672 0.753513
0.324221 0.694649
0.324227 0.772590
0.325957 0.767148
0.326016 0.764780
0.326697 0.666792
0.327475 0.655801
0.327627 0.731228
0.327966 0.710017
0.328228 0.684203
0.328880 0.800626
0.328917 0.651292
0.329041 0.749655
0.330249 0.726437
0.330781 0.685816
0.331135 0.771743
0.332732 0.740555
0.333134 0.697480
0.334169 0.777057
0.334275 0.684259
0.335486 0.664874
0.335714 0.821894
0.336090 0.721355
0.336557 0.709983
0.336858 0.765390
0.338279 0.715186
0.338307 0.738889
0.338647 0.703983
0.340083 0.737657
0.340567 0.706643
0.343236 0.695930
0.343653 0.934611
0.344757 0.765282
0.345448 0.747382
0.346385 0.689783
0.346509 0.814227
0.347470 0.780401
0.348202 0.790214
0.348313 0.761883
0.350828 0.720959
0.353008 0.779075
0.353177 0.797461
0.354078 0.687886
0.358109 0.798884
0.358219 0.725380
0.359812 0.742850
0.361043 0.698366
0.361277 0.682289
0.362210 0.749019
0.364009 0.731852
0.364138 0.681292
0.364662 0.746208
0.364961 0.741538
0.365318 0.671187
0.365409 0.767887
0.365620 0.675185
0.365702 0.685956
0.367278 0.803067
0.368091 0.723363
0.371901 0.726342
0.372054 0.850318
0.372552 0.726115
0.373191 0.695189
0.374095 0.680474
0.374143 0.782753
0.375353 0.724535
0.376881 0.731104
0.378249 0.727110
0.378339 0.742396
0.378422 0.814455
0.379064 0.803377
0.379376 0.738000
0.379645 0.829966
0.380681 0.740481
0.382125 0.697728
0.383116 0.779409
0.383178 0.718947
0.383260 0.850485
0.386553 0.743219
0.388463 0.836909
0.388863 0.725885
0.389461 0.836988
0.390732 0.710495
0.392569 0.727686
0.393979 0.737614
0.394821 0.827982
0.395710 0.712987
0.395760 0.696944
0.396206 0.694924
0.397521 0.703733
0.398884 0.776279
0.399772 0.759854
0.401715 0.722533
0.401870 0.767836
0.402162 0.868003
0.402278 0.881140
0.404257 0.780436
0.404294 0.727041
0.404455 0.701035
0.404491 0.728904
0.405020 0.745195
0.406144 0.758065
0.406279 0.842914
0.407186 0.784320
0.407435 0.697340
0.407478 0.788529
0.407905 0.804208
0.408844 0.842494
0.408936 0.766040
0.409571 0.773031
0.410580 0.781826
0.412029 0.713864
0.412799 0.874614
0.414782 0.800478
0.415079 0.814406
0.415783 0.774647
0.416104 0.740693
0.416271 0.710344
0.417074 0.835422
0.418841 0.793139
0.419083 0.760670
0.420587 0.862411
0.421703 0.735564
0.423649 0.894711
0.424299 0.712683
0.425105 0.779218
0.425488 0.738481
0.425745 0.847791
0.426182 0.800194
0.427068 0.766403
0.427243 0.858358
0.427463 0.796385
0.427817 0.756961
0.428909 0.711210
0.429193 0.719487
0.429610 0.748627
0.430811 0.711862
0.431177 0.732606
0.432492 0.797629
0.432620 0.724595
0.434847 0.840037
0.435010 0.751797
0.435361 0.755959
0.437178 0.781762
0.438200 0.742711
0.438463 0.803501
0.439076 0.728277
0.439470 0.743331
0.439506 0.880152
0.439728 0.840344
0.441839 0.848071
0.441857 0.781668
0.441969 0.742298
0.442307 0.787693
0.444820 0.843485
0.445785 0.745575
0.448661 0.794055
0.448928 0.763114
0.449050 0.771105
0.449377 0.756949
0.449630 0.857042
0.450369 0.730762
0.451451 0.812678
0.451937 0.785589
0.451950 0.786049
0.452859 0.760205
0.454394 0.756482
0.454994 0.866311
0.455063 0.864785
0.455379 0.802760
0.455779 0.806863
0.457137 0.851245
0.457327 0.782842
0.461150 0.802373
0.462597 0.827088
0.463478 0.777729
0.466821 0.837219
0.469439 0.758076
0.469941 0.762200
0.470497 0.790041
0.471283 0.794105
0.471896 0.793673
0.473713 0.853808
0.474955 0.778947
0.475371 0.850941
0.475557 0.974537
0.477549 0.754679
0.477553 0.743756
0.477864 0.851375
0.477966 0.780171
0.480515 0.790752
0.480687 0.878357
0.480698 0.842920
0.481812 0.780619
0.487493 0.777787
0.489332 0.778789
0.489511 0.829322
0.489775 0.751455
0.490217 0.843775
0.490580 0.820318
0.492356 0.787397
0.492576 0.838267
0.493477 0.882335
0.493927 0.766713
0.495183 0.760480
0.495346 0.750781
0.496497 0.831767
0.496978 0.820355
0.497258 0.780967
0.498532 0.805430
0.499068 0.878742
0.500825 0.820667
0.502011 0.803679
0.502592 0.841965
0.503961 0.802314
0.505421 0.794209
0.505901 0.784988
0.507600 0.755831
0.508103 0.806462
0.510225 0.759598
0.511895 0.838280
0.512278 0.775591
0.512409 0.809580
0.512820 0.771068
0.512907 0.835751
0.513071 0.765500
0.514072 0.790328
0.514626 0.795967
0.515273 0.783962
0.515688 0.798054
0.515886 0.764039
0.516122 0.818465
0.517709 0.806211
0.518624 0.789923
0.520703 0.845042
0.522136 0.833694
0.525073 0.884501
0.525187 0.846846
0.526403 0.783186
0.527796 0.816885
0.528401 0.865336
0.529400 0.790441
0.534951 0.877316
0.535148 0.773454
0.536377 0.830573
0.536685 0.786231
0.537892 0.828657
0.540195 0.872438
0.541981 0.775549
0.542042 0.893032
0.542958 0.916607
0.542982 0.802318
0.543137 0.870887
0.543450 0.787328
0.544402 0.878194
0.544919 0.853249
0.545201 0.791051
0.545480 0.833288
0.546581 0.883068
0.547860 0.860346
0.548178 0.826545
0.548313 0.860234
0.549129 0.878715
0.549181 0.813711
0.550036 0.808293
0.550098 0.783592
0.550230 0.802806
0.550572 0.866492
0.551742 0.843846
0.552344 0.818638
0.552665 0.906378
0.554265 0.830941
0.555331 0.787031
0.555798 0.844120
0.555948 0.852705
0.557546 0.882592
0.557741 0.798404
0.558549 0.859269
0.559727 0.926765
0.563261 0.825717
0.564100 0.816736
0.564299 0.779299
0.564955 0.795774
0.567847 0.814584
0.568573 0.808894
0.569365 0.824530
0.569811 0.803331
0.569975 0.812609
0.571632 0.903867
0.572684 0.788924
0.575782 0.824453
0.576526 0.821620
0.576968 0.867627
0.577283 0.892651
0.577400 0.818368
0.577688 0.897893
0.577942 0.810036
0.578266 0.852890
0.578822 0.818094
0.581235 0.832772
0.581359 0.824969
0.581454 0.811772
0.581732 0.897520
0.582357 0.793240
0.583692 0.804066
0.583905 0.836637
0.584641 0.818125
0.585701 0.817086
0.587619 0.895081
0.588200 0.799175
0.588456 0.843241
0.588830 0.816383
0.589199 0.894700
0.589226 0.836768
0.589399 0.862306
0.589688 0.844043
0.589996 0.832820
0.590186 0.859497
0.591104 0.847317
0.591378 0.863882
0.591796 0.857175
0.593252 0.830626
0.594272 0.820560
0.595842 0.814951
0.596227 0.910048
0.596850 0.896099
0.598639 0.807527
0.600282 0.871603
0.601083 0.842594
0.601252 0.875249
0.601779 0.838792
0.601948 0.800607
0.602246 0.853896
0.602781 0.803301
0.602947 0.803948
0.604990 0.821036
0.605466 0.807789
0.607004 0.806807
0.608714 0.828004
0.611102 0.891045
0.611382 0.808618
0.611409 0.856182
0.611720 0.868239
0.613481 0.802225
0.613883 0.880365
0.614242 0.845806
0.614280 0.811168
0.615520 0.812821
0.615607 0.869059
0.615650 0.877764
0.616126 0.858992
0.616242 0.873875
0.616991 0.902983
0.617572 0.810900
0.618497 0.875853
0.618598 0.851889
0.619706 0.820291
0.620287 0.809755
0.620482 0.804247
0.620914 0.806589
0.620997 0.828905
0.621786 0.915211
0.622833 0.859510
0.623073 0.899035
0.623148 0.820406
0.623610 0.822102
0.624298 0.899195
0.625574 0.878973
0.627272 0.871559
0.627376 0.858172
0.628582 0.934491
0.629024 0.822058
0.629372 0.846518
0.630386 0.844972
0.631508 0.816696
0.631637 0.852187
0.632325 0.837789
0.632518 0.830545
0.632614 0.879027
0.633405 0.916473
0.633592 0.840194
0.634195 0.810358
0.634317 0.857906
0.634639 0.862105
0.635007 0.809407
0.635161 0.810129
0.635229 0.886493
0.635512 0.868325
0.636360 0.859370
0.636558 0.886531
0.639147 0.822733
0.639406 0.875534
0.639838 0.865645
0.641710 0.878614
0.644675 0.927485
0.646976 0.847679
0.647937 0.829123
0.650311 0.837907
0.650668 0.861454
0.653763 0.827841
0.658532 0.832949
0.659572 0.857569
0.663695 0.850843
0.664094 0.946368
0.664339 0.825665
0.665248 0.895099
0.665827 0.875784
0.666408 0.890733
0.666506 0.975224
0.667655 0.820209
0.668069 0.849010
0.668328 0.829241
0.670234 0.858165
0.671107 0.879199
0.672018 0.885147
0.674984 0.874039
0.675028 0.829585
0.675958 0.849088
0.678702 0.846648
0.679270 0.910848
0.681758 0.892832
0.681824 0.825597
0.681981 0.862662
0.682113 0.838672
0.682270 0.910388
0.682602 0.874865
0.683208 0.838444
0.683347 0.954402
0.684079 0.837987
0.684571 0.890161
0.684772 0.838932
0.684931 0.883624
0.685389 0.827007
0.686115 0.853187
0.690451 0.857435
0.692086 0.839430
0.692184 0.830840
0.693864 0.858206
0.694181 0.859435
0.694426 0.844128
0.694629 0.878857
0.694704 0.882373
0.695561 0.911018
0.695577 0.860623
0.696524 0.877649
0.696717 0.880940
0.696965 0.938465
0.697538 0.883091
0.698315 0.850979
0.700206 0.874285
0.700542 0.843015
0.702114 0.846130
0.703253 0.850603
0.703669 0.837979
0.704385 0.940219
0.704677 0.898094
0.705208 0.869034
0.705417 0.861866
0.705548 0.877852
0.706484 0.883153
0.707788 0.854217
0.708452 0.847065
0.713088 0.882397
0.717090 0.900469
0.717206 0.840377
0.717626 0.869961
0.718207 0.850050
0.718709 0.852677
0.718976 0.859164
0.719182 0.910540
0.719209 0.922140
0.720202 0.906427
0.720389 0.876383
0.720579 0.884388
0.721220 0.854486
0.721546 0.946306
0.721647 0.856447
0.721860 0.850777
0.722251 0.927464
0.722336 0.844383
0.722774 0.874060
0.724275 0.929680
0.729048 0.901022
0.729076 0.869180
0.731741 0.925242
0.733346 0.911955
0.733351 0.863876
0.734737 0.850504
0.735162 0.868532
0.735974 0.862876
0.738314 0.887953
0.738860 0.880788
0.742100 0.881986
0.742283 0.897360
0.742811 0.896666
0.743754 0.859755
0.744980 0.892866
0.745476 0.926793
0.746433 0.974071
0.748148 0.927728
0.748297 0.961708
0.748698 0.894248
0.751977 0.904644
0.752236 0.866610
0.753489 0.879504
0.754014 0.898841
0.754598 0.860028
0.755186 0.863600
0.755836 0.918792
0.755866 0.886046
0.755884 0.863039
0.756965 0.852789
0.758019 0.959790
0.758599 0.867291
0.760035 0.904474
0.760668 0.863659
0.760689 0.884516
0.761270 0.883558
0.762100 0.876143
0.762405 0.873381
0.762610 0.856920
0.764167 0.912797
0.764678 0.904746
0.765497 0.896242
0.765513 0.876959
0.766246 0.872991
0.766630 0.905589
0.767132 0.891308
0.768342 0.934289
0.770269 0.878200
0.771005 0.855983
0.772913 0.858097
0.773872 0.878638
0.774350 0.874008
0.775346 0.873045
0.777153 0.888493
0.777979 0.912491
0.778165 0.930599
0.780824 0.871869
0.781632 0.918269
0.781989 0.871375
0.783180 0.920238
0.783373 0.923103
0.784723 0.862756
0.784834 0.865561
0.784952 0.870488
0.786081 0.878209
0.789283 0.860831
0.789999 0.911702
0.790064 0.935022
0.790070 0.867666
0.790253 0.876165
0.790852 0.904724
0.792737 0.906001
0.793577 0.883047
0.794173 0.910411
0.794236 0.898374
0.795190 0.954577
0.797636 0.880948
0.799668 0.911885
0.799818 0.871824
0.799989 0.911067
0.800435 0.925181
0.800676 0.934105
0.802275 0.878621
0.803682 0.903053
0.804228 0.910234
0.804493 0.918546
0.806934 0.931350
0.807636 0.953658
0.808127 0.877656
0.808643 0.903112
0.809049 0.883139
0.810317 0.944959
0.810522 0.897243
0.811187 0.895718
0.811807 0.894468
0.812432 0.902157
0.812443 0.925371
0.812723 0.916079
0.813104 0.887881
0.813110 0.896534
0.813130 0.869601
0.813454 0.971648
0.813459 0.874100
0.813567 0.908363
0.813846 0.888709
0.815458 0.892413
0.815481 0.921051
0.816942 0.903633
0.818100 0.908361
0.819200 0.900976
0.819220 0.896152
0.819410 0.920846
0.820117 0.911811
0.821714 0.924822
0.822700 0.871518
0.823238 0.984452
0.823436 0.925408
0.824300 0.915629
0.824949 0.943385
0.826081 0.870795
0.826683 0.910490
0.827096 0.896490
0.827234 0.938216
0.827429 0.938566
0.827521 0.966509
0.828140 0.975306
0.830326 0.925146
0.830436 0.908441
0.830490 0.878076
0.831401 0.942058
0.832238 0.959765
0.832462 0.873273
0.832646 0.896171
0.833550 0.914728
0.834746 0.940486
0.835249 0.890628
0.836306 0.901464
0.837683 0.886269
0.838174 0.885140
0.839742 0.920741
0.841710 0.963498
0.842068 0.875740
0.842329 0.928543
0.843053 0.878796
0.844769 0.945763
0.849626 0.905323
0.850108 0.923006
0.851312 0.882651
0.851926 0.921496
0.855965 0.901259
0.857693 0.919783
0.858405 0.899301
0.859245 0.897770
0.859308 0.970495
0.860588 0.922357
0.860601 0.902506
0.860843 0.909541
0.860889 0.918641
0.861035 0.944352
0.863066 0.903660
0.864695 0.902309
0.865314 0.974117
0.865348 0.883479
0.866664 0.912223
0.866681 0.908305
0.868932 0.920944
0.870082 0.962711
0.871908 0.892648
0.871991 0.944310
0.872171 0.946513
0.872403 0.948779
0.872942 0.887846
0.874085 0.897953
0.874374 0.945546
0.874519 0.927249
0.874809 0.964095
0.875082 0.984150
0.876233 0.937148
0.876881 0.967958
0.877979 0.886596
0.878629 0.952627
0.878747 0.928250
0.879302 0.976563
0.879479 0.922839
0.880209 0.963870
0.881227 0.916688
0.883222 0.949624
0.884342 0.912742
0.884490 0.887546
0.885345 0.960329
0.885541 0.926373
0.886426 0.908902
0.886774 0.894337
0.887586 0.894050
0.887950 0.926454
0.888491 0.896860
0.890186 0.890966
0.890849 0.908581
0.891355 0.928916
0.891763 0.891902
0.892224 0.930025
0.893298 0.906541
0.893549 0.910508
0.894320 0.910351
0.894497 0.943949
0.894840 0.904730
0.895722 0.985834
0.897872 0.919677
0.898698 0.900454
0.899529 0.904720
0.900034 0.954430
0.901047 0.901947
0.901099 0.937240
0.901287 0.929961
0.902506 0.923624
0.902766 0.957385
0.902906 0.916192
0.904060 0.900472
0.904163 0.973494
0.906068 0.978167
0.906691 0.923350
0.906798 0.903739
0.906916 0.902498
0.908759 0.949785
0.909128 0.946201
0.911606 0.954500
0.912463 0.927442
0.916109 0.902579
0.917012 0.944457
0.917457 0.902681
0.917614 0.963049
0.918045 0.925247
0.919447 0.956759
0.920674 0.946662
0.922761 0.959646
0.925286 0.951580
0.926194 0.900173
0.927053 0.941066
0.927649 0.974197
0.928580 0.956487
0.929332 0.918783
0.929674 0.923849
0.932960 0.930771
0.933000 0.936233
0.933065 0.943523
0.933412 0.965224
0.934070 0.944513
0.936818 0.924679
0.937119 0.945010
0.937884 0.920616
0.938001 0.930149
0.938108 0.923253
0.938155 0.954041
0.938776 0.944464
0.938943 0.928244
0.939418 0.915852
0.940119 0.943750
0.940352 0.907818
0.940701 0.916270
0.941242 0.919225
0.941585 0.920363
0.942355 0.949300
0.942543 0.962100
0.942760 0.925956
0.942959 0.913073
0.944792 0.912902
0.945024 0.931186
0.945543 0.935352
0.946254 0.942304
0.947081 0.905205
0.948022 0.915947
0.950997 0.936487
0.952521 0.972867
0.953024 0.953201
0.955509 0.945722
0.955855 0.949743
0.957154 0.949739
0.957403 0.958898
0.958841 0.989618
0.959270 0.948599
0.959450 0.961339
0.959986 0.938396
0.960356 0.923937
0.960606 0.944125
0.961144 0.913893
0.961641 0.924537
0.966287 0.981535
0.966623 0.922662
0.967567 0.963788
0.968570 0.951509
0.972410 0.938184
0.973728 0.951130
0.974374 0.961742
0.975074 0.914536
0.975573 0.917808
0.977705 0.932441
0.978919 0.941755
0.979421 1.000000
0.980152 0.946900
0.980402 0.955427
0.981373 0.971230
0.981680 0.945277
0.981686 0.916202
0.982090 0.942854
0.982739 0.955237
0.982827 0.917707
0.982987 0.959952
0.985097 0.994422
0.986091 0.937363
0.986435 0.923019
0.986827 0.927384
0.988096 0.917246
0.990236 0.954944
0.990970 0.929442
0.991878 0.934213
0.993455 0.936683
0.995881 0.979522
0.997329 0.933215
0.997930 0.923945
0.998406 0.987849
0.998692 0.989706
0.999456 0.921931
1.000000 0.933992
