0.000000 0.087467
0.004476 0.013651
0.016379 0.038540
0.022529 0.044110
0.025756 0.029865
0.027143 0.068248
0.032232 0.072257
0.033861 0.062123
0.034785 0.020255
0.038768 0.047017
0.039543 0.053168
0.040899 0.000000
0.042870 0.154342
0.043233 0.054125
0.047198 0.031392
0.048431 0.109304
0.052607 0.030944
0.053899 0.063019
0.053942 0.123966
0.055781 0.134255
0.055842 0.129619
0.058903 0.029467
0.059833 0.178661
0.061067 0.074971
0.061745 0.056385
0.062623 0.054931
0.063192 0.018923
0.064017 0.039895
0.065700 0.171577
0.065850 0.076175
0.066303 0.089475
0.067277 0.029288
0.068707 0.124735
0.070096 0.097790
0.070585 0.155036
0.070692 0.065374
0.071115 0.060536
0.072470 0.052766
0.072489 0.268095
0.072572 0.082044
0.074107 0.106206
0.074981 0.025408
0.075051 0.040355
0.075355 0.135113
0.076858 0.075311
0.077792 0.122946
0.079048 0.051575
0.080764 0.046120
0.080789 0.067133
0.082019 0.085902
0.082384 0.056351
0.082609 0.064200
0.083826 0.034999
0.084016 0.053731
0.085758 0.345411
0.085935 0.066290
0.086263 0.010732
0.087533 0.073124
0.087549 0.059163
0.088098 0.043053
0.089404 0.105651
0.089611 0.061130
0.090748 0.099599
0.091391 0.078006
0.091938 0.033697
0.092175 0.080845
0.092311 0.049018
0.092335 0.030002
0.093325 0.078450
0.093742 0.053901
0.095037 0.074442
0.095046 0.058390
0.095472 0.046441
0.096612 0.005753
0.096981 0.087896
0.098757 0.032176
0.099859 0.069559
0.100060 0.130083
0.100133 0.046218
0.100193 0.141949
0.100471 0.094336
0.101225 0.096376
0.102038 0.010377
0.102331 0.102988
0.102704 0.162044
0.102861 0.116050
0.102969 0.070671
0.105899 0.114575
0.106358 0.034882
0.106937 0.215730
0.107286 0.140356
0.109120 0.057448
0.109682 0.033623
0.112191 0.067526
0.113155 0.179829
0.113712 0.081412
0.114648 0.094922
0.115503 0.055321
0.115772 0.067921
0.116718 0.034815
0.117922 0.045624
0.118163 0.070403
0.119375 0.057187
0.120330 0.035595
0.120656 0.082213
0.121131 0.109477
0.122022 0.044712
0.123171 0.053712
0.123422 0.067897
0.123601 0.052787
0.124435 0.011891
0.125195 0.059178
0.127989 0.073140
0.129543 0.209118
0.131415 0.087393
0.132758 0.060313
0.132835 0.094139
0.134689 0.054845
0.134927 0.048150
0.135265 0.085221
0.135933 0.106456
0.136395 0.146026
0.136537 0.102495
0.136556 0.115833
0.136559 0.057445
0.137090 0.021356
0.137368 0.076831
0.138836 0.055011
0.139926 0.108262
0.140426 0.082011
0.141259 0.075403
0.141398 0.045264
0.142282 0.101921
0.142415 0.117631
0.142840 0.074439
0.142990 0.033444
0.143236 0.176573
0.144050 0.061811
0.144470 0.060671
0.144786 0.017371
0.144904 0.124171
0.146496 0.048279
0.146844 0.057311
0.146870 0.092982
0.148357 0.058249
0.148576 0.068981
0.149611 0.104978
0.149860 0.161195
0.150585 0.141314
0.150734 0.113148
0.151189 0.071131
0.151552 0.110438
0.151623 0.134876
0.153227 0.143051
0.153876 0.124033
0.154640 0.095401
0.155246 0.203400
0.155275 0.155799
0.156674 0.197169
0.157412 0.219972
0.157811 0.074389
0.158303 0.156418
0.158462 0.095809
0.158778 0.017179
0.158870 0.124031
0.159622 0.054318
0.159786 0.085125
0.160363 0.120959
0.160791 0.040785
0.160936 0.181276
0.160982 0.121444
0.161654 0.108878
0.161908 0.110481
0.162155 0.064709
0.162298 0.065951
0.163004 0.082603
0.163273 0.142221
0.163284 0.110975
0.164846 0.133987
0.165137 0.135508
0.165701 0.254627
0.165833 0.123433
0.166129 0.032213
0.167348 0.066806
0.168698 0.115009
0.168950 0.068573
0.169133 0.080874
0.169668 0.185103
0.169886 0.131095
0.170313 0.083001
0.172849 0.049066
0.172872 0.058177
0.173099 0.217009
0.173149 0.103034
0.173238 0.112800
0.174029 0.106226
0.174131 0.065717
0.174510 0.097560
0.175461 0.076585
0.175651 0.048955
0.176022 0.176208
0.176297 0.178962
0.176421 0.060178
0.176924 0.101514
0.178008 0.050808
0.178391 0.034331
0.178432 0.128034
0.178523 0.122254
0.178652 0.169066
0.178735 0.074210
0.178866 0.044332
0.179293 0.038589
0.179295 0.143926
0.179580 0.170509
0.180988 0.052748
0.181548 0.144342
0.182009 0.184626
0.182032 0.044194
0.182307 0.182787
0.182330 0.084076
0.183556 0.079938
0.183654 0.025635
0.184925 0.128484
0.185216 0.197024
0.185962 0.094305
0.186126 0.091726
0.186329 0.140929
0.186451 0.065100
0.186455 0.148351
0.187820 0.038767
0.188797 0.084873
0.189057 0.209266
0.189307 0.101036
0.189993 0.123541
0.190224 0.230894
0.190625 0.105475
0.190654 0.084408
0.191006 0.089408
0.191196 0.165884
0.192062 0.072449
0.192128 0.153742
0.192228 0.206690
0.192529 0.095567
0.193826 0.078920
0.193974 0.095553
0.194540 0.144341
0.194611 0.113776
0.195817 0.225549
0.195954 0.087123
0.196990 0.174021
0.197088 0.065132
0.197183 0.159754
0.197284 0.158385
0.197554 0.188110
0.197903 0.085724
0.198858 0.039144
0.199257 0.212712
0.199340 0.162851
0.199380 0.062118
0.199484 0.084269
0.199667 0.061393
0.199933 0.069041
0.200226 0.146809
0.200514 0.060522
0.200785 0.058564
0.201998 0.123769
0.202916 0.123164
0.203026 0.109453
0.203940 0.205015
0.204071 0.131929
0.204312 0.169738
0.204498 0.122167
0.204624 0.094519
0.204990 0.084580
0.205519 0.177377
0.206576 0.087489
0.207124 0.136367
0.208117 0.179684
0.208339 0.161716
0.208800 0.093674
0.208963 0.287758
0.209132 0.107549
0.209557 0.120925
0.211139 0.227137
0.211512 0.166908
0.212622 0.120081
0.213076 0.059499
0.213487 0.150280
0.214013 0.099340
0.214206 0.201125
0.214693 0.266468
0.214737 0.048469
0.214766 0.242219
0.215330 0.038617
0.215955 0.124955
0.216480 0.117440
0.216562 0.126136
0.216699 0.088048
0.216815 0.038429
0.216856 0.053033
0.218239 0.131000
0.219485 0.148537
0.219499 0.127811
0.220451 0.136741
0.220453 0.180428
0.220932 0.246143
0.221213 0.140803
0.221300 0.182462
0.221545 0.083146
0.221569 0.167030
0.221924 0.125565
0.221956 0.204449
0.222004 0.181326
0.222469 0.178666
0.223291 0.151191
0.223818 0.052888
0.224172 0.129870
0.224494 0.217491
0.224613 0.041095
0.225942 0.063923
0.226554 0.084714
0.227185 0.094996
0.227612 0.126872
0.228839 0.103824
0.228958 0.149646
0.229387 0.092090
0.229952 0.091782
0.230860 0.080814
0.231383 0.089258
0.233098 0.145447
0.233214 0.079608
0.233224 0.116209
0.233257 0.040283
0.233683 0.105802
0.233870 0.089540
0.234129 0.136149
0.234224 0.108102
0.234916 0.074639
0.235289 0.063776
0.235329 0.147857
0.236317 0.041238
0.236498 0.086034
0.236585 0.141532
0.236982 0.211523
0.237656 0.227983
0.239276 0.095758
0.239278 0.116749
0.239440 0.147026
0.240268 0.093864
0.240386 0.121623
0.240451 0.161432
0.240858 0.312147
0.241036 0.168782
0.241698 0.082117
0.242992 0.160290
0.243609 0.161299
0.243683 0.112918
0.244134 0.078408
0.244244 0.133126
0.244343 0.258771
0.245013 0.045305
0.245414 0.111460
0.245470 0.238033
0.245472 0.108642
0.246279 0.029428
0.246598 0.188111
0.247204 0.190119
0.247208 0.094033
0.247553 0.171954
0.247711 0.084774
0.247792 0.128354
0.248077 0.101414
0.248308 0.104168
0.248727 0.069267
0.248947 0.121542
0.249495 0.184050
0.249760 0.160128
0.249872 0.129935
0.250395 0.110862
0.250421 0.255510
0.250875 0.147819
0.251044 0.070308
0.251163 0.056216
0.251566 0.200839
0.251847 0.083302
0.252144 0.060534
0.252250 0.096779
0.252412 0.170458
0.253046 0.171512
0.253874 0.081656
0.254208 0.159268
0.255130 0.164234
0.255483 0.081682
0.256331 0.110116
0.256382 0.158811
0.256455 0.268553
0.256996 0.063751
0.257108 0.118775
0.257317 0.073926
0.257721 0.105420
0.258177 0.080074
0.258482 0.276996
0.258736 0.068853
0.258817 0.243481
0.258844 0.170022
0.259173 0.102303
0.260186 0.182919
0.260241 0.094935
0.260303 0.049942
0.260473 0.182754
0.260673 0.090126
0.260779 0.098913
0.260831 0.254302
0.261043 0.066078
0.261100 0.147019
0.261768 0.068853
0.261976 0.151461
0.262042 0.188211
0.262594 0.170990
0.264472 0.205407
0.264795 0.168333
0.264891 0.140519
0.265724 0.186976
0.266818 0.074053
0.266873 0.171691
0.266888 0.186197
0.266941 0.190789
0.267424 0.174259
0.267458 0.197682
0.268023 0.053441
0.268237 0.119947
0.268412 0.189793
0.268645 0.134771
0.268961 0.228004
0.269930 0.140163
0.272287 0.122968
0.274271 0.203739
0.274362 0.148136
0.275265 0.078914
0.276435 0.119360
0.277333 0.148973
0.277334 0.091489
0.277539 0.143425
0.277726 0.218391
0.279038 0.122300
0.279345 0.094047
0.279869 0.141169
0.279881 0.128175
0.280491 0.077765
0.281566 0.117063
0.281606 0.089805
0.281645 0.196103
0.281872 0.134216
0.281965 0.119389
0.282427 0.134903
0.282686 0.098806
0.283731 0.173051
0.284006 0.079026
0.284107 0.175597
0.284672 0.205390
0.284978 0.146335
0.286124 0.224579
0.287342 0.282581
0.287349 0.173467
0.288016 0.156851
0.288316 0.128504
0.288879 0.142318
0.288966 0.139874
0.291161 0.158256
0.291573 0.111275
0.291611 0.254925
0.292614 0.160015
0.292749 0.295180
0.293365 0.105166
0.293473 0.370427
0.293662 0.126979
0.293940 0.120966
0.294191 0.117070
0.294757 0.104365
0.295120 0.153090
0.297132 0.161070
0.297491 0.210168
0.297960 0.184706
0.298074 0.193709
0.298099 0.260622
0.298136 0.162846
0.298221 0.116610
0.298270 0.086700
0.298271 0.076605
0.298483 0.150333
0.298496 0.072523
0.299265 0.109726
0.299293 0.164492
0.300828 0.089907
0.301453 0.138864
0.301973 0.169045
0.302158 0.167318
0.303301 0.097557
0.303428 0.128505
0.303552 0.114222
0.304305 0.121671
0.304348 0.135132
0.304633 0.087226
0.305208 0.098417
0.305224 0.127882
0.305604 0.140071
0.306766 0.137785
0.306893 0.233943
0.307068 0.185605
0.308145 0.136370
0.308185 0.084250
0.309525 0.089809
0.309553 0.086198
0.310054 0.173625
0.311214 0.111408
0.311477 0.278228
0.311918 0.168950
0.312119 0.105032
0.312134 0.208122
0.312447 0.229139
0.312470 0.165937
0.312577 0.145795
0.312711 0.190855
0.313573 0.111998
0.314741 0.127644
0.315002 0.112624
0.315210 0.068154
0.315308 0.177909
0.315593 0.106625
0.316050 0.183743
0.316877 0.173495
0.317026 0.153414
0.317269 0.198012
0.317364 0.204334
0.317365 0.121350
0.317534 0.176452
0.317652 0.200552
0.317746 0.081391
0.318157 0.170878
0.318309 0.190264
0.318359 0.285228
0.318478 0.073820
0.318972 0.215028
0.319272 0.149355
0.319321 0.123258
0.320822 0.167861
0.320843 0.194186
0.321246 0.119407
0.322213 0.173632
0.322510 0.104050
0.323370 0.119692
0.323577 0.155733
0.323995 0.105709
0.324857 0.133918
0.325754 0.108000
0.326479 0.120938
0.326871 0.175926
0.327308 0.143164
0.327918 0.287483
0.328434 0.165132
0.329715 0.231956
0.330092 0.214688
0.330616 0.113964
0.331012 0.132386
0.331372 0.172716
0.332076 0.238487
0.333550 0.204073
0.333597 0.105117
0.333612 0.173625
0.333699 0.098720
0.334083 0.378280
0.334354 0.097480
0.334637 0.198817
0.335048 0.175550
0.335068 0.208573
0.335409 0.125894
0.335687 0.155368
0.335968 0.083145
0.336853 0.136038
0.337107 0.215101
0.338925 0.127031
0.339408 0.224268
0.339734 0.149976
0.340066 0.123018
0.340911 0.207733
0.340931 0.150225
0.341139 0.190706
0.342064 0.292735
0.342279 0.207317
0.342606 0.165796
0.344305 0.099359
0.344623 0.126816
0.344632 0.223664
0.345042 0.153043
0.347188 0.166842
0.347528 0.183667
0.347531 0.135842
0.348738 0.124435
0.349512 0.128312
0.350963 0.147655
0.351113 0.073149
0.352714 0.134075
0.353055 0.177989
0.353701 0.132776
0.354451 0.249658
0.354776 0.128838
0.354801 0.123542
0.355316 0.187499
0.355799 0.129084
0.356282 0.166249
0.356369 0.234160
0.356370 0.162060
0.356664 0.110640
0.357222 0.187016
0.358216 0.141687
0.358277 0.122762
0.358708 0.242306
0.359091 0.225382
0.359104 0.188212
0.359309 0.170018
0.360233 0.142968
0.360748 0.180002
0.360953 0.119440
0.362343 0.187760
0.362364 0.154143
0.362711 0.223798
0.362907 0.143846
0.364084 0.144524
0.364417 0.192174
0.364832 0.154149
0.364845 0.217961
0.365177 0.226166
0.365280 0.152910
0.366524 0.174772
0.366552 0.184459
0.366764 0.105189
0.366971 0.113497
0.367187 0.138988
0.367444 0.209093
0.367589 0.119872
0.368563 0.120009
0.368650 0.120105
0.369775 0.107187
0.370023 0.194275
0.370735 0.109259
0.371057 0.119715
0.371204 0.194496
0.372879 0.129133
0.373185 0.431157
0.373371 0.158064
0.373405 0.225205
0.374488 0.123753
0.374587 0.109345
0.375153 0.176898
0.375618 0.155215
0.375926 0.163653
0.376404 0.190578
0.376765 0.131019
0.377034 0.263766
0.377145 0.399054
0.377385 0.258915
0.377680 0.109697
0.377727 0.078178
0.377729 0.139698
0.377912 0.089106
0.379857 0.238404
0.380261 0.159383
0.380865 0.274637
0.380923 0.086967
0.381757 0.120070
0.381889 0.132714
0.382153 0.120555
0.383540 0.296459
0.383800 0.175588
0.384301 0.224820
0.384780 0.099192
0.385345 0.230149
0.385595 0.156450
0.385712 0.264473
0.385872 0.220516
0.385963 0.239533
0.386841 0.073117
0.386918 0.341858
0.387267 0.174680
0.387504 0.199050
0.388201 0.167442
0.388769 0.146780
0.389714 0.182699
0.390140 0.328470
0.390561 0.160126
0.390610 0.169173
0.390898 0.169346
0.391547 0.226561
0.391580 0.226087
0.391846 0.148269
0.392401 0.193688
0.392446 0.198998
0.392588 0.211862
0.392691 0.245158
0.393031 0.290034
0.393085 0.208648
0.393628 0.116403
0.394192 0.233990
0.394207 0.205706
0.394502 0.210045
0.395385 0.203383
0.395418 0.190694
0.396344 0.261756
0.396931 0.173312
0.397459 0.201144
0.397511 0.331292
0.397538 0.159984
0.397667 0.191644
0.397782 0.171509
0.397822 0.241613
0.397867 0.217309
0.398018 0.173175
0.398808 0.182969
0.399717 0.218218
0.399836 0.201580
0.399987 0.187292
0.401064 0.349712
0.402567 0.208906
0.402750 0.143439
0.402960 0.310342
0.403365 0.228441
0.405523 0.105604
0.405530 0.280806
0.405811 0.121293
0.405816 0.236605
0.406144 0.278746
0.406149 0.177815
0.407184 0.128323
0.407764 0.286311
0.408449 0.340754
0.408597 0.236100
0.409409 0.200859
0.409804 0.219681
0.410035 0.247390
0.410718 0.173034
0.410813 0.287761
0.410817 0.182721
0.411303 0.164733
0.411860 0.157871
0.411926 0.187682
0.412106 0.158825
0.412210 0.110335
0.412441 0.175102
0.412856 0.272796
0.413368 0.154341
0.413466 0.142406
0.413585 0.240583
0.413678 0.268712
0.414833 0.157087
0.415163 0.159305
0.415873 0.273638
0.416376 0.206593
0.416889 0.164381
0.417376 0.290263
0.417726 0.220751
0.417826 0.141176
0.418344 0.116444
0.418793 0.208681
0.418930 0.174381
0.419111 0.224804
0.419782 0.227618
0.420033 0.195166
0.420428 0.118374
0.421610 0.196401
0.421691 0.255813
0.422388 0.232585
0.425003 0.307871
0.425438 0.189850
0.426753 0.149703
0.427061 0.334713
0.427081 0.221201
0.427514 0.245484
0.427803 0.218611
0.427915 0.213266
0.428216 0.149489
0.428245 0.184560
0.428534 0.195417
0.428932 0.219971
0.431807 0.114731
0.431885 0.330501
0.432085 0.200757
0.432094 0.193230
0.432347 0.279486
0.432704 0.187424
0.432744 0.380859
0.433771 0.156030
0.433950 0.221155
0.434755 0.224951
0.435300 0.340346
0.436119 0.294155
0.436258 0.213255
0.436381 0.207858
0.436559 0.260759
0.437058 0.215166
0.437637 0.287150
0.438877 0.269440
0.439011 0.281246
0.440050 0.275841
0.440999 0.274827
0.441300 0.178165
0.441566 0.304552
0.442941 0.261002
0.443106 0.274546
0.443336 0.196019
0.443378 0.226196
0.444045 0.201058
0.447043 0.297584
0.447452 0.198190
0.447634 0.205645
0.448616 0.249072
0.448624 0.203862
0.448774 0.321097
0.448794 0.248389
0.449055 0.242259
0.449262 0.161453
0.449771 0.245266
0.449886 0.177859
0.450403 0.202261
0.450545 0.155573
0.451063 0.299451
0.451694 0.431334
0.451844 0.138387
0.451910 0.150958
0.452019 0.209859
0.452147 0.179724
0.452950 0.249436
0.453434 0.220560
0.453647 0.392171
0.454038 0.339287
0.454173 0.133048
0.454793 0.215257
0.455511 0.341831
0.457832 0.319682
0.458171 0.191491
0.458235 0.187487
0.459244 0.233091
0.460091 0.279310
0.461203 0.138907
0.462021 0.298746
0.462531 0.195074
0.464040 0.289987
0.464470 0.223309
0.466067 0.246104
0.466500 0.166701
0.466654 0.252628
0.466920 0.247790
0.467151 0.243487
0.467416 0.128342
0.468311 0.206484
0.468914 0.335492
0.468941 0.200819
0.469343 0.255398
0.469634 0.305760
0.470346 0.223630
0.470710 0.208415
0.471489 0.239928
0.472958 0.173210
0.473027 0.248661
0.473355 0.192662
0.473643 0.201005
0.473905 0.195757
0.474451 0.213175
0.476472 0.236599
0.476518 0.314966
0.477227 0.290934
0.477612 0.176884
0.478272 0.172565
0.478873 0.236610
0.480158 0.262902
0.480220 0.228162
0.481293 0.191386
0.481703 0.284356
0.482522 0.153022
0.482644 0.205204
0.482695 0.307329
0.483582 0.170117
0.483603 0.197517
0.483813 0.148336
0.484231 0.437675
0.484403 0.276742
0.486009 0.207663
0.486125 0.226142
0.486768 0.349756
0.487484 0.256176
0.488434 0.282429
0.489564 0.206993
0.489975 0.244189
0.491486 0.274847
0.491768 0.253116
0.492864 0.204155
0.492903 0.219502
0.493717 0.201895
0.494144 0.269066
0.494664 0.391867
0.495082 0.208588
0.496934 0.281919
0.498500 0.196083
0.498782 0.351709
0.500755 0.265986
0.501826 0.313685
0.502021 0.347942
0.503564 0.191806
0.504054 0.280369
0.504281 0.240384
0.504910 0.258705
0.506932 0.211487
0.507847 0.240105
0.507964 0.240406
0.508314 0.348696
0.510546 0.418902
0.512633 0.261164
0.515018 0.220605
0.515167 0.282215
0.515451 0.258854
0.516076 0.370695
0.517022 0.340127
0.519217 0.228337
0.520227 0.268556
0.524565 0.185138
0.525194 0.244268
0.525984 0.346815
0.527727 0.293991
0.528115 0.305062
0.528614 0.270997
0.528929 0.244200
0.528979 0.303062
0.529599 0.307674
0.530510 0.183539
0.531719 0.311644
0.532087 0.285179
0.532126 0.244003
0.532474 0.395974
0.534060 0.320209
0.534126 0.254727
0.535022 0.329240
0.535263 0.231810
0.535270 0.298484
0.535389 0.323039
0.535833 0.189908
0.536171 0.247716
0.536307 0.338011
0.536952 0.270591
0.537197 0.274387
0.537275 0.335746
0.539228 0.267889
0.539623 0.329563
0.539778 0.444609
0.544448 0.214419
0.544494 0.504878
0.546114 0.214206
0.546306 0.285752
0.546434 0.244481
0.546990 0.388357
0.547181 0.365993
0.547737 0.269883
0.547776 0.325114
0.549595 0.366319
0.549704 0.353851
0.551283 0.294306
0.552407 0.354251
0.552493 0.275675
0.553020 0.285821
0.553524 0.272075
0.553857 0.326594
0.554111 0.466231
0.554677 0.298106
0.554780 0.301843
0.556099 0.498248
0.556129 0.337787
0.556208 0.255620
0.556568 0.311342
0.557273 0.282245
0.557856 0.357266
0.558527 0.384532
0.558736 0.226451
0.560278 0.234029
0.561685 0.481712
0.563805 0.239387
0.565669 0.254376
0.566715 0.375086
0.567124 0.245236
0.568335 0.314011
0.568774 0.391554
0.570529 0.264826
0.572142 0.247810
0.572498 0.371518
0.573093 0.468003
0.573225 0.237096
0.574253 0.389485
0.575735 0.403715
0.575875 0.394741
0.576677 0.336046
0.576694 0.367644
0.576823 0.270382
0.578253 0.219633
0.580396 0.310045
0.585047 0.305930
0.585230 0.251634
0.586031 0.331420
0.587843 0.254970
0.588740 0.284377
0.589348 0.352639
0.589713 0.419591
0.593959 0.387734
0.594255 0.274481
0.597914 0.352457
0.601761 0.326636
0.602348 0.323188
0.602731 0.340195
0.604461 0.251786
0.605566 0.287417
0.605707 0.321336
0.609230 0.362110
0.609727 0.429599
0.610240 0.293118
0.610996 0.347582
0.612173 0.473776
0.612502 0.405820
0.613808 0.265428
0.616891 0.371413
0.616904 0.344284
0.617189 0.428583
0.617928 0.352342
0.618921 0.391662
0.620657 0.350499
0.620670 0.335277
0.626186 0.526356
0.627953 0.338636
0.629096 0.404236
0.631311 0.366815
0.633685 0.429232
0.636901 0.385315
0.638611 0.394305
0.638910 0.317374
0.645853 0.422149
0.647975 0.374814
0.648975 0.354650
0.651199 0.413047
0.653509 0.487040
0.654999 0.357535
0.656075 0.367771
0.657725 0.360818
0.658480 0.433288
0.658513 0.432094
0.660327 0.353351
0.660868 0.527317
0.661405 0.379894
0.661498 0.375116
0.663908 0.509038
0.665031 0.367639
0.665752 0.334078
0.666528 0.384735
0.667469 0.399411
0.667765 0.379115
0.667816 0.437012
0.667951 0.393789
0.669975 0.383446
0.672030 0.497881
0.672330 0.348547
0.674337 0.389682
0.679103 0.447710
0.680934 0.418102
0.681182 0.381060
0.689403 0.445192
0.692278 0.374907
0.694684 0.536766
0.695790 0.460836
0.698383 0.470862
0.701263 0.562464
0.703123 0.537231
0.704194 0.425434
0.705796 0.486939
0.705859 0.507773
0.717909 0.584352
0.718287 0.521752
0.719799 0.483553
0.720426 0.448070
0.722525 0.501354
0.722540 0.455937
0.724174 0.469361
0.724918 0.721694
0.729444 0.516230
0.732753 0.606889
0.737416 0.416774
0.739855 0.569607
0.740310 0.429429
0.741705 0.613450
0.744408 0.485610
0.744700 0.530472
0.744864 0.594148
0.751268 0.583141
0.752806 0.496807
0.755175 0.538036
0.756019 0.508208
0.757143 0.594197
0.757359 0.520976
0.773346 0.583628
0.777662 0.468726
0.778148 0.545740
0.786810 0.609058
0.791702 0.614362
0.797567 0.544341
0.810639 0.534713
0.826205 0.571409
0.827626 0.589711
0.827636 0.683282
0.832913 0.708185
0.838487 0.652012
0.882107 0.732254
0.895283 0.747220
0.897158 0.733663
0.899936 0.717984
0.908868 0.747162
0.936268 0.840649
0.948171 0.867251
0.950924 0.873577
0.973849 0.921772
0.977559 0.932333
0.993974 0.965438
1.000000 1.000000
