0.000000 0.987782
0.008444 0.970586
0.015468 0.989781
0.016873 0.992958
0.022087 0.923465
0.029022 0.957955
0.029628 0.984880
0.030578 0.988356
0.032601 0.988689
0.037703 0.977945
0.040011 0.951406
0.040397 0.987063
0.041430 0.968037
0.041897 0.987499
0.045995 0.983518
0.046027 0.995983
0.050713 0.917537
0.053191 0.968196
0.053923 0.930006
0.054166 0.882828
0.054959 0.976272
0.055424 0.994193
0.057947 0.956799
0.058121 0.924742
0.059788 0.992945
0.062331 0.992427
0.063342 0.982638
0.063406 0.889538
0.064684 0.961544
0.065941 0.992331
0.066285 0.977734
0.067886 0.994766
0.068154 0.876270
0.069364 0.979233
0.070594 0.953745
0.070708 0.950753
0.077433 0.929797
0.077698 1.000000
0.078035 0.987597
0.079509 0.976967
0.080314 0.950620
0.081043 0.980817
0.081950 0.921264
0.082223 0.995153
0.082777 0.971184
0.083695 0.941976
0.085504 0.995494
0.085578 0.919850
0.086209 0.985694
0.086251 0.966850
0.086970 0.981261
0.087785 0.935092
0.088834 0.936106
0.088876 0.960327
0.089860 0.956677
0.090721 0.962300
0.091189 0.982790
0.091918 0.976766
0.093486 0.967665
0.093988 0.947915
0.094719 0.973699
0.095590 0.933520
0.096542 0.983488
0.100356 0.979790
0.101287 0.961634
0.101794 0.930117
0.103290 0.975984
0.104637 0.919566
0.104674 0.990812
0.105610 0.947875
0.106508 0.925068
0.107496 0.952302
0.108341 0.993621
0.108487 0.967049
0.109131 0.994894
0.109602 0.982232
0.111017 0.979792
0.111112 0.942878
0.111814 0.989924
0.113264 0.941814
0.113896 0.974131
0.114365 0.929647
0.114800 0.962916
0.114910 0.953829
0.115155 0.935252
0.115814 0.872677
0.116110 0.921728
0.116603 0.945143
0.117503 0.936530
0.120548 0.978923
0.121058 0.985498
0.123484 0.893728
0.124654 0.946943
0.124901 0.984332
0.125374 0.968789
0.125593 0.985278
0.126518 0.954850
0.126562 0.957537
0.127374 0.943846
0.127733 0.975113
0.128183 0.982221
0.130523 0.967525
0.130839 0.960917
0.131000 0.955477
0.132130 0.896411
0.134143 0.946197
0.135525 0.984742
0.135752 0.975160
0.135917 0.965689
0.136093 0.908810
0.136313 0.919769
0.136865 0.929066
0.137111 0.973165
0.138707 0.983301
0.139481 0.955974
0.139632 0.997827
0.141106 0.935388
0.141449 0.954615
0.141452 0.958458
0.142159 0.944847
0.142416 0.971232
0.144734 0.946327
0.144861 0.959826
0.145653 0.880674
0.146026 0.921136
0.146447 0.966785
0.147679 0.953798
0.148654 0.965517
0.148777 0.947870
0.151058 0.967851
0.151058 0.951516
0.151176 0.953382
0.151390 0.807413
0.151890 0.938574
0.154147 0.937788
0.154233 0.986047
0.154346 0.981278
0.154474 0.914286
0.155759 0.961925
0.157326 0.943492
0.157442 0.942565
0.159511 0.895977
0.160049 0.942904
0.160462 0.906683
0.161367 0.930120
0.161655 0.931867
0.162698 0.922966
0.162829 0.894655
0.163542 0.927271
0.163989 0.812148
0.164548 0.946322
0.166221 0.938782
0.166512 0.951413
0.166926 0.963606
0.167965 0.907786
0.168207 0.912476
0.169315 0.953269
0.172102 0.972288
0.172556 0.956282
0.173315 0.959720
0.173351 0.992439
0.173693 0.958462
0.174040 0.966210
0.174049 0.951572
0.174862 0.924365
0.175267 0.964555
0.175481 0.919274
0.176084 0.915434
0.177637 0.992536
0.178585 0.920459
0.178876 0.925083
0.179038 0.892360
0.179955 0.962261
0.180312 0.919645
0.181082 0.929470
0.182838 0.930930
0.184517 0.927383
0.185561 0.952913
0.186761 0.935979
0.187014 0.985271
0.190062 0.868307
0.190559 0.986061
0.191583 0.983281
0.192793 0.973426
0.195107 0.950225
0.197286 0.863863
0.197795 0.929168
0.198800 0.947192
0.198830 0.934601
0.198903 0.839306
0.199071 0.961193
0.199220 0.944551
0.199428 0.936440
0.201143 0.913450
0.201183 0.981407
0.202589 0.928591
0.203391 0.937625
0.204738 0.948197
0.205449 0.942979
0.205465 0.937978
0.206394 0.954199
0.206523 0.927444
0.206869 0.963143
0.207186 0.928825
0.207688 0.977510
0.208767 0.860324
0.209076 0.906649
0.209097 0.953764
0.209864 0.970158
0.209998 0.965096
0.211093 0.964271
0.212180 0.890613
0.212632 0.950014
0.213244 0.881725
0.215841 0.941764
0.216242 0.872951
0.216549 0.962624
0.217305 0.956411
0.217329 0.947410
0.218273 0.858127
0.218414 0.946011
0.218974 0.959071
0.220008 0.874013
0.220123 0.959199
0.220972 0.969327
0.221393 0.959453
0.222176 0.971832
0.222535 0.942069
0.223164 0.819044
0.223401 0.950218
0.224220 0.955580
0.224518 0.909855
0.225027 0.906598
0.225710 0.969899
0.225727 0.914513
0.226314 0.934533
0.229993 0.905142
0.230475 0.923674
0.231637 0.932929
0.231755 0.902975
0.231898 0.926032
0.232999 0.976880
0.233614 0.908361
0.233682 0.938795
0.234198 0.932852
0.234360 0.967018
0.234850 0.917195
0.235379 0.863218
0.236421 0.905501
0.236514 0.955720
0.236814 0.867505
0.236824 0.958591
0.237140 0.912815
0.238924 0.896939
0.239083 0.949439
0.239099 0.971283
0.240538 0.895713
0.241264 0.925874
0.241291 0.940504
0.243528 0.971427
0.243661 0.900954
0.244055 0.843577
0.244858 0.952524
0.246237 0.968255
0.246396 0.856276
0.248142 0.856378
0.248467 0.953034
0.248750 0.980084
0.249073 0.938530
0.250050 0.877358
0.250286 0.968912
0.250917 0.955532
0.251096 0.963520
0.252863 0.974530
0.252913 0.891813
0.253879 0.825949
0.255147 0.887941
0.255365 0.952089
0.255594 0.949618
0.255607 0.857195
0.257396 0.958067
0.257649 0.912420
0.257741 0.873613
0.257889 0.900012
0.258919 0.863842
0.260110 0.935252
0.260895 0.957128
0.261125 0.967457
0.262177 0.931221
0.262779 0.933193
0.263390 0.937877
0.264057 0.902026
0.264153 0.961602
0.265236 0.909125
0.265437 0.920786
0.265529 0.874440
0.265670 0.942620
0.265924 0.946247
0.266722 0.843445
0.266907 0.817439
0.268035 0.915100
0.268320 0.619096
0.269277 0.910607
0.269303 0.958414
0.269442 0.853941
0.269633 0.956479
0.269674 0.977498
0.269806 0.907863
0.270109 0.956081
0.270818 0.881817
0.271043 0.927521
0.272355 0.929745
0.273894 0.927768
0.274098 0.946922
0.274819 0.925400
0.274868 0.934260
0.275200 0.944895
0.275517 0.922422
0.275793 0.947699
0.276204 0.953443
0.276669 0.843593
0.277258 0.956054
0.278025 0.910347
0.278126 0.848060
0.278224 0.972096
0.278671 0.911027
0.278978 0.936365
0.279630 0.895981
0.279749 0.896807
0.281033 0.877987
0.281098 0.923926
0.281672 0.910789
0.282383 0.922548
0.282547 0.914305
0.283314 0.947311
0.283695 0.956937
0.283905 0.927596
0.284538 0.935316
0.285067 0.944598
0.286082 0.950518
0.286490 0.930742
0.286817 0.945134
0.287157 0.934677
0.287383 0.890324
0.287563 0.834204
0.289054 0.904691
0.289509 0.871379
0.289994 0.924312
0.290511 0.927107
0.292045 0.884560
0.292132 0.930495
0.292178 0.844569
0.292407 0.847817
0.293016 0.933522
0.293098 0.909655
0.293444 0.942009
0.293976 0.885369
0.294238 0.854594
0.295404 0.943011
0.297551 0.795178
0.298275 0.958961
0.298598 0.854941
0.299287 0.922228
0.300155 0.903694
0.300557 0.949607
0.300662 0.902437
0.301019 0.928224
0.301290 0.959855
0.303080 0.836311
0.303202 0.696987
0.303448 0.910696
0.303455 0.961328
0.303550 0.820302
0.304437 0.891337
0.305536 0.940511
0.306607 0.890758
0.307949 0.912728
0.308959 0.852625
0.311290 0.913835
0.311341 0.801985
0.312562 0.934496
0.312914 0.904982
0.313224 0.927655
0.313898 0.815877
0.314392 0.944080
0.314607 0.825077
0.316224 0.919644
0.316248 0.916590
0.317400 0.947765
0.318999 0.883334
0.319371 0.885406
0.319401 0.954059
0.320276 0.937659
0.320489 0.936103
0.320609 0.792377
0.320898 0.949818
0.321006 0.932907
0.321562 0.946652
0.321961 0.923077
0.323181 0.968575
0.323420 0.905792
0.325007 0.938168
0.326169 0.873704
0.327188 0.901404
0.327531 0.947610
0.328525 0.862829
0.328814 0.896960
0.330942 0.858137
0.332711 0.927508
0.333051 0.944345
0.333066 0.935224
0.333066 0.903143
0.336535 0.878193
0.336701 0.886215
0.338882 0.866325
0.339473 0.936262
0.339938 0.908274
0.341628 0.820256
0.342244 0.881910
0.343271 0.829279
0.344201 0.913004
0.344843 0.891288
0.346753 0.871620
0.346913 0.870922
0.347342 0.903768
0.347828 0.798556
0.348578 0.879398
0.349082 0.863449
0.350022 0.921523
0.350779 0.901924
0.350929 0.788986
0.352126 0.889035
0.352475 0.930753
0.354009 0.946208
0.354857 0.885078
0.355205 0.939866
0.355251 0.874872
0.357142 0.854556
0.357788 0.881299
0.358926 0.857659
0.358943 0.910253
0.359600 0.951744
0.359776 0.839360
0.359929 0.895565
0.360184 0.916135
0.361444 0.888087
0.361939 0.884382
0.362676 0.856635
0.363033 0.955572
0.364129 0.861810
0.365211 0.844691
0.365767 0.917372
0.365920 0.867473
0.365920 0.724043
0.365947 0.886539
0.365975 0.926652
0.366756 0.881175
0.368095 0.967465
0.370462 0.805161
0.372385 0.909636
0.372804 0.843550
0.373456 0.924189
0.373970 0.886322
0.375353 0.669054
0.375442 0.887417
0.376119 0.946925
0.378189 0.809085
0.378570 0.814555
0.382078 0.925097
0.382109 0.859412
0.383311 0.714958
0.383733 0.897432
0.384722 0.921749
0.387648 0.861345
0.389717 0.862170
0.390394 0.813517
0.390529 0.878309
0.390835 0.867940
0.393012 0.785901
0.393713 0.825911
0.393777 0.894789
0.394238 0.873995
0.395560 0.785454
0.397547 0.720421
0.397980 0.867168
0.398064 0.923505
0.400094 0.869362
0.401614 0.841186
0.403012 0.896215
0.403298 0.875766
0.403642 0.879253
0.403831 0.903480
0.404758 0.869564
0.405081 0.730270
0.405316 0.825784
0.405482 0.890091
0.406409 0.907457
0.407432 0.840331
0.408301 0.910145
0.410514 0.809072
0.410921 0.795732
0.415089 0.811447
0.416826 0.792072
0.420882 0.925930
0.421155 0.873948
0.422769 0.850785
0.425392 0.913625
0.425472 0.863331
0.426596 0.928754
0.429918 0.844022
0.429976 0.796420
0.431256 0.877543
0.433398 0.940080
0.434372 0.876928
0.434417 0.843753
0.435030 0.874353
0.439113 0.875027
0.439287 0.868223
0.443130 0.905541
0.443299 0.800510
0.443366 0.834518
0.444425 0.876265
0.444449 0.843104
0.444810 0.875639
0.445128 0.878320
0.445940 0.875272
0.446024 0.751966
0.446249 0.868383
0.452420 0.816845
0.452824 0.868863
0.457139 0.857052
0.457512 0.864620
0.457723 0.765098
0.457859 0.906421
0.458055 0.903554
0.459455 0.695360
0.459628 0.748698
0.461015 0.849197
0.461316 0.913168
0.463166 0.718307
0.463726 0.872303
0.466190 0.836172
0.467195 0.884551
0.468991 0.805394
0.469846 0.833442
0.471225 0.782241
0.471911 0.879502
0.472067 0.758581
0.473027 0.778996
0.479912 0.847965
0.481261 0.757972
0.491123 0.765205
0.491188 0.833292
0.491213 0.769632
0.494144 0.741371
0.494806 0.711709
0.495647 0.717096
0.499117 0.835956
0.499828 0.793749
0.502766 0.803006
0.503250 0.747183
0.505697 0.874374
0.506529 0.902436
0.507369 0.841989
0.511788 0.803761
0.513678 0.732925
0.515520 0.777733
0.516519 0.794774
0.518360 0.814801
0.520182 0.768300
0.520564 0.780957
0.529726 0.829001
0.530095 0.687181
0.530943 0.715145
0.535844 0.720994
0.537677 0.811317
0.538020 0.861700
0.540173 0.746160
0.543637 0.682534
0.545064 0.879294
0.545772 0.832671
0.549929 0.831189
0.551555 0.761271
0.553238 0.816108
0.555694 0.780055
0.556048 0.727565
0.563761 0.591675
0.564888 0.849546
0.567223 0.819371
0.568409 0.820403
0.574100 0.777912
0.576307 0.803013
0.581218 0.666306
0.582474 0.852116
0.583702 0.695367
0.584102 0.708083
0.585234 0.800262
0.589221 0.665817
0.595778 0.735803
0.598575 0.769885
0.598628 0.770423
0.601655 0.695835
0.604954 0.755046
0.606691 0.715966
0.609775 0.735628
0.617013 0.696866
0.620515 0.738803
0.621667 0.755295
0.624422 0.706037
0.625738 0.701395
0.639438 0.703417
0.652048 0.756846
0.653506 0.755407
0.655189 0.603836
0.657193 0.723090
0.662930 0.679287
0.696366 0.530036
0.716513 0.616771
0.761514 0.462829
0.819977 0.453807
1.000000 0.000000
