0.000000 0.330208
0.011504 0.411548
0.050842 0.138472
0.053702 0.787648
0.074800 0.223859
0.084095 0.500225
0.097223 0.477673
0.100016 0.311411
0.129971 0.280743
0.138791 0.403828
0.142778 0.507477
0.153461 0.342262
0.155049 0.220682
0.158820 0.544087
0.167636 0.257118
0.169783 0.269425
0.172346 0.479728
0.172974 0.501674
0.173129 0.482141
0.176120 0.171542
0.182791 0.444245
0.183052 0.453144
0.185435 0.457738
0.187973 0.477315
0.188444 0.355478
0.190156 0.168528
0.197212 0.408708
0.200401 0.408531
0.203909 0.403621
0.204912 0.332278
0.217116 0.234286
0.217338 0.267840
0.218804 0.466828
0.220954 0.160750
0.224323 0.520864
0.230121 0.273824
0.231400 0.323322
0.234272 0.625035
0.234997 0.282801
0.237963 0.542264
0.238846 0.465032
0.238926 0.206468
0.239173 0.421933
0.240546 0.528590
0.241731 0.226550
0.241842 0.461639
0.242656 0.390311
0.242954 0.376066
0.244298 0.239918
0.248502 0.124338
0.248790 0.297084
0.251311 0.286559
0.251518 0.447541
0.252094 0.549733
0.252730 0.386675
0.253110 0.372715
0.253847 0.336030
0.255310 0.279197
0.260628 0.433469
0.261409 0.379474
0.262069 0.121492
0.264571 0.449633
0.264988 0.416680
0.268058 0.358774
0.268532 0.203863
0.268549 0.198798
0.268731 0.441571
0.274505 0.246484
0.278420 0.528287
0.278476 0.261116
0.280866 0.315985
0.282175 0.574046
0.284518 0.310169
0.289610 0.163097
0.291289 0.311778
0.292784 0.317678
0.293924 0.441029
0.294478 0.367366
0.295500 0.322305
0.296271 0.239317
0.296596 0.211838
0.298616 0.307122
0.298658 0.089295
0.301751 0.444435
0.305625 0.398919
0.308655 0.403181
0.308683 0.284414
0.309012 0.250199
0.310326 0.183246
0.311139 0.418448
0.311798 0.181815
0.313287 0.321177
0.313907 0.422822
0.315071 0.289851
0.317399 0.439957
0.317617 0.509454
0.318244 0.254778
0.320722 0.225265
0.321850 0.529855
0.323049 0.253193
0.324178 0.573977
0.325631 0.530402
0.326617 0.364078
0.326725 0.473766
0.327046 0.404141
0.327578 0.121719
0.328732 0.149772
0.329233 0.358608
0.330187 0.242378
0.330769 0.158612
0.331015 0.488867
0.331278 0.157503
0.331399 0.504065
0.332237 0.286632
0.332750 0.163111
0.333552 0.439600
0.334591 0.397714
0.335174 0.128061
0.335583 0.341931
0.336008 0.216680
0.336950 0.327666
0.337667 0.358749
0.338181 0.332840
0.338481 0.221064
0.339134 0.207193
0.339515 0.156257
0.340594 0.236653
0.340666 0.300217
0.341287 0.566885
0.341353 0.332029
0.342030 0.090769
0.342642 0.312613
0.342983 0.655316
0.343031 0.237945
0.343930 0.359222
0.344085 0.270184
0.344339 0.253493
0.344443 0.436048
0.347097 0.487662
0.349464 0.433011
0.352321 0.347618
0.352445 0.385632
0.352724 0.486966
0.352824 0.282441
0.353310 0.281478
0.353494 0.515482
0.353638 0.290812
0.354176 0.362378
0.354922 0.338484
0.355441 0.227557
0.355530 0.311288
0.356151 0.530104
0.359019 0.417083
0.359494 0.241184
0.360448 0.253115
0.360535 0.768564
0.361330 0.320067
0.362470 0.565439
0.363144 0.462070
0.363657 0.559790
0.363669 0.296837
0.364117 0.246113
0.364426 0.406202
0.364474 0.389207
0.364723 0.314013
0.368487 0.272550
0.369196 0.336085
0.369455 0.533076
0.369830 0.144198
0.370068 0.518716
0.370935 0.413478
0.372325 0.494117
0.373332 0.252902
0.373670 0.352035
0.373858 0.257828
0.374047 0.460618
0.374982 0.317415
0.374997 0.623892
0.375484 0.376576
0.375699 0.291009
0.376341 0.001106
0.377113 0.297568
0.377166 0.333585
0.377780 0.555772
0.377864 0.387623
0.378388 0.098142
0.379518 0.276065
0.380389 0.549957
0.380503 0.215850
0.381117 0.432165
0.381521 0.484058
0.381571 0.469458
0.381837 0.097683
0.381855 0.498690
0.382106 0.386666
0.382470 0.445639
0.382617 0.560492
0.382954 0.524256
0.382972 0.410774
0.383768 0.351242
0.383984 0.292197
0.384075 0.390689
0.384559 0.497612
0.385010 0.562240
0.385126 0.234862
0.385439 0.414188
0.385767 0.396473
0.385862 0.269086
0.386320 0.356853
0.386479 0.533359
0.386995 0.227332
0.387388 0.158262
0.388211 0.409266
0.389891 0.218177
0.391623 0.472318
0.391875 0.117345
0.392918 0.239032
0.393398 0.398830
0.393518 0.222906
0.393519 0.390067
0.395111 0.191216
0.395114 0.265937
0.395759 0.393840
0.395811 0.248192
0.396109 0.546384
0.396226 0.381613
0.397457 0.492676
0.397607 0.497267
0.397665 0.026857
0.397703 0.403871
0.397733 0.509236
0.400192 0.430564
0.401662 0.307812
0.402490 0.508920
0.402839 0.507758
0.404992 0.449669
0.405220 0.495503
0.405845 0.422545
0.406064 0.503969
0.406432 0.265009
0.408636 0.188908
0.408981 0.154410
0.411640 0.608270
0.412422 0.298947
0.413744 0.339369
0.413949 0.306425
0.413965 0.271995
0.414353 0.106276
0.414983 0.515523
0.415021 0.633541
0.415221 0.381703
0.415331 0.375780
0.415337 0.510325
0.416051 0.346613
0.416974 0.176124
0.417044 0.319751
0.419642 0.638053
0.419959 0.119816
0.420219 0.432829
0.420405 0.526179
0.420475 0.512628
0.421719 0.484279
0.422037 0.346636
0.422511 0.408771
0.422709 0.414233
0.423214 0.509691
0.424156 0.459170
0.424425 0.373466
0.424800 0.523966
0.425863 0.528961
0.425991 0.454332
0.426737 0.487129
0.427803 0.304492
0.427880 0.169122
0.430513 0.458100
0.430650 0.345884
0.430722 0.240314
0.430836 0.475046
0.431647 0.338748
0.431958 0.222652
0.432222 0.230188
0.432328 0.362053
0.432336 0.129061
0.432777 0.414787
0.433414 0.361805
0.433630 0.279271
0.434027 0.115768
0.434735 0.544346
0.434821 0.349896
0.435741 0.120028
0.436436 0.545419
0.436468 0.304411
0.436529 0.323773
0.436703 0.347367
0.437405 0.457679
0.437900 0.289609
0.438542 0.398403
0.439255 0.401421
0.439490 0.448589
0.439761 0.313746
0.439778 0.263465
0.441099 0.359298
0.441116 0.452897
0.441658 0.486769
0.441837 0.331451
0.442034 0.430700
0.442814 0.437158
0.444386 0.308905
0.444644 0.250349
0.445415 0.417968
0.445527 0.275110
0.446531 0.498103
0.446999 0.267691
0.447121 0.449046
0.447408 0.248272
0.447512 0.623948
0.448275 0.456260
0.448362 0.533876
0.448797 0.480272
0.449383 0.581423
0.449780 0.000000
0.451223 0.416580
0.451555 0.286149
0.451610 0.590918
0.451664 0.285531
0.451802 0.282856
0.451803 0.568265
0.451893 0.379584
0.452530 0.711389
0.455570 0.444407
0.455862 0.415536
0.456582 0.413302
0.457361 0.417093
0.457853 0.399133
0.458021 0.518984
0.458258 0.263087
0.459131 0.179424
0.459501 0.370406
0.460489 0.512972
0.460906 0.362818
0.460965 0.466472
0.461095 0.347343
0.461323 0.168416
0.461383 0.456830
0.462416 0.264879
0.462903 0.551207
0.463323 0.649513
0.463765 0.482059
0.463798 0.283481
0.464540 0.466382
0.464771 0.382482
0.464948 0.595183
0.465161 0.203111
0.465467 0.463213
0.465772 0.373680
0.466424 0.426033
0.466852 0.624027
0.466999 0.415538
0.467920 0.523048
0.468116 0.353524
0.468306 0.718416
0.468429 0.484653
0.470925 0.330241
0.471011 0.545085
0.471548 0.440176
0.471848 0.408923
0.472432 0.300649
0.473101 0.663458
0.473354 0.700746
0.473402 0.435713
0.473874 0.513703
0.474142 0.206240
0.475656 0.343346
0.475768 0.420460
0.476352 0.541878
0.476732 0.253981
0.476896 0.434787
0.477004 0.456989
0.477157 0.269216
0.477860 0.356181
0.477930 0.100486
0.478074 0.532211
0.478676 0.524866
0.478858 0.268432
0.479089 0.545393
0.479753 0.515240
0.480019 0.328341
0.480414 0.502792
0.481195 0.525784
0.481682 0.312254
0.482742 0.411463
0.482868 0.436090
0.483137 0.445026
0.483293 0.410241
0.484039 0.366588
0.484155 0.441828
0.484719 0.637692
0.484783 0.196192
0.486622 0.607728
0.486730 0.115410
0.486845 0.515657
0.486984 0.306612
0.487294 0.434946
0.487748 0.301364
0.488181 0.576716
0.488288 0.660123
0.488638 0.429341
0.488713 0.395432
0.490641 0.427759
0.491598 0.509546
0.492256 0.373755
0.492267 0.371821
0.492278 0.276990
0.492496 0.484914
0.493558 0.554685
0.494443 0.112258
0.495340 0.594274
0.495513 0.506098
0.495622 0.453438
0.495742 0.527378
0.495892 0.381332
0.495981 0.483677
0.496375 0.585257
0.496406 0.708907
0.497091 0.669051
0.497201 0.245221
0.497259 0.357404
0.497657 0.260210
0.497984 0.489623
0.498436 0.587458
0.499360 0.391635
0.500122 0.399696
0.500128 0.472402
0.500876 0.561411
0.500894 0.512880
0.502476 0.520486
0.502534 0.439548
0.502585 0.540321
0.502770 0.511260
0.503425 0.399363
0.503769 0.486332
0.504082 0.483179
0.505043 0.356423
0.506091 0.321622
0.506183 0.549244
0.506328 0.437673
0.506555 0.188766
0.506667 0.569953
0.506728 0.479532
0.507396 0.543047
0.507573 0.571815
0.508447 0.433374
0.508483 0.424360
0.508958 0.245707
0.509350 0.541711
0.509702 0.579440
0.509990 0.532416
0.510067 0.353600
0.510395 0.359478
0.512295 0.462488
0.512429 0.545948
0.512634 0.343862
0.512829 0.410388
0.512864 0.405353
0.513061 0.511285
0.513329 0.385061
0.513373 0.263807
0.513376 0.524318
0.513917 0.424771
0.514022 0.207520
0.514219 0.523251
0.514694 0.336711
0.514748 0.452382
0.514908 0.455335
0.514951 0.648341
0.515054 0.514069
0.515423 0.502438
0.515464 0.568782
0.516150 0.500653
0.516318 0.393227
0.516609 0.486463
0.516660 0.247083
0.516711 0.432563
0.517868 0.494756
0.518315 0.636309
0.518426 0.539601
0.519753 0.474885
0.521333 0.361673
0.521656 0.606286
0.521866 0.623443
0.522055 0.440971
0.522768 0.302510
0.522906 0.460181
0.522978 0.420128
0.524494 0.607862
0.525678 0.426336
0.525855 0.358797
0.526409 0.504803
0.526728 0.292421
0.527550 0.405289
0.527742 0.319822
0.528045 0.538123
0.528095 0.765427
0.528708 0.528812
0.529082 0.425883
0.529221 0.640250
0.530048 0.372719
0.530703 0.608408
0.530714 0.281965
0.531253 0.765106
0.531614 0.605087
0.531906 0.412021
0.532118 0.522460
0.532286 0.581101
0.534505 0.706975
0.535394 0.423053
0.535774 0.577816
0.536103 0.564006
0.536169 0.263924
0.536352 0.443073
0.536638 0.713323
0.537037 0.479319
0.537711 0.463446
0.537828 0.487508
0.538968 0.750596
0.539135 0.642291
0.539466 0.593253
0.539598 0.498635
0.539633 0.454201
0.539653 0.381581
0.539951 0.489804
0.540362 0.313163
0.540442 0.472186
0.540458 0.530423
0.540573 0.409732
0.540669 0.711612
0.541222 0.433527
0.542146 0.627289
0.542204 0.601167
0.542754 0.451890
0.543405 0.608316
0.543638 0.569939
0.543640 0.426039
0.543900 0.768931
0.544290 0.535435
0.544668 0.404383
0.544696 0.449124
0.544816 0.561954
0.545153 0.547905
0.545683 0.398977
0.545703 0.452463
0.545848 0.720900
0.545988 0.497815
0.546266 0.499764
0.546345 0.550655
0.546791 0.531663
0.547051 0.499646
0.548102 0.312546
0.549066 0.492425
0.549564 0.348126
0.550418 0.529477
0.550913 0.673936
0.551036 0.586739
0.551969 0.238755
0.552621 0.582769
0.552782 0.565291
0.553059 0.390329
0.553070 0.452978
0.553282 0.511640
0.554160 0.332130
0.554628 0.464068
0.554780 0.505236
0.554950 0.417371
0.555040 0.500259
0.555737 0.393872
0.555930 0.436045
0.556186 0.434534
0.556716 0.412654
0.557335 0.589646
0.557721 0.581635
0.557922 0.469516
0.558040 0.466516
0.558441 0.601169
0.558520 0.560153
0.558541 0.489510
0.558611 0.424872
0.558868 0.595647
0.559551 0.509484
0.559872 0.386108
0.560106 0.316259
0.560162 0.347691
0.560997 0.254490
0.561917 0.389009
0.562354 0.851806
0.562566 0.541451
0.562578 0.394628
0.563133 0.423559
0.563229 0.635256
0.563505 0.518247
0.564135 0.538101
0.564561 0.616051
0.565539 0.448434
0.566070 0.773687
0.566192 0.441562
0.566646 0.525624
0.566941 0.515564
0.566980 0.617767
0.567831 0.156046
0.568114 0.645413
0.568434 0.543256
0.569324 0.212403
0.569736 0.362256
0.570862 0.638519
0.571216 0.344991
0.572453 0.485350
0.572892 0.612367
0.574219 0.632579
0.574896 0.439872
0.575158 0.434097
0.575562 0.753437
0.576787 0.692002
0.577051 0.457722
0.577471 0.548729
0.577672 0.593093
0.578435 0.606956
0.578798 0.446476
0.578972 0.555307
0.579372 0.475014
0.580078 0.575484
0.580383 0.551649
0.580394 0.637155
0.580833 0.631902
0.580975 0.600253
0.582317 0.315967
0.582711 0.575118
0.582859 0.355745
0.583023 0.551814
0.583122 0.803694
0.584876 0.346373
0.585048 0.504757
0.585187 0.538406
0.585459 0.560490
0.585620 0.627477
0.586278 0.816633
0.586463 0.832302
0.586544 0.595572
0.587350 0.528394
0.587355 0.577858
0.588231 0.773285
0.588798 0.469926
0.589018 0.521447
0.589314 0.540366
0.589378 0.384938
0.589425 0.520727
0.589642 0.426637
0.589777 0.525469
0.590255 0.619687
0.590518 0.536895
0.590602 0.712971
0.590797 0.695584
0.590982 0.473361
0.591794 0.540888
0.592191 0.636276
0.592546 0.530375
0.592968 0.594121
0.593058 0.418002
0.593489 0.478684
0.593532 0.648959
0.593597 0.550156
0.594682 0.547765
0.595638 0.557691
0.596149 0.550174
0.596302 0.629747
0.596528 0.566509
0.596768 0.427082
0.597481 0.610254
0.597894 0.608248
0.598296 0.794593
0.599942 0.559029
0.600144 0.690316
0.600523 0.506942
0.600901 0.498992
0.601556 0.439644
0.601822 0.438567
0.602841 0.644959
0.603399 0.612874
0.604932 0.607491
0.605184 0.563057
0.605285 0.657428
0.606235 0.359662
0.607163 0.661047
0.607502 0.663531
0.607778 0.440916
0.607989 0.479674
0.608967 0.529964
0.609817 0.664032
0.610023 0.636272
0.610561 0.600027
0.610638 0.814592
0.610850 0.421474
0.610981 0.617138
0.610982 0.658035
0.611208 0.736892
0.612899 0.529807
0.613157 0.634256
0.614283 0.497914
0.615083 0.599288
0.615638 0.642161
0.616187 0.482770
0.617117 0.773832
0.618186 0.580607
0.618733 0.494192
0.619217 0.623003
0.619440 0.424390
0.619488 0.422214
0.619505 0.509956
0.619926 0.640629
0.621500 0.586179
0.622218 0.484536
0.622511 0.687197
0.623067 0.565175
0.623617 0.310657
0.624192 0.463944
0.624440 0.681230
0.625892 0.558956
0.626662 0.524554
0.626669 0.515345
0.626696 0.577277
0.627064 0.455674
0.627394 0.391598
0.628033 0.716564
0.628815 0.602001
0.630120 0.576735
0.630535 0.784410
0.632066 0.442419
0.632308 0.522436
0.632327 0.600472
0.632351 0.584670
0.632778 0.624502
0.633170 0.391749
0.634177 0.476407
0.634263 0.482126
0.634702 0.656043
0.634965 0.728013
0.635649 0.753083
0.635940 0.558721
0.636553 0.611723
0.636763 0.562666
0.637358 0.419194
0.639648 0.538472
0.639828 0.640222
0.639829 0.503822
0.640862 0.654294
0.642884 0.698258
0.643162 0.628361
0.643379 0.649334
0.643452 0.576069
0.643522 0.697247
0.645217 0.775051
0.645239 0.753379
0.646132 0.274225
0.647032 0.567583
0.647388 0.551489
0.647493 0.668883
0.647999 0.627387
0.648120 0.485788
0.648610 0.417148
0.651537 0.568832
0.651949 0.505623
0.653566 0.478553
0.653818 0.554891
0.654433 0.343052
0.656525 0.581561
0.656669 0.339780
0.657316 0.558215
0.657575 0.527040
0.657732 0.549046
0.658587 0.680496
0.658677 0.669276
0.658790 0.643569
0.659374 0.743936
0.660499 0.521533
0.661006 0.721420
0.661298 0.478430
0.661397 0.621293
0.661566 0.822981
0.661698 0.596567
0.662008 0.674549
0.662216 0.362408
0.662802 0.546040
0.663479 0.754532
0.663574 0.659184
0.664302 0.623594
0.665890 0.501946
0.666392 0.687221
0.666707 0.664462
0.667000 0.834194
0.667891 0.556758
0.668445 0.832263
0.668868 0.609052
0.670778 0.533292
0.671080 0.418688
0.671748 0.679051
0.672279 0.517517
0.672869 0.738533
0.673039 0.495672
0.675360 0.635703
0.675696 0.530321
0.677508 0.554830
0.677531 0.734811
0.679716 0.868737
0.682064 0.525496
0.682175 0.587771
0.682660 0.558358
0.683133 0.463318
0.683483 0.801575
0.684100 0.798640
0.684330 0.514523
0.685036 0.688657
0.686072 0.491830
0.686248 0.614714
0.686775 0.744249
0.687689 0.651861
0.687764 0.485535
0.691597 0.681131
0.692002 0.570925
0.693434 0.704551
0.694618 0.711909
0.695460 0.772846
0.696531 0.542958
0.699123 0.411107
0.699869 0.493202
0.700022 0.651753
0.700385 0.516094
0.701237 0.738841
0.702302 0.948623
0.703184 0.707238
0.703190 0.489329
0.705053 0.669160
0.705582 0.691107
0.707063 0.828553
0.708018 0.774376
0.708945 0.635813
0.709929 0.909152
0.709999 0.807915
0.710041 0.737290
0.711057 0.930692
0.712618 0.563791
0.713008 0.660816
0.713944 0.942253
0.715222 0.745177
0.715736 0.509577
0.716953 0.696656
0.719060 0.550751
0.720009 0.703056
0.721494 0.521935
0.723487 0.471875
0.723890 0.612748
0.723905 0.589671
0.725863 0.569259
0.727875 0.667158
0.728062 0.631626
0.728193 0.609083
0.728809 0.819717
0.729219 0.800890
0.729363 0.660995
0.729377 0.753375
0.730385 0.309087
0.731122 0.600760
0.735124 0.588866
0.736021 0.554803
0.736254 0.571550
0.737062 0.604054
0.737358 0.773634
0.737477 0.556329
0.737743 0.658144
0.737932 0.642648
0.739066 0.819498
0.739325 0.675259
0.740088 0.917338
0.740307 0.786944
0.742200 0.725739
0.742773 0.647685
0.744594 0.658194
0.745321 0.899208
0.745605 0.854631
0.746055 0.769597
0.746558 0.590592
0.746699 0.737157
0.747021 0.608997
0.747464 0.780190
0.750683 0.767695
0.751171 0.578813
0.751234 0.661693
0.752068 0.619720
0.755041 0.568001
0.756327 0.440009
0.757535 0.794018
0.759795 0.666516
0.761092 0.793579
0.761274 0.644784
0.762748 0.756286
0.765017 0.668535
0.766419 0.767045
0.766441 0.583514
0.767666 0.579682
0.770381 0.716811
0.770745 0.668536
0.771127 0.870431
0.771534 0.548166
0.773063 0.546749
0.773734 0.990269
0.773979 0.800321
0.776308 0.464786
0.777920 0.729884
0.778800 0.720663
0.779123 0.670657
0.779285 0.779285
0.779298 0.598204
0.780542 0.815077
0.780691 0.808514
0.781504 0.668572
0.781697 0.749608
0.783173 0.867567
0.785241 0.921533
0.786265 0.951750
0.786636 0.742745
0.788112 0.764180
0.788584 0.849499
0.790199 0.613248
0.791667 0.783432
0.792273 0.917905
0.799671 0.821593
0.802025 0.972478
0.802342 0.649237
0.802627 0.728790
0.805127 0.741355
0.807456 0.701753
0.807973 0.900408
0.809023 0.669792
0.811902 0.620692
0.820139 0.860453
0.822666 0.795204
0.824619 0.665082
0.824695 0.748601
0.826663 0.713716
0.826723 0.871116
0.830840 0.946030
0.831099 0.698367
0.831754 0.888431
0.832732 0.695565
0.834752 0.693774
0.836518 0.889264
0.836631 0.700264
0.837078 0.585080
0.849522 0.406377
0.850748 0.739794
0.852821 0.953393
0.856198 0.884938
0.862277 0.958566
0.870074 0.708527
0.872104 0.907530
0.874697 0.798692
0.879222 0.888917
0.879300 0.831450
0.881671 0.910183
0.881931 0.670964
0.884793 0.609031
0.887141 0.868413
0.887875 0.612438
0.888893 0.918422
0.897574 0.767550
0.900735 0.771306
0.904515 0.937376
0.906136 1.000000
0.911781 0.767751
0.919430 0.812332
0.933896 0.683017
0.937197 0.724849
0.950528 0.808147
0.978787 0.831377
1.000000 0.827321
