0.000000 0.305697
0.115351 0.664253
0.135283 0.546677
0.154507 0.565028
0.165794 0.530894
0.173178 0.629838
0.180778 0.588433
0.187006 0.648613
0.195973 0.558084
0.203083 0.479301
0.205080 0.580848
0.205114 0.582750
0.206930 0.539744
0.211227 0.589777
0.212994 0.575207
0.232456 0.603495
0.234465 0.522383
0.236018 0.531574
0.236678 0.571171
0.242914 0.683384
0.243944 0.627972
0.247715 0.533961
0.248720 0.603610
0.250095 0.602729
0.251293 0.310322
0.253994 0.583393
0.258109 0.392673
0.262383 0.560367
0.264073 0.502723
0.264327 0.495800
0.271942 0.558106
0.272833 0.615115
0.275066 0.363652
0.277457 0.455516
0.278877 0.446366
0.281579 0.487160
0.284443 0.560376
0.285368 0.556914
0.294431 0.625039
0.295640 0.687666
0.297420 0.627152
0.299475 0.392395
0.300125 0.618255
0.302515 0.505940
0.303748 0.523840
0.306986 0.579012
0.308382 0.389766
0.309688 0.533192
0.309790 0.619674
0.314961 0.519331
0.318591 0.623178
0.320225 0.623769
0.321986 0.435389
0.326124 0.653930
0.326509 0.486604
0.327112 0.532906
0.328514 0.342476
0.329815 0.486273
0.331079 0.499238
0.333094 0.765362
0.334189 0.605354
0.334886 0.698030
0.336994 0.349644
0.338695 0.426863
0.339467 0.557783
0.340228 0.507484
0.340418 0.416697
0.348017 0.515690
0.348482 0.787989
0.349892 0.368159
0.350987 0.370948
0.351289 0.459239
0.351640 0.395701
0.353606 0.538594
0.356673 0.498273
0.358856 0.418174
0.360897 0.447776
0.362410 0.570502
0.365749 0.421204
0.366219 0.305112
0.369876 0.468252
0.369965 0.497961
0.370287 0.758936
0.371836 0.364821
0.371920 0.517239
0.372461 0.618615
0.373705 0.520937
0.374786 0.601416
0.378164 0.373920
0.379500 0.811184
0.380577 0.251350
0.385457 0.597904
0.387770 0.721679
0.389313 0.354206
0.390278 0.508740
0.391401 0.375347
0.392965 0.466854
0.393546 0.468716
0.394642 0.553333
0.395065 0.469334
0.395824 0.564967
0.396483 0.205141
0.396681 0.840825
0.397386 0.530618
0.398904 0.362193
0.399632 0.503374
0.399666 0.663568
0.399846 0.548277
0.400032 0.722826
0.401002 0.331563
0.401076 0.483012
0.401732 0.357358
0.402317 0.505976
0.402422 0.387017
0.402513 0.488018
0.403946 0.460048
0.406366 0.575258
0.407544 0.423685
0.408238 0.448024
0.408418 0.276173
0.408828 0.440998
0.409040 0.565426
0.410549 0.381735
0.411337 0.191893
0.411844 0.533790
0.412287 0.606943
0.412555 0.407672
0.412845 0.599298
0.413129 0.456139
0.413706 0.425881
0.414232 0.335624
0.415543 0.360651
0.417604 0.647089
0.417689 0.249950
0.418533 0.681984
0.418807 0.679845
0.420568 0.496172
0.421023 0.257748
0.421212 0.361065
0.421553 0.332557
0.422504 0.537743
0.424392 0.618112
0.424635 0.575389
0.425979 0.606299
0.426871 0.404545
0.426978 0.491263
0.429597 0.328682
0.429642 0.609542
0.432373 0.458357
0.433049 0.464265
0.433911 0.784516
0.434598 0.638229
0.434991 0.664249
0.435147 0.259801
0.436709 0.424689
0.436962 0.464209
0.437411 0.515712
0.438736 0.564775
0.438772 0.146394
0.439373 0.577188
0.440229 0.477392
0.440981 0.746227
0.441046 0.346461
0.441911 0.509575
0.443482 0.259862
0.443608 0.482223
0.443621 0.677326
0.444570 0.570642
0.445282 0.384861
0.446615 0.539279
0.447002 0.541036
0.447099 0.377692
0.447802 0.274631
0.448637 0.281105
0.449286 0.458376
0.449372 0.258528
0.450208 0.499485
0.450801 0.456405
0.451125 0.217424
0.451837 0.679056
0.452300 0.255093
0.452482 0.598114
0.454354 0.769992
0.455162 0.429296
0.455179 0.442826
0.455965 0.551313
0.455972 0.501392
0.457668 0.447920
0.458910 0.620526
0.461088 0.538381
0.461476 0.548728
0.462055 0.297475
0.462833 0.481642
0.463790 0.353551
0.464186 0.675848
0.465671 0.383420
0.467454 0.443009
0.468903 0.598312
0.469058 0.783831
0.469828 0.692584
0.470148 0.272262
0.470366 0.268230
0.470543 0.194812
0.470548 0.556476
0.470628 0.293540
0.471593 0.620081
0.472259 0.679823
0.472682 0.449155
0.472791 0.583281
0.474056 0.497479
0.474423 0.597007
0.474445 0.468237
0.475991 0.384057
0.476115 0.474490
0.477695 0.546877
0.477978 0.293023
0.478644 0.677430
0.479200 0.566534
0.479912 0.454631
0.479956 0.876975
0.480463 0.489775
0.480701 0.904445
0.481992 0.424103
0.482553 0.631057
0.483235 0.431923
0.483352 0.470123
0.483443 0.660992
0.484582 0.377703
0.484910 0.305733
0.485711 0.859826
0.485716 0.532683
0.487838 0.420965
0.487986 0.173081
0.488266 0.476011
0.490040 0.300326
0.491059 0.663346
0.491374 0.558766
0.491510 0.679693
0.492222 0.336430
0.493466 0.431570
0.493708 0.511119
0.494788 0.442572
0.495081 0.640534
0.495632 0.759420
0.495962 0.488696
0.498467 0.491109
0.499172 0.784394
0.499437 0.468266
0.499954 0.535254
0.500292 0.383401
0.502391 0.275157
0.502948 0.249169
0.503353 0.562003
0.504263 0.631645
0.504545 0.369978
0.504750 0.304370
0.505840 0.553292
0.506400 0.588509
0.506742 0.278133
0.506956 0.467423
0.506963 0.182981
0.507154 0.707659
0.507327 0.538492
0.507473 0.448299
0.508192 0.493050
0.508834 0.264699
0.509022 0.523474
0.509152 0.348193
0.509261 0.910153
0.510487 0.528513
0.510699 0.588953
0.511011 0.263680
0.511820 0.550193
0.512342 0.547418
0.513157 0.244952
0.513701 0.413915
0.515119 0.554921
0.516580 0.513012
0.516933 0.642447
0.517287 0.028046
0.518791 0.209338
0.518973 0.240820
0.519245 0.450261
0.520183 0.399303
0.520759 0.676142
0.520939 0.633189
0.521311 0.511400
0.521486 0.755568
0.522198 0.557487
0.523418 0.700014
0.524331 0.442991
0.525083 0.255101
0.525292 0.719742
0.526355 0.386345
0.526358 0.359350
0.526510 0.423142
0.526950 0.544734
0.527184 0.512277
0.528346 0.152635
0.528552 0.417821
0.529168 0.407939
0.529424 0.471921
0.530079 0.590211
0.531109 0.476378
0.532020 0.206428
0.532736 0.716891
0.532783 0.587033
0.532892 0.512825
0.533492 0.472070
0.533520 0.443790
0.535239 0.689169
0.535464 0.292893
0.535511 0.552301
0.535575 0.473942
0.535645 0.540969
0.535836 0.460902
0.536239 0.419338
0.536995 0.727980
0.538665 0.574430
0.538786 0.597072
0.539830 0.529079
0.542258 0.521712
0.542401 0.751997
0.542755 0.597300
0.543310 0.244396
0.544131 0.492391
0.544732 0.496115
0.544781 0.301572
0.544831 0.745444
0.546721 0.507371
0.547369 0.653178
0.547739 0.438081
0.548534 0.124530
0.548823 0.578571
0.549108 0.426274
0.549117 0.324029
0.549842 0.578442
0.550121 0.489110
0.551219 0.499853
0.553354 0.754679
0.553946 0.807509
0.554092 0.611957
0.554147 0.565180
0.554383 0.254341
0.555777 0.495138
0.555827 0.513928
0.555973 0.337869
0.556889 0.555750
0.557133 0.515692
0.557637 0.806854
0.558536 0.401429
0.558992 0.294652
0.559043 0.418539
0.559956 0.756950
0.560159 0.586235
0.560493 0.690149
0.560509 0.404976
0.561307 0.621637
0.562515 0.544808
0.563014 0.294727
0.563358 0.432719
0.564626 0.238457
0.565883 0.692637
0.565905 0.710500
0.565945 0.636210
0.566613 0.805170
0.566957 0.630150
0.567384 0.500201
0.567396 0.622939
0.567414 0.308042
0.567677 0.815969
0.568035 0.514884
0.568636 0.621668
0.568745 0.492087
0.569150 0.232448
0.569302 0.413011
0.569330 0.309154
0.569862 0.545718
0.571142 0.524907
0.571479 0.253296
0.571587 0.339501
0.572586 0.483595
0.572938 0.437566
0.572944 0.931664
0.573101 0.418120
0.573514 0.284212
0.573725 0.637361
0.574031 0.387575
0.575020 0.573767
0.575253 0.720509
0.575455 0.659537
0.576483 0.074060
0.576765 0.561819
0.576801 0.674801
0.577830 0.638205
0.577973 0.534247
0.579692 0.282601
0.580400 0.630183
0.580885 0.418888
0.581784 0.305970
0.581906 0.291566
0.582455 0.423747
0.582712 0.514938
0.582797 0.686045
0.582909 0.412862
0.583101 0.337378
0.584681 0.551933
0.585438 0.427157
0.586575 0.259624
0.587007 0.679251
0.590054 0.472046
0.590715 0.536650
0.590941 0.710981
0.591015 0.415658
0.591201 0.211712
0.592656 0.695452
0.593599 0.369723
0.596180 0.332479
0.596612 0.296087
0.596787 0.836497
0.596854 0.290301
0.597086 0.511359
0.597760 0.318442
0.598696 0.507948
0.598883 0.235576
0.599127 0.352902
0.600081 0.544166
0.601150 0.228024
0.601298 0.192627
0.602601 0.838786
0.604322 0.354174
0.604774 0.756104
0.605523 0.477756
0.606017 0.648432
0.606820 0.558696
0.609021 0.287480
0.609226 0.340146
0.611106 0.768910
0.611958 0.217312
0.612106 0.629642
0.612265 0.411128
0.612303 0.356234
0.612514 0.323026
0.612672 0.572681
0.613579 0.247472
0.615140 0.527056
0.615269 0.317846
0.615312 0.271501
0.616370 0.449484
0.617462 0.694924
0.617629 0.383336
0.617923 0.795769
0.618939 0.484050
0.619561 0.555940
0.619706 0.322755
0.620323 0.684837
0.621123 0.000000
0.622810 0.654793
0.622832 0.348273
0.623010 0.552527
0.623251 0.745566
0.623595 0.671365
0.623610 0.509746
0.623969 0.562667
0.624791 0.186363
0.624846 0.477834
0.624859 0.571418
0.625260 0.488865
0.625804 0.494196
0.626301 0.402506
0.626648 0.595812
0.627153 0.504299
0.627230 0.735678
0.628128 0.388499
0.628646 0.443215
0.630252 0.477984
0.632412 0.562049
0.632475 0.658440
0.632588 0.547118
0.632654 0.553775
0.633492 0.278704
0.634702 0.297846
0.639713 0.878260
0.640202 0.545215
0.640753 0.394865
0.640774 0.367719
0.640800 0.223003
0.640923 0.418323
0.641673 0.286579
0.644042 0.338834
0.644382 0.310229
0.646004 0.416557
0.647371 0.269386
0.647777 0.242733
0.648148 0.870149
0.650111 0.376910
0.651123 0.259967
0.652404 0.629586
0.652440 0.735088
0.653200 0.610830
0.653774 0.678902
0.655202 0.386074
0.655344 0.235615
0.657349 0.505508
0.658269 0.491411
0.658855 0.744072
0.659006 0.634787
0.659302 0.471318
0.659393 0.652464
0.660527 0.627481
0.661688 0.440767
0.661761 0.400043
0.662594 0.429937
0.662744 0.468406
0.663636 0.398952
0.666741 0.356773
0.667403 0.665552
0.667829 0.433864
0.668150 0.197780
0.669152 0.474905
0.670271 0.585091
0.670597 0.291780
0.670608 0.543145
0.671304 0.313036
0.672635 0.579998
0.672831 0.488766
0.673167 0.240427
0.673376 0.396033
0.676403 0.675274
0.676698 0.457576
0.677970 0.736624
0.679028 0.402508
0.681258 0.531610
0.681974 0.410045
0.682365 0.449728
0.682870 0.600204
0.682957 0.760585
0.683278 0.887843
0.683280 0.457907
0.683709 0.539619
0.683759 0.594490
0.683961 0.367657
0.684932 0.587152
0.685001 0.325501
0.685634 0.557014
0.686214 0.641524
0.686687 0.305662
0.688958 0.325527
0.690640 0.449975
0.692373 0.399332
0.694119 0.408238
0.694876 0.704041
0.695275 0.469077
0.695638 0.540590
0.700887 0.442052
0.702824 0.743410
0.706538 0.556029
0.707083 0.601100
0.707248 0.596965
0.707694 0.479455
0.707842 0.615915
0.708228 0.453735
0.708682 0.565949
0.710977 0.502579
0.712003 0.642539
0.713871 0.575993
0.719677 0.581805
0.722154 0.370492
0.722841 0.758577
0.722966 0.532802
0.723335 0.501060
0.723870 0.538410
0.724401 0.903449
0.724850 0.204757
0.729057 0.830666
0.729964 0.483252
0.730604 0.389562
0.730927 0.484941
0.733037 0.593552
0.736009 0.632310
0.737332 0.411469
0.737360 0.642737
0.737914 0.333600
0.746008 0.411767
0.747848 0.456100
0.752407 0.441217
0.752598 0.526866
0.753429 0.348956
0.753695 0.866932
0.753890 0.569687
0.753964 0.884138
0.754393 0.454799
0.755896 0.596230
0.759614 0.502980
0.759777 0.606881
0.759906 0.299062
0.766530 0.683435
0.768073 0.806019
0.772031 0.247227
0.772560 1.000000
0.773223 0.309528
0.774542 0.377339
0.775688 0.846013
0.776824 0.935150
0.779232 0.471540
0.779883 0.615678
0.780379 0.601852
0.780423 0.361315
0.781467 0.311876
0.781735 0.714408
0.781957 0.128279
0.782030 0.521336
0.783927 0.561450
0.784136 0.623459
0.784506 0.577282
0.786208 0.268897
0.786402 0.324199
0.789437 0.837341
0.789932 0.474759
0.791025 0.525626
0.792209 0.541802
0.794973 0.204574
0.801836 0.686893
0.805255 0.596938
0.806440 0.829901
0.807267 0.516583
0.809953 0.446110
0.811119 0.661274
0.812286 0.403883
0.812467 0.418704
0.819442 0.327735
0.829003 0.421463
0.831329 0.607993
0.833400 0.460777
0.833580 0.487118
0.836791 0.336525
0.843075 0.895773
0.879766 0.792060
0.892281 0.657613
0.894092 0.741418
0.894571 0.313529
0.904948 0.586794
0.924615 0.460307
0.932974 0.518221
0.987809 0.740474
1.000000 0.613311
