0.000000 0.329387
0.092212 0.244371
0.109454 0.256872
0.109981 0.279590
0.116408 0.118808
0.128371 0.194989
0.136462 0.000000
0.138231 0.181073
0.141322 0.161956
0.148255 0.481558
0.149648 0.440585
0.158794 0.382911
0.167904 0.305007
0.175226 0.136035
0.188798 0.191538
0.189198 0.305863
0.190758 0.200872
0.195399 0.363002
0.206720 0.201305
0.208605 0.482811
0.216882 0.447076
0.217540 0.365232
0.223631 0.171079
0.223732 0.252513
0.228624 0.318706
0.231604 0.410302
0.232539 0.384406
0.235378 0.410564
0.237510 0.373148
0.238053 0.596398
0.238997 0.475980
0.244188 0.222882
0.246092 0.484976
0.246283 0.492342
0.253116 0.190847
0.253404 0.358511
0.253559 0.393459
0.259411 0.347114
0.264089 0.550360
0.264425 0.401768
0.267971 0.473390
0.268907 0.238293
0.271515 0.343433
0.278516 0.520404
0.280995 0.653091
0.284531 0.299754
0.284922 0.567744
0.287125 0.508968
0.288239 0.625167
0.288903 0.515012
0.292065 0.354334
0.293800 0.251285
0.296122 0.438873
0.296209 0.539395
0.296364 0.527418
0.299633 0.404370
0.302687 0.443694
0.302713 0.253146
0.303511 0.533115
0.305167 0.189187
0.306461 0.398035
0.308003 0.567463
0.308903 0.478318
0.309036 0.126706
0.310270 0.512613
0.312569 0.163754
0.312916 0.479315
0.315691 0.528911
0.317715 0.340881
0.321225 0.303686
0.321817 0.239145
0.322389 0.282267
0.323834 0.321907
0.325737 0.632356
0.329708 0.613398
0.330100 0.314708
0.330452 0.603548
0.331765 0.357752
0.332338 0.488914
0.332932 0.425168
0.333343 0.401788
0.335751 0.493472
0.337307 0.547168
0.337926 0.455864
0.351876 0.786472
0.352192 0.618830
0.352662 0.422794
0.355031 0.501295
0.356784 0.457936
0.357060 0.609268
0.358600 0.401765
0.358659 0.508292
0.360327 0.489059
0.362914 0.559697
0.363108 0.572795
0.363997 0.613271
0.365132 0.403646
0.368249 0.497579
0.368571 0.528360
0.369316 0.766319
0.370186 0.530706
0.371646 0.472005
0.372579 0.622365
0.374777 0.409873
0.377010 0.554420
0.377610 0.690242
0.377643 0.562920
0.379617 0.255798
0.381958 0.530083
0.383877 0.573718
0.384082 0.317084
0.387973 0.596846
0.388004 0.696527
0.388419 0.302545
0.389366 0.688265
0.389856 0.610798
0.390694 0.570575
0.391234 0.743599
0.392982 0.489086
0.396055 0.452634
0.397394 0.664674
0.397514 0.604019
0.398155 0.467126
0.399703 0.607475
0.400247 0.525629
0.400386 0.510389
0.404208 0.421220
0.404651 0.388874
0.406421 0.244531
0.407000 0.636164
0.407532 0.609584
0.407863 0.560617
0.408596 0.650362
0.410202 0.513981
0.411806 0.625657
0.412168 0.468249
0.412903 0.506354
0.414015 0.557508
0.414934 0.463936
0.417218 0.545624
0.419378 0.700068
0.419919 0.498409
0.420106 0.519852
0.420226 0.565730
0.421398 0.616793
0.421874 0.625128
0.423814 0.501966
0.424182 0.751150
0.426503 0.461357
0.429848 0.548875
0.430048 0.553518
0.431704 0.600062
0.432203 0.638716
0.432841 0.683511
0.432927 0.504343
0.434674 0.655496
0.436356 0.819444
0.436662 0.615429
0.437585 0.605913
0.438377 0.502040
0.438540 0.750702
0.439357 0.537540
0.440447 0.728758
0.440834 0.638156
0.442488 0.646370
0.442537 0.768877
0.443889 0.356919
0.444713 0.590595
0.445006 0.618320
0.445262 0.436222
0.445963 0.649686
0.447145 0.647943
0.447192 0.500411
0.447830 0.635102
0.448601 0.649583
0.448976 0.737644
0.449708 0.604648
0.451218 0.539961
0.451551 0.665031
0.451733 0.701867
0.452445 0.588678
0.454372 0.671870
0.454595 0.617038
0.454625 0.570954
0.455149 0.664568
0.455202 0.388838
0.456177 0.520799
0.456307 0.402664
0.456497 0.436398
0.459084 0.698951
0.459401 0.766714
0.459765 0.587249
0.460116 0.436494
0.460206 0.732644
0.460638 0.625686
0.461439 0.590346
0.461767 0.515556
0.462231 0.493855
0.463173 0.537280
0.464798 0.469568
0.464991 0.460180
0.465681 0.603912
0.466234 0.490959
0.467824 0.541204
0.469580 0.696030
0.472671 0.673804
0.472886 0.591957
0.473182 0.696761
0.474766 0.590088
0.475167 0.534374
0.476484 0.570774
0.477735 0.445976
0.477756 0.637672
0.478317 0.772548
0.478546 0.603584
0.478778 0.611941
0.480345 0.480985
0.480387 0.751040
0.480524 0.955501
0.483139 0.558182
0.483214 0.639072
0.484297 0.452510
0.485023 0.694266
0.485270 0.499258
0.485605 0.723462
0.485681 0.512495
0.487267 0.657847
0.489310 0.587976
0.489680 0.632768
0.489979 0.528923
0.490149 0.569659
0.491751 0.469681
0.491764 0.312340
0.495115 0.560807
0.495173 0.755278
0.495302 0.784936
0.497965 0.530258
0.498614 0.527873
0.499282 0.772693
0.501105 0.520694
0.501942 0.425565
0.502003 0.706195
0.502337 0.816201
0.502726 0.560166
0.502763 0.542357
0.503225 0.512803
0.503321 0.630729
0.505580 0.491434
0.506088 0.632923
0.507061 0.598947
0.508564 0.594412
0.508939 0.744348
0.509701 0.768460
0.509756 0.854300
0.510160 0.645539
0.510945 0.672126
0.511118 0.574711
0.511315 0.558335
0.513755 0.648627
0.514119 0.588429
0.514304 0.597167
0.514404 0.713687
0.514529 0.596079
0.517953 0.669752
0.518417 0.527071
0.518846 0.425552
0.521231 0.663573
0.521338 0.557014
0.521530 0.589743
0.521893 0.601341
0.523732 0.692821
0.525685 0.514965
0.528048 0.735804
0.529270 0.679433
0.529650 0.711727
0.530585 0.606958
0.532651 0.719213
0.532810 0.573468
0.533665 0.728114
0.534563 0.754364
0.535363 0.895445
0.535815 0.610934
0.537409 0.504169
0.537599 0.624085
0.539249 0.814650
0.540181 0.775856
0.541769 0.705794
0.542474 0.650586
0.542734 0.872758
0.547517 0.589120
0.547645 0.818109
0.548813 0.564274
0.551104 0.625138
0.551369 0.621517
0.553499 0.753377
0.558382 0.735664
0.558571 0.665874
0.560837 0.873879
0.561434 0.827028
0.563057 0.830818
0.563846 0.546793
0.567277 0.950316
0.569540 0.764476
0.571256 0.563657
0.571848 0.846662
0.571881 0.761202
0.573809 0.545309
0.574608 0.509012
0.579530 0.999875
0.579667 0.707698
0.580078 0.816958
0.580131 0.803855
0.580528 0.639941
0.580809 0.839386
0.581167 0.801840
0.584276 0.551130
0.584745 0.664009
0.584986 0.627879
0.585141 0.746783
0.585319 0.820552
0.586395 0.756640
0.587492 0.583102
0.587959 0.569513
0.588211 0.755834
0.589023 0.727108
0.589825 0.722410
0.591156 0.627950
0.592181 0.849834
0.593097 0.722051
0.594443 0.716733
0.594652 0.772544
0.594936 0.757418
0.596269 0.727119
0.596612 0.642180
0.598629 0.660408
0.599144 0.840465
0.602614 0.993740
0.603393 0.577532
0.604478 0.605641
0.604715 0.818513
0.607148 0.793921
0.609007 0.687446
0.609337 0.603318
0.609458 0.725140
0.609564 0.645166
0.610531 0.730586
0.611549 0.739832
0.612282 0.726747
0.612402 0.760642
0.615415 0.752222
0.615605 0.683007
0.618668 0.653180
0.618760 0.788079
0.624226 0.662917
0.624431 0.770066
0.625561 0.554169
0.633254 0.677839
0.633908 0.742415
0.634550 0.646964
0.635546 0.746210
0.636791 0.839629
0.636932 0.736208
0.637509 0.689504
0.637677 0.694673
0.638664 0.511484
0.640542 0.789393
0.641289 0.621485
0.644838 0.836222
0.646269 0.669866
0.649034 0.795608
0.650542 0.718506
0.651419 0.621679
0.652960 0.620290
0.653955 0.680718
0.663756 0.766760
0.664845 0.927865
0.665056 0.402370
0.666216 0.848293
0.667266 0.477366
0.668524 0.516555
0.668711 0.817870
0.684400 0.792483
0.684812 0.696688
0.688099 0.698515
0.690262 0.641354
0.690641 0.747170
0.693943 0.770025
0.696650 0.781987
0.698168 0.669790
0.699921 0.654700
0.702870 0.756437
0.702994 0.823514
0.706422 0.804355
0.709705 0.926721
0.712821 0.755719
0.716167 0.862039
0.725057 0.739305
0.731183 0.797243
0.734983 0.733043
0.736731 0.862981
0.744221 0.790967
0.749792 0.873546
0.754296 0.631704
0.774001 0.619524
0.775447 0.971587
0.777524 0.794045
0.778962 0.730982
0.789204 0.774936
0.797588 0.799893
0.801461 0.826415
0.804763 0.836515
0.809727 0.799928
0.821896 0.669894
0.836730 0.721131
0.844241 0.949783
0.844533 0.990962
0.850964 0.928810
0.856679 0.776722
0.875170 0.784820
0.891260 0.747457
0.916306 1.000000
0.948102 0.752369
1.000000 0.895645
