0.000000 0.128850
0.008339 0.000000
0.030673 0.268814
0.036938 0.199369
0.037079 0.292454
0.038772 0.151219
0.043970 0.204911
0.059157 0.344524
0.061653 0.190577
0.068893 0.223054
0.074907 0.224751
0.091969 0.225663
0.103893 0.284779
0.105505 0.154692
0.106353 0.273098
0.108501 0.313863
0.115740 0.405520
0.116915 0.547769
0.121605 0.342441
0.124898 0.453173
0.128279 0.391996
0.131223 0.295211
0.131326 0.456006
0.147559 0.253695
0.149419 0.547943
0.152869 0.448149
0.155654 0.462199
0.156156 0.473921
0.157014 0.266352
0.161380 0.424021
0.162441 0.501103
0.164390 0.389430
0.166911 0.599486
0.181748 0.428889
0.186343 0.499629
0.188242 0.546478
0.189350 0.476574
0.194227 0.494577
0.196018 0.295148
0.199785 0.507822
0.200756 0.511271
0.200815 0.309331
0.203621 0.319114
0.208441 0.377197
0.210988 0.461842
0.212422 0.427755
0.216848 0.461057
0.219621 0.578114
0.219937 0.404369
0.220857 0.410686
0.222385 0.497916
0.225466 0.474012
0.229902 0.494407
0.233493 0.542918
0.233637 0.556032
0.235033 0.544359
0.236809 0.424135
0.237394 0.486325
0.240712 0.270672
0.242220 0.559533
0.244256 0.575987
0.245490 0.379220
0.247592 0.609375
0.248013 0.451471
0.248119 0.520936
0.250085 0.559480
0.250984 0.332591
0.253957 0.296055
0.256437 0.540940
0.257995 0.510899
0.259492 0.590276
0.261189 0.595011
0.261432 0.295606
0.263587 0.519510
0.264067 0.549816
0.264288 0.496722
0.265354 0.540624
0.265717 0.377481
0.266199 0.500791
0.266384 0.456626
0.266807 0.606034
0.268484 0.535508
0.269153 0.576070
0.270354 0.468985
0.272251 0.468855
0.273927 0.543983
0.275035 0.490117
0.275947 0.493284
0.276441 0.488330
0.277035 0.470432
0.278831 0.640453
0.281954 0.582279
0.282553 0.464592
0.282707 0.708275
0.283619 0.430273
0.284301 0.443754
0.285031 0.627306
0.285067 0.772291
0.287938 0.524991
0.288860 0.726601
0.290594 0.613484
0.291158 0.596925
0.291835 0.495888
0.292370 0.643214
0.293768 0.476400
0.294444 0.548229
0.297961 0.535050
0.299830 0.656148
0.300182 0.428629
0.301053 0.582714
0.303231 0.668712
0.304186 0.440023
0.304611 0.687510
0.306090 0.599643
0.306239 0.607565
0.307295 0.537223
0.308524 0.612796
0.309613 0.717164
0.310543 0.525232
0.311296 0.473632
0.315491 0.594326
0.317171 0.514328
0.317960 0.677771
0.318297 0.723782
0.320109 0.591811
0.321335 0.609706
0.321662 0.736891
0.323335 0.591313
0.323571 0.532055
0.323587 0.665234
0.324381 0.579290
0.325297 0.399231
0.325392 0.591792
0.327595 0.625924
0.327844 0.581810
0.327965 0.684664
0.328064 0.578558
0.328446 0.488740
0.328626 0.533806
0.333506 0.613505
0.335483 0.591885
0.336353 0.502997
0.336805 0.596770
0.337931 0.660162
0.338693 0.699898
0.340293 0.632741
0.340351 0.468253
0.341823 0.703497
0.343763 0.534131
0.343942 0.637476
0.344225 0.637371
0.344354 0.658498
0.345072 0.670945
0.345589 0.556204
0.346204 0.593881
0.346328 0.699403
0.346484 0.653878
0.346841 0.619829
0.347034 0.651649
0.347846 0.644685
0.349230 0.647783
0.349409 0.536800
0.349565 0.545201
0.350288 0.412199
0.350644 0.496431
0.350874 0.407301
0.352796 0.694228
0.354366 0.646497
0.355312 0.720437
0.356341 0.553975
0.357258 0.713637
0.357849 0.760505
0.359218 0.498290
0.359551 0.475277
0.361573 0.562856
0.362690 0.609025
0.363030 0.546485
0.363053 0.622941
0.363111 0.673213
0.363209 0.577848
0.363639 0.598420
0.364020 0.610514
0.364218 0.687588
0.365055 0.622360
0.365196 0.423196
0.365542 0.572147
0.365908 0.689318
0.366758 0.643188
0.369777 0.730079
0.371189 0.656148
0.371333 0.666265
0.372398 0.722807
0.372546 0.600956
0.372937 0.529153
0.373067 0.602254
0.373599 0.523479
0.373614 0.563823
0.374273 0.733848
0.374797 0.703037
0.375680 0.582819
0.375784 0.752064
0.376229 0.607920
0.376269 0.538144
0.376435 0.605029
0.378430 0.683769
0.379223 0.691757
0.379428 0.532197
0.380794 0.556439
0.381190 0.502844
0.381807 0.644291
0.382658 0.580238
0.382686 0.696009
0.383887 0.553229
0.385563 0.570212
0.386516 0.731363
0.387790 0.468523
0.388892 0.581730
0.390202 0.754082
0.390676 0.600939
0.391010 0.638001
0.391238 0.607843
0.393349 0.683224
0.394570 0.540135
0.394933 0.585175
0.395116 0.575253
0.395354 0.697587
0.397985 0.749194
0.398702 0.587716
0.398924 0.497323
0.399415 0.565577
0.401056 0.579129
0.401626 0.805953
0.402246 0.569656
0.402326 0.654965
0.404491 0.597234
0.405091 0.799047
0.405351 0.522685
0.405376 0.787100
0.405483 0.396579
0.405853 0.547960
0.405946 0.703145
0.406984 0.630970
0.406987 0.512682
0.410286 0.487742
0.410488 0.741297
0.410940 0.836664
0.411622 0.749756
0.411834 0.539789
0.412305 0.610763
0.413123 0.688244
0.416403 0.734289
0.417023 0.770449
0.417379 0.855467
0.418868 0.555900
0.420447 0.599475
0.420724 0.673715
0.420725 0.681291
0.421842 0.549728
0.422078 0.622464
0.422906 0.659368
0.423774 0.620905
0.424007 0.631279
0.424197 0.671361
0.424243 0.711456
0.425401 0.679780
0.425964 0.764194
0.426435 0.561355
0.426634 0.646733
0.426716 0.613769
0.427744 0.757517
0.428499 0.774208
0.428508 0.641405
0.428514 0.584710
0.428636 0.604443
0.428714 0.747644
0.429086 0.596240
0.430296 0.759631
0.430384 0.527646
0.430657 0.686931
0.430794 0.417974
0.431289 0.609985
0.431559 0.668098
0.434531 0.526842
0.435494 0.695925
0.435658 0.699588
0.438208 0.778429
0.439079 0.764613
0.439571 0.632576
0.442003 0.609056
0.442725 0.525342
0.442903 0.461793
0.443873 0.648893
0.445185 0.669160
0.445481 0.652164
0.445854 0.598333
0.446211 0.625873
0.447453 0.412712
0.448736 0.674516
0.449021 0.612148
0.449072 0.575557
0.449230 0.592860
0.449513 0.607172
0.450536 0.583660
0.451357 0.464119
0.453414 0.552697
0.454028 0.785994
0.455196 0.733105
0.455347 0.693822
0.455628 0.829131
0.455848 0.765738
0.456928 0.640075
0.458072 0.548022
0.459871 0.772051
0.460109 0.790227
0.460131 0.721795
0.461018 0.674847
0.461537 0.771704
0.461560 0.869679
0.463101 0.615975
0.463220 0.743834
0.463361 0.438485
0.463404 0.691082
0.464128 0.582978
0.464623 0.581060
0.464950 0.764358
0.465728 0.709787
0.466269 0.723315
0.467761 0.717737
0.469866 0.580349
0.470966 0.727601
0.471084 0.816333
0.471742 0.686429
0.471759 0.752527
0.471761 0.641153
0.472362 0.727751
0.472796 0.628425
0.475500 0.701686
0.475627 0.832839
0.476995 0.510550
0.477096 0.587626
0.477322 0.696754
0.478318 0.592197
0.478359 0.586456
0.479349 0.826263
0.479537 0.735361
0.479733 0.541589
0.483151 0.663756
0.483362 0.659933
0.483495 0.844468
0.483761 0.777027
0.483786 0.604607
0.484827 0.651595
0.485371 0.622220
0.485713 0.712056
0.486385 0.593913
0.486744 0.743844
0.486908 0.699388
0.487450 0.763496
0.488045 0.746853
0.488989 0.739949
0.490584 0.820385
0.491590 0.662770
0.492795 0.750347
0.493469 0.614345
0.494832 0.725054
0.495017 0.833888
0.495140 0.665340
0.495503 0.797479
0.495757 0.717695
0.496726 0.545223
0.497582 0.734616
0.498357 0.749636
0.499109 0.702309
0.499265 0.541515
0.499475 0.723747
0.499764 0.683866
0.499882 0.704141
0.500269 0.697555
0.500643 0.673951
0.500900 0.708911
0.501021 0.664905
0.502029 0.653436
0.502184 0.744955
0.502997 0.719494
0.503014 0.782605
0.505158 0.618722
0.506895 0.585688
0.507164 0.568041
0.508729 0.752234
0.510064 0.638381
0.512021 0.817317
0.515925 0.663455
0.516410 0.623753
0.516534 0.676427
0.516817 0.754931
0.517282 0.569026
0.517890 0.493247
0.518975 0.919717
0.518980 0.732348
0.519647 0.729874
0.520009 0.525279
0.520402 0.933286
0.521678 0.577789
0.522571 0.767386
0.522979 0.807977
0.524463 0.704729
0.525364 0.564710
0.525502 0.642674
0.525628 0.648989
0.526153 0.736811
0.526301 0.717017
0.528339 0.734082
0.528868 0.776221
0.529734 0.828980
0.529827 0.725480
0.529847 0.918489
0.530285 0.700866
0.530669 0.819195
0.530946 0.805282
0.531821 0.736094
0.531990 0.504341
0.533453 0.492680
0.533599 0.700644
0.534034 0.672668
0.534713 0.726928
0.535004 0.675256
0.535121 0.689612
0.535451 0.591968
0.535689 0.571429
0.535745 0.683024
0.536074 0.698150
0.537635 0.489109
0.538503 0.676915
0.539199 0.635157
0.539407 0.617418
0.539760 0.812107
0.540959 0.787950
0.541407 0.698483
0.541552 0.792965
0.542366 0.638371
0.542845 0.795664
0.543187 0.798250
0.544233 0.636349
0.545007 0.818819
0.545063 0.655500
0.545511 0.836249
0.546049 0.731246
0.546199 0.760425
0.546246 0.705037
0.547093 0.571425
0.548649 0.680196
0.550284 0.820208
0.551144 0.689266
0.551245 0.750274
0.551857 0.724478
0.552323 0.682601
0.553484 0.625184
0.553575 0.674395
0.554009 0.755094
0.554660 0.867483
0.555075 0.662045
0.555865 0.627724
0.556165 0.769102
0.557952 0.705448
0.558133 0.743594
0.558393 0.609616
0.559197 0.713914
0.560991 0.424992
0.562425 0.682558
0.563697 0.755673
0.565101 0.703397
0.565670 0.743964
0.566172 0.731135
0.566552 0.659977
0.566962 0.817929
0.567693 0.714896
0.569939 0.693410
0.570156 0.730630
0.571181 0.763396
0.572161 0.713088
0.572424 0.602865
0.572934 0.802353
0.573035 0.737563
0.573737 0.718220
0.574747 0.545307
0.574977 0.793377
0.575236 0.504040
0.575516 0.658929
0.575831 0.873678
0.576945 0.844531
0.576984 0.714883
0.577306 0.757636
0.579183 0.503089
0.580091 0.614890
0.580639 0.649145
0.581029 0.663063
0.581238 0.782786
0.582682 0.955736
0.583153 0.759879
0.583372 0.612722
0.583732 0.755814
0.583816 0.632926
0.588829 0.777525
0.588934 0.589722
0.590949 0.775618
0.592596 0.627772
0.593997 0.619757
0.595129 0.763682
0.595389 0.831489
0.595689 0.764279
0.596525 0.859656
0.597516 0.647098
0.597835 0.699287
0.598872 0.721320
0.600674 0.863827
0.601822 0.692684
0.602543 0.761672
0.602808 0.774952
0.603340 0.732490
0.603839 0.686140
0.604625 0.543926
0.605366 0.786225
0.606230 0.700064
0.606457 0.683602
0.607102 0.785305
0.607370 0.866652
0.608304 0.682371
0.608988 0.839905
0.609124 0.756532
0.610440 0.838351
0.610468 0.732017
0.610680 0.747436
0.611625 0.796500
0.613768 0.629468
0.615838 0.697766
0.617315 0.839190
0.617882 0.750925
0.618419 0.828139
0.618520 0.802925
0.621108 0.901947
0.625512 0.771161
0.626074 0.788759
0.626669 0.788026
0.626743 0.764817
0.626804 0.665510
0.626993 0.721162
0.627177 0.756956
0.627440 0.749315
0.628550 0.784849
0.628935 0.721467
0.629801 0.689579
0.630875 0.638854
0.631472 0.754091
0.631507 0.729058
0.632091 0.766230
0.635987 0.726404
0.637153 0.931080
0.637628 0.776553
0.638400 0.752645
0.639428 0.678299
0.643239 0.771789
0.644474 0.926860
0.645594 0.639050
0.647824 0.802591
0.647926 0.795398
0.650893 0.958864
0.651639 0.686294
0.653858 0.770864
0.654471 0.725874
0.655347 0.735395
0.656410 0.718521
0.657186 0.736488
0.657834 0.890983
0.658217 0.652336
0.658294 0.747375
0.658762 0.768544
0.659460 0.710136
0.660134 0.920819
0.662049 0.771825
0.664364 0.667677
0.665014 0.829740
0.666430 0.684897
0.669280 0.986717
0.669732 0.848753
0.671629 0.696190
0.671983 0.760816
0.672564 0.880785
0.674028 0.708836
0.674163 0.961625
0.674879 0.838757
0.676194 0.968396
0.676606 0.812190
0.677013 0.772268
0.677472 0.777162
0.678005 0.843270
0.678412 0.802730
0.679259 0.800245
0.681035 0.897595
0.682407 0.728635
0.686084 0.760968
0.686635 0.739767
0.686948 0.773524
0.691689 0.870270
0.692944 0.968015
0.693538 0.591505
0.693786 0.735338
0.694443 0.827321
0.694531 0.763298
0.697463 0.675088
0.699315 0.840728
0.699599 0.824461
0.703306 0.721425
0.705764 0.659271
0.705949 0.832617
0.706292 0.672241
0.710372 0.885551
0.710446 0.864739
0.710679 0.764235
0.712168 0.868132
0.712525 0.770594
0.717338 0.632577
0.717715 0.667732
0.718500 0.784346
0.721670 0.760974
0.723850 0.892855
0.724504 0.879137
0.726350 0.763694
0.726801 0.890655
0.728651 1.000000
0.733607 0.730968
0.734404 0.780064
0.734991 0.829430
0.738695 0.910197
0.739394 0.811498
0.741781 0.744591
0.743473 0.906515
0.747912 0.774756
0.754277 0.813327
0.755383 0.658213
0.757826 0.802303
0.759015 0.775411
0.761299 0.744665
0.766816 0.699734
0.767356 0.827408
0.768721 0.698299
0.772774 0.749702
0.773235 0.606788
0.776530 0.824380
0.778764 0.915438
0.790266 0.754828
0.794938 0.874924
0.797569 0.886965
0.805903 0.763567
0.831444 0.939902
0.832471 0.753799
0.832478 0.900102
0.837006 0.765618
0.844624 0.860487
0.849389 0.836716
0.855380 0.820910
0.861179 0.843440
0.862895 0.845216
0.881879 0.786157
0.899083 0.825218
0.902461 0.689564
0.937766 0.742567
0.941264 0.848314
0.946195 0.822590
1.000000 0.889772
