0.000000 0.000000
0.038000 0.333498
0.109936 0.218164
0.110836 0.278221
0.112976 0.440391
0.116070 0.248400
0.116605 0.338887
0.120619 0.231597
0.142265 0.298004
0.155637 0.304070
0.155871 0.354666
0.156572 0.262996
0.159997 0.407193
0.182235 0.336529
0.182536 0.440050
0.186033 0.350344
0.194931 0.725812
0.196776 0.380366
0.200375 0.472852
0.201190 0.406665
0.202528 0.418763
0.207553 0.343267
0.216530 0.442241
0.219023 0.349513
0.221352 0.466676
0.221917 0.313167
0.226184 0.499843
0.228942 0.230955
0.230143 0.488594
0.235784 0.251220
0.239651 0.720943
0.239687 0.478246
0.241064 0.581039
0.242942 0.320002
0.243142 0.451540
0.243237 0.634166
0.249473 0.430821
0.250989 0.498624
0.251198 0.497496
0.252950 0.474315
0.253690 0.608175
0.254238 0.257110
0.254442 0.610493
0.255246 0.697244
0.258766 0.316485
0.264483 0.368206
0.265223 0.472878
0.266222 0.473715
0.266679 0.428988
0.269369 0.445488
0.270872 0.533918
0.270971 0.505905
0.271471 0.434043
0.272030 0.391022
0.272121 0.558242
0.272290 0.294212
0.273633 0.402597
0.274309 0.409031
0.274744 0.437494
0.275665 0.519340
0.278503 0.300549
0.279137 0.409034
0.280300 0.375262
0.281031 0.401253
0.281593 0.495793
0.282158 0.523082
0.283412 0.643332
0.284991 0.344254
0.285442 0.693112
0.286846 0.550399
0.287627 0.546573
0.289522 0.416859
0.292335 0.480910
0.293489 0.573203
0.293766 0.278245
0.294523 0.614678
0.294645 0.482560
0.295397 0.400831
0.298318 0.552029
0.300362 0.578151
0.300798 0.536149
0.301203 0.494377
0.302056 0.534487
0.304245 0.567514
0.306320 0.475650
0.306936 0.383467
0.307366 0.434423
0.308510 0.404671
0.308745 0.463043
0.310056 0.567449
0.310431 0.435577
0.310768 0.493846
0.311390 0.348673
0.311488 0.580298
0.311822 0.557952
0.312209 0.538994
0.312420 0.405051
0.313269 0.690192
0.313991 0.374962
0.315429 0.634254
0.315883 0.296186
0.317117 0.430311
0.317329 0.521834
0.318437 0.611431
0.318577 0.420757
0.320849 0.491152
0.321047 0.460244
0.322952 0.444584
0.324930 0.431056
0.325055 0.509676
0.326164 0.461889
0.328230 0.491855
0.329065 0.429774
0.330062 0.277003
0.330363 0.481184
0.332337 0.616233
0.332547 0.407573
0.332795 0.607630
0.333407 0.533093
0.333748 0.435119
0.335000 0.604820
0.335277 0.637299
0.335335 0.579661
0.336288 0.423285
0.336572 0.351705
0.337590 0.414766
0.338061 0.428124
0.338328 0.565481
0.338833 0.492076
0.339314 0.301802
0.339524 0.497588
0.341176 0.568016
0.341277 0.403389
0.343181 0.515256
0.343349 0.723694
0.346352 0.408042
0.346604 0.344940
0.346674 0.554760
0.346682 0.619737
0.346829 0.449965
0.346910 0.483072
0.347626 0.333952
0.347843 0.565970
0.348207 0.263324
0.349009 0.469532
0.349061 0.284105
0.349754 0.437450
0.350935 0.533465
0.351146 0.489376
0.351562 0.553513
0.352198 0.562806
0.355178 0.489306
0.357289 0.441650
0.357293 0.670306
0.358931 0.451298
0.359316 0.604666
0.360413 0.415826
0.360476 0.560025
0.360498 0.509659
0.361159 0.503649
0.363835 0.628766
0.365503 0.495361
0.365540 0.739134
0.365828 0.453843
0.366268 0.352286
0.368135 0.518158
0.368801 0.553607
0.370714 0.276351
0.372546 0.358452
0.372783 0.408251
0.373282 0.534249
0.373429 0.428504
0.373671 0.342034
0.374493 0.518674
0.374948 0.510489
0.375358 0.439702
0.375938 0.493150
0.376508 0.631345
0.376514 0.575350
0.376540 0.434860
0.378573 0.413697
0.380343 0.576006
0.380735 0.527646
0.380817 0.594186
0.381220 0.524593
0.381566 0.554596
0.383103 0.483990
0.383401 0.555385
0.383670 0.563497
0.384266 0.488292
0.385871 0.617575
0.386674 0.534021
0.386680 0.489292
0.387006 0.593554
0.387872 0.635684
0.388324 0.383214
0.388872 0.439109
0.388955 0.640642
0.389689 0.577852
0.391083 0.575857
0.391632 0.452741
0.391805 0.736960
0.393427 0.650246
0.393564 0.735641
0.394596 0.554346
0.396532 0.678462
0.397037 0.319842
0.397187 0.500266
0.397250 0.498155
0.397272 0.631907
0.398332 0.590216
0.398675 0.523086
0.398686 0.538464
0.398907 0.598547
0.399097 0.510766
0.399110 0.616834
0.400669 0.688959
0.400915 0.478871
0.401240 0.471914
0.402182 0.677333
0.402301 0.542856
0.402706 0.314255
0.404814 0.476718
0.405045 0.459108
0.405567 0.353863
0.405880 0.679643
0.406250 0.618811
0.406909 0.570014
0.407650 0.564779
0.407711 0.524823
0.408531 0.425219
0.409564 0.474461
0.410017 0.550572
0.410151 0.536691
0.410394 0.537608
0.411764 0.547780
0.412110 0.467950
0.412472 0.404182
0.412476 0.616214
0.415474 0.690954
0.416205 0.534035
0.416347 0.318344
0.417132 0.573040
0.417301 0.568282
0.417626 0.474545
0.418770 0.557655
0.418901 0.439061
0.419057 0.489576
0.419918 0.705999
0.420818 0.737965
0.420964 0.624505
0.422012 0.299636
0.422753 0.511441
0.423015 0.479551
0.423156 0.589303
0.423166 0.446498
0.423705 0.395133
0.424478 0.429601
0.424783 0.665956
0.425112 0.443544
0.427302 0.526795
0.428632 0.846008
0.428967 0.402430
0.429144 0.571538
0.429578 0.420816
0.429682 0.535871
0.430221 0.564874
0.430739 0.518727
0.431223 0.508124
0.431343 0.634783
0.432320 0.493886
0.433634 0.653044
0.434074 0.551417
0.434361 0.625252
0.434586 0.516582
0.437221 0.578528
0.437392 0.472902
0.437977 0.496885
0.439043 0.577160
0.439277 0.525069
0.439450 0.476142
0.439813 0.515914
0.439844 0.687619
0.440019 0.578293
0.441669 0.676270
0.442756 0.518736
0.443099 0.742455
0.443422 0.702792
0.443510 0.625343
0.444279 0.494264
0.444646 0.590818
0.444719 0.587369
0.445704 0.713893
0.445860 0.557571
0.446322 0.570074
0.446407 0.525031
0.446722 0.661389
0.447339 0.621925
0.447914 0.581126
0.448164 0.490995
0.448586 0.590805
0.450580 0.574592
0.450721 0.655488
0.450945 0.654093
0.453429 0.709878
0.454219 0.523347
0.454670 0.471260
0.455436 0.594322
0.455808 0.341952
0.456090 0.489164
0.456553 0.556963
0.456824 0.497078
0.457556 0.509346
0.458840 0.646700
0.459826 0.473885
0.459856 0.643197
0.460111 0.631594
0.460381 0.429378
0.461863 0.467451
0.463227 0.564468
0.463725 0.467706
0.463979 0.585682
0.464122 0.583098
0.464223 0.504283
0.464492 0.383085
0.464755 0.576439
0.465698 0.668561
0.466309 0.420383
0.466640 0.540730
0.466856 0.620190
0.467386 0.730852
0.467911 0.598049
0.468775 0.593008
0.469070 0.796263
0.469187 0.585506
0.469314 0.511991
0.469629 0.491678
0.469654 0.621698
0.470861 0.584447
0.470911 0.476918
0.471188 0.390861
0.472224 0.572050
0.472226 0.397433
0.472243 0.651768
0.472416 0.535674
0.473821 0.472265
0.473895 0.483153
0.474038 0.628579
0.475782 0.563741
0.476303 0.456536
0.476952 0.574883
0.477235 0.408226
0.477941 0.645075
0.478655 0.729136
0.478961 0.584298
0.479623 0.469691
0.480615 0.639531
0.481185 0.448159
0.481895 0.598118
0.481909 0.646503
0.481986 0.607274
0.482047 0.670996
0.483172 0.486580
0.483545 0.478587
0.483925 0.359184
0.483950 0.338671
0.484083 0.696843
0.484694 0.558084
0.485136 0.567760
0.485263 0.466188
0.485655 0.710301
0.485822 0.512607
0.486228 0.676162
0.486325 0.478726
0.486978 0.618092
0.487314 0.551041
0.487879 0.524783
0.488332 0.878661
0.488398 0.647882
0.488996 0.625907
0.489138 0.639539
0.489515 0.458092
0.490246 0.620699
0.491172 0.569483
0.491592 0.577376
0.491980 0.543544
0.493735 0.397667
0.493840 0.560395
0.494355 0.593826
0.494837 0.490016
0.494845 0.565736
0.494917 0.487299
0.495615 0.478085
0.496129 0.647983
0.496141 0.485114
0.496892 0.765938
0.497451 0.640178
0.497694 0.462336
0.497715 0.588555
0.498810 0.716598
0.499518 0.493407
0.500930 0.503353
0.501592 0.666768
0.502077 0.657314
0.502370 0.519100
0.502519 0.662536
0.503136 0.462815
0.504199 0.741375
0.505047 0.610310
0.506267 0.613515
0.507314 0.399193
0.507752 0.457033
0.507772 0.620225
0.508117 0.569994
0.508438 0.457758
0.508489 0.656545
0.508798 0.678654
0.509498 0.328975
0.510071 0.670074
0.510374 0.631280
0.513274 0.706495
0.513393 0.485482
0.514095 0.553930
0.514245 0.569252
0.514704 0.737634
0.514892 0.569950
0.515257 0.383659
0.515303 0.679096
0.515457 0.561142
0.516085 0.569634
0.517075 0.646407
0.517360 0.634317
0.517834 0.660481
0.519187 0.605525
0.519327 0.646951
0.519659 0.490887
0.519777 0.721514
0.519822 0.612303
0.520599 0.603830
0.520634 0.626235
0.521161 0.529954
0.521330 0.630067
0.522388 0.712590
0.522981 0.587472
0.523483 0.534700
0.524427 0.672181
0.525223 0.392892
0.525620 0.639784
0.525662 0.535447
0.527034 0.462113
0.528941 0.466076
0.530028 0.525523
0.530411 0.601279
0.531877 0.606985
0.532354 0.739547
0.532356 0.602150
0.532597 0.586485
0.533099 0.760655
0.533167 0.551154
0.533562 0.680933
0.533643 0.420674
0.533666 0.379779
0.533850 0.698292
0.535665 0.701350
0.535735 0.687947
0.535797 0.358017
0.536568 0.453984
0.536774 0.860182
0.538066 0.729700
0.538778 0.755311
0.540355 0.687367
0.540475 0.593381
0.541717 0.470515
0.542069 0.290034
0.542648 0.413542
0.542794 0.361018
0.543844 0.711389
0.543932 0.543691
0.544277 0.780419
0.544734 0.508112
0.545418 0.754915
0.545671 0.464521
0.546804 0.664408
0.547249 0.534200
0.547535 0.518867
0.548928 0.794619
0.549334 0.567163
0.550122 0.637495
0.550129 0.552357
0.553408 0.591444
0.553520 0.598160
0.554618 0.746879
0.556548 0.677525
0.556728 0.617554
0.558179 0.515479
0.558779 0.691809
0.559610 0.529015
0.559755 0.526587
0.560135 0.698338
0.560427 0.573318
0.560672 0.540186
0.561202 0.644638
0.561648 0.655261
0.562605 0.619595
0.562940 0.633234
0.562949 0.620899
0.563215 0.803906
0.563531 0.549654
0.563892 0.476678
0.564470 0.321767
0.564632 0.560536
0.565323 0.472147
0.565390 0.546936
0.567109 0.533468
0.567662 0.563895
0.567819 0.538329
0.568301 0.554211
0.568915 0.467736
0.571579 0.549932
0.571858 0.667637
0.572325 0.618432
0.573215 0.584412
0.574053 0.450025
0.574178 0.473160
0.574379 0.636836
0.575574 0.667260
0.576140 0.530550
0.576216 0.488095
0.576766 0.884731
0.576914 0.667384
0.577715 0.367717
0.577780 0.498112
0.579542 0.814934
0.580244 0.323164
0.580259 0.653602
0.580567 0.478765
0.580752 0.520244
0.581540 0.573752
0.582014 0.708884
0.582552 0.597373
0.583055 0.435652
0.583341 0.503418
0.583510 0.555508
0.584195 0.513733
0.585246 0.542916
0.585505 0.423617
0.585699 0.517763
0.587076 0.512727
0.588284 0.483131
0.589382 0.859793
0.589776 0.376051
0.589941 0.775076
0.591331 0.654014
0.591746 0.672559
0.592353 0.687068
0.592844 0.535871
0.593063 0.618574
0.593136 0.715657
0.593914 0.688329
0.593971 0.782778
0.595288 0.528677
0.595548 0.770507
0.595812 0.792606
0.596798 0.475263
0.596962 0.679108
0.597507 0.601378
0.597806 0.514866
0.597863 0.538300
0.598618 0.488841
0.598963 0.397333
0.601379 0.531575
0.603080 0.857607
0.603971 0.672478
0.604768 0.693497
0.604823 0.527880
0.607967 0.758958
0.608912 0.686464
0.609344 0.646001
0.610139 0.560109
0.611328 0.738967
0.614006 0.650970
0.614358 0.629755
0.614669 0.711596
0.615973 0.398483
0.616385 0.668560
0.617123 0.603646
0.617387 0.598830
0.618041 0.685926
0.618711 0.604363
0.620402 0.600817
0.620743 0.594535
0.621067 0.504603
0.621629 0.438629
0.622190 0.546835
0.622626 0.754352
0.623255 0.475669
0.623873 0.659911
0.625860 0.579387
0.626329 0.630171
0.628351 0.709673
0.628654 0.687849
0.629380 0.557188
0.631296 0.611107
0.631451 0.670809
0.632744 0.629818
0.633353 0.572620
0.633901 0.530698
0.636876 0.725004
0.638524 0.532352
0.639576 0.708591
0.641770 0.596268
0.642395 0.693465
0.642554 0.580638
0.643756 0.711612
0.644427 0.633077
0.646518 0.684529
0.647546 0.774744
0.647712 0.549945
0.648825 0.526663
0.649182 0.679046
0.650445 0.508929
0.650956 0.609274
0.651738 0.549094
0.653380 0.636565
0.653478 0.453146
0.653710 0.520970
0.654053 0.642361
0.654075 0.728939
0.654251 0.705521
0.654672 0.621267
0.654775 0.632253
0.655654 0.463639
0.656672 0.626989
0.656684 0.566089
0.657976 0.749848
0.659554 0.563394
0.660362 0.545854
0.661588 0.679531
0.663915 0.587967
0.664101 0.726868
0.664394 0.450550
0.665183 0.821270
0.665217 0.729877
0.665839 0.673905
0.668386 0.344137
0.670332 0.444012
0.671297 0.623595
0.672429 0.404736
0.673470 0.627634
0.674918 0.600682
0.674925 0.744976
0.676761 0.593904
0.677058 0.590292
0.677806 0.677422
0.678152 0.496974
0.679589 0.608724
0.680176 0.760139
0.681165 0.668055
0.681571 0.666560
0.681944 0.649617
0.682595 0.506918
0.684046 0.680038
0.684628 0.715117
0.684969 0.551701
0.687245 0.685800
0.688329 0.855028
0.688855 0.488695
0.689163 0.724870
0.689722 0.684341
0.689748 0.668151
0.692328 0.738850
0.692578 0.720220
0.694343 0.583734
0.695027 0.501086
0.695663 0.579250
0.696416 0.813810
0.698766 0.462468
0.698958 0.673506
0.702966 0.596429
0.703987 0.862168
0.705239 0.630505
0.707594 0.444441
0.709838 0.709631
0.710455 0.568621
0.710662 0.628540
0.711511 0.656542
0.712003 0.423684
0.713775 0.662644
0.714421 0.711467
0.714481 0.547986
0.715659 0.687134
0.716551 0.669646
0.718518 0.739594
0.719258 0.839273
0.720879 0.730840
0.721768 0.750729
0.721836 0.669603
0.725745 0.472751
0.727293 0.710902
0.729912 0.692586
0.730076 0.844741
0.732900 0.697346
0.733389 0.801414
0.734598 0.777028
0.735210 0.579235
0.735715 0.798001
0.735760 0.551697
0.737346 0.617050
0.737706 0.557987
0.738716 0.510870
0.740200 0.764375
0.741231 0.787829
0.742014 0.544315
0.742457 0.601019
0.749971 0.583463
0.752358 0.798510
0.757614 0.704603
0.762260 0.572938
0.762330 0.728299
0.763314 0.744087
0.763632 0.767992
0.766151 0.556907
0.767812 0.492017
0.769354 0.548248
0.774519 0.561426
0.774979 0.520696
0.778012 0.565555
0.781751 0.772742
0.783781 0.701392
0.784180 0.750790
0.785559 0.886508
0.786921 0.609338
0.788155 0.613081
0.791340 0.609968
0.791755 0.744518
0.792442 0.895558
0.797383 0.702714
0.800360 0.664049
0.800861 0.685059
0.800946 0.656063
0.801872 0.605651
0.802563 0.681856
0.804512 0.711731
0.809788 0.677755
0.811378 1.000000
0.811916 0.614084
0.813316 0.772520
0.813974 0.788259
0.815430 0.659658
0.815477 0.886716
0.816010 0.697437
0.818854 0.707483
0.822872 0.710572
0.827224 0.442408
0.829624 0.812843
0.830015 0.637915
0.833812 0.658088
0.837521 0.578965
0.842310 0.536920
0.859201 0.658065
0.868266 0.715875
0.876453 0.804834
0.884350 0.800472
0.917958 0.704705
1.000000 0.861865
