0.000000 0.926563
0.023681 0.975533
0.066036 0.939810
0.072053 1.000000
0.079745 0.857822
0.083599 0.841297
0.093323 0.479276
0.136614 0.772672
0.198569 0.146717
0.233052 0.502486
0.269617 0.481479
0.297912 0.687840
0.316867 0.319198
0.330853 0.298131
0.362145 0.364486
0.365226 0.364516
0.374600 0.280067
0.400701 0.364441
0.416317 0.542286
0.417873 0.331946
0.418645 0.013291
0.421432 0.332140
0.444678 0.329421
0.451617 0.235402
0.467260 0.300408
0.467926 0.448129
0.492359 0.387150
0.562808 0.131585
0.572305 0.178447
0.591560 0.398401
0.615250 0.242659
0.650621 0.106886
1.000000 0.000000
