0.000000 0.233887
0.001295 0.166745
0.001811 0.008190
0.002993 0.444473
0.004018 0.034000
0.004108 0.279588
0.006254 0.128858
0.009021 0.530898
0.010607 0.160012
0.016546 0.070027
0.017716 0.173158
0.018390 0.101072
0.018421 0.275335
0.018843 0.323526
0.019776 0.133747
0.021328 0.438210
0.023868 0.482976
0.025491 0.188137
0.027067 0.074402
0.027912 0.476625
0.031568 0.245025
0.032078 0.375078
0.035949 0.236542
0.040283 0.140934
0.044770 0.513076
0.045794 0.235355
0.046421 0.026910
0.046681 0.184024
0.052182 0.515421
0.055902 0.000000
0.056922 0.618237
0.057568 0.321925
0.060846 0.392820
0.064770 0.369121
0.068613 0.313450
0.068742 0.364449
0.070852 0.113841
0.071587 0.129271
0.074659 0.106757
0.074918 0.260391
0.075136 0.446402
0.078201 0.039437
0.081406 0.286620
0.090377 0.376750
0.092382 0.276993
0.094392 0.067458
0.099072 0.114256
0.104086 0.305006
0.108474 0.333977
0.111170 0.076223
0.113349 0.171538
0.115898 0.366238
0.117062 0.469422
0.118364 0.066084
0.121871 0.137775
0.122033 0.617010
0.123663 0.175340
0.127720 0.522453
0.132391 0.279845
0.142502 0.465895
0.148011 0.289241
0.148807 0.677665
0.156014 0.411058
0.159090 0.256949
0.159827 0.432942
0.162590 0.435318
0.165092 0.369621
0.174183 0.575183
0.176453 0.013311
0.176862 0.182192
0.177428 0.455622
0.183948 0.267913
0.187272 0.089344
0.194751 0.633628
0.195452 0.576708
0.197325 0.210554
0.202605 0.181093
0.203796 0.209857
0.203864 0.292725
0.204089 0.170662
0.205183 0.255399
0.205823 0.046108
0.205970 0.161077
0.208849 0.259126
0.216090 0.500032
0.223808 0.372241
0.224701 0.172923
0.226299 0.303527
0.236592 0.304237
0.239467 0.359154
0.240477 0.312504
0.242201 0.035830
0.243557 0.185835
0.252795 0.523651
0.253158 0.404418
0.255918 0.354344
0.256239 0.175946
0.261629 0.250295
0.262287 0.218362
0.262622 0.518925
0.263240 0.282551
0.263697 0.159966
0.265313 0.363536
0.266130 0.330334
0.268500 0.450816
0.272083 0.471915
0.273262 0.477395
0.273371 0.240576
0.276334 0.353198
0.276493 0.169680
0.284105 0.487764
0.290992 0.420963
0.291036 0.357581
0.293464 0.485418
0.293581 0.281991
0.294436 0.262678
0.295363 0.239113
0.296235 0.170442
0.304917 0.723489
0.307788 0.385950
0.308257 0.082989
0.310156 0.381124
0.313816 0.356987
0.313900 0.406765
0.314076 0.193240
0.315380 0.846152
0.315843 0.565168
0.317042 0.479587
0.318009 0.254410
0.320240 0.667013
0.321423 0.361968
0.322381 0.182213
0.322633 0.150385
0.323754 0.451662
0.324215 0.279199
0.326640 0.411023
0.327169 0.278249
0.328770 0.158428
0.329949 0.501589
0.331106 0.101124
0.340600 0.392867
0.342904 0.074198
0.345457 0.204609
0.352682 0.281203
0.353298 0.241216
0.359061 0.140659
0.361219 0.226181
0.365031 0.148666
0.370705 0.684253
0.372803 0.469466
0.374755 0.247161
0.377842 0.162733
0.381076 0.665963
0.382505 0.364745
0.385046 0.326661
0.387290 0.100483
0.387714 0.175236
0.388200 0.647603
0.391883 0.387147
0.393990 0.272027
0.395535 0.611437
0.395866 0.342927
0.400115 0.081038
0.400861 0.428042
0.408231 0.466374
0.414562 0.627578
0.415653 0.501962
0.416641 0.199339
0.424649 0.148200
0.425616 0.508371
0.425883 0.400056
0.429255 0.581479
0.433141 0.366652
0.434270 0.340496
0.436859 0.099540
0.438420 0.430080
0.441366 0.079283
0.444057 0.553683
0.445727 0.206205
0.448952 0.084147
0.449760 0.299401
0.451686 0.285372
0.453928 0.237566
0.453962 0.333524
0.458006 0.474861
0.458431 0.325948
0.461505 0.330401
0.462336 0.573521
0.462856 0.302390
0.463999 0.270766
0.469323 0.171408
0.471208 0.380972
0.473283 0.428960
0.474605 0.351303
0.475424 0.338903
0.480923 0.118915
0.483579 0.666471
0.486277 0.615233
0.488670 0.363789
0.488868 0.256880
0.489490 0.492555
0.491859 0.285748
0.492519 0.514569
0.492899 0.342004
0.493313 0.582297
0.497347 0.453166
0.498035 0.564372
0.500044 0.620166
0.500533 0.088677
0.500879 0.384491
0.501948 0.542272
0.503725 0.402416
0.508740 0.406507
0.510039 0.567751
0.510112 0.381568
0.511346 0.640676
0.517475 0.305806
0.518750 0.196123
0.519506 0.616173
0.521737 0.653537
0.523011 0.513680
0.523807 0.142623
0.524960 0.415520
0.525539 0.480561
0.525987 0.684507
0.527507 0.260555
0.532451 0.410212
0.535188 0.368823
0.539491 0.605258
0.540161 0.261925
0.548483 0.483207
0.550690 0.637521
0.552504 0.291579
0.557662 0.149032
0.561828 0.401222
0.565465 0.682265
0.569071 0.298382
0.572984 0.297898
0.573305 0.337092
0.576853 0.441455
0.577532 0.543826
0.582014 0.341010
0.582664 0.635436
0.583466 0.227098
0.589878 0.287398
0.593960 0.541333
0.605817 0.526274
0.607140 0.598636
0.608729 0.380048
0.609014 0.539035
0.609442 0.277892
0.614713 0.166229
0.619265 0.601925
0.620620 0.213990
0.623774 0.384147
0.626001 0.378430
0.629320 0.351542
0.632751 0.505887
0.632824 0.503411
0.642242 0.232862
0.642324 0.393718
0.643191 0.455701
0.646662 0.304112
0.653034 0.145398
0.657530 0.115878
0.661969 0.388099
0.664434 0.466547
0.668306 0.461741
0.669203 0.703066
0.671005 0.579783
0.672301 0.271641
0.674115 0.434542
0.675677 0.587916
0.678833 0.478061
0.681799 0.144103
0.682740 0.670482
0.684781 0.531601
0.684873 0.546769
0.688725 0.724460
0.689272 0.336259
0.690716 0.601757
0.690821 0.367201
0.695019 0.160573
0.697436 0.988439
0.699212 0.341609
0.699226 1.000000
0.709428 0.161413
0.710819 0.565702
0.711719 0.234552
0.714229 0.656179
0.718692 0.317242
0.725714 0.306995
0.727592 0.402179
0.728000 0.610757
0.740538 0.561703
0.743661 0.207735
0.745016 0.190510
0.745915 0.534632
0.746442 0.337695
0.748966 0.343364
0.750577 0.368866
0.750778 0.535854
0.754624 0.403264
0.763447 0.401034
0.763688 0.334625
0.769797 0.304213
0.773323 0.547211
0.773421 0.695779
0.774162 0.451796
0.774368 0.692896
0.778401 0.498020
0.779874 0.514459
0.783624 0.267787
0.783986 0.391102
0.788471 0.204423
0.790464 0.655715
0.791849 0.382028
0.793654 0.568131
0.797353 0.460720
0.800206 0.279293
0.800691 0.528383
0.801550 0.341060
0.811825 0.594925
0.811969 0.376448
0.813220 0.411040
0.813233 0.376564
0.818895 0.596109
0.820425 0.737472
0.820592 0.293096
0.824411 0.441863
0.825355 0.835197
0.826702 0.376056
0.829075 0.222155
0.834689 0.455019
0.834905 0.261988
0.837717 0.757869
0.841982 0.575647
0.842856 0.901258
0.847177 0.360579
0.849708 0.553421
0.850760 0.568179
0.851640 0.633836
0.852837 0.454135
0.853357 0.494593
0.856179 0.780504
0.859695 0.534004
0.860599 0.403381
0.862102 0.536701
0.865815 0.677460
0.867663 0.556956
0.868303 0.663014
0.868512 0.319282
0.869131 0.648954
0.871593 0.583703
0.874145 0.262814
0.877114 0.897589
0.878329 0.579556
0.878718 0.327282
0.878723 0.516219
0.879747 0.838341
0.880210 0.386543
0.881663 0.302653
0.882192 0.733223
0.887611 0.788759
0.888936 0.438672
0.898144 0.467132
0.898487 0.250095
0.902195 0.397665
0.905009 0.571912
0.912050 0.373658
0.913684 0.729810
0.913936 0.836115
0.914516 0.546904
0.924678 0.593600
0.928190 0.456006
0.934216 0.360345
0.934684 0.428844
0.937435 0.522808
0.941154 0.314774
0.941922 0.534723
0.943911 0.650850
0.944937 0.959892
0.947370 0.452272
0.951230 0.410964
0.954074 0.298299
0.958293 0.435225
0.959961 0.309879
0.962059 0.523018
0.964287 0.660826
0.966034 0.341253
0.968394 0.523650
0.969933 0.463398
0.973206 0.439913
0.980931 0.527470
0.985214 0.531977
0.989738 0.502249
0.992450 0.318985
0.992965 0.366835
0.998502 0.857479
1.000000 0.305687
