0.000000 0.113000
0.024872 0.540181
0.029872 0.316502
0.040643 0.213723
0.041208 0.307187
0.042393 0.407717
0.050290 0.232142
0.054423 0.431023
0.055161 0.540946
0.056176 0.231912
0.056518 0.000000
0.065409 0.256439
0.090844 0.506466
0.099695 0.642725
0.106093 0.136898
0.108574 0.143455
0.109389 0.258900
0.111361 0.229966
0.116401 0.334817
0.118188 0.332992
0.121074 0.239176
0.127197 0.139450
0.129823 0.520210
0.132241 0.222517
0.132366 0.110895
0.139468 0.922231
0.140393 0.403252
0.143720 0.197975
0.152374 0.321046
0.152879 0.466721
0.156450 0.302272
0.159683 0.375271
0.161221 0.384022
0.161604 0.310717
0.163851 0.341088
0.165700 0.331237
0.166902 0.259480
0.169617 0.281625
0.171059 0.137673
0.173751 0.337743
0.179272 0.112963
0.179787 0.226535
0.181594 0.645764
0.185407 0.653831
0.186657 0.467786
0.203791 0.422584
0.206645 0.434736
0.221334 0.296757
0.222207 0.214357
0.230393 0.226573
0.233147 0.261124
0.237471 0.187620
0.241074 0.260420
0.243378 0.302080
0.244013 0.251419
0.246735 0.125584
0.253344 0.369534
0.255437 0.355850
0.256768 0.369305
0.258529 0.552644
0.261761 0.394281
0.262399 0.360952
0.270562 0.486960
0.279703 0.432619
0.281378 0.420937
0.283804 0.495689
0.283943 0.262028
0.285404 0.690519
0.285835 0.321599
0.288937 0.495593
0.292793 0.198432
0.295590 0.447818
0.298144 0.279813
0.298214 0.179664
0.298239 0.439919
0.298759 0.248731
0.302930 0.310285
0.303742 0.358576
0.312321 0.471581
0.313222 0.257849
0.320478 0.422013
0.322800 0.203905
0.330174 0.481115
0.336028 0.362572
0.343507 0.761221
0.345284 0.501040
0.346178 0.435645
0.362428 0.489431
0.363873 0.413094
0.378641 0.256740
0.379966 0.669898
0.383919 0.376376
0.393843 0.594793
0.394305 0.631869
0.397039 0.404912
0.400781 0.531710
0.403059 0.503041
0.404867 0.357279
0.404875 0.422391
0.413827 0.365241
0.418061 0.299019
0.422411 0.506994
0.431665 0.517469
0.431979 0.868782
0.435632 0.496543
0.437166 0.916110
0.438922 0.584940
0.439319 0.670180
0.453880 0.760448
0.454634 0.568693
0.454932 0.678634
0.459752 0.287781
0.468376 0.454213
0.472650 0.650036
0.472817 0.697448
0.474457 0.430196
0.475724 1.000000
0.475770 0.419757
0.476963 0.357915
0.479024 0.760354
0.479401 0.713453
0.481253 0.382639
0.482740 0.535952
0.483175 0.507222
0.484265 0.493112
0.489637 0.712544
0.489663 0.477214
0.490880 0.523107
0.492273 0.390772
0.500539 0.676150
0.500919 0.424132
0.506412 0.471921
0.509137 0.447079
0.509251 0.391247
0.512378 0.606234
0.512641 0.505099
0.515116 0.384191
0.518358 0.592473
0.519494 0.493092
0.520920 0.334946
0.521340 0.400162
0.523241 0.670717
0.524028 0.614057
0.524646 0.434476
0.524683 0.363982
0.526217 0.667583
0.528563 0.739951
0.529061 0.338507
0.529719 0.703688
0.530668 0.723398
0.532240 0.670774
0.539559 0.420993
0.540938 0.357745
0.542343 0.660754
0.543733 0.633169
0.544055 0.703324
0.550892 0.458336
0.552552 0.475804
0.556291 0.572156
0.563595 0.598175
0.571359 0.621702
0.573442 0.675106
0.577553 0.415291
0.579610 0.396873
0.581377 0.361504
0.581384 0.446941
0.582838 0.631159
0.594148 0.427880
0.599426 0.722906
0.606310 0.573103
0.608859 0.620004
0.616062 0.699297
0.630601 0.575848
0.633491 0.744989
0.640607 0.413593
0.642421 0.849908
0.642508 0.744144
0.643302 0.777759
0.643522 0.855298
0.654581 0.681963
0.660031 0.524763
0.660669 0.683025
0.662379 0.775376
0.663809 0.759646
0.665199 0.478393
0.666085 0.558420
0.666294 0.658083
0.668130 0.421751
0.673144 0.572803
0.675241 0.474909
0.677478 0.861637
0.694773 0.625432
0.695178 0.448733
0.697422 0.526229
0.698607 0.668424
0.705044 0.378266
0.706787 0.751160
0.711362 0.763487
0.713368 0.869191
0.719509 0.611011
0.722044 0.444771
0.725484 0.949789
0.731141 0.551200
0.732752 0.489786
0.735185 0.542627
0.737778 0.577609
0.743083 0.428490
0.748914 0.559623
0.756389 0.470128
0.758977 0.490711
0.759631 0.666736
0.760637 0.547508
0.776492 0.673755
0.776668 0.794233
0.779984 0.900807
0.789463 0.616023
0.793086 0.562335
0.794072 0.904420
0.797562 0.724069
0.802471 0.616067
0.806272 0.848909
0.810137 0.636656
0.817156 0.484075
0.820014 0.541093
0.820752 0.609313
0.823213 0.715349
0.833874 0.627846
0.833875 0.557287
0.834856 0.482048
0.835482 0.491924
0.836261 0.507850
0.837341 0.458065
0.838639 0.633820
0.839157 0.806975
0.841100 0.900433
0.841282 0.932536
0.841822 0.539774
0.842342 0.683439
0.849049 0.860772
0.851606 0.569180
0.854586 0.736962
0.855579 0.660767
0.856894 0.677051
0.864492 0.716449
0.864904 0.714337
0.877767 0.506652
0.882314 0.697003
0.885762 0.563519
0.886096 0.661965
0.896298 0.477504
0.899903 0.492990
0.901500 0.380596
0.908569 0.478186
0.909996 0.496812
0.911171 0.448078
0.913458 0.492289
0.913726 0.641184
0.914116 0.632495
0.915933 0.624302
0.922406 0.514874
0.925237 0.625948
0.925603 0.586560
0.931225 0.419024
0.933370 0.575623
0.935490 0.624323
0.939982 0.837157
0.940215 0.663201
0.940642 0.774802
0.944851 0.544587
0.947591 0.851266
0.949731 0.767531
0.959766 0.722239
0.959963 0.567069
0.974256 0.677705
0.983590 0.402159
0.985427 0.667968
0.985849 0.705569
0.995170 0.434770
0.998511 0.565267
1.000000 0.777006
