0.000000 0.345033
0.005562 0.188028
0.006954 0.564103
0.009321 0.063095
0.011864 0.283220
0.019826 0.401396
0.026124 0.333759
0.026917 0.000752
0.029527 0.080998
0.036580 0.045030
0.038184 0.227650
0.038293 0.352425
0.039009 0.036808
0.039561 0.251098
0.039844 0.350087
0.041638 0.052310
0.043609 0.025555
0.048485 0.339273
0.049210 0.387310
0.049737 0.182152
0.052122 0.196857
0.059632 0.124170
0.061148 0.316096
0.062409 0.282761
0.063711 0.330990
0.063743 0.146728
0.069106 0.454919
0.069875 0.257870
0.072327 0.691392
0.082263 0.358567
0.083106 0.012965
0.083683 0.121379
0.085814 0.126422
0.089046 0.044473
0.090016 0.105772
0.091633 0.593217
0.092890 0.222071
0.093906 0.247308
0.093924 0.272945
0.096225 0.238108
0.102515 0.132565
0.103638 0.286352
0.112875 0.117142
0.115155 0.000000
0.117352 0.175356
0.122389 0.463220
0.123942 0.315094
0.125268 0.070553
0.128355 0.415098
0.130330 0.669055
0.134391 0.148097
0.137253 0.256740
0.140745 0.285880
0.143829 0.300823
0.144377 0.410031
0.144932 0.065639
0.147749 0.315305
0.149644 0.226595
0.150135 0.546051
0.151069 0.416869
0.155743 0.548160
0.158642 0.288163
0.160023 0.125975
0.162238 0.226975
0.163020 0.016008
0.164670 0.101501
0.165163 0.363826
0.167503 0.258154
0.169598 0.289168
0.171233 0.246399
0.172926 0.176983
0.176037 0.551205
0.181857 0.578236
0.181933 0.291005
0.182224 0.486392
0.188139 0.258972
0.192707 0.363953
0.195581 0.101370
0.203995 0.252002
0.204860 0.471600
0.207279 0.528804
0.211942 0.504676
0.213770 0.323489
0.215089 0.427704
0.218882 0.122765
0.219386 0.199392
0.219667 0.252742
0.224615 0.226174
0.225948 0.155025
0.228731 0.104735
0.229129 0.216676
0.230253 0.320890
0.232550 0.368013
0.233534 0.117357
0.235050 0.240867
0.239471 0.275889
0.239524 0.047508
0.241531 0.197372
0.242161 0.338504
0.245884 0.605181
0.247827 0.587888
0.256018 0.082943
0.257104 0.157678
0.260159 0.394910
0.261085 0.175073
0.262464 0.488119
0.264113 0.265725
0.270145 0.303122
0.273423 0.348476
0.277754 0.198009
0.279893 0.333461
0.279962 0.527461
0.280502 0.222449
0.280531 0.269528
0.282590 0.194652
0.288894 0.309711
0.295554 0.359866
0.295982 0.489368
0.298878 0.287733
0.301334 0.158474
0.301946 0.354765
0.302954 0.208308
0.303271 0.303113
0.303310 0.095643
0.306600 0.355358
0.307026 0.251555
0.315188 0.197124
0.317241 0.355602
0.319103 0.543480
0.322769 0.536636
0.332882 0.402148
0.333451 0.183721
0.335108 0.247306
0.343465 0.798868
0.353183 0.182359
0.353230 0.225367
0.355712 0.119991
0.355987 0.277461
0.359593 0.213621
0.360056 0.502452
0.360262 0.258617
0.362865 0.507606
0.364881 0.454041
0.366373 0.278531
0.366461 0.320206
0.369108 0.437369
0.369755 0.145913
0.372549 0.324960
0.374716 0.377004
0.375740 0.451250
0.378200 0.397569
0.379380 0.340859
0.381945 0.333774
0.382095 0.287353
0.383677 0.299635
0.386118 0.392113
0.387296 0.374233
0.390248 0.347409
0.392444 0.285343
0.399836 0.196425
0.400206 0.208967
0.400703 0.450159
0.405985 0.497421
0.409672 0.167016
0.411403 0.409973
0.419746 0.224752
0.420903 0.334281
0.421636 0.321201
0.421953 0.692409
0.423167 0.529939
0.426775 0.280177
0.428503 0.245502
0.435847 0.126492
0.436146 0.269302
0.436201 0.323505
0.437401 0.444497
0.437475 0.465812
0.438592 0.527843
0.451752 0.363558
0.453677 0.330127
0.455160 0.194277
0.461341 0.405710
0.461648 0.550166
0.464787 0.198375
0.466560 0.296863
0.469849 0.623489
0.478276 0.369440
0.493947 0.348137
0.495305 0.231521
0.496844 0.349471
0.497918 0.275762
0.498111 0.262606
0.501526 0.285389
0.502641 0.547497
0.503879 0.302893
0.504127 0.143611
0.506366 0.209130
0.510526 0.222992
0.510699 0.486665
0.518067 0.310036
0.518376 0.431225
0.518914 0.322677
0.521939 0.526198
0.522831 0.433806
0.526606 0.336227
0.529856 0.337948
0.530898 0.481237
0.535259 0.285217
0.536243 0.265303
0.543451 0.602589
0.544568 0.456501
0.544708 0.412902
0.549259 0.648480
0.550735 0.534919
0.556895 0.363801
0.563717 0.283488
0.564977 0.437793
0.572015 0.379177
0.573858 0.354337
0.573864 0.274376
0.576918 0.328932
0.583761 0.389466
0.584106 0.342314
0.586796 0.415265
0.587500 0.268485
0.590754 0.373934
0.591484 0.385497
0.592884 0.232978
0.597570 0.430648
0.600677 0.521253
0.602271 0.347045
0.602412 0.434222
0.607084 0.614261
0.607924 0.448994
0.608704 0.395948
0.609032 0.407728
0.610815 0.619248
0.611659 0.345231
0.611806 0.694990
0.612542 0.246812
0.616744 0.227808
0.616813 0.272875
0.619637 0.343206
0.625226 0.378799
0.631041 0.476880
0.642000 0.727253
0.642550 0.249395
0.643846 0.290245
0.651118 0.431397
0.651977 0.529921
0.654205 0.694502
0.656070 0.312402
0.657200 0.571513
0.658055 0.395894
0.659142 0.450791
0.671331 0.497669
0.672795 0.233175
0.675116 0.471815
0.677446 0.481496
0.677545 0.384794
0.679185 0.270322
0.679400 0.432520
0.682053 0.620152
0.682204 0.440371
0.691352 0.513615
0.701159 0.383641
0.705286 0.435247
0.705387 0.540738
0.710410 0.442605
0.718179 0.574997
0.719366 0.343893
0.721531 0.432796
0.722650 0.563804
0.723472 0.356707
0.724756 0.414884
0.728845 0.433007
0.733702 0.660430
0.735235 0.774069
0.736160 0.260769
0.737732 0.592848
0.741549 0.553355
0.743607 0.354190
0.748161 0.362671
0.749419 0.521262
0.749528 0.491624
0.751155 0.423055
0.756903 0.450644
0.760101 0.654286
0.760872 0.362059
0.762311 0.394310
0.763509 0.640020
0.765934 0.665154
0.770176 0.457796
0.775205 0.746492
0.780299 0.413969
0.780754 0.588216
0.782963 0.463594
0.785363 0.481077
0.790986 0.457240
0.792894 0.457441
0.793498 0.612278
0.793957 0.532525
0.794170 0.599539
0.794303 0.301076
0.804354 0.483790
0.805573 0.605282
0.815265 0.673193
0.815727 0.563057
0.823520 0.671773
0.823610 0.640444
0.835253 0.395742
0.836975 0.570115
0.840038 0.373588
0.841479 1.000000
0.841819 0.419751
0.844557 0.544712
0.845232 0.543519
0.847861 0.698476
0.850367 0.866780
0.851438 0.428088
0.852181 0.473499
0.852764 0.455688
0.854575 0.750664
0.857944 0.622514
0.859515 0.596440
0.865852 0.449035
0.866069 0.579516
0.867393 0.769869
0.867406 0.680060
0.868134 0.588217
0.868568 0.560115
0.869386 0.615347
0.870130 0.455440
0.870497 0.615555
0.870732 0.641922
0.873612 0.445556
0.875734 0.355578
0.877101 0.558685
0.877455 0.575764
0.879748 0.703055
0.880645 0.596986
0.886112 0.567415
0.891908 0.688230
0.893887 0.742879
0.898221 0.525245
0.899644 0.374172
0.909289 0.533852
0.911726 0.616251
0.912215 0.478567
0.912652 0.444266
0.915820 0.603705
0.916924 0.515684
0.923967 0.485750
0.926030 0.745210
0.934982 0.449695
0.946468 0.841134
0.947749 0.538141
0.949754 0.764758
0.950135 0.447301
0.957117 0.686842
0.962023 0.529808
0.963114 0.703225
0.970084 0.564551
0.978935 0.488685
0.980879 0.551114
0.980943 0.542350
0.981344 0.455286
0.983745 0.506429
0.985362 0.662606
0.989497 0.573230
0.990045 0.522181
0.992492 0.715017
0.994083 0.616610
0.998972 0.598810
1.000000 0.545193
