0.000000 0.073884
0.000405 0.093786
0.000715 0.342374
0.001082 0.253080
0.005232 0.128142
0.007243 0.398120
0.008502 0.222580
0.010109 0.071516
0.014119 0.236949
0.016347 0.174612
0.019348 0.319022
0.027081 0.336999
0.028252 0.210894
0.028535 0.098365
0.030148 0.493911
0.033167 0.169722
0.033264 0.377372
0.035157 0.186487
0.037775 0.092063
0.038749 0.073887
0.042239 0.215372
0.042483 0.429880
0.042791 0.359791
0.043032 0.201916
0.044983 0.247299
0.047649 0.005427
0.048140 0.175928
0.049878 0.100540
0.050042 0.024629
0.052327 0.132246
0.054041 0.148654
0.054763 0.309489
0.054910 0.218296
0.056058 0.402934
0.056892 0.067993
0.057604 0.000000
0.064095 0.045715
0.064278 0.098351
0.067018 0.459518
0.067310 0.105785
0.072004 0.175593
0.073196 0.186549
0.079272 0.507915
0.085734 0.190895
0.085943 0.146050
0.086308 0.218187
0.091346 0.258191
0.092682 0.057013
0.092752 0.171483
0.092757 0.201079
0.093079 0.068342
0.097972 0.025766
0.099554 0.193714
0.102043 0.566118
0.102728 0.054251
0.104527 0.229486
0.106557 0.143803
0.107165 0.236046
0.108121 0.400083
0.110888 0.090742
0.111914 0.371038
0.112262 0.082651
0.116752 0.243896
0.118577 0.099582
0.119227 0.179836
0.123520 0.079282
0.123653 0.357057
0.127646 0.340927
0.128433 0.138406
0.130396 0.038188
0.131006 0.108311
0.131456 0.146683
0.134560 0.478497
0.134844 0.091615
0.135885 0.332973
0.141121 0.295675
0.143018 0.055079
0.145260 0.403174
0.145908 0.405954
0.148752 0.506488
0.150356 0.284743
0.150793 0.148393
0.151477 0.093508
0.156376 0.291543
0.157110 0.254761
0.158032 0.188954
0.163397 0.280211
0.166057 0.299804
0.169066 0.142653
0.173622 0.095865
0.181812 0.260696
0.182333 0.275357
0.182447 0.275251
0.184348 0.154471
0.187635 0.188766
0.188524 0.096069
0.191423 0.143413
0.192519 0.318380
0.194518 0.343763
0.194975 0.238525
0.196574 0.264670
0.196651 0.267950
0.196718 0.084765
0.202271 0.259372
0.203100 0.245735
0.207482 0.151394
0.208746 0.074501
0.209548 0.175790
0.210356 0.297789
0.212667 0.032653
0.215958 0.454066
0.216233 0.355039
0.216775 0.382674
0.217918 0.146990
0.220112 0.214531
0.220165 0.201596
0.220810 0.195343
0.223827 0.346678
0.223911 0.405943
0.226919 0.160322
0.227507 0.384066
0.227588 0.101539
0.228786 0.200217
0.229489 0.266780
0.229578 0.164954
0.232598 0.127532
0.236779 0.029341
0.238567 0.209725
0.238779 0.337793
0.239206 0.281001
0.241490 0.233814
0.243403 0.098131
0.248363 0.159024
0.250607 0.273646
0.250980 0.294055
0.258827 0.410481
0.262803 0.331457
0.265524 0.145824
0.268174 0.414068
0.270295 0.392587
0.271184 0.141099
0.272702 0.050400
0.274046 0.214212
0.274442 0.204001
0.275168 0.072476
0.275369 0.297150
0.276510 0.215663
0.276916 0.224536
0.277937 0.466422
0.278314 0.319247
0.279504 0.510514
0.279685 0.249190
0.279753 0.435347
0.280692 0.495685
0.285072 0.207384
0.288701 0.141465
0.291509 0.165957
0.292439 0.379905
0.292514 0.298110
0.293503 0.472763
0.293699 0.336402
0.294841 0.236221
0.294912 0.129153
0.295161 0.226636
0.295889 0.198800
0.297749 0.057749
0.297766 0.112139
0.298775 0.115148
0.298862 0.301047
0.300149 0.102549
0.300916 0.113771
0.301066 0.084241
0.301368 0.403106
0.304024 0.163944
0.304368 0.407416
0.305031 0.408183
0.306606 0.313295
0.307618 0.357786
0.310152 0.410387
0.310805 0.179253
0.314696 0.205338
0.315184 0.089584
0.315826 0.242533
0.316449 0.426433
0.322362 0.431117
0.325493 0.202412
0.327980 0.312980
0.328937 0.149398
0.331211 0.223655
0.334061 0.250456
0.335618 0.119109
0.336330 0.267764
0.338752 0.252377
0.340970 0.195871
0.341914 0.173527
0.344794 0.107884
0.344955 0.176017
0.351459 0.133245
0.357739 0.180504
0.359835 0.251122
0.361164 0.235303
0.362922 0.416454
0.366933 0.256228
0.367404 0.428691
0.367645 0.409938
0.370088 0.275524
0.371353 0.392258
0.375108 0.307950
0.375545 0.195584
0.375980 0.161536
0.378074 0.203455
0.378824 0.169080
0.379144 0.155427
0.382077 0.136871
0.387591 0.553815
0.389176 0.149047
0.390606 0.309294
0.391184 0.210869
0.391504 0.380632
0.396234 0.213572
0.397245 0.239930
0.399305 0.139824
0.404851 0.146936
0.405013 0.180122
0.406625 0.266351
0.409953 0.333738
0.412339 0.195142
0.416079 0.356723
0.416967 0.246017
0.419697 0.424916
0.421522 0.586094
0.427416 0.455146
0.430827 0.465320
0.431475 0.384308
0.433989 0.420122
0.437804 0.315473
0.443974 0.236328
0.446253 0.172282
0.446797 0.182747
0.447394 0.274783
0.453336 0.449790
0.453836 0.395174
0.454062 0.320411
0.455268 0.338314
0.456338 0.289594
0.458953 0.324036
0.459007 0.317360
0.462294 0.344777
0.462529 0.418852
0.464365 0.559286
0.467469 0.502953
0.467770 0.179451
0.468286 0.197669
0.469125 0.318999
0.473062 0.202607
0.473623 0.220169
0.474009 0.175626
0.476624 0.427454
0.477551 0.253591
0.477745 0.248516
0.479708 0.263570
0.480996 0.488864
0.481597 0.375501
0.483029 0.647903
0.484550 0.410230
0.485342 0.433239
0.485509 0.263481
0.489451 0.750806
0.490688 0.584276
0.492159 0.327532
0.494944 0.330653
0.496489 0.269916
0.499055 0.298337
0.499263 0.325665
0.500127 0.605425
0.504489 0.336557
0.506419 0.357789
0.507812 0.339410
0.507814 0.256582
0.511194 0.483516
0.514042 0.412422
0.519117 0.263479
0.519922 0.450640
0.528980 0.269666
0.533737 0.344909
0.534271 0.589618
0.536814 0.339991
0.540221 0.402529
0.543168 0.351386
0.544605 0.571219
0.546020 0.452785
0.546944 0.448490
0.548676 0.272432
0.550096 0.543782
0.550299 0.377320
0.552444 0.402865
0.553884 0.488437
0.556503 0.604314
0.561342 0.371043
0.561350 0.459119
0.563965 0.455308
0.567354 0.255335
0.567561 0.578170
0.567564 0.378848
0.568199 0.432688
0.569785 0.437824
0.572822 0.495483
0.574342 0.525320
0.575151 0.223939
0.576738 0.396081
0.576974 0.501894
0.577055 0.339682
0.577290 0.365117
0.577620 0.422002
0.579044 0.346372
0.579768 0.258227
0.580034 0.489620
0.582009 0.408270
0.584669 0.293227
0.584953 0.404252
0.587009 0.342019
0.588956 0.323374
0.591298 0.465718
0.593027 0.508673
0.605239 0.558111
0.606964 0.697469
0.608486 0.330616
0.611447 0.294758
0.611991 0.428402
0.613953 0.268966
0.616288 0.241515
0.616755 0.451995
0.618192 0.499664
0.618966 0.383257
0.620674 0.368138
0.622203 0.404254
0.626038 0.612066
0.627676 0.444695
0.627884 0.336497
0.628366 0.518848
0.632976 0.309848
0.634158 0.621048
0.634956 0.617456
0.635084 0.612933
0.635129 0.257955
0.638372 0.496213
0.645203 0.410535
0.645523 0.504673
0.647126 0.506170
0.648845 0.523076
0.651263 0.340752
0.656117 0.312999
0.659582 0.334380
0.662130 0.336294
0.662406 0.567794
0.663407 0.340383
0.663510 0.589270
0.666703 0.331146
0.670582 0.422657
0.674324 0.581080
0.675320 0.548465
0.677159 0.600725
0.680885 0.392708
0.682246 0.514385
0.683808 0.552804
0.685553 0.389816
0.688261 0.329349
0.689680 0.457109
0.691914 0.528337
0.692833 0.355787
0.694097 0.457392
0.694969 0.374478
0.701078 0.554094
0.701213 0.451340
0.701736 0.314320
0.701925 0.455189
0.703533 0.321690
0.703956 0.375691
0.705082 0.491570
0.706555 0.336582
0.707485 0.507516
0.711458 0.543440
0.714388 0.572708
0.714581 0.561485
0.716833 0.508417
0.717368 0.423777
0.718724 0.305572
0.718816 0.404106
0.720763 0.467439
0.721173 0.461335
0.721802 0.505765
0.726367 0.445523
0.726806 0.496496
0.726998 0.529193
0.728025 0.485612
0.732004 0.616525
0.734028 0.661071
0.736407 0.518635
0.738598 0.617170
0.741663 0.382076
0.745133 0.547430
0.746279 0.529936
0.753202 0.428248
0.753640 0.747364
0.754202 0.650851
0.754437 0.638054
0.755707 0.415197
0.761025 0.323696
0.761787 0.457120
0.762288 0.395399
0.763600 0.633567
0.765523 0.544297
0.769897 0.642422
0.776553 0.486752
0.776994 0.328547
0.777499 0.476918
0.778468 0.441170
0.778631 0.385101
0.779693 0.420637
0.781185 0.366375
0.781954 0.547668
0.784858 0.629055
0.785452 0.919534
0.787825 0.519684
0.790098 0.557170
0.790284 0.641383
0.791111 0.537298
0.791473 0.407621
0.796562 0.601883
0.798078 0.611486
0.800375 0.541847
0.801734 0.605773
0.802336 0.612437
0.803016 0.555889
0.804091 0.444250
0.804370 0.465063
0.805987 0.332379
0.807769 0.378421
0.811599 0.729427
0.813480 0.490401
0.813501 0.472644
0.814406 0.456055
0.814458 0.775148
0.814467 0.538681
0.816552 0.659096
0.819334 0.542380
0.820790 0.359690
0.821160 0.426067
0.823076 0.376288
0.824059 0.538707
0.825583 0.501308
0.828865 0.526816
0.830131 0.452466
0.832959 0.590656
0.834233 0.555065
0.835116 0.516422
0.843221 0.433696
0.844262 0.683796
0.849539 0.569669
0.853799 0.627655
0.856666 0.482384
0.856880 0.428973
0.857669 0.526828
0.866569 0.640579
0.866579 0.531543
0.867091 0.534305
0.869929 0.469600
0.870206 0.774447
0.874780 0.526821
0.874828 0.665176
0.878010 0.736148
0.882240 0.709002
0.885547 0.647305
0.886370 0.458630
0.889134 0.811786
0.890202 0.564691
0.893873 0.475167
0.897999 0.715264
0.900317 0.744137
0.905107 0.512754
0.908600 0.654766
0.909120 0.644185
0.912738 0.637837
0.912928 0.589719
0.913464 0.519405
0.913695 0.661555
0.917362 0.594459
0.922921 0.653784
0.924031 0.542537
0.926267 0.551595
0.929123 0.655496
0.929916 0.655415
0.930570 0.539027
0.932032 0.508649
0.934358 0.585020
0.935015 0.476077
0.936697 0.767004
0.941107 0.558529
0.941833 0.525214
0.945354 0.509514
0.945877 0.551877
0.946473 0.500433
0.946480 0.673396
0.950733 0.630581
0.955436 0.674808
0.956029 0.466365
0.956082 0.732915
0.958283 0.465809
0.959198 0.618981
0.960094 0.839938
0.961643 0.590280
0.961650 0.909975
0.961747 0.602092
0.963435 0.865128
0.965011 1.000000
0.968058 0.663934
0.968514 0.479712
0.972148 0.668302
0.974086 0.695161
0.977197 0.548212
0.977916 0.450497
0.981957 0.862429
0.982678 0.654334
0.982837 0.557023
0.983899 0.702860
0.984837 0.781680
0.985423 0.564236
0.985452 0.487030
0.986253 0.762739
0.986791 0.592239
0.987922 0.508294
0.988030 0.849537
0.988371 0.621571
0.988465 0.723947
0.989937 0.525430
0.990755 0.452315
0.991751 0.652737
0.991910 0.658757
0.994297 0.629110
0.994957 0.686634
1.000000 0.595397
