0.000000 0.379772
0.003772 0.492115
0.003899 0.547315
0.019541 0.537355
0.023021 0.656500
0.027335 0.748936
0.034102 0.592803
0.040063 0.566092
0.046913 0.635296
0.047400 0.503557
0.047618 0.451977
0.061742 0.507184
0.070021 0.495963
0.071326 0.730415
0.074764 0.426873
0.085047 0.341843
0.087789 0.430609
0.094867 0.463005
0.096316 0.728957
0.098193 0.364835
0.100899 0.525171
0.101402 0.697923
0.104388 0.386348
0.105806 0.762264
0.106485 0.535276
0.108168 0.266472
0.119983 0.667311
0.120029 0.436868
0.121287 0.398362
0.121322 0.480876
0.122278 0.713593
0.122430 0.684018
0.124786 0.601610
0.125244 0.587724
0.128272 0.614394
0.129279 0.686843
0.133594 0.611571
0.135174 0.553163
0.138462 0.368968
0.139840 0.622387
0.139862 0.577368
0.141444 0.485874
0.141584 0.442635
0.141876 0.342828
0.143538 0.153837
0.144632 0.480171
0.146691 0.809898
0.148144 0.545087
0.150382 0.664670
0.150589 0.723608
0.150677 0.516766
0.152316 0.386305
0.152525 0.527861
0.153860 0.289370
0.155528 0.696063
0.156394 0.717344
0.157117 0.522696
0.158118 0.898913
0.159735 0.492295
0.160393 0.712376
0.160805 0.515158
0.167480 0.589393
0.168624 0.756751
0.170030 0.586354
0.170810 0.467059
0.171055 0.428054
0.171180 0.413252
0.171763 0.317916
0.173083 0.375562
0.175745 0.346907
0.177043 0.519711
0.177864 0.474380
0.178788 0.811795
0.178936 0.477663
0.179029 0.721158
0.179587 0.614549
0.179632 0.150528
0.179761 0.740167
0.180382 0.597097
0.180884 0.607342
0.181315 0.581023
0.181609 0.507531
0.183099 0.680165
0.185520 0.430795
0.185572 0.385115
0.189746 0.445851
0.189822 0.469325
0.192593 0.645866
0.198866 0.354554
0.198874 0.698114
0.200281 0.469843
0.201299 0.351301
0.203122 0.298658
0.203901 0.761628
0.204712 0.575723
0.204945 0.221000
0.205736 0.232091
0.206992 0.684374
0.207389 0.457349
0.207821 0.712029
0.208514 0.335710
0.210101 0.532760
0.210771 0.663618
0.211649 0.595965
0.212999 0.554498
0.214760 0.539048
0.216796 0.459586
0.216797 0.126920
0.218225 0.590490
0.219546 0.668420
0.221134 0.446523
0.222713 0.471915
0.223681 0.382164
0.225714 0.492479
0.227024 0.536026
0.228827 0.478647
0.230215 0.642629
0.232775 0.665169
0.234038 0.496027
0.234238 0.499704
0.238458 0.598006
0.239629 0.192304
0.241063 0.585632
0.242067 0.358712
0.242392 0.366981
0.242406 0.737380
0.242783 0.722827
0.246307 0.289792
0.249251 0.521931
0.251308 0.669203
0.251494 0.758436
0.252191 0.460029
0.252805 0.621773
0.252934 0.539379
0.253969 0.416599
0.255200 0.512359
0.257954 0.607797
0.259581 0.645333
0.260171 0.476418
0.263270 0.690640
0.264384 0.333099
0.265781 0.497230
0.266891 0.480462
0.267582 0.180108
0.267792 0.267211
0.268066 0.601378
0.269170 0.587633
0.272189 0.320396
0.274196 0.477423
0.274558 0.697172
0.275077 0.563959
0.275086 0.133364
0.275912 0.443812
0.276488 0.429872
0.276761 0.525730
0.277150 0.402927
0.277758 0.521572
0.277910 0.785565
0.278356 0.601575
0.282125 0.537583
0.283678 0.344025
0.284580 0.498675
0.286199 0.633313
0.287958 0.476889
0.288094 0.514853
0.288708 0.420222
0.289155 0.543283
0.289215 0.579970
0.292560 0.907204
0.293800 0.552913
0.295664 0.284484
0.298963 0.304076
0.301745 0.599773
0.302459 0.524548
0.303480 0.642941
0.303554 0.429057
0.305827 0.553534
0.308928 0.508271
0.310391 0.540111
0.310477 0.339260
0.310491 0.718167
0.310592 0.442813
0.310896 0.367285
0.312138 0.441954
0.313529 0.383221
0.314285 0.475135
0.315714 0.575622
0.316045 0.428460
0.320020 0.487336
0.321892 0.555035
0.322796 0.600862
0.323991 0.453851
0.325916 0.607926
0.326258 0.666060
0.327149 0.521060
0.327411 0.497634
0.329605 0.893393
0.330655 0.436013
0.330785 0.500443
0.331794 0.386770
0.332272 0.528155
0.332408 0.831882
0.332537 0.732687
0.334769 0.355611
0.335317 0.331041
0.337695 0.424649
0.338495 0.623224
0.339405 0.286467
0.341612 0.684076
0.341800 0.277601
0.342570 0.572686
0.343915 0.614300
0.343932 0.411797
0.345747 0.727729
0.347311 0.454481
0.348760 0.550687
0.349012 0.872256
0.353523 0.587790
0.354677 0.459490
0.355832 0.685665
0.358076 0.568176
0.359811 0.633508
0.360115 0.717374
0.362196 0.440356
0.365363 0.558385
0.366783 0.523579
0.366987 0.630038
0.368314 0.640631
0.368477 0.461315
0.369401 0.704173
0.369428 0.282857
0.370624 0.610431
0.371121 0.549560
0.376326 0.534722
0.376527 0.394624
0.376615 0.442168
0.377604 0.389788
0.380167 0.637950
0.383470 0.850185
0.383955 0.569591
0.385775 0.485983
0.386769 0.585163
0.387780 0.434164
0.387987 0.236200
0.390369 0.385936
0.392572 0.521851
0.393447 0.628532
0.397561 0.691204
0.401347 0.371100
0.401624 0.117591
0.402666 0.368200
0.402808 0.527904
0.403305 0.622237
0.404012 0.650754
0.408404 0.469361
0.408678 0.515481
0.409201 0.564496
0.409202 0.493054
0.410013 0.403509
0.410525 0.364203
0.410559 0.682409
0.414223 0.292060
0.414741 0.422737
0.417490 0.459938
0.418212 0.336796
0.419045 0.542650
0.421007 0.263221
0.423490 0.552894
0.423940 0.036827
0.424098 0.398776
0.426400 0.595352
0.428282 0.472398
0.428899 0.390239
0.429489 0.473537
0.434595 0.359810
0.436634 0.248447
0.437941 0.502546
0.444665 0.462376
0.445987 0.584055
0.448287 0.388722
0.450008 0.741111
0.453900 0.369397
0.454644 0.743891
0.454779 0.467030
0.460332 0.742978
0.462130 0.773848
0.464686 0.742850
0.466097 0.500007
0.466700 0.734441
0.467654 0.483901
0.467791 0.767193
0.470330 0.465995
0.473698 0.785469
0.474786 0.585647
0.475522 0.519316
0.477018 0.791537
0.477437 0.406715
0.478425 0.233790
0.480929 0.567085
0.482324 0.360105
0.482986 0.557708
0.483530 0.604333
0.484071 0.352407
0.484674 0.547456
0.486708 0.705633
0.487727 0.589029
0.489110 0.407878
0.489404 0.375696
0.489574 0.470340
0.490282 0.503598
0.491494 0.465634
0.492232 0.585377
0.495015 0.595244
0.495799 0.759525
0.495961 0.376365
0.495994 0.498561
0.501282 0.698949
0.502437 0.439879
0.502468 0.490785
0.503592 0.794289
0.504891 0.235873
0.505250 0.420562
0.506830 0.458640
0.507486 0.363554
0.507746 0.793722
0.510853 0.697055
0.511220 0.625510
0.512599 0.413172
0.514391 0.418744
0.517713 0.626695
0.518162 0.549875
0.522301 0.377733
0.523743 0.519723
0.523784 0.367934
0.527143 0.637663
0.528100 0.370093
0.530933 0.302294
0.531789 0.422734
0.534598 0.727880
0.537218 0.289497
0.539621 0.475896
0.544735 0.416994
0.545777 0.940810
0.546905 0.537802
0.547206 0.295257
0.547828 0.483069
0.549792 0.149787
0.555655 0.209628
0.555954 0.480557
0.558249 0.250850
0.560615 0.217156
0.567898 0.323008
0.568863 0.130751
0.570896 1.000000
0.572449 0.377731
0.573539 0.424317
0.576046 0.453544
0.582559 0.617521
0.584271 0.631046
0.587903 0.605017
0.591288 0.456639
0.594831 0.492204
0.596926 0.371877
0.599689 0.299800
0.601933 0.448434
0.602911 0.472319
0.604443 0.159071
0.608409 0.297349
0.610107 0.302186
0.610642 0.650653
0.616565 0.180797
0.629983 0.223082
0.633682 0.619536
0.635580 0.206796
0.648599 0.067427
0.656022 0.222353
0.657805 0.298296
0.661685 0.333467
0.686523 0.203540
0.688630 0.332527
0.697786 0.304283
0.702357 0.304434
0.720786 0.191795
0.721572 0.471720
0.723376 0.664716
0.740128 0.054805
0.747749 0.333019
0.751591 0.301256
0.754478 0.448439
0.764228 0.013622
0.804984 0.326676
0.824476 0.359651
0.852596 0.501762
0.854158 0.225348
0.871039 0.078153
0.871142 0.036632
0.896154 0.495806
0.903959 0.310648
0.962483 0.209758
1.000000 0.000000
