0.000000 0.322279
0.001636 0.526681
0.007614 0.447271
0.021036 0.259837
0.036217 0.703058
0.037891 0.411968
0.048267 0.374422
0.048767 0.353665
0.051444 0.524293
0.051716 0.492273
0.054997 0.596571
0.055168 0.657437
0.061040 0.559695
0.061340 0.110992
0.064652 0.236333
0.067292 0.268517
0.070076 0.288371
0.071125 0.563355
0.071976 0.599503
0.073410 0.416671
0.079474 0.564549
0.083691 0.649531
0.085659 0.472655
0.086916 0.233219
0.087082 0.928834
0.087760 0.345241
0.087952 0.617097
0.088136 0.384516
0.088188 0.455583
0.090787 0.559353
0.091198 0.735713
0.093458 0.651664
0.093815 0.623013
0.093969 0.368648
0.094709 0.552939
0.094828 0.433453
0.096003 0.529108
0.096967 0.380408
0.100346 0.465598
0.100536 0.714896
0.102407 0.676298
0.104256 0.317277
0.105011 0.436904
0.106045 0.840926
0.106632 0.389211
0.108751 0.460758
0.112805 0.193273
0.113211 0.419120
0.113367 0.566824
0.113664 0.502121
0.113809 0.476541
0.115427 0.521231
0.117593 0.451760
0.119625 0.363983
0.120959 0.615751
0.121942 0.520950
0.122660 0.594374
0.122682 0.390968
0.123867 0.310487
0.124606 0.468092
0.125129 0.700265
0.126920 0.240533
0.127022 0.337648
0.127404 0.502145
0.128033 0.438859
0.129821 0.355545
0.130088 0.468860
0.132144 0.289779
0.132263 0.230992
0.133651 0.679817
0.134125 0.662780
0.135173 0.197942
0.137115 0.476641
0.137507 0.378904
0.137555 0.327510
0.137871 0.230754
0.138325 0.592112
0.139212 0.694451
0.139859 0.641778
0.140729 0.476514
0.143716 0.553902
0.143786 0.394551
0.144505 0.618697
0.144537 0.403774
0.147584 0.377068
0.148078 0.724989
0.148519 0.763758
0.150224 0.316567
0.154711 0.192993
0.154904 0.535231
0.156942 0.478446
0.157405 0.388739
0.158665 0.558304
0.160249 0.356298
0.160404 0.409110
0.161242 0.432687
0.161576 0.425181
0.161588 0.703636
0.164483 0.689867
0.165418 0.740194
0.167199 0.505663
0.168848 0.351034
0.168886 0.705358
0.169824 0.615041
0.170112 0.461591
0.171090 0.674501
0.171227 0.410766
0.172869 0.453528
0.172942 0.497311
0.173061 0.287136
0.175398 0.418613
0.175926 0.700916
0.176432 0.610155
0.178120 0.446587
0.182721 0.109127
0.183735 0.489649
0.183970 0.640970
0.186549 0.679433
0.186994 0.644141
0.187803 0.475670
0.189862 0.501551
0.190435 0.469553
0.190824 0.490425
0.190891 0.353669
0.190903 0.694249
0.192276 0.597176
0.193096 0.596382
0.193736 0.696008
0.194631 0.399176
0.198288 0.424201
0.198723 0.576734
0.198901 0.501286
0.199827 0.615672
0.200177 0.575552
0.205431 0.814875
0.205838 0.745598
0.206286 0.661833
0.206851 0.542501
0.208601 0.414858
0.209237 0.478766
0.209599 0.484372
0.212078 0.462693
0.212362 0.555380
0.213382 0.589322
0.213850 0.310079
0.213891 0.300600
0.214529 0.357615
0.214549 0.591139
0.215514 0.550982
0.217025 0.234794
0.217171 0.567150
0.217464 0.627537
0.218152 0.374451
0.219203 0.583646
0.219353 0.639034
0.221070 0.587234
0.221592 0.528849
0.221636 0.534921
0.224825 0.373081
0.224890 0.393486
0.224985 0.412429
0.227396 0.627324
0.227703 0.275458
0.230412 0.440556
0.231079 0.610532
0.232293 0.597849
0.232309 0.762669
0.232882 0.591046
0.234653 0.552846
0.234784 0.621455
0.235628 0.570712
0.236576 0.541541
0.237221 0.484946
0.237829 0.523186
0.239138 0.581809
0.239883 0.593421
0.240686 0.345395
0.241098 0.579780
0.242582 0.716784
0.242657 0.476238
0.243992 0.198895
0.244618 0.497612
0.247044 0.535605
0.247552 0.623546
0.247954 0.311123
0.248092 0.311536
0.248344 0.319866
0.248644 0.446127
0.249559 0.773882
0.249654 0.225096
0.251255 0.349070
0.252107 0.479149
0.253249 0.540839
0.254367 0.616656
0.255321 0.602618
0.255846 0.534645
0.256065 0.504759
0.256198 0.453308
0.256644 0.473476
0.257695 0.706561
0.259207 0.300336
0.261001 0.638221
0.261926 0.612146
0.262503 0.507801
0.262669 0.348293
0.264184 0.719890
0.265892 0.225905
0.269235 0.450211
0.272956 0.364909
0.274099 0.543882
0.274229 0.532107
0.275643 0.574733
0.278047 0.518595
0.279257 0.705605
0.279432 0.254695
0.281326 0.708228
0.281372 0.428446
0.281434 0.638345
0.282255 0.622935
0.283356 0.629534
0.284340 0.497817
0.284876 0.539967
0.285437 0.736645
0.285639 0.469274
0.287435 0.747369
0.287965 0.568444
0.289638 0.321030
0.290090 0.592600
0.291356 0.396812
0.291744 0.253327
0.292681 0.541520
0.295056 0.632499
0.296055 0.517371
0.298594 0.561366
0.299773 0.497041
0.301555 0.424592
0.303553 0.356388
0.305064 0.376144
0.305265 0.475861
0.305528 0.491724
0.306852 0.610950
0.307994 0.477469
0.309314 0.519230
0.310334 0.491148
0.310348 0.686779
0.311340 0.486319
0.313354 0.457384
0.313736 0.744235
0.315135 0.249934
0.319329 0.386279
0.322741 0.719529
0.323902 0.866187
0.324694 0.455168
0.324698 0.600930
0.327220 0.461884
0.328117 0.464227
0.329783 0.771121
0.330944 0.847368
0.331705 0.723703
0.332097 0.565742
0.332669 0.434173
0.332826 0.324451
0.336552 0.705326
0.338088 0.476432
0.340775 0.460119
0.341192 0.268862
0.341493 0.713772
0.345022 0.629595
0.346241 0.541135
0.347843 0.514651
0.348250 0.516107
0.348681 0.645239
0.349010 0.502815
0.350248 0.408394
0.350353 0.311539
0.351493 0.379028
0.353483 0.523376
0.353917 0.000000
0.358267 0.586740
0.359235 0.357063
0.360926 0.521903
0.362884 0.536428
0.364685 0.465201
0.366857 0.627039
0.369710 0.289687
0.371942 0.303525
0.372972 0.455240
0.375228 0.628364
0.375931 0.205523
0.376875 0.425769
0.380413 0.515367
0.381872 0.513011
0.383099 0.559646
0.390098 0.157345
0.392587 0.669667
0.393949 0.047650
0.400992 0.390554
0.402637 0.227428
0.406128 0.523053
0.409472 0.331631
0.409596 0.362018
0.413751 0.614787
0.414053 0.340766
0.418443 0.859998
0.418799 0.542422
0.420125 0.475344
0.420849 0.723609
0.423444 0.620153
0.425470 0.723607
0.426524 0.742286
0.426623 0.506898
0.429092 0.863378
0.430950 0.710855
0.431559 0.481459
0.432348 0.749121
0.434690 0.225920
0.438146 0.251720
0.438562 0.173724
0.440020 0.561664
0.441160 0.537578
0.444666 0.690425
0.445233 0.647799
0.446309 0.581170
0.448593 0.331138
0.450763 0.803761
0.453429 0.687218
0.455291 0.633844
0.458432 0.631098
0.462540 0.540186
0.463222 0.440043
0.463229 0.436156
0.463398 0.433355
0.464211 0.554932
0.465069 0.535846
0.466866 0.421402
0.469447 0.630190
0.469462 0.468358
0.470240 0.584658
0.478235 0.697542
0.480600 0.121198
0.481379 0.743273
0.482634 0.405230
0.485711 0.856062
0.486552 0.490397
0.486821 0.276419
0.487993 0.519493
0.489518 0.681120
0.491615 0.404011
0.492498 0.597298
0.496980 0.669554
0.497455 0.454255
0.502839 0.600179
0.505256 0.655750
0.506143 0.786923
0.510827 0.465428
0.515881 0.719053
0.519907 0.968141
0.524579 0.529425
0.528051 0.437489
0.531230 0.414541
0.533586 0.551090
0.536006 0.271756
0.536671 0.757250
0.540398 0.611866
0.543163 0.440880
0.544989 0.449170
0.545738 0.196493
0.549230 0.738796
0.555708 0.584672
0.562136 0.745725
0.562862 0.703910
0.566072 0.842079
0.568297 0.680613
0.572645 0.893186
0.585568 0.541714
0.596946 0.564915
0.600807 0.339611
0.602260 0.531961
0.604235 0.825076
0.605764 1.000000
0.611382 0.374724
0.616367 0.084898
0.618005 0.775519
0.625769 0.384899
0.629719 0.473070
0.632607 0.684389
0.633883 0.810907
0.653346 0.569854
0.661500 0.468491
0.663881 0.661345
0.664125 0.324327
0.668643 0.480066
0.670871 0.581475
0.680018 0.433228
0.706163 0.600182
0.725935 0.738911
0.741617 0.772283
0.742479 0.742039
0.749728 0.656148
1.000000 0.794918
