0.000000 0.837005
0.000390 0.823584
0.002721 0.778017
0.003551 0.775118
0.003953 0.756881
0.004999 0.738640
0.005987 0.982951
0.006498 0.863875
0.007033 0.771677
0.008445 0.686939
0.009130 0.675291
0.009800 0.738867
0.010901 0.763133
0.014177 0.747484
0.014691 0.747730
0.019709 0.806310
0.020892 0.710891
0.020957 0.698472
0.024470 0.970270
0.025308 0.766630
0.026134 0.855708
0.029126 0.827418
0.030279 0.750085
0.031328 0.588978
0.032580 0.725517
0.035799 0.922144
0.037940 0.838305
0.038518 0.879214
0.038917 0.772844
0.039062 1.000000
0.041237 0.586132
0.042483 0.696167
0.043907 0.658995
0.047142 0.890921
0.049905 0.649594
0.050841 0.656274
0.051387 0.573668
0.051481 0.717280
0.055138 0.700653
0.056407 0.715324
0.058225 0.781827
0.058721 0.712554
0.061612 0.752088
0.061694 0.752836
0.063282 0.852377
0.067119 0.708096
0.067188 0.689916
0.067391 0.675768
0.068147 0.952811
0.071223 0.716251
0.073616 0.744724
0.079660 0.916023
0.080025 0.674816
0.082278 0.761078
0.083289 0.864587
0.083310 0.765678
0.083368 0.680039
0.090197 0.702752
0.095014 0.801099
0.101146 0.779054
0.101486 0.720897
0.101555 0.768902
0.102732 0.807545
0.104666 0.954505
0.106546 0.665934
0.106999 0.877041
0.107037 0.723657
0.108469 0.609354
0.110758 0.666518
0.111769 0.742824
0.114159 0.825114
0.114802 0.621776
0.118954 0.651827
0.122141 0.765288
0.122537 0.831856
0.128586 0.789146
0.128809 0.706300
0.130402 0.739907
0.131476 0.776757
0.133107 0.767563
0.134825 0.868569
0.137444 0.690850
0.137603 0.780085
0.139187 0.663495
0.141844 0.729951
0.144251 0.828031
0.145471 0.833788
0.148056 0.777307
0.148287 0.618353
0.148585 0.688241
0.148696 0.710641
0.152908 0.923287
0.153823 0.547069
0.154875 0.578637
0.155078 0.661556
0.156223 0.741430
0.156961 0.894425
0.157975 0.770565
0.162424 0.871427
0.162590 0.715201
0.163176 0.816826
0.164013 0.771071
0.164095 0.811479
0.164174 0.736991
0.164318 0.685443
0.165656 0.846624
0.166491 0.669732
0.167867 0.610329
0.170690 0.789964
0.172431 0.658645
0.173851 0.751702
0.178544 0.739590
0.179300 0.532724
0.182439 0.788925
0.183378 0.741440
0.185034 0.720643
0.186303 0.737617
0.187123 0.646557
0.187179 0.520406
0.188589 0.656688
0.188700 0.726026
0.190518 0.799782
0.190577 0.890174
0.191199 0.897266
0.193309 0.646691
0.198132 0.711517
0.199562 0.637118
0.205546 0.688574
0.205969 0.725027
0.206143 0.732918
0.206414 0.769863
0.207774 0.725995
0.208977 0.733626
0.209143 0.694875
0.210319 0.608346
0.214277 0.559306
0.215188 0.575686
0.216761 0.656078
0.216777 0.730137
0.218747 0.748495
0.220233 0.691619
0.220271 0.787205
0.221155 0.622907
0.223341 0.832298
0.226034 0.559045
0.229359 0.751755
0.231685 0.687866
0.232812 0.691188
0.232863 0.788387
0.234527 0.745202
0.235420 0.589803
0.237161 0.747103
0.237581 0.691655
0.245552 0.645630
0.248419 0.598892
0.248513 0.809996
0.250077 0.498066
0.251651 0.636709
0.252107 0.470903
0.254485 0.718293
0.256320 0.809773
0.257663 0.817774
0.262488 0.553134
0.262876 0.718176
0.265020 0.839471
0.272508 0.656571
0.272612 0.787021
0.272969 0.724115
0.277685 0.640543
0.280454 0.690256
0.281213 0.727103
0.281364 0.738340
0.282582 0.757899
0.285041 0.722275
0.285733 0.623519
0.287202 0.718208
0.289723 0.403159
0.292710 0.571435
0.293020 0.647298
0.293917 0.559490
0.301345 0.683728
0.301451 0.739226
0.301996 0.561127
0.308182 0.638366
0.309141 0.563096
0.310435 0.463846
0.318570 0.761190
0.319953 0.678699
0.320487 0.594832
0.320792 0.656372
0.325087 0.525991
0.325761 0.590652
0.326666 0.777972
0.328466 0.645070
0.328596 0.625439
0.328597 0.657604
0.331407 0.763020
0.332303 0.505429
0.332796 0.672481
0.333727 0.683238
0.334723 0.611204
0.336090 0.710834
0.336706 0.687911
0.336935 0.645142
0.338725 0.580614
0.339341 0.651578
0.339354 0.512008
0.340474 0.737437
0.341191 0.731595
0.342819 0.742544
0.342849 0.596941
0.344874 0.392378
0.345616 0.748841
0.346469 0.602919
0.349335 0.587869
0.349567 0.667432
0.350075 0.752028
0.350372 0.565297
0.352811 0.698951
0.354402 0.658802
0.357345 0.621498
0.358379 0.632012
0.359261 0.626560
0.359400 0.678065
0.360545 0.742425
0.360653 0.479667
0.361610 0.660979
0.362376 0.721826
0.365630 0.564328
0.365676 0.505493
0.367917 0.730842
0.372938 0.637980
0.375117 0.576003
0.376831 0.625799
0.378349 0.519733
0.378666 0.504961
0.380037 0.745093
0.383317 0.685497
0.384122 0.621191
0.384507 0.688273
0.388020 0.484984
0.389867 0.499950
0.390597 0.679027
0.394485 0.520588
0.395469 0.695594
0.395548 0.698271
0.396336 0.607509
0.397708 0.658661
0.397750 0.668050
0.398954 0.635314
0.400268 0.528834
0.404014 0.550987
0.404022 0.689016
0.406156 0.693473
0.407177 0.617177
0.408884 0.429407
0.409893 0.538927
0.413281 0.466646
0.414030 0.492705
0.414883 0.670858
0.417239 0.596989
0.419574 0.634114
0.419690 0.615275
0.419696 0.602911
0.419878 0.575835
0.420827 0.581784
0.421497 0.565333
0.425957 0.583866
0.426029 0.642124
0.426292 0.604883
0.426782 0.610803
0.427064 0.530282
0.427198 0.611005
0.428418 0.482880
0.428492 0.692107
0.428501 0.619949
0.431526 0.451856
0.431826 0.273996
0.432163 0.636060
0.438036 0.556176
0.438055 0.534682
0.438670 0.595356
0.439669 0.859122
0.439969 0.666129
0.442296 0.480986
0.445600 0.705437
0.449774 0.574210
0.452149 0.476012
0.454329 0.504772
0.456979 0.603838
0.460656 0.563433
0.461713 0.401050
0.467109 0.455267
0.469085 0.461089
0.470789 0.739245
0.472707 0.423929
0.473393 0.181313
0.473942 0.547005
0.477791 0.457044
0.484130 0.500472
0.484633 0.581340
0.484752 0.521267
0.487869 0.697960
0.491099 0.692691
0.491295 0.439647
0.491860 0.563634
0.492492 0.625534
0.492851 0.830974
0.493354 0.631265
0.494968 0.496171
0.496416 0.506750
0.497462 0.636186
0.498125 0.518140
0.499911 0.618053
0.501652 0.505127
0.502195 0.559757
0.504888 0.647810
0.505338 0.495658
0.508550 0.758606
0.508769 0.662089
0.511426 0.568105
0.512199 0.337655
0.512295 0.559640
0.514638 0.596514
0.515224 0.668864
0.515402 0.642155
0.516040 0.537699
0.516819 0.601870
0.516829 0.714668
0.519559 0.506052
0.521863 0.598537
0.526865 0.523707
0.528292 0.390713
0.528534 0.623144
0.530981 0.671130
0.531238 0.575708
0.531280 0.602928
0.532477 0.545755
0.534891 0.584302
0.535605 0.611694
0.536741 0.700125
0.537338 0.634030
0.538121 0.479557
0.540974 0.672986
0.543505 0.520571
0.543704 0.409979
0.543888 0.463873
0.545067 0.553812
0.547948 0.501596
0.548024 0.692552
0.548592 0.608039
0.550838 0.538581
0.552206 0.574765
0.552305 0.600489
0.554604 0.497536
0.556155 0.431078
0.557697 0.725930
0.558858 0.445351
0.559148 0.686914
0.562229 0.520397
0.562660 0.413386
0.565404 0.556303
0.568606 0.472800
0.568848 0.270544
0.570068 0.583691
0.571381 0.443085
0.572244 0.575645
0.575901 0.478534
0.578466 0.467739
0.578638 0.690367
0.583029 0.490765
0.585975 0.617143
0.586108 0.505764
0.587006 0.715931
0.587819 0.465872
0.588972 0.375440
0.589245 0.537459
0.593937 0.610550
0.596936 0.542524
0.597297 0.489798
0.598652 0.687953
0.599938 0.546032
0.600542 0.558532
0.602523 0.449820
0.605720 0.603361
0.610922 0.321795
0.612148 0.662713
0.615181 0.496485
0.617051 0.447385
0.622556 0.533934
0.622916 0.489627
0.625307 0.554345
0.625351 0.637481
0.628523 0.605850
0.632398 0.494914
0.635593 0.491689
0.636602 0.552475
0.638567 0.581870
0.641326 0.524959
0.643292 0.522033
0.644128 0.542714
0.644238 0.766064
0.645821 0.622076
0.647179 0.549446
0.647312 0.539221
0.650083 0.559678
0.650359 0.549640
0.650386 0.849824
0.651847 0.466034
0.653325 0.414635
0.655864 0.477522
0.656216 0.501239
0.659071 0.442265
0.659130 0.444067
0.665960 0.661628
0.666460 0.719422
0.667468 0.308439
0.670488 0.558126
0.674415 0.224957
0.677427 0.511339
0.682542 0.518890
0.683201 0.560526
0.685022 0.427821
0.686729 0.509797
0.687384 0.593072
0.687682 0.401629
0.692700 0.543813
0.693670 0.424718
0.697525 0.769614
0.698724 0.558851
0.699513 0.588292
0.706679 0.591977
0.708100 0.497783
0.710684 0.554313
0.716093 0.595553
0.726447 0.675177
0.728161 0.675355
0.728443 0.425355
0.730490 0.335502
0.731588 0.631461
0.732498 0.639093
0.733543 0.387998
0.738260 0.522782
0.738660 0.308144
0.741344 0.433136
0.743901 0.402127
0.745127 0.406434
0.747593 0.423801
0.748205 0.389130
0.750434 0.363720
0.752960 0.568417
0.754774 0.472511
0.754879 0.550524
0.755370 0.561243
0.755684 0.591430
0.757149 0.474824
0.757864 0.476577
0.759642 0.538171
0.762732 0.328403
0.764369 0.569323
0.764943 0.317404
0.765561 0.508009
0.765973 0.657541
0.766732 0.529780
0.769690 0.685734
0.772522 0.677297
0.773140 0.598825
0.775301 0.385838
0.779795 0.625629
0.782283 0.490892
0.782572 0.457193
0.784066 0.660066
0.785903 0.259225
0.787069 0.492778
0.788231 0.497515
0.791844 0.545408
0.792574 0.569428
0.794312 0.360648
0.797543 0.552672
0.798961 0.503858
0.799163 0.513215
0.800413 0.482914
0.801017 0.956845
0.801232 0.422857
0.801712 0.416939
0.803956 0.727341
0.805222 0.507527
0.806183 0.543739
0.807522 0.560177
0.808464 0.593376
0.810062 0.537031
0.810303 0.597996
0.810417 0.755539
0.810891 0.453405
0.812047 0.275827
0.812706 0.677670
0.814439 0.706670
0.814958 0.612135
0.815363 0.416667
0.818498 0.391263
0.819474 0.241003
0.828056 0.598760
0.829762 0.359455
0.831525 0.377460
0.833506 0.473251
0.838300 0.252155
0.838921 0.578037
0.841598 0.623906
0.843577 0.582544
0.844019 0.576561
0.844849 0.380507
0.845656 0.361915
0.846402 0.596459
0.846413 0.379029
0.847657 0.490200
0.849990 0.484325
0.854781 0.422277
0.856531 0.566179
0.857665 0.420083
0.860327 0.372516
0.860622 0.556082
0.861400 0.679683
0.863602 0.473824
0.866421 0.581628
0.866851 0.469674
0.867856 0.646113
0.871602 0.405851
0.871627 0.445378
0.873144 0.663244
0.875320 0.359363
0.879386 0.502146
0.881011 0.406330
0.887380 0.453531
0.887809 0.264804
0.890529 0.380541
0.899983 0.588229
0.900616 0.644342
0.900860 0.168683
0.901311 0.319551
0.902041 0.469530
0.903293 0.323431
0.907541 0.216926
0.909083 0.510930
0.909998 0.568524
0.911041 0.574794
0.911115 0.167266
0.911617 0.475611
0.916799 0.758389
0.916852 0.334370
0.918357 0.024265
0.921016 0.411314
0.921050 0.115672
0.922751 0.534592
0.922997 0.706346
0.923925 0.277269
0.924930 0.248675
0.928611 0.145184
0.928934 0.376102
0.929827 0.549864
0.930881 0.124622
0.931843 0.221852
0.932044 0.191320
0.934247 0.600638
0.934920 0.000000
0.936870 0.586578
0.937578 0.416970
0.937685 0.635564
0.939067 0.452846
0.939199 0.484270
0.939213 0.237971
0.940754 0.696400
0.941482 0.068282
0.942477 0.299870
0.943287 0.193561
0.947312 0.426032
0.947554 0.425683
0.947798 0.111609
0.947866 0.462096
0.948313 0.425958
0.952360 0.522208
0.952855 0.380257
0.953236 0.164244
0.954383 0.232375
0.954531 0.020271
0.958191 0.479625
0.963413 0.404907
0.965541 0.343232
0.966195 0.224541
0.967268 0.664322
0.969094 0.430122
0.971790 0.524832
0.973521 0.470866
0.974731 0.422232
0.975135 0.119737
0.977418 0.432767
0.979492 0.447545
0.983155 0.237231
0.983449 0.747777
0.988037 0.807573
0.992420 0.415911
0.992565 0.475995
0.992834 0.434776
0.998732 0.704505
0.999086 0.743484
1.000000 0.402084
