0.000000 0.650478
0.000741 0.676739
0.001688 0.907466
0.001898 0.654408
0.002157 0.584553
0.018013 0.771146
0.024912 0.593158
0.029267 0.629734
0.035243 0.387175
0.040595 0.499276
0.045357 0.711300
0.046169 0.400795
0.047005 0.644416
0.051920 0.450512
0.054379 0.266574
0.054763 0.554143
0.054822 0.747878
0.058343 0.424125
0.060391 0.324850
0.062715 0.415509
0.068198 0.655808
0.071780 0.574465
0.072166 0.478586
0.072722 0.922716
0.074763 0.602032
0.076116 0.514993
0.077449 0.609361
0.079021 0.709253
0.079564 0.561944
0.085153 0.444858
0.085241 0.213227
0.085672 0.590906
0.085937 0.527515
0.087368 0.567758
0.090792 0.712362
0.091617 0.163948
0.094323 0.764956
0.096028 0.714725
0.096100 0.299270
0.097789 0.652724
0.098404 0.736465
0.098725 0.427097
0.100458 0.622481
0.101131 0.605444
0.101775 0.313081
0.102165 0.209226
0.104445 0.378281
0.106639 0.318784
0.108998 0.270663
0.109582 0.553785
0.110610 0.175838
0.110826 0.508710
0.111141 0.562118
0.111356 0.699633
0.115543 0.542322
0.116116 0.494758
0.116752 0.535981
0.117862 0.350406
0.118999 0.453290
0.119892 0.550210
0.121007 0.237766
0.121039 0.829575
0.122991 0.471890
0.123256 0.476742
0.124653 0.535216
0.127034 0.634257
0.130580 0.361512
0.131171 0.711268
0.131701 0.411609
0.131921 0.481932
0.133547 0.444492
0.134336 0.537001
0.135858 0.299956
0.136605 0.654815
0.136866 0.528816
0.137438 0.429832
0.137672 0.440709
0.138483 0.489990
0.139569 0.523813
0.139835 0.144305
0.141332 0.507958
0.141347 0.450007
0.141545 0.617980
0.141775 0.725504
0.142204 0.453229
0.142471 0.920601
0.142677 0.371562
0.143840 0.543407
0.143940 0.772500
0.144532 0.549758
0.145697 0.834911
0.149108 0.727255
0.149379 0.328102
0.149810 0.279080
0.153816 0.193798
0.154742 0.770404
0.155773 0.495251
0.159754 0.463948
0.160143 0.530858
0.160980 0.604868
0.161247 0.614512
0.161338 0.545238
0.161822 0.470175
0.161984 0.361249
0.164122 0.600996
0.165135 0.392437
0.165196 0.649514
0.165471 0.616853
0.166064 0.730690
0.166136 0.662275
0.167612 0.656632
0.168316 0.690891
0.168324 0.610535
0.168864 0.473129
0.169675 0.486219
0.170023 0.348803
0.171504 0.576068
0.171793 0.699534
0.173558 0.331280
0.173826 0.582884
0.175523 0.497665
0.175680 0.602532
0.175745 0.661972
0.175753 0.206294
0.176220 0.457842
0.176622 0.377944
0.177112 0.292239
0.177214 0.794068
0.177627 0.712081
0.180706 0.242828
0.181309 0.432840
0.182458 0.383068
0.183204 0.254042
0.183990 0.689615
0.185384 0.362084
0.185830 0.482667
0.187129 0.731967
0.187502 0.582000
0.188318 0.441573
0.189445 0.398586
0.189597 0.674896
0.189946 0.470307
0.190884 0.607053
0.192039 0.527680
0.192398 0.737296
0.192539 0.591660
0.193473 0.428079
0.194674 0.546633
0.194726 0.152840
0.195902 0.238661
0.198583 0.354684
0.198976 0.121208
0.199537 0.960002
0.200411 0.640677
0.202265 0.722784
0.202650 0.644226
0.202756 0.416736
0.203026 0.407926
0.203428 0.341369
0.204203 0.605808
0.204398 0.656598
0.204974 0.098011
0.205378 0.566253
0.205712 0.474132
0.206329 0.069224
0.207036 0.313000
0.207151 0.716070
0.207674 0.581049
0.207718 0.436003
0.209349 0.577242
0.209834 0.668922
0.210203 0.648144
0.210257 0.384640
0.210379 0.654489
0.211257 0.379790
0.212408 0.478576
0.212890 0.395225
0.214214 0.337818
0.214627 0.630310
0.216146 0.537180
0.216561 0.573044
0.216694 0.097759
0.216835 0.453886
0.217101 0.456108
0.218732 0.439298
0.219414 0.417282
0.219933 0.142476
0.220380 0.449323
0.221288 0.251396
0.221379 0.427056
0.222131 0.387571
0.222150 0.442216
0.222591 0.351644
0.222952 0.478643
0.223995 0.731971
0.224029 0.791774
0.224932 0.653257
0.225436 0.496374
0.225665 0.448055
0.225837 0.312192
0.226535 0.384960
0.227216 0.314606
0.227716 0.260506
0.227967 0.626120
0.229614 0.282656
0.229624 0.312011
0.229796 0.790340
0.230400 0.807322
0.231582 0.604438
0.234932 0.501380
0.235263 0.395356
0.235531 0.761200
0.236118 0.683296
0.236507 0.422814
0.236554 0.446746
0.236902 0.452657
0.237441 0.135844
0.238279 0.683267
0.238653 0.450517
0.239938 0.458158
0.241373 0.628946
0.241522 0.054232
0.243055 0.575973
0.243410 0.544545
0.244254 0.715297
0.244530 0.458348
0.244773 0.541654
0.244951 0.783280
0.245185 0.737855
0.245972 0.444697
0.245973 0.297042
0.246636 0.924482
0.248355 0.447984
0.250031 0.424170
0.252105 0.808146
0.252245 0.233134
0.252302 0.753112
0.253190 0.492876
0.253454 0.691109
0.255736 0.274311
0.257867 0.562603
0.258203 0.553536
0.258340 0.471035
0.258956 0.735370
0.259168 0.365788
0.260258 0.903657
0.260601 0.430974
0.261194 0.402653
0.262074 0.775060
0.262652 0.815908
0.263423 0.549531
0.264271 0.510157
0.264797 0.124498
0.266551 0.633068
0.266667 0.684987
0.266890 0.467736
0.268824 0.576513
0.270057 0.458376
0.271449 0.376648
0.272770 0.679587
0.272872 0.588145
0.274231 0.368385
0.274470 0.378436
0.276301 0.480351
0.276336 0.208567
0.276394 0.795255
0.276456 0.561602
0.276846 0.517814
0.277476 0.381166
0.277562 0.605044
0.278631 0.345443
0.279149 0.265871
0.279178 0.821898
0.279349 0.412838
0.279416 0.690772
0.279418 0.670144
0.280213 0.668400
0.280223 0.275197
0.280499 0.419329
0.282837 0.490253
0.284120 0.439954
0.285449 0.611192
0.286444 0.234086
0.288435 0.614697
0.290141 0.663273
0.290451 0.484044
0.290866 0.000000
0.291228 0.525598
0.291603 0.641387
0.292389 0.662329
0.292402 0.403073
0.294392 0.436618
0.294761 0.577746
0.295614 0.587846
0.296042 0.455257
0.296392 0.412060
0.296909 0.568209
0.299581 0.475710
0.299923 0.500455
0.300047 0.265555
0.300052 0.699349
0.301881 0.408504
0.302056 0.498765
0.302083 0.412552
0.303772 0.425912
0.303830 0.426047
0.305082 0.550124
0.305585 0.511116
0.305716 0.455799
0.305759 0.313946
0.306083 0.370006
0.308416 0.172229
0.308766 0.623755
0.310418 0.435843
0.311081 0.416415
0.311248 0.421807
0.311771 0.357985
0.314057 0.543467
0.314163 0.818162
0.314829 0.572198
0.314887 0.397724
0.316052 0.502004
0.316068 0.276783
0.319541 0.647893
0.320367 0.238716
0.322972 0.351151
0.323218 0.341934
0.323231 0.638722
0.324394 0.479464
0.325771 0.311637
0.326714 0.149569
0.326935 0.448257
0.327643 0.259805
0.329487 0.415076
0.330845 0.281735
0.331551 0.486182
0.331777 0.785287
0.332473 0.344760
0.333217 0.639987
0.333651 0.059972
0.335565 0.523562
0.338614 0.491191
0.339857 0.425032
0.340390 0.436148
0.342379 0.217188
0.343024 0.107282
0.344881 0.354601
0.345312 0.267522
0.346066 0.676206
0.347578 0.605991
0.347845 0.289528
0.348424 0.769164
0.348712 0.856885
0.350477 0.163521
0.350715 0.376268
0.350976 0.459072
0.351694 0.157026
0.353523 0.618791
0.354595 0.120623
0.355304 0.246220
0.355911 0.516703
0.356007 0.458407
0.356601 0.412425
0.356770 0.447551
0.356791 0.290153
0.357189 0.354477
0.358243 0.258988
0.358880 0.362758
0.359487 0.434499
0.359981 0.648142
0.360061 0.320508
0.360176 0.410216
0.361309 0.711878
0.362895 0.692244
0.363051 0.373210
0.363455 0.353913
0.364872 0.474095
0.365361 0.593221
0.367462 0.625551
0.367996 0.373586
0.368577 0.260630
0.368755 0.719290
0.369498 0.296767
0.369746 0.467569
0.372518 0.384720
0.373057 0.453966
0.373203 0.725923
0.373236 0.464717
0.373519 0.705516
0.373923 0.498336
0.374019 0.455810
0.374184 0.602868
0.375270 0.162184
0.376497 0.455915
0.376682 0.454395
0.377162 0.506183
0.377261 0.612146
0.377521 0.421614
0.379463 0.444966
0.380138 0.313383
0.380469 0.511756
0.381421 0.285595
0.381906 0.391249
0.381948 0.557469
0.382117 0.182658
0.382292 0.520487
0.382815 0.599304
0.384670 0.422770
0.384804 0.582795
0.384865 0.435905
0.385575 0.249804
0.386030 0.244668
0.386331 0.399344
0.386333 0.667886
0.387401 0.598468
0.388104 0.666108
0.388741 0.187826
0.389047 0.537999
0.390367 0.312177
0.390639 0.411296
0.391372 0.722743
0.391803 0.488260
0.392515 0.668860
0.392566 0.519504
0.392930 0.511848
0.393037 0.678220
0.394248 0.499653
0.395528 0.574569
0.397102 0.636429
0.397149 0.505232
0.397840 0.214936
0.397914 0.695702
0.399441 0.669518
0.399697 0.330212
0.399845 0.690717
0.400204 0.303040
0.400643 0.571659
0.400781 0.223282
0.402176 0.629377
0.403173 0.328456
0.403913 0.302735
0.404063 0.763132
0.405836 0.478862
0.406473 0.773954
0.406534 0.503391
0.406679 0.440863
0.406788 0.662195
0.406982 0.444309
0.409816 0.582174
0.410931 0.469475
0.411550 0.255576
0.412622 0.187430
0.413402 0.528889
0.413664 0.653804
0.414279 0.465957
0.414334 0.449112
0.415636 0.412021
0.418314 0.565532
0.418374 0.591494
0.418409 0.677054
0.418667 0.096340
0.420107 0.383810
0.420486 0.674912
0.421655 0.299375
0.422612 0.481031
0.422683 0.329970
0.423238 0.252957
0.423989 0.637186
0.424150 0.452973
0.425538 0.225888
0.425724 0.439638
0.425800 0.171544
0.427732 0.410317
0.427782 0.692311
0.428938 0.361433
0.430114 0.608204
0.431880 0.632789
0.432230 0.452458
0.432403 0.696968
0.433491 0.313251
0.433941 0.360107
0.433952 0.142157
0.435953 0.575680
0.436525 0.529634
0.436859 0.297106
0.437455 0.661939
0.437632 0.294600
0.438181 0.582734
0.440013 0.221276
0.440315 0.326800
0.440373 0.542268
0.441488 0.305155
0.441846 0.526783
0.442323 0.514534
0.443295 0.528844
0.443464 0.619839
0.443757 0.601519
0.444634 0.418813
0.445358 0.389211
0.445376 0.496055
0.446447 0.375918
0.446770 0.420067
0.448355 0.391473
0.451006 0.382350
0.451273 0.404261
0.451560 0.697484
0.452939 0.748849
0.453198 0.443269
0.453359 0.302004
0.454109 0.616075
0.454971 0.353701
0.455741 0.415703
0.459163 0.400579
0.460536 0.809567
0.461318 0.265027
0.463083 0.113926
0.463188 0.459501
0.463815 0.210307
0.464538 0.757540
0.464951 0.741173
0.465291 0.174238
0.465889 0.837639
0.466055 0.397366
0.466979 0.284452
0.467392 0.356388
0.470656 0.211924
0.471209 0.270853
0.475471 0.201498
0.476310 0.192811
0.477125 0.532657
0.477708 0.481761
0.478260 0.351741
0.479677 0.475448
0.482344 0.473448
0.484981 0.343012
0.485230 0.385986
0.485853 0.497547
0.487462 0.486234
0.489561 0.789004
0.490083 0.620075
0.491240 0.340325
0.492331 0.609293
0.494505 0.166994
0.495627 1.000000
0.495713 0.269613
0.498244 0.357878
0.498379 0.137658
0.499272 0.500439
0.499464 0.584972
0.499554 0.659743
0.501239 0.181149
0.502370 0.416683
0.502471 0.296686
0.503071 0.217479
0.503386 0.417920
0.503565 0.782022
0.504140 0.667517
0.504381 0.365352
0.505297 0.448759
0.507039 0.623043
0.507849 0.370861
0.508504 0.291990
0.508811 0.828004
0.509303 0.354842
0.510091 0.314198
0.510358 0.496089
0.511390 0.535636
0.511804 0.315233
0.512860 0.364347
0.513056 0.863150
0.513532 0.486273
0.513982 0.538069
0.514471 0.400615
0.514978 0.504445
0.515237 0.769774
0.515960 0.578282
0.517149 0.628332
0.517443 0.625300
0.518781 0.329247
0.519050 0.478889
0.520993 0.430647
0.521948 0.521611
0.523494 0.777644
0.524473 0.701710
0.524534 0.468760
0.527847 0.348366
0.527953 0.515329
0.529348 0.084500
0.532513 0.578954
0.533092 0.416499
0.533214 0.308532
0.534089 0.005347
0.534442 0.065355
0.537021 0.615550
0.539906 0.636712
0.540195 0.590277
0.540710 0.390440
0.542162 0.490030
0.542706 0.441155
0.543052 0.324516
0.547987 0.671289
0.548110 0.399226
0.550359 0.350147
0.551742 0.534159
0.553546 0.532108
0.554131 0.557813
0.554174 0.417511
0.554294 0.826242
0.555421 0.156281
0.556966 0.721075
0.557378 0.482029
0.557677 0.275381
0.558493 0.170035
0.558555 0.759156
0.558910 0.215109
0.562845 0.552608
0.564268 0.565518
0.565073 0.190467
0.565536 0.066909
0.568655 0.124603
0.568816 0.153680
0.569716 0.424817
0.569762 0.048443
0.570933 0.508845
0.572015 0.366454
0.572490 0.468314
0.573872 0.445568
0.574611 0.657064
0.575485 0.103697
0.581919 0.620320
0.582234 0.414354
0.582328 0.389256
0.585979 0.458792
0.586139 0.366626
0.586166 0.751591
0.586933 0.606692
0.587023 0.390109
0.587116 0.144908
0.587590 0.520387
0.589732 0.733156
0.592454 0.406130
0.598793 0.630076
0.600642 0.242510
0.601342 0.580299
0.601948 0.298789
0.603856 0.368836
0.605023 0.405170
0.605801 0.640009
0.609397 0.290430
0.616159 0.265320
0.616957 0.711087
0.619913 0.679508
0.624588 0.458974
0.625153 0.348709
0.627403 0.380225
0.630578 0.321898
0.630579 0.462946
0.631792 0.415563
0.632639 0.419904
0.633792 0.421431
0.635172 0.197852
0.637093 0.197013
0.637155 0.679894
0.637888 0.686646
0.639803 0.490839
0.640023 0.378395
0.640095 0.224142
0.641132 0.330245
0.644096 0.425408
0.646837 0.272735
0.647962 0.601042
0.649839 0.605476
0.650291 0.639943
0.655500 0.249768
0.664242 0.483297
0.669205 0.532056
0.671835 0.437906
0.673189 0.616481
0.675234 0.290762
0.682087 0.459946
0.684485 0.567579
0.686135 0.443248
0.687620 0.691483
0.688132 0.239122
0.689420 0.497819
0.691684 0.236679
0.692527 0.617100
0.693275 0.709337
0.693387 0.595354
0.694718 0.166857
0.695577 0.433324
0.698641 0.191071
0.699797 0.675253
0.700045 0.346056
0.705579 0.434700
0.709475 0.252162
0.714745 0.543154
0.719646 0.792939
0.725700 0.138855
0.726250 0.558556
0.726436 0.439536
0.727030 0.489305
0.735420 0.337179
0.736771 0.516368
0.744971 0.415942
0.756600 0.616569
0.759070 0.415989
0.762767 0.722607
0.765095 0.555957
0.765116 0.401190
0.765398 0.595319
0.772595 0.784777
0.776217 0.210990
0.789084 0.422817
0.791105 0.753349
0.801970 0.231036
0.802795 0.565816
0.805489 0.615333
0.816876 0.259769
0.831698 0.748222
0.843206 0.454880
0.872075 0.378608
0.877970 0.613823
0.882898 0.109965
0.898597 0.465553
0.907778 0.435084
0.921931 0.285276
0.933747 0.493618
0.940702 0.357118
0.940758 0.463809
0.946497 0.337754
0.959172 0.231967
0.959972 0.480596
0.960158 0.634493
0.988508 0.366234
1.000000 0.627168
