0.000000 0.207378
0.009926 0.236198
0.011251 0.196611
0.019364 0.166518
0.022587 0.209442
0.048684 0.167623
0.050660 0.311261
0.055548 0.104546
0.059991 0.315737
0.062553 0.144011
0.067440 0.241929
0.071936 0.172854
0.074258 0.485069
0.081629 0.362801
0.082312 0.293250
0.086141 0.268786
0.087950 0.235237
0.089468 0.188944
0.092837 0.303883
0.099400 0.286309
0.099612 0.332529
0.101155 0.000000
0.102604 0.225955
0.103377 0.144776
0.104547 0.293798
0.104703 0.382020
0.108809 0.243493
0.109129 0.359243
0.109827 0.109039
0.112122 0.306817
0.113606 0.458824
0.117595 0.419746
0.123646 0.270747
0.124946 0.409742
0.127229 0.234086
0.132701 0.120997
0.134352 0.292918
0.134952 0.378917
0.135632 0.220982
0.136769 0.154786
0.137985 0.295598
0.138429 0.181118
0.139348 0.158350
0.143711 0.237074
0.145336 0.181511
0.146366 0.143007
0.148275 0.176639
0.149499 0.130219
0.150348 0.274353
0.150652 0.352527
0.154958 0.293042
0.157533 0.395031
0.157630 0.364226
0.159847 0.190430
0.162939 0.475701
0.166144 0.167650
0.167913 0.277864
0.169234 0.381294
0.173684 0.167238
0.174004 0.244978
0.174946 0.272215
0.175406 0.337195
0.176245 0.326010
0.177070 0.357981
0.180370 0.063045
0.180372 0.398981
0.180484 0.275872
0.180694 0.333245
0.181681 0.363214
0.181700 0.277829
0.183066 0.260418
0.189430 0.483457
0.190136 0.194984
0.192461 0.047637
0.196074 0.393550
0.196183 0.346062
0.196388 0.171053
0.196505 0.162840
0.196737 0.232448
0.197107 0.213094
0.197556 0.214832
0.198483 0.353988
0.198625 0.346964
0.200627 0.212479
0.200671 0.237420
0.204853 0.307454
0.207320 0.261191
0.210625 0.367605
0.210927 0.419722
0.211103 0.006819
0.212301 0.460501
0.213104 0.158228
0.215133 0.028161
0.215686 0.319954
0.215947 0.385224
0.216125 0.396771
0.217020 0.552325
0.218776 0.501756
0.222311 0.093503
0.222692 0.367354
0.223654 0.257806
0.224061 0.156327
0.224633 0.473751
0.239077 0.526876
0.239709 0.226398
0.242238 0.358175
0.242918 0.508995
0.243460 0.255477
0.243614 0.207185
0.244784 0.364580
0.246209 0.498986
0.246506 0.280687
0.248889 0.552627
0.250125 0.350490
0.250383 0.228116
0.251347 0.499748
0.251465 0.372763
0.251519 0.289670
0.252878 0.394323
0.252942 0.227870
0.262119 0.326552
0.262386 0.308597
0.264493 0.351272
0.264684 0.271822
0.266266 0.348278
0.266363 0.336316
0.266519 0.423861
0.267777 0.299474
0.268488 0.323666
0.274587 0.177310
0.276903 0.250267
0.277164 0.378075
0.279911 0.348300
0.280603 0.310388
0.281179 0.275686
0.282429 0.580174
0.282733 0.233693
0.284967 0.641450
0.285249 0.469378
0.288889 0.101648
0.289781 0.334298
0.290667 0.441232
0.290717 0.524919
0.291635 0.312530
0.292224 0.345404
0.292437 0.454833
0.294940 0.423745
0.294965 0.462928
0.295706 0.258086
0.296135 0.382224
0.296188 0.466804
0.298064 0.213941
0.299707 0.659571
0.300445 0.484543
0.301724 0.127462
0.303862 0.443522
0.304980 0.547955
0.308107 0.203054
0.309464 0.275199
0.312169 0.330906
0.313073 0.522757
0.313305 0.324280
0.314571 0.318146
0.314890 0.295983
0.314918 0.325689
0.315198 0.461873
0.315630 0.278812
0.318657 0.495840
0.319935 0.320418
0.325036 0.166858
0.326160 0.240724
0.326302 0.449891
0.327111 0.370357
0.328487 0.311131
0.328659 0.758608
0.332331 0.366462
0.333894 0.305872
0.334585 0.387172
0.336700 0.420397
0.336735 0.442168
0.336929 0.569349
0.337217 0.268188
0.337479 0.309101
0.338165 0.431750
0.339019 0.435921
0.339643 0.438187
0.342129 0.376255
0.347296 0.294837
0.348574 0.394275
0.348737 0.353123
0.351907 0.445396
0.352803 0.312218
0.355363 0.448373
0.355558 0.471462
0.356085 0.260144
0.356430 0.438002
0.358157 0.358405
0.358986 0.428952
0.360255 0.517171
0.364006 0.450053
0.364200 0.575766
0.366954 0.520020
0.368361 0.413569
0.369664 0.410450
0.372150 0.416459
0.374547 0.154811
0.374716 0.661033
0.375356 0.315816
0.375580 0.387670
0.375956 0.178687
0.376727 0.209207
0.377498 0.187747
0.377608 0.495480
0.378377 0.297539
0.379162 0.250804
0.380400 0.271375
0.381168 0.333124
0.381992 0.347759
0.382914 0.475847
0.384803 0.535394
0.386986 0.417290
0.388129 0.378045
0.388252 0.254120
0.389807 0.434233
0.392652 0.577496
0.392743 0.376585
0.394115 0.384000
0.394151 0.404417
0.396653 0.493685
0.396662 0.430312
0.402987 0.481526
0.405405 0.396179
0.405537 0.422347
0.405794 0.504981
0.407045 0.361480
0.408530 0.240868
0.408994 0.306808
0.409593 0.385905
0.411607 0.541068
0.412283 0.445272
0.413325 0.499460
0.413371 0.515274
0.413803 0.384320
0.414356 0.473078
0.415404 0.700465
0.415574 0.500940
0.417080 0.522883
0.417330 0.508608
0.420314 0.588082
0.420387 0.607299
0.420588 0.336973
0.422378 0.213093
0.423416 0.234522
0.423639 0.423214
0.424114 0.616989
0.424515 0.443859
0.424880 0.567775
0.427131 0.503246
0.427591 0.386049
0.427628 0.557169
0.428450 0.204117
0.433764 0.628801
0.433774 0.657367
0.435664 0.443634
0.436529 0.471210
0.437503 0.470291
0.438795 0.424875
0.439151 0.533696
0.441643 0.475303
0.443933 0.487188
0.446352 0.575311
0.446985 0.424050
0.447238 0.688301
0.448076 0.625448
0.449093 0.569582
0.449297 0.727761
0.450688 0.666323
0.454128 0.546421
0.454396 0.323426
0.455356 0.447115
0.458529 0.275388
0.464172 0.586199
0.465896 0.533260
0.466855 0.556751
0.467477 0.956127
0.472346 0.686118
0.472653 0.479011
0.472894 0.665600
0.475951 0.421571
0.477355 0.437992
0.482740 0.825579
0.483458 0.750245
0.485897 0.388245
0.486648 0.565382
0.486723 0.538308
0.486728 0.539508
0.486949 0.387809
0.487654 0.723678
0.489528 0.654395
0.490804 0.478264
0.490831 0.480856
0.490854 0.348889
0.493620 0.547766
0.496269 0.305530
0.497307 0.555366
0.498123 0.406934
0.501892 0.799592
0.503123 0.483155
0.505825 0.761701
0.507121 0.361095
0.507261 0.599762
0.507373 0.525657
0.509809 0.400673
0.510855 0.376327
0.519225 0.445799
0.524626 0.635738
0.525013 0.476094
0.532066 0.686316
0.534659 0.580313
0.539663 0.435979
0.540851 0.573308
0.543461 0.573285
0.544515 0.668423
0.545705 0.555745
0.546147 0.712107
0.551643 0.608264
0.557840 0.702864
0.558310 0.536327
0.559129 0.526370
0.562806 0.671657
0.563581 0.619129
0.564291 0.728456
0.566390 0.895996
0.568237 0.919441
0.569068 0.798629
0.571393 0.684440
0.574464 0.842165
0.574969 0.506769
0.579189 0.595202
0.579624 0.843178
0.581577 0.668862
0.581801 0.617162
0.582412 0.618775
0.582472 0.676595
0.583528 0.842577
0.594041 0.633526
0.596964 0.915607
0.609921 0.580981
0.618874 0.788109
0.622032 0.713124
0.625980 0.986367
0.629307 0.713509
0.630837 0.579271
0.633851 0.868110
0.634186 0.534646
0.634397 0.801787
0.634619 0.735103
0.641096 0.728287
0.644018 0.503843
0.654516 0.744315
0.656004 0.664950
0.661743 0.586266
0.661880 0.889956
0.664268 0.656784
0.665998 0.634370
0.670088 0.857889
0.671364 0.815081
0.675801 0.778616
0.677573 0.613120
0.679186 0.710987
0.679508 0.834514
0.685984 0.676635
0.691627 0.713386
0.701764 0.963487
0.706902 0.648550
0.710273 0.894939
0.714157 0.824992
0.726026 0.641485
0.730105 0.946120
0.733713 0.725256
0.735412 0.868317
0.739410 0.651956
0.749430 0.878807
0.750297 0.836611
0.750937 0.703454
0.751066 0.965891
0.758702 0.766145
0.759619 0.484741
0.762248 0.849355
0.769173 0.583864
0.769857 0.967248
0.777914 0.939730
0.781312 0.720356
0.782178 1.000000
0.792654 0.683757
0.801314 0.849361
0.811113 0.746948
0.818656 0.897044
0.847909 0.706226
0.853902 0.824881
0.880358 0.839024
0.902587 0.715204
0.905037 0.898807
0.920835 0.562920
0.977719 0.531214
1.000000 0.732517
