0.000000 0.146438
0.007247 0.061057
0.009363 0.228703
0.020246 0.004452
0.025223 0.265822
0.029812 0.200617
0.033751 0.213756
0.034219 0.323390
0.040046 0.113174
0.041757 0.205126
0.043706 0.182606
0.044712 0.180257
0.046259 0.142750
0.048042 0.083025
0.050784 0.302491
0.056507 0.191720
0.067709 0.007798
0.068818 0.206128
0.074428 0.170990
0.074912 0.063761
0.078938 0.293223
0.080433 0.315610
0.083394 0.322616
0.095285 0.106067
0.096250 0.188696
0.097058 0.323774
0.097086 0.226318
0.101448 0.056961
0.102848 0.148504
0.104735 0.150462
0.109746 0.134026
0.112594 0.123662
0.114433 0.385593
0.114696 0.513912
0.114745 0.542861
0.117045 0.160550
0.119496 0.215415
0.124365 0.293352
0.124756 0.183011
0.124841 0.149490
0.125964 0.420700
0.126340 0.335821
0.127271 0.258982
0.128178 0.231759
0.138424 0.374488
0.140388 0.313937
0.142088 0.462472
0.143529 0.249416
0.144535 0.283765
0.144755 0.293667
0.145225 0.175876
0.146251 0.312511
0.149041 0.055584
0.149450 0.153364
0.152080 0.435826
0.156511 0.297590
0.156648 0.157057
0.157165 0.298559
0.159199 0.272557
0.160414 0.277598
0.161915 0.310067
0.162831 0.242956
0.164237 0.054571
0.169103 0.097357
0.169605 0.463567
0.173083 0.286177
0.173799 0.370087
0.174781 0.277705
0.176226 0.165836
0.178155 0.260054
0.181861 0.224060
0.189221 0.093881
0.189825 0.076552
0.192244 0.352348
0.193150 0.432205
0.194308 0.201240
0.194365 0.412535
0.194735 0.386510
0.197163 0.348211
0.199539 0.150027
0.199593 0.252551
0.204503 0.000000
0.206320 0.146328
0.206495 0.472577
0.208789 0.492269
0.214183 0.356622
0.214894 0.350539
0.215431 0.261981
0.215841 0.363449
0.219346 0.412235
0.219779 0.080429
0.220746 0.031686
0.221681 0.380403
0.222172 0.428846
0.224095 0.416622
0.224890 0.210968
0.225222 0.371078
0.226261 0.488038
0.233021 0.314575
0.233043 0.390207
0.233275 0.273518
0.233848 0.467541
0.234867 0.216045
0.236722 0.205636
0.237333 0.284524
0.237925 0.446650
0.241194 0.450592
0.241604 0.494384
0.242426 0.342126
0.243011 0.335932
0.247136 0.279964
0.248386 0.395738
0.248828 0.157644
0.249028 0.323604
0.249450 0.201951
0.249626 0.331270
0.249759 0.479083
0.251240 0.344065
0.256278 0.469758
0.256281 0.292545
0.258142 0.270414
0.258604 0.445295
0.258761 0.428446
0.260008 0.425910
0.260721 0.202401
0.263021 0.711721
0.264153 0.334880
0.266520 0.228924
0.267511 0.191083
0.268095 0.494526
0.268882 0.377148
0.270234 0.345967
0.270514 0.220431
0.271476 0.281114
0.273458 0.306828
0.274208 0.462341
0.274994 0.511506
0.276263 0.352902
0.278633 0.505496
0.284287 0.574711
0.285188 0.444185
0.285254 0.241705
0.286160 0.424888
0.288987 0.362072
0.289365 0.510186
0.290416 0.518913
0.292607 0.145989
0.293852 0.544252
0.294389 0.476172
0.294418 0.432865
0.295891 0.351101
0.295944 0.419572
0.296491 0.384958
0.299012 0.278572
0.300919 0.431199
0.302293 0.244160
0.303328 0.325861
0.303773 0.694860
0.304598 0.304811
0.304955 0.354883
0.305296 0.303856
0.305441 0.163359
0.306314 0.317068
0.306822 0.279985
0.306837 0.728168
0.307731 0.423218
0.308889 0.336612
0.309012 0.531537
0.312598 0.430851
0.314691 0.467934
0.316429 0.280784
0.318117 0.606450
0.318326 0.386359
0.321242 0.320197
0.321545 0.208328
0.322240 0.433683
0.323966 0.436250
0.325733 0.470198
0.326174 0.324859
0.327675 0.464301
0.328130 0.348472
0.328500 0.281138
0.328543 0.585735
0.328853 0.327186
0.328876 0.721847
0.329761 0.496833
0.330953 0.488978
0.331674 0.509076
0.333528 0.278347
0.334647 0.313060
0.334823 0.593703
0.335216 0.677720
0.335520 0.476187
0.336186 0.171265
0.340801 0.515089
0.340940 0.447810
0.341684 0.529806
0.350985 0.515754
0.351380 0.375012
0.352649 0.214928
0.354456 0.498335
0.355518 0.246101
0.356373 0.386183
0.358143 0.720513
0.358192 0.590172
0.358491 0.418093
0.364025 0.268379
0.364182 0.514251
0.365709 0.486987
0.365893 0.412803
0.366462 0.275165
0.370165 0.607532
0.371964 0.720789
0.372306 0.431907
0.373737 0.716984
0.374094 0.215280
0.375470 0.475086
0.378779 0.261865
0.379889 0.264926
0.381556 0.351943
0.383764 0.627204
0.384028 0.691502
0.386824 0.564209
0.386866 0.334347
0.389077 0.387903
0.389630 0.428198
0.389915 0.356822
0.393369 0.406793
0.395652 0.357817
0.396844 0.422269
0.396885 0.530500
0.397774 0.665815
0.399630 0.654384
0.403841 0.542930
0.405342 0.595507
0.406184 0.500512
0.406664 0.510138
0.409694 0.521113
0.412574 0.714140
0.413048 0.435758
0.413245 0.382014
0.413408 0.718236
0.414250 0.468220
0.414396 0.658423
0.414548 0.730258
0.415713 0.488468
0.415872 0.276600
0.415889 0.702990
0.416468 0.372401
0.418085 0.384608
0.418595 0.414896
0.420284 0.628404
0.420361 0.497564
0.422144 0.670504
0.422899 0.465220
0.423706 0.497054
0.425293 0.698323
0.426289 0.329242
0.426595 0.531288
0.427103 0.462907
0.427912 0.576803
0.428191 0.703305
0.428659 0.148773
0.431676 0.489809
0.433705 0.531235
0.433747 0.494984
0.435522 0.453388
0.435626 0.395768
0.437766 0.585457
0.439488 0.362401
0.440036 0.579433
0.443611 0.541310
0.444136 0.473710
0.444364 0.440746
0.446640 0.554390
0.448572 0.677703
0.450163 0.528178
0.450782 0.689036
0.451120 0.494873
0.453298 0.509624
0.456701 0.632458
0.457174 0.738249
0.457261 0.796038
0.458983 0.713034
0.459896 0.372337
0.461682 0.565309
0.463247 0.496528
0.463873 0.597100
0.466661 0.500074
0.467241 0.207618
0.468655 0.623330
0.468684 0.428706
0.469188 0.469597
0.471963 0.625508
0.473105 0.576600
0.474542 0.563409
0.474705 0.643082
0.474969 0.570270
0.475175 0.658201
0.476374 0.797920
0.476451 0.584751
0.477523 0.653349
0.477792 0.240689
0.478809 0.512625
0.481913 0.592514
0.484560 0.739916
0.485738 0.719155
0.486220 0.307935
0.488173 0.855309
0.494612 0.404709
0.494777 0.727649
0.494909 0.717448
0.495130 0.428253
0.495854 0.515026
0.496624 0.529512
0.499900 0.668531
0.502874 0.822975
0.506329 0.447841
0.508000 0.249689
0.510646 0.422856
0.511221 0.461115
0.512169 0.655863
0.513956 0.689803
0.514699 0.657474
0.519456 0.399724
0.522049 0.743764
0.525012 0.498485
0.525928 0.473625
0.531381 0.616335
0.531765 0.790732
0.532070 0.707870
0.533381 0.688092
0.541470 0.670429
0.543055 0.570692
0.547108 0.451686
0.549841 0.772773
0.550799 0.692906
0.551599 0.768959
0.551671 0.614855
0.551976 0.505090
0.552512 0.833221
0.556998 0.551256
0.557419 0.745380
0.562950 0.648702
0.564319 0.735466
0.564708 0.548456
0.566107 0.657781
0.570597 0.739929
0.571453 0.656749
0.573131 0.602618
0.573166 0.667567
0.573652 0.753505
0.575453 0.587404
0.580560 0.825412
0.582856 0.752268
0.583517 0.752123
0.585149 0.497590
0.588043 0.710029
0.588869 0.828911
0.590288 0.792519
0.591094 0.613036
0.596944 0.868572
0.599079 0.546104
0.599465 0.616890
0.601469 0.568735
0.601735 0.605637
0.607840 0.595115
0.610403 0.515141
0.610895 0.518260
0.612166 0.804903
0.615125 0.626228
0.619304 0.598830
0.619518 0.841488
0.620580 0.741447
0.621958 0.651364
0.622002 0.708482
0.624222 0.615787
0.629365 0.756919
0.629665 0.626773
0.629824 0.515832
0.632930 0.637590
0.639665 0.697593
0.652215 0.777527
0.653024 0.420232
0.653086 0.584311
0.655390 0.760471
0.656427 0.801887
0.657207 0.683870
0.657551 0.613048
0.660157 0.903932
0.660875 0.568941
0.661105 0.892614
0.668291 0.768259
0.672360 0.752050
0.673074 0.775394
0.682409 0.741029
0.682939 0.506317
0.683385 0.619891
0.686048 0.628286
0.689235 0.875422
0.690398 0.583808
0.691777 0.909389
0.698529 1.000000
0.704316 0.783204
0.704876 0.692277
0.705468 0.610867
0.720380 0.599747
0.721728 0.631259
0.724069 0.527084
0.733422 0.835604
0.738128 0.809751
0.752227 0.811800
0.752264 0.765099
0.761330 0.965065
0.768656 0.735901
0.776610 0.983635
0.782192 0.544101
0.807093 0.743511
0.832061 0.695364
0.832228 0.981380
0.845813 0.686606
0.855484 0.961821
0.871537 0.826385
0.895792 0.918373
0.901774 0.986077
0.902207 0.977376
0.912883 0.804466
0.932974 0.891043
0.969539 0.879946
1.000000 0.657704
