0.000000 0.322160
0.001894 0.328059
0.009341 0.154599
0.009606 0.111605
0.013473 0.332570
0.020930 0.242296
0.027555 0.000000
0.042895 0.313406
0.051889 0.061569
0.052484 0.232852
0.056053 0.550832
0.057120 0.086171
0.059306 0.561014
0.063037 0.086582
0.063635 0.410719
0.065256 0.315155
0.068025 0.504699
0.068531 0.380770
0.069676 0.189121
0.074257 0.232520
0.075298 0.155334
0.076777 0.553848
0.087401 0.311357
0.090851 0.614549
0.093089 0.511468
0.096896 0.570439
0.097048 0.405947
0.097114 0.188362
0.098635 0.547727
0.100482 0.220499
0.101318 0.419831
0.107242 0.213891
0.111831 0.518800
0.112850 0.514809
0.112988 0.161251
0.114805 0.132312
0.116265 0.346924
0.117029 0.139276
0.117999 0.274492
0.122249 0.538135
0.122825 0.425336
0.123171 0.330492
0.125476 0.498591
0.126735 0.541094
0.128598 0.440167
0.130783 0.363986
0.131343 0.441205
0.133346 0.565646
0.137707 0.275097
0.138803 0.501743
0.142779 0.471356
0.143631 0.346831
0.145058 0.268695
0.145176 0.605393
0.145844 0.559091
0.146773 0.424899
0.147344 0.494417
0.148573 0.238662
0.149317 0.623491
0.151425 0.306336
0.152811 0.497966
0.155942 0.305414
0.156311 0.312502
0.156437 0.632999
0.157238 0.518435
0.157719 0.044122
0.157888 0.507605
0.161372 0.347772
0.161831 0.370961
0.161858 0.213828
0.163052 0.531560
0.165145 0.438386
0.167411 0.565490
0.168919 0.812022
0.170278 0.262259
0.170753 0.411737
0.172462 0.399220
0.172756 0.574719
0.175394 0.217948
0.176157 0.295298
0.177892 0.569048
0.180511 0.133867
0.181660 0.407069
0.182298 0.572545
0.182449 0.487114
0.184860 0.424128
0.185669 0.486543
0.189610 0.586207
0.190144 0.382014
0.191952 0.364326
0.192278 0.355185
0.193874 0.558170
0.194897 0.321602
0.195379 0.670393
0.195578 0.425251
0.196759 0.553816
0.197533 0.465699
0.199577 0.393533
0.201025 0.510280
0.201323 0.696987
0.202699 0.734684
0.203305 0.510851
0.203691 0.281511
0.204297 0.413434
0.205400 0.404461
0.207984 0.554367
0.210109 0.466968
0.213421 0.549876
0.216779 0.413351
0.219449 0.280428
0.220279 0.636041
0.221271 0.583140
0.222749 0.299578
0.224511 0.700498
0.224986 0.304674
0.225749 0.451582
0.228706 0.607616
0.229666 0.357898
0.230925 0.592238
0.231438 0.401447
0.231604 0.520120
0.231695 0.551017
0.231717 0.574260
0.232173 0.650681
0.233272 0.711845
0.234368 0.501063
0.235579 0.232749
0.236140 0.627885
0.236522 0.539165
0.237423 0.389429
0.238450 0.588661
0.241808 0.587312
0.242833 0.359693
0.243255 0.713878
0.248076 0.271407
0.250194 0.554767
0.251694 0.717932
0.251921 0.376881
0.252043 0.694562
0.252453 0.389819
0.256085 0.398015
0.259680 0.482074
0.264098 0.615741
0.264396 0.479213
0.265520 0.652265
0.265693 0.664161
0.266487 0.427742
0.267042 0.856094
0.275934 0.240536
0.276037 0.312758
0.278808 0.480718
0.279047 0.764512
0.284876 0.413515
0.284926 0.546562
0.286569 0.473607
0.288737 0.312414
0.289415 0.778351
0.289550 0.662850
0.290229 0.334268
0.290366 0.699763
0.291794 0.778086
0.291799 0.351815
0.297164 0.456841
0.297456 0.381483
0.297689 0.762080
0.299034 0.783075
0.299556 0.485182
0.299721 0.555699
0.300241 0.472336
0.301243 0.385453
0.301441 0.322638
0.302841 0.525666
0.307918 0.292986
0.310363 0.412358
0.312355 0.768358
0.312598 0.803757
0.316274 0.737613
0.316543 0.491309
0.318984 0.508713
0.322359 0.573553
0.322707 0.473850
0.323663 0.292002
0.325528 0.392142
0.328707 0.575315
0.332090 0.534950
0.335639 0.687487
0.336451 0.325289
0.342355 0.836647
0.342913 0.430999
0.343294 0.550205
0.347032 0.489712
0.347468 0.378912
0.348450 0.567771
0.352619 0.471305
0.355166 0.423589
0.355197 0.779184
0.355635 0.635624
0.356326 0.622719
0.357982 0.632447
0.366821 0.401650
0.367794 0.783582
0.368433 0.576158
0.370471 0.443647
0.370541 0.628401
0.370646 0.388523
0.371161 0.567167
0.373795 0.351081
0.373952 0.731704
0.374553 0.756685
0.374628 0.425744
0.377811 0.354679
0.377976 0.513008
0.382448 0.406295
0.387541 0.533356
0.389468 0.705544
0.390105 0.621950
0.390498 0.547627
0.392067 0.701484
0.395497 0.457002
0.396967 0.503981
0.397589 0.635006
0.397957 0.740423
0.400666 0.554019
0.401495 0.585476
0.402216 0.576658
0.402446 0.518444
0.405092 0.350198
0.412848 0.575051
0.413838 0.656670
0.414301 0.643848
0.416170 0.668221
0.418997 0.409674
0.421666 0.627933
0.422714 0.612853
0.428384 0.484280
0.431229 0.685197
0.431472 0.765884
0.432666 0.358863
0.433991 0.785724
0.442174 0.530525
0.445186 0.285794
0.449508 0.569554
0.450048 0.618750
0.452391 0.532766
0.453107 0.604008
0.453622 0.775477
0.453788 0.434968
0.458369 0.706724
0.460768 0.928903
0.465063 0.400402
0.465241 0.616796
0.476145 0.727833
0.476860 0.593481
0.481334 0.745033
0.487799 0.715247
0.490415 0.676754
0.491209 0.692276
0.493647 0.527894
0.496049 0.644888
0.508936 0.888585
0.509117 0.453056
0.511327 0.543571
0.519197 0.688539
0.519938 0.534394
0.521008 0.641152
0.521547 0.472642
0.528092 0.768222
0.528144 0.629989
0.532304 0.661854
0.532675 0.793071
0.537577 0.239252
0.541815 0.699618
0.546454 0.721221
0.548141 0.804381
0.549482 0.404602
0.550208 0.521815
0.562481 0.823614
0.564861 0.734573
0.566111 0.744541
0.572700 0.855502
0.575463 0.623452
0.579325 0.708546
0.585248 0.566557
0.586831 0.717680
0.595002 0.653434
0.595005 0.495162
0.596293 0.442365
0.597014 0.488128
0.599485 0.603759
0.605945 0.772127
0.610149 0.561953
0.613149 0.825659
0.614892 0.909740
0.617674 0.723602
0.624004 0.603954
0.625272 0.562331
0.628322 0.490410
0.637805 0.613661
0.641902 0.607767
0.662198 0.549897
0.667510 0.653803
0.668631 0.776115
0.686042 0.571831
0.719647 0.728036
0.721217 0.389407
0.730106 0.593532
0.734115 0.519516
0.736629 0.510309
0.751026 0.698748
0.755738 0.491596
0.765690 1.000000
0.796918 0.640890
0.799547 0.602414
0.848036 0.868785
1.000000 0.594969
