0.000000 0.379251
0.011316 0.391226
0.014806 0.588727
0.015624 0.388041
0.015719 0.646326
0.025238 0.577691
0.028048 0.385642
0.035909 0.752802
0.043513 0.724295
0.047755 0.562209
0.054164 0.383459
0.054720 0.550283
0.059125 0.667842
0.062580 0.328943
0.063917 0.316350
0.064315 0.540244
0.066161 0.660883
0.066416 0.604637
0.069225 0.126847
0.069923 0.459011
0.072787 0.611428
0.073763 0.665231
0.079165 0.549609
0.088917 0.738465
0.091079 0.407219
0.092972 0.564898
0.093262 0.154394
0.096328 0.404626
0.096351 0.664312
0.096437 0.646956
0.096749 0.570768
0.097176 0.712504
0.099572 0.550250
0.101991 0.571225
0.102857 0.576727
0.103561 0.686538
0.111152 0.430628
0.111691 0.574789
0.115973 0.407058
0.118549 0.776389
0.119746 0.224417
0.120294 0.549902
0.120328 0.430367
0.120685 0.619848
0.121074 0.732759
0.125091 0.536519
0.125645 0.519213
0.127217 0.438079
0.128051 0.594351
0.129178 0.348104
0.130219 0.549551
0.131784 0.542085
0.133242 0.706873
0.135067 0.533489
0.137558 0.451559
0.137764 0.487448
0.137899 0.701609
0.139071 0.251513
0.143753 0.654701
0.143963 0.512510
0.144735 0.461061
0.144829 0.432030
0.145615 0.466469
0.146450 0.920048
0.146625 0.541750
0.148002 0.532290
0.148063 0.780292
0.150623 0.537867
0.153992 0.442566
0.155486 0.418085
0.156595 0.585794
0.157224 0.411563
0.158045 0.390325
0.158775 0.517910
0.161624 0.556667
0.166127 0.372299
0.167901 0.514070
0.169714 0.480560
0.170602 0.516521
0.170896 0.662837
0.172046 0.765964
0.174391 0.661258
0.174713 0.475012
0.175071 0.387924
0.175897 0.374105
0.176006 0.449221
0.176140 0.365545
0.176375 0.341733
0.177633 0.473765
0.178921 0.521575
0.179727 0.735941
0.179788 0.567101
0.179999 0.292115
0.180174 0.428326
0.181271 0.452117
0.181333 0.581446
0.182125 0.405452
0.184828 0.566375
0.186867 0.484246
0.187702 0.488150
0.192083 0.312659
0.193442 0.558665
0.193525 0.649878
0.197734 0.466250
0.198709 0.359914
0.199671 0.661812
0.199859 0.603800
0.200504 0.515050
0.202882 0.486973
0.204599 0.403496
0.206056 0.524285
0.209230 0.677086
0.211110 0.690926
0.212593 0.163645
0.213835 0.557984
0.214128 0.364299
0.216135 0.359858
0.217723 0.355389
0.219869 0.386615
0.220301 0.413913
0.220518 0.741902
0.221031 0.120471
0.222096 0.591511
0.222883 0.598552
0.223462 0.526002
0.226595 0.680446
0.228260 0.535159
0.229907 0.760920
0.230672 0.409464
0.231800 0.383040
0.235552 0.548076
0.238256 0.592659
0.239118 0.448820
0.240188 0.466398
0.240597 0.384572
0.240722 0.787614
0.242980 0.840707
0.245911 0.656506
0.247421 0.623285
0.247499 0.505807
0.247766 0.316532
0.248351 0.590100
0.250092 0.430613
0.250219 0.655688
0.250325 0.369515
0.250381 0.565415
0.251530 0.676689
0.252975 0.688252
0.256828 0.610854
0.257674 0.332253
0.259056 0.488369
0.259513 0.594852
0.259555 0.556771
0.262917 0.384440
0.263158 0.538130
0.265001 0.508805
0.267598 0.259918
0.268456 0.477099
0.269033 0.531601
0.270838 0.780141
0.271844 0.398983
0.272157 0.517012
0.273581 0.321351
0.277506 0.598720
0.281181 0.361977
0.282862 0.776162
0.284485 0.443335
0.285037 0.543861
0.285052 0.260020
0.285750 0.411484
0.289928 0.440218
0.292163 0.703447
0.293362 0.492081
0.296567 0.390652
0.297860 0.365346
0.300116 0.522798
0.304120 0.683763
0.306832 0.470637
0.307974 0.000000
0.308457 0.240518
0.309259 0.155142
0.309678 0.455245
0.310841 0.197921
0.313539 0.443105
0.315078 0.333224
0.315363 0.203626
0.317772 0.614695
0.318504 0.374170
0.318700 0.442051
0.320781 0.523475
0.321700 0.421158
0.321728 0.473655
0.321913 0.371201
0.323097 0.571026
0.323431 0.486344
0.326124 0.587584
0.326378 0.564848
0.326504 0.222386
0.326604 0.703115
0.327496 0.477233
0.330597 0.142110
0.330877 0.419351
0.332326 0.401601
0.332566 0.468495
0.333441 0.457740
0.336197 0.389507
0.336271 0.884868
0.336371 0.452308
0.336678 0.393202
0.337096 0.302744
0.338461 0.429163
0.340330 0.405232
0.340888 0.712985
0.341116 0.544987
0.341826 0.545344
0.341960 0.701317
0.342188 0.608303
0.342531 0.804154
0.342595 0.434890
0.348204 0.459169
0.349334 0.553742
0.349870 0.635793
0.349972 0.624805
0.350821 0.638802
0.354025 0.422088
0.355675 0.538086
0.357093 0.347866
0.362735 0.533270
0.363853 0.623833
0.366171 0.309520
0.368457 0.478382
0.369717 0.577940
0.370799 0.589410
0.372254 0.687483
0.377603 0.401784
0.377739 0.338962
0.377801 0.349681
0.379166 0.536200
0.381338 0.498259
0.383437 0.572817
0.385365 0.572736
0.385682 0.524984
0.385768 0.305868
0.387129 0.687077
0.387631 0.468779
0.388075 0.728256
0.389713 0.534296
0.390928 0.313172
0.390951 0.731037
0.393765 0.570853
0.393914 0.663353
0.395784 0.547500
0.396240 0.376600
0.396435 0.664159
0.404046 0.398817
0.405228 0.092393
0.405236 0.339109
0.406250 0.354341
0.407678 0.690872
0.408499 0.168121
0.411525 0.481564
0.411987 0.632070
0.412280 0.683344
0.415471 0.410531
0.416706 0.725526
0.418380 0.201284
0.421079 0.284406
0.421402 0.657489
0.423189 0.397847
0.429728 0.545622
0.431228 0.618775
0.433581 0.554812
0.433640 0.523697
0.434157 0.212744
0.436313 0.744369
0.437163 0.555123
0.438008 0.212233
0.438294 0.371356
0.438597 0.539936
0.443012 0.462583
0.443707 0.313495
0.445404 0.543721
0.445578 0.299607
0.452075 0.258355
0.454875 0.600741
0.457825 0.743583
0.458261 0.138085
0.460511 0.393103
0.460926 0.622892
0.468960 0.398836
0.475942 0.656056
0.479274 0.557117
0.480152 0.595745
0.481821 0.701127
0.485734 0.479472
0.490052 0.408068
0.490933 0.577139
0.491633 0.174882
0.496466 0.432672
0.497517 0.283242
0.503014 0.295562
0.505997 0.279928
0.508977 0.631486
0.510815 0.457098
0.515657 0.465229
0.515920 0.481083
0.516593 0.587200
0.517184 0.341458
0.521687 0.655526
0.524189 0.616274
0.524508 0.489179
0.525826 0.536729
0.529533 0.498868
0.529833 0.746040
0.530315 0.440500
0.533992 0.449455
0.539459 0.765174
0.540689 0.518559
0.548581 0.689626
0.551108 0.321764
0.551333 0.478943
0.554076 0.868305
0.554961 0.432987
0.559152 0.285612
0.559296 0.756866
0.562379 0.289016
0.562469 0.569138
0.565098 0.611812
0.568500 0.890282
0.569142 0.733753
0.569453 0.280402
0.572632 0.488309
0.576360 0.691114
0.585535 0.588049
0.598342 0.498917
0.600467 0.555963
0.603091 0.689301
0.603619 0.533378
0.613288 0.568237
0.613652 0.727040
0.614206 0.545952
0.615634 0.172811
0.619194 0.406747
0.628592 0.889467
0.629491 0.608550
0.629782 0.518573
0.637009 0.613441
0.646013 0.424573
0.646199 0.814965
0.653908 0.642516
0.665327 0.394066
0.668963 0.245949
0.671662 0.586302
0.679069 0.655153
0.691782 0.595243
0.701271 0.872700
0.709577 0.799087
0.741111 0.595030
0.756499 0.515111
0.759102 0.502347
0.762912 0.649965
0.771262 0.655420
0.780380 0.999281
0.830764 0.549557
0.838252 0.643452
0.913958 0.484981
0.928859 0.305948
0.931305 0.656247
0.931542 1.000000
0.993240 0.556413
1.000000 0.817645
