0.000000 0.598555
0.002853 0.298536
0.017351 0.287593
0.027637 0.304831
0.048253 0.318606
0.048629 1.000000
0.057722 0.083345
0.071897 0.349830
0.089328 0.260717
0.092029 0.393910
0.101581 0.384569
0.111567 0.518580
0.112355 0.525819
0.114320 0.463429
0.136675 0.409688
0.138380 0.529091
0.147239 0.165412
0.151191 0.182933
0.154457 0.349498
0.158678 0.321222
0.159942 0.357134
0.160826 0.397403
0.161209 0.134162
0.169615 0.603139
0.175338 0.454914
0.179365 0.239763
0.180218 0.326486
0.183888 0.633276
0.184140 0.467627
0.184460 0.330311
0.186081 0.248196
0.186726 0.361173
0.188699 0.448577
0.190931 0.361789
0.192096 0.138186
0.194436 0.317477
0.200881 0.088904
0.202068 0.454573
0.202153 0.240220
0.203653 0.327127
0.206131 0.222246
0.208081 0.416164
0.213517 0.250594
0.215671 0.668897
0.216862 0.151386
0.219806 0.522696
0.223907 0.333963
0.224652 0.213353
0.228963 0.275984
0.231563 0.174345
0.232290 0.088037
0.232431 0.197527
0.234528 0.163981
0.234767 0.226362
0.238245 0.432139
0.240315 0.136389
0.243472 0.235350
0.243525 0.233740
0.250271 0.114545
0.254269 0.226209
0.255083 0.347772
0.257641 0.179060
0.264463 0.372000
0.264550 0.278565
0.265585 0.344896
0.269365 0.134719
0.269891 0.317685
0.271748 0.209093
0.273732 0.226684
0.275229 0.270678
0.279363 0.179954
0.279704 0.480091
0.280171 0.152994
0.286555 0.206094
0.288914 0.225994
0.290026 0.208860
0.291644 0.422833
0.295081 0.233615
0.295332 0.042988
0.295634 0.204419
0.297267 0.244206
0.297612 0.165302
0.298414 0.356161
0.299379 0.223537
0.302290 0.411241
0.302375 0.261361
0.304559 0.205695
0.307423 0.206711
0.307649 0.116659
0.308060 0.193144
0.309352 0.230086
0.310004 0.231703
0.310258 0.167453
0.311202 0.335990
0.311752 0.141837
0.311916 0.286052
0.313481 0.143369
0.313974 0.168917
0.316443 0.266229
0.316636 0.178564
0.316652 0.303591
0.318138 0.116203
0.318634 0.188102
0.321596 0.270384
0.323991 0.221383
0.326112 0.234724
0.329488 0.279412
0.329916 0.140134
0.330107 0.247410
0.330602 0.239071
0.331121 0.136684
0.332766 0.194452
0.332821 0.210636
0.333040 0.207058
0.333427 0.171476
0.334590 0.207266
0.338242 0.137773
0.339523 0.201548
0.340962 0.219089
0.341899 0.295175
0.343202 0.241047
0.344891 0.123161
0.345282 0.114297
0.345626 0.075120
0.347026 0.335363
0.347625 0.302220
0.347806 0.218990
0.348060 0.140109
0.349813 0.323546
0.350066 0.199877
0.350529 0.289397
0.352117 0.130386
0.352287 0.300876
0.353487 0.134406
0.357601 0.182503
0.358263 0.171210
0.358883 0.257575
0.360104 0.113815
0.361804 0.182867
0.362896 0.161411
0.363225 0.201012
0.363282 0.129553
0.364810 0.114442
0.365051 0.182329
0.367580 0.124348
0.367758 0.218388
0.368352 0.194925
0.369004 0.224562
0.370103 0.124611
0.370888 0.259762
0.371378 0.252628
0.371476 0.184375
0.372826 0.076905
0.373118 0.181560
0.373546 0.192149
0.376528 0.129351
0.378454 0.168371
0.378657 0.124899
0.378711 0.118032
0.378721 0.251002
0.379696 0.079029
0.380370 0.090843
0.383295 0.103114
0.383711 0.115243
0.384725 0.190628
0.385970 0.076184
0.385970 0.110895
0.387628 0.181883
0.388109 0.324363
0.388196 0.098089
0.388501 0.224503
0.388953 0.291376
0.389591 0.118031
0.390261 0.167383
0.391164 0.155646
0.391983 0.403544
0.394253 0.133095
0.395841 0.122401
0.396504 0.148802
0.397451 0.144336
0.397803 0.266630
0.400226 0.205021
0.400646 0.096588
0.401372 0.089211
0.402637 0.190215
0.403261 0.099425
0.403566 0.191631
0.404832 0.166171
0.405326 0.271622
0.405431 0.115082
0.405797 0.310432
0.406917 0.222788
0.407259 0.109790
0.408313 0.153161
0.408480 0.097453
0.408525 0.185064
0.409253 0.098460
0.410775 0.199005
0.411053 0.277054
0.412500 0.165535
0.414366 0.193424
0.415224 0.086421
0.416937 0.123139
0.417575 0.151098
0.419095 0.214593
0.419383 0.087001
0.419449 0.163698
0.421327 0.165786
0.421331 0.191018
0.421897 0.061008
0.422536 0.196680
0.422644 0.153442
0.422683 0.142917
0.422858 0.155924
0.422986 0.049068
0.423055 0.165665
0.423352 0.073875
0.423989 0.203735
0.424202 0.132513
0.424205 0.151787
0.425028 0.098485
0.425221 0.146574
0.425253 0.100398
0.425402 0.111039
0.427306 0.213314
0.429768 0.119276
0.433047 0.150837
0.433048 0.099548
0.433219 0.127373
0.433494 0.109641
0.434197 0.202293
0.435003 0.087654
0.436417 0.095612
0.436612 0.091453
0.436877 0.199804
0.437200 0.059947
0.442215 0.132288
0.445078 0.119573
0.445271 0.128184
0.445561 0.114467
0.446567 0.081281
0.446804 0.241043
0.447712 0.117077
0.448382 0.146552
0.450100 0.249555
0.450988 0.081227
0.451067 0.213972
0.451486 0.111427
0.453281 0.170775
0.454296 0.235933
0.454390 0.124454
0.455106 0.127759
0.455659 0.182259
0.456126 0.136131
0.456248 0.076283
0.456428 0.051370
0.457147 0.084115
0.458155 0.166214
0.458181 0.141384
0.458429 0.146512
0.460466 0.116653
0.460588 0.142852
0.461463 0.157663
0.465098 0.218532
0.466699 0.213982
0.467832 0.122958
0.468749 0.253114
0.469314 0.141348
0.469503 0.121767
0.470506 0.171222
0.470582 0.146581
0.470691 0.128375
0.472594 0.168009
0.473009 0.223147
0.473153 0.068741
0.473902 0.061132
0.474876 0.101198
0.475980 0.227575
0.476347 0.135309
0.478019 0.119359
0.478726 0.112051
0.480444 0.211421
0.480578 0.104504
0.481351 0.113865
0.482020 0.185538
0.482137 0.107055
0.483202 0.129894
0.483449 0.125016
0.484932 0.071156
0.485022 0.091224
0.485447 0.184696
0.485478 0.098797
0.488160 0.186717
0.488280 0.216015
0.488825 0.120501
0.490840 0.086257
0.492262 0.096217
0.492583 0.024257
0.494003 0.117056
0.496256 0.133367
0.496468 0.094365
0.497242 0.126017
0.497757 0.137946
0.499548 0.157494
0.499695 0.125017
0.501501 0.102191
0.502022 0.141809
0.502885 0.104318
0.503711 0.088058
0.503887 0.115582
0.504092 0.204139
0.504722 0.160769
0.505399 0.134880
0.507110 0.076972
0.507252 0.091365
0.509060 0.036613
0.509106 0.082472
0.511760 0.130081
0.514896 0.201817
0.515514 0.091772
0.515746 0.083361
0.518764 0.219833
0.520953 0.144383
0.522329 0.084055
0.524454 0.079363
0.525455 0.128391
0.525769 0.070309
0.528509 0.093762
0.528599 0.136519
0.530087 0.142980
0.531562 0.135452
0.531789 0.136124
0.531803 0.139589
0.534431 0.119389
0.534528 0.088778
0.535644 0.074840
0.535692 0.090689
0.536048 0.205998
0.538758 0.077103
0.539122 0.142077
0.540725 0.111238
0.540972 0.099111
0.542721 0.129788
0.544192 0.140258
0.545280 0.195924
0.545518 0.154890
0.547223 0.074455
0.547544 0.136471
0.547885 0.067413
0.549895 0.103856
0.550293 0.100607
0.550429 0.112154
0.551130 0.168920
0.551223 0.103326
0.552030 0.058735
0.552292 0.176825
0.552850 0.090429
0.553442 0.144182
0.554678 0.082216
0.561617 0.145365
0.562522 0.104437
0.563709 0.093845
0.565892 0.095031
0.566561 0.105124
0.566590 0.063346
0.572326 0.083645
0.572746 0.069383
0.573383 0.110679
0.574647 0.102802
0.576754 0.095853
0.576867 0.061959
0.576887 0.105314
0.577195 0.130827
0.577285 0.057580
0.577873 0.041002
0.581560 0.066732
0.582131 0.123848
0.582823 0.089293
0.586921 0.139390
0.587628 0.074966
0.588026 0.073610
0.588088 0.077876
0.589811 0.210450
0.593098 0.089363
0.594906 0.117884
0.595861 0.067698
0.597677 0.075117
0.597706 0.070751
0.597781 0.110965
0.598002 0.028743
0.599062 0.054496
0.603282 0.112157
0.606923 0.107319
0.607740 0.114167
0.607886 0.094477
0.610084 0.110184
0.612040 0.084086
0.612107 0.098751
0.612768 0.055952
0.613863 0.112749
0.614891 0.087784
0.615435 0.094760
0.615856 0.134047
0.616640 0.053903
0.616914 0.045385
0.619737 0.082451
0.622822 0.095894
0.623761 0.080509
0.624727 0.086036
0.624855 0.069311
0.625061 0.068418
0.626369 0.067213
0.627244 0.070439
0.628261 0.118124
0.629381 0.084024
0.629559 0.125095
0.632671 0.082848
0.637660 0.100065
0.637677 0.048758
0.639452 0.101393
0.640454 0.072713
0.645313 0.092941
0.647321 0.068431
0.649927 0.097894
0.650092 0.043742
0.652975 0.036678
0.653384 0.057869
0.653602 0.043609
0.655259 0.043824
0.656670 0.121076
0.657491 0.104810
0.663314 0.046535
0.663571 0.043312
0.663680 0.098754
0.664272 0.087565
0.664698 0.074091
0.664902 0.066285
0.665255 0.085589
0.665929 0.075203
0.668971 0.086805
0.670131 0.058025
0.672311 0.079515
0.673067 0.047905
0.674060 0.041615
0.674077 0.082743
0.674436 0.131311
0.674847 0.057215
0.675359 0.054061
0.676124 0.032629
0.678018 0.059595
0.678787 0.076658
0.683091 0.074379
0.688942 0.047148
0.693922 0.079183
0.695748 0.072442
0.698744 0.061988
0.701282 0.113048
0.705630 0.064752
0.706162 0.050300
0.707711 0.055597
0.709510 0.071031
0.710008 0.055045
0.714109 0.062873
0.717760 0.070158
0.719555 0.030484
0.721066 0.073048
0.722300 0.068339
0.730380 0.064577
0.731980 0.054236
0.732443 0.049375
0.734547 0.078203
0.739551 0.082364
0.741493 0.065850
0.741578 0.053903
0.743817 0.048888
0.747200 0.057470
0.757698 0.018549
0.758638 0.046988
0.760558 0.037665
0.761975 0.050926
0.762178 0.042882
0.764099 0.014667
0.771053 0.038863
0.778594 0.040395
0.779304 0.057945
0.781454 0.034790
0.781844 0.046432
0.788613 0.058492
0.796817 0.050741
0.798100 0.053729
0.799175 0.040707
0.802696 0.042881
0.803560 0.046474
0.805008 0.024435
0.805436 0.013781
0.810807 0.049528
0.810832 0.042335
0.814013 0.019519
0.816769 0.023418
0.817434 0.027706
0.826790 0.030730
0.828326 0.036137
0.831958 0.058680
0.832370 0.037246
0.842677 0.007799
0.851280 0.039725
0.851611 0.022443
0.867214 0.020754
0.872270 0.031972
0.887969 0.015449
0.891668 0.007788
0.902927 0.002324
0.924515 0.010130
0.928782 0.015633
1.000000 0.000000
