0.000000 1.000000
0.025582 0.397435
0.047478 0.444292
0.072024 0.268620
0.081750 0.303600
0.081963 0.098578
0.093896 0.049163
0.099464 0.153729
0.102563 0.050095
0.111584 0.064322
0.116862 0.071477
0.119965 0.132280
0.127860 0.047633
0.133387 0.024318
0.140709 0.064986
0.143620 0.063172
0.144005 0.072017
0.147312 0.043383
0.149117 0.127492
0.153162 0.005729
0.154518 0.065165
0.155989 0.062056
0.162575 0.175829
0.163677 0.092975
0.164794 0.084034
0.173340 0.028650
0.174853 0.126890
0.176616 0.104583
0.181466 0.112078
0.183449 0.025391
0.188609 0.042626
0.190078 0.006696
0.190277 0.012405
0.193809 0.042672
0.194833 0.041415
0.196916 0.082752
0.197615 0.042985
0.202697 0.051006
0.204581 0.020477
0.205214 0.027909
0.205844 0.030710
0.207939 0.060249
0.212747 0.015486
0.215028 0.029258
0.218672 0.027302
0.218900 0.085052
0.219189 0.005903
0.219313 0.029130
0.220622 0.021464
0.222188 0.060063
0.222933 0.035749
0.223213 0.018398
0.224481 0.021488
0.224859 0.053401
0.226484 0.032505
0.231388 0.137912
0.231948 0.034190
0.233436 0.019522
0.234573 0.026874
0.234863 0.013544
0.239455 0.038334
0.241122 0.076764
0.245829 0.032570
0.247834 0.013057
0.248420 0.007418
0.250274 0.005584
0.250622 0.010955
0.250743 0.039155
0.252288 0.024228
0.253136 0.019340
0.256463 0.040285
0.257629 0.009792
0.257987 0.013236
0.258714 0.018292
0.258831 0.020493
0.261356 0.044792
0.261434 0.073327
0.261676 0.069157
0.262932 0.017536
0.263130 0.048573
0.264380 0.022701
0.265234 0.019302
0.266650 0.024575
0.266884 0.055108
0.267497 0.044183
0.268087 0.012301
0.271191 0.008632
0.271325 0.019773
0.271637 0.027803
0.272551 0.020726
0.272771 0.009682
0.273505 0.015476
0.273805 0.046926
0.276220 0.023333
0.276722 0.011807
0.277077 0.020622
0.278444 0.026295
0.279368 0.054499
0.279830 0.020118
0.279948 0.021255
0.280381 0.018209
0.280974 0.018842
0.282202 0.026551
0.282773 0.048821
0.284154 0.015668
0.285305 0.051696
0.287378 0.020187
0.287470 0.038916
0.287620 0.035538
0.287647 0.027941
0.288305 0.024232
0.290103 0.046142
0.291391 0.030106
0.291734 0.016671
0.292582 0.024490
0.292762 0.032375
0.293782 0.016538
0.295571 0.032651
0.296426 0.045953
0.298023 0.022440
0.301303 0.008390
0.301932 0.010218
0.304242 0.030279
0.305476 0.039627
0.306533 0.048093
0.310742 0.030269
0.312710 0.055275
0.313843 0.010949
0.314761 0.011251
0.315545 0.040424
0.316866 0.013305
0.317599 0.014856
0.317783 0.006708
0.319165 0.009449
0.320123 0.003835
0.320387 0.014258
0.320463 0.022426
0.322866 0.018648
0.322888 0.018563
0.324525 0.011051
0.324749 0.011312
0.325260 0.011124
0.326168 0.018532
0.326880 0.011736
0.327584 0.034773
0.327893 0.029831
0.330645 0.011892
0.330682 0.023210
0.330913 0.006828
0.332334 0.008590
0.332510 0.013602
0.333190 0.003742
0.333353 0.017219
0.333805 0.010820
0.334021 0.017102
0.334157 0.018268
0.334744 0.016552
0.334898 0.007262
0.335333 0.008828
0.336457 0.032615
0.337393 0.016960
0.337610 0.030100
0.338473 0.022948
0.338611 0.016313
0.339596 0.021587
0.340652 0.010941
0.341371 0.016234
0.341652 0.009461
0.341757 0.022167
0.341853 0.010379
0.341999 0.015996
0.342047 0.016651
0.342793 0.006150
0.342950 0.014903
0.343389 0.013402
0.343658 0.034155
0.344111 0.013740
0.344158 0.006133
0.344511 0.025511
0.344751 0.006870
0.345859 0.045949
0.345949 0.006825
0.347260 0.016336
0.348167 0.006381
0.348753 0.014795
0.349001 0.006482
0.349045 0.015695
0.349414 0.030464
0.350816 0.018248
0.350867 0.021340
0.351490 0.013860
0.351554 0.011835
0.352309 0.027891
0.353333 0.010534
0.353593 0.016625
0.354015 0.022934
0.354903 0.009675
0.355496 0.004037
0.355568 0.009341
0.355771 0.010807
0.356798 0.017320
0.357316 0.013395
0.357507 0.010488
0.357717 0.030170
0.359293 0.009939
0.359303 0.012302
0.359752 0.007973
0.359922 0.010597
0.360147 0.010770
0.361077 0.009361
0.361313 0.020050
0.361536 0.007133
0.361580 0.009952
0.361745 0.012176
0.361805 0.025537
0.362253 0.011802
0.362729 0.014187
0.362928 0.013817
0.362936 0.013690
0.363120 0.003776
0.363363 0.009271
0.363529 0.018584
0.364072 0.012649
0.364529 0.009694
0.365416 0.012403
0.366410 0.019942
0.366438 0.014224
0.366661 0.007920
0.367520 0.014919
0.367948 0.034318
0.368717 0.014822
0.370672 0.022805
0.371005 0.005745
0.371014 0.022575
0.371090 0.004715
0.371279 0.009382
0.372045 0.017539
0.372543 0.003812
0.373273 0.018441
0.373486 0.008972
0.373806 0.017418
0.374084 0.006950
0.374247 0.015724
0.374324 0.018967
0.374929 0.011587
0.376158 0.013233
0.376238 0.011165
0.377016 0.004342
0.377608 0.017599
0.377850 0.016511
0.378483 0.007999
0.378893 0.015295
0.378965 0.013652
0.379177 0.017601
0.380547 0.006639
0.381381 0.008475
0.381659 0.015974
0.382149 0.015765
0.383069 0.012313
0.383279 0.017310
0.383344 0.022918
0.383428 0.005196
0.383969 0.012139
0.384084 0.005055
0.384841 0.021871
0.385416 0.009274
0.385563 0.003960
0.385639 0.007479
0.386065 0.008115
0.386621 0.013659
0.386629 0.015082
0.387694 0.008558
0.391378 0.014741
0.391454 0.028431
0.392055 0.005381
0.392087 0.013859
0.392236 0.009714
0.393476 0.004850
0.393539 0.016459
0.395416 0.007729
0.395594 0.010945
0.395952 0.023901
0.395986 0.013750
0.396039 0.018659
0.396932 0.010763
0.397435 0.004960
0.398193 0.009417
0.398225 0.019107
0.398489 0.004173
0.399176 0.013267
0.399360 0.007402
0.399492 0.006382
0.400079 0.008625
0.400208 0.010138
0.400551 0.007663
0.400876 0.009221
0.402639 0.013155
0.402909 0.019481
0.403317 0.005592
0.404162 0.011179
0.404185 0.020516
0.404865 0.005174
0.405858 0.008507
0.405997 0.031887
0.406034 0.014367
0.406144 0.004463
0.406613 0.008261
0.408225 0.024691
0.408842 0.009476
0.409273 0.016995
0.409486 0.024360
0.409646 0.033773
0.410826 0.016400
0.411956 0.008987
0.412039 0.012916
0.412438 0.011995
0.413145 0.010599
0.413226 0.004454
0.413332 0.011654
0.414525 0.010281
0.414829 0.012432
0.415105 0.012968
0.415866 0.018920
0.416462 0.017661
0.417129 0.005897
0.417447 0.016881
0.417723 0.014117
0.417852 0.009997
0.419297 0.016164
0.420117 0.012746
0.420185 0.006377
0.420329 0.007825
0.420649 0.033062
0.420901 0.021358
0.422784 0.010727
0.422794 0.003776
0.423402 0.009358
0.423671 0.013186
0.423994 0.013130
0.424216 0.008576
0.424430 0.010133
0.424703 0.010824
0.424985 0.011103
0.425743 0.006123
0.425781 0.005459
0.426206 0.006143
0.426212 0.010635
0.426400 0.004372
0.427148 0.011875
0.428425 0.009559
0.429254 0.005572
0.429790 0.007112
0.430289 0.005316
0.430866 0.012036
0.431968 0.012724
0.433194 0.021098
0.433734 0.006819
0.433977 0.017455
0.434540 0.014931
0.435279 0.012250
0.435747 0.003185
0.436177 0.003076
0.436204 0.006963
0.436792 0.004977
0.437086 0.009499
0.437121 0.004873
0.437522 0.003485
0.437824 0.007597
0.437860 0.007391
0.437863 0.006567
0.438087 0.004533
0.438680 0.010182
0.438827 0.005099
0.439733 0.006558
0.440213 0.011910
0.440550 0.008889
0.441449 0.008036
0.441493 0.012788
0.441813 0.016126
0.442444 0.002366
0.442537 0.009690
0.443221 0.004810
0.443562 0.007834
0.443764 0.015311
0.444165 0.010464
0.444283 0.004057
0.444476 0.009191
0.445557 0.008362
0.445641 0.007549
0.445784 0.013811
0.445842 0.005813
0.445907 0.005612
0.446772 0.011685
0.447084 0.002650
0.447559 0.014734
0.448675 0.006807
0.448750 0.011137
0.448947 0.012850
0.449439 0.010917
0.449441 0.014894
0.450297 0.006603
0.450375 0.006432
0.450689 0.006481
0.452003 0.003356
0.452277 0.007183
0.452381 0.004517
0.453471 0.005483
0.453676 0.007722
0.453869 0.013334
0.454001 0.006809
0.454796 0.008119
0.455062 0.009908
0.455615 0.005926
0.456495 0.008264
0.456513 0.003150
0.457082 0.005432
0.457902 0.004454
0.458182 0.007692
0.458333 0.009757
0.458350 0.006656
0.459325 0.010529
0.459380 0.005598
0.459551 0.003634
0.459769 0.005744
0.459819 0.009488
0.461052 0.004791
0.461755 0.009114
0.461954 0.004310
0.461998 0.008321
0.462122 0.014032
0.462186 0.008817
0.462369 0.009007
0.462471 0.007105
0.463490 0.004135
0.464002 0.003473
0.464622 0.007482
0.464678 0.005699
0.464808 0.004218
0.465256 0.010748
0.467455 0.005913
0.467794 0.010506
0.468625 0.005944
0.469384 0.004820
0.469453 0.003184
0.469580 0.004968
0.470728 0.008033
0.470834 0.005866
0.471384 0.009111
0.471880 0.006341
0.471956 0.010973
0.472145 0.011522
0.472412 0.005692
0.473698 0.009306
0.473817 0.004938
0.474244 0.004558
0.474675 0.003269
0.474748 0.004470
0.476362 0.003607
0.476411 0.005500
0.477433 0.004675
0.477463 0.009853
0.478085 0.010639
0.478512 0.004940
0.479915 0.005951
0.481152 0.003945
0.481184 0.009239
0.481580 0.002562
0.482421 0.007054
0.482840 0.003912
0.482864 0.005900
0.483568 0.004612
0.483804 0.005577
0.484282 0.005276
0.484656 0.005003
0.484666 0.004345
0.484992 0.005492
0.485446 0.005948
0.485667 0.007975
0.485862 0.009509
0.486071 0.005644
0.486381 0.011785
0.486561 0.007433
0.486626 0.005045
0.486862 0.004404
0.486912 0.005666
0.487048 0.004470
0.487101 0.003887
0.487416 0.007574
0.487908 0.007892
0.492370 0.004960
0.492677 0.002982
0.493061 0.005370
0.493152 0.003811
0.493351 0.003392
0.494501 0.007719
0.494794 0.005273
0.494986 0.007915
0.495446 0.003304
0.495765 0.009730
0.496380 0.002440
0.496453 0.003176
0.496773 0.003632
0.497081 0.003394
0.498239 0.005697
0.498451 0.008248
0.498535 0.013003
0.498704 0.004203
0.499225 0.004223
0.499280 0.015251
0.499520 0.004986
0.499542 0.005537
0.500408 0.002993
0.500431 0.002576
0.500826 0.004159
0.501133 0.007096
0.501292 0.004455
0.501615 0.003660
0.502056 0.008077
0.502533 0.004434
0.503267 0.003166
0.503518 0.008010
0.504074 0.005962
0.504112 0.005916
0.504244 0.002854
0.504277 0.003448
0.505180 0.004391
0.505586 0.003852
0.505627 0.002741
0.505785 0.011347
0.506090 0.004598
0.506115 0.004210
0.506916 0.005103
0.507739 0.005666
0.507822 0.005453
0.508276 0.006010
0.508397 0.012848
0.508905 0.004380
0.509306 0.005820
0.509744 0.004275
0.509957 0.006533
0.510654 0.001897
0.511101 0.004022
0.511184 0.008335
0.511231 0.005053
0.511757 0.006229
0.511811 0.008230
0.512671 0.004280
0.512864 0.002925
0.513007 0.006368
0.514900 0.002524
0.515069 0.004103
0.515095 0.005005
0.515713 0.007024
0.516034 0.004530
0.516913 0.008620
0.517731 0.004250
0.517889 0.004059
0.517968 0.005140
0.518070 0.005289
0.518478 0.006116
0.518490 0.006247
0.519188 0.008433
0.519293 0.005814
0.519619 0.005377
0.519751 0.003474
0.520222 0.008228
0.520376 0.004769
0.521522 0.003896
0.521746 0.007403
0.522446 0.004595
0.522641 0.003044
0.522688 0.006998
0.522769 0.005062
0.523099 0.003370
0.524555 0.003208
0.525140 0.003576
0.525747 0.010418
0.526663 0.002846
0.526774 0.002760
0.526830 0.008185
0.527110 0.003640
0.527129 0.005018
0.527468 0.007602
0.527721 0.006616
0.527810 0.005820
0.528046 0.005492
0.528411 0.004542
0.528728 0.004221
0.528862 0.003900
0.529358 0.002988
0.530134 0.004484
0.530271 0.005743
0.530317 0.006987
0.530483 0.009421
0.531328 0.005634
0.531395 0.005370
0.531483 0.003154
0.531580 0.004040
0.531813 0.003921
0.532320 0.003610
0.532648 0.006114
0.533604 0.004968
0.533797 0.003042
0.533836 0.005325
0.534073 0.006250
0.534076 0.004311
0.534303 0.010880
0.534394 0.003886
0.534563 0.004115
0.534586 0.004717
0.534855 0.002848
0.534977 0.005260
0.535620 0.010733
0.535642 0.004135
0.535754 0.004525
0.536636 0.004021
0.536818 0.007578
0.536871 0.004455
0.537077 0.002813
0.537111 0.003022
0.537646 0.003396
0.537992 0.005258
0.538146 0.008233
0.538498 0.004601
0.539622 0.005214
0.539678 0.003489
0.539800 0.003144
0.539819 0.004165
0.539917 0.003052
0.540236 0.004995
0.540482 0.001245
0.540667 0.004347
0.540737 0.003826
0.541184 0.006548
0.541835 0.002288
0.542068 0.004792
0.542858 0.004427
0.543426 0.002337
0.544191 0.004294
0.544479 0.002029
0.544802 0.002969
0.545109 0.006463
0.545150 0.005281
0.545443 0.011940
0.545623 0.006094
0.546603 0.004333
0.546910 0.003827
0.547733 0.008448
0.547935 0.005951
0.548068 0.004979
0.548713 0.009234
0.548777 0.004961
0.548953 0.007551
0.549288 0.003126
0.549643 0.003444
0.551804 0.005658
0.551827 0.002488
0.552686 0.002180
0.552747 0.004442
0.552915 0.006224
0.553532 0.007755
0.553866 0.002503
0.554347 0.004085
0.554406 0.003501
0.555181 0.007938
0.555430 0.002697
0.556676 0.003173
0.557718 0.009370
0.557900 0.004654
0.557949 0.005192
0.558543 0.002365
0.559180 0.002530
0.559838 0.005418
0.559849 0.007257
0.560018 0.005596
0.560199 0.004612
0.560372 0.005210
0.560602 0.002097
0.561303 0.002306
0.561498 0.008120
0.561974 0.006694
0.562244 0.006020
0.562685 0.004408
0.563166 0.007207
0.564124 0.004278
0.564489 0.003618
0.564634 0.002551
0.565203 0.006230
0.565490 0.004008
0.565788 0.004564
0.566106 0.005585
0.566363 0.003340
0.566372 0.005586
0.566940 0.006524
0.570245 0.003558
0.570492 0.002147
0.572154 0.005071
0.573040 0.004770
0.573749 0.002151
0.574929 0.002407
0.577077 0.001930
0.577319 0.002173
0.578521 0.004176
0.579194 0.002677
0.579395 0.002919
0.580798 0.006353
0.580983 0.006099
0.581418 0.002329
0.581993 0.002242
0.582317 0.005190
0.582492 0.003690
0.582853 0.004759
0.584617 0.002449
0.584667 0.005002
0.586119 0.002580
0.586144 0.004373
0.587568 0.003982
0.588038 0.003599
0.588075 0.001238
0.588596 0.001230
0.589381 0.003193
0.589933 0.005569
0.590472 0.002511
0.590637 0.003011
0.590646 0.005677
0.590993 0.002146
0.591808 0.001879
0.592909 0.002290
0.593279 0.004856
0.593478 0.002812
0.593880 0.002707
0.594014 0.004510
0.594076 0.005763
0.594603 0.002540
0.594832 0.004731
0.595337 0.001974
0.595455 0.003606
0.595505 0.003145
0.596430 0.002449
0.597722 0.002809
0.597983 0.002194
0.598244 0.003711
0.599075 0.002304
0.599952 0.003752
0.600221 0.004549
0.600314 0.001215
0.600462 0.001944
0.600534 0.002220
0.601552 0.004286
0.601724 0.003439
0.601842 0.003879
0.602888 0.003551
0.603904 0.001623
0.604515 0.001194
0.604556 0.004122
0.604594 0.003675
0.604800 0.001531
0.604843 0.003428
0.604939 0.004218
0.605367 0.001169
0.605499 0.003706
0.606265 0.002703
0.607527 0.002759
0.608410 0.001446
0.608868 0.001396
0.610241 0.003488
0.610592 0.005018
0.610661 0.002102
0.611784 0.003610
0.611877 0.003111
0.612013 0.002642
0.613745 0.002174
0.614248 0.002843
0.615625 0.004683
0.615795 0.001348
0.616495 0.003051
0.617719 0.002683
0.618270 0.004780
0.618421 0.002345
0.619708 0.003850
0.619772 0.002356
0.620410 0.001728
0.621185 0.002072
0.621199 0.001648
0.621886 0.001258
0.621967 0.003425
0.622199 0.001988
0.622753 0.001549
0.623725 0.002065
0.623798 0.005810
0.624843 0.003945
0.625779 0.002317
0.625849 0.002092
0.626037 0.003118
0.626551 0.002657
0.627990 0.003257
0.628282 0.001538
0.628659 0.002062
0.629113 0.003385
0.631116 0.004414
0.631743 0.002201
0.632570 0.003436
0.632590 0.001325
0.632663 0.003610
0.633551 0.002694
0.633745 0.001543
0.634092 0.002330
0.634378 0.001579
0.634444 0.002912
0.635496 0.002349
0.636638 0.001004
0.637196 0.001677
0.637715 0.002748
0.637819 0.001578
0.640164 0.003770
0.640208 0.002799
0.640232 0.002580
0.640428 0.001737
0.640627 0.002185
0.641569 0.001307
0.642506 0.003621
0.643162 0.001431
0.643689 0.002331
0.644081 0.002226
0.647131 0.003894
0.647782 0.004833
0.648327 0.001956
0.649396 0.003144
0.649818 0.002329
0.650229 0.002484
0.650332 0.003471
0.652366 0.002062
0.653413 0.002316
0.654130 0.003002
0.654685 0.002422
0.655279 0.002103
0.655288 0.001096
0.655513 0.003474
0.656259 0.003862
0.657647 0.001687
0.658950 0.001644
0.659820 0.000764
0.659834 0.002585
0.660044 0.003231
0.660616 0.001466
0.660999 0.002105
0.665361 0.002675
0.665831 0.001752
0.665955 0.001793
0.666181 0.002142
0.666194 0.002066
0.667281 0.001941
0.668935 0.002483
0.669940 0.003728
0.670769 0.001775
0.670826 0.002424
0.671680 0.002211
0.671686 0.001795
0.671697 0.002347
0.672285 0.004384
0.672696 0.002692
0.673029 0.000990
0.674761 0.002375
0.675606 0.001637
0.675825 0.002268
0.675939 0.002089
0.676032 0.004215
0.677434 0.001285
0.677589 0.001605
0.677906 0.002339
0.678074 0.002220
0.678092 0.001718
0.679490 0.002038
0.683787 0.001047
0.684168 0.001465
0.685186 0.002206
0.685482 0.001566
0.685707 0.001712
0.685744 0.002043
0.686603 0.002451
0.687136 0.002261
0.688029 0.001685
0.688380 0.003328
0.689164 0.002292
0.690790 0.000773
0.691377 0.001221
0.692476 0.002314
0.692690 0.001281
0.695636 0.002092
0.698008 0.001351
0.701176 0.001851
0.701696 0.001886
0.702597 0.001280
0.703777 0.002403
0.707239 0.002525
0.708066 0.001151
0.708392 0.002369
0.709706 0.002057
0.709721 0.001926
0.710356 0.002125
0.710606 0.002647
0.711423 0.001456
0.712349 0.001355
0.713060 0.000708
0.713320 0.001383
0.714566 0.001580
0.715195 0.002336
0.716226 0.001788
0.716314 0.000756
0.716777 0.001404
0.716873 0.001060
0.719298 0.002847
0.722161 0.001896
0.723508 0.001514
0.723961 0.001767
0.724982 0.001275
0.725656 0.001206
0.726433 0.001326
0.726915 0.003134
0.729369 0.001494
0.731762 0.002194
0.731782 0.000945
0.735342 0.001226
0.737112 0.001401
0.741454 0.001500
0.743245 0.001588
0.743273 0.001218
0.743832 0.002179
0.743883 0.001136
0.744951 0.001778
0.745183 0.001359
0.746310 0.001456
0.751397 0.001586
0.752640 0.001377
0.756789 0.001193
0.760192 0.001071
0.761417 0.001161
0.762345 0.001233
0.765252 0.001179
0.766159 0.000792
0.768914 0.001182
0.770532 0.001218
0.771042 0.001274
0.772244 0.001120
0.777687 0.000964
0.784982 0.000628
0.788260 0.000932
0.793017 0.000811
0.796554 0.001369
0.796954 0.000829
0.800148 0.000679
0.801606 0.000579
0.808952 0.000741
0.814018 0.000962
0.816109 0.000982
0.817844 0.001059
0.833648 0.000847
0.834296 0.000907
0.836796 0.000328
0.846076 0.000315
0.847423 0.000912
0.854605 0.001102
0.857060 0.000480
0.858346 0.000640
0.867617 0.000550
0.876907 0.000834
0.902297 0.000417
0.925857 0.000186
1.000000 0.000000
