0.000000 0.363286
0.012028 0.426335
0.066818 0.183776
0.077120 0.192907
0.103654 0.594078
0.106191 0.587051
0.108422 0.566332
0.109887 0.347126
0.114861 0.128482
0.123102 0.610495
0.126538 0.603318
0.138366 0.288846
0.138378 0.790557
0.142182 0.248238
0.144463 0.125622
0.153451 0.227242
0.162352 0.314367
0.166154 0.314632
0.168097 0.547792
0.169805 0.367252
0.176078 0.584117
0.177766 0.202703
0.180275 0.516122
0.184930 0.310767
0.186319 0.714735
0.187395 0.348937
0.190731 0.377372
0.192956 1.000000
0.195075 0.421467
0.199046 0.376665
0.199683 0.193013
0.205834 0.345177
0.215465 0.293494
0.216600 0.558143
0.218861 0.326967
0.222242 0.390201
0.223400 0.801838
0.225268 0.325410
0.232273 0.153549
0.233838 0.289810
0.234114 0.205178
0.234120 0.368428
0.235959 0.179260
0.237808 0.192379
0.238228 0.421356
0.238438 0.169751
0.239231 0.501478
0.240937 0.161796
0.242463 0.227943
0.242474 0.470978
0.242796 0.354899
0.243659 0.422175
0.244447 0.321350
0.244971 0.403963
0.248818 0.388016
0.249694 0.636944
0.252227 0.182906
0.253898 0.246515
0.253916 0.264028
0.257508 0.285232
0.257680 0.174919
0.262063 0.387480
0.263306 0.412378
0.266089 0.265599
0.267296 0.332424
0.269382 0.241297
0.269775 0.203361
0.270856 0.477292
0.271623 0.131583
0.272071 0.124156
0.273027 0.735609
0.273872 0.431070
0.274463 0.197035
0.275941 0.366025
0.276508 0.460036
0.276862 0.503523
0.277139 0.218988
0.279021 0.271753
0.280572 0.394401
0.281422 0.210207
0.281480 0.210461
0.286333 0.541863
0.288996 0.240549
0.289585 0.275471
0.292380 0.405525
0.292895 0.471667
0.294007 0.469716
0.294834 0.240682
0.297016 0.347006
0.298625 0.511323
0.298703 0.348660
0.299541 0.092476
0.301306 0.529147
0.301324 0.000000
0.301757 0.612974
0.303089 0.427868
0.303427 0.251141
0.304632 0.332487
0.305838 0.302939
0.307381 0.494082
0.309457 0.432717
0.309695 0.498451
0.309821 0.353169
0.310525 0.119006
0.311976 0.182378
0.312658 0.343977
0.315905 0.198724
0.315997 0.289586
0.316066 0.272639
0.317911 0.315283
0.318506 0.243864
0.318751 0.212599
0.322003 0.394616
0.322576 0.148715
0.322863 0.181592
0.323913 0.071057
0.324450 0.560934
0.325132 0.317700
0.326105 0.305873
0.326200 0.677029
0.326763 0.327142
0.326784 0.250769
0.327591 0.412776
0.328158 0.526897
0.328442 0.391314
0.328747 0.207726
0.329532 0.309567
0.329638 0.578060
0.331817 0.104874
0.332043 0.480733
0.333314 0.164892
0.333552 0.296876
0.335359 0.277102
0.336150 0.187406
0.336266 0.075255
0.336828 0.156877
0.337639 0.181746
0.337763 0.314548
0.340873 0.278446
0.343022 0.176969
0.343600 0.341440
0.344451 0.444807
0.346287 0.298268
0.346302 0.224578
0.347097 0.099553
0.347806 0.219909
0.348461 0.130550
0.348539 0.322399
0.349309 0.715239
0.349315 0.198088
0.350313 0.350892
0.350857 0.453572
0.351280 0.331131
0.351951 0.268629
0.352125 0.541364
0.352754 0.160506
0.352882 0.502134
0.352940 0.425012
0.353719 0.234540
0.353724 0.261606
0.354756 0.443871
0.356021 0.227285
0.356022 0.279967
0.356359 0.271201
0.358528 0.331702
0.359716 0.119995
0.359770 0.280786
0.360218 0.380491
0.360517 0.312292
0.361418 0.239010
0.361532 0.269529
0.361619 0.062289
0.362693 0.202204
0.364853 0.296963
0.365104 0.205944
0.365506 0.347458
0.365634 0.298087
0.366980 0.355162
0.367171 0.224907
0.367581 0.211606
0.367587 0.334176
0.368165 0.268833
0.368831 0.189360
0.369147 0.119613
0.369270 0.366913
0.369865 0.264850
0.370851 0.324911
0.373330 0.164353
0.373625 0.324878
0.373903 0.167464
0.374561 0.264123
0.374865 0.184941
0.375855 0.274894
0.376281 0.444981
0.376482 0.237218
0.376508 0.391378
0.376842 0.246880
0.376910 0.119872
0.377020 0.251179
0.379210 0.493713
0.379301 0.360242
0.379656 0.048475
0.380174 0.240792
0.380268 0.230792
0.380396 0.540508
0.380777 0.297324
0.381110 0.398357
0.381990 0.436764
0.382151 0.246779
0.382171 0.239643
0.382443 0.311454
0.383144 0.290951
0.383289 0.287915
0.383371 0.238678
0.383415 0.310531
0.383859 0.258181
0.383967 0.140965
0.384431 0.174890
0.384879 0.219489
0.387547 0.469948
0.388377 0.232461
0.389023 0.261220
0.389331 0.465269
0.391106 0.493682
0.391548 0.139491
0.391707 0.230204
0.394779 0.398110
0.395801 0.382234
0.396515 0.411647
0.396583 0.216119
0.396621 0.225572
0.400712 0.255420
0.401266 0.181826
0.401445 0.186604
0.401604 0.082993
0.402402 0.184568
0.402714 0.086264
0.403000 0.255794
0.403833 0.117057
0.404798 0.156735
0.405604 0.208133
0.407237 0.183154
0.407485 0.345584
0.407585 0.232738
0.407704 0.280217
0.409704 0.251895
0.410060 0.158919
0.410791 0.149591
0.411831 0.189156
0.412478 0.361712
0.412783 0.237586
0.413354 0.143630
0.413550 0.247342
0.414390 0.274370
0.414729 0.244048
0.415309 0.227752
0.416725 0.444107
0.417286 0.386355
0.417944 0.351182
0.418218 0.212330
0.418311 0.395391
0.418497 0.383055
0.418871 0.315264
0.419029 0.290809
0.419322 0.305858
0.419418 0.415724
0.419607 0.258387
0.419765 0.318490
0.420536 0.234377
0.420732 0.392787
0.420989 0.311127
0.421332 0.303309
0.421558 0.149168
0.421827 0.267660
0.422546 0.454615
0.422691 0.284849
0.423409 0.199715
0.423409 0.176801
0.423958 0.225758
0.425260 0.323704
0.425901 0.243732
0.425964 0.255830
0.427462 0.224187
0.428689 0.442449
0.429275 0.294470
0.429467 0.200219
0.429732 0.261503
0.430155 0.319577
0.430230 0.357810
0.430388 0.317909
0.430511 0.329483
0.430981 0.269964
0.431654 0.353794
0.433017 0.279748
0.433738 0.447762
0.434523 0.330388
0.434883 0.418995
0.435104 0.391713
0.435999 0.199508
0.438117 0.318264
0.438864 0.262054
0.439436 0.272339
0.439440 0.313359
0.440179 0.191160
0.440649 0.052602
0.441366 0.348782
0.441547 0.231061
0.442333 0.233603
0.442336 0.187546
0.442371 0.562173
0.443933 0.354418
0.444608 0.346507
0.444708 0.342689
0.444842 0.097055
0.445536 0.297729
0.445996 0.194339
0.446105 0.370503
0.448076 0.382876
0.448455 0.326630
0.449239 0.125389
0.449249 0.447929
0.449969 0.352689
0.450017 0.439693
0.451684 0.219704
0.452038 0.410357
0.452271 0.298606
0.453644 0.242951
0.453767 0.047086
0.453844 0.290962
0.455255 0.255370
0.455489 0.341704
0.456802 0.278052
0.457372 0.230883
0.457380 0.302688
0.457766 0.502909
0.457861 0.304175
0.457876 0.235419
0.458563 0.220617
0.459573 0.446143
0.461455 0.286474
0.461950 0.336069
0.462734 0.194047
0.464436 0.233418
0.464542 0.317284
0.464836 0.552962
0.464896 0.229118
0.464948 0.354638
0.465315 0.251418
0.465362 0.315259
0.465705 0.222322
0.467752 0.242306
0.469007 0.310196
0.470562 0.250247
0.470892 0.208083
0.471529 0.254607
0.472077 0.237171
0.472381 0.285271
0.472495 0.234413
0.472790 0.204975
0.473365 0.281367
0.473436 0.285708
0.473766 0.083105
0.475005 0.623693
0.475227 0.439799
0.476023 0.307795
0.476342 0.167044
0.477313 0.126560
0.477456 0.246116
0.478238 0.419594
0.478588 0.316634
0.479770 0.208048
0.479933 0.156693
0.480225 0.415024
0.481678 0.213802
0.483467 0.267854
0.483773 0.196891
0.483934 0.351357
0.484391 0.277035
0.485431 0.312634
0.485939 0.487095
0.485949 0.311528
0.486051 0.212483
0.486509 0.368797
0.486526 0.326193
0.487060 0.432377
0.487224 0.223869
0.487678 0.242973
0.487926 0.174897
0.489758 0.430945
0.489919 0.257414
0.490282 0.121632
0.490862 0.225302
0.491046 0.165944
0.491244 0.277809
0.491281 0.174613
0.491552 0.254290
0.491775 0.290427
0.492211 0.229810
0.492423 0.177240
0.492642 0.224375
0.493266 0.133764
0.493741 0.264025
0.493795 0.254021
0.494609 0.191585
0.495173 0.332790
0.495730 0.176718
0.496245 0.083630
0.497008 0.045683
0.497412 0.325580
0.499156 0.282148
0.499357 0.164077
0.499767 0.200912
0.499827 0.182944
0.499915 0.213720
0.500658 0.245539
0.500690 0.350890
0.501346 0.334406
0.501462 0.135126
0.502358 0.188934
0.502492 0.163879
0.502876 0.233829
0.503375 0.304460
0.504596 0.369300
0.504687 0.278459
0.504742 0.312474
0.504951 0.290081
0.505139 0.251320
0.505316 0.221419
0.505674 0.212332
0.506000 0.479411
0.506288 0.331956
0.506493 0.217341
0.506831 0.180024
0.507251 0.065422
0.507310 0.439299
0.507677 0.283332
0.508034 0.218847
0.509055 0.081546
0.509341 0.219975
0.509674 0.394182
0.509896 0.178223
0.510090 0.300706
0.510686 0.307864
0.510740 0.160776
0.511207 0.135640
0.512152 0.318665
0.512848 0.297633
0.513126 0.295759
0.513195 0.356298
0.513276 0.159845
0.513296 0.268580
0.513639 0.151104
0.514597 0.482726
0.515732 0.269041
0.515963 0.352744
0.516091 0.451627
0.516919 0.388749
0.517254 0.438218
0.517483 0.303837
0.517521 0.391156
0.517603 0.281491
0.517706 0.163181
0.518286 0.298278
0.518841 0.225482
0.519263 0.377645
0.519867 0.294733
0.519903 0.177257
0.520080 0.255187
0.520611 0.311292
0.520818 0.228924
0.521015 0.146395
0.521254 0.216120
0.521297 0.383732
0.521375 0.224074
0.522219 0.305027
0.522503 0.197457
0.522900 0.223473
0.524850 0.298879
0.524929 0.158548
0.525582 0.274111
0.525864 0.372129
0.527464 0.348619
0.527610 0.190259
0.527706 0.266795
0.528458 0.213021
0.529291 0.205961
0.529299 0.318041
0.530139 0.359283
0.530277 0.356476
0.530964 0.360727
0.531279 0.145870
0.531451 0.290394
0.533105 0.135425
0.534022 0.250191
0.534495 0.352889
0.535066 0.260439
0.535723 0.355011
0.537698 0.110756
0.537791 0.092925
0.538747 0.256875
0.539072 0.443782
0.539438 0.249525
0.539527 0.136658
0.540265 0.291856
0.541153 0.260229
0.541370 0.397987
0.542379 0.236058
0.542494 0.199711
0.542641 0.194931
0.543114 0.174295
0.543584 0.293177
0.544066 0.126943
0.544850 0.275348
0.545273 0.087923
0.545677 0.167959
0.545765 0.256279
0.546206 0.165155
0.546825 0.256075
0.547847 0.266944
0.548149 0.299124
0.548266 0.240399
0.548446 0.262689
0.549453 0.163032
0.550149 0.205811
0.550943 0.152857
0.551118 0.193922
0.551135 0.361437
0.551353 0.163103
0.553196 0.356709
0.553229 0.334935
0.553324 0.307333
0.554208 0.272022
0.554491 0.237480
0.554911 0.173531
0.556895 0.083661
0.557296 0.305327
0.558831 0.217331
0.559168 0.281092
0.559452 0.224800
0.560727 0.219032
0.563005 0.182456
0.564515 0.209622
0.565713 0.126520
0.566309 0.258072
0.566341 0.191042
0.566807 0.421261
0.567690 0.171593
0.568013 0.253143
0.568470 0.327061
0.569001 0.297181
0.570047 0.260153
0.570374 0.163570
0.570620 0.544586
0.571372 0.334780
0.572704 0.284578
0.573487 0.139662
0.573572 0.283751
0.573893 0.260857
0.573901 0.291908
0.574058 0.304633
0.574581 0.235415
0.574917 0.230600
0.575061 0.134087
0.575244 0.277128
0.575419 0.356688
0.575784 0.297001
0.576207 0.358419
0.577416 0.268798
0.577456 0.196929
0.577457 0.388384
0.577586 0.333069
0.577790 0.264425
0.578126 0.198396
0.578333 0.171348
0.578731 0.245528
0.579049 0.207440
0.579054 0.235648
0.579204 0.390753
0.579219 0.225211
0.579925 0.281356
0.580483 0.171211
0.580577 0.264040
0.580894 0.083159
0.581207 0.419625
0.583504 0.280044
0.583533 0.327425
0.585250 0.229261
0.585527 0.273612
0.586438 0.202156
0.586600 0.317258
0.587214 0.216763
0.587451 0.072708
0.587996 0.174410
0.588240 0.192302
0.589113 0.287623
0.590584 0.256824
0.590824 0.156033
0.591913 0.276715
0.592036 0.257002
0.592108 0.233824
0.592517 0.155865
0.592756 0.246217
0.593019 0.247464
0.594193 0.081160
0.594627 0.271398
0.594842 0.025356
0.594857 0.152701
0.596047 0.236370
0.596156 0.189619
0.596173 0.212129
0.596791 0.209751
0.598059 0.158533
0.599243 0.300919
0.600069 0.133532
0.600323 0.230257
0.600893 0.260313
0.601021 0.101527
0.601034 0.283001
0.601219 0.221995
0.601257 0.260381
0.602994 0.240300
0.603563 0.192961
0.604081 0.239335
0.604718 0.279799
0.604772 0.266955
0.605283 0.279583
0.605300 0.099508
0.605301 0.191989
0.605683 0.200340
0.606180 0.278365
0.606531 0.348197
0.606562 0.232567
0.606808 0.350864
0.607440 0.115591
0.608060 0.219693
0.608626 0.165375
0.608940 0.240034
0.609052 0.288900
0.609481 0.149538
0.610043 0.227182
0.610100 0.254312
0.610263 0.228505
0.611106 0.326098
0.611500 0.173681
0.611679 0.167409
0.613331 0.170067
0.613579 0.415128
0.614696 0.353312
0.615627 0.336880
0.615733 0.145356
0.615787 0.217341
0.616115 0.206984
0.617938 0.279821
0.618303 0.180458
0.618613 0.271473
0.619093 0.213081
0.619422 0.139480
0.619797 0.244899
0.620171 0.302130
0.621202 0.293297
0.621739 0.253339
0.621990 0.102972
0.622204 0.206781
0.623450 0.318885
0.623926 0.143935
0.624291 0.233704
0.625663 0.366094
0.625888 0.220336
0.625935 0.126289
0.625947 0.196091
0.626232 0.300901
0.626613 0.218001
0.627948 0.224559
0.628012 0.181794
0.628913 0.251882
0.629015 0.267181
0.630436 0.325725
0.631705 0.272108
0.631937 0.134435
0.632233 0.228859
0.632733 0.191796
0.633386 0.141366
0.634391 0.208397
0.638999 0.120282
0.640816 0.278850
0.642783 0.317625
0.643011 0.135240
0.643673 0.301165
0.643747 0.253425
0.643959 0.248054
0.645264 0.078886
0.645770 0.208385
0.645995 0.239872
0.648245 0.188499
0.648603 0.345568
0.650412 0.267999
0.650726 0.102376
0.650946 0.266345
0.651540 0.214699
0.651613 0.170167
0.651962 0.234473
0.654667 0.254637
0.654760 0.196614
0.657133 0.206714
0.657991 0.229214
0.658274 0.073548
0.658574 0.249747
0.658702 0.325515
0.659034 0.271710
0.661619 0.252982
0.663749 0.253035
0.664148 0.155717
0.664182 0.324993
0.664336 0.212913
0.665284 0.226686
0.666666 0.230247
0.667385 0.151769
0.667637 0.167719
0.667956 0.126415
0.668454 0.217766
0.674541 0.234611
0.674665 0.227690
0.674752 0.382171
0.674953 0.160057
0.675044 0.168112
0.675320 0.219812
0.676141 0.310490
0.676208 0.178198
0.676247 0.297813
0.676545 0.323511
0.678275 0.190964
0.682603 0.248484
0.682641 0.287686
0.684906 0.201012
0.687976 0.294208
0.688478 0.313686
0.688820 0.236828
0.690335 0.314386
0.692518 0.261889
0.694323 0.160615
0.695799 0.223397
0.697536 0.199462
0.698736 0.168625
0.698807 0.183816
0.699646 0.176255
0.699726 0.151029
0.701109 0.190621
0.701442 0.235028
0.701461 0.176177
0.702046 0.167669
0.702223 0.246030
0.702384 0.136923
0.702571 0.133149
0.703480 0.174503
0.712421 0.320269
0.712629 0.182929
0.716723 0.156386
0.717744 0.151194
0.717920 0.229486
0.719158 0.219489
0.720623 0.365031
0.722555 0.229422
0.722615 0.125669
0.722931 0.169234
0.723356 0.305306
0.725430 0.193283
0.725559 0.248245
0.725930 0.171243
0.727316 0.289772
0.728808 0.335656
0.730170 0.097075
0.730666 0.382186
0.734203 0.201769
0.735543 0.242332
0.735551 0.162370
0.735749 0.189495
0.737009 0.187848
0.737422 0.241618
0.737515 0.304049
0.738046 0.232655
0.738962 0.182149
0.739936 0.197282
0.740948 0.166407
0.744523 0.143946
0.747088 0.215680
0.749074 0.159707
0.755174 0.296413
0.757557 0.226476
0.758352 0.226215
0.759544 0.265051
0.759658 0.275807
0.761766 0.124389
0.761886 0.216066
0.762725 0.208632
0.768916 0.184179
0.772170 0.172558
0.772759 0.161982
0.773506 0.248566
0.774698 0.207102
0.776252 0.188759
0.777058 0.243333
0.777825 0.243228
0.780472 0.160295
0.781552 0.120275
0.782252 0.201248
0.785713 0.241044
0.788646 0.176837
0.789927 0.206637
0.791340 0.178765
0.796002 0.200279
0.797635 0.264144
0.800968 0.272453
0.801918 0.186208
0.804907 0.111563
0.805383 0.174668
0.810550 0.165086
0.810648 0.264026
0.814582 0.347471
0.822922 0.216100
0.824565 0.092444
0.831256 0.202903
0.834085 0.232101
0.835071 0.215246
0.839666 0.198803
0.841762 0.182462
0.843320 0.206985
0.849224 0.218047
0.860443 0.243264
0.868235 0.165829
0.873634 0.165684
0.876714 0.178753
0.883730 0.181473
0.918024 0.268917
0.934462 0.157665
0.945764 0.210755
0.951563 0.233333
0.961162 0.271703
0.970430 0.171094
0.971125 0.211974
0.998509 0.191601
1.000000 0.086215
