0.000000 0.277779
0.052504 0.147177
0.079655 0.100189
0.083754 0.086984
0.091279 0.163484
0.111536 0.211907
0.116877 0.257418
0.120892 0.308276
0.144300 0.035922
0.152520 0.201207
0.154164 0.183741
0.161665 0.253952
0.177636 0.038479
0.178988 0.079440
0.180619 0.122860
0.185620 0.248680
0.190050 0.134837
0.194379 0.214112
0.197052 0.378729
0.197770 0.226804
0.200988 0.122542
0.203959 0.253180
0.206088 0.527570
0.210546 0.129510
0.211196 0.140905
0.213335 0.092200
0.216686 0.271454
0.222179 0.172826
0.226650 0.142063
0.228377 0.099135
0.229443 0.037444
0.229587 0.192962
0.230260 0.186128
0.234059 0.077324
0.235493 0.633790
0.237703 0.127269
0.237964 0.142277
0.240014 0.232518
0.241663 0.151269
0.242351 0.165754
0.244157 0.200864
0.244320 0.227492
0.245996 0.135659
0.246224 0.350939
0.248190 0.262968
0.250535 0.194415
0.251502 0.313436
0.253303 0.399454
0.253372 0.089367
0.257241 0.227005
0.258710 0.236467
0.258896 0.270555
0.260624 0.000000
0.262469 0.082722
0.267517 0.237456
0.268079 0.318696
0.268662 0.265562
0.269832 0.402844
0.270550 0.484344
0.273454 0.263113
0.273473 0.141009
0.276260 0.191892
0.277132 0.269606
0.279486 0.184471
0.280393 0.181750
0.281102 0.154333
0.282945 0.196914
0.283279 0.345852
0.284329 0.335569
0.286972 0.204772
0.287171 0.352342
0.287503 0.210358
0.292815 0.214238
0.292946 0.134634
0.293735 0.140016
0.293915 0.456043
0.296871 0.293698
0.296944 0.342465
0.299164 0.379836
0.300827 0.274773
0.302781 0.246985
0.303508 0.315070
0.303795 0.406553
0.303800 0.221671
0.305570 0.123979
0.306009 0.390085
0.306055 0.249941
0.306458 0.238749
0.306817 0.250607
0.306883 0.144736
0.308847 0.128973
0.312832 0.263510
0.313771 0.209832
0.315242 0.218102
0.315283 0.243705
0.315695 0.217423
0.316770 0.151585
0.317330 0.226630
0.319187 0.268777
0.319304 0.218413
0.319367 0.292341
0.319387 0.215152
0.319818 0.083066
0.322070 0.201988
0.322117 0.455283
0.323028 0.323618
0.324221 0.129397
0.325034 0.232281
0.325442 0.213929
0.326158 0.279507
0.328243 0.121271
0.328265 0.380990
0.328822 0.247786
0.329529 0.360412
0.330563 0.335801
0.331776 0.368152
0.332188 0.201122
0.332340 0.157636
0.332771 0.314281
0.334047 0.159859
0.334071 0.183554
0.334600 0.390353
0.334631 0.351224
0.335409 0.210453
0.335682 0.223498
0.335822 0.174718
0.336793 0.215902
0.337319 0.355071
0.341138 0.427507
0.342122 0.397016
0.342239 0.234041
0.343982 0.274276
0.344311 0.288643
0.345775 0.184627
0.346494 0.174987
0.347140 0.325268
0.349197 0.398429
0.350006 0.393998
0.350329 0.333243
0.352667 0.322145
0.352798 0.178274
0.353379 0.232691
0.353733 0.285527
0.353890 0.279530
0.355498 0.381104
0.355828 0.141251
0.355881 0.217492
0.356536 0.248900
0.356951 0.504883
0.358177 0.188804
0.358680 0.255836
0.358859 0.340360
0.361277 0.116668
0.362030 0.163765
0.362094 0.253467
0.362583 0.267413
0.362801 0.199822
0.363028 0.157134
0.363930 0.244309
0.365773 0.430681
0.366702 0.349440
0.367063 0.289704
0.369739 0.205016
0.371663 0.412490
0.372392 0.126216
0.372490 0.481049
0.372813 0.220577
0.373082 0.634076
0.373552 0.132385
0.373579 0.114762
0.374017 0.342112
0.374577 0.341952
0.374611 0.203701
0.375247 0.431150
0.377170 0.328427
0.377467 0.307924
0.377708 0.192349
0.378554 0.217158
0.379111 0.319739
0.379969 0.258267
0.380198 0.196182
0.381067 0.385733
0.381454 0.432977
0.382511 0.148823
0.383553 0.464133
0.384435 0.144017
0.385181 0.333938
0.385375 0.250103
0.385378 0.454213
0.385777 0.345720
0.385829 0.300404
0.385965 0.469360
0.386633 0.339018
0.387352 0.199250
0.387520 0.310579
0.388259 0.155858
0.388303 0.322958
0.388871 0.255418
0.389022 0.224712
0.389069 0.264089
0.389205 0.296303
0.391247 0.284822
0.391394 0.187007
0.391916 0.269637
0.392921 0.228707
0.393057 0.219950
0.393172 0.443011
0.393562 0.268765
0.394263 0.260389
0.394431 0.335246
0.396177 0.644318
0.396417 0.558666
0.396849 0.362619
0.397081 0.277409
0.397410 0.389328
0.397508 0.247026
0.398554 0.200594
0.398756 0.309155
0.399877 0.197420
0.399921 0.266683
0.400475 0.202696
0.400586 0.442516
0.400736 0.212265
0.400967 0.154455
0.402882 0.253240
0.403195 0.200044
0.404352 0.211074
0.404858 0.166267
0.405169 0.611193
0.406769 0.263021
0.407269 0.231729
0.407310 0.290290
0.407548 0.502335
0.407770 0.394702
0.408416 0.315130
0.408566 0.214176
0.409954 0.333788
0.409968 0.223765
0.410453 0.581463
0.411961 0.231435
0.412290 0.271178
0.413606 0.225328
0.413939 0.462473
0.414514 0.179863
0.414641 0.233218
0.415779 0.167221
0.415996 0.215061
0.416641 0.178636
0.416705 0.247376
0.417596 0.287927
0.417798 0.214670
0.419028 0.234596
0.419470 0.250943
0.421285 0.261147
0.421785 0.348336
0.421856 0.222589
0.423847 0.298991
0.423976 0.265922
0.424565 0.293023
0.424689 0.481340
0.426489 0.468413
0.426918 0.242371
0.427045 0.476756
0.430510 0.372489
0.432281 0.418784
0.432463 0.226059
0.433051 0.273755
0.433687 0.465499
0.433852 0.373170
0.434832 0.300962
0.435029 0.484122
0.435120 0.229658
0.435301 0.213414
0.435516 0.452214
0.435532 0.231096
0.435653 0.403003
0.435912 0.382126
0.436453 0.259958
0.436941 0.265449
0.437252 0.468267
0.437650 0.210820
0.438408 0.322001
0.438624 0.259781
0.438873 0.245571
0.438916 0.259889
0.439288 0.256798
0.439538 0.182199
0.439845 0.168191
0.440056 0.254970
0.440244 0.311212
0.440424 0.474868
0.440979 0.323517
0.441613 0.308572
0.441763 0.416301
0.442689 0.398735
0.443965 0.501425
0.444452 0.258264
0.444689 0.223246
0.445232 0.479015
0.446860 0.343917
0.449504 0.233986
0.449887 0.347918
0.450205 0.200457
0.450661 0.213289
0.450746 0.492476
0.452553 0.336713
0.452895 0.376795
0.454862 0.532205
0.455880 0.425836
0.455981 0.495462
0.457116 0.355513
0.457243 0.364296
0.457914 0.453582
0.457938 0.327025
0.459006 0.315794
0.459184 0.451023
0.459210 0.310821
0.459349 0.296217
0.459429 0.305251
0.459440 0.431141
0.459682 0.275872
0.459947 0.331646
0.460399 0.445964
0.461102 0.294206
0.461187 0.318499
0.461376 0.359989
0.461449 0.225290
0.461851 0.323435
0.462305 0.296386
0.462788 0.303257
0.464320 0.326857
0.464322 0.414679
0.464425 0.379564
0.466061 0.262455
0.466300 0.351095
0.466696 0.302626
0.466738 0.275733
0.467369 0.373776
0.467403 0.434555
0.468703 0.327424
0.469357 0.414383
0.469528 0.275612
0.469706 0.251160
0.470071 0.487967
0.470850 0.293432
0.471086 0.367784
0.471644 0.361172
0.472164 0.289867
0.472597 0.535800
0.473152 0.478351
0.474250 0.463727
0.474329 0.452381
0.474741 0.363754
0.474742 0.420196
0.474840 0.231666
0.475974 0.485512
0.476469 0.315806
0.476520 0.413899
0.476816 0.317188
0.476892 0.255238
0.477010 0.228760
0.478497 0.361834
0.478592 0.307184
0.478820 0.422557
0.480406 0.430565
0.480446 0.368357
0.480803 0.213354
0.482441 0.344235
0.482589 0.189605
0.484099 0.304367
0.484376 0.300909
0.485611 0.380296
0.485677 0.489308
0.486115 0.325591
0.486683 0.228900
0.487486 0.572527
0.488308 0.301316
0.488333 0.232734
0.488630 0.369948
0.489406 0.305842
0.489830 0.259313
0.490700 0.510146
0.491682 0.405259
0.491683 0.467985
0.492551 0.284338
0.492611 0.413039
0.493104 0.421663
0.493360 0.224745
0.494656 0.344599
0.494881 0.498932
0.495187 0.252058
0.495656 0.396158
0.495882 0.320973
0.496380 0.439689
0.496568 0.345344
0.497564 0.363205
0.497600 0.359756
0.498292 0.423571
0.500543 0.278071
0.500632 0.496496
0.501405 0.391603
0.501470 0.285440
0.502377 0.299343
0.502519 0.310379
0.502621 0.413167
0.502739 0.193080
0.502762 0.440885
0.502846 0.367897
0.502907 0.302982
0.503312 0.399325
0.503801 0.405663
0.504035 0.313477
0.504168 0.375866
0.504299 0.372513
0.505359 0.610565
0.506248 0.422528
0.506377 0.569319
0.506465 0.186010
0.507017 0.356072
0.507734 0.176472
0.507923 0.243760
0.508171 0.262619
0.508471 0.424173
0.508757 0.290923
0.508915 0.397875
0.510258 0.438780
0.510596 0.468591
0.510765 0.115094
0.511054 0.370135
0.511152 0.446094
0.512413 0.412012
0.512707 0.482762
0.512847 0.383384
0.514114 0.276366
0.514611 0.329142
0.516059 0.437447
0.516602 0.310511
0.518260 0.379019
0.518314 0.405762
0.518618 0.328255
0.518907 0.339874
0.519143 0.193903
0.519350 0.398607
0.519822 0.384917
0.520138 0.327904
0.521269 0.542166
0.521535 0.341281
0.521775 0.323769
0.522695 0.382446
0.524181 0.574009
0.524319 0.351276
0.525063 0.449567
0.525400 0.349277
0.525822 0.437157
0.525941 0.434123
0.526128 0.312576
0.526552 0.445711
0.526567 0.431421
0.526741 0.229285
0.526786 0.421312
0.527449 0.520581
0.527582 0.477945
0.528606 0.451107
0.528727 0.330023
0.528752 0.390472
0.529130 0.316657
0.530669 0.317926
0.530956 0.374978
0.532083 0.329537
0.532099 0.358322
0.532569 0.480943
0.534140 0.422348
0.534302 0.386901
0.534922 0.504846
0.535250 0.344260
0.535345 0.483092
0.535389 0.561229
0.536138 0.581906
0.536740 0.704382
0.538267 0.446723
0.538413 0.308203
0.538505 0.407588
0.538583 0.282795
0.539148 0.616483
0.539741 0.327005
0.541295 0.411641
0.543757 0.425153
0.544122 0.341141
0.544472 0.357705
0.546328 0.475495
0.546419 0.283301
0.546681 0.495147
0.546727 0.432286
0.547234 0.414977
0.547475 0.397217
0.547812 0.387307
0.548068 0.217438
0.548309 0.318680
0.548653 0.406344
0.548915 0.396184
0.549919 0.226163
0.550170 0.311611
0.550895 0.568089
0.551337 0.353017
0.551588 0.464764
0.551919 0.493680
0.552274 0.307280
0.552534 0.281946
0.552688 0.374723
0.552827 0.412960
0.553634 0.617261
0.553971 0.391243
0.554017 0.506369
0.554780 0.344897
0.555399 0.506969
0.555556 0.400091
0.555793 0.593146
0.556311 0.544145
0.556897 0.489555
0.557104 0.506331
0.557482 0.442555
0.558403 0.378752
0.558961 0.421083
0.559076 0.339466
0.559618 0.500118
0.559652 0.352889
0.559726 0.468850
0.560170 0.292981
0.560400 0.346566
0.560439 0.393111
0.560867 0.382583
0.561680 0.359598
0.562245 0.449223
0.562469 0.468461
0.563347 0.293816
0.564196 0.491845
0.565699 0.321711
0.565890 0.557638
0.565979 0.381579
0.567526 0.425472
0.567757 0.524940
0.569320 0.401114
0.569448 0.309635
0.569859 0.538186
0.570357 0.448100
0.572550 0.398244
0.572552 0.331650
0.573216 0.454329
0.573495 0.379364
0.573807 0.420978
0.574535 0.410623
0.574694 0.429294
0.575559 0.473800
0.575826 0.469823
0.576818 0.346316
0.576886 0.441618
0.577024 0.370372
0.578162 0.560025
0.578218 0.527105
0.578366 0.462547
0.578588 0.434518
0.579681 0.422790
0.580236 0.317137
0.580502 0.427572
0.580788 0.549084
0.581074 0.453221
0.581894 0.350954
0.582820 0.364040
0.582833 0.505229
0.584015 0.426399
0.584323 0.601329
0.584869 0.448029
0.585612 0.295837
0.585715 0.430221
0.585799 0.384794
0.585844 0.605608
0.587003 0.347678
0.587573 0.461193
0.588087 0.612426
0.588089 0.362984
0.588279 0.447579
0.589938 0.528071
0.590367 0.707059
0.590585 0.495137
0.590828 0.443923
0.591022 0.473964
0.592291 0.415278
0.592294 0.431218
0.592392 0.348414
0.592798 0.456056
0.592874 0.520544
0.593671 0.368411
0.593856 0.451512
0.594492 0.471033
0.594783 0.496909
0.594977 0.639836
0.594993 0.415775
0.595134 0.625059
0.595195 0.370693
0.595764 0.524869
0.595951 0.508254
0.596282 0.439434
0.596890 0.399299
0.597266 0.484111
0.597370 0.530323
0.597476 0.430035
0.597760 0.440332
0.597953 0.522442
0.598300 0.485962
0.599050 0.503662
0.599116 0.469262
0.599216 0.342526
0.602250 0.643995
0.602868 0.444853
0.603065 0.414229
0.603656 0.474703
0.605074 0.484796
0.605342 0.454484
0.606867 0.488697
0.607199 0.425688
0.607565 0.377133
0.608132 0.490910
0.608531 0.507199
0.609373 0.401131
0.610055 0.472166
0.610315 0.321669
0.611139 0.497140
0.612185 0.431813
0.612412 0.634760
0.612920 0.459569
0.613807 0.554402
0.615631 0.463890
0.615961 0.454782
0.616219 0.321848
0.616440 0.461315
0.617060 0.390238
0.617132 0.468403
0.617258 0.499076
0.617687 0.511293
0.618519 0.476654
0.618807 0.478142
0.618929 0.549794
0.619108 0.555306
0.619733 0.606529
0.620673 0.478327
0.621063 0.429182
0.621788 0.373549
0.622313 0.544676
0.624219 0.426118
0.624534 0.547049
0.624546 0.428483
0.625057 0.543177
0.625450 0.598457
0.626389 0.611398
0.626675 0.522744
0.626963 0.345702
0.627701 0.434295
0.627830 0.478547
0.628431 0.692745
0.628885 0.500617
0.628937 0.437903
0.630314 0.442630
0.630481 0.630404
0.631420 0.442926
0.631598 0.462655
0.631702 0.403415
0.631816 0.368070
0.633654 0.596825
0.635042 0.361644
0.635453 0.484773
0.635883 0.417385
0.636049 0.615259
0.637944 0.507442
0.637999 0.567584
0.638078 0.560621
0.638591 0.407255
0.639557 0.546165
0.640061 0.595386
0.640662 0.540207
0.640765 0.632721
0.641392 0.650059
0.642070 0.513729
0.643546 0.372505
0.643770 0.493849
0.643815 0.516970
0.644307 0.577959
0.644375 0.560393
0.645772 0.584554
0.646080 0.545191
0.646527 0.399134
0.646943 0.536152
0.647286 0.406125
0.647852 0.389343
0.648724 0.429731
0.649039 0.573436
0.649862 0.500614
0.650176 0.524752
0.650228 0.360560
0.650396 0.505029
0.650700 0.480506
0.651415 0.531824
0.651498 0.491507
0.652971 0.571645
0.653199 0.574681
0.653496 0.385287
0.656348 0.691679
0.656955 0.514717
0.657468 0.526348
0.657586 0.570026
0.658183 0.568447
0.658590 0.510559
0.659621 0.433368
0.659656 0.537053
0.659887 0.648387
0.661144 0.509607
0.661548 0.523961
0.661560 0.521756
0.662397 0.543870
0.663222 0.462074
0.664262 0.479147
0.664586 0.414013
0.665078 0.557121
0.665180 0.420086
0.665216 0.523639
0.665711 0.544920
0.665795 0.459830
0.667466 0.605859
0.667535 0.524915
0.667712 0.543738
0.667801 0.572418
0.668020 0.568703
0.668169 0.469152
0.668373 0.501074
0.668766 0.512475
0.668954 0.482944
0.669052 0.569803
0.669691 0.624173
0.673025 0.508747
0.674136 0.606210
0.675174 0.432147
0.675385 0.427872
0.675877 0.414029
0.676862 0.610267
0.678027 0.576645
0.678442 0.649910
0.678549 0.550926
0.680202 0.613781
0.680393 0.519064
0.680946 0.615997
0.681167 0.527914
0.684687 0.502842
0.684977 0.470512
0.686836 0.490698
0.687612 0.447672
0.688423 0.510871
0.688621 0.499217
0.688668 0.548869
0.689200 0.511150
0.689217 0.554842
0.689355 0.587697
0.691218 0.596486
0.692043 0.602513
0.692427 0.671369
0.693152 0.387266
0.694860 0.631903
0.694932 0.575059
0.696596 0.583443
0.697665 0.617390
0.698552 0.723441
0.698913 0.624268
0.698985 0.665295
0.699110 0.510098
0.699673 0.526611
0.701278 0.585261
0.702020 0.474029
0.702538 0.546704
0.703196 0.746126
0.705972 0.595996
0.706090 0.542101
0.706664 0.567114
0.707829 0.537785
0.707928 0.575770
0.708844 0.532081
0.712496 0.537946
0.716514 0.452753
0.717223 0.539402
0.717677 0.656018
0.717770 0.514676
0.717860 0.644350
0.718075 0.600548
0.718131 0.589298
0.718699 0.575261
0.718970 0.472460
0.719140 0.609422
0.719222 0.580867
0.720680 0.722883
0.724445 0.564474
0.724557 0.667753
0.725737 0.527256
0.727057 0.580632
0.727227 0.557284
0.727664 0.626388
0.728044 0.641698
0.728059 0.467359
0.729923 0.583815
0.730659 0.574296
0.731714 0.581093
0.732526 0.664255
0.732818 0.602494
0.733809 0.600844
0.733861 0.550238
0.734418 0.651143
0.735525 0.557117
0.736093 0.613483
0.739020 0.552462
0.739408 0.559623
0.740618 0.585063
0.741125 0.561975
0.742197 0.597008
0.742257 0.570920
0.745365 0.681626
0.749249 0.655552
0.749322 0.606877
0.749859 0.560707
0.750353 0.555876
0.751362 0.599971
0.751590 0.569774
0.754023 0.669520
0.754375 0.556845
0.758345 0.734187
0.758389 0.636474
0.758801 0.633811
0.759371 0.533852
0.763492 0.695864
0.764069 0.613530
0.765173 0.746350
0.765770 0.649641
0.768796 0.653115
0.769051 0.616571
0.770178 0.548956
0.771241 0.730759
0.776465 0.662289
0.776916 0.647815
0.780259 0.574631
0.781460 0.731154
0.784002 0.613234
0.787430 0.678683
0.787906 0.716815
0.787966 0.650631
0.788082 0.677879
0.791783 0.718001
0.794506 0.683507
0.796413 0.612358
0.798118 0.686651
0.800456 0.642369
0.802223 0.650925
0.807573 0.686092
0.809677 0.688775
0.809920 0.661237
0.811598 0.666047
0.811631 0.715552
0.813439 0.662662
0.815272 0.757285
0.822021 0.702527
0.827146 0.670753
0.830256 0.709098
0.831014 0.729383
0.831122 0.702359
0.838801 0.712372
0.841081 0.740391
0.841721 0.736702
0.844155 0.734446
0.846323 0.752230
0.846834 0.738090
0.851275 0.757350
0.854609 0.737791
0.855938 0.769760
0.857680 0.754724
0.860999 0.750627
0.867090 0.760644
0.881756 0.782462
0.889149 0.796587
0.902393 0.818007
0.903025 0.817481
0.903164 0.818147
0.918221 0.842678
0.923582 0.851422
0.935946 0.871270
0.950238 0.935059
0.966066 0.882577
0.968723 0.967914
0.979939 0.948531
1.000000 1.000000
