0.000000 0.987597
0.054430 0.989140
0.058601 0.988509
0.098522 0.984160
0.098613 0.983019
0.099123 1.000000
0.104105 0.996393
0.114324 0.989727
0.116889 0.989405
0.156372 0.987004
0.161687 0.990921
0.167846 0.996019
0.174348 0.992900
0.179197 0.998131
0.182768 0.994749
0.183875 0.984769
0.206390 0.992029
0.206832 0.969816
0.211187 0.988669
0.213589 0.993833
0.219286 0.970028
0.240887 0.963167
0.241471 0.984004
0.241932 0.990763
0.242117 0.974920
0.243675 0.979700
0.245746 0.964788
0.246362 0.991997
0.259265 0.981110
0.261050 0.978592
0.265997 0.976604
0.266806 0.966522
0.267832 0.975321
0.272781 0.987930
0.276589 0.954336
0.283361 0.980349
0.283451 0.979484
0.284621 0.975970
0.293270 0.962242
0.296227 0.978608
0.303035 0.966104
0.310145 0.980505
0.313233 0.982741
0.314123 0.977140
0.319512 0.979867
0.322025 0.977329
0.325949 0.968985
0.329388 0.984152
0.330686 0.977532
0.330763 0.959852
0.334352 0.979885
0.335748 0.970399
0.336686 0.957469
0.340204 0.977090
0.342056 0.953904
0.343670 0.956955
0.344547 0.909049
0.348592 0.926197
0.350331 0.968046
0.353958 0.973637
0.356696 0.964914
0.358241 0.958734
0.360368 0.985452
0.362761 0.959985
0.363812 0.972194
0.370478 0.961185
0.374761 0.962216
0.378343 0.959258
0.379669 0.981317
0.386710 0.920089
0.392698 0.947035
0.397764 0.973570
0.397798 0.973527
0.398019 0.976246
0.400484 0.956554
0.402993 0.894126
0.403101 0.962301
0.412245 0.955069
0.413448 0.931778
0.414472 0.954313
0.420548 0.932729
0.423299 0.957631
0.425217 0.958357
0.430530 0.956383
0.433538 0.945828
0.437049 0.939995
0.437241 0.958171
0.437283 0.931507
0.438634 0.953578
0.442614 0.962817
0.447809 0.939940
0.448491 0.947318
0.448695 0.889669
0.452712 0.955068
0.452934 0.948848
0.453771 0.937872
0.453956 0.925724
0.454175 0.939846
0.454204 0.914758
0.458218 0.936534
0.460544 0.951623
0.461982 0.928543
0.462293 0.926782
0.465841 0.938526
0.466254 0.969687
0.466336 0.953397
0.468856 0.965954
0.471304 0.929648
0.473710 0.950002
0.474086 0.923750
0.474592 0.903917
0.474792 0.942120
0.475881 0.930685
0.477353 0.890597
0.480279 0.918416
0.480846 0.921050
0.486468 0.955097
0.487615 0.940676
0.490069 0.911128
0.495117 0.948033
0.496568 0.897928
0.502206 0.914233
0.502476 0.909846
0.503047 0.921806
0.505281 0.947130
0.515957 0.890202
0.517131 0.895016
0.518950 0.884279
0.519668 0.893914
0.519902 0.942793
0.520768 0.898448
0.524688 0.944321
0.527029 0.938070
0.530024 0.921695
0.532474 0.874100
0.533455 0.938536
0.533663 0.941771
0.534063 0.916211
0.545022 0.919074
0.547795 0.895981
0.548244 0.922740
0.548674 0.875324
0.557267 0.883210
0.559356 0.916797
0.565751 0.932030
0.565789 0.888944
0.568461 0.887576
0.568945 0.914130
0.572129 0.890762
0.575353 0.902560
0.576064 0.866257
0.576290 0.908485
0.579286 0.870963
0.580789 0.871573
0.581318 0.915834
0.582400 0.779710
0.583062 0.915447
0.583370 0.856181
0.585229 0.916406
0.586555 0.845541
0.587962 0.888989
0.591251 0.875479
0.591903 0.830291
0.592773 0.828942
0.593419 0.898791
0.596193 0.910137
0.601146 0.861096
0.605662 0.895327
0.607343 0.905042
0.608294 0.909523
0.612292 0.855683
0.619060 0.884803
0.619303 0.741353
0.620791 0.852168
0.621198 0.859249
0.621571 0.881554
0.632832 0.790380
0.632869 0.770749
0.634440 0.820573
0.635782 0.787036
0.637432 0.866970
0.639592 0.856988
0.643261 0.851729
0.646922 0.801617
0.647534 0.848047
0.649223 0.791018
0.649660 0.849899
0.650203 0.882344
0.652319 0.799133
0.654493 0.863812
0.656068 0.823763
0.658763 0.771555
0.660757 0.820630
0.667100 0.811767
0.670724 0.867558
0.674731 0.832785
0.675005 0.758842
0.676852 0.775523
0.681429 0.792216
0.688450 0.844883
0.690941 0.765142
0.693566 0.821569
0.702563 0.836431
0.715793 0.746497
0.726359 0.806148
0.741597 0.793611
0.743930 0.760418
0.745427 0.757513
0.746580 0.646564
0.751974 0.731876
0.752725 0.732932
0.753684 0.740698
0.755739 0.772627
0.756227 0.656868
0.761570 0.734109
0.770805 0.741188
0.785898 0.711941
0.795744 0.673975
0.800280 0.584339
0.814712 0.537815
0.824284 0.544207
0.891302 0.394936
0.891950 0.412278
1.000000 0.000000
