0.000000 0.985442
0.009512 0.993862
0.067908 0.991122
0.068010 0.990677
0.070787 0.982848
0.072567 0.990282
0.086172 0.986756
0.087683 1.000000
0.094890 0.986323
0.106439 0.989551
0.108626 0.956446
0.109737 0.959975
0.111207 0.982005
0.111568 0.966254
0.122077 0.978766
0.124277 0.981008
0.129229 0.974560
0.134033 0.919827
0.140059 0.920290
0.145782 0.990444
0.147804 0.954989
0.149762 0.936895
0.158003 0.952346
0.166019 0.958909
0.169044 0.976894
0.171417 0.950191
0.177415 0.986818
0.178119 0.975984
0.181274 0.951746
0.184942 0.985434
0.186341 0.956524
0.186685 0.955146
0.187409 0.990674
0.190451 0.928658
0.191213 0.989586
0.191384 0.971245
0.199216 0.961012
0.204833 0.963496
0.206587 0.962965
0.209887 0.985983
0.210870 0.988036
0.211712 0.976130
0.213127 0.990013
0.215064 0.952910
0.215872 0.934133
0.222291 0.978220
0.222901 0.967367
0.224281 0.976753
0.225127 0.894029
0.225377 0.957737
0.228481 0.982098
0.230828 0.968654
0.233096 0.980187
0.233168 0.977363
0.234559 0.918517
0.235213 0.956872
0.237167 0.960808
0.237604 0.957706
0.238091 0.984164
0.239206 0.962354
0.239670 0.946766
0.241547 0.920104
0.245236 0.961677
0.246308 0.965794
0.249662 0.976178
0.254168 0.932484
0.259288 0.940558
0.259457 0.972500
0.260588 0.965072
0.261662 0.950488
0.261858 0.948151
0.262142 0.946784
0.264146 0.931356
0.264471 0.964442
0.264800 0.969187
0.267501 0.977854
0.269003 0.929654
0.271751 0.935479
0.271964 0.936834
0.277713 0.906326
0.278646 0.977930
0.279569 0.920659
0.279910 0.977380
0.281963 0.971407
0.282292 0.949918
0.283985 0.940962
0.284692 0.974864
0.285154 0.963429
0.286013 0.897827
0.286828 0.945103
0.286975 0.961279
0.287031 0.952050
0.287141 0.950673
0.289421 0.945702
0.289941 0.954440
0.290287 0.959837
0.292242 0.954838
0.293330 0.923504
0.295110 0.950791
0.295746 0.923903
0.296130 0.964810
0.297009 0.946871
0.297424 0.932985
0.297476 0.930680
0.299218 0.936977
0.299530 0.968701
0.299623 0.957464
0.300724 0.966010
0.302237 0.942667
0.303023 0.936826
0.304202 0.965800
0.304320 0.923914
0.304972 0.968326
0.305802 0.945327
0.306291 0.944658
0.307438 0.968081
0.308006 0.964950
0.308756 0.930567
0.309881 0.969980
0.310532 0.904367
0.310832 0.932313
0.311435 0.971078
0.313300 0.952574
0.315344 0.950020
0.316381 0.969227
0.317447 0.931284
0.318749 0.944935
0.318904 0.963761
0.319046 0.938282
0.319144 0.930078
0.319359 0.949009
0.320201 0.950623
0.321122 0.938628
0.321750 0.929925
0.321815 0.970851
0.321866 0.964539
0.322526 0.930490
0.323289 0.908786
0.323398 0.937788
0.323983 0.913834
0.326261 0.941882
0.326847 0.933560
0.326870 0.916235
0.327012 0.945343
0.327463 0.913792
0.327931 0.937190
0.328720 0.954773
0.331156 0.939932
0.331501 0.949087
0.331967 0.888277
0.332006 0.972972
0.332246 0.906722
0.334946 0.958472
0.335302 0.799816
0.335490 0.945866
0.336061 0.929457
0.336200 0.973073
0.337966 0.928693
0.338191 0.914976
0.338882 0.938557
0.339026 0.919215
0.339123 0.928746
0.339947 0.963209
0.340752 0.957066
0.342723 0.914645
0.343567 0.943424
0.345961 0.928853
0.347047 0.904538
0.347575 0.931627
0.347749 0.963252
0.349785 0.935116
0.350484 0.926159
0.350904 0.918085
0.351457 0.905888
0.351762 0.947456
0.352079 0.893529
0.352463 0.955802
0.355023 0.899009
0.355564 0.920893
0.356284 0.896388
0.357306 0.912458
0.358359 0.927678
0.360707 0.916085
0.361438 0.900089
0.361669 0.905666
0.361972 0.921967
0.365470 0.945117
0.366695 0.911684
0.366979 0.953475
0.367437 0.927705
0.367607 0.930032
0.367791 0.917693
0.368730 0.887393
0.371298 0.940322
0.371355 0.969840
0.372095 0.913752
0.372272 0.897953
0.372604 0.932142
0.373135 0.907275
0.373151 0.954404
0.373189 0.924921
0.373238 0.877054
0.373330 0.935633
0.373775 0.947687
0.373965 0.896607
0.374179 0.947555
0.374267 0.944366
0.375343 0.918982
0.376421 0.918489
0.376550 0.906624
0.376707 0.955034
0.377326 0.948958
0.378424 0.910404
0.378622 0.886490
0.379298 0.943208
0.379444 0.944394
0.380383 0.906073
0.381075 0.950632
0.382542 0.937243
0.383215 0.929098
0.383429 0.919113
0.383584 0.916438
0.383786 0.943458
0.384324 0.859167
0.384534 0.894645
0.386048 0.930623
0.386357 0.925087
0.386545 0.906391
0.387577 0.964386
0.387829 0.840937
0.389545 0.899937
0.390443 0.913802
0.391944 0.949214
0.393945 0.933406
0.395006 0.943615
0.395318 0.907570
0.395514 0.923842
0.397273 0.808397
0.397322 0.880586
0.397362 0.919958
0.397490 0.915526
0.397641 0.912155
0.398235 0.934621
0.398932 0.929106
0.399015 0.856858
0.400527 0.948022
0.400823 0.915652
0.401061 0.904709
0.404196 0.925504
0.405161 0.897654
0.405995 0.960983
0.406097 0.881645
0.406723 0.931225
0.406733 0.918711
0.407161 0.914493
0.407399 0.938119
0.408487 0.885664
0.408565 0.914802
0.410691 0.907573
0.411235 0.889426
0.411688 0.900956
0.412024 0.935709
0.412106 0.865168
0.412936 0.874381
0.414573 0.955866
0.415021 0.932452
0.416233 0.920132
0.416512 0.911466
0.416645 0.940958
0.417625 0.909118
0.417723 0.898304
0.417739 0.874851
0.417744 0.921490
0.417765 0.911452
0.418532 0.942364
0.419235 0.905838
0.419432 0.926935
0.420089 0.931494
0.420190 0.923310
0.420776 0.894074
0.420982 0.921088
0.421818 0.920193
0.422230 0.918021
0.422785 0.918120
0.423798 0.922603
0.424529 0.897738
0.425396 0.940250
0.425498 0.931584
0.425785 0.887578
0.426981 0.885774
0.427285 0.899443
0.427694 0.933449
0.428379 0.904260
0.429529 0.909924
0.429734 0.871685
0.429863 0.888490
0.429938 0.920492
0.430418 0.917067
0.430541 0.906169
0.430574 0.914101
0.431437 0.891847
0.432784 0.861827
0.432930 0.924296
0.434297 0.906949
0.434515 0.894979
0.434574 0.896582
0.434635 0.923562
0.434955 0.947463
0.436678 0.870289
0.437208 0.803420
0.438871 0.943492
0.439189 0.886450
0.439344 0.878538
0.439720 0.864053
0.441193 0.920729
0.441266 0.880133
0.441291 0.915879
0.441301 0.890450
0.442559 0.920884
0.442669 0.916395
0.443043 0.922340
0.443135 0.902017
0.443850 0.948101
0.444048 0.936449
0.444555 0.907791
0.444577 0.886347
0.444769 0.894570
0.445157 0.872677
0.445247 0.925214
0.445279 0.897516
0.445570 0.921120
0.446476 0.898983
0.446882 0.919795
0.446997 0.944396
0.447319 0.869878
0.447395 0.922641
0.447767 0.890308
0.448198 0.879634
0.448741 0.897841
0.449898 0.915313
0.450030 0.842816
0.450037 0.921597
0.450211 0.923222
0.450771 0.923386
0.451382 0.873304
0.451613 0.915791
0.451617 0.895088
0.451771 0.944271
0.451860 0.898788
0.452259 0.886043
0.454225 0.918217
0.454332 0.921331
0.455423 0.873161
0.455635 0.897237
0.456026 0.850664
0.456507 0.845831
0.456883 0.885361
0.457885 0.919147
0.457937 0.899875
0.459073 0.906445
0.459508 0.899643
0.460793 0.914248
0.461393 0.937106
0.461491 0.901793
0.462300 0.838000
0.463335 0.883109
0.463457 0.899528
0.464574 0.878600
0.465512 0.834675
0.465859 0.853113
0.467116 0.920066
0.467559 0.910064
0.467753 0.895892
0.467893 0.878067
0.468305 0.869471
0.468315 0.861948
0.468414 0.931915
0.468617 0.891734
0.469455 0.917092
0.470202 0.894512
0.470219 0.857591
0.470401 0.898595
0.470422 0.876993
0.470957 0.887337
0.472390 0.888897
0.473213 0.867431
0.473472 0.897155
0.473600 0.900728
0.474752 0.945539
0.474819 0.859774
0.476267 0.943319
0.476772 0.928860
0.476822 0.896716
0.476947 0.887783
0.477296 0.909920
0.477958 0.925681
0.478019 0.877124
0.478818 0.872446
0.479030 0.846404
0.480272 0.920065
0.480971 0.920555
0.481334 0.869350
0.481678 0.877294
0.481852 0.912977
0.482627 0.885596
0.482911 0.891966
0.483145 0.850118
0.483235 0.871367
0.484367 0.847190
0.484818 0.878806
0.486670 0.933855
0.488809 0.863884
0.488981 0.890308
0.489449 0.873611
0.490310 0.894154
0.490393 0.861651
0.491124 0.838939
0.491316 0.910976
0.491511 0.876436
0.491648 0.874770
0.491676 0.898025
0.492430 0.902102
0.493138 0.850685
0.493456 0.903162
0.494062 0.904280
0.494400 0.862090
0.494939 0.906519
0.495231 0.857298
0.495523 0.792069
0.495578 0.854051
0.495625 0.809799
0.495651 0.843446
0.495705 0.862642
0.495892 0.795003
0.496149 0.840528
0.496357 0.900047
0.496522 0.888261
0.496673 0.868313
0.498051 0.874729
0.498991 0.821665
0.499281 0.857242
0.499610 0.872475
0.500058 0.857170
0.500106 0.880843
0.501059 0.921013
0.501129 0.875870
0.501933 0.898406
0.503255 0.891983
0.503277 0.868408
0.503668 0.920527
0.503921 0.864923
0.504825 0.845670
0.505318 0.905357
0.505390 0.876522
0.505763 0.817935
0.506306 0.834239
0.506462 0.881827
0.507262 0.896148
0.508376 0.886948
0.508563 0.890135
0.508925 0.834686
0.510403 0.846294
0.512438 0.828427
0.513143 0.825511
0.513665 0.838449
0.514047 0.916324
0.514651 0.849409
0.514781 0.897779
0.514788 0.849610
0.515183 0.855394
0.515509 0.798537
0.516388 0.898860
0.516585 0.812694
0.516632 0.871843
0.517093 0.918240
0.517405 0.881359
0.517709 0.854562
0.517934 0.889528
0.518374 0.871080
0.519426 0.829272
0.519466 0.786322
0.519846 0.890656
0.520169 0.825365
0.521107 0.872848
0.521183 0.803994
0.521600 0.867518
0.522425 0.845489
0.522632 0.845197
0.523208 0.860487
0.523859 0.871537
0.524088 0.870158
0.524627 0.884679
0.524972 0.902429
0.527464 0.826411
0.527765 0.867354
0.528273 0.835137
0.528314 0.795106
0.528652 0.860393
0.528703 0.829596
0.529022 0.854564
0.530985 0.838592
0.531231 0.882937
0.531574 0.863746
0.531967 0.840350
0.531990 0.863687
0.532221 0.885706
0.532689 0.890455
0.533175 0.832313
0.533310 0.869640
0.533833 0.829316
0.536203 0.845394
0.536402 0.842250
0.536609 0.846455
0.537039 0.777759
0.537458 0.884074
0.537837 0.841396
0.537960 0.843566
0.539026 0.820877
0.539162 0.834100
0.539691 0.888281
0.539739 0.878025
0.539774 0.881868
0.539871 0.814757
0.541124 0.799254
0.541180 0.841849
0.542090 0.877175
0.542601 0.848834
0.544614 0.749841
0.545300 0.843539
0.545455 0.854413
0.546276 0.862018
0.546384 0.906464
0.547433 0.861867
0.547827 0.900957
0.547851 0.853252
0.548355 0.842710
0.550296 0.856761
0.550960 0.833409
0.551020 0.843111
0.551333 0.884898
0.552340 0.835562
0.552400 0.856938
0.553303 0.880767
0.553684 0.803756
0.553832 0.856724
0.553971 0.840818
0.554789 0.818601
0.554864 0.838305
0.555271 0.847765
0.555569 0.859639
0.555666 0.764270
0.558431 0.864905
0.558816 0.831935
0.559317 0.838713
0.559514 0.881186
0.559582 0.874294
0.559677 0.831382
0.560562 0.838332
0.560637 0.846445
0.561186 0.876309
0.562218 0.836966
0.562715 0.840907
0.563631 0.872617
0.564192 0.802676
0.566156 0.804819
0.566724 0.812172
0.568168 0.847684
0.569017 0.864079
0.569765 0.821100
0.570825 0.868945
0.571413 0.827772
0.571462 0.769628
0.571984 0.847798
0.572356 0.820517
0.572697 0.846268
0.572805 0.825995
0.573059 0.853166
0.573352 0.872176
0.575308 0.831709
0.575428 0.820503
0.576051 0.841062
0.576115 0.841554
0.576309 0.827996
0.576783 0.758648
0.577347 0.783326
0.577735 0.823064
0.579123 0.820543
0.579461 0.837526
0.579693 0.842262
0.581594 0.774007
0.581723 0.773413
0.581928 0.782086
0.582163 0.808212
0.582223 0.851796
0.582390 0.851810
0.582717 0.866647
0.583034 0.838926
0.583251 0.789119
0.583639 0.855596
0.584542 0.813763
0.585065 0.814521
0.586649 0.779160
0.587768 0.830955
0.588198 0.851337
0.588584 0.797396
0.589251 0.798902
0.590035 0.827586
0.590243 0.711171
0.590918 0.860712
0.591334 0.827119
0.591504 0.748863
0.592169 0.831571
0.594284 0.766868
0.594743 0.847920
0.594783 0.791218
0.596004 0.777390
0.596282 0.783939
0.596319 0.786610
0.596483 0.830332
0.596488 0.848914
0.599062 0.794153
0.599900 0.804559
0.599925 0.833951
0.600088 0.777967
0.602334 0.801466
0.602892 0.782619
0.604500 0.800118
0.605028 0.801165
0.605169 0.837377
0.605449 0.841745
0.605487 0.843487
0.607071 0.721850
0.607227 0.799456
0.607299 0.787334
0.607329 0.861871
0.608955 0.826724
0.609047 0.828725
0.609929 0.804244
0.610226 0.836455
0.610766 0.813855
0.611496 0.835866
0.612200 0.688726
0.613320 0.806372
0.613416 0.832767
0.613612 0.796949
0.613862 0.823810
0.614194 0.809419
0.614372 0.793522
0.614562 0.823395
0.615557 0.793169
0.616094 0.803964
0.616172 0.800461
0.617102 0.769148
0.617509 0.837425
0.617784 0.849904
0.618134 0.728516
0.618322 0.780727
0.618384 0.771731
0.618599 0.698600
0.618838 0.773878
0.619631 0.821672
0.619699 0.790650
0.619714 0.814093
0.619940 0.784412
0.620043 0.821126
0.621712 0.737223
0.622114 0.744898
0.623762 0.834069
0.623871 0.807302
0.624123 0.746829
0.625194 0.804986
0.625211 0.832482
0.625266 0.801920
0.626521 0.759538
0.627015 0.810690
0.627627 0.788039
0.628312 0.787637
0.628554 0.765995
0.629536 0.780521
0.629911 0.781616
0.630156 0.771531
0.630388 0.823837
0.630437 0.822395
0.631288 0.786475
0.631437 0.758319
0.632128 0.748020
0.633875 0.750982
0.636231 0.768102
0.636483 0.770882
0.637811 0.758712
0.639084 0.777713
0.640503 0.823786
0.642239 0.765360
0.642846 0.795042
0.643857 0.716248
0.646299 0.728236
0.650333 0.782182
0.651459 0.718613
0.651506 0.716364
0.651670 0.804967
0.652511 0.783836
0.653529 0.792080
0.654025 0.828193
0.654086 0.776760
0.654321 0.763079
0.654471 0.787008
0.654586 0.783872
0.655656 0.815426
0.656020 0.746096
0.657658 0.763037
0.658171 0.744211
0.660015 0.740543
0.660422 0.758384
0.662001 0.742871
0.663538 0.743682
0.666384 0.736275
0.666553 0.798913
0.669031 0.716714
0.669994 0.726236
0.670169 0.736630
0.670260 0.739066
0.670432 0.771304
0.671110 0.739899
0.671281 0.765364
0.672799 0.711957
0.673385 0.705007
0.673608 0.712548
0.673695 0.680597
0.674023 0.761855
0.674736 0.794474
0.674957 0.705937
0.675123 0.784471
0.675250 0.811007
0.677424 0.691035
0.677742 0.732510
0.678247 0.712204
0.679385 0.789060
0.680035 0.751276
0.682277 0.699119
0.682558 0.678784
0.683326 0.778768
0.684340 0.750011
0.684374 0.782850
0.684836 0.686612
0.686789 0.759917
0.687022 0.735381
0.687605 0.702614
0.688755 0.721577
0.690561 0.718414
0.691568 0.761229
0.692140 0.768948
0.692167 0.719607
0.692309 0.700753
0.692420 0.695285
0.693968 0.704860
0.694048 0.799386
0.694222 0.718209
0.696822 0.778166
0.697519 0.734240
0.698045 0.739512
0.700898 0.650522
0.703272 0.742284
0.703888 0.653325
0.705238 0.738440
0.707047 0.669541
0.707680 0.717534
0.709594 0.685329
0.713933 0.653679
0.716592 0.699621
0.716799 0.659372
0.716951 0.708249
0.719696 0.711075
0.720575 0.702736
0.720787 0.706375
0.721175 0.639982
0.721353 0.629332
0.721999 0.688957
0.723681 0.639951
0.728279 0.681452
0.728493 0.701624
0.730692 0.661866
0.730712 0.665800
0.730714 0.674662
0.733978 0.686575
0.734767 0.700004
0.737258 0.658251
0.739277 0.651033
0.740294 0.653691
0.741701 0.647757
0.746126 0.692194
0.748753 0.652071
0.748757 0.692067
0.749076 0.703511
0.753687 0.640931
0.754963 0.684041
0.755748 0.691293
0.757138 0.616918
0.758104 0.633447
0.763730 0.584411
0.764522 0.618916
0.765742 0.579627
0.775720 0.614360
0.776164 0.585268
0.780183 0.602047
0.786317 0.612660
0.786833 0.587803
0.788008 0.610881
0.788823 0.600806
0.789229 0.579975
0.792922 0.618151
0.798030 0.555329
0.798221 0.532650
0.799334 0.522381
0.799795 0.561492
0.802382 0.582277
0.810343 0.580519
0.815241 0.560406
0.816359 0.552105
0.817759 0.533103
0.818771 0.553370
0.821118 0.549674
0.822235 0.523201
0.828690 0.516541
0.829982 0.553328
0.831066 0.464444
0.840617 0.481496
0.844351 0.508105
0.846382 0.483974
0.848081 0.493833
0.860693 0.457835
0.863927 0.436540
0.865427 0.446920
0.885468 0.418759
0.904150 0.364921
0.983471 0.096081
1.000000 0.000000
