0.000000 0.765821
0.011520 0.654342
0.016157 1.000000
0.024265 0.851367
0.027504 0.872920
0.033766 0.594952
0.034206 0.663009
0.037027 0.663751
0.037160 0.648592
0.039115 0.515688
0.040967 0.746194
0.042079 0.648710
0.046043 0.844303
0.046350 0.473103
0.046956 0.615592
0.047442 0.494925
0.052803 0.809880
0.053206 0.718445
0.054656 0.511946
0.058144 0.874583
0.058966 0.553229
0.064384 0.551508
0.066379 0.534007
0.069584 0.551018
0.070791 0.602027
0.072834 0.429993
0.077313 0.395087
0.081883 0.560869
0.082279 0.717163
0.083232 0.637571
0.084795 0.560129
0.086289 0.451262
0.088590 0.778427
0.088820 0.730725
0.091813 0.438266
0.092975 0.388262
0.095550 0.502840
0.097436 0.674106
0.098447 0.346114
0.101973 0.628266
0.103534 0.427079
0.103586 0.356876
0.103979 0.619770
0.105350 0.598979
0.105824 0.424252
0.107804 0.743958
0.108469 0.659585
0.113766 0.335515
0.117724 0.473164
0.120772 0.549573
0.121204 0.500750
0.121585 0.492592
0.121635 0.679300
0.121827 0.704753
0.122153 0.278040
0.124568 0.506278
0.128658 0.326765
0.130585 0.524129
0.131720 0.330549
0.132242 0.423339
0.133731 0.372893
0.134868 0.485498
0.135234 0.311447
0.135255 0.358726
0.135890 0.403517
0.135961 0.434337
0.136054 0.341872
0.136223 0.354560
0.139468 0.464446
0.142551 0.234777
0.143270 0.665177
0.143351 0.572792
0.145128 0.333936
0.147074 0.379243
0.147640 0.407056
0.147722 0.650504
0.148052 0.366786
0.149144 0.555887
0.149713 0.375973
0.150027 0.460037
0.150050 0.556128
0.150499 0.532526
0.150601 0.285422
0.150624 0.458876
0.151820 0.252702
0.152254 0.512223
0.154567 0.537686
0.154976 0.299712
0.156999 0.512824
0.157170 0.367630
0.158248 0.642153
0.158317 0.385847
0.158477 0.241503
0.159526 0.354931
0.159781 0.329914
0.161149 0.352579
0.161679 0.356590
0.161970 0.453062
0.162886 0.539141
0.163007 0.394872
0.164369 0.325995
0.165296 0.217601
0.165382 0.329726
0.165931 0.590156
0.166577 0.614283
0.166731 0.630174
0.169219 0.482968
0.170115 0.501250
0.170358 0.642393
0.170810 0.353215
0.170995 0.340372
0.171953 0.305927
0.172089 0.226619
0.173574 0.431422
0.175988 0.177323
0.176316 0.423375
0.178100 0.224120
0.178220 0.330556
0.179591 0.572389
0.180002 0.218367
0.180793 0.589133
0.182359 0.465099
0.184128 0.464347
0.185131 0.269759
0.186173 0.555565
0.186208 0.460755
0.186583 0.514810
0.186833 0.313672
0.187926 0.536843
0.188776 0.264718
0.189887 0.378293
0.189902 0.278089
0.190724 0.296433
0.193019 0.159539
0.193776 0.187015
0.194015 0.237913
0.194993 0.316035
0.195235 0.566090
0.196438 0.394830
0.198559 0.179120
0.199164 0.197992
0.199308 0.443118
0.201379 0.409657
0.201639 0.388948
0.203001 0.558682
0.203251 0.273995
0.204453 0.238226
0.204820 0.410476
0.204917 0.441226
0.204954 0.452003
0.207128 0.557292
0.207527 0.295389
0.207650 0.566637
0.208568 0.445290
0.211132 0.595717
0.211137 0.520483
0.211153 0.509934
0.213015 0.186202
0.214007 0.500267
0.215342 0.252545
0.215711 0.396343
0.217185 0.433740
0.217245 0.159964
0.217466 0.569270
0.217516 0.564262
0.218072 0.350395
0.219070 0.378255
0.219540 0.491205
0.220100 0.170613
0.220316 0.163532
0.221267 0.286745
0.221302 0.407823
0.221817 0.390082
0.221826 0.567701
0.222355 0.530906
0.223255 0.365274
0.223379 0.404137
0.224916 0.453524
0.225160 0.407491
0.225665 0.181680
0.226365 0.517281
0.227690 0.413102
0.230260 0.258456
0.232394 0.443519
0.232747 0.113908
0.232830 0.284449
0.233453 0.260336
0.233613 0.455199
0.233897 0.514470
0.233965 0.263118
0.236056 0.269988
0.236143 0.568704
0.236431 0.222726
0.237177 0.174629
0.237911 0.261204
0.238263 0.377167
0.238298 0.441018
0.238760 0.090283
0.238801 0.392987
0.239432 0.351347
0.239899 0.156375
0.240182 0.559574
0.242872 0.499084
0.243565 0.465536
0.246311 0.134235
0.246554 0.287192
0.246630 0.439900
0.246837 0.487121
0.248050 0.306524
0.248152 0.336205
0.248497 0.177268
0.249379 0.391950
0.249495 0.209893
0.249869 0.239926
0.250196 0.228165
0.250989 0.555502
0.251281 0.283478
0.252505 0.416716
0.252769 0.085530
0.252926 0.438986
0.253755 0.511614
0.254024 0.076856
0.254231 0.148945
0.254658 0.353360
0.254876 0.437608
0.255914 0.406229
0.256815 0.418437
0.257481 0.332960
0.257945 0.157787
0.259278 0.333287
0.259765 0.192525
0.260031 0.372105
0.260759 0.285931
0.261263 0.415210
0.262229 0.139616
0.262663 0.531765
0.263370 0.536764
0.263947 0.252623
0.264197 0.443472
0.264946 0.467077
0.265210 0.486600
0.265545 0.107234
0.267593 0.476380
0.267624 0.492554
0.268072 0.162413
0.268678 0.459760
0.271720 0.169008
0.272550 0.158764
0.272753 0.304911
0.273099 0.317791
0.275001 0.325262
0.276287 0.156490
0.276598 0.105813
0.277010 0.247637
0.280178 0.320632
0.280310 0.346561
0.280933 0.049560
0.281260 0.123170
0.281492 0.254065
0.283068 0.361395
0.283102 0.072268
0.283593 0.425322
0.283667 0.103184
0.283678 0.327541
0.284502 0.057417
0.284599 0.361992
0.285441 0.210487
0.287030 0.153504
0.287966 0.084315
0.288543 0.229200
0.288754 0.183337
0.290164 0.106815
0.292394 0.042877
0.292581 0.111598
0.292906 0.377942
0.293596 0.137203
0.294727 0.198148
0.297483 0.210475
0.298768 0.457966
0.299320 0.290111
0.299821 0.423125
0.300414 0.339065
0.301400 0.184506
0.301879 0.170840
0.303003 0.442575
0.303361 0.083329
0.303833 0.453135
0.304443 0.029197
0.305172 0.420172
0.306176 0.431793
0.307417 0.476823
0.307838 0.465724
0.308208 0.048358
0.309753 0.339748
0.311004 0.390318
0.311211 0.227004
0.311923 0.403818
0.312517 0.402270
0.314281 0.353944
0.315665 0.413817
0.317201 0.058704
0.317487 0.316195
0.317639 0.084652
0.317946 0.339136
0.318859 0.081338
0.320679 0.104225
0.322047 0.479543
0.323796 0.373924
0.324242 0.475181
0.325846 0.221498
0.325986 0.419391
0.326754 0.164775
0.326939 0.319759
0.327106 0.514024
0.327884 0.061608
0.329162 0.033741
0.329563 0.102084
0.332075 0.253726
0.332125 0.467789
0.332725 0.272054
0.333305 0.316882
0.334892 0.296755
0.335150 0.287737
0.335457 0.186409
0.336136 0.070333
0.337734 0.340792
0.338084 0.467776
0.338712 0.313727
0.339118 0.396465
0.342494 0.431191
0.342877 0.495063
0.343767 0.268066
0.344143 0.462845
0.345095 0.257224
0.345842 0.417750
0.347353 0.224529
0.348118 0.246690
0.349176 0.415253
0.353218 0.225011
0.355257 0.154572
0.357374 0.425007
0.357464 0.255147
0.360101 0.434224
0.361500 0.472467
0.363411 0.294563
0.364541 0.131817
0.364910 0.410498
0.366179 0.192298
0.367539 0.220134
0.367580 0.006552
0.368316 0.007683
0.369730 0.178486
0.369757 0.203391
0.370924 0.430224
0.371626 0.091261
0.372466 0.138070
0.373213 0.186717
0.373240 0.310403
0.374144 0.007982
0.374405 0.360253
0.374685 0.408253
0.376867 0.258232
0.378472 0.341955
0.382616 0.106683
0.383821 0.155508
0.385146 0.307640
0.385410 0.380587
0.386263 0.146450
0.386465 0.446873
0.388126 0.180342
0.388376 0.326357
0.388712 0.458202
0.388896 0.202616
0.389211 0.483037
0.389983 0.238297
0.390228 0.172731
0.390688 0.055743
0.391883 0.504389
0.392460 0.466664
0.393547 0.018767
0.393606 0.114041
0.393657 0.271487
0.394232 0.337993
0.394709 0.038895
0.395355 0.225234
0.399021 0.179823
0.399643 0.417851
0.402637 0.483062
0.407054 0.448932
0.408330 0.451573
0.408655 0.069295
0.409656 0.339146
0.411229 0.070851
0.412260 0.434390
0.412474 0.105842
0.412676 0.016878
0.413192 0.350371
0.414786 0.464239
0.415103 0.488701
0.415799 0.000000
0.415959 0.387232
0.416123 0.431985
0.416271 0.257766
0.417545 0.075958
0.417938 0.090456
0.418275 0.008842
0.418601 0.187827
0.420167 0.041899
0.420290 0.396414
0.421013 0.208453
0.422371 0.205479
0.428212 0.102569
0.428432 0.060766
0.428849 0.045976
0.430249 0.107085
0.433097 0.062431
0.436366 0.213061
0.436544 0.499412
0.436706 0.306199
0.437923 0.473933
0.438683 0.072397
0.438693 0.187490
0.440324 0.515836
0.441048 0.339361
0.441642 0.483470
0.442300 0.488947
0.443578 0.187299
0.444309 0.080132
0.444445 0.228738
0.444457 0.116061
0.449114 0.115441
0.450029 0.077777
0.451948 0.426835
0.453151 0.529005
0.454754 0.256775
0.455262 0.049337
0.455667 0.056928
0.455991 0.185053
0.456125 0.401452
0.458586 0.179784
0.459427 0.152046
0.460706 0.108231
0.462757 0.198674
0.462825 0.515976
0.463578 0.275236
0.464708 0.228134
0.466327 0.146569
0.467030 0.289895
0.467962 0.039022
0.469129 0.267950
0.471587 0.064712
0.472891 0.434195
0.473089 0.004528
0.474443 0.095696
0.474706 0.110952
0.475520 0.026427
0.475697 0.084310
0.475845 0.465026
0.476574 0.403287
0.477067 0.470394
0.477387 0.524511
0.479620 0.228303
0.479979 0.215213
0.481043 0.020498
0.481520 0.300798
0.484397 0.313656
0.485518 0.386198
0.486412 0.390108
0.486783 0.246479
0.487432 0.409014
0.487838 0.014564
0.488613 0.331378
0.489887 0.294619
0.492650 0.243752
0.493052 0.428541
0.493980 0.543265
0.496499 0.535917
0.497145 0.230324
0.497949 0.549900
0.500589 0.237914
0.501526 0.152079
0.501700 0.083590
0.502032 0.057597
0.503299 0.036838
0.504686 0.540459
0.508290 0.182556
0.510214 0.221627
0.511333 0.243190
0.515901 0.328042
0.516742 0.353754
0.516752 0.445499
0.517445 0.390094
0.521685 0.445775
0.523959 0.410584
0.526752 0.165232
0.528269 0.421775
0.528440 0.179997
0.528869 0.071593
0.529169 0.111443
0.530269 0.390207
0.530648 0.257135
0.539238 0.484912
0.540126 0.322444
0.540668 0.194176
0.541418 0.352717
0.542534 0.571439
0.553169 0.073228
0.556846 0.142033
0.558738 0.222628
0.558905 0.064991
0.559477 0.341766
0.560451 0.459098
0.560726 0.544586
0.561476 0.366051
0.563423 0.382319
0.563966 0.463422
0.569397 0.074326
0.575156 0.249421
0.575266 0.438322
0.578707 0.458056
0.583840 0.112166
0.586607 0.092579
0.588321 0.196084
0.589112 0.449902
0.589617 0.593590
0.591304 0.148391
0.594710 0.493721
0.595331 0.101721
0.601605 0.301222
0.603286 0.458745
0.603564 0.621798
0.614476 0.583789
0.618718 0.124734
0.618983 0.160216
0.621686 0.135603
0.622822 0.405492
0.629142 0.087217
0.629497 0.574380
0.630487 0.503529
0.633561 0.305447
0.634972 0.184805
0.634999 0.138998
0.639257 0.571886
0.639633 0.591517
0.640345 0.337412
0.641449 0.550386
0.642410 0.290705
0.643378 0.260197
0.645215 0.386662
0.645562 0.324701
0.646633 0.337115
0.651539 0.446600
0.652846 0.253678
0.679846 0.690574
0.687875 0.675217
0.690947 0.158057
0.710674 0.340859
0.714185 0.341093
0.716632 0.158352
0.716789 0.235418
0.718328 0.660369
0.724601 0.485187
0.730623 0.315721
0.731827 0.674719
0.735301 0.526046
0.788527 0.564558
0.788750 0.458502
0.788833 0.492214
0.805162 0.627346
0.835266 0.422226
0.898039 0.538939
0.906556 0.337985
0.941146 0.848097
1.000000 0.418143
