0.000000 0.314090
0.001007 0.151522
0.001795 0.046605
0.002873 0.313620
0.008709 0.415090
0.010777 0.371625
0.012521 0.156952
0.014575 0.185024
0.014859 0.267064
0.016165 0.151996
0.016501 0.381416
0.017245 0.257183
0.021096 0.011618
0.022415 0.263895
0.024479 0.355151
0.027694 0.416447
0.027824 0.213428
0.029343 0.372810
0.030127 0.102410
0.030492 0.347307
0.031103 0.344254
0.033115 0.312909
0.037074 0.354081
0.038919 0.090272
0.039650 0.400126
0.041875 0.402826
0.046071 0.292377
0.046983 0.162469
0.049846 0.204033
0.049979 0.082818
0.051914 0.172452
0.052791 0.271809
0.054479 0.008465
0.054576 0.286851
0.054955 0.154124
0.054993 0.325753
0.055367 0.088135
0.057522 0.412059
0.061157 0.191317
0.062874 0.324708
0.062941 0.089407
0.063352 0.218490
0.066898 0.051606
0.067028 0.209127
0.068415 0.110718
0.069526 0.333530
0.069609 0.003125
0.073525 0.197945
0.075166 0.151053
0.078093 0.358827
0.079688 0.155334
0.080663 0.000000
0.081497 0.249613
0.081539 0.395781
0.081814 0.417153
0.084264 0.319996
0.085485 0.131948
0.085951 0.293320
0.086262 0.182884
0.086348 0.077149
0.086831 0.130322
0.092254 0.244357
0.094180 0.008993
0.094408 0.137384
0.094641 0.141256
0.095382 0.207862
0.095827 0.072866
0.096103 0.290323
0.096680 0.253421
0.097190 0.044766
0.097343 0.146123
0.097779 0.359548
0.097816 0.249130
0.098105 0.369888
0.098332 0.244214
0.100958 0.066860
0.101031 0.104007
0.103968 0.178003
0.105010 0.200947
0.105353 0.446762
0.105877 0.150188
0.107195 0.286541
0.109795 0.152062
0.109807 0.450135
0.110210 0.063460
0.110879 0.324155
0.111063 0.046524
0.111170 0.085727
0.111773 0.240433
0.112567 0.187535
0.113168 0.071820
0.113355 0.140876
0.113387 0.382465
0.113433 0.287811
0.114577 0.424706
0.115217 0.201322
0.116465 0.026966
0.116828 0.285708
0.118335 0.305921
0.118466 0.035465
0.118581 0.455925
0.119149 0.326643
0.119307 0.206330
0.119413 0.144016
0.119571 0.308693
0.119602 0.135621
0.119977 0.460997
0.119997 0.053527
0.120481 0.180824
0.121107 0.078098
0.121333 0.398450
0.121624 0.235162
0.121672 0.118126
0.124608 0.270761
0.124953 0.389626
0.125217 0.276695
0.125293 0.388160
0.125808 0.286428
0.127452 0.315506
0.127971 0.312411
0.128881 0.481223
0.129588 0.456686
0.129729 0.068878
0.130391 0.318013
0.131156 0.364634
0.131313 0.134644
0.131482 0.265877
0.131606 0.094045
0.132105 0.336654
0.134051 0.485552
0.134424 0.297514
0.134502 0.181110
0.136583 0.156061
0.136987 0.383656
0.137155 0.132508
0.137489 0.346247
0.137882 0.110122
0.138179 0.230520
0.138506 0.214758
0.138647 0.093408
0.138696 0.462360
0.139495 0.409066
0.140941 0.120729
0.140996 0.396101
0.142637 0.470979
0.142827 0.347405
0.142842 0.347400
0.143171 0.441285
0.143834 0.186762
0.144316 0.347896
0.144924 0.267571
0.145201 0.207774
0.145625 0.307785
0.146599 0.095012
0.146625 0.377847
0.149122 0.391889
0.149197 0.249433
0.150503 0.249172
0.151070 0.058938
0.151235 0.290936
0.152623 0.443421
0.152754 0.340163
0.153742 0.239467
0.154028 0.309502
0.154166 0.452613
0.154507 0.165993
0.154977 0.440810
0.155276 0.133842
0.156216 0.232023
0.156227 0.223224
0.156402 0.310708
0.157334 0.071985
0.157595 0.406363
0.157738 0.443774
0.158165 0.330388
0.158302 0.088469
0.159226 0.251371
0.159363 0.092122
0.159904 0.508875
0.161024 0.381429
0.161624 0.462162
0.162085 0.203357
0.162614 0.069656
0.163048 0.436872
0.163817 0.168234
0.164046 0.173247
0.165880 0.157574
0.168639 0.147727
0.169126 0.343798
0.170305 0.180517
0.171770 0.248737
0.171921 0.190323
0.172411 0.439031
0.172856 0.185583
0.173188 0.482076
0.173234 0.504165
0.174493 0.123105
0.174842 0.146361
0.174898 0.313463
0.175189 0.137451
0.176330 0.328736
0.176696 0.140093
0.176738 0.429930
0.177738 0.127317
0.177751 0.251902
0.178500 0.343809
0.179481 0.499819
0.179941 0.281427
0.180114 0.217324
0.180164 0.355930
0.181714 0.459861
0.182384 0.457951
0.182436 0.238470
0.182469 0.249777
0.183909 0.210272
0.183937 0.449219
0.183957 0.521054
0.184336 0.276926
0.184566 0.414765
0.185266 0.429035
0.185500 0.469459
0.186552 0.228924
0.187383 0.261692
0.187761 0.114451
0.189906 0.249995
0.190992 0.272824
0.191573 0.294878
0.193064 0.115117
0.193195 0.509149
0.194064 0.250391
0.194127 0.490637
0.194862 0.204055
0.194926 0.399785
0.195558 0.491404
0.195686 0.157156
0.195835 0.455280
0.196583 0.255981
0.196713 0.228499
0.197745 0.268193
0.197782 0.123899
0.198034 0.231290
0.198399 0.223396
0.198438 0.155054
0.198713 0.369665
0.199265 0.184336
0.200894 0.280632
0.200905 0.403809
0.200992 0.459784
0.201644 0.436298
0.202188 0.266403
0.202320 0.521723
0.202849 0.475545
0.204813 0.193184
0.205187 0.306853
0.205349 0.239322
0.205765 0.551784
0.205786 0.129154
0.206186 0.180940
0.206330 0.373198
0.206343 0.319470
0.206561 0.253987
0.207054 0.188336
0.208852 0.452284
0.208886 0.201130
0.208936 0.162850
0.209247 0.207379
0.209473 0.344979
0.213837 0.221309
0.214329 0.293858
0.214628 0.204551
0.214757 0.279906
0.214934 0.210778
0.215111 0.167230
0.215542 0.529645
0.215768 0.559363
0.216383 0.442642
0.216794 0.553429
0.216819 0.446431
0.216820 0.211350
0.216881 0.551255
0.218300 0.146875
0.218719 0.546701
0.218936 0.264114
0.219222 0.282521
0.219811 0.152443
0.219968 0.233944
0.220744 0.300378
0.220856 0.331554
0.222774 0.380323
0.222854 0.233933
0.223113 0.563933
0.223584 0.218901
0.223843 0.520308
0.224071 0.318785
0.224239 0.344791
0.224350 0.236820
0.225173 0.299536
0.226788 0.311041
0.226874 0.505749
0.227424 0.317035
0.227621 0.221336
0.229415 0.585828
0.229689 0.278986
0.230971 0.588183
0.231050 0.274259
0.231156 0.334760
0.231502 0.504574
0.232560 0.173250
0.232697 0.381289
0.232800 0.269568
0.233421 0.433108
0.233547 0.183391
0.233855 0.345136
0.234007 0.448402
0.234012 0.163480
0.234023 0.572921
0.235183 0.557653
0.236076 0.428265
0.238051 0.257316
0.238171 0.256262
0.238440 0.541155
0.238969 0.572196
0.239560 0.163717
0.239985 0.545320
0.240477 0.167305
0.240629 0.492947
0.241193 0.326686
0.241443 0.559993
0.242294 0.282762
0.242908 0.186753
0.243219 0.253160
0.244082 0.208939
0.244766 0.267184
0.244782 0.579228
0.245446 0.244686
0.245974 0.168040
0.245989 0.405253
0.246115 0.232734
0.246855 0.290323
0.246865 0.552259
0.248025 0.268114
0.249069 0.570668
0.249863 0.507198
0.250536 0.349515
0.251101 0.352994
0.251211 0.330681
0.251290 0.541236
0.251632 0.574118
0.252797 0.340385
0.252847 0.559256
0.252892 0.614257
0.253324 0.271149
0.253399 0.424569
0.253625 0.432174
0.253813 0.232318
0.253984 0.603800
0.255209 0.434161
0.255309 0.326554
0.255450 0.407082
0.255470 0.601287
0.255671 0.317994
0.255718 0.566052
0.255868 0.351397
0.256725 0.519856
0.256853 0.209717
0.257364 0.185855
0.257629 0.194202
0.257866 0.313238
0.258015 0.214527
0.258156 0.245546
0.258371 0.524801
0.259270 0.550324
0.260946 0.224466
0.262868 0.375747
0.263137 0.533411
0.263194 0.358239
0.263549 0.448776
0.264679 0.424963
0.265598 0.539265
0.265801 0.430150
0.265823 0.294657
0.266459 0.441130
0.267134 0.267502
0.267591 0.622102
0.268322 0.336105
0.269315 0.356926
0.269640 0.588471
0.269952 0.410708
0.270557 0.365279
0.271327 0.503665
0.271595 0.390071
0.271768 0.435993
0.271795 0.316811
0.271797 0.333557
0.272070 0.354939
0.272120 0.505470
0.272180 0.591067
0.272315 0.243530
0.272333 0.219785
0.274103 0.432476
0.274190 0.610014
0.274968 0.388624
0.275221 0.590145
0.275321 0.585212
0.275695 0.217349
0.275841 0.491257
0.277348 0.550431
0.277838 0.485338
0.278029 0.289341
0.278041 0.313051
0.278170 0.435040
0.278556 0.235368
0.278802 0.424353
0.278819 0.223215
0.279421 0.426094
0.279614 0.460616
0.280168 0.505977
0.281108 0.265166
0.281240 0.465610
0.281357 0.366389
0.281618 0.458840
0.282157 0.478912
0.282467 0.447882
0.282670 0.456930
0.282775 0.494125
0.282826 0.621849
0.282983 0.460474
0.283202 0.476995
0.283485 0.634436
0.283820 0.480717
0.284010 0.507603
0.284244 0.250263
0.284690 0.541195
0.285101 0.650771
0.285255 0.278109
0.285440 0.324863
0.285489 0.441443
0.285865 0.509915
0.286052 0.369589
0.286569 0.640750
0.287302 0.251958
0.287304 0.308606
0.287363 0.264425
0.288229 0.433032
0.288256 0.301810
0.289776 0.523738
0.290092 0.255725
0.290170 0.262699
0.290393 0.570898
0.290835 0.392114
0.291025 0.355748
0.291581 0.563417
0.292063 0.292446
0.293517 0.414346
0.295979 0.487298
0.297285 0.496436
0.298233 0.439106
0.300573 0.501983
0.302721 0.536222
0.302811 0.587795
0.302833 0.461536
0.303666 0.476566
0.303811 0.534199
0.304734 0.339411
0.305043 0.550387
0.305062 0.470776
0.305503 0.558605
0.305711 0.640423
0.305832 0.455742
0.306143 0.397661
0.306277 0.313182
0.306609 0.399950
0.306682 0.662710
0.307063 0.621839
0.307388 0.394767
0.307659 0.466976
0.308477 0.508716
0.308642 0.273569
0.308661 0.428393
0.309300 0.513291
0.309499 0.314267
0.309760 0.639119
0.311334 0.612252
0.311383 0.253333
0.311452 0.289703
0.312025 0.271139
0.312045 0.651541
0.312098 0.597812
0.312532 0.305804
0.313584 0.463645
0.314394 0.435088
0.314730 0.530441
0.314971 0.534026
0.315038 0.472498
0.315108 0.412627
0.315343 0.460296
0.315971 0.613783
0.316092 0.299748
0.316111 0.603556
0.317051 0.301355
0.317060 0.296427
0.317525 0.389176
0.317655 0.378456
0.317823 0.531287
0.318910 0.586716
0.319054 0.486587
0.319193 0.533307
0.319924 0.364475
0.319977 0.356271
0.320080 0.278086
0.320363 0.344419
0.320678 0.461574
0.321395 0.667276
0.321898 0.385288
0.322109 0.585806
0.322565 0.299831
0.323366 0.651489
0.323612 0.294368
0.325756 0.688406
0.326118 0.697233
0.326262 0.624708
0.326813 0.383764
0.326887 0.581149
0.326891 0.323082
0.327030 0.459918
0.327305 0.300289
0.327922 0.703387
0.328393 0.586319
0.329258 0.618474
0.329295 0.660287
0.329338 0.484123
0.329792 0.557937
0.332243 0.439080
0.332372 0.415375
0.332603 0.345851
0.333155 0.327182
0.334297 0.658211
0.334563 0.628711
0.334820 0.658739
0.335162 0.318660
0.336021 0.349131
0.336538 0.602948
0.336883 0.628306
0.336925 0.441801
0.337364 0.686068
0.337461 0.639012
0.338006 0.499774
0.338478 0.407736
0.338686 0.655240
0.338904 0.370302
0.339997 0.347288
0.340535 0.466470
0.341410 0.547867
0.342778 0.401267
0.343076 0.560856
0.344490 0.399442
0.344526 0.422299
0.345149 0.631598
0.345335 0.641770
0.345710 0.633037
0.346044 0.440146
0.346206 0.707834
0.346311 0.618964
0.346338 0.466622
0.347317 0.452232
0.347498 0.588956
0.347656 0.475507
0.348283 0.520587
0.348969 0.616677
0.350486 0.705944
0.350917 0.538277
0.351152 0.447878
0.351711 0.518816
0.352699 0.425054
0.353176 0.505009
0.353393 0.462948
0.354073 0.488792
0.356461 0.451720
0.356740 0.591771
0.357209 0.422055
0.358540 0.534858
0.359053 0.684070
0.359385 0.619225
0.359751 0.419829
0.359812 0.633051
0.361214 0.613483
0.361800 0.528458
0.362198 0.353040
0.362972 0.359664
0.363105 0.491910
0.363256 0.355371
0.363605 0.690150
0.363991 0.570165
0.364020 0.340051
0.364058 0.357653
0.364637 0.536486
0.364776 0.614655
0.364992 0.673534
0.365091 0.549858
0.365341 0.502286
0.365651 0.402619
0.365891 0.578653
0.366087 0.660863
0.366601 0.568877
0.366764 0.501708
0.367718 0.472369
0.369328 0.632669
0.370108 0.559784
0.372071 0.504074
0.372160 0.614785
0.372617 0.345554
0.372636 0.397078
0.372912 0.624009
0.373728 0.567439
0.373794 0.582514
0.373826 0.467656
0.374445 0.535109
0.374643 0.721967
0.375611 0.489231
0.375830 0.317079
0.376114 0.550711
0.376943 0.368431
0.377169 0.567990
0.377397 0.529385
0.377451 0.696923
0.377847 0.716360
0.377874 0.371724
0.378103 0.651228
0.378777 0.336032
0.378934 0.442013
0.379518 0.641846
0.379957 0.613655
0.380922 0.347840
0.383367 0.517459
0.383638 0.323841
0.385332 0.617216
0.385498 0.568816
0.385541 0.323790
0.385601 0.520911
0.385771 0.341613
0.386369 0.405507
0.387120 0.719962
0.388769 0.460494
0.389115 0.680163
0.389155 0.719390
0.389342 0.733222
0.389554 0.725896
0.391284 0.664690
0.391317 0.366157
0.391366 0.551315
0.391476 0.665055
0.391537 0.348313
0.391809 0.747515
0.391893 0.614883
0.392422 0.752759
0.392729 0.472534
0.392922 0.565915
0.393261 0.571699
0.393669 0.495209
0.393814 0.372974
0.394089 0.678801
0.394189 0.613295
0.395060 0.751910
0.395536 0.764383
0.395794 0.769247
0.396133 0.528099
0.397749 0.439386
0.398103 0.442837
0.398244 0.444002
0.398502 0.414360
0.398514 0.607571
0.398969 0.594204
0.400502 0.744342
0.401999 0.445019
0.402963 0.597285
0.403254 0.522535
0.403432 0.449326
0.405186 0.744951
0.405568 0.581466
0.405577 0.351731
0.405616 0.583048
0.406996 0.765504
0.407964 0.667860
0.408119 0.545248
0.408371 0.394586
0.409613 0.398750
0.409929 0.491532
0.410020 0.502017
0.410804 0.772689
0.410832 0.635798
0.411406 0.458139
0.411660 0.483651
0.412597 0.478713
0.413497 0.508427
0.413542 0.424137
0.414013 0.777915
0.417070 0.758140
0.418291 0.490526
0.418334 0.426944
0.419511 0.717379
0.420775 0.718483
0.421421 0.723184
0.422119 0.703709
0.422201 0.780715
0.422390 0.448874
0.422429 0.720462
0.422523 0.564351
0.422560 0.635248
0.422596 0.543507
0.423749 0.691902
0.423826 0.629031
0.424056 0.646464
0.425797 0.753743
0.426912 0.758752
0.428031 0.627518
0.431627 0.606667
0.432071 0.590334
0.432240 0.456487
0.433252 0.665940
0.433762 0.691187
0.433968 0.416651
0.434067 0.653497
0.435693 0.532484
0.435946 0.626020
0.436414 0.604466
0.436463 0.530584
0.436725 0.723149
0.437639 0.407885
0.437879 0.433879
0.439434 0.686770
0.439866 0.689939
0.440096 0.415643
0.440277 0.728544
0.440397 0.799905
0.440873 0.819929
0.441208 0.447057
0.441327 0.417195
0.443722 0.432682
0.443994 0.636027
0.445500 0.649586
0.446366 0.695217
0.446529 0.759429
0.447476 0.616394
0.447759 0.685958
0.448431 0.446632
0.448535 0.771354
0.448674 0.806141
0.448771 0.585333
0.450615 0.620203
0.451184 0.438319
0.451475 0.707306
0.454188 0.457059
0.454323 0.800419
0.454651 0.736035
0.455651 0.760797
0.455824 0.839693
0.455894 0.591781
0.456687 0.589873
0.456802 0.631182
0.456868 0.795947
0.456996 0.738470
0.457489 0.792737
0.457539 0.448889
0.457755 0.598240
0.459590 0.688267
0.460595 0.389554
0.460704 0.517652
0.462569 0.731593
0.462583 0.564435
0.463171 0.506411
0.464610 0.796600
0.466603 0.680429
0.468156 0.684866
0.468944 0.613051
0.469316 0.675747
0.469928 0.800172
0.470310 0.487481
0.471286 0.602864
0.472362 0.638900
0.472433 0.726533
0.473367 0.771438
0.473471 0.459021
0.474923 0.642701
0.475820 0.570549
0.476461 0.627909
0.478484 0.503545
0.480396 0.792074
0.480504 0.593426
0.481816 0.530781
0.482248 0.641964
0.482826 0.500416
0.482957 0.441203
0.483842 0.543846
0.484300 0.635555
0.488298 0.423269
0.489624 0.568611
0.490103 0.633424
0.490327 0.573151
0.490653 0.759565
0.490735 0.547437
0.490791 0.603543
0.492224 0.412986
0.494238 0.536466
0.494501 0.514815
0.495110 0.826327
0.496268 0.458529
0.496500 0.826646
0.496941 0.572300
0.497027 0.416078
0.497297 0.833102
0.497312 0.783639
0.497329 0.594821
0.499419 0.552874
0.499765 0.690346
0.501294 0.877497
0.501912 0.850932
0.502305 0.596419
0.502548 0.765385
0.502885 0.527466
0.503208 0.422271
0.503440 0.581875
0.504503 0.695913
0.504576 0.678691
0.504797 0.557687
0.505403 0.705837
0.505454 0.599402
0.506103 0.542126
0.506959 0.743126
0.507294 0.425266
0.507504 0.577700
0.508161 0.423357
0.508943 0.635111
0.509769 0.834581
0.510157 0.582462
0.510694 0.817313
0.511438 0.641597
0.512236 0.796083
0.512934 0.555589
0.512968 0.612930
0.513927 0.637884
0.515350 0.712024
0.516661 0.869522
0.516713 0.606797
0.517901 0.685050
0.520830 0.532164
0.521263 0.788245
0.526880 0.497817
0.527843 0.864525
0.529860 0.444078
0.530458 0.536389
0.530632 0.553579
0.530952 0.546926
0.531394 0.643103
0.533391 0.463305
0.533854 0.882638
0.534267 0.640990
0.534332 0.477086
0.536626 0.536930
0.537544 0.840359
0.538334 0.532478
0.539169 0.889766
0.540371 0.775042
0.541577 0.882754
0.543148 0.468278
0.543209 0.849244
0.543688 0.790790
0.546514 0.600842
0.547158 0.558430
0.547512 0.450520
0.547830 0.670285
0.547980 0.566825
0.548924 0.884106
0.550474 0.580501
0.551469 0.525415
0.551964 0.833963
0.552225 0.607797
0.552551 0.686901
0.552562 0.592682
0.552573 0.489364
0.553064 0.561531
0.553819 0.792802
0.553949 0.794426
0.554742 0.697444
0.555490 0.655533
0.556974 0.723961
0.557776 0.912188
0.558353 0.793979
0.559530 0.580278
0.559855 0.784296
0.561227 0.728307
0.561711 0.593031
0.563141 0.519131
0.563630 0.551977
0.565571 0.665631
0.566133 0.474336
0.566637 0.864759
0.568218 0.559724
0.571799 0.869290
0.573442 0.692231
0.578973 0.669430
0.580927 0.760936
0.581175 0.844369
0.587062 0.591485
0.589052 0.567235
0.589960 0.491445
0.590839 0.650835
0.591749 0.824852
0.593446 0.877136
0.594729 0.758863
0.595580 0.903619
0.596655 0.799161
0.598434 0.672641
0.599295 0.780778
0.601294 0.610448
0.602134 0.821465
0.603006 0.525441
0.603938 0.803973
0.605965 0.649239
0.607403 0.676633
0.609443 0.850873
0.611587 0.584313
0.611809 0.850530
0.612882 0.679080
0.613191 0.551049
0.614149 0.650971
0.614434 0.657251
0.614714 0.927422
0.616031 0.601002
0.616040 0.737213
0.617323 0.899016
0.624853 0.848704
0.629875 0.849658
0.631494 0.673657
0.632256 0.813932
0.637109 0.673199
0.646129 0.835652
0.648994 0.573701
0.649366 0.834308
0.649493 0.757526
0.651291 0.523718
0.656637 0.754955
0.656982 0.722650
0.657199 0.680461
0.657278 0.676959
0.657345 0.858981
0.657447 0.581378
0.658845 0.779059
0.660360 0.679791
0.660502 0.842660
0.661090 0.579626
0.661203 0.535866
0.661506 0.584106
0.661697 0.713566
0.662670 0.501947
0.662903 0.707724
0.663084 0.927687
0.663561 0.845613
0.663871 0.738688
0.665795 0.547815
0.669856 0.603668
0.674169 0.666246
0.676381 0.880514
0.679255 0.718438
0.679731 0.759033
0.679997 0.840271
0.680125 0.910807
0.684053 0.564107
0.684640 0.795269
0.685938 0.870632
0.687660 0.810722
0.689206 0.863674
0.690422 0.870671
0.690829 0.714024
0.690958 0.703307
0.691321 0.911062
0.693266 0.702451
0.697386 0.797783
0.699321 0.921261
0.701355 0.626307
0.701519 0.809406
0.704575 0.962070
0.705027 0.563169
0.705227 0.510061
0.705988 0.605273
0.706550 0.738157
0.709989 0.633075
0.710953 0.908405
0.711200 0.642941
0.711470 0.930337
0.712394 0.603998
0.713803 0.595696
0.713846 0.673248
0.717652 0.811235
0.720533 0.777933
0.724563 0.886979
0.729502 0.527423
0.730914 0.640756
0.732107 0.699859
0.735662 0.618427
0.736850 0.949603
0.738746 0.648997
0.740575 0.894602
0.747654 0.692581
0.749631 0.693843
0.757680 0.892060
0.758197 0.640053
0.762416 0.623333
0.770549 0.947546
0.772225 0.924270
0.775594 0.882886
0.787801 0.744285
0.788418 0.994822
0.790919 0.713557
0.809902 0.819679
0.816333 0.810708
0.820962 0.929417
0.823954 0.689863
0.824169 0.843949
0.828178 0.624459
0.832802 0.644132
0.834453 0.782348
0.838583 0.869821
0.846981 0.550598
0.852220 1.000000
0.852716 0.791480
0.855571 0.755762
0.858090 0.649418
0.860491 0.649686
0.870055 0.640894
0.872918 0.950574
0.875058 0.924223
0.875781 0.931549
0.918927 0.756446
0.923658 0.692268
0.924962 0.733925
0.925858 0.747963
0.948377 0.767421
0.978585 0.614342
1.000000 0.761592
