0.000000 0.339327
0.015793 0.038284
0.021100 0.332982
0.033249 0.565204
0.033591 0.136868
0.037365 0.184393
0.043324 0.485814
0.051423 0.431278
0.051897 0.139434
0.054164 0.406353
0.059316 0.617551
0.060293 0.596334
0.062304 0.510627
0.063128 0.635731
0.066821 0.313020
0.066941 0.395412
0.067189 0.573392
0.077397 0.187853
0.078138 0.471017
0.078488 0.625544
0.081601 0.288860
0.082008 0.305619
0.085480 0.316519
0.087362 0.279370
0.089613 0.651721
0.093835 0.190763
0.094237 0.305590
0.094923 0.215858
0.098967 0.228123
0.100015 0.351797
0.100380 0.540289
0.101730 0.000000
0.104586 0.297231
0.105683 0.544017
0.106169 0.452160
0.106920 0.490102
0.107697 0.203457
0.108769 0.301553
0.111095 0.126126
0.114225 0.653514
0.114481 0.018857
0.114693 0.427714
0.115562 0.403050
0.117949 0.505348
0.118291 0.501259
0.118620 0.466262
0.121151 0.314276
0.121393 0.486001
0.121870 0.413779
0.122499 0.269006
0.122677 0.169723
0.123318 0.202484
0.123915 0.364141
0.124921 0.171116
0.131611 0.600239
0.132140 0.083777
0.132395 0.491756
0.134557 0.335182
0.136775 0.573356
0.137192 0.266391
0.138296 0.587308
0.138833 0.637757
0.138940 0.097556
0.152380 0.041219
0.156551 0.552130
0.156640 0.173297
0.157985 0.675041
0.161640 0.007352
0.164931 0.417014
0.165171 0.169982
0.165762 0.528728
0.166587 0.635175
0.167641 0.576817
0.167933 0.656772
0.169267 0.142772
0.169763 0.667937
0.170900 0.337106
0.170937 0.506866
0.171268 0.537036
0.172063 0.640428
0.174477 0.320804
0.176843 0.414119
0.177869 0.093001
0.178163 0.286304
0.180811 0.681261
0.181497 0.291577
0.181691 0.464346
0.182747 0.639655
0.185938 0.714402
0.187551 0.658865
0.187612 0.553104
0.188010 0.573312
0.190479 0.706992
0.195596 0.594911
0.196120 0.284588
0.196349 0.073732
0.200825 0.083354
0.201023 0.235403
0.201347 0.680795
0.202111 0.685823
0.204370 0.069507
0.207225 0.471974
0.208259 0.202315
0.210638 0.567964
0.211973 0.027825
0.212231 0.692071
0.212625 0.371322
0.212755 0.308611
0.215438 0.499418
0.215446 0.069173
0.215633 0.698532
0.216754 0.484579
0.217712 0.166047
0.218585 0.251578
0.218861 0.148660
0.219127 0.085602
0.219243 0.043592
0.220823 0.291703
0.222561 0.253790
0.224126 0.544597
0.233259 0.262562
0.233384 0.102329
0.233807 0.064698
0.234482 0.675602
0.236996 0.518689
0.237365 0.333559
0.237372 0.712562
0.237765 0.352190
0.238411 0.127762
0.243010 0.109355
0.245168 0.083470
0.245426 0.134700
0.246453 0.455620
0.246925 0.240031
0.247494 0.269809
0.247921 0.449348
0.248102 0.144564
0.249779 0.092287
0.251721 0.605466
0.252800 0.616105
0.254296 0.531421
0.256093 0.075495
0.261624 0.520604
0.263230 0.740111
0.263698 0.198368
0.264377 0.563443
0.265538 0.565537
0.266186 0.221285
0.266271 0.298273
0.266557 0.244911
0.267274 0.406772
0.267632 0.653097
0.269822 0.744734
0.270608 0.039182
0.271295 0.507021
0.273367 0.042152
0.273963 0.640615
0.274013 0.194175
0.278692 0.103409
0.279457 0.530924
0.279545 0.523202
0.279592 0.634774
0.280971 0.346185
0.282571 0.423293
0.282939 0.128657
0.283076 0.228324
0.283287 0.727495
0.283745 0.669485
0.284462 0.279146
0.286036 0.711179
0.286488 0.745049
0.286632 0.208327
0.286745 0.583489
0.288912 0.757920
0.289353 0.376982
0.289386 0.554434
0.289428 0.180852
0.291339 0.697003
0.291653 0.601374
0.291781 0.590534
0.292766 0.703297
0.294168 0.602248
0.294302 0.469990
0.294709 0.338004
0.298014 0.500829
0.299446 0.278106
0.300369 0.790040
0.300568 0.555639
0.300946 0.070043
0.302272 0.289573
0.302276 0.082442
0.304826 0.281934
0.305461 0.325702
0.305751 0.112545
0.309313 0.116107
0.312207 0.753722
0.312881 0.159615
0.313128 0.631650
0.314326 0.167368
0.317629 0.654999
0.319001 0.608741
0.319406 0.335987
0.322522 0.097120
0.324339 0.243704
0.324952 0.360249
0.326994 0.218495
0.327740 0.192946
0.327917 0.542722
0.330861 0.088592
0.332934 0.648768
0.334533 0.798673
0.335380 0.675106
0.336185 0.326189
0.338920 0.442118
0.342106 0.727334
0.342341 0.212900
0.342921 0.672277
0.343767 0.637340
0.346527 0.256991
0.346663 0.531305
0.346941 0.478735
0.349325 0.101182
0.349998 0.118430
0.352450 0.829453
0.352672 0.617091
0.352756 0.134185
0.353422 0.576202
0.354085 0.222726
0.354111 0.345152
0.355218 0.808195
0.356248 0.650336
0.358919 0.560785
0.360364 0.072314
0.360951 0.772531
0.362787 0.698412
0.363536 0.458409
0.364061 0.730997
0.366724 0.428871
0.366887 0.719825
0.366990 0.777442
0.368675 0.808364
0.369085 0.351322
0.370678 0.135163
0.372444 0.564308
0.372891 0.604735
0.374151 0.085665
0.374867 0.154031
0.375248 0.686520
0.380947 0.714586
0.385493 0.454847
0.386922 0.320002
0.387093 0.375087
0.387838 0.278834
0.389167 0.267750
0.389592 0.408485
0.389656 0.835148
0.392770 0.503414
0.393182 0.309847
0.393601 0.621144
0.396025 0.154092
0.396952 0.314595
0.398691 0.815078
0.399252 0.312239
0.400106 0.804409
0.402890 0.651625
0.403219 0.235668
0.403886 0.867000
0.407246 0.499982
0.407429 0.462243
0.409633 0.852425
0.409758 0.465745
0.410837 0.228216
0.411300 0.102630
0.411607 0.309281
0.412376 0.471263
0.412984 0.472097
0.413235 0.659531
0.414634 0.582610
0.415752 0.447392
0.415844 0.799263
0.417614 0.580681
0.422864 0.652362
0.424641 0.447227
0.425991 0.162961
0.426073 0.452826
0.426107 0.739701
0.429554 0.807604
0.432661 0.713798
0.433105 0.378155
0.433521 0.349017
0.436505 0.614280
0.436657 0.757851
0.436982 0.375611
0.439732 0.216057
0.440446 0.609333
0.440797 0.135928
0.441606 0.198919
0.443090 0.301220
0.444394 0.521309
0.450578 0.863734
0.450963 0.394418
0.452460 0.740730
0.459911 0.689658
0.460279 0.119686
0.465144 0.297605
0.467786 0.505000
0.468545 0.805631
0.469862 0.902909
0.472066 0.422066
0.477135 0.853258
0.481211 0.148514
0.484090 0.471532
0.485119 0.255591
0.485348 0.572261
0.486315 0.577085
0.487778 0.174837
0.490841 0.834162
0.491707 0.406700
0.491866 0.320854
0.492422 0.329543
0.493366 0.380680
0.494667 0.122805
0.494846 0.302282
0.498389 0.608160
0.501166 0.153247
0.504664 0.600394
0.505209 0.684343
0.506249 0.297664
0.506328 0.284556
0.506739 0.182797
0.509517 0.818361
0.512773 0.559902
0.517440 0.879923
0.518950 0.230231
0.520433 0.679030
0.520900 0.258818
0.525397 0.448945
0.528202 0.203670
0.528221 0.427635
0.528465 0.526243
0.529700 0.581236
0.530739 0.140194
0.532018 0.531998
0.537733 0.193927
0.539940 0.788390
0.545071 0.250126
0.546476 0.609035
0.547579 0.714590
0.553276 0.336655
0.559997 0.375827
0.567243 0.600776
0.569411 0.148134
0.569488 0.537688
0.570596 0.239520
0.573773 0.383346
0.576197 0.345467
0.578905 0.642801
0.581487 0.780217
0.581847 0.156153
0.589066 0.510626
0.590974 0.755691
0.593424 0.829832
0.602719 0.819527
0.604531 0.827320
0.605394 0.778820
0.610303 0.404665
0.610304 0.784991
0.611428 0.257378
0.618367 0.530454
0.622090 0.324274
0.624040 0.883168
0.629296 0.814275
0.631444 0.628077
0.638714 0.407613
0.640226 0.768917
0.640787 0.538421
0.643664 0.825232
0.644707 0.473169
0.650424 0.253629
0.650756 0.855251
0.651764 0.234359
0.654221 0.868076
0.654925 0.293430
0.656801 0.432586
0.656962 0.926390
0.657697 0.320309
0.658324 0.706356
0.660286 0.261040
0.672581 0.331294
0.675786 0.608993
0.676520 0.461073
0.676651 0.350913
0.680103 0.696849
0.681237 0.726184
0.688440 0.210668
0.691158 0.549126
0.691664 0.845030
0.698890 0.346598
0.714783 0.348240
0.717103 0.560904
0.718768 0.784646
0.718974 0.838458
0.723933 0.287657
0.725318 1.000000
0.736873 0.888296
0.755772 0.536944
0.756278 0.620476
0.759950 0.206975
0.766148 0.300863
0.776758 0.962431
0.783005 0.283574
0.807754 0.855012
0.811965 0.299764
0.823213 0.364089
0.837763 0.479343
0.847405 0.627406
0.865040 0.928338
0.896262 0.270079
0.948256 0.229312
0.950064 0.960430
0.953538 0.750719
0.981524 0.721696
1.000000 0.501619
