0.000000 0.218929
0.004521 0.392139
0.011698 0.495918
0.020026 0.192712
0.024139 0.406584
0.027902 0.098564
0.029461 0.155441
0.047399 0.371405
0.048876 0.017235
0.056420 0.017896
0.056564 0.000000
0.056868 0.218938
0.058561 0.102201
0.064119 0.335706
0.065286 0.141883
0.067690 0.071702
0.068154 0.224210
0.069584 0.013661
0.070252 0.048888
0.071587 0.289546
0.071649 0.113854
0.071808 0.250502
0.076877 0.043063
0.078588 0.263070
0.083304 0.320259
0.084532 0.240571
0.086288 0.101241
0.086908 0.275534
0.087788 0.287098
0.089143 0.204396
0.090615 0.169006
0.095050 0.269884
0.097660 0.007418
0.104860 0.082573
0.106388 0.231408
0.107080 0.095164
0.107186 0.027705
0.109972 0.034071
0.110523 0.263590
0.111338 0.025476
0.111903 0.257016
0.113064 0.127677
0.113974 0.099439
0.114669 0.222244
0.115368 0.223759
0.116904 0.320290
0.117218 0.217325
0.117672 0.300185
0.118709 0.128451
0.122629 0.326636
0.122871 0.257135
0.125197 0.298399
0.126335 0.065904
0.127384 0.076829
0.127528 0.124099
0.131666 0.262480
0.134082 0.111194
0.134093 0.224314
0.134339 0.148794
0.135108 0.302469
0.135708 0.049433
0.135808 0.312660
0.136836 0.339430
0.137033 0.067150
0.137046 0.142434
0.140132 0.365762
0.141302 0.270177
0.143126 0.308542
0.144822 0.175911
0.145847 0.266506
0.146016 0.331797
0.146219 0.063641
0.149686 0.209886
0.152775 0.060388
0.153111 0.217797
0.156637 0.153375
0.158509 0.281567
0.161940 0.199927
0.165835 0.291359
0.165976 0.111143
0.166036 0.407157
0.167536 0.095895
0.169151 0.347116
0.180046 0.192823
0.180664 0.223228
0.181562 0.323332
0.182257 0.331344
0.182432 0.261239
0.183014 0.428743
0.183400 0.177730
0.184577 0.271516
0.187429 0.348640
0.187635 0.381953
0.190087 0.277033
0.192198 0.175302
0.194237 0.482452
0.196871 0.280018
0.198901 0.174248
0.199416 0.404937
0.199878 0.379915
0.200633 0.325033
0.200989 0.167446
0.202098 0.160297
0.202167 0.275783
0.202831 0.493516
0.203546 0.334128
0.203771 0.246540
0.208611 0.394306
0.208713 0.393783
0.210514 0.333977
0.211922 0.405423
0.212307 0.308069
0.215068 0.284353
0.215154 0.457944
0.215220 0.241535
0.216028 0.502842
0.217888 0.182150
0.218288 0.205594
0.219174 0.549968
0.219360 0.454239
0.221569 0.308945
0.223369 0.317104
0.224079 0.529619
0.224783 0.357907
0.224786 0.394414
0.225407 0.258123
0.226542 0.494025
0.227461 0.375073
0.228371 0.326812
0.231335 0.298342
0.232244 0.460396
0.232296 0.585421
0.232386 0.490002
0.232626 0.331285
0.232652 0.328859
0.237776 0.311450
0.239535 0.331880
0.241639 0.496056
0.242623 0.480140
0.242644 0.511800
0.243131 0.486365
0.244593 0.431970
0.245001 0.408652
0.245547 0.461725
0.245573 0.471337
0.246365 0.275312
0.246555 0.443972
0.251304 0.585994
0.251317 0.573590
0.252843 0.344237
0.253858 0.427337
0.254399 0.516902
0.255255 0.396482
0.258539 0.528886
0.259103 0.450478
0.259673 0.287214
0.260379 0.570663
0.260731 0.524337
0.262272 0.377794
0.263888 0.317974
0.265072 0.499450
0.266061 0.580145
0.266251 0.513839
0.266532 0.523845
0.266932 0.341728
0.267426 0.582076
0.267945 0.387571
0.269165 0.647939
0.271064 0.512012
0.273109 0.320072
0.273145 0.559074
0.274497 0.614470
0.274956 0.368851
0.275282 0.425092
0.277099 0.674526
0.277196 0.554653
0.281874 0.427509
0.283374 0.430061
0.283459 0.388418
0.283875 0.469014
0.284791 0.323380
0.287065 0.335384
0.288568 0.678965
0.288588 0.695990
0.288764 0.442775
0.289531 0.334856
0.292376 0.700746
0.294408 0.674981
0.295342 0.522758
0.295903 0.594365
0.296661 0.431073
0.298168 0.664247
0.298197 0.558257
0.298308 0.590110
0.300406 0.532964
0.304335 0.520212
0.304736 0.586194
0.305416 0.718911
0.306323 0.418132
0.307955 0.541372
0.308443 0.749218
0.311321 0.575240
0.313873 0.568340
0.314245 0.652189
0.314723 0.558450
0.316891 0.605822
0.317918 0.777832
0.318916 0.600751
0.319445 0.463683
0.325176 0.546984
0.325330 0.482420
0.325409 0.622539
0.332726 0.496064
0.333295 0.519334
0.333317 0.477609
0.333499 0.475190
0.333617 0.749956
0.335439 0.535485
0.335645 0.622106
0.335646 0.578598
0.335984 0.530405
0.336859 0.395381
0.337654 0.572269
0.337665 0.717202
0.339814 0.559225
0.340190 0.405262
0.341819 0.648347
0.342614 0.754263
0.343273 0.570732
0.343937 0.761367
0.344509 0.785762
0.346077 0.793606
0.346662 0.685760
0.347662 0.603168
0.348942 0.440858
0.352546 0.661745
0.356158 0.507299
0.360602 0.631000
0.361945 0.697351
0.362008 0.461085
0.363222 0.759153
0.368076 0.636310
0.368312 0.496704
0.368974 0.799117
0.369660 0.642178
0.369915 0.664761
0.371100 0.795599
0.372288 0.606495
0.373011 0.809369
0.373336 0.719632
0.374019 0.814150
0.374325 0.515227
0.375606 0.709183
0.376582 0.867839
0.376684 0.699576
0.379009 0.798382
0.382466 0.444609
0.383924 0.685848
0.384076 0.647958
0.384232 0.837848
0.385961 0.625437
0.386626 0.704238
0.389427 0.821171
0.389478 0.601269
0.389754 0.744872
0.390929 0.651494
0.392817 0.600239
0.401175 0.688663
0.401659 0.551191
0.401807 0.836137
0.403825 0.528109
0.404202 0.749772
0.408075 0.633211
0.408427 0.591322
0.410183 0.518839
0.411214 0.519670
0.411534 0.822672
0.412158 0.609808
0.413293 0.857029
0.421104 0.833327
0.422092 0.687528
0.423646 0.553461
0.424154 0.520746
0.424479 0.488120
0.427599 0.532689
0.428229 0.490424
0.431619 0.695201
0.439073 0.779747
0.440099 0.710260
0.441860 0.788784
0.443514 0.541575
0.443971 0.576340
0.444712 0.697977
0.445093 0.831879
0.445676 0.757525
0.446438 0.762119
0.446936 0.566784
0.448111 0.689682
0.452358 0.885100
0.455388 0.689054
0.455621 0.631880
0.455741 0.745397
0.461401 0.756825
0.461848 0.634287
0.463865 0.596155
0.464513 0.637678
0.465310 0.694621
0.466026 0.501196
0.466666 0.684211
0.467387 0.543590
0.469641 0.873789
0.470378 0.583784
0.470734 0.772244
0.472375 0.886849
0.475143 0.570091
0.475159 0.818468
0.475997 0.589572
0.477087 0.573819
0.477562 0.655605
0.478959 0.652341
0.481506 0.520253
0.483257 0.633430
0.484220 0.742508
0.491203 0.474955
0.493706 0.787757
0.494661 0.598263
0.501043 0.835669
0.504151 0.559837
0.512095 0.685351
0.514394 0.770644
0.514771 0.634510
0.515868 0.837263
0.517475 0.522679
0.520450 0.839427
0.521172 0.903375
0.525847 0.490103
0.527146 0.813519
0.528199 0.695111
0.530745 0.683163
0.532479 0.626105
0.535828 0.616316
0.542263 0.797114
0.546582 0.600374
0.547690 0.850677
0.548077 0.594965
0.548607 0.552735
0.552743 0.500097
0.556732 0.796034
0.560820 0.728905
0.563235 0.628048
0.568566 0.833017
0.569916 0.582980
0.570153 0.621224
0.578808 0.454614
0.581071 0.487734
0.586064 0.683844
0.588845 0.615622
0.590301 0.830419
0.591697 0.860998
0.594826 0.714336
0.595224 0.835825
0.597981 0.880834
0.598573 0.815439
0.600807 0.532379
0.605628 0.733463
0.605769 0.822658
0.608402 0.536525
0.611457 0.718305
0.616407 0.878963
0.616752 0.774515
0.618611 0.793622
0.625697 0.552101
0.625764 0.713477
0.625901 0.881249
0.627139 0.792749
0.632510 0.753880
0.634504 0.741864
0.639726 0.841453
0.644027 0.506158
0.650655 0.548131
0.665572 0.778084
0.667173 0.674252
0.669250 0.523211
0.669623 0.626429
0.674851 0.575317
0.677478 0.810821
0.678276 0.806586
0.683888 0.769258
0.694822 0.520062
0.718754 0.628799
0.735966 0.714855
0.737718 0.454675
0.739743 0.749091
0.750323 0.641628
0.751005 0.822793
0.770484 0.638780
0.774710 0.612417
0.819489 0.528669
0.881506 0.668094
0.883623 0.783557
0.942488 0.662086
1.000000 1.000000
