0.000000 0.494208
0.011831 0.575807
0.092653 0.975629
0.109860 0.812326
0.132653 0.777330
0.133311 0.805803
0.147704 0.545796
0.172985 0.752611
0.178758 0.885729
0.211282 0.597736
0.213102 0.643450
0.219609 0.553396
0.232879 0.431681
0.237469 0.439388
0.238162 0.631223
0.261568 0.732558
0.272608 0.662326
0.295044 0.548143
0.298351 0.750789
0.304156 0.806995
0.313267 0.569274
0.316350 0.397698
0.331018 0.452539
0.331914 0.590856
0.340595 0.423999
0.343484 0.598209
0.356049 0.912685
0.358443 0.633511
0.361160 0.427634
0.361743 0.389107
0.363464 0.442664
0.365482 0.484601
0.372665 0.001650
0.373581 0.436918
0.374190 0.655588
0.380650 0.601601
0.387295 0.444656
0.388210 0.586851
0.393160 0.592500
0.404423 0.395602
0.404817 0.562010
0.415085 0.586027
0.421114 0.630944
0.422945 0.625814
0.423850 0.627681
0.424398 0.376275
0.424803 0.459048
0.425140 0.772902
0.426781 0.748613
0.431419 0.677833
0.432466 0.539991
0.432856 0.445535
0.433605 0.885351
0.435127 0.523862
0.435553 0.672189
0.436019 0.440173
0.445529 0.312402
0.446015 0.349510
0.447107 0.558531
0.450513 0.431801
0.459738 0.766406
0.459784 0.779882
0.460530 0.603214
0.461236 0.144929
0.461341 0.408899
0.462275 0.631456
0.465374 0.907462
0.468117 0.528369
0.468254 0.407026
0.468381 0.394029
0.470163 0.284179
0.473654 0.617107
0.475289 0.563948
0.475327 0.660009
0.477845 0.233525
0.478851 0.613893
0.484626 0.641483
0.491007 0.336054
0.491646 0.537358
0.492343 0.627015
0.492889 0.545680
0.493822 0.771311
0.496900 0.000000
0.498656 1.000000
0.501168 0.514882
0.501265 0.410754
0.508314 0.475576
0.509097 0.444912
0.511051 0.184149
0.513082 0.439171
0.514287 0.565814
0.514979 0.539793
0.518887 0.448858
0.521166 0.253934
0.525682 0.422058
0.527870 0.635311
0.528198 0.534645
0.530465 0.863864
0.531597 0.402747
0.533776 0.852271
0.534321 0.850667
0.536926 0.303579
0.537364 0.723271
0.540524 0.627112
0.544529 0.656931
0.545182 0.527830
0.546296 0.553733
0.549228 0.531034
0.550766 0.319628
0.550824 0.859816
0.551451 0.492377
0.551515 0.525252
0.552489 0.679487
0.555644 0.355281
0.558023 0.563851
0.559162 0.442422
0.560531 0.399653
0.562300 0.407075
0.563576 0.461026
0.564592 0.501716
0.566003 0.695977
0.567225 0.543827
0.568983 0.606064
0.570561 0.161836
0.572375 0.739849
0.574456 0.102442
0.579022 0.596234
0.580101 0.581871
0.580603 0.482609
0.580671 0.636677
0.581965 0.572539
0.588906 0.383212
0.589990 0.314798
0.593484 0.350936
0.594099 0.314448
0.595314 0.500671
0.596875 0.373560
0.596947 0.457772
0.598362 0.232985
0.599973 0.491146
0.600535 0.381496
0.602277 0.242795
0.604123 0.766532
0.604665 0.554079
0.604731 0.627318
0.606645 0.636359
0.607780 0.436690
0.614677 0.266585
0.618337 0.674145
0.620086 0.456797
0.623805 0.743741
0.624137 0.277486
0.626178 0.532462
0.629872 0.623378
0.629929 0.677479
0.630799 0.394578
0.631087 0.410847
0.633337 0.526751
0.636320 0.634111
0.638460 0.292239
0.639006 0.697602
0.639915 0.646547
0.643169 0.133967
0.646039 0.656336
0.647292 0.680617
0.649655 0.247109
0.649691 0.364796
0.653063 0.278959
0.657008 0.526280
0.667430 0.362653
0.667892 0.790506
0.668092 0.734211
0.668941 0.486297
0.670372 0.940568
0.670780 0.555315
0.675526 0.654934
0.679205 0.152757
0.682803 0.624224
0.684560 0.820217
0.685972 0.811143
0.686739 0.383561
0.687018 0.085681
0.691912 0.725107
0.693856 0.572232
0.696369 0.856235
0.701738 0.511119
0.707635 0.626126
0.707708 0.489172
0.716874 0.278466
0.717255 0.447749
0.717405 0.608917
0.717794 0.434647
0.717891 0.429376
0.719544 0.578258
0.720662 0.456954
0.723794 0.378176
0.724790 0.577937
0.728556 0.223112
0.729132 0.618466
0.732636 0.541381
0.739505 0.456324
0.745617 0.428392
0.752400 0.618098
0.753309 0.527612
0.754766 0.418396
0.754838 0.486457
0.760644 0.671887
0.761194 0.628664
0.765217 0.469490
0.773354 0.556605
0.775282 0.415674
0.781079 0.618616
0.781099 0.236977
0.782810 0.260766
0.783587 0.904066
0.783634 0.464188
0.786742 0.249534
0.787714 0.506910
0.789878 0.473815
0.796513 0.115902
0.797257 0.359259
0.801127 0.825412
0.805406 0.339907
0.806754 0.773129
0.809746 0.459818
0.817638 0.445630
0.827611 0.456143
0.830462 0.572734
0.835584 0.384629
0.840746 0.442436
0.859173 0.473517
0.862154 0.433988
0.864441 0.598340
0.866055 0.852654
0.871584 0.425900
0.884976 0.499795
0.888341 0.328659
0.898796 0.602791
0.900567 0.495058
0.912624 0.140120
0.915600 0.836381
0.917129 0.034197
0.919262 0.407392
0.927432 0.401095
0.936746 0.678594
0.956963 0.425970
0.996353 0.282427
1.000000 0.512101
