0.000000 0.557562
0.014265 0.540675
0.033234 0.545756
0.057586 0.543279
0.102393 0.467760
0.103770 0.357597
0.108742 0.409192
0.118554 0.527471
0.124441 0.565923
0.134002 0.489317
0.134879 0.240362
0.148118 0.868352
0.148875 0.415281
0.156615 0.423771
0.166567 0.728559
0.167924 0.498102
0.171875 0.576681
0.180082 0.680526
0.182320 0.635800
0.187214 0.344040
0.193342 0.495193
0.201429 0.739383
0.205339 0.367159
0.212264 0.583460
0.216940 0.643986
0.228473 0.381987
0.232221 0.454032
0.234255 0.619305
0.234967 0.706330
0.245188 0.566131
0.249335 0.581702
0.250590 0.707278
0.267402 0.523853
0.269698 0.637657
0.272341 0.585768
0.274664 0.688168
0.274684 0.727969
0.276527 0.485499
0.276750 0.599001
0.281328 0.413207
0.284842 0.246039
0.287862 0.716615
0.289174 0.633789
0.289425 0.452995
0.289556 0.384766
0.293818 0.573466
0.295767 0.693513
0.298750 0.556641
0.299257 0.674411
0.301754 0.512725
0.302042 0.720457
0.302059 0.589860
0.303280 0.656989
0.306837 0.639481
0.307525 0.538343
0.308743 0.627463
0.309190 0.453303
0.312049 0.473002
0.313375 0.770287
0.315316 0.501889
0.315851 0.577994
0.317713 0.896562
0.321212 0.605582
0.321449 0.364204
0.324322 0.537410
0.332079 0.610657
0.332362 0.583507
0.333708 0.659035
0.333736 0.683744
0.333952 0.656376
0.335698 0.465190
0.341556 0.706363
0.342911 0.592716
0.343134 0.298583
0.343957 0.446675
0.345976 0.765477
0.346356 0.519782
0.347201 0.626422
0.347882 0.513054
0.348652 0.492495
0.348783 0.700383
0.350362 0.804097
0.352471 0.520095
0.355658 0.570581
0.357318 0.480132
0.358030 0.470842
0.364740 0.473558
0.369054 0.575921
0.372535 0.459303
0.373095 1.000000
0.374843 0.839659
0.375254 0.556005
0.385954 0.507319
0.387439 0.536224
0.388819 0.860118
0.389258 0.609767
0.391550 0.710321
0.393923 0.622832
0.395896 0.515890
0.396215 0.238859
0.397288 0.777670
0.397871 0.592871
0.398491 0.346568
0.400029 0.524365
0.400523 0.372588
0.401583 0.610660
0.401915 0.657989
0.404537 0.690110
0.408231 0.241441
0.408827 0.749331
0.409927 0.660327
0.415263 0.602659
0.416055 0.203939
0.416129 0.542864
0.418011 0.448426
0.418452 0.660177
0.419627 0.790880
0.421286 0.493890
0.421815 0.548919
0.421989 0.568703
0.422922 0.854525
0.423337 0.597825
0.423629 0.542084
0.423887 0.873981
0.428738 0.707959
0.429951 0.551232
0.431377 0.460183
0.431395 0.584241
0.432090 0.524848
0.433151 0.511153
0.437438 0.912221
0.440203 0.486049
0.441630 0.791535
0.442926 0.437339
0.443783 0.670306
0.443944 0.660024
0.444042 0.364551
0.444528 0.541135
0.445422 0.566991
0.445449 0.449626
0.445732 0.781760
0.445976 0.578494
0.448401 0.609487
0.449274 0.398812
0.450675 0.325370
0.450989 0.528265
0.451339 0.625698
0.454925 0.653065
0.456050 0.369284
0.456481 0.653453
0.457970 0.758942
0.461110 0.467208
0.461793 0.845245
0.463204 0.611870
0.464064 0.618577
0.464564 0.279443
0.465866 0.626697
0.468403 0.585201
0.468566 0.580723
0.472017 0.548384
0.472127 0.719406
0.472673 0.601427
0.473076 0.684400
0.473186 0.530313
0.473555 0.679053
0.474362 0.000000
0.475120 0.491983
0.478202 0.456048
0.482067 0.295630
0.483749 0.448986
0.484229 0.583114
0.486685 0.489039
0.488871 0.235788
0.489246 0.238926
0.494342 0.617586
0.496326 0.425272
0.503110 0.547141
0.504362 0.359252
0.505864 0.645501
0.507617 0.458380
0.510174 0.568611
0.510311 0.663162
0.517534 0.762297
0.519147 0.365343
0.519191 0.592158
0.525033 0.575446
0.525066 0.722101
0.525526 0.822626
0.528014 0.727740
0.533900 0.532731
0.534624 0.654706
0.540920 0.694662
0.541969 0.586229
0.544454 0.503444
0.544751 0.708447
0.545291 0.418362
0.547427 0.644676
0.548614 0.682552
0.549678 0.490049
0.550927 0.367338
0.557109 0.680289
0.557200 0.654544
0.559318 0.579283
0.559479 0.350170
0.560444 0.661194
0.562015 0.542545
0.562029 0.611697
0.562744 0.434945
0.564258 0.544513
0.566375 0.382823
0.567585 0.497869
0.567912 0.538749
0.569558 0.632099
0.570392 0.334624
0.571424 0.515296
0.572291 0.480682
0.574325 0.454521
0.577666 0.438347
0.580754 0.562226
0.584603 0.535741
0.584630 0.384598
0.589488 0.309836
0.589579 0.782359
0.590695 0.563182
0.590939 0.432364
0.592571 0.511680
0.593915 0.700863
0.599949 0.247827
0.600617 0.610171
0.601839 0.677254
0.606029 0.761020
0.611975 0.521652
0.612127 0.475158
0.617128 0.364602
0.618804 0.493046
0.624447 0.534633
0.626507 0.615189
0.629238 0.173190
0.631412 0.585746
0.631553 0.552233
0.636991 0.485427
0.638212 0.204302
0.638987 0.549621
0.645060 0.848709
0.648114 0.462072
0.652671 0.589867
0.656102 0.585975
0.656786 0.602440
0.658208 0.433834
0.659118 0.585298
0.661119 0.759280
0.661316 0.558423
0.665100 0.301993
0.670294 0.409825
0.672356 0.340832
0.676582 0.411826
0.685939 0.441719
0.690488 0.577961
0.691368 0.159890
0.693137 0.370257
0.694085 0.854430
0.694225 0.359856
0.702150 0.864132
0.705807 0.902771
0.706228 0.376335
0.732134 0.626490
0.735067 0.821142
0.738128 0.581700
0.747268 0.302899
0.748902 0.817804
0.754028 0.307285
0.761362 0.485819
0.786545 0.662698
0.792687 0.355385
0.798944 0.353240
0.800146 0.502539
0.802872 0.407449
0.820733 0.511273
0.821354 0.910221
0.844987 0.499881
0.849876 0.449389
0.854389 0.442467
0.871429 0.430494
0.880031 0.598985
0.880829 0.601526
1.000000 0.362918
