0.000000 0.000000
0.056402 0.374805
0.083220 0.373493
0.096321 0.509079
0.118919 0.367075
0.125197 0.093865
0.127268 0.092251
0.132832 0.385669
0.133931 0.557527
0.137935 0.605179
0.146644 0.192089
0.148938 0.581241
0.156384 0.438126
0.157695 0.305651
0.160817 0.485331
0.161036 0.074573
0.162818 0.531840
0.168112 0.033996
0.180686 0.083346
0.186112 0.126536
0.186934 0.473827
0.189682 0.095847
0.198470 0.280618
0.201940 0.385017
0.206223 0.460147
0.226586 0.326300
0.229807 0.186985
0.231856 0.378803
0.232152 0.123430
0.232229 0.181641
0.235906 0.132715
0.243821 0.671815
0.246220 0.163665
0.248288 0.147503
0.253675 0.107425
0.260336 0.511921
0.260646 0.424102
0.262339 0.532400
0.262876 0.142073
0.263595 0.481275
0.267293 0.563469
0.269915 0.205471
0.270992 0.203328
0.273046 0.412414
0.274034 0.696638
0.274815 0.357004
0.278662 0.625287
0.279286 0.185028
0.279645 0.341280
0.280658 0.544565
0.282117 0.707699
0.291196 0.165524
0.294389 0.320274
0.300229 0.507650
0.300351 0.700638
0.303584 0.533140
0.304231 0.459339
0.306868 0.163053
0.312862 0.650256
0.321689 0.495760
0.322887 0.474592
0.324264 0.566430
0.325109 0.526941
0.325155 0.720183
0.331953 0.587670
0.333225 0.604259
0.333449 0.567354
0.333530 0.589084
0.335075 0.163776
0.335504 0.308110
0.339064 0.198082
0.340194 0.521427
0.354679 0.221583
0.357469 0.530810
0.357658 0.459708
0.360064 0.634472
0.360517 0.633400
0.362843 0.626202
0.367083 0.218082
0.368530 0.212305
0.368671 0.188163
0.372749 0.436577
0.372854 0.320962
0.373862 0.218696
0.374321 0.233750
0.375045 0.468577
0.381373 0.326982
0.382975 0.280829
0.387938 0.719078
0.391084 0.646188
0.391373 0.631063
0.392237 0.234262
0.392649 0.307827
0.393829 0.275849
0.404309 0.343271
0.406810 0.755524
0.409721 0.316130
0.410036 0.400962
0.411600 0.389590
0.412401 0.778077
0.414437 0.665913
0.415847 0.599422
0.419016 0.659424
0.420432 0.784003
0.424711 0.684418
0.426101 0.354580
0.429177 0.228828
0.429531 0.243823
0.431950 0.769262
0.433752 0.514746
0.435254 0.387500
0.436115 0.542583
0.436982 0.383258
0.438800 0.742635
0.439813 0.413285
0.440442 0.379521
0.446336 0.481838
0.448748 0.563235
0.449620 0.547234
0.450164 0.515471
0.450690 0.385645
0.453672 0.737034
0.453776 0.774117
0.456942 0.591012
0.462110 0.312357
0.462396 0.676626
0.465137 0.489247
0.468507 0.553702
0.469882 0.697343
0.470201 0.449092
0.472067 0.682023
0.480349 0.733694
0.480371 0.565688
0.486113 0.494528
0.486817 0.658716
0.486911 0.401661
0.487950 0.554766
0.490454 0.705667
0.490527 0.754831
0.500225 0.727175
0.500365 0.348253
0.500397 0.580568
0.501289 0.569091
0.501446 0.781884
0.502323 0.313680
0.503580 0.551397
0.504358 0.698030
0.505664 0.351956
0.509585 0.723642
0.513860 0.732296
0.521140 0.472274
0.522914 0.467984
0.523322 0.345624
0.524586 0.590732
0.524760 0.443166
0.525364 0.442572
0.526129 0.804132
0.531686 0.365920
0.532501 0.658248
0.532579 0.486488
0.535441 0.408852
0.535467 0.709391
0.538045 0.666321
0.541013 0.402699
0.544124 0.529635
0.544498 0.424690
0.546664 0.436842
0.547342 0.403780
0.554947 0.324670
0.555324 0.324619
0.555848 0.817024
0.556797 0.579709
0.560283 0.848999
0.562593 0.590973
0.564865 0.590981
0.567605 0.510216
0.568903 0.363520
0.571037 0.464698
0.571682 0.517301
0.571969 0.609110
0.575201 0.452057
0.577461 0.601239
0.579905 0.400003
0.586278 0.762527
0.588293 0.517420
0.589353 0.504860
0.591956 0.549746
0.594411 0.811946
0.594921 0.772532
0.595361 0.867717
0.596444 0.401731
0.604430 0.717402
0.606682 0.335420
0.611417 0.790848
0.613428 0.401809
0.616639 0.501954
0.621416 0.699330
0.621946 0.897554
0.624114 0.485641
0.625961 0.381236
0.626499 0.528288
0.628933 0.482430
0.628936 0.703594
0.641987 0.893904
0.645463 0.704359
0.649517 0.779654
0.651866 0.583859
0.660078 0.472284
0.664002 0.584213
0.665631 0.493317
0.667006 0.699798
0.667276 0.894942
0.670464 0.530540
0.674436 0.894429
0.675112 0.464694
0.678962 0.776018
0.681472 0.676205
0.686715 0.605286
0.687313 0.631086
0.687344 0.423864
0.689568 0.523841
0.689951 0.761752
0.689981 0.707538
0.694644 0.571287
0.711560 0.654845
0.725456 0.744305
0.727014 0.919675
0.730101 0.610168
0.734129 0.798462
0.734397 0.474463
0.735023 0.789498
0.737505 0.789719
0.752705 0.844720
0.752995 0.739384
0.770307 0.483532
0.772656 0.541774
0.780692 0.693571
0.780875 0.528180
0.782361 0.880488
0.790998 0.884377
0.795059 0.712011
0.812762 0.666772
0.823658 0.649444
0.829159 0.988168
0.829984 0.739137
0.830485 0.746722
0.857522 0.530520
0.920368 1.000000
0.929529 0.697627
0.950685 0.582834
1.000000 0.837093
