0.000000 0.763808
0.090871 0.734493
0.144386 0.617176
0.150953 0.480850
0.152319 0.503222
0.155125 0.862131
0.164996 0.872592
0.175855 0.412934
0.179978 0.384170
0.183247 0.547684
0.193794 0.466371
0.195790 0.991123
0.196462 1.000000
0.199535 0.331035
0.202990 0.383092
0.209359 0.879133
0.213649 0.686650
0.215397 0.534587
0.220597 0.965133
0.221850 0.827920
0.222147 0.981714
0.229361 0.528229
0.230136 0.883203
0.232727 0.609281
0.233393 0.875296
0.238117 0.829574
0.247481 0.617172
0.248141 0.871451
0.256804 0.804544
0.260304 0.799620
0.262384 0.346739
0.262871 0.466557
0.263738 0.877773
0.264023 0.313851
0.266340 0.367728
0.266377 0.637820
0.266625 0.628639
0.266640 0.854415
0.267812 0.788312
0.270081 0.840872
0.273637 0.564528
0.275141 0.888088
0.277442 0.934562
0.280063 0.726454
0.281073 0.764415
0.289988 0.902092
0.290763 0.343509
0.292236 0.441349
0.294059 0.876327
0.294218 0.340791
0.295037 0.335173
0.296423 0.934376
0.296846 0.766860
0.297612 0.353665
0.298662 0.730957
0.302197 0.609970
0.302335 0.683804
0.303410 0.555974
0.304493 0.579906
0.308855 0.730195
0.309359 0.314367
0.309725 0.533187
0.309854 0.416043
0.310463 0.720803
0.311316 0.470703
0.320266 0.804802
0.322140 0.615030
0.323042 0.623644
0.324770 0.482592
0.325183 0.453648
0.325925 0.307552
0.326260 0.809067
0.326636 0.430732
0.328421 0.546966
0.331585 0.792939
0.332787 0.640753
0.339694 0.620040
0.340722 0.830266
0.341970 0.620923
0.342092 0.640300
0.346691 0.237512
0.347783 0.933385
0.348045 0.252697
0.349465 0.772530
0.349492 0.898329
0.350482 0.301055
0.350536 0.627370
0.350624 0.504412
0.352530 0.489285
0.352909 0.392736
0.353022 0.460743
0.354425 0.352136
0.354457 0.601384
0.354678 0.326576
0.356374 0.924094
0.356436 0.505779
0.357447 0.762835
0.358093 0.600626
0.360863 0.674068
0.360921 0.694699
0.362909 0.350273
0.364653 0.565515
0.366482 0.721822
0.367418 0.440447
0.367751 0.340183
0.368492 0.874144
0.371528 0.866911
0.372272 0.508632
0.372578 0.258645
0.372944 0.712605
0.373206 0.776805
0.373559 0.365768
0.374829 0.261772
0.375002 0.786729
0.378172 0.769683
0.379281 0.419115
0.379693 0.880786
0.379979 0.358216
0.382851 0.544948
0.382871 0.883451
0.383133 0.634973
0.383488 0.420538
0.384386 0.833056
0.384868 0.371223
0.385252 0.276266
0.385316 0.703658
0.385973 0.384067
0.391376 0.809674
0.392444 0.471214
0.393102 0.253100
0.395225 0.253847
0.395715 0.190765
0.396387 0.611324
0.397762 0.313635
0.399724 0.704507
0.399895 0.657083
0.401791 0.225869
0.402118 0.762197
0.402260 0.741566
0.403128 0.807988
0.404176 0.419086
0.404290 0.561210
0.404962 0.719782
0.404966 0.742637
0.405934 0.508141
0.407655 0.298619
0.408831 0.282717
0.409376 0.498239
0.411186 0.466089
0.411620 0.382210
0.411888 0.205989
0.412476 0.348739
0.414485 0.799991
0.414888 0.369705
0.414959 0.777289
0.415405 0.214192
0.416027 0.379216
0.416154 0.397076
0.417765 0.434999
0.417998 0.515932
0.418132 0.373660
0.419250 0.445316
0.419454 0.194408
0.419855 0.447306
0.420928 0.771642
0.421089 0.824493
0.422799 0.893869
0.422896 0.712013
0.423036 0.617456
0.424453 0.786252
0.424720 0.244635
0.425970 0.572951
0.429003 0.750253
0.429119 0.254722
0.429426 0.503210
0.429757 0.888155
0.430629 0.688899
0.432993 0.594086
0.433899 0.790917
0.435283 0.833244
0.435668 0.535605
0.436017 0.213102
0.438069 0.581090
0.440066 0.372482
0.440367 0.192355
0.440530 0.291073
0.442009 0.297555
0.443473 0.785827
0.444208 0.856524
0.445236 0.760429
0.445892 0.474099
0.445898 0.477271
0.445912 0.772715
0.446475 0.167223
0.446904 0.377075
0.447319 0.318564
0.448710 0.678936
0.449594 0.824593
0.449890 0.259410
0.449901 0.212185
0.453169 0.388245
0.453616 0.830870
0.454453 0.883231
0.455118 0.740510
0.455464 0.270377
0.455822 0.412249
0.456929 0.569006
0.457516 0.249147
0.460838 0.213060
0.461186 0.884429
0.462640 0.586191
0.462982 0.368827
0.463271 0.629225
0.464383 0.536101
0.467304 0.798535
0.468868 0.584113
0.469036 0.614073
0.470961 0.666704
0.471055 0.745475
0.473763 0.747478
0.473866 0.641819
0.474542 0.156550
0.477192 0.782330
0.479605 0.255620
0.479662 0.355151
0.480510 0.299781
0.481933 0.503597
0.482438 0.456303
0.482960 0.667692
0.483645 0.440140
0.483670 0.728017
0.484420 0.336277
0.484697 0.164854
0.486403 0.360215
0.486440 0.784881
0.487298 0.432287
0.487394 0.705451
0.487591 0.675985
0.488123 0.567369
0.489110 0.524808
0.489386 0.171980
0.490190 0.830822
0.492231 0.353756
0.492384 0.310160
0.493113 0.456302
0.494192 0.772195
0.494687 0.606204
0.494770 0.589327
0.496691 0.727985
0.496694 0.277733
0.496783 0.842153
0.497019 0.256120
0.497652 0.684090
0.497755 0.734590
0.498508 0.817012
0.500007 0.377121
0.500492 0.596496
0.502995 0.851698
0.503340 0.191690
0.503964 0.435971
0.504232 0.757074
0.504892 0.095727
0.507302 0.205916
0.507418 0.308161
0.507666 0.577629
0.509581 0.642578
0.509641 0.841935
0.511078 0.689904
0.512094 0.799707
0.512367 0.184504
0.513454 0.289016
0.513566 0.566306
0.513853 0.309987
0.514454 0.843160
0.516289 0.811753
0.517292 0.102947
0.517335 0.489486
0.517975 0.729607
0.518086 0.155486
0.518447 0.342635
0.519043 0.336177
0.519285 0.854616
0.519670 0.523858
0.520345 0.584387
0.521668 0.838866
0.522069 0.753846
0.522233 0.159473
0.522325 0.796653
0.525235 0.782961
0.525707 0.674538
0.526080 0.404401
0.527875 0.295015
0.530114 0.266145
0.530645 0.807657
0.530682 0.185579
0.531991 0.759461
0.532008 0.579623
0.532545 0.692321
0.533819 0.108802
0.534590 0.187648
0.535704 0.516516
0.536438 0.597103
0.536626 0.234308
0.538970 0.326221
0.540193 0.175524
0.540259 0.185098
0.540280 0.438069
0.540369 0.749879
0.541499 0.232986
0.541681 0.774659
0.542916 0.684528
0.543227 0.382851
0.543547 0.535341
0.543651 0.170069
0.544893 0.775277
0.545016 0.411844
0.545100 0.218324
0.545216 0.619119
0.545977 0.563272
0.546214 0.089075
0.546279 0.504183
0.546690 0.235479
0.546826 0.770239
0.547274 0.527277
0.548813 0.438177
0.549334 0.671292
0.549375 0.071982
0.549628 0.527993
0.549713 0.568179
0.551809 0.641965
0.553240 0.615541
0.554999 0.726979
0.555293 0.290570
0.557777 0.099665
0.558046 0.689427
0.558277 0.164013
0.561409 0.222666
0.562361 0.750436
0.562652 0.673541
0.563822 0.260026
0.566662 0.679961
0.568782 0.498133
0.568970 0.210029
0.569446 0.219946
0.569950 0.393875
0.571438 0.110495
0.571759 0.095451
0.572401 0.081907
0.572501 0.580952
0.573155 0.702949
0.573371 0.324989
0.573917 0.390006
0.573922 0.607373
0.574017 0.130891
0.574030 0.783750
0.574943 0.489056
0.575063 0.384314
0.575415 0.747677
0.575642 0.379293
0.576505 0.659391
0.577520 0.084226
0.577670 0.210005
0.578038 0.784772
0.578280 0.337377
0.580037 0.447249
0.580157 0.300143
0.580511 0.386547
0.581745 0.115962
0.582035 0.056163
0.582241 0.407633
0.582877 0.398990
0.583087 0.066988
0.583860 0.350415
0.585651 0.467439
0.586006 0.092537
0.586279 0.468395
0.586320 0.230575
0.586481 0.380088
0.587606 0.770510
0.588093 0.363862
0.589035 0.341104
0.589588 0.415035
0.589702 0.773201
0.590456 0.071379
0.590933 0.232759
0.591815 0.227704
0.594084 0.121622
0.595705 0.224904
0.596396 0.266728
0.596466 0.326335
0.596872 0.207207
0.596899 0.443994
0.597696 0.056190
0.598653 0.683560
0.599961 0.494892
0.600580 0.073560
0.601377 0.726157
0.603474 0.467850
0.605169 0.038765
0.608401 0.085381
0.608423 0.488882
0.609095 0.621478
0.609209 0.257502
0.609402 0.263114
0.609754 0.315583
0.610116 0.653736
0.610258 0.574937
0.610544 0.583464
0.611669 0.725830
0.614112 0.094328
0.615293 0.180486
0.615358 0.102210
0.615399 0.612257
0.615601 0.592060
0.615968 0.494258
0.616997 0.130252
0.618440 0.615825
0.619115 0.801763
0.619427 0.340006
0.619805 0.515542
0.620470 0.365680
0.620659 0.155916
0.624215 0.515665
0.625463 0.509079
0.630685 0.307090
0.631343 0.658402
0.631667 0.732143
0.632954 0.205181
0.634659 0.223919
0.634917 0.159053
0.636585 0.311849
0.637958 0.707692
0.641344 0.000000
0.641851 0.533946
0.642239 0.358345
0.642666 0.480406
0.643706 0.789006
0.644780 0.467408
0.645187 0.722308
0.649699 0.581223
0.651939 0.036614
0.653911 0.003653
0.654167 0.502983
0.654465 0.382210
0.657898 0.158925
0.661955 0.708807
0.662743 0.170331
0.665889 0.753840
0.670965 0.777405
0.673907 0.402797
0.676179 0.508012
0.677261 0.562553
0.678020 0.182094
0.678043 0.403625
0.678310 0.024673
0.679716 0.246845
0.684056 0.589294
0.684513 0.221543
0.685278 0.246998
0.685280 0.101458
0.685711 0.755467
0.689765 0.384780
0.689968 0.356300
0.690295 0.505016
0.690304 0.408351
0.692214 0.259985
0.692324 0.754760
0.692404 0.178574
0.693922 0.195922
0.696058 0.526975
0.696074 0.618851
0.696109 0.197757
0.696813 0.710807
0.698046 0.047971
0.699417 0.793912
0.700349 0.652921
0.702299 0.047289
0.704034 0.037575
0.704957 0.072761
0.705532 0.083459
0.706130 0.415744
0.707482 0.623622
0.707671 0.289396
0.708300 0.166975
0.708960 0.300037
0.710727 0.759937
0.710791 0.578619
0.711762 0.305899
0.713739 0.388623
0.714830 0.024418
0.715151 0.782493
0.716103 0.576680
0.719968 0.305654
0.722011 0.265367
0.723898 0.284194
0.730930 0.179080
0.732273 0.710587
0.734332 0.345799
0.736042 0.248382
0.737606 0.731468
0.738498 0.214450
0.738507 0.219815
0.740872 0.479382
0.743287 0.693117
0.744328 0.237789
0.746512 0.217038
0.747300 0.480001
0.752550 0.466535
0.755500 0.676270
0.756971 0.691601
0.758374 0.286765
0.761082 0.371505
0.761487 0.392839
0.761672 0.477879
0.761879 0.342812
0.774421 0.297937
0.775930 0.597902
0.782449 0.827331
0.789270 0.620806
0.795776 0.242737
0.799341 0.105317
0.802441 0.594409
0.803944 0.377948
0.815803 0.330711
0.833011 0.753801
0.833590 0.068852
0.833687 0.451040
0.834166 0.186990
0.835387 0.218921
0.841784 0.172455
0.843931 0.605463
0.851264 0.634720
0.852070 0.085894
0.865274 0.425135
0.887087 0.116101
0.909407 0.663288
0.982303 0.620661
1.000000 0.816247
