0.000000 0.091142
0.015671 0.167821
0.021532 0.152654
0.031800 0.401928
0.037951 0.000000
0.048261 0.048210
0.050489 0.277629
0.054427 0.298233
0.063625 0.100266
0.070024 0.196286
0.075079 0.460896
0.082350 0.215518
0.090699 0.238779
0.093491 0.219450
0.100299 0.195947
0.105601 0.290391
0.130256 0.528988
0.133704 0.316889
0.135252 0.492512
0.144251 0.505157
0.150509 0.418071
0.153288 0.308114
0.153449 0.362959
0.153728 0.095866
0.158426 0.382022
0.161453 0.312470
0.168136 0.554892
0.170112 0.095049
0.176467 0.443008
0.178896 0.263856
0.180968 0.050282
0.184404 0.357379
0.184771 0.516558
0.184775 0.254804
0.186252 0.468399
0.186332 0.402077
0.186574 0.380594
0.188116 0.562895
0.188333 0.242491
0.189695 0.255287
0.191310 0.163248
0.192120 0.544070
0.193772 0.149068
0.194139 0.177399
0.194236 0.325297
0.194414 0.494780
0.194464 0.536123
0.198774 0.131008
0.199508 0.129534
0.199718 0.441229
0.199979 0.319706
0.202297 0.074115
0.203267 0.550433
0.203958 0.305606
0.204322 0.046106
0.205800 0.375129
0.206517 0.495690
0.207300 0.583541
0.209764 0.314910
0.210899 0.254128
0.210948 0.467277
0.212145 0.341193
0.212724 0.455698
0.213965 0.393061
0.214748 0.447987
0.216762 0.435109
0.217635 0.252481
0.217986 0.547950
0.220108 0.169201
0.220861 0.102904
0.222338 0.373350
0.226904 0.122433
0.230347 0.289059
0.231969 0.117900
0.232428 0.528226
0.233852 0.411347
0.235510 0.343469
0.235916 0.280266
0.237194 0.180002
0.240570 0.565585
0.240984 0.396060
0.241345 0.534575
0.241789 0.604547
0.247858 0.602294
0.251451 0.325493
0.251924 0.572908
0.252004 0.208824
0.252950 0.378780
0.253595 0.231366
0.255366 0.555790
0.257189 0.599779
0.259718 0.486758
0.265690 0.626094
0.265910 0.160275
0.266842 0.141899
0.267734 0.171507
0.268846 0.471632
0.272031 0.165635
0.272511 0.432211
0.273151 0.141173
0.273944 0.255907
0.274093 0.269274
0.274133 0.484562
0.276309 0.385114
0.277361 0.525916
0.281385 0.188256
0.281650 0.110959
0.281872 0.604165
0.282770 0.236034
0.283082 0.232896
0.283792 0.349174
0.284653 0.158966
0.286530 0.243853
0.289690 0.177275
0.293578 0.531405
0.293583 0.424149
0.294603 0.157015
0.297251 0.549961
0.298611 0.519012
0.299148 0.222806
0.299611 0.222119
0.300239 0.283383
0.301148 0.440162
0.301236 0.553974
0.301470 0.439384
0.302183 0.536300
0.302385 0.360814
0.302652 0.366754
0.302823 0.602129
0.304326 0.248695
0.306015 0.198034
0.306305 0.658926
0.306785 0.642125
0.307327 0.338751
0.307570 0.473255
0.308467 0.592581
0.308677 0.296069
0.310679 0.266755
0.311073 0.405425
0.311514 0.351653
0.313720 0.608515
0.314165 0.634095
0.314408 0.377180
0.315683 0.581637
0.316639 0.435701
0.317865 0.533742
0.318752 0.529787
0.318985 0.149185
0.320161 0.161069
0.321174 0.155737
0.321607 0.600710
0.324452 0.381695
0.325067 0.541229
0.325842 0.404199
0.325995 0.535562
0.329164 0.239678
0.330119 0.666974
0.331166 0.623973
0.333105 0.634188
0.334042 0.358260
0.335269 0.276924
0.335869 0.434856
0.336834 0.324949
0.337503 0.444330
0.339555 0.523128
0.339775 0.636316
0.340135 0.221631
0.340369 0.477240
0.340581 0.173258
0.343065 0.255999
0.343765 0.178662
0.345397 0.385702
0.345552 0.613699
0.345557 0.229653
0.345867 0.645470
0.346262 0.494718
0.346309 0.506906
0.349284 0.391400
0.350242 0.657180
0.350317 0.349427
0.350836 0.381300
0.351490 0.272040
0.351783 0.581062
0.352033 0.219833
0.352949 0.200140
0.353171 0.406605
0.353513 0.529929
0.353894 0.472341
0.354009 0.345408
0.355442 0.332748
0.355700 0.672366
0.355869 0.423259
0.358795 0.608860
0.360735 0.460651
0.363626 0.700951
0.364052 0.488826
0.364170 0.352412
0.364631 0.198332
0.365407 0.679024
0.366280 0.283755
0.366296 0.686786
0.367531 0.606767
0.367776 0.516922
0.368699 0.268902
0.369706 0.502624
0.371003 0.254539
0.375189 0.395110
0.375424 0.523871
0.375931 0.704674
0.376316 0.652754
0.376828 0.471419
0.376996 0.244726
0.377286 0.285091
0.378218 0.400764
0.380176 0.628376
0.380622 0.589640
0.382639 0.282355
0.382663 0.612894
0.383319 0.423718
0.384750 0.644353
0.384942 0.469644
0.384949 0.197508
0.385487 0.590455
0.385694 0.417024
0.386972 0.645623
0.387648 0.327760
0.387963 0.526110
0.388615 0.246134
0.388938 0.662191
0.389271 0.248332
0.389865 0.412326
0.390570 0.344304
0.394347 0.615176
0.394477 0.670318
0.394766 0.568836
0.395171 0.385355
0.395198 0.498088
0.395851 0.533898
0.396460 0.439007
0.396670 0.412734
0.397384 0.648743
0.399457 0.290298
0.400287 0.288842
0.401677 0.251080
0.402154 0.370598
0.402463 0.475820
0.402743 0.678042
0.403364 0.485905
0.403729 0.670910
0.403891 0.471688
0.404438 0.351066
0.405851 0.593216
0.406174 0.405648
0.406952 0.328053
0.406993 0.453792
0.407030 0.726388
0.408102 0.415116
0.408412 0.556146
0.408735 0.371707
0.409175 0.249846
0.410028 0.362116
0.410396 0.561055
0.410601 0.314866
0.410816 0.262486
0.411214 0.317304
0.411351 0.330182
0.412663 0.506938
0.413151 0.702195
0.414697 0.498024
0.416335 0.348521
0.417280 0.736006
0.420457 0.271142
0.420803 0.668054
0.421012 0.250850
0.422913 0.534999
0.423056 0.345537
0.424838 0.520453
0.426403 0.252686
0.429753 0.653727
0.432085 0.676299
0.432232 0.558018
0.434392 0.739855
0.434721 0.497930
0.435488 0.629828
0.437089 0.524196
0.437175 0.457222
0.437761 0.535871
0.438068 0.416995
0.438850 0.502032
0.439340 0.744573
0.440398 0.356633
0.442113 0.706073
0.442161 0.490212
0.444005 0.495661
0.445880 0.265302
0.446101 0.513403
0.447013 0.428795
0.448030 0.705118
0.450116 0.518825
0.451059 0.573390
0.451099 0.644687
0.452810 0.413924
0.455803 0.679437
0.457511 0.536706
0.458028 0.435382
0.458402 0.516640
0.458427 0.457706
0.458822 0.744925
0.459417 0.607171
0.459896 0.488530
0.460935 0.326393
0.461427 0.449489
0.463138 0.270668
0.466293 0.473021
0.467438 0.541914
0.468930 0.375160
0.469933 0.612184
0.471143 0.354549
0.471460 0.448041
0.473374 0.602640
0.473715 0.628400
0.473808 0.427182
0.474615 0.443153
0.475186 0.668856
0.476737 0.731876
0.477018 0.755660
0.477907 0.487462
0.478630 0.596224
0.478999 0.525925
0.479071 0.487698
0.482308 0.330032
0.482588 0.323512
0.483794 0.661094
0.485621 0.742349
0.486222 0.490036
0.487573 0.694454
0.487673 0.700898
0.488168 0.430317
0.489741 0.460612
0.490008 0.629001
0.490213 0.331807
0.490435 0.578357
0.491659 0.616595
0.492532 0.516060
0.492838 0.791365
0.493310 0.529234
0.494243 0.380588
0.494856 0.569992
0.495544 0.703622
0.495846 0.738938
0.497733 0.544594
0.498535 0.506932
0.499819 0.718249
0.499965 0.416459
0.500214 0.303803
0.501995 0.344998
0.505286 0.579037
0.506455 0.786430
0.506716 0.503328
0.507606 0.702853
0.507691 0.522259
0.508868 0.425947
0.509938 0.376475
0.510066 0.344346
0.510071 0.774537
0.510984 0.628633
0.511289 0.353740
0.511366 0.412583
0.511467 0.720130
0.512946 0.739425
0.514388 0.468239
0.514565 0.689595
0.515794 0.314807
0.516299 0.582024
0.517146 0.547444
0.517480 0.753435
0.518783 0.657224
0.519666 0.438053
0.520124 0.689696
0.521596 0.567960
0.523011 0.595748
0.523160 0.602710
0.523785 0.567135
0.524045 0.449245
0.524188 0.485084
0.524376 0.629358
0.525725 0.405362
0.529490 0.761126
0.531509 0.378805
0.532697 0.530375
0.532938 0.386571
0.533752 0.459111
0.534012 0.762942
0.534519 0.734989
0.534799 0.366148
0.537082 0.366474
0.537974 0.505289
0.539610 0.492905
0.541855 0.359843
0.542877 0.353489
0.547566 0.813086
0.547725 0.759138
0.548713 0.547561
0.549237 0.476991
0.549578 0.404291
0.551254 0.617673
0.552329 0.738075
0.552362 0.737144
0.553507 0.680536
0.555521 0.820014
0.556242 0.671808
0.556828 0.682119
0.556895 0.544313
0.557358 0.584719
0.557386 0.731551
0.558127 0.494257
0.558860 0.462815
0.558999 0.589743
0.559435 0.708047
0.560205 0.415346
0.560447 0.681018
0.562199 0.804862
0.563087 0.754927
0.566083 0.696264
0.566129 0.700861
0.567905 0.514153
0.568109 0.453584
0.570162 0.643301
0.570964 0.703800
0.572493 0.384229
0.572678 0.577438
0.574728 0.429572
0.574983 0.643994
0.576354 0.779180
0.576486 0.547455
0.576490 0.362849
0.578786 0.476015
0.580418 0.425129
0.582036 0.745003
0.582265 0.408243
0.583680 0.560039
0.585667 0.494920
0.588459 0.614528
0.588611 0.652856
0.589482 0.635009
0.589634 0.543173
0.590742 0.779150
0.595352 0.761561
0.595924 0.833255
0.595959 0.610677
0.597190 0.491170
0.600057 0.736653
0.600081 0.720548
0.600115 0.843909
0.600155 0.756352
0.603137 0.586919
0.603254 0.808284
0.603846 0.704712
0.604223 0.472565
0.605031 0.521985
0.607121 0.782875
0.607648 0.697938
0.610396 0.650956
0.615074 0.653043
0.617000 0.781985
0.617900 0.416093
0.618391 0.579989
0.621002 0.657535
0.622988 0.871774
0.623237 0.601128
0.623704 0.457731
0.625436 0.862029
0.626238 0.474990
0.626659 0.738515
0.628357 0.525560
0.628412 0.758876
0.628566 0.844445
0.628864 0.582910
0.629180 0.872387
0.629201 0.669217
0.634398 0.544297
0.636501 0.766241
0.637137 0.499330
0.638770 0.833276
0.640545 0.682472
0.641821 0.510246
0.644203 0.806983
0.644482 0.631014
0.645367 0.659012
0.648007 0.641304
0.648362 0.495991
0.648506 0.541688
0.649305 0.643517
0.651852 0.555697
0.652303 0.846441
0.653186 0.588217
0.654271 0.455195
0.654321 0.531487
0.654583 0.481341
0.658834 0.427345
0.660065 0.668310
0.661347 0.466278
0.662984 0.555976
0.663709 0.797035
0.666202 0.476147
0.668286 0.640836
0.673631 0.468878
0.674927 0.798150
0.676438 0.814378
0.683513 0.777839
0.689084 0.870148
0.689676 0.561081
0.694535 0.563451
0.698898 0.585519
0.709519 0.894552
0.710698 0.543094
0.713344 0.688286
0.717003 0.786689
0.725061 0.588978
0.732620 0.922480
0.737551 0.784514
0.741441 0.842130
0.747000 0.542862
0.768723 0.930384
0.790128 0.860386
0.811255 1.000000
0.815790 0.747364
0.817486 0.968680
0.827312 0.753385
0.853473 0.618106
0.857840 0.637698
0.886485 0.709546
0.990528 0.714863
1.000000 0.776901
