0.000000 0.418072
0.003344 0.698460
0.004507 0.833509
0.013547 0.520363
0.043663 0.222261
0.055322 0.750234
0.073727 0.729918
0.074261 0.474993
0.074668 0.233962
0.075473 0.153385
0.079617 0.753912
0.092347 0.809646
0.105628 0.597609
0.106228 0.439376
0.110619 0.278499
0.111512 0.575221
0.116628 0.189121
0.120509 0.351294
0.124744 0.573427
0.125723 0.265333
0.132153 0.376676
0.132905 0.277842
0.135219 0.619997
0.142032 0.507112
0.143593 0.586377
0.144780 0.395811
0.148965 0.200032
0.161591 0.594086
0.162098 0.295569
0.162716 0.579540
0.165845 0.737937
0.169738 0.723317
0.173758 0.581524
0.174829 0.455778
0.178302 0.645876
0.180233 0.259955
0.181462 0.410051
0.184800 0.688907
0.188060 0.545511
0.188137 0.527465
0.190522 0.623878
0.192600 0.648113
0.205679 0.333743
0.209177 0.797059
0.213572 0.363814
0.219373 0.342742
0.219460 0.660749
0.227191 0.379659
0.229563 0.294654
0.233078 0.624350
0.235068 0.289024
0.237256 0.889199
0.240175 0.959295
0.240693 0.462962
0.241058 0.366958
0.244004 0.414578
0.248241 0.771367
0.248516 0.522013
0.249845 0.323785
0.253482 0.503554
0.255044 0.388455
0.256104 0.178138
0.256846 0.417194
0.257479 0.166799
0.257676 0.590478
0.262176 0.375864
0.263877 0.511177
0.265854 0.661219
0.266391 0.365341
0.266893 0.149797
0.267395 0.439703
0.270758 0.396939
0.272750 0.405793
0.273196 0.482816
0.273462 0.837913
0.275456 0.308824
0.277603 0.746410
0.277690 0.359277
0.282447 0.434855
0.284044 0.883930
0.284940 0.860043
0.285410 0.603376
0.288205 0.402174
0.288957 0.756050
0.291027 0.535673
0.291497 0.707310
0.291622 0.624914
0.293949 0.722022
0.297502 0.876870
0.300286 0.396160
0.300468 0.346461
0.303699 0.465971
0.304656 0.385082
0.305410 0.446357
0.307555 0.898110
0.308543 0.411614
0.310275 0.831132
0.311723 0.454030
0.312178 0.805369
0.314082 0.671505
0.314970 0.594597
0.315051 0.695178
0.318888 0.526424
0.320850 0.240197
0.320888 0.761859
0.322620 0.623141
0.323857 0.700511
0.326429 0.730855
0.330854 0.607804
0.331475 0.259724
0.331901 0.358386
0.334789 0.751668
0.338102 0.674692
0.339474 0.068829
0.341841 0.524177
0.342754 0.685130
0.345051 0.467535
0.349224 0.355724
0.350410 0.514620
0.354813 0.656550
0.354887 0.677759
0.355919 0.449600
0.355971 0.653315
0.358991 0.484478
0.359141 0.631113
0.359691 0.645677
0.359922 0.728713
0.360525 0.676653
0.361127 0.344127
0.361227 0.653669
0.361268 0.651754
0.362299 0.772361
0.363223 0.543220
0.363659 0.544691
0.364500 0.420958
0.365911 0.750133
0.365989 0.819735
0.366582 0.661332
0.368215 0.339729
0.369658 0.479380
0.369663 0.794947
0.369965 0.907696
0.371573 0.584738
0.371736 0.299910
0.373095 0.280056
0.373171 0.461851
0.373949 0.117194
0.374376 0.643675
0.376653 0.376627
0.377960 0.478437
0.378043 0.398039
0.380371 0.748461
0.380943 0.249394
0.381232 0.774283
0.381500 0.538030
0.384050 0.482860
0.385056 0.377879
0.385088 0.138234
0.385535 0.596307
0.387797 0.688100
0.391907 0.482612
0.395376 0.582998
0.396477 0.889261
0.396506 0.586832
0.397844 0.794393
0.398932 0.557815
0.399614 0.577596
0.401672 0.945993
0.401673 0.470013
0.401746 0.341211
0.402015 0.246631
0.403291 0.551929
0.403497 0.243810
0.404273 0.397670
0.404357 0.774616
0.405790 0.469648
0.407011 0.746143
0.409254 0.476654
0.410891 0.220001
0.412465 0.434579
0.412607 0.796606
0.412913 0.419234
0.415815 0.192460
0.416799 0.898595
0.418296 0.849017
0.419274 0.000000
0.421155 0.444475
0.421869 0.780933
0.421950 0.783270
0.424869 0.620278
0.425127 0.673992
0.426059 0.261651
0.426235 0.478156
0.426676 0.406055
0.426774 0.323367
0.427343 0.772389
0.428105 0.297773
0.428364 0.294601
0.430053 0.371920
0.430440 0.414790
0.431576 0.803477
0.432119 0.360821
0.432292 0.208976
0.433631 0.521620
0.434228 0.454564
0.436001 0.760691
0.436669 0.250416
0.437552 0.583217
0.437942 0.542662
0.441946 0.678952
0.443100 0.071674
0.445129 0.538628
0.445428 0.732681
0.445516 0.653862
0.445811 0.733238
0.448157 0.831375
0.448300 0.731179
0.449450 0.304772
0.449621 0.557660
0.450526 0.721746
0.452160 0.798002
0.453141 0.876760
0.453179 0.713842
0.453897 0.594022
0.454670 0.448426
0.454829 0.302393
0.455179 0.751759
0.456477 0.747383
0.457394 0.696109
0.457796 0.253196
0.458748 0.833358
0.459819 0.416154
0.461661 0.490786
0.461662 0.316066
0.461954 0.662130
0.463347 0.273263
0.464096 0.573582
0.464155 0.309152
0.464344 0.705746
0.464577 0.817470
0.468724 0.456405
0.471067 0.278648
0.471517 0.604450
0.472355 0.454188
0.475521 0.394935
0.476191 0.526896
0.476377 0.265964
0.477745 0.781896
0.479315 0.685425
0.480071 0.299763
0.480250 0.316674
0.480904 0.351630
0.481256 0.582264
0.481626 0.410851
0.482194 0.561768
0.482476 0.532980
0.484507 0.708867
0.484912 0.644729
0.485734 0.545925
0.486297 0.857649
0.486689 0.373347
0.487130 0.589484
0.487201 0.678034
0.487353 0.356088
0.489517 0.638383
0.490677 0.496353
0.491519 0.628275
0.491677 0.554541
0.492446 0.461626
0.493477 0.669828
0.493977 0.706200
0.495622 0.212015
0.497219 0.619219
0.498167 0.754993
0.498536 0.406020
0.499101 0.407691
0.501422 0.373241
0.501727 0.328806
0.502865 0.666286
0.503772 0.741605
0.504437 0.785581
0.506879 0.582827
0.507553 0.528260
0.508594 0.321332
0.509898 0.610458
0.510426 0.637073
0.511320 0.464342
0.511430 0.570052
0.511945 0.509093
0.512220 0.655327
0.512745 0.550024
0.513612 0.491327
0.513905 0.606255
0.515968 0.233512
0.519458 0.513910
0.519501 0.465391
0.520030 0.584681
0.520348 0.534638
0.521222 0.764398
0.521932 0.848332
0.522264 0.680751
0.523030 0.334036
0.523862 0.503254
0.524750 0.633281
0.526242 0.403364
0.527944 0.236996
0.532482 0.927308
0.532726 1.000000
0.532787 0.383564
0.533408 0.350610
0.537096 0.754708
0.537949 0.562701
0.540602 0.483057
0.541377 0.234416
0.544774 0.559650
0.545744 0.559153
0.547007 0.277178
0.547090 0.384698
0.547826 0.647419
0.548519 0.501349
0.550487 0.272555
0.552564 0.311183
0.553905 0.609918
0.554556 0.585270
0.555187 0.652779
0.555982 0.728992
0.556764 0.713912
0.557015 0.614904
0.557496 0.605972
0.557515 0.958241
0.558860 0.864602
0.559003 0.449723
0.559126 0.670443
0.559441 0.807030
0.560731 0.467750
0.563545 0.638655
0.564124 0.478317
0.567223 0.389062
0.567293 0.859900
0.567849 0.511560
0.567963 0.577687
0.568570 0.475586
0.569350 0.287660
0.569933 0.463337
0.569935 0.644123
0.570204 0.290062
0.573835 0.675239
0.574458 0.299755
0.575471 0.529246
0.578106 0.652270
0.579772 0.485980
0.580338 0.555315
0.580351 0.662070
0.580667 0.359477
0.580835 0.374876
0.581075 0.347568
0.581225 0.078779
0.583179 0.664308
0.584216 0.779059
0.585003 0.768963
0.585789 0.733780
0.586321 0.546091
0.587587 0.337443
0.587790 0.776651
0.589609 0.623829
0.589719 0.662339
0.590500 0.238936
0.590858 0.884034
0.592159 0.322135
0.593244 0.404867
0.593490 0.400909
0.597778 0.487054
0.599012 0.328858
0.601568 0.375720
0.601964 0.644684
0.608053 0.594396
0.608774 0.420429
0.608813 0.629267
0.609511 0.679144
0.612255 0.884184
0.616055 0.629260
0.616062 0.519968
0.617420 0.789950
0.618817 0.404277
0.619195 0.485354
0.619372 0.190391
0.621390 0.856511
0.622059 0.696079
0.622324 0.730719
0.623089 0.494939
0.624297 0.751527
0.633387 0.682511
0.633451 0.591254
0.633978 0.229545
0.634925 0.682004
0.635931 0.386199
0.639850 0.793479
0.641058 0.357457
0.641953 0.591019
0.642248 0.926566
0.644188 0.635033
0.645603 0.708494
0.645818 0.443001
0.649142 0.700833
0.650301 0.713543
0.651022 0.660711
0.651426 0.473324
0.654140 0.513305
0.654785 0.219760
0.655855 0.506375
0.655982 0.652307
0.657785 0.719932
0.658470 0.479444
0.663240 0.715008
0.665984 0.447872
0.667801 0.740816
0.668507 0.755319
0.670634 0.444116
0.671575 0.694304
0.672374 0.670285
0.675347 0.334219
0.677726 0.334080
0.679597 0.281652
0.679839 0.326287
0.683455 0.708729
0.686059 0.289946
0.686670 0.344861
0.691771 0.451406
0.692207 0.728873
0.693322 0.504620
0.695043 0.338720
0.696600 0.409594
0.700455 0.782963
0.703423 0.500692
0.704258 0.588413
0.704267 0.977869
0.704479 0.506249
0.709267 0.441865
0.710123 0.420883
0.712460 0.347559
0.713198 0.467067
0.713624 0.500903
0.714312 0.734355
0.714346 0.159413
0.714919 0.586796
0.716485 0.572283
0.717034 0.473069
0.718371 0.309351
0.720005 0.693223
0.720691 0.655270
0.721064 0.385784
0.722137 0.946297
0.723416 0.781629
0.724051 0.279295
0.724495 0.438793
0.725882 0.780178
0.726184 0.371879
0.728203 0.644827
0.730096 0.570559
0.734790 0.793947
0.738874 0.413690
0.739068 0.391326
0.739563 0.496186
0.741220 0.785047
0.746138 0.602566
0.747612 0.964481
0.750646 0.466570
0.751919 0.442764
0.752123 0.724630
0.760128 0.702386
0.763218 0.638457
0.763328 0.792563
0.767458 0.735931
0.772984 0.624442
0.775375 0.295057
0.776378 0.530726
0.778756 0.771320
0.786554 0.763964
0.786778 0.552464
0.791765 0.805143
0.793335 0.623153
0.800913 0.633513
0.809609 0.474609
0.812088 0.914459
0.815733 0.521614
0.818025 0.596931
0.819464 0.439831
0.823081 0.382156
0.824379 0.474823
0.827289 0.673049
0.833632 0.731886
0.835058 0.378654
0.839368 0.603655
0.840475 0.525277
0.847516 0.748956
0.848667 0.664448
0.853155 0.563692
0.854631 0.751940
0.862046 0.716519
0.862838 0.382791
0.864564 0.724129
0.880931 0.779274
0.887650 0.767146
0.888367 0.823953
0.893378 0.774059
0.941787 0.907888
0.955975 0.862229
0.981173 0.686802
1.000000 0.246746
