0.000000 0.532897
0.038926 0.583419
0.144793 0.432441
0.158829 0.474022
0.176621 0.132688
0.178462 0.479412
0.187272 0.399908
0.219623 0.526490
0.239932 0.607002
0.252071 0.377556
0.261534 0.450117
0.262746 0.413317
0.275889 0.556358
0.277296 0.271340
0.278454 0.441824
0.281173 0.490724
0.288028 0.401648
0.289972 0.382164
0.295692 0.250091
0.296414 0.504584
0.297484 0.644934
0.300469 0.566985
0.300594 0.430672
0.320610 0.507154
0.322867 0.562368
0.326999 0.649558
0.327273 0.522352
0.327466 0.422872
0.329370 0.219682
0.329573 0.452261
0.331318 0.673121
0.346424 0.542831
0.346949 0.796818
0.349582 0.310084
0.352404 0.548755
0.354535 0.735459
0.355597 0.713147
0.356095 0.691668
0.361742 0.394680
0.362543 0.630490
0.374216 0.483058
0.374623 0.341361
0.376034 0.742551
0.383474 0.478858
0.384784 0.269964
0.386879 0.248771
0.387005 0.651090
0.389826 0.244014
0.389861 0.590548
0.389952 0.501489
0.392328 0.441664
0.393463 0.413667
0.395096 0.465271
0.395097 0.679133
0.395949 0.110845
0.396303 0.304611
0.397343 0.772880
0.397908 0.265084
0.401205 0.796292
0.401349 0.261539
0.401547 0.547319
0.402287 0.443813
0.402502 0.635571
0.406429 0.701043
0.408135 0.370996
0.408800 0.258269
0.410841 0.274988
0.411367 0.730680
0.413033 0.320245
0.417211 1.000000
0.418950 0.526405
0.420753 0.471795
0.421339 0.513901
0.422920 0.539533
0.423842 0.440468
0.424166 0.367094
0.427099 0.744592
0.428479 0.820721
0.428492 0.393586
0.429055 0.703828
0.430025 0.279385
0.434194 0.562616
0.434458 0.571892
0.436178 0.539954
0.436735 0.258927
0.436751 0.752446
0.438656 0.187854
0.439698 0.815025
0.440106 0.015176
0.440591 0.211192
0.443254 0.545586
0.446383 0.399797
0.448962 0.563596
0.451804 0.615838
0.452679 0.244438
0.453232 0.247649
0.453897 0.607962
0.454371 0.455941
0.459659 0.199985
0.459695 0.477612
0.459702 0.536816
0.459809 0.538169
0.459965 0.430039
0.461022 0.692324
0.462397 0.450667
0.462910 0.396837
0.463496 0.567029
0.464222 0.257475
0.464770 0.374530
0.466308 0.387383
0.467745 0.222610
0.468977 0.411135
0.470400 0.617409
0.470630 0.337348
0.473035 0.570087
0.474597 0.403137
0.475185 0.414202
0.475835 0.623011
0.482533 0.771028
0.483115 0.609492
0.483312 0.534216
0.485797 0.253777
0.486380 0.677305
0.488224 0.447068
0.488358 0.704501
0.488411 0.548261
0.489609 0.468294
0.489905 0.435937
0.490009 0.598258
0.495454 0.426366
0.496161 0.338243
0.497341 0.498735
0.498495 0.367705
0.499443 0.474179
0.500709 0.399023
0.502474 0.607418
0.502503 0.619357
0.504230 0.406609
0.505000 0.329596
0.506186 0.602807
0.508083 0.313538
0.509179 0.460721
0.511536 0.786911
0.513274 0.268046
0.514376 0.586508
0.514807 0.285678
0.515384 0.408505
0.516987 0.728076
0.517992 0.801281
0.518950 0.401433
0.519091 0.562741
0.519358 0.786233
0.519454 0.589711
0.519717 0.517712
0.519853 0.472310
0.521428 0.262950
0.522076 0.346539
0.522323 0.018056
0.522505 0.681373
0.524637 0.517572
0.524898 0.369888
0.526471 0.303437
0.527053 0.342790
0.527923 0.632110
0.528248 0.593270
0.529342 0.373150
0.529447 0.684444
0.533341 0.246870
0.533539 0.342553
0.533669 0.361893
0.533679 0.531838
0.534625 0.341475
0.534858 0.551302
0.535074 0.434156
0.535744 0.503253
0.536262 0.367628
0.536756 0.397426
0.538119 0.412759
0.538692 0.393634
0.540034 0.438132
0.540530 0.395845
0.541077 0.743783
0.541616 0.524217
0.541990 0.633950
0.543131 0.685632
0.543351 0.227493
0.543627 0.157491
0.545212 0.566587
0.545242 0.361837
0.545278 0.481889
0.545490 0.328156
0.546864 0.301696
0.546874 0.025781
0.547631 0.413118
0.547638 0.504449
0.547915 0.535609
0.548323 0.101090
0.548890 0.419688
0.549898 0.696679
0.551193 0.473383
0.553091 0.383001
0.553875 0.406788
0.559268 0.415668
0.560009 0.388957
0.560351 0.329677
0.560741 0.616613
0.561603 0.477955
0.562542 0.491017
0.563050 0.478248
0.563276 0.000000
0.564733 0.839769
0.564911 0.407107
0.566629 0.232345
0.568117 0.471213
0.568272 0.397576
0.568808 0.528004
0.569112 0.427651
0.569705 0.635150
0.570348 0.345232
0.570553 0.489019
0.570868 0.289785
0.571804 0.195368
0.572742 0.197336
0.574284 0.304284
0.574320 0.161252
0.574550 0.233380
0.575090 0.484583
0.575311 0.392086
0.578327 0.241752
0.580202 0.722238
0.580541 0.499047
0.580612 0.743082
0.582157 0.301469
0.582548 0.696234
0.585726 0.311202
0.586016 0.416248
0.586455 0.121459
0.588947 0.262312
0.590040 0.333236
0.590141 0.492851
0.594912 0.321047
0.595391 0.600808
0.596537 0.458913
0.597739 0.281864
0.598171 0.358925
0.598693 0.226733
0.598921 0.413698
0.599782 0.510004
0.600390 0.293343
0.601078 0.525214
0.601081 0.721513
0.602486 0.642452
0.603767 0.290275
0.604307 0.299207
0.605279 0.356363
0.606028 0.413301
0.606630 0.409621
0.607269 0.463596
0.607596 0.272024
0.610528 0.750798
0.610666 0.446149
0.610724 0.577900
0.610937 0.389709
0.611180 0.404319
0.611609 0.822705
0.613553 0.126810
0.613577 0.288969
0.615524 0.607014
0.616258 0.127244
0.617277 0.518299
0.618077 0.579649
0.619062 0.772244
0.619640 0.567098
0.620422 0.359981
0.620708 0.270650
0.622940 0.449498
0.623132 0.184126
0.624583 0.463878
0.625229 0.782899
0.628045 0.552207
0.628161 0.514241
0.628645 0.330614
0.630290 0.350106
0.631203 0.337609
0.631435 0.641818
0.631484 0.610511
0.631552 0.658551
0.632542 0.459255
0.632745 0.315587
0.633676 0.480738
0.634030 0.319506
0.634795 0.446986
0.634894 0.591383
0.635347 0.477520
0.635495 0.022782
0.636068 0.396845
0.636217 0.219634
0.636609 0.568832
0.638638 0.296696
0.638688 0.502545
0.638959 0.419106
0.639070 0.329141
0.640018 0.316592
0.640103 0.533835
0.642175 0.655237
0.646165 0.873465
0.652116 0.288234
0.654442 0.592962
0.654894 0.600973
0.656690 0.363345
0.659092 0.504865
0.660103 0.244864
0.661077 0.602312
0.661256 0.369469
0.662320 0.490895
0.662861 0.643233
0.663198 0.580648
0.666720 0.432404
0.668591 0.066636
0.668995 0.364582
0.669047 0.394415
0.669624 0.554791
0.670274 0.444629
0.670492 0.657390
0.671710 0.467399
0.673356 0.477412
0.676998 0.455992
0.677605 0.184631
0.679841 0.303790
0.680488 0.358840
0.682389 0.728415
0.683832 0.393471
0.686150 0.456307
0.686384 0.404593
0.687933 0.460248
0.689874 0.491318
0.692423 0.491607
0.692531 0.512800
0.692684 0.388852
0.697545 0.181484
0.697767 0.408925
0.701095 0.513678
0.703348 0.641036
0.707397 0.637755
0.709068 0.703010
0.711067 0.554993
0.711529 0.314748
0.714035 0.372646
0.715102 0.656884
0.715343 0.483307
0.715677 0.080575
0.716189 0.190618
0.717156 0.546802
0.718443 0.481681
0.718596 0.572104
0.718990 0.861416
0.720765 0.602984
0.721924 0.657146
0.723521 0.614203
0.723914 0.167697
0.725416 0.078055
0.727890 0.505551
0.730313 0.481094
0.731746 0.353899
0.735834 0.654171
0.736853 0.234561
0.737769 0.417985
0.739113 0.432809
0.740138 0.488150
0.747363 0.733682
0.749968 0.413707
0.753071 0.270342
0.753673 0.403150
0.757589 0.468552
0.758670 0.252332
0.761124 0.308329
0.767191 0.822269
0.767650 0.526101
0.774791 0.576417
0.785550 0.240983
0.791936 0.689716
0.792790 0.622536
0.793189 0.636378
0.799224 0.537771
0.799330 0.476861
0.804718 0.216988
0.806213 0.351879
0.811379 0.413773
0.813051 0.292956
0.843811 0.635244
0.843933 0.505540
0.847157 0.311189
0.869950 0.659811
0.891436 0.554373
0.901794 0.576302
0.902091 0.409919
0.921562 0.087784
0.923646 0.334552
0.924748 0.434774
0.935266 0.508868
1.000000 0.522131
