0.000000 0.798500
0.049942 0.428003
0.051970 0.729910
0.054673 0.586495
0.088704 0.513320
0.115269 0.510635
0.126280 0.618541
0.134891 0.452242
0.139355 0.372853
0.153111 0.555423
0.154022 0.540002
0.160063 0.399075
0.162482 0.591059
0.165308 0.907104
0.168273 0.764424
0.172800 0.658529
0.174659 0.429720
0.176132 0.608032
0.181397 0.514997
0.195025 0.465841
0.196380 0.626163
0.200037 0.672143
0.202992 0.712307
0.213430 0.485889
0.216500 0.317834
0.218521 0.584119
0.219428 0.473113
0.224886 0.408706
0.225094 0.896743
0.228379 0.744593
0.229908 0.582823
0.234802 0.212797
0.238423 0.865217
0.238530 0.222923
0.239047 0.462409
0.239360 0.373766
0.239496 0.790031
0.241544 0.798174
0.244849 0.499576
0.249270 0.360818
0.249283 0.511463
0.250548 0.937008
0.252246 0.627279
0.254703 0.857570
0.257629 0.518139
0.259916 0.458144
0.264723 0.431192
0.265869 0.361189
0.267661 0.518648
0.270984 0.747420
0.272531 0.523300
0.274608 0.389495
0.274630 0.691057
0.276413 0.664179
0.280223 0.402950
0.281031 0.368862
0.282176 0.414969
0.283437 0.961011
0.283696 0.659166
0.283790 0.548133
0.285431 0.445776
0.289687 0.444873
0.289899 0.749141
0.292329 0.611931
0.292614 0.744413
0.295276 0.717150
0.295513 0.787943
0.296950 0.792165
0.297253 0.419303
0.297558 0.707429
0.299989 0.683072
0.301457 0.605267
0.302418 0.331424
0.303913 0.543035
0.304272 0.829807
0.305214 0.396443
0.305776 0.450181
0.306725 0.596028
0.306910 0.421139
0.307808 0.634466
0.308076 0.453386
0.308261 0.360348
0.309878 0.989371
0.309882 0.459545
0.311203 0.597741
0.312841 0.319242
0.314103 0.519631
0.314300 0.725685
0.314353 0.703814
0.315986 0.573666
0.316601 0.746853
0.316640 0.503914
0.316772 0.660183
0.317178 0.094498
0.317976 0.246646
0.320173 0.481979
0.320663 0.552748
0.321836 0.347217
0.323658 1.000000
0.324029 0.524664
0.326727 0.679001
0.328665 0.710654
0.328692 0.639186
0.329046 0.671963
0.330483 0.759006
0.330717 0.656351
0.333218 0.694723
0.333499 0.626674
0.333783 0.391615
0.334749 0.357126
0.334827 0.662423
0.335751 0.758543
0.336536 0.491003
0.336667 0.751162
0.336921 0.004171
0.337037 0.744512
0.338515 0.523743
0.338752 0.338479
0.339132 0.447534
0.339537 0.615715
0.340322 0.588923
0.340333 0.710331
0.340700 0.351212
0.341067 0.612317
0.341377 0.595104
0.343819 0.266802
0.344450 0.562845
0.344503 0.437051
0.344739 0.547686
0.345287 0.734167
0.345915 0.394477
0.346732 0.775092
0.347963 0.666936
0.349988 0.604059
0.350330 0.704634
0.351084 0.237005
0.353229 0.644316
0.354024 0.302949
0.355099 0.784640
0.355531 0.196830
0.355908 0.409531
0.357298 0.493846
0.357731 0.457413
0.360340 0.676237
0.361485 0.600276
0.361968 0.384173
0.362443 0.610386
0.362985 0.312381
0.364283 0.532390
0.365509 0.523959
0.367346 0.476607
0.367837 0.886773
0.367965 0.659088
0.368827 0.801088
0.370858 0.404756
0.372436 0.780236
0.373157 0.656618
0.373636 0.649462
0.374095 0.930549
0.375491 0.915142
0.377193 0.753819
0.377769 0.587880
0.379098 0.657107
0.380147 0.494763
0.380723 0.292586
0.380738 0.921697
0.381443 0.762658
0.382528 0.622077
0.383119 0.485985
0.383152 0.748468
0.383164 0.856431
0.383699 0.316215
0.383743 0.365315
0.384715 0.465597
0.386014 0.798281
0.386430 0.251709
0.386645 0.547666
0.386721 0.545498
0.386774 0.740840
0.387287 0.596982
0.389220 0.706982
0.390075 0.688603
0.390335 0.589439
0.391443 0.541415
0.391526 0.547681
0.392418 0.325117
0.393875 0.614334
0.394090 0.385482
0.394555 0.541539
0.395697 0.954130
0.396046 0.375335
0.397342 0.748823
0.397763 0.548596
0.398460 0.549863
0.399766 0.618715
0.399769 0.217106
0.400915 0.423305
0.400959 0.598054
0.401221 0.506408
0.401812 0.379042
0.402899 0.521158
0.404521 0.766424
0.406686 0.755213
0.407770 0.620348
0.408128 0.821644
0.411320 0.743747
0.411336 0.470325
0.411466 0.692538
0.412549 0.606238
0.413017 0.625364
0.415139 0.503260
0.415895 0.639602
0.416221 0.679830
0.417917 0.586351
0.417920 0.511065
0.418511 0.556959
0.420776 0.720657
0.421246 0.611653
0.422582 0.794062
0.423064 0.536462
0.423089 0.325447
0.423487 0.480161
0.424185 0.480069
0.425565 0.409681
0.425896 0.754340
0.427175 0.755417
0.427415 0.715232
0.427631 0.619913
0.427734 0.341361
0.429311 0.277662
0.429515 0.528171
0.430450 0.518558
0.430879 0.462297
0.431459 0.423492
0.432094 0.524128
0.432968 0.780364
0.433289 0.517416
0.433310 0.423654
0.433653 0.416015
0.434036 0.394493
0.434282 0.576335
0.436605 0.812210
0.437297 0.468369
0.437382 0.557670
0.438834 0.629891
0.441931 0.691286
0.442631 0.504585
0.444469 0.691743
0.445792 0.431899
0.446613 0.331464
0.447150 0.461856
0.449617 0.487255
0.451007 0.711924
0.451903 0.338726
0.452408 0.713554
0.452593 0.429790
0.452872 0.414697
0.454090 0.501729
0.454350 0.299360
0.454441 0.287282
0.455294 0.666493
0.455353 0.300016
0.455423 0.431009
0.456211 0.723052
0.457356 0.546178
0.457650 0.716171
0.457820 0.680245
0.458030 0.888589
0.458705 0.548866
0.459546 0.718079
0.459627 0.528020
0.460021 0.296546
0.460544 0.318454
0.460627 0.615543
0.460795 0.683838
0.463837 0.559185
0.464042 0.649120
0.464442 0.596077
0.464707 0.618480
0.465365 0.417907
0.466464 0.576275
0.466998 0.459222
0.468156 0.503874
0.468306 0.693705
0.468715 0.368153
0.469155 0.657538
0.469225 0.706182
0.469890 0.543951
0.470485 0.544858
0.470494 0.497112
0.470502 0.593785
0.470958 0.502161
0.472042 0.343986
0.472840 0.411782
0.473259 0.873776
0.473590 0.693633
0.473892 0.643604
0.473909 0.692693
0.474899 0.759326
0.475182 0.410137
0.475653 0.243168
0.475860 0.587621
0.476029 0.422953
0.476685 0.572845
0.478370 0.482848
0.478805 0.524700
0.479371 0.376938
0.480002 0.415333
0.480029 0.713063
0.480159 0.790091
0.480667 0.755089
0.480950 0.484700
0.483371 0.732608
0.483573 0.471844
0.483925 0.420066
0.484404 0.554225
0.484893 0.542658
0.485195 0.833457
0.485325 0.704230
0.486028 0.400809
0.486669 0.505154
0.486729 0.359718
0.486764 0.229101
0.487577 0.481935
0.488709 0.875437
0.489047 0.762673
0.489905 0.534555
0.490009 0.378451
0.490364 0.586075
0.490573 0.497530
0.490592 0.680269
0.491073 0.311393
0.491775 0.543131
0.491927 0.726980
0.492105 0.472360
0.492774 0.647014
0.492918 0.953727
0.494529 0.513918
0.494691 0.553698
0.495238 0.777680
0.495448 0.540177
0.495558 0.640583
0.495621 0.903232
0.495831 0.459034
0.496358 0.595887
0.498615 0.568255
0.498753 0.680275
0.499011 0.408940
0.499378 0.652290
0.499518 0.659739
0.499859 0.397037
0.500858 0.417419
0.501024 0.561919
0.501726 0.241512
0.502184 0.656977
0.502530 0.388698
0.502639 0.340881
0.503498 0.692182
0.504078 0.546446
0.504167 0.192259
0.504743 0.438878
0.505613 0.645045
0.506067 0.671316
0.506075 0.169290
0.506344 0.663547
0.506454 0.685419
0.506544 0.675675
0.506676 0.583666
0.506964 0.377142
0.508826 0.394919
0.508944 0.682458
0.509784 0.377194
0.509920 0.451899
0.510217 0.438021
0.510286 0.436836
0.510832 0.918871
0.511962 0.741163
0.512042 0.292258
0.512637 0.544549
0.513863 0.854346
0.514498 0.645907
0.514902 0.104044
0.515300 0.603198
0.515451 0.514137
0.516189 0.683266
0.516964 0.607469
0.517123 0.166764
0.517192 0.659431
0.517309 0.317663
0.517691 0.643386
0.518357 0.682785
0.519739 0.587016
0.520919 0.484718
0.521481 0.674949
0.521888 0.640094
0.521942 0.672803
0.521976 0.540072
0.522278 0.361434
0.522918 0.685520
0.523152 0.264608
0.523303 0.577728
0.523635 0.621953
0.524985 0.837750
0.525151 0.239204
0.525266 0.492519
0.526183 0.510030
0.526324 0.411681
0.526369 0.584011
0.526791 0.645084
0.526858 0.768732
0.527544 0.605790
0.528961 0.826117
0.529453 0.743521
0.531235 0.487118
0.531543 0.390258
0.531876 0.837247
0.532231 0.420900
0.533679 0.768058
0.534167 0.396815
0.534826 0.465420
0.534994 0.320225
0.535195 0.589150
0.535252 0.326728
0.537485 0.631806
0.538636 0.750705
0.538842 0.360957
0.539201 0.843670
0.539429 0.496003
0.540390 0.550513
0.540471 0.540082
0.540785 0.589140
0.542055 0.000000
0.542487 0.390473
0.542958 0.915378
0.543282 0.637358
0.543479 0.229648
0.543538 0.577564
0.544042 0.695084
0.544483 0.543754
0.545235 0.528961
0.545326 0.718193
0.550284 0.744760
0.551221 0.642898
0.552003 0.345607
0.552548 0.504601
0.552596 0.544437
0.552728 0.664365
0.553019 0.370636
0.553122 0.488338
0.553600 0.761166
0.553676 0.508197
0.554218 0.609665
0.554443 0.546006
0.555121 0.670964
0.555874 0.516125
0.558538 0.527016
0.560163 0.665251
0.560776 0.789429
0.560832 0.316443
0.561130 0.328657
0.561423 0.705766
0.561510 0.730674
0.563108 0.665799
0.563330 0.573446
0.564395 0.562690
0.564905 0.752689
0.565237 0.483893
0.565895 0.277570
0.568071 0.802113
0.570542 0.316851
0.573622 0.530417
0.574680 0.714287
0.574699 0.680646
0.574772 0.734917
0.575726 0.553369
0.577856 0.519458
0.578735 0.655305
0.578907 0.738766
0.579326 0.719927
0.579570 0.437848
0.579987 0.436348
0.581534 0.576136
0.586032 0.682587
0.586512 0.437014
0.586601 0.927013
0.586943 0.378242
0.588091 0.356240
0.588379 0.368727
0.589435 0.743841
0.589480 0.824071
0.590493 0.654372
0.592083 0.716605
0.593113 0.611769
0.593578 0.390946
0.593802 0.678678
0.593980 0.186404
0.595434 0.453614
0.595853 0.591636
0.596401 0.763385
0.597583 0.678692
0.597838 0.412616
0.598995 0.375395
0.599551 0.631576
0.599987 0.546737
0.601274 0.532029
0.601799 0.528702
0.602347 0.487142
0.602668 0.544564
0.603249 0.330021
0.604437 0.368877
0.604571 0.590040
0.605323 0.447206
0.607066 0.676979
0.607986 0.660747
0.608485 0.685267
0.608518 0.880092
0.608608 0.543740
0.609201 0.433589
0.609472 0.662413
0.611931 0.315801
0.612301 0.657693
0.613268 0.396981
0.613842 0.537547
0.614508 0.432430
0.616349 0.641078
0.616961 0.617891
0.618616 0.625290
0.618617 0.347050
0.619048 0.805341
0.619132 0.832135
0.619772 0.655252
0.620218 0.417186
0.620580 0.626048
0.621458 0.435679
0.621574 0.682494
0.622388 0.487338
0.623919 0.309213
0.624326 0.776788
0.625059 0.349636
0.626895 0.612005
0.628667 0.358508
0.629743 0.346646
0.630415 0.484484
0.630911 0.475933
0.631429 0.164185
0.631786 0.430389
0.631810 0.533135
0.633446 0.503468
0.634181 0.582321
0.635223 0.525318
0.635550 0.973096
0.635843 0.350199
0.635995 0.674446
0.636805 0.664890
0.637866 0.961166
0.639284 0.673155
0.640994 0.260094
0.643266 0.406132
0.643821 0.433702
0.645215 0.519442
0.646541 0.437958
0.647681 0.520151
0.648130 0.538460
0.648379 0.718799
0.648912 0.579931
0.649651 0.351530
0.651880 0.423162
0.653353 0.461783
0.654360 0.832497
0.654985 0.583681
0.654989 0.552244
0.655686 0.202514
0.656198 0.359729
0.657274 0.678029
0.657895 0.582662
0.658085 0.336422
0.660550 0.445853
0.664700 0.653277
0.665770 0.530720
0.665870 0.658648
0.666729 0.819364
0.667024 0.564720
0.670693 0.626859
0.670948 0.554705
0.673270 0.326715
0.676575 0.555675
0.677645 0.662310
0.680119 0.559453
0.685514 0.681469
0.689721 0.134358
0.689855 0.520819
0.691568 0.323789
0.692728 0.608686
0.695076 0.810908
0.697039 0.617106
0.697199 0.639948
0.697350 0.799913
0.701905 0.677901
0.702263 0.906124
0.702954 0.549627
0.704191 0.375454
0.709876 0.713112
0.714692 0.495073
0.716996 0.509744
0.719583 0.521533
0.720585 0.362281
0.724064 0.445734
0.724391 0.598624
0.729538 0.489006
0.729934 0.257740
0.730850 0.456386
0.738631 0.733972
0.751949 0.260574
0.752452 0.791762
0.755633 0.523885
0.756526 0.579329
0.770218 0.415183
0.771498 0.704632
0.771625 0.600440
0.774156 0.649963
0.779572 0.623551
0.802274 0.692500
0.806040 0.390709
0.808537 0.309383
0.836848 0.561492
0.839907 0.556901
0.841935 0.547709
0.850237 0.699191
0.915257 0.685706
1.000000 0.371560
