0.000000 0.948972
0.052410 0.697706
0.056671 1.000000
0.064302 0.663626
0.065954 0.793755
0.075790 0.983107
0.083599 0.786335
0.083860 0.738583
0.090096 0.542175
0.095606 0.677150
0.107815 0.633181
0.110617 0.926398
0.125186 0.875632
0.130212 0.852979
0.133420 0.920815
0.134068 0.922891
0.147660 0.734269
0.157291 0.837632
0.159046 0.550751
0.168119 0.709575
0.168191 0.561914
0.171227 0.740813
0.172886 0.782363
0.177362 0.752983
0.181235 0.711018
0.181924 0.936262
0.183042 0.782678
0.187310 0.765954
0.189576 0.881449
0.190158 0.811573
0.191944 0.805452
0.193848 0.774001
0.195887 0.617344
0.206219 0.623000
0.206649 0.588016
0.206669 0.743466
0.216392 0.831632
0.217632 0.806113
0.218866 0.755956
0.222298 0.774240
0.224758 0.801131
0.226162 0.739101
0.226596 0.438706
0.227129 0.715174
0.227624 0.785412
0.228003 0.557255
0.233945 0.874886
0.238208 0.529261
0.240279 0.662595
0.241547 0.678732
0.243009 0.682459
0.245644 0.675607
0.246055 0.846390
0.248761 0.760862
0.250616 0.834985
0.250735 0.606354
0.252140 0.672613
0.253122 0.613892
0.253773 0.582424
0.254110 0.832229
0.254325 0.621437
0.257685 0.524326
0.258735 0.950740
0.258904 0.733626
0.259764 0.681791
0.259855 0.648429
0.262674 0.726854
0.263855 0.780422
0.263872 0.419604
0.265979 0.557137
0.266573 0.693094
0.266799 0.712227
0.267914 0.704000
0.269141 0.611140
0.269730 0.795459
0.271266 0.649357
0.271974 0.710622
0.273192 0.385598
0.273604 0.598967
0.274590 0.599059
0.276333 0.737208
0.281229 0.714294
0.281902 0.669492
0.283744 0.517372
0.284080 0.703242
0.284392 0.548900
0.284653 0.678821
0.286298 0.799316
0.289663 0.704762
0.289718 0.536430
0.289907 0.537347
0.290159 0.610303
0.291838 0.676929
0.292143 0.814820
0.293577 0.757577
0.293868 0.916714
0.294201 0.598111
0.295741 0.666635
0.296281 0.731741
0.299900 0.655800
0.301402 0.708426
0.302408 0.780108
0.303136 0.578381
0.303177 0.722265
0.303213 0.782984
0.305583 0.734181
0.305881 0.622116
0.306168 0.630963
0.307157 0.768007
0.311560 0.665257
0.311819 0.590293
0.312398 0.647677
0.312835 0.557531
0.313110 0.628337
0.314528 0.599881
0.315196 0.845661
0.315564 0.565313
0.315724 0.705720
0.316208 0.760961
0.317270 0.732104
0.318386 0.531006
0.318840 0.577644
0.319534 0.628765
0.320106 0.689256
0.324403 0.656269
0.326584 0.664312
0.326854 0.612102
0.327513 0.387126
0.327961 0.551914
0.328280 0.623740
0.328381 0.727100
0.329406 0.579316
0.331524 0.586328
0.331711 0.677244
0.332632 0.658041
0.332793 0.705574
0.333072 0.686942
0.333548 0.587326
0.333738 0.659138
0.338724 0.782535
0.339993 0.629510
0.340086 0.435175
0.342052 0.575552
0.344406 0.638651
0.346200 0.729394
0.346244 0.608321
0.346342 0.434483
0.349949 0.747316
0.351803 0.825071
0.351969 0.708712
0.353396 0.741728
0.354019 0.575501
0.354284 0.378551
0.354559 0.572112
0.356733 0.510273
0.357413 0.699173
0.358562 0.497367
0.359841 0.536215
0.361357 0.593661
0.363008 0.605481
0.363098 0.550875
0.363143 0.741649
0.364355 0.557761
0.366041 0.732131
0.367363 0.591015
0.367594 0.529000
0.367644 0.381828
0.368626 0.460658
0.368747 0.566614
0.368751 0.580732
0.369198 0.791133
0.370230 0.603339
0.370282 0.911507
0.371929 0.758471
0.372358 0.497472
0.372501 0.515689
0.373132 0.683665
0.373871 0.785879
0.374443 0.491287
0.374546 0.858058
0.374925 0.719032
0.375490 0.805349
0.375858 0.653073
0.376432 0.749259
0.376739 0.597765
0.380250 0.620403
0.380446 0.586662
0.380808 0.312492
0.382142 0.499222
0.382588 0.588014
0.383183 0.477806
0.383500 0.840935
0.384924 0.644266
0.385083 0.711226
0.385777 0.501785
0.385788 0.446819
0.385952 0.580767
0.386583 0.707006
0.386712 0.541573
0.387037 0.615937
0.387507 0.650820
0.387648 0.623448
0.387759 0.612201
0.387869 0.596745
0.389401 0.460008
0.390176 0.755164
0.390496 0.458620
0.390545 0.721827
0.390591 0.758218
0.390750 0.425290
0.391683 0.708958
0.392286 0.614765
0.392839 0.371785
0.392899 0.559621
0.393266 0.629106
0.394295 0.753243
0.394769 0.584369
0.395446 0.778474
0.395605 0.778559
0.396825 0.741042
0.396898 0.459521
0.398043 0.590898
0.399109 0.524725
0.400304 0.760288
0.401137 0.711509
0.401696 0.702096
0.401775 0.627966
0.402121 0.620391
0.402382 0.444204
0.402980 0.439520
0.403156 0.724133
0.403216 0.540268
0.404793 0.518924
0.405918 0.519042
0.405964 0.656285
0.406141 0.391295
0.406471 0.638554
0.406551 0.463780
0.408005 0.629249
0.408509 0.381162
0.408687 0.555566
0.409161 0.873629
0.410222 0.615205
0.410288 0.563743
0.410307 0.456823
0.410537 0.587094
0.412545 0.728079
0.414353 0.538090
0.414581 0.367653
0.414741 0.493285
0.415337 0.745871
0.416283 0.571002
0.416535 0.608694
0.416537 0.758239
0.416666 0.603069
0.418001 0.597714
0.418868 0.244161
0.420112 0.710906
0.420629 0.544965
0.421256 0.621606
0.421455 0.701610
0.422552 0.701937
0.422971 0.632605
0.424127 0.420419
0.425004 0.605844
0.425305 0.555927
0.425868 0.488048
0.426352 0.295908
0.426918 0.523689
0.426922 0.580575
0.428863 0.579995
0.428922 0.480437
0.429157 0.583500
0.429204 0.743968
0.431625 0.498960
0.431654 0.596708
0.432041 0.577566
0.432670 0.378369
0.433171 0.498908
0.435202 0.690935
0.435760 0.789173
0.435943 0.646592
0.436024 0.600701
0.439105 0.375258
0.439674 0.699491
0.439723 0.665912
0.440202 0.229403
0.440753 0.416885
0.441926 0.550476
0.442169 0.593858
0.442191 0.516370
0.443443 0.460896
0.445327 0.624221
0.445349 0.619726
0.447811 0.395203
0.448815 0.537428
0.450774 0.676429
0.450886 0.591433
0.450917 0.632994
0.451412 0.531005
0.452470 0.670895
0.452788 0.495680
0.454083 0.402495
0.454481 0.737791
0.455103 0.608666
0.455203 0.708536
0.455800 0.640204
0.456656 0.500892
0.457065 0.549544
0.457351 0.513342
0.457697 0.614255
0.458613 0.461911
0.459544 0.437681
0.459778 0.505839
0.460735 0.443808
0.461491 0.535946
0.461868 0.514989
0.462017 0.540625
0.462142 0.581428
0.462365 0.688441
0.462824 0.442983
0.463752 0.555972
0.464241 0.746827
0.464559 0.607795
0.464705 0.473014
0.465309 0.431064
0.465742 0.265278
0.465970 0.500847
0.465972 0.695521
0.466022 0.373311
0.466066 0.504928
0.466677 0.716877
0.466755 0.547595
0.466985 0.877353
0.468119 0.631520
0.469422 0.542138
0.469669 0.412391
0.470029 0.543887
0.470353 0.724420
0.470475 0.450833
0.470578 0.408207
0.471049 0.602133
0.471111 0.548429
0.471197 0.442004
0.471368 0.581965
0.471624 0.464036
0.471903 0.756496
0.472129 0.415846
0.473902 0.621649
0.474010 0.382774
0.474106 0.655527
0.474985 0.708915
0.475219 0.375101
0.475658 0.486994
0.476653 0.630997
0.478285 0.553266
0.478375 0.623034
0.478728 0.483945
0.480454 0.687897
0.480899 0.512771
0.481326 0.529761
0.481569 0.661569
0.482002 0.561921
0.482022 0.565589
0.482768 0.479571
0.483471 0.397936
0.484438 0.814713
0.484566 0.734389
0.484610 0.505300
0.484686 0.471948
0.485919 0.425949
0.486489 0.707681
0.486889 0.556909
0.486949 0.576141
0.487151 0.627152
0.487385 0.437130
0.487633 0.579291
0.487703 0.678217
0.488604 0.567811
0.488692 0.416871
0.488724 0.556421
0.488885 0.446729
0.489667 0.588501
0.490600 0.584406
0.490809 0.440798
0.490980 0.889063
0.491110 0.439340
0.491131 0.660127
0.491184 0.639756
0.491632 0.392803
0.493767 0.368844
0.494633 0.565158
0.494772 0.772676
0.496019 0.423096
0.496218 0.376199
0.496325 0.415717
0.496346 0.414045
0.496491 0.386800
0.497027 0.458577
0.497057 0.481145
0.497102 0.449800
0.497669 0.441284
0.497855 0.314236
0.499482 0.629556
0.499625 0.468820
0.499762 0.451250
0.500199 0.469189
0.501169 0.465135
0.501771 0.724122
0.501774 0.428140
0.501996 0.634717
0.502293 0.520066
0.502364 0.485643
0.502527 0.559293
0.502792 0.727834
0.503265 0.378283
0.503503 0.389311
0.503636 0.375117
0.503973 0.393941
0.504112 0.346416
0.504180 0.484924
0.504247 0.558004
0.504439 0.560926
0.504774 0.695742
0.505612 0.591370
0.506544 0.606104
0.507040 0.724798
0.507053 0.379501
0.508101 0.375796
0.508292 0.390926
0.509143 0.437637
0.509165 0.452051
0.509195 0.587293
0.509719 0.620527
0.509766 0.422555
0.511011 0.633333
0.511053 0.481339
0.511512 0.333784
0.512125 0.415804
0.512234 0.683383
0.512958 0.557912
0.515225 0.436062
0.515374 0.418164
0.517723 0.472759
0.519360 0.572108
0.521352 0.648162
0.521976 0.512248
0.522605 0.706767
0.522920 0.607211
0.523431 0.246896
0.523520 0.532019
0.524469 0.475252
0.524517 0.598421
0.525516 0.698267
0.525532 0.694919
0.525808 0.577829
0.526318 0.550001
0.527464 0.483286
0.528728 0.474730
0.529994 0.439209
0.530493 0.541565
0.530630 0.686371
0.531326 0.304459
0.532000 0.444216
0.532242 0.296999
0.532298 0.635772
0.532427 0.480729
0.532566 0.491270
0.532881 0.685159
0.532899 0.275487
0.534174 0.656135
0.535790 0.431469
0.536085 0.477291
0.536327 0.429306
0.536435 0.298590
0.536484 0.456612
0.536712 0.501060
0.537293 0.586439
0.537654 0.344723
0.538044 0.397495
0.538159 0.592943
0.538534 0.553581
0.538811 0.740604
0.541518 0.469462
0.541540 0.524304
0.542335 0.242705
0.543326 0.453677
0.544313 0.451236
0.546171 0.536211
0.546415 0.652219
0.546727 0.596854
0.546757 0.475193
0.546828 0.537817
0.547005 0.226358
0.547413 0.470285
0.547654 0.470708
0.547845 0.574896
0.548508 0.568523
0.548625 0.566131
0.550276 0.502512
0.550691 0.349690
0.552792 0.515034
0.553436 0.658552
0.553490 0.443088
0.553675 0.634614
0.554224 0.260759
0.554294 0.254523
0.554774 0.436133
0.555162 0.345464
0.555311 0.480503
0.556346 0.444261
0.556671 0.532966
0.557317 0.384779
0.557864 0.531486
0.558228 0.688142
0.559376 0.431986
0.559781 0.604007
0.560745 0.444648
0.560913 0.337834
0.560975 0.676147
0.563655 0.561764
0.563834 0.641468
0.564175 0.366280
0.564420 0.612094
0.564844 0.512392
0.566053 0.520133
0.566634 0.441549
0.567208 0.529077
0.569055 0.346541
0.569922 0.514452
0.571935 0.346351
0.572013 0.459190
0.572601 0.203642
0.574788 0.512640
0.576238 0.308084
0.576610 0.677217
0.577134 0.658202
0.577783 0.568666
0.578305 0.639697
0.578422 0.522366
0.578859 0.370381
0.579132 0.583355
0.579265 0.599610
0.579569 0.315968
0.579705 0.427421
0.581255 0.466432
0.581792 0.598298
0.583694 0.451336
0.583976 0.308199
0.584453 0.351822
0.584654 0.343197
0.585726 0.462838
0.585947 0.597983
0.586642 0.551138
0.587274 0.439968
0.587537 0.665043
0.588667 0.580670
0.588759 0.469220
0.589182 0.688649
0.589586 0.426026
0.590381 0.583038
0.591206 0.596221
0.591891 0.376062
0.592142 0.393573
0.592978 0.346733
0.594125 0.479544
0.594595 0.356303
0.595292 0.305316
0.597231 0.434370
0.597723 0.337322
0.597896 0.528667
0.597970 0.558809
0.598330 0.470014
0.600419 0.482640
0.601415 0.699421
0.601669 0.455520
0.601771 0.351703
0.602229 0.214071
0.602635 0.472719
0.602680 0.346248
0.602822 0.465945
0.604556 0.593013
0.604678 0.364010
0.605192 0.517026
0.605253 0.653159
0.606475 0.408474
0.608003 0.545169
0.608006 0.453447
0.610829 0.377835
0.611614 0.464854
0.611962 0.404096
0.612454 0.456757
0.612508 0.190188
0.614158 0.444644
0.614857 0.236454
0.615463 0.400024
0.615534 0.525516
0.617468 0.382149
0.618335 0.511653
0.620488 0.481608
0.621551 0.442503
0.621928 0.401218
0.624119 0.250322
0.625307 0.601470
0.625329 0.407902
0.625589 0.601723
0.625835 0.288493
0.626821 0.655535
0.629232 0.370154
0.629247 0.373295
0.630066 0.548762
0.630712 0.306685
0.630842 0.124021
0.632246 0.421323
0.632899 0.392148
0.633012 0.484774
0.633305 0.453845
0.633412 0.327327
0.633909 0.555242
0.634108 0.404688
0.634880 0.249714
0.635071 0.460434
0.635759 0.686452
0.638389 0.528378
0.638697 0.479395
0.639332 0.224501
0.639773 0.311584
0.641315 0.443284
0.643211 0.304409
0.644542 0.415230
0.646006 0.389316
0.646781 0.054270
0.648593 0.549805
0.648633 0.292964
0.648733 0.541805
0.648958 0.525152
0.649014 0.530859
0.650651 0.502542
0.651291 0.264534
0.653194 0.249970
0.654125 0.609774
0.654774 0.418326
0.656758 0.231921
0.656812 0.430777
0.657726 0.467156
0.657850 0.510812
0.658705 0.347273
0.658862 0.490750
0.658947 0.508183
0.661010 0.150096
0.661428 0.196652
0.663133 0.369105
0.663295 0.300570
0.663413 0.366402
0.664524 0.588990
0.664758 0.334073
0.665666 0.342120
0.667566 0.343962
0.670360 0.239932
0.671803 0.480399
0.673842 0.360188
0.673882 0.231268
0.674848 0.580953
0.675152 0.358795
0.676255 0.244259
0.676571 0.281156
0.676933 0.618484
0.676938 0.387137
0.677238 0.283796
0.678076 0.212492
0.678220 0.503596
0.678401 0.445540
0.678595 0.347964
0.679201 0.329092
0.679603 0.406863
0.680290 0.613581
0.682456 0.359737
0.682789 0.288045
0.684202 0.384504
0.685169 0.444824
0.686873 0.491539
0.688249 0.460888
0.689937 0.234550
0.691200 0.185660
0.692706 0.454359
0.693990 0.373906
0.693993 0.371792
0.694361 0.491166
0.695656 0.449602
0.698722 0.330973
0.699311 0.415861
0.700622 0.452076
0.702137 0.090150
0.702425 0.535157
0.705518 0.471618
0.706073 0.243498
0.706840 0.342302
0.708366 0.151498
0.708492 0.339278
0.708939 0.301834
0.709505 0.552899
0.709870 0.438806
0.710629 0.240557
0.711229 0.479423
0.713314 0.370615
0.714311 0.208190
0.717655 0.519240
0.718123 0.503073
0.718817 0.464468
0.721324 0.176610
0.722935 0.308598
0.723010 0.353477
0.723166 0.138681
0.723988 0.614259
0.726068 0.297244
0.728864 0.469741
0.732728 0.090587
0.733059 0.355922
0.733252 0.425672
0.738507 0.392967
0.741193 0.391038
0.742422 0.282848
0.743917 0.176278
0.750687 0.408129
0.751202 0.298206
0.753639 0.158860
0.753989 0.155989
0.756234 0.251495
0.760318 0.363962
0.760492 0.325072
0.760923 0.265410
0.762013 0.108190
0.763910 0.203084
0.764185 0.274384
0.767457 0.267349
0.768044 0.455407
0.769276 0.353034
0.769743 0.400562
0.771485 0.287283
0.773091 0.496847
0.775339 0.385064
0.775617 0.561679
0.777697 0.387784
0.777729 0.373226
0.778494 0.400533
0.786001 0.362901
0.792648 0.146514
0.792986 0.199291
0.808677 0.119178
0.810522 0.196311
0.813017 0.170317
0.829694 0.247656
0.835967 0.210112
0.850895 0.406999
0.852815 0.024243
0.855445 0.547208
0.856559 0.326956
0.859136 0.072676
0.870678 0.273294
0.873738 0.125328
0.879677 0.275675
0.904962 0.334783
0.909937 0.033597
0.912551 0.250159
0.914148 0.000000
0.916795 0.178093
0.917202 0.343257
1.000000 0.305165
