0.000000 1.000000
0.028515 0.973448
0.034035 0.987257
0.044886 0.957334
0.046186 0.935592
0.046696 0.949277
0.055408 0.941537
0.055453 0.974607
0.059021 0.979163
0.071471 0.949798
0.084569 0.947734
0.112169 0.900228
0.134965 0.863295
0.140976 0.881682
0.146970 0.877068
0.151490 0.856234
0.156323 0.856381
0.164244 0.855389
0.164405 0.859633
0.164902 0.828071
0.169075 0.839450
0.173417 0.849960
0.177978 0.835068
0.178492 0.827493
0.183193 0.834374
0.184060 0.847727
0.188526 0.816694
0.189359 0.838160
0.189537 0.828825
0.190728 0.808505
0.192939 0.828840
0.195308 0.785383
0.197694 0.826715
0.205171 0.809637
0.211683 0.789577
0.214043 0.790833
0.220498 0.807652
0.222623 0.794433
0.226962 0.769295
0.227541 0.768656
0.233330 0.779243
0.236194 0.770440
0.237035 0.774185
0.237299 0.768460
0.238902 0.770785
0.239000 0.773243
0.241401 0.788221
0.242955 0.769494
0.244564 0.753155
0.245823 0.771566
0.254880 0.766070
0.255225 0.763941
0.256765 0.771922
0.261475 0.760579
0.265671 0.759583
0.265965 0.731829
0.266889 0.742652
0.267831 0.724841
0.268730 0.732093
0.269289 0.762234
0.271151 0.750503
0.273303 0.737703
0.275202 0.736057
0.276392 0.739097
0.289228 0.720749
0.289388 0.719491
0.289611 0.723966
0.289635 0.701173
0.295373 0.710685
0.296263 0.694247
0.296739 0.719529
0.297577 0.725357
0.297799 0.703615
0.303413 0.721876
0.306560 0.684853
0.306636 0.698952
0.306976 0.702121
0.307127 0.706163
0.309078 0.689109
0.310215 0.672440
0.318507 0.691693
0.318552 0.696416
0.318920 0.675768
0.320914 0.687579
0.321153 0.697115
0.321879 0.685921
0.322081 0.692294
0.325779 0.673699
0.328325 0.683950
0.329846 0.683566
0.330110 0.698594
0.332774 0.671799
0.332885 0.671938
0.333000 0.651769
0.333197 0.671199
0.333822 0.690304
0.333843 0.663711
0.335317 0.662184
0.337124 0.687925
0.338832 0.666226
0.339470 0.665627
0.340026 0.647479
0.340883 0.692783
0.342054 0.663927
0.342248 0.680975
0.342803 0.659136
0.342827 0.667713
0.343625 0.670700
0.344012 0.678823
0.346054 0.665673
0.346858 0.686833
0.348033 0.681328
0.349458 0.669635
0.350643 0.659011
0.351765 0.654954
0.351989 0.658952
0.353486 0.633578
0.354202 0.654705
0.357114 0.656322
0.358750 0.659842
0.359514 0.641561
0.362661 0.630880
0.363042 0.651180
0.365427 0.627259
0.365885 0.644920
0.366370 0.666145
0.367478 0.636330
0.369966 0.645274
0.370007 0.622836
0.371212 0.640916
0.371249 0.652438
0.371542 0.650542
0.372465 0.612302
0.372715 0.659885
0.373073 0.627778
0.374217 0.617639
0.374646 0.629817
0.375107 0.631826
0.376054 0.637770
0.377257 0.628384
0.379248 0.619995
0.379301 0.620323
0.379560 0.611391
0.380057 0.630030
0.386807 0.628271
0.387304 0.619962
0.388522 0.607313
0.390422 0.637265
0.390673 0.589547
0.390974 0.621573
0.391110 0.618844
0.391676 0.614529
0.392958 0.610037
0.395271 0.615646
0.395969 0.624605
0.396316 0.617934
0.396486 0.608841
0.396626 0.610267
0.397057 0.595337
0.398913 0.609086
0.399679 0.597907
0.401744 0.583880
0.402379 0.600962
0.405042 0.587608
0.405679 0.595676
0.406833 0.595341
0.407846 0.590550
0.410376 0.584477
0.411903 0.583729
0.411906 0.601177
0.411917 0.593355
0.412138 0.596429
0.412565 0.595350
0.412844 0.593874
0.414763 0.597788
0.416862 0.600029
0.417070 0.574435
0.417096 0.561466
0.417841 0.578092
0.418644 0.578549
0.419084 0.605708
0.419716 0.589224
0.419782 0.572543
0.420267 0.559274
0.420796 0.576363
0.421289 0.570980
0.423326 0.578884
0.423636 0.588082
0.424771 0.601639
0.425650 0.586319
0.426703 0.572910
0.426866 0.563261
0.427064 0.562126
0.427674 0.587656
0.429247 0.576324
0.431074 0.572338
0.431169 0.579532
0.431247 0.580658
0.431857 0.593034
0.433286 0.560337
0.433353 0.579423
0.433430 0.574356
0.434391 0.574524
0.434442 0.569450
0.435395 0.576192
0.437079 0.567856
0.438426 0.551460
0.440831 0.577518
0.442634 0.589200
0.443904 0.556415
0.444256 0.558016
0.446846 0.577996
0.447356 0.564802
0.447820 0.554373
0.448410 0.561951
0.451102 0.545602
0.451392 0.559592
0.452011 0.559880
0.452267 0.553984
0.454496 0.550620
0.455492 0.567022
0.456476 0.543389
0.456892 0.544701
0.457862 0.549668
0.461576 0.564413
0.463653 0.522837
0.464003 0.543461
0.465084 0.544151
0.466001 0.558808
0.466231 0.529119
0.467446 0.532485
0.467734 0.546455
0.468911 0.550527
0.469072 0.543921
0.469135 0.546210
0.469356 0.531542
0.469833 0.538034
0.470337 0.522950
0.471803 0.527878
0.471857 0.552347
0.473082 0.528548
0.473347 0.521202
0.474789 0.522538
0.475519 0.533304
0.476978 0.500736
0.478599 0.533915
0.480046 0.531443
0.481171 0.531991
0.481402 0.511510
0.484122 0.535293
0.484735 0.511026
0.484944 0.521377
0.485089 0.513920
0.486550 0.527004
0.487219 0.512531
0.487483 0.527549
0.488137 0.513915
0.488419 0.515536
0.489566 0.528754
0.490927 0.517696
0.492019 0.510841
0.492536 0.514026
0.493663 0.506097
0.494344 0.518593
0.494349 0.512271
0.494879 0.499875
0.495484 0.518858
0.499507 0.494568
0.500255 0.503353
0.501457 0.516211
0.502141 0.502556
0.504081 0.481144
0.504376 0.509029
0.504518 0.523127
0.505334 0.473063
0.506267 0.506173
0.506895 0.498596
0.507848 0.493104
0.508772 0.458747
0.510278 0.486257
0.512806 0.493742
0.513204 0.496265
0.514614 0.496613
0.515373 0.482642
0.516558 0.502521
0.516833 0.483922
0.516968 0.482977
0.517745 0.488145
0.517772 0.492092
0.519417 0.469963
0.521379 0.491008
0.521803 0.458925
0.523202 0.472614
0.526186 0.474957
0.526283 0.475283
0.530760 0.475936
0.531414 0.450687
0.534801 0.468106
0.536825 0.486934
0.538463 0.447451
0.540971 0.438884
0.542815 0.466647
0.553302 0.430785
0.554144 0.442833
0.557540 0.434890
0.557543 0.452000
0.558079 0.428460
0.558991 0.435942
0.561776 0.422569
0.562782 0.441308
0.564024 0.419016
0.565174 0.443155
0.566218 0.452683
0.566771 0.450985
0.568216 0.443925
0.569002 0.428405
0.569322 0.429202
0.569527 0.459688
0.570953 0.447032
0.572129 0.442662
0.573068 0.415446
0.574396 0.420353
0.578707 0.421251
0.578767 0.433409
0.579555 0.428312
0.580345 0.411954
0.581382 0.425215
0.585075 0.417704
0.586771 0.412997
0.587419 0.411153
0.587560 0.410634
0.588398 0.379950
0.589987 0.424904
0.592222 0.399811
0.593653 0.418572
0.593758 0.399713
0.593792 0.411792
0.593898 0.399881
0.597947 0.391835
0.598632 0.415935
0.601604 0.376593
0.602642 0.400150
0.608466 0.394879
0.608731 0.405242
0.609515 0.415372
0.612199 0.351750
0.614821 0.380376
0.615038 0.361590
0.618467 0.365139
0.622034 0.363664
0.622575 0.379733
0.624222 0.373473
0.626128 0.382258
0.626910 0.383299
0.629627 0.355590
0.629979 0.353175
0.630291 0.382068
0.631437 0.379652
0.635472 0.348369
0.637409 0.340941
0.637449 0.366021
0.639608 0.373041
0.640314 0.373327
0.645253 0.352910
0.645929 0.348122
0.647412 0.349671
0.650636 0.334861
0.652377 0.343532
0.655051 0.342478
0.662885 0.342183
0.663223 0.330538
0.668394 0.348864
0.668420 0.306511
0.673981 0.315415
0.675412 0.320501
0.684964 0.314710
0.685640 0.305112
0.686045 0.295643
0.687581 0.300653
0.689099 0.309652
0.691869 0.315559
0.692776 0.323544
0.693748 0.307700
0.694932 0.298205
0.706281 0.272039
0.706820 0.281974
0.712472 0.270668
0.716585 0.286508
0.717016 0.280856
0.717584 0.278772
0.720717 0.265394
0.725920 0.266712
0.726207 0.271306
0.728068 0.267720
0.731056 0.271866
0.732059 0.260866
0.733066 0.254471
0.735200 0.234855
0.737939 0.246194
0.738938 0.245904
0.747673 0.242992
0.752098 0.237778
0.758617 0.234775
0.759756 0.242354
0.763311 0.235980
0.767526 0.244362
0.769500 0.202439
0.803305 0.192842
0.818487 0.182064
0.837484 0.155691
0.863922 0.126533
0.885308 0.098598
0.890625 0.100859
0.904224 0.098558
0.904501 0.086620
0.910818 0.079532
0.968382 0.015455
1.000000 0.000000
