0.000000 0.278628
0.050377 0.454243
0.100388 0.568827
0.129395 0.372094
0.202749 0.342669
0.205906 0.758608
0.217048 0.282715
0.223404 0.406952
0.231930 0.502241
0.240141 0.187401
0.255500 0.656118
0.267940 0.394883
0.271137 0.562450
0.291699 0.412783
0.301225 0.589595
0.301706 0.293912
0.306465 0.530025
0.309854 0.578821
0.322417 0.529466
0.329779 0.580744
0.338186 0.775736
0.344187 0.000000
0.350580 0.691754
0.352079 0.559217
0.354930 0.440544
0.355776 0.555590
0.366291 0.585031
0.368983 0.602718
0.369436 0.491304
0.369485 0.561538
0.373804 0.756114
0.378625 0.422152
0.381736 0.414353
0.381865 0.627313
0.382493 0.711534
0.385595 0.470243
0.388927 0.570435
0.404867 0.678373
0.412215 0.775215
0.418693 0.529545
0.418998 0.906288
0.419445 0.336379
0.419711 0.464207
0.421665 0.419250
0.422057 0.611415
0.423644 0.790525
0.424799 0.592318
0.425556 0.359370
0.430161 0.510420
0.431004 0.556165
0.431030 0.689070
0.434133 0.708840
0.434290 0.672243
0.436506 0.837219
0.441699 0.556123
0.443427 0.519616
0.447076 0.639289
0.450403 0.667013
0.450528 0.393970
0.451143 0.447756
0.453421 0.529385
0.455272 0.584407
0.460382 0.646547
0.460746 0.411185
0.463895 0.840038
0.469327 0.426242
0.469359 0.657656
0.472022 0.561831
0.472074 0.261589
0.472267 0.674769
0.472594 0.358659
0.477328 0.736933
0.477755 0.502443
0.478798 0.513899
0.487633 0.608769
0.487736 0.392964
0.487798 0.576450
0.488231 0.753710
0.488551 0.554844
0.489964 0.533398
0.489976 0.444692
0.493282 0.587398
0.498049 0.797394
0.500765 0.458040
0.501238 0.371071
0.504177 0.598277
0.505188 0.655502
0.505203 0.678682
0.507808 0.550263
0.508747 0.690950
0.508775 0.463193
0.508952 0.678362
0.509847 0.499135
0.515763 0.646674
0.517181 0.508020
0.518082 0.400740
0.521821 0.456894
0.523325 0.421676
0.523973 0.757191
0.526571 0.618511
0.527091 0.601446
0.531385 0.450111
0.533280 0.789359
0.533291 0.503985
0.535073 0.925625
0.537848 0.462166
0.540415 0.590815
0.540950 0.303825
0.545542 0.592515
0.548841 0.420811
0.554798 0.854230
0.555930 0.711016
0.559413 0.618786
0.559692 0.528697
0.561816 0.621922
0.562401 0.431725
0.564803 0.836810
0.565281 0.573868
0.566285 0.901476
0.570497 0.353889
0.573042 0.701889
0.575040 0.485964
0.575339 0.610849
0.576196 1.000000
0.579878 0.370962
0.580933 0.725441
0.585585 0.553057
0.585680 0.489129
0.586141 0.496533
0.590346 0.606986
0.590988 0.563085
0.594559 0.519060
0.601242 0.700531
0.604299 0.599576
0.604350 0.512126
0.604725 0.784180
0.605858 0.578628
0.606247 0.141157
0.606894 0.702256
0.607402 0.721602
0.607680 0.588577
0.611644 0.746558
0.611659 0.481280
0.612737 0.741783
0.612848 0.450870
0.614143 0.395020
0.616443 0.426409
0.617605 0.657205
0.617663 0.562668
0.617866 0.639462
0.618147 0.713789
0.618639 0.705461
0.619388 0.396955
0.619935 0.493698
0.620598 0.461395
0.626688 0.558537
0.637645 0.573192
0.640517 0.559845
0.641320 0.417769
0.651719 0.481236
0.653876 0.836482
0.654661 0.670142
0.665136 0.667853
0.665327 0.670325
0.671931 0.551789
0.675604 0.671221
0.677760 0.563388
0.679810 0.669915
0.680883 0.522832
0.683974 0.767748
0.684475 0.562251
0.686807 0.494064
0.689714 0.582815
0.697747 0.822153
0.697983 0.594200
0.700308 0.381689
0.701395 0.414099
0.701534 0.340315
0.702872 0.539290
0.703428 0.646469
0.705778 0.715840
0.705933 0.650390
0.710519 0.532748
0.710600 0.716208
0.711198 0.839318
0.713551 0.725573
0.718522 0.592917
0.724240 0.958521
0.724571 0.848564
0.726299 0.648656
0.729038 0.614402
0.736250 0.538216
0.736389 0.693142
0.737060 0.772871
0.740107 0.409447
0.742979 0.695992
0.744590 0.610186
0.744856 0.666190
0.745339 0.511614
0.746658 0.533896
0.752712 0.747100
0.759678 0.675181
0.759746 0.521849
0.760230 0.486651
0.763295 0.722108
0.772730 0.374500
0.774108 0.535215
0.786848 0.676168
0.788953 0.512594
0.798433 0.531821
0.800961 0.539377
0.803319 0.595377
0.809319 0.809405
0.811522 0.670276
0.811609 0.467323
0.817839 0.644743
0.821106 0.521551
0.822734 0.719450
0.825365 0.782442
0.832413 0.736825
0.834818 0.736522
0.835431 0.650541
0.835545 0.608025
0.837453 0.552153
0.840997 0.626295
0.844731 0.458183
0.846148 0.680864
0.856586 0.709598
0.885607 0.773177
0.886557 0.952584
0.905528 0.422350
0.933422 0.643610
0.935555 0.676723
0.977545 0.730721
0.979810 0.903832
1.000000 0.720083
