0.000000 0.144719
0.006399 0.132963
0.007175 0.071163
0.008721 0.000000
0.013082 0.118230
0.014967 0.123587
0.018712 0.126969
0.023668 0.022559
0.024650 0.061404
0.030123 0.112873
0.035115 0.131536
0.038625 0.128571
0.043130 0.109529
0.047604 0.149480
0.052153 0.090193
0.052517 0.145350
0.052545 0.209174
0.054587 0.062886
0.055069 0.116775
0.063282 0.116373
0.066365 0.056937
0.069329 0.133958
0.071639 0.149772
0.072402 0.170575
0.073276 0.081110
0.075100 0.173700
0.077935 0.115857
0.078938 0.218174
0.084490 0.105301
0.084781 0.124629
0.086006 0.148599
0.086024 0.136374
0.086801 0.101482
0.087497 0.144780
0.088744 0.193928
0.094452 0.197090
0.095760 0.107927
0.099096 0.148826
0.099217 0.198591
0.102608 0.145336
0.102854 0.181321
0.103229 0.170058
0.104199 0.190577
0.105784 0.201260
0.106357 0.177698
0.107758 0.205117
0.108961 0.176587
0.111506 0.181642
0.111594 0.138731
0.114768 0.210672
0.115526 0.163898
0.118851 0.158848
0.123121 0.163879
0.123291 0.188739
0.124477 0.186933
0.125325 0.100787
0.131812 0.185659
0.139451 0.177480
0.141639 0.263004
0.144049 0.197362
0.145117 0.191114
0.145656 0.210655
0.145830 0.274176
0.146107 0.156806
0.149625 0.174215
0.152328 0.300569
0.152835 0.303678
0.153657 0.284891
0.157119 0.259809
0.157822 0.249754
0.158327 0.238033
0.158565 0.187684
0.159315 0.205365
0.160510 0.356364
0.160631 0.199826
0.163685 0.298927
0.164432 0.200066
0.168577 0.260952
0.168977 0.207227
0.170921 0.208459
0.173270 0.219066
0.173585 0.206069
0.174497 0.283823
0.174852 0.250653
0.175072 0.245776
0.176439 0.270963
0.176925 0.189299
0.177252 0.236719
0.177272 0.236191
0.178831 0.280285
0.179641 0.167927
0.181818 0.185094
0.182157 0.304718
0.183291 0.241033
0.186655 0.233711
0.187516 0.247562
0.187977 0.248338
0.190149 0.309050
0.190711 0.294031
0.190908 0.223060
0.192184 0.276150
0.193915 0.298285
0.194247 0.230383
0.194632 0.190012
0.197416 0.233916
0.198097 0.252444
0.198874 0.321852
0.199952 0.207328
0.200312 0.365820
0.200321 0.183753
0.204253 0.310647
0.207979 0.252033
0.208142 0.281940
0.210227 0.325929
0.210939 0.197258
0.213066 0.211600
0.213183 0.326056
0.213476 0.239431
0.214559 0.232611
0.214584 0.300937
0.215381 0.311569
0.215642 0.195698
0.216153 0.273434
0.216670 0.225946
0.216947 0.293558
0.219914 0.274930
0.220091 0.235561
0.224177 0.227661
0.224232 0.255885
0.225196 0.272052
0.232641 0.182554
0.232657 0.281206
0.234796 0.280918
0.234847 0.208347
0.235840 0.328334
0.236167 0.245863
0.237786 0.361317
0.238746 0.210699
0.239170 0.307468
0.240336 0.356693
0.242430 0.339134
0.243157 0.266216
0.243620 0.345510
0.243833 0.307344
0.244797 0.341304
0.245034 0.232950
0.245577 0.244070
0.246047 0.358958
0.246265 0.312460
0.247011 0.272076
0.247030 0.210776
0.247700 0.338593
0.248097 0.254632
0.248790 0.297542
0.250912 0.310175
0.251688 0.300120
0.256098 0.306101
0.256967 0.360546
0.258451 0.296108
0.259765 0.328132
0.262666 0.346507
0.265543 0.262790
0.266705 0.370814
0.267281 0.354532
0.269387 0.265286
0.269539 0.384811
0.271443 0.404635
0.271635 0.284435
0.271742 0.304489
0.271784 0.263210
0.272665 0.398386
0.279104 0.348439
0.279518 0.317390
0.282993 0.237571
0.283650 0.382629
0.284761 0.292209
0.287204 0.396363
0.288019 0.393136
0.288447 0.364305
0.288750 0.388441
0.289502 0.337644
0.289574 0.283156
0.290360 0.337367
0.291433 0.367410
0.292243 0.367346
0.293666 0.275018
0.294110 0.303761
0.297661 0.335440
0.299472 0.437370
0.299768 0.344637
0.299779 0.352523
0.301672 0.411975
0.301677 0.303724
0.303850 0.307868
0.304854 0.354564
0.306670 0.301110
0.307622 0.265652
0.307816 0.278502
0.309081 0.361599
0.309565 0.343898
0.310213 0.293192
0.311263 0.429687
0.311757 0.264693
0.311781 0.412150
0.315308 0.420006
0.315480 0.345511
0.315678 0.384303
0.315705 0.350813
0.316031 0.394444
0.316162 0.404029
0.317015 0.371437
0.317047 0.204284
0.317499 0.384548
0.318233 0.331956
0.318720 0.323205
0.320031 0.391801
0.320822 0.337466
0.322510 0.408012
0.323679 0.395050
0.324117 0.397245
0.324854 0.387243
0.326560 0.358305
0.327432 0.372598
0.327989 0.412656
0.328096 0.450613
0.330162 0.299325
0.330835 0.477573
0.331204 0.402432
0.333414 0.316133
0.335115 0.345539
0.335681 0.385890
0.336105 0.322404
0.337178 0.354912
0.337890 0.414532
0.338765 0.397852
0.338936 0.406749
0.340832 0.479967
0.342400 0.449114
0.343420 0.414392
0.343488 0.426686
0.344356 0.426272
0.346070 0.470057
0.347754 0.347656
0.349089 0.436241
0.349954 0.423749
0.350306 0.384280
0.352218 0.342768
0.352223 0.365317
0.352676 0.342460
0.353510 0.368415
0.356293 0.340733
0.357346 0.372509
0.358947 0.393328
0.359264 0.434545
0.360725 0.301707
0.362610 0.369219
0.363113 0.401397
0.365176 0.491355
0.366154 0.383759
0.368441 0.418940
0.369929 0.408605
0.370122 0.486427
0.372816 0.423798
0.374623 0.362790
0.375042 0.386745
0.375855 0.482704
0.377862 0.528044
0.377966 0.382854
0.379951 0.439145
0.380780 0.384168
0.380888 0.515823
0.387441 0.347454
0.387462 0.358197
0.388379 0.420423
0.389602 0.471878
0.390299 0.452720
0.391079 0.425091
0.393195 0.390621
0.394670 0.506916
0.397583 0.408242
0.399700 0.494380
0.400746 0.541879
0.401358 0.380617
0.402677 0.370274
0.403722 0.415092
0.404931 0.391518
0.405184 0.429164
0.407311 0.416221
0.408457 0.492908
0.409590 0.439813
0.415296 0.420375
0.416278 0.517697
0.417037 0.420105
0.420910 0.435192
0.421959 0.388955
0.422390 0.417814
0.422606 0.409460
0.424038 0.496817
0.428233 0.472231
0.429934 0.426916
0.431621 0.536853
0.432883 0.454170
0.436537 0.492752
0.438101 0.426878
0.439072 0.471511
0.440343 0.546056
0.441799 0.456184
0.444946 0.454903
0.448552 0.535285
0.449297 0.490245
0.451364 0.497688
0.456337 0.531670
0.459796 0.525062
0.460040 0.509457
0.460648 0.461440
0.461802 0.462619
0.462209 0.524728
0.463602 0.442070
0.465377 0.530190
0.465739 0.462992
0.466430 0.513184
0.467534 0.502735
0.469510 0.455526
0.470568 0.442363
0.470804 0.586045
0.472543 0.481102
0.474985 0.524621
0.476451 0.481255
0.476656 0.508011
0.476805 0.532927
0.478224 0.516653
0.478619 0.461578
0.484790 0.512991
0.487138 0.496734
0.487432 0.487783
0.488012 0.618778
0.492286 0.585385
0.500928 0.532354
0.501601 0.482009
0.501899 0.507367
0.502445 0.580970
0.502954 0.567051
0.504580 0.571862
0.507571 0.591709
0.512590 0.548752
0.513055 0.588811
0.513150 0.499924
0.514742 0.584375
0.519720 0.460982
0.519986 0.556001
0.520530 0.565107
0.524021 0.551839
0.525006 0.591439
0.531419 0.560943
0.531729 0.627579
0.532285 0.532950
0.538299 0.499508
0.541903 0.514744
0.552544 0.686781
0.555675 0.600456
0.556593 0.521844
0.560018 0.580770
0.567226 0.449076
0.571523 0.615991
0.571550 0.567298
0.582910 0.602742
0.583262 0.613070
0.585900 0.580479
0.586791 0.644745
0.588612 0.560542
0.593943 0.561813
0.604105 0.571425
0.610196 0.623582
0.618436 0.625939
0.620358 0.614139
0.628027 0.666347
0.633837 0.720404
0.634262 0.740077
0.637499 0.721479
0.648793 0.693432
0.649404 0.618155
0.663262 0.708359
0.664705 0.662970
0.670828 0.668893
0.684170 0.696308
0.693406 0.732497
0.718829 0.704488
0.726431 0.742577
0.731749 0.740003
0.750120 0.773997
0.753137 0.786402
0.762812 0.819531
0.781941 0.810202
0.783154 0.795536
0.819596 0.858648
0.844059 0.920037
0.846595 0.852680
0.856361 0.883620
0.892254 0.907641
1.000000 1.000000
