0.000000 0.947774
0.108326 0.114599
0.126238 0.807126
0.128218 1.000000
0.171956 0.839701
0.186234 0.249507
0.189106 0.496163
0.201768 0.182635
0.224780 0.331383
0.226388 0.485307
0.233836 0.176828
0.236246 0.173998
0.236789 0.260500
0.237930 0.268291
0.240689 0.359475
0.242305 0.121538
0.248088 0.325641
0.253257 0.855212
0.255567 0.296851
0.257280 0.196228
0.264583 0.707994
0.265677 0.681543
0.265706 0.427830
0.266309 0.894521
0.270020 0.220614
0.274273 0.312358
0.276756 0.034311
0.277861 0.781368
0.280158 0.817899
0.284446 0.033394
0.291561 0.674485
0.293383 0.369723
0.294343 0.442669
0.294453 0.638021
0.295825 0.126110
0.299764 0.978326
0.300776 0.184067
0.305966 0.479165
0.311156 0.935881
0.311540 0.487061
0.312929 0.301986
0.318042 0.710673
0.318987 0.713225
0.322491 0.801631
0.322614 0.519201
0.327071 0.948040
0.327090 0.414358
0.331880 0.647784
0.333564 0.925822
0.336035 0.318054
0.338209 0.556838
0.338590 0.075700
0.339764 0.626057
0.339849 0.204628
0.341952 0.852640
0.343271 0.391871
0.345868 0.687253
0.348613 0.062257
0.349693 0.771129
0.349719 0.874137
0.349818 0.930165
0.351335 0.235397
0.352695 0.891631
0.353126 0.112648
0.358322 0.056323
0.359708 0.361607
0.360065 0.330031
0.360597 0.781409
0.363464 0.391846
0.368424 0.545214
0.368735 0.913095
0.371023 0.427342
0.376392 0.929976
0.378214 0.324147
0.378813 0.379634
0.379724 0.709126
0.380705 0.127685
0.381009 0.043880
0.382010 0.563080
0.383188 0.386502
0.383392 0.344210
0.385094 0.674076
0.386776 0.371808
0.394007 0.603236
0.399007 0.717250
0.399087 0.630675
0.400008 0.617915
0.402012 0.504579
0.402304 0.733237
0.402636 0.411418
0.402932 0.304129
0.403825 0.533199
0.405338 0.861882
0.406157 0.868389
0.406442 0.291176
0.407037 0.347926
0.407661 0.133684
0.408397 0.148650
0.408456 0.358365
0.409711 0.275982
0.410460 0.595129
0.411438 0.368545
0.411475 0.388182
0.412199 0.490029
0.417657 0.736553
0.418460 0.504774
0.420305 0.376764
0.420536 0.808066
0.422408 0.479881
0.425010 0.331970
0.425658 0.644574
0.425835 0.406659
0.426538 0.756600
0.426949 0.730511
0.432141 0.671838
0.432386 0.495380
0.434971 0.284740
0.440055 0.170597
0.442120 0.162350
0.442368 0.584002
0.443631 0.189099
0.443658 0.748199
0.444647 0.538606
0.446332 0.234139
0.446588 0.192235
0.448023 0.144772
0.448472 0.497081
0.449160 0.624800
0.450310 0.574706
0.451492 0.462349
0.452106 0.729092
0.452880 0.524996
0.453164 0.830017
0.453499 0.324305
0.454087 0.283659
0.454763 0.859742
0.455147 0.858527
0.456662 0.173660
0.456789 0.391295
0.456888 0.354045
0.457188 0.017665
0.459036 0.471129
0.460706 0.459832
0.460793 0.772168
0.462030 0.488623
0.463289 0.324896
0.463816 0.217458
0.465926 0.364024
0.467034 0.430683
0.469729 0.177111
0.470034 0.368955
0.470214 0.097435
0.472919 0.402755
0.473397 0.085721
0.474579 0.566075
0.476274 0.084138
0.476528 0.112448
0.478808 0.066535
0.481746 0.249040
0.482251 0.375875
0.482633 0.247276
0.484487 0.208882
0.485035 0.114528
0.485644 0.454814
0.485809 0.787618
0.486487 0.172090
0.487061 0.245453
0.487822 0.810475
0.487956 0.558581
0.490524 0.792668
0.491197 0.655152
0.491331 0.397940
0.491940 0.691538
0.494223 0.708640
0.495186 0.618186
0.495707 0.127207
0.498463 0.812543
0.498775 0.799084
0.499613 0.762628
0.500524 0.618355
0.502056 0.552849
0.502346 0.382120
0.502734 0.500472
0.503114 0.542107
0.503801 0.028679
0.503832 0.677336
0.503926 0.095369
0.506475 0.699214
0.506963 0.423510
0.507058 0.400549
0.507320 0.438998
0.507794 0.080996
0.508116 0.242480
0.508385 0.347383
0.509141 0.063486
0.509907 0.756539
0.511560 0.117548
0.512799 0.161466
0.513668 0.128984
0.515889 0.153519
0.516180 0.408608
0.516944 0.569472
0.517211 0.089289
0.517527 0.056875
0.519681 0.671576
0.523240 0.779583
0.525319 0.492712
0.525669 0.127247
0.526586 0.570295
0.526842 0.601367
0.527491 0.261573
0.528229 0.123637
0.530118 0.191765
0.532030 0.628646
0.532827 0.129841
0.532830 0.071928
0.533085 0.269194
0.533200 0.534521
0.533443 0.632712
0.533706 0.357627
0.534664 0.832879
0.535771 0.220343
0.537283 0.249891
0.537852 0.736026
0.537982 0.130478
0.538762 0.677414
0.539297 0.605083
0.539414 0.403292
0.539976 0.522553
0.540686 0.431686
0.540923 0.391047
0.541996 0.833028
0.542142 0.071549
0.542383 0.390987
0.542670 0.636440
0.543104 0.301363
0.543305 0.455347
0.543338 0.731374
0.543423 0.541226
0.545079 0.579636
0.545286 0.061090
0.546156 0.392098
0.547571 0.550700
0.548776 0.586872
0.549546 0.078354
0.550885 0.473825
0.551195 0.171057
0.551445 0.462338
0.552209 0.651951
0.552779 0.780653
0.553418 0.817394
0.554667 0.120552
0.554902 0.043091
0.554981 0.093837
0.556573 0.094548
0.557546 0.254300
0.557964 0.605621
0.558056 0.680370
0.558205 0.243727
0.558236 0.324306
0.558914 0.488210
0.559413 0.750874
0.559863 0.741449
0.560005 0.429399
0.560642 0.144609
0.562767 0.738041
0.564743 0.713848
0.566592 0.080863
0.566881 0.073782
0.567349 0.528743
0.570995 0.784990
0.571041 0.249258
0.571861 0.373345
0.571912 0.368899
0.571949 0.518722
0.572808 0.441060
0.573487 0.314270
0.574117 0.118247
0.574302 0.470654
0.574324 0.455831
0.574532 0.387376
0.574654 0.165969
0.574727 0.333800
0.574777 0.261540
0.575147 0.454195
0.576301 0.397361
0.576392 0.014780
0.578758 0.293686
0.578965 0.734546
0.579082 0.719482
0.579488 0.128834
0.579864 0.544766
0.579867 0.692352
0.580325 0.349320
0.580971 0.323030
0.581732 0.626781
0.582359 0.613137
0.582671 0.397543
0.582723 0.468939
0.582843 0.688295
0.583867 0.160793
0.584593 0.433946
0.584891 0.644443
0.584900 0.610738
0.585365 0.224204
0.586588 0.282216
0.586787 0.223497
0.586804 0.324787
0.589976 0.199387
0.590438 0.652706
0.591775 0.298162
0.593424 0.037579
0.594240 0.018898
0.594323 0.592842
0.594512 0.025295
0.595639 0.238724
0.597021 0.181433
0.597544 0.364621
0.598097 0.210203
0.598550 0.625633
0.599921 0.352354
0.600037 0.316516
0.600047 0.131847
0.600404 0.587887
0.600592 0.491178
0.600771 0.058188
0.601133 0.093789
0.601421 0.615450
0.601916 0.491565
0.602021 0.790801
0.602284 0.170161
0.603613 0.267501
0.604209 0.809587
0.604348 0.078700
0.606663 0.694088
0.608112 0.050626
0.609883 0.343936
0.610739 0.801205
0.611843 0.382408
0.612666 0.086399
0.612708 0.415262
0.613005 0.035038
0.613251 0.257940
0.613339 0.150053
0.615054 0.589267
0.615580 0.500309
0.616750 0.171977
0.617508 0.053782
0.617565 0.207888
0.618001 0.630326
0.618356 0.271651
0.619355 0.623978
0.619609 0.094601
0.620272 0.434760
0.620475 0.485557
0.620711 0.580780
0.622091 0.158040
0.622175 0.363861
0.622223 0.499637
0.623406 0.318708
0.625046 0.665591
0.626071 0.291161
0.626928 0.330670
0.627505 0.189904
0.628056 0.783519
0.628724 0.364850
0.628914 0.137132
0.628968 0.390771
0.629793 0.443282
0.630152 0.194152
0.630754 0.354763
0.632020 0.237663
0.632284 0.777351
0.632777 0.753199
0.633802 0.163813
0.633849 0.508277
0.633957 0.466048
0.634334 0.166246
0.634373 0.625945
0.635920 0.023853
0.636274 0.075972
0.636731 0.204050
0.637475 0.664513
0.638728 0.778313
0.639551 0.755885
0.639901 0.709757
0.639967 0.059908
0.640183 0.361273
0.640252 0.766176
0.640391 0.576328
0.641410 0.258020
0.641642 0.165415
0.643419 0.619011
0.644079 0.247708
0.644584 0.511224
0.646030 0.654785
0.646743 0.562682
0.647148 0.247972
0.647602 0.501005
0.647604 0.651270
0.648500 0.202086
0.649485 0.313675
0.651256 0.422922
0.651779 0.719217
0.652554 0.500497
0.652771 0.083261
0.653024 0.395264
0.653185 0.540684
0.653637 0.652270
0.653811 0.085792
0.654400 0.583859
0.655701 0.601449
0.656694 0.361456
0.656856 0.662994
0.656944 0.575758
0.657768 0.024853
0.657985 0.463459
0.658391 0.755963
0.658393 0.603055
0.663496 0.739960
0.665697 0.255840
0.666610 0.578043
0.666705 0.482849
0.667065 0.592274
0.667304 0.209383
0.667363 0.253560
0.667420 0.208680
0.667479 0.221803
0.668222 0.350719
0.669399 0.037899
0.671179 0.591699
0.673600 0.177713
0.674006 0.739041
0.674541 0.149401
0.674890 0.468099
0.675334 0.290334
0.675796 0.711545
0.676087 0.709055
0.676905 0.272886
0.677674 0.581617
0.679612 0.286369
0.679708 0.111667
0.680319 0.640917
0.680509 0.569596
0.680683 0.634910
0.680695 0.454230
0.681793 0.734649
0.681979 0.024481
0.684715 0.031396
0.686760 0.332560
0.686805 0.420011
0.686831 0.708869
0.687077 0.558230
0.687238 0.125948
0.687372 0.755634
0.688051 0.103425
0.688314 0.694551
0.690931 0.424684
0.690993 0.154690
0.692103 0.124863
0.692572 0.074208
0.693035 0.761239
0.694562 0.337255
0.695001 0.089109
0.695462 0.588958
0.696247 0.542415
0.697364 0.038100
0.698406 0.362527
0.698471 0.487058
0.698521 0.566404
0.699528 0.352063
0.701126 0.300803
0.702106 0.055898
0.702107 0.733410
0.702615 0.415410
0.703412 0.696262
0.703719 0.513422
0.703867 0.122459
0.704277 0.421187
0.706315 0.296448
0.707132 0.282869
0.707166 0.482258
0.707188 0.138704
0.707246 0.232586
0.708724 0.266073
0.709634 0.191562
0.710048 0.470768
0.710067 0.424476
0.710230 0.459378
0.710438 0.347990
0.712185 0.722296
0.713812 0.369916
0.714110 0.624799
0.714866 0.116067
0.715171 0.491048
0.715516 0.706202
0.715731 0.702569
0.716267 0.538967
0.716572 0.389046
0.716723 0.555554
0.716905 0.366181
0.717077 0.614241
0.718188 0.055522
0.718533 0.081780
0.718737 0.629738
0.720599 0.493954
0.721759 0.096444
0.723131 0.482516
0.726370 0.188614
0.726551 0.007614
0.727452 0.280740
0.727914 0.304281
0.728526 0.352199
0.729327 0.338475
0.731410 0.663325
0.731915 0.076135
0.733191 0.024456
0.734733 0.065633
0.735712 0.343871
0.737517 0.730373
0.738549 0.323817
0.738634 0.431340
0.738707 0.035114
0.739796 0.076827
0.740101 0.113563
0.741399 0.220672
0.741809 0.062147
0.742066 0.637146
0.745360 0.340408
0.745641 0.204011
0.745962 0.275303
0.749190 0.537289
0.750398 0.298412
0.752641 0.139132
0.753909 0.522784
0.755965 0.217083
0.757498 0.720751
0.757667 0.540348
0.757766 0.444117
0.759432 0.030313
0.760548 0.596379
0.760998 0.156807
0.762052 0.668563
0.762194 0.046723
0.762664 0.201013
0.764035 0.160269
0.764484 0.000000
0.765402 0.383778
0.769087 0.259830
0.771067 0.129392
0.771802 0.085143
0.773728 0.570588
0.773834 0.086975
0.774195 0.377513
0.774503 0.214820
0.776009 0.596482
0.777482 0.622716
0.779272 0.459757
0.780549 0.706116
0.786784 0.247173
0.788827 0.493576
0.789384 0.706154
0.789886 0.212734
0.790733 0.210934
0.791053 0.670783
0.795766 0.617375
0.802783 0.703822
0.807543 0.141128
0.808240 0.119935
0.808399 0.031002
0.809483 0.201190
0.814335 0.572514
0.814897 0.107975
0.816558 0.305275
0.817605 0.603391
0.820381 0.105993
0.820442 0.455604
0.822955 0.526861
0.825330 0.357248
0.828224 0.560443
0.830700 0.158160
0.834777 0.470436
0.836977 0.492824
0.838069 0.411919
0.839583 0.526759
0.841027 0.416672
0.841998 0.382294
0.842723 0.357684
0.842804 0.046343
0.845157 0.113815
0.845794 0.131152
0.848542 0.491791
0.859590 0.529915
0.861587 0.130718
0.862804 0.371943
0.866218 0.193273
0.867353 0.481123
0.867545 0.314463
0.871688 0.124018
0.872662 0.265686
0.873310 0.210728
0.875204 0.264132
0.875799 0.595935
0.877357 0.274616
0.881216 0.443598
0.882594 0.025358
0.894248 0.417385
0.900368 0.097325
0.901155 0.077201
0.904579 0.412693
0.909201 0.194803
0.910814 0.604913
0.917246 0.424572
0.920300 0.637220
0.922996 0.402255
0.924189 0.019747
0.926386 0.593069
0.929116 0.472875
0.949752 0.111579
0.957593 0.552366
0.967847 0.454172
0.974252 0.080140
0.997193 0.125556
1.000000 0.322237
