0.000000 0.000000
0.034314 0.070008
0.072932 0.181432
0.073815 0.001995
0.080922 0.069264
0.092288 0.093681
0.095672 0.014412
0.105551 0.116910
0.106771 0.183463
0.107592 0.065377
0.138584 0.008872
0.152676 0.084475
0.164990 0.145352
0.167326 0.028673
0.167571 0.091692
0.169843 0.071349
0.172430 0.020646
0.174890 0.136558
0.183096 0.128834
0.188134 0.159888
0.192300 0.073140
0.192974 0.293300
0.199253 0.239491
0.201425 0.162193
0.205186 0.087214
0.206286 0.187766
0.209646 0.123922
0.210265 0.054245
0.211131 0.314801
0.214378 0.306769
0.221071 0.057395
0.224179 0.243069
0.226701 0.270508
0.226933 0.206036
0.227212 0.058564
0.230235 0.334128
0.230316 0.198019
0.231228 0.317230
0.242661 0.253281
0.242694 0.313389
0.244583 0.165696
0.247476 0.311250
0.249893 0.115916
0.250160 0.108635
0.251264 0.207757
0.251517 0.221050
0.253248 0.115828
0.253378 0.177466
0.254723 0.083345
0.254750 0.175227
0.259661 0.254567
0.262361 0.257822
0.263263 0.254055
0.264217 0.259621
0.264309 0.351813
0.266608 0.148686
0.268559 0.268995
0.271007 0.203510
0.271286 0.246346
0.272084 0.176060
0.273102 0.382402
0.273541 0.156602
0.274166 0.183333
0.274423 0.269178
0.276122 0.161754
0.278275 0.130996
0.278736 0.197599
0.288064 0.125184
0.288453 0.339371
0.289387 0.142818
0.289747 0.352020
0.289774 0.181790
0.290765 0.182888
0.292704 0.167536
0.292891 0.205501
0.294130 0.211607
0.295200 0.133685
0.296639 0.169634
0.298371 0.154585
0.298464 0.177991
0.300442 0.406413
0.303795 0.114123
0.304829 0.161981
0.307303 0.106908
0.307424 0.264913
0.309290 0.256372
0.309803 0.299038
0.310452 0.136263
0.311605 0.304388
0.311859 0.379580
0.316004 0.427111
0.317320 0.259208
0.319263 0.221312
0.319441 0.273841
0.321021 0.161696
0.322554 0.256482
0.322799 0.388580
0.323680 0.187882
0.323907 0.199287
0.327387 0.337748
0.328822 0.127322
0.328984 0.181274
0.329966 0.341575
0.330409 0.353361
0.331077 0.399161
0.331672 0.174835
0.335985 0.394468
0.336487 0.325493
0.336896 0.150938
0.337010 0.122904
0.337453 0.396551
0.337707 0.432952
0.338276 0.330830
0.340094 0.376743
0.340344 0.388047
0.340739 0.403411
0.341220 0.344476
0.341509 0.250154
0.341987 0.373141
0.342241 0.378167
0.344761 0.273068
0.344803 0.240128
0.345586 0.130337
0.346307 0.330129
0.346853 0.382676
0.347379 0.277636
0.348481 0.154879
0.348565 0.285687
0.349402 0.145631
0.349858 0.418170
0.352007 0.141182
0.352156 0.287104
0.353173 0.387159
0.354186 0.407794
0.354263 0.207258
0.354913 0.135095
0.355676 0.252218
0.358045 0.373797
0.358677 0.364594
0.359989 0.292501
0.360519 0.336915
0.360632 0.234623
0.361803 0.297430
0.362890 0.312110
0.363183 0.442822
0.364765 0.330049
0.365951 0.307251
0.366585 0.340877
0.366964 0.398873
0.368645 0.209056
0.369204 0.165033
0.370828 0.353664
0.372606 0.312852
0.374685 0.478160
0.378024 0.235754
0.378548 0.266979
0.378793 0.299227
0.379803 0.149371
0.380041 0.194377
0.380550 0.154745
0.380688 0.220610
0.380997 0.483289
0.383608 0.448341
0.386526 0.404016
0.386859 0.441784
0.387035 0.222970
0.389288 0.228281
0.390361 0.446877
0.390544 0.484728
0.391735 0.194195
0.391820 0.355999
0.391992 0.382515
0.393119 0.269050
0.395292 0.489203
0.395488 0.212894
0.395661 0.245450
0.396895 0.351402
0.397187 0.156227
0.397811 0.161184
0.399012 0.388589
0.399080 0.225614
0.399349 0.516102
0.399773 0.469456
0.400812 0.209539
0.400971 0.335941
0.401129 0.391006
0.401949 0.353818
0.402099 0.224474
0.403029 0.304995
0.403189 0.206709
0.403422 0.375127
0.403961 0.223092
0.406001 0.325775
0.407865 0.404464
0.409738 0.481004
0.411156 0.186387
0.412046 0.519398
0.413484 0.329240
0.414926 0.395282
0.415996 0.491243
0.416649 0.258906
0.416700 0.319255
0.416885 0.526170
0.417143 0.231629
0.417410 0.448797
0.417989 0.188467
0.418041 0.399816
0.418125 0.359009
0.418189 0.189112
0.418224 0.279278
0.418524 0.422934
0.419145 0.331014
0.419765 0.488324
0.422640 0.368129
0.422686 0.239834
0.423642 0.549281
0.423845 0.348828
0.424094 0.364025
0.424343 0.220321
0.424948 0.287222
0.426232 0.187602
0.426292 0.246761
0.426887 0.245320
0.426935 0.374621
0.428032 0.466470
0.428214 0.229587
0.428484 0.457693
0.428536 0.222720
0.429110 0.272351
0.429486 0.234899
0.429779 0.370578
0.429894 0.189826
0.430183 0.361764
0.431091 0.492338
0.431153 0.487900
0.432020 0.344343
0.432509 0.551767
0.432652 0.308981
0.432872 0.403342
0.433225 0.309255
0.433372 0.433279
0.433540 0.247789
0.433680 0.262248
0.434568 0.211903
0.435366 0.284307
0.436465 0.319722
0.436828 0.383118
0.437822 0.387533
0.437930 0.297479
0.438406 0.191072
0.439482 0.398012
0.439699 0.533273
0.440250 0.310743
0.440400 0.430052
0.440794 0.190262
0.440917 0.512360
0.441752 0.506287
0.442427 0.351231
0.442860 0.517817
0.443846 0.342454
0.443873 0.343862
0.444442 0.306177
0.444450 0.509512
0.445139 0.557628
0.445742 0.491923
0.446040 0.536910
0.446995 0.384826
0.447240 0.517698
0.447893 0.299945
0.448526 0.341937
0.448621 0.541932
0.448705 0.395740
0.449344 0.292411
0.449409 0.492532
0.449451 0.415211
0.449594 0.339481
0.450557 0.293513
0.451664 0.357377
0.452142 0.274185
0.452415 0.431736
0.452950 0.279508
0.453494 0.475484
0.453756 0.214049
0.455282 0.352471
0.455329 0.569415
0.455604 0.488535
0.456209 0.450804
0.457164 0.519396
0.458823 0.344231
0.459294 0.305790
0.459327 0.248524
0.459781 0.491524
0.461142 0.356924
0.462038 0.339437
0.462051 0.253420
0.462327 0.338318
0.464339 0.353411
0.464460 0.572488
0.465235 0.332047
0.465453 0.528320
0.465542 0.575338
0.465800 0.320135
0.466441 0.215833
0.467865 0.268342
0.468242 0.288804
0.468896 0.501901
0.469087 0.386460
0.471750 0.321550
0.472039 0.385961
0.473960 0.242491
0.474438 0.448041
0.474847 0.453317
0.478690 0.321543
0.480311 0.535220
0.481493 0.382105
0.481673 0.410174
0.481779 0.402440
0.482466 0.314042
0.482577 0.316842
0.482675 0.219664
0.483950 0.605164
0.484267 0.430491
0.484479 0.386198
0.484881 0.531191
0.485040 0.376933
0.487285 0.452988
0.487392 0.414586
0.487471 0.406815
0.487725 0.444982
0.488722 0.316555
0.488837 0.310550
0.489774 0.328521
0.490337 0.559942
0.491994 0.509981
0.492575 0.274241
0.492869 0.380728
0.493196 0.501399
0.494460 0.522587
0.495907 0.326728
0.496896 0.468395
0.497754 0.234652
0.498792 0.230057
0.500582 0.587145
0.501934 0.414723
0.502098 0.402723
0.504069 0.445119
0.504143 0.282144
0.506471 0.462674
0.506617 0.371980
0.507517 0.232609
0.509043 0.393552
0.510378 0.259232
0.511104 0.243206
0.511436 0.355807
0.511660 0.481139
0.511879 0.591805
0.512529 0.292268
0.512978 0.352452
0.513060 0.269025
0.513430 0.429749
0.514385 0.410425
0.514762 0.564058
0.515026 0.373944
0.516907 0.438990
0.517365 0.375773
0.518068 0.353754
0.518248 0.477657
0.518345 0.604040
0.518459 0.320995
0.518623 0.368325
0.518722 0.584214
0.519780 0.495381
0.519790 0.326248
0.520488 0.383871
0.522096 0.636307
0.522193 0.625128
0.522382 0.257802
0.523288 0.491081
0.525693 0.444724
0.525882 0.382209
0.526707 0.594367
0.526998 0.537794
0.527553 0.581269
0.528882 0.364585
0.529208 0.658180
0.529268 0.250807
0.529582 0.288182
0.530899 0.524474
0.532093 0.282218
0.532609 0.555050
0.532728 0.309141
0.533938 0.340637
0.535609 0.497015
0.535947 0.470114
0.536451 0.481384
0.537943 0.667692
0.538544 0.438627
0.538575 0.525120
0.538755 0.491585
0.539511 0.261188
0.540360 0.304836
0.542353 0.669709
0.543174 0.617005
0.545151 0.640629
0.545209 0.275843
0.545841 0.286721
0.545907 0.532506
0.546070 0.499445
0.546749 0.651063
0.547197 0.577446
0.548680 0.401869
0.550084 0.581304
0.551170 0.312405
0.551449 0.646674
0.551959 0.470318
0.552491 0.445436
0.553223 0.264719
0.553906 0.608100
0.554337 0.553138
0.554930 0.293448
0.555484 0.605818
0.556534 0.670972
0.557196 0.266194
0.557439 0.293694
0.557928 0.653341
0.558298 0.648351
0.558600 0.416061
0.558689 0.447903
0.559421 0.573743
0.559853 0.524155
0.561076 0.549225
0.561143 0.290653
0.561285 0.414481
0.561586 0.559761
0.561961 0.621338
0.562103 0.368101
0.562269 0.582773
0.562377 0.683876
0.563144 0.494916
0.563558 0.493909
0.563863 0.528814
0.563973 0.588121
0.564231 0.305998
0.566044 0.521611
0.566277 0.351387
0.568005 0.282640
0.569188 0.425892
0.569318 0.621416
0.569579 0.590131
0.570924 0.445308
0.571182 0.610256
0.571309 0.348970
0.571821 0.562571
0.571975 0.633427
0.572978 0.577436
0.573826 0.315462
0.575196 0.465727
0.575597 0.661632
0.575669 0.575438
0.576794 0.347140
0.577201 0.323082
0.578252 0.687677
0.579613 0.513410
0.579786 0.589746
0.580268 0.359724
0.581765 0.427922
0.581823 0.552069
0.582304 0.581619
0.583645 0.349898
0.584337 0.391817
0.586000 0.418248
0.586203 0.593085
0.586919 0.714563
0.589656 0.632271
0.589995 0.719638
0.591063 0.720219
0.591166 0.680491
0.591429 0.478107
0.592234 0.697350
0.592735 0.608543
0.592868 0.548326
0.594817 0.396014
0.595164 0.724495
0.596134 0.359164
0.599278 0.630392
0.599795 0.309510
0.600332 0.459106
0.600655 0.423724
0.601060 0.700748
0.601785 0.524760
0.601823 0.518358
0.602737 0.326141
0.605192 0.710260
0.605466 0.643914
0.606250 0.555789
0.606683 0.571739
0.607577 0.386657
0.607941 0.560512
0.608708 0.311784
0.608714 0.354943
0.609918 0.546070
0.614408 0.371058
0.615503 0.718330
0.616456 0.423448
0.616603 0.402463
0.617065 0.557198
0.619039 0.726019
0.620500 0.715656
0.621549 0.621890
0.622484 0.628582
0.623134 0.656173
0.623619 0.412871
0.626556 0.624372
0.626836 0.668814
0.627253 0.532397
0.628431 0.651734
0.629866 0.473601
0.630048 0.701004
0.631492 0.464110
0.631926 0.395408
0.632586 0.677232
0.632591 0.442259
0.633330 0.515954
0.634286 0.651219
0.636793 0.491724
0.637522 0.617514
0.637836 0.330422
0.639813 0.760224
0.641105 0.718267
0.641354 0.474150
0.641735 0.554444
0.643427 0.477072
0.643686 0.597833
0.643798 0.343134
0.643920 0.371194
0.645252 0.736615
0.646134 0.438888
0.647941 0.630840
0.649252 0.356046
0.650290 0.336116
0.651773 0.528351
0.653130 0.676842
0.653465 0.499397
0.655785 0.560177
0.656530 0.686509
0.657726 0.724707
0.659223 0.559311
0.659234 0.684605
0.659782 0.626953
0.659827 0.602284
0.660344 0.522108
0.660936 0.660621
0.663322 0.413206
0.665213 0.587282
0.665555 0.564832
0.667642 0.596422
0.668681 0.599472
0.669918 0.514653
0.672583 0.614403
0.673077 0.496764
0.673438 0.750957
0.676423 0.635643
0.678841 0.443232
0.679041 0.795959
0.680601 0.753880
0.681444 0.515613
0.687073 0.660233
0.687192 0.473160
0.687610 0.403290
0.688509 0.751092
0.688702 0.506213
0.692540 0.386460
0.694023 0.704897
0.695955 0.679374
0.696738 0.685764
0.697512 0.765528
0.698430 0.576979
0.699538 0.614614
0.702664 0.623509
0.704116 0.781129
0.704923 0.389154
0.706139 0.538558
0.706532 0.539734
0.706739 0.471889
0.707824 0.444144
0.708832 0.427859
0.710700 0.378857
0.711373 0.448194
0.716391 0.604824
0.719408 0.757334
0.719721 0.840780
0.720155 0.580771
0.720316 0.759838
0.720911 0.381278
0.721293 0.528402
0.724931 0.693793
0.728832 0.856023
0.732070 0.566320
0.732657 0.727620
0.733882 0.504118
0.734103 0.445488
0.735292 0.434592
0.735743 0.501012
0.736958 0.716429
0.737332 0.583708
0.737494 0.738737
0.742907 0.778973
0.749156 0.432767
0.751701 0.808354
0.753597 0.710994
0.758716 0.572245
0.759184 0.658148
0.761774 0.816681
0.762076 0.676559
0.764023 0.448539
0.764154 0.868023
0.764182 0.765165
0.764847 0.438133
0.780355 0.611125
0.782354 0.527779
0.789107 0.714159
0.789400 0.919047
0.790023 0.497251
0.794051 0.853389
0.801602 0.761664
0.807501 0.538974
0.808514 0.897731
0.808814 0.551652
0.821055 0.836316
0.825677 0.919417
0.830914 0.538845
0.832084 0.775342
0.838743 0.541194
0.842506 0.466714
0.847560 0.480567
0.851838 0.577860
0.855125 0.806162
0.856331 0.627108
0.860416 0.831767
0.864463 0.608019
0.870453 0.519787
0.876540 0.887631
0.877861 0.705853
0.883482 0.687023
0.890073 0.872298
0.891679 0.688515
0.898577 0.672574
0.938683 0.756921
0.961508 1.000000
0.991691 0.801260
1.000000 0.566756
