0.000000 0.254211
0.041280 0.254189
0.126021 0.223387
0.142170 0.352349
0.153095 0.194395
0.163519 0.042768
0.205577 0.252061
0.213882 0.298030
0.224007 0.003738
0.230285 0.108828
0.231622 0.300479
0.235916 0.331387
0.250112 0.137755
0.256791 0.125038
0.258980 0.406590
0.261227 0.252384
0.262791 0.470072
0.267438 0.246903
0.269026 0.379293
0.271028 0.210814
0.274608 0.125949
0.277025 0.135322
0.278468 0.392458
0.286561 0.303220
0.287564 0.483354
0.294357 0.239393
0.298434 0.000000
0.301239 0.375244
0.310400 0.458432
0.310457 0.233844
0.311472 0.246634
0.313590 0.040281
0.313692 0.353860
0.315434 0.270260
0.316107 0.126967
0.317054 0.364160
0.317417 0.103423
0.318341 0.523637
0.319656 0.349517
0.321693 0.432566
0.326785 0.041510
0.328047 0.409516
0.329959 0.193334
0.330936 0.229799
0.340292 0.508194
0.344784 0.517252
0.346740 0.166867
0.346866 0.074617
0.347929 0.228744
0.349341 0.182424
0.350021 0.108752
0.350455 0.016197
0.353677 0.144232
0.353683 0.181615
0.354827 0.397665
0.355910 0.516560
0.358747 0.471027
0.359168 0.471976
0.365041 0.495948
0.365219 0.026495
0.366476 0.268738
0.367549 0.064266
0.370960 0.196815
0.373275 0.029159
0.374608 0.483464
0.375704 0.150719
0.376460 0.247260
0.377039 0.095622
0.378586 0.265414
0.380144 0.191372
0.382037 0.043596
0.383008 0.055826
0.383627 0.279860
0.383703 0.479295
0.386354 0.144286
0.386741 0.162517
0.388458 0.545972
0.392204 0.282442
0.392529 0.123486
0.394787 0.153947
0.396016 0.034645
0.396128 0.099623
0.396435 0.493859
0.397190 0.377669
0.398148 0.184459
0.398392 0.359433
0.398833 0.526709
0.400375 0.553492
0.401873 0.517203
0.405051 0.110567
0.405549 0.124363
0.406064 0.476165
0.406387 0.321090
0.408833 0.079799
0.417782 0.342754
0.418909 0.206813
0.419077 0.360977
0.419400 0.291803
0.420112 0.251107
0.421520 0.567536
0.422490 0.162704
0.424271 0.377035
0.426006 0.569339
0.427819 0.554746
0.428640 0.553161
0.430848 0.224384
0.432080 0.117949
0.433561 0.079896
0.437770 0.621336
0.440627 0.070783
0.441827 0.627130
0.443212 0.124780
0.445414 0.054926
0.446413 0.459936
0.446732 0.522315
0.450878 0.428114
0.452021 0.111435
0.452843 0.527113
0.453715 0.136286
0.456697 0.301999
0.460610 0.198638
0.462225 0.361935
0.464811 0.312588
0.466853 0.592770
0.467173 0.153648
0.468773 0.179803
0.470118 0.204228
0.472244 0.442027
0.473111 0.072631
0.473510 0.213208
0.474348 0.660436
0.476724 0.214728
0.476764 0.159358
0.477325 0.628633
0.478020 0.585276
0.478024 0.495076
0.478439 0.149566
0.479369 0.414402
0.479396 0.519454
0.480148 0.670659
0.480630 0.548857
0.480893 0.335757
0.482029 0.172462
0.482887 0.563404
0.483494 0.644988
0.483639 0.396459
0.484624 0.542992
0.485844 0.571350
0.486676 0.293854
0.487664 0.396281
0.487821 0.269330
0.488244 0.447225
0.490466 0.382503
0.493131 0.642767
0.493981 0.538849
0.494697 0.059284
0.494777 0.452178
0.495179 0.434465
0.496898 0.300546
0.497282 0.221364
0.498541 0.403429
0.499356 0.173147
0.502134 0.226164
0.502182 0.324735
0.502208 0.590940
0.508955 0.574443
0.508992 0.116819
0.509389 0.181212
0.509473 0.659881
0.510471 0.341649
0.510866 0.274347
0.511573 0.097366
0.511720 0.549212
0.514172 0.071878
0.515323 0.245705
0.515947 0.687533
0.519837 0.587716
0.521400 0.110937
0.522105 0.229780
0.522158 0.071498
0.522672 0.239014
0.522702 0.608478
0.523875 0.108589
0.524673 0.580203
0.526503 0.483258
0.526820 0.608818
0.528130 0.358258
0.529465 0.224919
0.530740 0.329796
0.531455 0.560374
0.531672 0.244694
0.532026 0.685812
0.533692 0.125171
0.533735 0.627185
0.534724 0.264347
0.534856 0.673044
0.537283 0.345764
0.537523 0.302231
0.538282 0.213961
0.539296 0.454665
0.540045 0.715834
0.540237 0.545726
0.540501 0.241658
0.541063 0.592028
0.541223 0.519810
0.541488 0.370666
0.541948 0.197300
0.542608 0.408847
0.545294 0.277549
0.546734 0.423560
0.547258 0.533515
0.547826 0.211447
0.548663 0.327297
0.549905 0.455654
0.550584 0.454495
0.551721 0.607956
0.554194 0.737671
0.554769 0.359740
0.555206 0.431980
0.557371 0.169691
0.559206 0.600092
0.560117 0.233045
0.560166 0.301538
0.561480 0.657189
0.561727 0.258613
0.563593 0.329111
0.564941 0.098343
0.565353 0.266995
0.565420 0.434629
0.566615 0.472079
0.567822 0.574678
0.568262 0.528902
0.568926 0.379083
0.570271 0.444130
0.573017 0.191084
0.573432 0.324906
0.574149 0.742137
0.574286 0.114396
0.576522 0.118146
0.580949 0.453348
0.581919 0.181209
0.581985 0.624594
0.582253 0.695881
0.583985 0.240009
0.584880 0.188815
0.588650 0.563747
0.590808 0.417889
0.590966 0.627826
0.592552 0.374752
0.593445 0.399655
0.595487 0.680211
0.597035 0.281953
0.599426 0.628876
0.599657 0.729926
0.601985 0.117976
0.602177 0.506351
0.604255 0.331786
0.604891 0.699272
0.605530 0.562604
0.606942 0.423334
0.609048 0.534055
0.610176 0.086591
0.610244 0.380182
0.611579 0.160945
0.611866 0.773391
0.612031 0.295214
0.613601 0.779304
0.614264 0.488772
0.618260 0.474658
0.619806 0.385129
0.620127 0.529365
0.621091 0.456792
0.621128 0.690106
0.621797 0.265876
0.622382 0.132638
0.623331 0.175342
0.623383 0.117666
0.623701 0.556049
0.624034 0.368764
0.629299 0.185364
0.630041 0.544839
0.631542 0.680474
0.632659 0.601570
0.632753 0.452763
0.633690 0.467252
0.633784 0.133534
0.634275 0.696426
0.634758 0.396835
0.636644 0.621738
0.636670 0.096222
0.638518 0.258800
0.639229 0.124490
0.641342 0.786461
0.642309 0.510264
0.643432 0.545317
0.643556 0.575308
0.644411 0.303773
0.646768 0.735042
0.647205 0.321652
0.648378 0.705743
0.650731 0.780285
0.650968 0.474464
0.654970 0.342515
0.655384 0.221331
0.656078 0.496477
0.658869 0.584320
0.662580 0.143358
0.663012 0.643464
0.665126 0.312895
0.665461 0.540973
0.665821 0.270832
0.665935 0.706473
0.667631 0.686658
0.667979 0.356981
0.668699 0.452534
0.669980 0.175621
0.671242 0.763952
0.674451 0.300808
0.675147 0.823271
0.678166 0.705709
0.678997 0.585503
0.679311 0.656824
0.680029 0.132103
0.680198 0.642071
0.681432 0.188527
0.681672 0.846702
0.682731 0.374465
0.686853 0.237723
0.688161 0.409737
0.688901 0.663729
0.689480 0.335883
0.692673 0.848288
0.696917 0.690911
0.700397 0.510325
0.702210 0.798960
0.702762 0.402423
0.702839 0.441606
0.705349 0.521817
0.705446 0.765733
0.707767 0.663175
0.708051 0.827812
0.710278 0.600103
0.710339 0.739450
0.711433 0.610184
0.711821 0.560867
0.717302 0.572323
0.719628 0.725917
0.720486 0.189348
0.721282 0.163556
0.723492 0.446838
0.724634 0.308870
0.726785 0.863536
0.732424 0.630803
0.734218 0.629831
0.738404 0.793191
0.743742 0.815958
0.748845 0.278030
0.749210 0.907459
0.757656 0.512428
0.758232 0.178664
0.759239 0.852922
0.762081 0.204537
0.762152 0.749306
0.763626 0.858003
0.770517 0.853310
0.771951 0.368420
0.773037 0.719504
0.776325 0.665467
0.778715 0.606982
0.780860 0.647484
0.789279 0.801758
0.789620 0.715044
0.794298 0.272811
0.794911 0.746102
0.798433 0.348210
0.798742 0.810851
0.806196 0.215476
0.817024 0.527733
0.819852 0.850484
0.828267 0.218724
0.830839 0.769447
0.835382 0.217368
0.838403 0.527631
0.838502 0.531914
0.844898 0.842304
0.853480 0.948811
0.857294 0.327382
0.858085 0.265869
0.858750 0.635640
0.867314 0.394431
0.873505 0.643288
0.885851 0.558113
0.898973 0.604179
0.899296 0.812490
0.902061 0.778380
0.915065 1.000000
0.922153 0.966778
0.924320 0.809727
0.933953 0.865863
0.940105 0.310199
0.959143 0.688569
0.969799 0.450203
0.979882 0.883824
0.990073 0.706681
1.000000 0.776668
