0.000000 0.521883
0.001230 0.490880
0.002715 0.295263
0.004655 0.152837
0.005931 0.083620
0.006373 0.230796
0.006409 0.406003
0.006539 0.611268
0.007517 0.333907
0.007752 0.197654
0.009664 0.496860
0.013492 0.232148
0.013975 0.431161
0.014575 0.514144
0.015141 0.224654
0.015371 0.427388
0.016616 0.650979
0.018945 0.333003
0.019894 0.541088
0.021886 0.114867
0.022853 0.298159
0.025649 0.043357
0.026563 0.573765
0.027424 0.388123
0.028945 0.157017
0.029495 0.419640
0.029633 0.506647
0.033300 0.056534
0.033613 0.251363
0.034352 0.448495
0.036981 0.412352
0.038605 0.269610
0.038828 0.000000
0.040035 0.364779
0.040252 0.361062
0.046608 0.329160
0.048275 0.349837
0.051112 0.225484
0.052953 0.565581
0.053405 0.689579
0.054740 0.070896
0.057132 0.612415
0.057543 0.252133
0.058685 0.093607
0.060841 0.586977
0.064610 0.321921
0.066226 0.632861
0.066304 0.664788
0.067757 0.103481
0.068672 0.330931
0.069170 0.551931
0.070802 0.324537
0.075599 0.043534
0.076957 0.223417
0.076957 0.206242
0.080061 0.248823
0.080188 0.559771
0.081134 0.413267
0.081522 0.477155
0.081929 0.137419
0.083768 0.682481
0.091680 0.496964
0.093862 0.394151
0.094539 0.550361
0.094852 0.659652
0.097322 0.255274
0.099264 0.625948
0.099639 0.489387
0.100634 0.365658
0.103714 0.043145
0.105871 0.551758
0.108495 0.272174
0.112301 0.195802
0.112331 0.042393
0.112339 0.367582
0.114549 0.140491
0.114930 0.105485
0.115874 0.364962
0.117031 0.490618
0.118508 0.507602
0.119005 0.074818
0.119738 0.524614
0.121304 0.382572
0.124568 0.197926
0.124631 0.280933
0.127433 0.143530
0.128124 0.377933
0.130256 0.455192
0.131476 0.541841
0.136715 0.269309
0.137081 0.644866
0.139125 0.323758
0.139423 0.324437
0.140069 0.470184
0.141757 0.375623
0.144246 0.485231
0.144755 0.200804
0.146238 0.717746
0.146499 0.228710
0.147186 0.319276
0.147540 0.622231
0.149921 0.216095
0.150793 0.669806
0.151182 0.485804
0.153001 0.431334
0.153433 0.512088
0.155649 0.701466
0.156952 0.480503
0.158997 0.120936
0.163987 0.585606
0.165758 0.545356
0.166309 0.259238
0.170520 0.488008
0.170826 0.422660
0.173510 0.090030
0.174240 0.493863
0.178230 0.374746
0.180431 0.191989
0.184781 0.733837
0.186647 0.333602
0.188886 0.686995
0.189148 0.045959
0.192825 0.717669
0.193217 0.169048
0.193258 0.285162
0.194686 0.034107
0.194843 0.027107
0.201062 0.223062
0.201172 0.605076
0.202814 0.365277
0.205486 0.179226
0.206866 0.480557
0.208817 0.255751
0.211576 0.357907
0.212548 0.496911
0.212618 0.353664
0.213375 0.701320
0.215160 0.178797
0.220741 0.041825
0.222274 0.679454
0.229631 0.172128
0.230259 0.717192
0.232239 0.425243
0.233913 0.293203
0.234751 0.521140
0.237030 0.485651
0.238524 0.236463
0.239582 0.595017
0.239827 0.324865
0.244679 0.095060
0.245399 0.079272
0.247851 0.318556
0.250196 0.590736
0.250449 0.418439
0.254192 0.500599
0.256699 0.025072
0.261080 0.285799
0.263628 0.617118
0.264778 0.406499
0.265248 0.219736
0.267471 0.345212
0.268248 0.599494
0.269890 0.326513
0.270063 0.354547
0.271093 0.433510
0.275125 0.453799
0.277517 0.260858
0.279086 0.263034
0.279105 0.540958
0.282322 0.359083
0.284098 0.101289
0.284801 0.601769
0.284963 0.131364
0.284983 0.745674
0.284998 0.245812
0.285045 0.673229
0.286354 0.556901
0.288434 0.733060
0.289262 0.184933
0.289797 0.075191
0.294434 0.105912
0.295743 0.317067
0.295773 0.104281
0.296542 0.355712
0.296560 0.505926
0.298496 0.476323
0.299003 0.626365
0.299475 0.437281
0.302024 0.156859
0.302626 0.111750
0.304266 0.667940
0.309002 0.491501
0.311633 0.374551
0.311735 0.069908
0.312015 0.443134
0.312035 0.750644
0.313707 0.263185
0.318486 0.757812
0.318891 0.692267
0.320842 0.462807
0.322463 0.214532
0.322974 0.356524
0.323458 0.251864
0.324729 0.774531
0.327490 0.063511
0.332446 0.128786
0.335660 0.574011
0.337046 0.200827
0.339433 0.274264
0.340037 0.266977
0.340670 0.702705
0.342187 0.066695
0.350934 0.328124
0.351479 0.321726
0.351958 0.434880
0.355749 0.473237
0.357573 0.533224
0.357820 0.357963
0.357921 0.585684
0.359869 0.440541
0.360913 0.658369
0.362535 0.612968
0.362549 0.172014
0.365958 0.324657
0.366603 0.437485
0.370263 0.213512
0.372207 0.535614
0.373478 0.325156
0.373744 0.487955
0.373772 0.064494
0.374208 0.056016
0.375014 0.223235
0.380233 0.588384
0.380690 0.733490
0.383296 0.341905
0.383816 0.131502
0.386050 0.632662
0.387473 0.151157
0.387841 0.575045
0.388241 0.531353
0.389428 0.406959
0.389484 0.648257
0.390089 0.051936
0.391844 0.216871
0.392440 0.155882
0.394017 0.145078
0.394765 0.402060
0.395774 0.095364
0.396091 0.162964
0.397476 0.796545
0.397914 0.751598
0.398783 0.107438
0.399194 0.064941
0.400653 0.744438
0.402407 0.527799
0.403599 0.718359
0.404556 0.712414
0.408801 0.512532
0.409997 0.194128
0.412715 0.571224
0.412761 0.309925
0.413240 0.541573
0.413816 0.221787
0.414585 0.729158
0.415202 0.697595
0.415710 0.623463
0.416374 0.742289
0.423121 0.396889
0.424198 0.359950
0.424665 0.516786
0.425558 0.244582
0.427273 0.048746
0.431016 0.469159
0.433492 0.785865
0.434623 0.194731
0.436128 0.589322
0.439631 0.805126
0.440956 0.134181
0.441408 0.193046
0.443270 0.161687
0.447583 0.651923
0.447679 0.275523
0.447722 0.361343
0.449229 0.285677
0.450814 0.720014
0.451558 0.419010
0.452008 0.515954
0.454279 0.452863
0.455491 0.336592
0.456560 0.147701
0.457361 0.407752
0.458412 0.729976
0.459198 0.482936
0.461834 0.675875
0.462229 0.086976
0.464437 0.487854
0.464920 0.325695
0.465362 0.184082
0.465717 0.810330
0.466464 0.116918
0.467104 0.152708
0.468308 0.111822
0.468394 0.517669
0.471986 0.093069
0.472255 0.270146
0.473476 0.494050
0.474088 0.262062
0.474529 0.430619
0.475943 0.067284
0.477039 0.052099
0.479436 0.147446
0.481623 0.704630
0.482630 0.578660
0.482862 0.175319
0.483143 0.747249
0.483144 0.656786
0.485694 0.744095
0.486150 0.115905
0.486197 0.457734
0.488914 0.400223
0.492565 0.585327
0.493510 0.747735
0.494940 0.053739
0.498282 0.068313
0.498297 0.419972
0.499420 0.061458
0.501143 0.061053
0.501983 0.540815
0.503152 0.628405
0.503581 0.808362
0.504018 0.839953
0.504738 0.309455
0.505484 0.503617
0.505637 0.847050
0.506400 0.414020
0.508909 0.102714
0.509539 0.540961
0.510004 0.488994
0.511291 0.062779
0.512053 0.692502
0.513683 0.411194
0.516074 0.454944
0.516153 0.262442
0.516609 0.469445
0.517568 0.168372
0.519451 0.813035
0.520628 0.560705
0.521610 0.152318
0.523498 0.206611
0.523963 0.371462
0.524513 0.081676
0.525948 0.840404
0.527941 0.193036
0.528222 0.663138
0.528617 0.626839
0.530975 0.476801
0.531149 0.333582
0.531258 0.499802
0.532492 0.549853
0.533784 0.316865
0.535852 0.319031
0.536358 0.655423
0.536685 0.303778
0.538061 0.039337
0.538900 0.818324
0.539621 0.079444
0.540108 0.425600
0.544370 0.146574
0.549586 0.039891
0.549840 0.128109
0.549955 0.627189
0.552338 0.057637
0.552594 0.809569
0.553377 0.580207
0.555374 0.355840
0.562520 0.596987
0.563175 0.043005
0.564930 0.846528
0.565395 0.539690
0.565903 0.617782
0.565986 0.058222
0.566471 0.232402
0.567179 0.172213
0.568701 0.088533
0.571424 0.370049
0.572169 0.717487
0.576889 0.323676
0.577394 0.672361
0.577625 0.810566
0.579074 0.594350
0.579433 0.532830
0.579548 0.346677
0.581106 0.173259
0.581223 0.086260
0.581479 0.337033
0.581665 0.648194
0.585181 0.146571
0.586840 0.568220
0.587005 0.739647
0.587367 0.414987
0.588840 0.641958
0.591629 0.498184
0.592243 0.286628
0.593255 0.855644
0.596683 0.599527
0.596743 0.494443
0.597805 0.752018
0.598467 0.132109
0.599628 0.296674
0.605166 0.187770
0.607382 0.689803
0.608208 0.832161
0.608249 0.208657
0.610243 0.433459
0.611834 0.882025
0.612477 0.691412
0.612600 0.517557
0.615397 0.468003
0.616806 0.702854
0.617173 0.732298
0.617372 0.743604
0.619478 0.407724
0.620581 0.316960
0.621792 0.528427
0.622837 0.674083
0.624282 0.714498
0.624733 0.793750
0.625498 0.419109
0.628057 0.389748
0.629211 0.078371
0.631084 0.544083
0.632355 0.698635
0.632389 0.519616
0.632845 0.242805
0.636438 0.584451
0.637944 0.564627
0.639180 0.140603
0.639435 0.839372
0.639895 0.406133
0.642564 0.682237
0.642731 0.121867
0.643470 0.266233
0.643705 0.585952
0.643935 0.251843
0.645434 0.617726
0.649125 0.580338
0.650267 0.462230
0.652586 0.643728
0.653540 0.209110
0.653549 0.610370
0.655363 0.794939
0.655696 0.752359
0.656211 0.570318
0.657803 0.210643
0.660805 0.800405
0.661590 0.869692
0.665136 0.440800
0.666103 0.662601
0.667355 0.464228
0.667429 0.851977
0.671653 0.534174
0.671665 0.731385
0.675479 0.769119
0.675653 0.671295
0.677925 0.846221
0.677988 0.770711
0.679746 0.803063
0.682772 0.861575
0.682905 0.467212
0.684242 0.277139
0.685342 0.184766
0.685577 0.133899
0.685951 0.613043
0.686893 0.506457
0.690378 0.382445
0.692053 0.054656
0.693254 0.875647
0.695414 0.719111
0.697237 0.713837
0.699256 0.568371
0.700272 0.326631
0.702580 0.133162
0.702653 0.088944
0.705188 0.187754
0.705979 0.549283
0.707643 0.698768
0.708735 0.857523
0.709405 0.074936
0.710301 0.866615
0.710326 0.604925
0.712866 0.842506
0.713661 0.507206
0.715054 0.206084
0.716166 0.131745
0.716537 0.170083
0.717464 0.882073
0.719478 0.624317
0.721009 0.832467
0.723463 0.815935
0.724035 0.392315
0.726182 0.775626
0.726517 0.368465
0.728660 0.214711
0.729385 0.451959
0.730715 0.504726
0.730903 0.632536
0.732543 0.589590
0.733006 0.280711
0.738575 0.309662
0.739049 0.873591
0.739931 0.377871
0.741424 0.144388
0.742147 0.575284
0.742616 0.237248
0.743416 0.761230
0.743919 0.741514
0.745638 0.239351
0.745763 0.333711
0.745971 0.679887
0.746182 0.761440
0.747173 0.260088
0.748772 0.631060
0.750423 0.607532
0.750771 0.533932
0.751242 0.065299
0.751512 0.401308
0.752030 0.242388
0.752124 0.217443
0.752163 0.640362
0.752267 0.350311
0.754336 0.571801
0.756110 0.291600
0.757553 0.095299
0.757944 0.442210
0.758197 0.827202
0.763798 0.118370
0.763907 0.636948
0.764831 0.451218
0.765383 0.283963
0.766224 0.727957
0.766980 0.585552
0.767342 0.733016
0.769184 0.358765
0.771368 0.892053
0.773112 0.867134
0.776276 0.414470
0.776841 0.658786
0.776988 0.152142
0.777109 0.857624
0.779109 0.655711
0.782271 0.499564
0.783011 0.694001
0.785131 0.506301
0.785642 0.268596
0.786844 0.733228
0.787788 0.306620
0.788507 0.813240
0.788699 0.262851
0.789174 0.823367
0.791065 0.481877
0.793201 0.090288
0.795453 0.103206
0.795631 0.718740
0.795786 0.677539
0.796152 0.471844
0.796594 0.401859
0.796928 0.250951
0.797011 0.217991
0.797154 0.391033
0.797691 0.775779
0.797716 0.528710
0.802893 0.591453
0.803732 0.506028
0.805909 0.727659
0.806009 0.465356
0.810637 0.880294
0.816890 0.484432
0.817502 0.782690
0.818998 0.307417
0.819905 0.369305
0.819958 0.556746
0.820975 0.139236
0.823354 0.179698
0.823675 0.214580
0.824164 0.296760
0.828346 0.719185
0.828986 0.496384
0.831769 0.686148
0.831784 0.309311
0.831929 0.078532
0.832669 0.737941
0.833740 0.770180
0.840533 0.815195
0.843771 0.873493
0.844985 0.110270
0.845301 0.093939
0.847207 0.890576
0.847456 0.699641
0.849418 0.432634
0.850701 0.142794
0.852397 0.855708
0.853140 0.140499
0.853721 0.167054
0.855858 0.707666
0.856484 0.193911
0.857260 0.732493
0.857383 0.313868
0.858388 0.230173
0.858546 0.134089
0.858779 0.443765
0.860229 0.143770
0.860615 0.268833
0.860620 0.348740
0.861043 0.192856
0.862569 0.876943
0.863354 0.272130
0.864116 0.370744
0.864858 0.970146
0.865416 0.095448
0.866120 0.459581
0.866737 0.567300
0.869234 0.876750
0.872663 0.729654
0.873129 0.290961
0.873253 0.492559
0.873808 0.793874
0.876932 0.891555
0.878227 0.365057
0.879171 0.657886
0.879496 0.830653
0.880789 0.762630
0.882684 0.573773
0.883779 0.777527
0.886415 0.422870
0.888020 0.896434
0.888084 0.653300
0.889193 0.375078
0.889722 0.892157
0.891934 0.459355
0.892885 0.136340
0.892914 0.458802
0.894137 0.725658
0.894513 0.906959
0.896116 0.820780
0.896408 0.946763
0.898585 0.300612
0.901221 0.290474
0.901780 0.932354
0.904131 0.262018
0.906899 0.333424
0.914125 0.582888
0.915700 0.522167
0.917619 0.554377
0.919760 0.081099
0.922002 0.306494
0.925106 0.455207
0.926246 0.352156
0.930562 0.242445
0.930630 0.545218
0.931633 0.670740
0.931782 0.111650
0.934129 0.906736
0.938021 0.293929
0.939369 0.702037
0.940061 0.444895
0.942000 0.998417
0.946239 0.703938
0.947505 0.644296
0.948204 0.339921
0.950801 0.979089
0.951999 0.727171
0.953285 0.306883
0.953856 0.961458
0.955894 0.353662
0.956023 0.934426
0.956038 0.245909
0.958420 0.458497
0.958575 0.451681
0.960054 0.597173
0.960821 0.966830
0.963077 0.238424
0.966523 0.236791
0.968124 0.107326
0.970438 0.862539
0.971705 1.000000
0.973068 0.374915
0.975995 0.936865
0.977340 0.798717
0.978748 0.631462
0.979884 0.708540
0.983431 0.701954
0.983756 0.863093
0.985146 0.742334
0.985400 0.272705
0.986972 0.419756
0.989335 0.678221
0.990691 0.954498
0.991388 0.476222
0.996004 0.590280
0.996982 0.594472
1.000000 0.522195
