0.000000 0.727217
0.000191 0.703903
0.000651 0.650968
0.001136 0.761050
0.003627 0.769262
0.005225 0.947907
0.008184 0.737478
0.008433 1.000000
0.008666 0.829797
0.012850 0.867849
0.014789 0.903174
0.019640 0.749111
0.023910 0.811931
0.028050 0.690616
0.028349 0.753328
0.029752 0.770488
0.033090 0.600074
0.033832 0.937999
0.035540 0.877200
0.035545 0.971002
0.037799 0.947245
0.039100 0.774898
0.039938 0.886667
0.040651 0.896930
0.041651 0.663475
0.043411 0.672680
0.045577 0.916001
0.047580 0.693878
0.050532 0.817517
0.052070 0.667368
0.053208 0.619713
0.054173 0.879752
0.056201 0.608732
0.059464 0.979747
0.062220 0.694141
0.062479 0.845667
0.066620 0.617821
0.071786 0.949571
0.072618 0.705073
0.073051 0.580005
0.074365 0.687920
0.078267 0.775433
0.078789 0.932112
0.078878 0.710949
0.079569 0.656931
0.083881 0.704396
0.084422 0.659873
0.088158 0.618616
0.088659 0.862663
0.089050 0.659081
0.089452 0.860793
0.089471 0.778208
0.094639 0.865986
0.096082 0.623931
0.097148 0.838131
0.097226 0.785520
0.097804 0.841807
0.099103 0.771138
0.104251 0.901487
0.104720 0.728231
0.104885 0.771053
0.105983 0.894070
0.106755 0.888804
0.117734 0.607338
0.118245 0.910123
0.120629 0.562978
0.121696 0.847922
0.124128 0.772425
0.127973 0.787240
0.129647 0.883242
0.131595 0.901590
0.143770 0.789383
0.144927 0.650278
0.145549 0.840377
0.146119 0.836401
0.150485 0.811517
0.154265 0.704602
0.156967 0.550501
0.157278 0.857392
0.158086 0.794545
0.163141 0.695144
0.164073 0.861094
0.164926 0.687400
0.168653 0.806260
0.170448 0.794706
0.172188 0.638667
0.174511 0.727961
0.181839 0.688271
0.182836 0.712510
0.187212 0.857515
0.187969 0.725821
0.195111 0.579853
0.197829 0.639138
0.199186 0.795292
0.200902 0.758640
0.203377 0.565518
0.204662 0.525945
0.205401 0.731553
0.206913 0.861001
0.216958 0.631718
0.220203 0.608623
0.221320 0.841764
0.222080 0.749244
0.227607 0.733910
0.229300 0.632709
0.229583 0.708646
0.230847 0.727619
0.231517 0.867422
0.236748 0.480073
0.237129 0.569917
0.239688 0.710036
0.240333 0.530830
0.241988 0.548051
0.251715 0.635725
0.253344 0.728961
0.257897 0.468819
0.261022 0.466721
0.268703 0.749674
0.270821 0.532174
0.271332 0.647722
0.272033 0.659925
0.274707 0.465613
0.276961 0.445107
0.277793 0.685441
0.278859 0.647820
0.279550 0.742410
0.280657 0.705525
0.281213 0.722484
0.282644 0.599955
0.283034 0.460280
0.284764 0.695723
0.285860 0.438604
0.286299 0.728196
0.286476 0.486652
0.288631 0.730744
0.291447 0.510700
0.294333 0.456411
0.295116 0.769905
0.296323 0.662186
0.297715 0.691681
0.297853 0.543977
0.298925 0.605224
0.300611 0.560365
0.302051 0.643161
0.303831 0.722125
0.304395 0.475905
0.309139 0.726431
0.314253 0.535118
0.315273 0.600119
0.315273 0.665623
0.316501 0.478083
0.317303 0.738955
0.323406 0.513330
0.323635 0.778289
0.325860 0.759505
0.326286 0.751595
0.327009 0.492576
0.328737 0.421274
0.337298 0.458841
0.338036 0.502242
0.341316 0.682578
0.345651 0.591644
0.349479 0.695445
0.350184 0.689239
0.350451 0.760683
0.352644 0.488316
0.354515 0.777900
0.355419 0.571676
0.357608 0.558934
0.358140 0.715613
0.358343 0.441174
0.360989 0.557710
0.364088 0.413222
0.366121 0.701754
0.368461 0.777442
0.375299 0.442146
0.375642 0.711458
0.375923 0.707652
0.376200 0.456861
0.376802 0.677168
0.381527 0.563680
0.382676 0.499392
0.383661 0.387528
0.384611 0.457758
0.386072 0.373630
0.387993 0.620576
0.389202 0.556391
0.390463 0.384560
0.391856 0.575448
0.391994 0.386271
0.394584 0.416915
0.396411 0.469449
0.397944 0.474040
0.403281 0.697876
0.405360 0.508962
0.409568 0.752218
0.412318 0.453000
0.413195 0.385916
0.413486 0.719243
0.415921 0.481806
0.417082 0.565783
0.417723 0.622058
0.417762 0.654290
0.418042 0.533743
0.420118 0.355267
0.422463 0.410189
0.426150 0.639139
0.431867 0.627271
0.431939 0.640715
0.433248 0.492661
0.433307 0.462473
0.434011 0.552294
0.436287 0.434946
0.437189 0.715159
0.438576 0.547301
0.441015 0.357414
0.441918 0.420763
0.441919 0.633045
0.445055 0.581924
0.446345 0.657099
0.447937 0.682000
0.457197 0.643789
0.459181 0.510479
0.460670 0.678762
0.462220 0.559737
0.464465 0.338810
0.468360 0.635614
0.472323 0.520529
0.472801 0.654109
0.473199 0.429886
0.475393 0.682488
0.476681 0.438346
0.478022 0.535176
0.488452 0.559969
0.492004 0.368976
0.492398 0.391778
0.493243 0.393386
0.493742 0.568200
0.496334 0.570197
0.498237 0.387163
0.500542 0.481227
0.505501 0.306924
0.506250 0.317681
0.507322 0.443626
0.507590 0.642668
0.507726 0.567910
0.508762 0.337642
0.510535 0.625151
0.512593 0.546227
0.514633 0.384102
0.516103 0.399767
0.516864 0.673643
0.517268 0.586634
0.519302 0.436315
0.520722 0.514197
0.521899 0.493599
0.521943 0.470875
0.523268 0.607905
0.523847 0.413564
0.524355 0.550654
0.531639 0.654645
0.535103 0.368925
0.537054 0.366272
0.537251 0.365007
0.539912 0.657253
0.541767 0.658550
0.543366 0.307351
0.544910 0.323706
0.545267 0.286269
0.547026 0.352568
0.547046 0.471509
0.550634 0.628556
0.551221 0.379822
0.554301 0.466694
0.558790 0.456680
0.562336 0.275078
0.563717 0.512832
0.564001 0.434531
0.564888 0.269886
0.565508 0.350452
0.565918 0.442477
0.573190 0.533637
0.574171 0.374260
0.574607 0.352731
0.579453 0.421466
0.579460 0.603451
0.581350 0.572907
0.583234 0.365980
0.585326 0.282977
0.585826 0.280587
0.586484 0.320973
0.587311 0.543408
0.593158 0.320284
0.596569 0.299999
0.596995 0.492403
0.597853 0.617452
0.601316 0.244333
0.603719 0.533781
0.604195 0.229401
0.605983 0.464069
0.608075 0.400631
0.609817 0.350954
0.610234 0.371518
0.610663 0.498489
0.610954 0.504346
0.613115 0.616499
0.614260 0.619668
0.615562 0.333539
0.616473 0.498381
0.617461 0.265792
0.619280 0.395242
0.619450 0.369060
0.620352 0.292135
0.623391 0.397687
0.624988 0.508599
0.625345 0.362757
0.625497 0.585079
0.625956 0.578610
0.628104 0.218276
0.629674 0.252722
0.630635 0.463434
0.632737 0.588520
0.633275 0.362472
0.635041 0.413985
0.637569 0.280710
0.638876 0.266334
0.638963 0.305854
0.640801 0.439626
0.645942 0.478055
0.646846 0.501091
0.648696 0.596708
0.651008 0.227427
0.657767 0.202249
0.658771 0.505874
0.660840 0.221320
0.661358 0.231571
0.668166 0.392326
0.674807 0.502801
0.677236 0.458894
0.678070 0.419834
0.682395 0.528333
0.686333 0.182725
0.689093 0.331870
0.690381 0.340694
0.691175 0.304237
0.695143 0.280621
0.695523 0.205943
0.696459 0.400431
0.700926 0.562808
0.701145 0.379295
0.701413 0.489473
0.702748 0.466622
0.703131 0.218730
0.703907 0.489595
0.705350 0.260154
0.709482 0.459188
0.713700 0.382191
0.714039 0.290869
0.719621 0.398761
0.719924 0.252579
0.724108 0.230872
0.725563 0.324884
0.730261 0.146370
0.731189 0.431876
0.731575 0.512247
0.732232 0.442198
0.736109 0.461491
0.737592 0.538029
0.743346 0.429413
0.744734 0.231488
0.745532 0.433371
0.745820 0.263980
0.747467 0.252602
0.749778 0.159175
0.749956 0.153047
0.753313 0.444962
0.753654 0.526648
0.755667 0.248595
0.755989 0.406821
0.756676 0.272333
0.760261 0.447608
0.760436 0.364345
0.761775 0.294390
0.763032 0.307690
0.763388 0.470871
0.766001 0.458539
0.767076 0.133990
0.769199 0.236794
0.771167 0.406539
0.772113 0.445756
0.772864 0.246170
0.780974 0.239509
0.783507 0.279152
0.786615 0.278339
0.786653 0.416954
0.788050 0.362987
0.789919 0.401875
0.791375 0.216489
0.796853 0.488024
0.796934 0.485771
0.800739 0.383614
0.802722 0.408172
0.805538 0.175918
0.807010 0.268556
0.813944 0.100721
0.816761 0.370695
0.817947 0.411726
0.818626 0.203177
0.819517 0.384111
0.835375 0.176978
0.835655 0.115598
0.835836 0.440372
0.841574 0.213338
0.841787 0.091975
0.842051 0.176479
0.843269 0.328529
0.850197 0.317072
0.850429 0.428158
0.852299 0.211516
0.853287 0.163238
0.857814 0.081134
0.863232 0.243053
0.866962 0.088051
0.870411 0.067300
0.872297 0.180318
0.875535 0.431005
0.875837 0.186019
0.881045 0.075344
0.884088 0.056744
0.884567 0.330945
0.885339 0.396820
0.887793 0.172329
0.888885 0.333409
0.889677 0.350874
0.900066 0.153033
0.902102 0.169515
0.903675 0.429658
0.904353 0.215940
0.915872 0.143579
0.925963 0.302686
0.927373 0.099381
0.929572 0.069816
0.933138 0.374589
0.935000 0.187899
0.936004 0.394985
0.942680 0.386980
0.947240 0.314200
0.947620 0.068867
0.948993 0.356333
0.954315 0.351643
0.954330 0.160971
0.956308 0.187917
0.958564 0.063286
0.960001 0.234147
0.960375 0.350679
0.963142 0.368799
0.966230 0.376463
0.968309 0.307737
0.971516 0.237214
0.971768 0.146638
0.973556 0.197918
0.977024 0.249866
0.980634 0.343695
0.980783 0.184296
0.982429 0.296559
0.984792 0.000000
0.985797 0.122032
0.987220 0.028313
0.987827 0.190122
0.989123 0.274285
0.990065 0.085386
0.991154 0.084934
1.000000 0.088595
