0.000000 0.315044
0.002361 0.561411
0.004033 0.306004
0.004428 0.433578
0.004554 0.180613
0.005120 0.214239
0.006359 0.014226
0.007924 0.262920
0.010720 0.031149
0.012517 0.035360
0.012705 0.265408
0.012846 0.398164
0.017770 0.059882
0.018530 0.313772
0.019799 0.000000
0.020698 0.050389
0.027162 0.598552
0.027653 0.541585
0.029299 0.307049
0.030360 0.150766
0.030472 0.426947
0.031338 0.666396
0.034141 0.171396
0.034173 0.310125
0.036258 0.595474
0.036912 0.516038
0.038656 0.349473
0.039391 0.333392
0.041888 0.513957
0.042591 0.329870
0.044465 0.375065
0.044486 0.541806
0.045387 0.008757
0.046036 0.085817
0.046338 0.223427
0.048016 0.085372
0.049805 0.419887
0.050059 0.246489
0.050877 0.571213
0.051301 0.625645
0.052218 0.402872
0.052575 0.281939
0.052800 0.364167
0.054373 0.564511
0.055229 0.378233
0.057349 0.627945
0.058749 0.057919
0.061217 0.415858
0.062994 0.413288
0.066416 0.352507
0.069276 0.462292
0.070383 0.577946
0.075571 0.657531
0.076072 0.096104
0.077316 0.571751
0.078737 0.171425
0.078874 0.080135
0.079498 0.701797
0.082455 0.662136
0.083734 0.698376
0.083973 0.473243
0.085104 0.017012
0.086373 0.279275
0.088894 0.591817
0.090144 0.133292
0.091361 0.587244
0.092163 0.121671
0.093922 0.205301
0.096925 0.118773
0.097320 0.524360
0.098939 0.336030
0.100364 0.131563
0.101531 0.623063
0.102090 0.709673
0.104978 0.540225
0.106332 0.004788
0.106511 0.598590
0.107173 0.645150
0.107754 0.589914
0.108898 0.302820
0.114439 0.605919
0.115171 0.374913
0.115759 0.017108
0.117318 0.108081
0.120798 0.459757
0.121098 0.212043
0.125196 0.424718
0.125695 0.025744
0.126717 0.118060
0.128222 0.225166
0.128344 0.372487
0.131765 0.666858
0.132673 0.598591
0.132858 0.399060
0.135122 0.224465
0.138629 0.603326
0.140659 0.685943
0.141837 0.650661
0.143139 0.497885
0.143578 0.143345
0.145125 0.504308
0.146001 0.074267
0.146233 0.558965
0.148626 0.295209
0.148637 0.541762
0.151406 0.328408
0.151589 0.698835
0.151847 0.115222
0.153046 0.657022
0.158853 0.718525
0.159287 0.564710
0.160262 0.094430
0.160416 0.023145
0.161578 0.401396
0.163721 0.114526
0.164035 0.495861
0.165339 0.441100
0.166047 0.169574
0.167733 0.340619
0.168019 0.059163
0.168023 0.053615
0.168560 0.131104
0.168954 0.510284
0.170357 0.340880
0.172620 0.442888
0.176793 0.064461
0.177129 0.540767
0.177585 0.216757
0.179208 0.107442
0.179731 0.276008
0.180424 0.604599
0.181761 0.050319
0.183521 0.316057
0.185883 0.586892
0.188322 0.266937
0.191264 0.241222
0.193315 0.646269
0.196489 0.158589
0.197603 0.401293
0.200117 0.263344
0.201445 0.695457
0.201744 0.412678
0.202487 0.746321
0.202983 0.619872
0.204834 0.501170
0.207930 0.223840
0.209656 0.168565
0.216590 0.232421
0.219435 0.201730
0.219480 0.050092
0.220429 0.645373
0.220817 0.618667
0.225218 0.236546
0.225857 0.202560
0.226036 0.322500
0.228627 0.167856
0.229247 0.114625
0.232879 0.422673
0.236228 0.477873
0.241366 0.254916
0.241480 0.348390
0.241707 0.664928
0.246183 0.759991
0.249090 0.372182
0.249392 0.652104
0.249569 0.448089
0.251173 0.671918
0.253517 0.577031
0.255904 0.321889
0.256273 0.426989
0.258587 0.204619
0.259767 0.454975
0.260118 0.137631
0.263349 0.677920
0.266979 0.206088
0.267091 0.741233
0.267672 0.470564
0.269016 0.105888
0.271057 0.146993
0.272179 0.636921
0.274282 0.526215
0.277523 0.142077
0.277910 0.713651
0.278776 0.254662
0.279198 0.678736
0.279935 0.500632
0.281252 0.135123
0.282446 0.270567
0.282855 0.643436
0.282920 0.704129
0.285205 0.627154
0.290127 0.147243
0.293987 0.206497
0.294255 0.639874
0.295260 0.632702
0.295596 0.163466
0.298191 0.146802
0.298667 0.243702
0.299278 0.075849
0.302291 0.281758
0.302365 0.109352
0.303748 0.563361
0.306303 0.578309
0.306817 0.625109
0.307850 0.145951
0.310546 0.099153
0.311757 0.271397
0.313522 0.087706
0.319081 0.334219
0.320184 0.546304
0.320792 0.307934
0.320871 0.310403
0.324735 0.107383
0.327151 0.280837
0.331180 0.270688
0.331895 0.600222
0.332342 0.459472
0.333012 0.204858
0.333308 0.112845
0.337124 0.394576
0.337254 0.776692
0.338673 0.412303
0.339304 0.545168
0.339458 0.367436
0.340882 0.213698
0.341528 0.776324
0.341734 0.659384
0.343332 0.512948
0.343966 0.111598
0.345468 0.577016
0.345796 0.490495
0.349344 0.292111
0.350013 0.622631
0.352055 0.289211
0.353728 0.513366
0.355781 0.084554
0.356518 0.695411
0.356829 0.218762
0.358093 0.606258
0.358207 0.383055
0.358482 0.216942
0.360889 0.455996
0.361030 0.694288
0.361616 0.752417
0.362642 0.641457
0.365979 0.250807
0.366209 0.594463
0.366517 0.334572
0.367802 0.581471
0.368295 0.387963
0.369658 0.169119
0.373592 0.531214
0.373919 0.644896
0.377431 0.361710
0.380832 0.446666
0.381282 0.660897
0.383647 0.692278
0.384459 0.778090
0.385570 0.108696
0.387184 0.388214
0.388814 0.737431
0.389406 0.527299
0.391164 0.564471
0.393794 0.463321
0.394932 0.546801
0.399258 0.167084
0.401721 0.620993
0.402521 0.814002
0.402740 0.207747
0.402893 0.413809
0.403416 0.148126
0.406665 0.709773
0.407744 0.374016
0.409659 0.313537
0.411639 0.780613
0.414393 0.732353
0.414432 0.145965
0.414910 0.477748
0.414979 0.703258
0.415362 0.289262
0.415450 0.781528
0.415482 0.553419
0.415561 0.747559
0.415769 0.640569
0.416369 0.357087
0.418366 0.334433
0.420003 0.508619
0.420068 0.481436
0.421143 0.294756
0.421754 0.309080
0.425038 0.791611
0.426240 0.543394
0.428511 0.308838
0.429399 0.203986
0.433314 0.675247
0.434047 0.489842
0.438454 0.275790
0.439428 0.366970
0.439828 0.268634
0.440713 0.420713
0.443219 0.493482
0.444104 0.767327
0.446642 0.242646
0.446963 0.568703
0.448050 0.157616
0.449100 0.468742
0.450051 0.162262
0.450940 0.828066
0.451708 0.234036
0.453121 0.651259
0.453611 0.472393
0.454480 0.366839
0.454538 0.207452
0.455564 0.487705
0.458031 0.401535
0.458691 0.624198
0.459291 0.260096
0.459624 0.652478
0.460520 0.452639
0.462072 0.685990
0.462207 0.335778
0.464706 0.508769
0.466764 0.465129
0.467970 0.674420
0.469412 0.657700
0.470526 0.790968
0.473429 0.127111
0.476766 0.381427
0.477205 0.779886
0.479133 0.657120
0.479972 0.459166
0.480411 0.757506
0.486223 0.573387
0.488404 0.735870
0.489583 0.770768
0.492339 0.435929
0.492948 0.355275
0.495295 0.174629
0.497000 0.748856
0.500375 0.538730
0.500607 0.697241
0.502446 0.656361
0.504091 0.476662
0.504216 0.446331
0.507934 0.772421
0.509139 0.403899
0.510291 0.255129
0.511304 0.585478
0.514343 0.729835
0.518468 0.681078
0.519369 0.700364
0.520436 0.193774
0.520598 0.548091
0.521184 0.479185
0.523368 0.252744
0.524661 0.708643
0.525014 0.693771
0.525144 0.418275
0.526394 0.385733
0.528200 0.727720
0.530364 0.296413
0.532331 0.709849
0.534927 0.337303
0.535263 0.786785
0.536999 0.421050
0.537645 0.268752
0.540511 0.235094
0.542003 0.267782
0.543442 0.395225
0.544623 0.302914
0.544997 0.685087
0.545471 0.281303
0.545886 0.226004
0.549181 0.272542
0.551089 0.324690
0.552223 0.805563
0.553084 0.241382
0.556430 0.425188
0.557281 0.546482
0.558292 0.240768
0.558812 0.575649
0.560222 0.777504
0.560567 0.475349
0.566177 0.295079
0.570798 0.526763
0.571338 0.484573
0.573000 0.618936
0.573623 0.651842
0.573704 0.824588
0.574760 0.752189
0.574979 0.362826
0.575232 0.369860
0.580442 0.674542
0.580731 0.764121
0.581823 0.231873
0.583116 0.822172
0.583220 0.468813
0.584569 0.527991
0.585176 0.855521
0.587086 0.765073
0.587825 0.525553
0.588879 0.607366
0.592251 0.697554
0.592996 0.176749
0.594338 0.449271
0.594535 0.877856
0.594690 0.449646
0.595347 0.344421
0.595622 0.686530
0.597841 0.857768
0.598147 0.552603
0.603061 0.504451
0.603634 0.851738
0.605470 0.563405
0.608593 0.570557
0.608707 0.546494
0.609430 0.820316
0.610644 0.855199
0.611663 0.637267
0.616437 0.646774
0.619551 0.248467
0.620594 0.280468
0.621189 0.703165
0.630148 0.831022
0.630154 0.328207
0.634018 0.739410
0.636642 0.588390
0.638649 0.420674
0.638968 0.712385
0.639067 0.510578
0.640333 0.556316
0.641730 0.605596
0.642720 0.510773
0.643671 0.737568
0.643768 0.504004
0.644040 0.751159
0.644935 0.863103
0.645656 0.663557
0.648357 0.712480
0.648957 0.461845
0.649556 0.326540
0.650689 0.882691
0.651104 0.582456
0.651882 0.639024
0.653909 0.701675
0.653930 0.218467
0.654992 0.867532
0.656451 0.711831
0.657592 0.847141
0.658360 0.340845
0.658471 0.711824
0.659899 0.280557
0.662210 0.285010
0.662234 0.397545
0.663379 0.193907
0.664073 0.584179
0.664687 0.640395
0.668409 0.753107
0.672366 0.371234
0.672518 0.558123
0.673939 0.557026
0.677288 0.846186
0.682615 0.270220
0.683688 0.665727
0.684848 0.270939
0.686808 0.672989
0.688503 0.235494
0.693430 0.250486
0.693511 0.569624
0.697668 0.659137
0.699181 0.385930
0.699325 0.388540
0.699689 0.694373
0.700346 0.236482
0.701367 0.257704
0.702620 0.364363
0.705047 0.706362
0.708265 0.257220
0.708897 0.906491
0.709545 0.739224
0.711632 0.584413
0.711658 0.370475
0.713568 0.790650
0.714098 0.811334
0.717397 0.487939
0.718466 0.678492
0.718503 0.676671
0.718547 0.607610
0.722831 0.718654
0.723800 0.303457
0.727335 0.668224
0.729102 0.730910
0.734845 0.677627
0.736072 0.502388
0.738296 0.380931
0.742015 0.852516
0.742720 0.542929
0.746602 0.332256
0.746986 0.355291
0.747945 0.751621
0.748061 0.473258
0.748271 0.491124
0.749337 0.516973
0.749465 0.860695
0.750982 0.715093
0.754021 0.263990
0.754773 0.456527
0.755319 0.629921
0.756490 0.573786
0.757547 0.239036
0.760511 0.916050
0.763923 0.365321
0.767495 0.476153
0.768555 0.666679
0.768856 0.362943
0.769657 0.243460
0.771465 0.303664
0.771885 0.536226
0.772566 0.826600
0.773718 0.651440
0.774079 0.475699
0.774112 0.782981
0.775340 0.800051
0.775852 0.456427
0.775909 0.244001
0.778382 0.593327
0.778421 0.581458
0.782422 0.490384
0.783761 0.295651
0.784103 0.477755
0.785306 0.294918
0.785621 0.303377
0.785892 0.355924
0.786069 0.308373
0.786414 0.649242
0.788789 0.552520
0.789010 0.854956
0.791110 0.620287
0.794093 0.868616
0.795610 0.336587
0.796725 0.864770
0.798662 0.556341
0.802673 0.347772
0.803329 0.802361
0.804416 0.768825
0.806623 0.708189
0.807704 0.360199
0.811440 0.449603
0.811899 0.480273
0.813177 0.840339
0.813358 0.847012
0.813513 0.696091
0.813963 0.394324
0.815512 0.742054
0.816855 0.749254
0.816985 0.888786
0.819827 0.258248
0.823088 0.656810
0.825099 0.550273
0.826956 0.445955
0.828230 0.450672
0.828402 0.684103
0.829990 0.238759
0.831335 0.392391
0.833634 0.445264
0.833828 0.835558
0.834417 0.698888
0.836251 0.747586
0.842185 0.609942
0.843920 0.446204
0.844741 0.644258
0.845329 0.762350
0.849827 0.661660
0.854467 0.670450
0.855195 0.363035
0.859903 0.485649
0.860198 0.287181
0.862136 0.904453
0.862545 0.915467
0.862649 0.311156
0.863931 0.774716
0.865596 0.487415
0.865859 0.721040
0.870636 0.276006
0.872726 0.965566
0.873944 0.674572
0.877877 0.648251
0.880601 0.778542
0.885902 0.968686
0.886827 0.409319
0.888143 0.302968
0.888566 0.725903
0.889854 0.611766
0.890985 0.545991
0.894936 0.844092
0.894955 0.678457
0.897326 0.499698
0.898066 0.758119
0.900273 0.923092
0.902934 0.845051
0.903569 0.539703
0.903901 0.776298
0.908295 0.669141
0.908845 0.873890
0.909339 0.286604
0.909544 0.648498
0.910777 0.687068
0.912973 0.484733
0.913927 0.446663
0.917081 0.694208
0.919125 0.746318
0.920901 0.847032
0.921228 0.406239
0.921573 0.442635
0.923628 0.807270
0.923834 0.540822
0.924981 0.477755
0.926474 0.323852
0.928192 0.723494
0.932767 0.292500
0.933166 0.766062
0.933745 0.547846
0.935596 0.326553
0.939490 0.648645
0.940448 0.818340
0.942465 0.844330
0.944922 0.791560
0.948085 0.776167
0.951828 0.704925
0.952766 0.921084
0.953647 0.961480
0.954935 0.972561
0.954980 0.801851
0.956001 0.837692
0.956337 0.656590
0.958810 0.725145
0.959946 0.925364
0.960368 0.979597
0.967989 0.387636
0.969249 0.857601
0.969817 0.464828
0.969880 0.833954
0.970071 0.389594
0.970319 0.333929
0.970527 0.768063
0.971700 1.000000
0.972547 0.451993
0.973255 0.824650
0.976087 0.616155
0.977217 0.678118
0.978033 0.428937
0.978725 0.869678
0.979201 0.605122
0.980919 0.296868
0.981747 0.328797
0.982104 0.790453
0.983958 0.767287
0.984775 0.955149
0.984976 0.598168
0.985319 0.304601
0.985620 0.778599
0.990146 0.638648
0.991559 0.831404
0.993002 0.887949
0.993410 0.705751
0.995579 0.570097
0.996372 0.470991
0.996558 0.377981
1.000000 0.694115
