0.000000 0.789315
0.007912 0.516359
0.013989 0.636901
0.022708 0.271769
0.032257 0.683902
0.036823 0.667730
0.037809 0.646444
0.038738 0.487515
0.039174 0.578430
0.039432 0.673013
0.039462 0.811818
0.041973 0.294925
0.043964 0.690848
0.045852 0.000000
0.048137 0.665347
0.048743 0.332733
0.049121 0.693519
0.056217 0.718061
0.056593 0.702763
0.057547 0.688377
0.057958 0.592377
0.059242 0.532335
0.061494 0.271369
0.061794 0.390304
0.066144 0.304349
0.068072 0.706241
0.068381 0.386135
0.073941 0.636776
0.074078 0.657238
0.075667 0.653641
0.076938 0.683162
0.077835 0.274021
0.078923 0.820936
0.079655 0.590848
0.080872 0.549370
0.088483 0.746006
0.090591 0.394104
0.090925 0.887463
0.090931 0.410059
0.092429 0.381034
0.094368 0.430786
0.095119 0.499372
0.097377 0.278313
0.098425 0.306727
0.102087 0.743742
0.102976 0.774082
0.103356 0.668130
0.103524 0.644014
0.103928 0.766616
0.105062 0.855267
0.105134 0.445651
0.106958 0.310671
0.108283 0.516722
0.108559 0.679013
0.108744 0.745567
0.108952 0.743865
0.109577 0.689872
0.110721 0.556489
0.112060 0.785157
0.112765 0.575771
0.114237 0.569701
0.114484 0.671252
0.115351 0.725373
0.116453 0.391994
0.116781 0.532584
0.117224 0.623912
0.118119 0.501969
0.121020 0.623650
0.121198 0.709545
0.122025 0.560394
0.122878 0.717819
0.124970 0.731638
0.125339 0.346834
0.126295 0.380542
0.126962 0.770811
0.127608 0.730175
0.127697 0.404547
0.127993 0.491889
0.129364 0.279024
0.130983 0.645152
0.131034 0.717707
0.131101 0.927311
0.131831 0.324963
0.131958 0.809369
0.132028 0.874815
0.135308 0.427579
0.136983 0.801312
0.137579 0.468441
0.139946 0.596086
0.140095 0.479328
0.140594 0.436546
0.140796 0.756690
0.142681 0.850307
0.143134 0.805295
0.143751 0.739866
0.144414 0.656740
0.145049 0.551821
0.145208 0.504510
0.145737 0.696823
0.147791 0.534085
0.147832 0.576440
0.147878 0.597147
0.151353 0.422308
0.152761 0.565079
0.152805 0.415878
0.154703 0.559668
0.156464 0.857090
0.157237 0.661396
0.157890 0.486118
0.158684 0.524279
0.159545 0.665723
0.160116 0.789949
0.160296 0.782181
0.161753 0.444664
0.162579 0.504363
0.163989 0.558757
0.164048 0.594726
0.166152 0.466862
0.170507 0.420066
0.170691 0.605460
0.171237 0.762648
0.171429 0.628734
0.171518 0.996310
0.172050 0.719727
0.173043 0.416530
0.173886 0.413216
0.177711 0.556979
0.178213 0.595448
0.179462 0.479114
0.179988 0.705275
0.180032 0.681974
0.180381 0.465854
0.180613 0.666942
0.183080 0.611622
0.183413 0.701155
0.186049 0.493833
0.186838 0.538910
0.186954 0.866708
0.187022 0.472032
0.187037 0.683856
0.187483 0.551809
0.187684 0.621979
0.188073 0.695040
0.188177 0.714252
0.189745 0.530471
0.189907 0.671513
0.190775 0.487409
0.190945 0.584434
0.191037 0.683381
0.191641 0.456662
0.192054 0.535201
0.192820 0.717558
0.193032 0.591194
0.193790 0.397288
0.194271 0.810873
0.194986 0.792577
0.195328 0.653028
0.195775 0.789289
0.196129 0.612162
0.197004 0.717845
0.198667 0.991463
0.200859 0.531906
0.202712 0.785393
0.204154 0.860348
0.204176 0.567772
0.205298 0.740583
0.205699 0.605438
0.206139 0.724830
0.207654 0.650443
0.208361 0.443017
0.209297 0.572890
0.213405 0.591022
0.214294 0.759643
0.216761 0.531745
0.217203 0.642577
0.217224 0.628060
0.218802 0.610541
0.219546 0.839914
0.220137 0.446573
0.221312 0.714447
0.223450 0.500452
0.223595 0.500184
0.225183 0.540320
0.225970 0.760027
0.226157 0.655389
0.227034 0.775154
0.227062 0.595407
0.227131 0.647324
0.227256 0.498202
0.227598 0.712263
0.230296 0.636128
0.230334 0.900486
0.230356 0.591511
0.230559 0.814533
0.231189 0.717217
0.235845 0.601721
0.236667 0.564563
0.236817 0.448475
0.236974 0.480772
0.237725 0.661172
0.238495 0.726368
0.239699 0.593554
0.239848 0.757974
0.241047 0.775972
0.241556 0.675990
0.245042 0.785222
0.246895 0.473891
0.247250 0.589258
0.247475 0.537948
0.247676 0.826424
0.247698 0.486849
0.249055 0.568872
0.250489 0.619749
0.252183 0.589949
0.252977 0.690790
0.254987 0.711900
0.259480 0.748011
0.259925 0.507642
0.260623 0.625986
0.261079 0.935726
0.261397 0.485403
0.262780 0.879425
0.263290 0.784853
0.264388 0.839993
0.265238 0.594494
0.265674 0.779360
0.265745 0.818571
0.265855 0.610023
0.266588 0.844403
0.267510 0.700428
0.268179 0.743321
0.268613 0.639145
0.268675 0.560836
0.270422 0.685494
0.271112 0.754359
0.272922 0.713015
0.274292 0.944546
0.274572 0.718817
0.275498 0.841760
0.277818 0.544390
0.279342 0.627651
0.280391 0.553912
0.281396 0.777260
0.282066 0.492480
0.282068 0.826197
0.282078 0.562243
0.282117 0.786327
0.282703 0.508064
0.283373 0.607237
0.284804 0.800880
0.284900 0.851887
0.285783 0.700966
0.286022 0.715258
0.286497 0.620010
0.287514 0.762471
0.287918 0.716687
0.288852 0.703181
0.288931 0.685549
0.290487 0.517669
0.293327 0.751158
0.294250 0.535380
0.294356 0.707741
0.295261 0.638063
0.295582 0.611635
0.296951 0.692924
0.299088 0.544859
0.300491 0.971773
0.302122 0.845319
0.303546 0.674272
0.304314 0.801256
0.304744 0.542489
0.304925 0.701996
0.305207 0.692701
0.305574 0.590066
0.305968 0.662533
0.306794 0.624848
0.306880 0.508621
0.307449 0.587019
0.309214 0.931249
0.309651 0.887822
0.311686 0.738147
0.312306 0.529763
0.313000 0.620236
0.313590 0.531553
0.316217 0.823873
0.316872 0.732980
0.316930 0.676748
0.317438 0.550100
0.318780 0.558961
0.318923 0.714906
0.319711 0.598830
0.320081 0.819786
0.324827 0.773832
0.326224 0.859119
0.330134 0.780286
0.331039 0.706462
0.331254 0.911042
0.332151 0.826195
0.332847 0.940868
0.337217 0.554226
0.337286 0.814533
0.337981 0.844032
0.339061 0.791376
0.340064 0.589353
0.340726 0.700067
0.341536 0.731860
0.341608 0.604177
0.342256 0.796956
0.344577 0.540782
0.346703 0.666792
0.348083 0.876858
0.348136 0.639079
0.348742 0.559661
0.348787 0.545255
0.350715 0.822476
0.352206 0.650665
0.353963 0.732491
0.354368 0.764705
0.354520 0.951617
0.354906 0.638301
0.355061 0.826964
0.355099 0.671221
0.355893 0.639034
0.355969 0.741782
0.357012 0.705571
0.357063 0.641130
0.357919 0.893578
0.358926 0.628449
0.359213 0.644146
0.360046 0.614026
0.360810 0.900950
0.361630 0.815108
0.362643 0.733241
0.362832 0.819938
0.362940 0.630515
0.363072 0.808827
0.363858 0.613487
0.364184 0.654135
0.366983 0.760622
0.368611 0.909906
0.371569 0.592054
0.371757 0.861787
0.372655 0.709620
0.374416 0.772159
0.376864 0.839696
0.378064 0.730246
0.379049 0.774815
0.379426 0.565613
0.380143 0.581755
0.381975 0.692515
0.383254 0.786429
0.383604 0.567534
0.384730 0.779332
0.384999 0.971835
0.385170 0.597004
0.385192 0.695172
0.385304 0.842515
0.385369 0.570848
0.386003 0.970344
0.386578 0.781681
0.387592 0.713411
0.387631 0.770949
0.389412 0.740758
0.389628 0.744649
0.391770 0.792925
0.391850 0.760446
0.391972 0.727523
0.392125 0.623461
0.392251 0.650884
0.394778 0.906792
0.395807 0.641426
0.396181 0.684823
0.398471 0.689093
0.399106 0.763335
0.401174 0.620254
0.401607 0.661566
0.407644 0.719363
0.409531 0.592387
0.412276 0.738150
0.412364 0.667282
0.413021 0.648011
0.413328 0.669981
0.415186 0.664178
0.415751 0.904721
0.417780 0.881824
0.419452 0.984943
0.419889 0.789272
0.421648 0.721341
0.422280 0.807891
0.424569 0.791025
0.426208 0.931857
0.426672 0.844175
0.427537 0.663428
0.427934 0.804463
0.428482 0.911670
0.428583 0.713738
0.429278 0.899998
0.434044 0.759735
0.435174 0.844238
0.436078 0.702798
0.436531 0.752983
0.439927 0.689966
0.446838 0.615901
0.448460 0.696762
0.448873 0.749707
0.449722 0.833075
0.452021 0.759036
0.452772 0.627644
0.452847 0.721781
0.454559 0.696924
0.455826 0.687428
0.456349 0.739904
0.457872 0.751783
0.458443 0.655522
0.461131 0.817483
0.462245 0.736688
0.464612 0.710976
0.466922 0.927588
0.467912 0.636122
0.467913 0.655718
0.467976 0.784625
0.468910 0.795715
0.470228 0.810479
0.471806 0.673235
0.472432 0.631522
0.473126 0.862376
0.475196 0.854488
0.477003 0.784588
0.477271 0.900084
0.477434 0.866626
0.479406 0.703088
0.479411 0.681423
0.479763 0.659714
0.482990 0.671513
0.485640 0.817938
0.486324 0.664345
0.490628 0.825185
0.493224 0.687305
0.493458 0.814218
0.494965 1.000000
0.496252 0.717271
0.501823 0.811449
0.502407 0.659423
0.505045 0.652139
0.505971 0.731719
0.510615 0.796856
0.510966 0.842847
0.517510 0.778885
0.518389 0.729226
0.518727 0.832777
0.519172 0.791776
0.524366 0.784557
0.526569 0.690489
0.527131 0.663898
0.528638 0.785137
0.531654 0.866822
0.541301 0.757367
0.541592 0.737386
0.543385 0.845243
0.544522 0.701232
0.545705 0.958052
0.553615 0.762679
0.555622 0.679254
0.558625 0.937286
0.560002 0.896953
0.562085 0.863805
0.563576 0.824238
0.565831 0.685058
0.571311 0.841566
0.574394 0.771732
0.582960 0.771238
0.583083 0.737515
0.584058 0.681288
0.587486 0.752237
0.590913 0.702987
0.593335 0.755900
0.599019 0.836650
0.599470 0.711801
0.599514 0.878335
0.603237 0.768143
0.610165 0.760918
0.612279 0.910327
0.615879 0.719050
0.619287 0.797351
0.623441 0.807470
0.630380 0.805107
0.637342 0.864229
0.637638 0.747281
0.641532 0.941257
0.643706 0.812251
0.643960 0.867918
0.645129 0.814819
0.654576 0.761466
0.661754 0.876447
0.665210 0.987608
0.666536 0.734109
0.669573 0.927474
0.670666 0.770008
0.679852 0.751336
0.681636 0.780043
0.682015 0.864242
0.682791 0.747461
0.684779 0.786743
0.691856 0.845527
0.695538 0.837548
0.716795 0.792111
0.747770 0.851853
0.748617 0.872590
0.800070 0.769314
0.823415 0.794956
0.838389 0.929703
0.857171 0.886144
0.928922 0.976144
1.000000 0.838650
