0.000000 0.000000
0.114755 0.215526
0.150234 0.429281
0.153224 0.441785
0.160367 0.475448
0.176182 0.557698
0.177865 0.297567
0.182263 0.433617
0.188720 0.252329
0.207753 0.363928
0.208043 0.467295
0.209464 0.452728
0.210189 0.616416
0.213457 0.642174
0.217748 0.552293
0.219186 0.258799
0.220443 0.223463
0.248708 0.449315
0.248949 0.297520
0.248995 0.580715
0.249233 0.606723
0.250410 0.641052
0.251012 0.512526
0.251526 0.628441
0.253533 0.529199
0.257140 0.495546
0.262149 0.564831
0.263174 0.626797
0.272208 0.604274
0.274340 0.447282
0.274809 0.653533
0.280391 0.662228
0.281884 0.453207
0.283989 0.260966
0.285053 0.539386
0.288138 0.568223
0.290299 0.507948
0.291141 0.393831
0.293505 0.461608
0.293734 0.527106
0.298423 0.762980
0.302105 0.567819
0.303459 0.475367
0.305831 0.648861
0.307195 0.598172
0.308809 0.414857
0.309481 0.576245
0.311276 0.585803
0.311768 0.584115
0.311968 0.587624
0.312681 0.512407
0.312706 0.470964
0.313851 0.638415
0.315551 0.571097
0.316895 0.759604
0.317015 0.281618
0.317020 0.535057
0.321212 0.629809
0.321639 0.630337
0.323438 0.675914
0.327180 0.610154
0.333389 0.421374
0.336286 0.607912
0.336824 0.559938
0.337774 0.521887
0.337851 0.734166
0.339067 0.527331
0.339518 0.711463
0.345201 0.642761
0.345443 0.644256
0.352279 0.398190
0.355705 0.535333
0.357132 0.769470
0.359387 0.561161
0.359560 0.678202
0.361607 0.598329
0.362019 0.566032
0.362711 0.718797
0.365119 0.799644
0.366872 0.649867
0.366967 0.452375
0.367030 0.727746
0.367093 0.591038
0.367220 0.432210
0.370112 0.501461
0.372987 0.530378
0.373193 0.637185
0.376107 0.664901
0.376468 0.678968
0.376938 0.757028
0.377643 0.705079
0.378130 0.762771
0.378788 0.677164
0.379068 0.284217
0.379479 0.772118
0.381402 0.683049
0.384234 0.456217
0.384407 0.562404
0.385246 0.513568
0.385572 0.733917
0.386839 0.468943
0.387073 0.606822
0.387291 0.574071
0.388568 0.616891
0.389280 0.663258
0.389316 0.571218
0.389502 0.753536
0.391287 0.688365
0.391701 0.510977
0.392409 0.573675
0.392478 0.588391
0.392798 0.702416
0.394578 0.477711
0.395629 0.588238
0.395647 0.293487
0.395719 0.630717
0.395731 0.643491
0.396032 0.483614
0.396119 0.390567
0.396395 0.655848
0.397072 0.733310
0.398106 0.689592
0.398602 0.668068
0.398906 0.669478
0.399550 0.752510
0.401088 0.593707
0.401887 0.810269
0.402432 0.663572
0.403454 0.401995
0.403925 0.648499
0.405482 0.633088
0.405605 0.712727
0.407057 0.647459
0.408767 0.734122
0.409541 0.590397
0.409675 0.754160
0.410283 0.590704
0.411471 0.619670
0.411540 0.707155
0.411726 0.525686
0.412862 0.557219
0.412894 0.336823
0.413656 0.445907
0.415010 0.734297
0.415039 0.328062
0.415189 0.552551
0.416408 0.588884
0.417777 0.520671
0.419068 0.705712
0.419231 0.681631
0.419448 0.728484
0.419856 0.475331
0.420876 0.501226
0.422090 0.704108
0.422113 0.665515
0.423738 0.634327
0.423835 0.832745
0.424150 0.612395
0.424398 0.424995
0.425421 0.589251
0.426160 0.508375
0.426639 0.792347
0.428014 0.734373
0.428092 0.684198
0.429447 0.516273
0.429839 0.728239
0.430005 0.705826
0.430813 0.586632
0.432130 0.716209
0.432643 0.340578
0.433111 0.768220
0.435083 0.812209
0.436304 0.764960
0.438324 0.719283
0.438521 0.705789
0.439722 0.488295
0.439856 0.751952
0.442330 0.677806
0.442404 0.418908
0.447099 0.729376
0.447346 0.655971
0.447497 0.697933
0.449585 0.513881
0.451909 0.545863
0.452071 0.474828
0.453164 0.591458
0.454247 0.516243
0.454290 0.356330
0.454395 0.644634
0.455170 0.773229
0.455525 0.797002
0.455873 0.755240
0.456291 0.662628
0.456411 0.674094
0.457015 0.655750
0.458806 0.738498
0.460521 0.776446
0.460751 0.583704
0.461039 0.604469
0.461528 0.668839
0.462961 0.661433
0.463099 0.758938
0.464413 0.696622
0.464982 0.618651
0.466627 0.560919
0.467010 0.724684
0.467707 0.604721
0.468577 0.642402
0.468660 0.760444
0.468744 0.828585
0.471300 0.878975
0.471394 0.674916
0.471877 0.538792
0.473773 0.609473
0.474937 0.484024
0.475037 0.711371
0.475523 0.610620
0.476297 0.736866
0.477797 0.421321
0.477997 0.739112
0.478344 0.248530
0.479064 0.681437
0.480877 0.829675
0.481153 0.695446
0.481838 0.777619
0.482051 0.707561
0.482645 0.605701
0.484806 0.702950
0.485248 0.709447
0.485365 0.583404
0.485480 0.568997
0.486011 0.592974
0.486084 0.702282
0.486099 0.596841
0.487189 0.644785
0.487209 0.731637
0.487434 0.715963
0.488197 0.690964
0.488307 0.571521
0.489054 0.723962
0.489230 0.726506
0.490868 0.699336
0.491589 0.492659
0.492222 0.769836
0.492349 0.680647
0.494224 0.673502
0.495366 0.507423
0.495804 0.653549
0.495847 0.515024
0.497055 0.599847
0.497094 0.867741
0.497357 0.703764
0.498129 0.533566
0.498379 0.743472
0.499007 0.865146
0.499332 0.826650
0.499622 0.414585
0.499662 0.332647
0.500721 0.859408
0.500870 0.888003
0.501142 0.649277
0.501701 0.556601
0.501744 0.765108
0.501810 0.719268
0.502756 0.579501
0.503150 0.418337
0.503370 0.706417
0.504087 0.578460
0.504115 0.664215
0.504269 0.569942
0.504510 0.741203
0.504592 0.746263
0.505590 0.722889
0.505988 0.436955
0.506370 0.808893
0.506601 0.661245
0.506817 0.674637
0.506905 0.799480
0.507226 0.360644
0.508292 0.724740
0.508427 0.722878
0.508992 0.704204
0.509962 0.901081
0.510254 0.584650
0.511367 0.517367
0.511913 0.684646
0.511980 0.811262
0.512817 0.737167
0.512890 0.644042
0.512921 0.775658
0.513118 0.566720
0.514194 0.919041
0.514526 0.722984
0.516736 0.534823
0.517250 0.768571
0.517333 0.631802
0.518598 0.852849
0.518631 0.758477
0.520868 0.791405
0.522601 0.794980
0.523464 0.745419
0.524097 0.522007
0.524269 0.795414
0.524453 0.647985
0.526869 0.802713
0.527078 0.559933
0.527562 0.504103
0.527637 0.680784
0.528669 0.729648
0.529392 0.677988
0.530072 0.524937
0.530748 0.665285
0.532266 0.435310
0.532372 0.743417
0.533223 0.838552
0.533413 0.701891
0.534257 0.573537
0.535573 0.866017
0.536431 0.763085
0.537010 0.635287
0.537123 0.608752
0.537189 0.671749
0.538391 0.792673
0.538528 0.770266
0.539276 0.881903
0.539814 0.799853
0.540261 0.768464
0.540299 0.783080
0.540523 0.770755
0.541293 0.620297
0.541962 0.768232
0.545274 0.697327
0.546215 0.611584
0.546506 0.708917
0.547359 0.795092
0.547756 0.662629
0.548129 0.786417
0.548189 0.843120
0.548362 0.525526
0.548549 0.578890
0.549173 0.747557
0.550802 0.604870
0.550917 0.862693
0.553505 0.742978
0.554143 0.771896
0.554824 0.634862
0.555558 0.630379
0.555868 0.750793
0.558717 0.478217
0.559362 0.913287
0.559903 0.794370
0.560491 0.720142
0.560957 0.588703
0.561426 0.502151
0.562321 0.754648
0.562573 0.723266
0.563755 0.628871
0.563881 0.739831
0.565566 0.897438
0.565838 0.887238
0.566380 0.706622
0.566441 0.452473
0.566697 0.673738
0.566908 0.577453
0.566928 0.842355
0.568013 0.647726
0.568283 0.759999
0.568456 0.748096
0.568658 0.607945
0.569419 0.752135
0.570130 0.453706
0.570327 0.864815
0.570777 0.870872
0.571079 0.705997
0.571917 0.364653
0.572011 0.704168
0.572788 0.745685
0.573226 0.886431
0.574348 0.595135
0.574386 0.737162
0.575163 0.774291
0.576327 0.464345
0.576576 0.877151
0.577491 0.867751
0.577523 0.852312
0.577908 0.621516
0.578190 0.333007
0.578806 0.636504
0.579508 0.617454
0.580485 0.748310
0.581100 0.817744
0.581749 0.646735
0.581923 0.839494
0.581965 0.640897
0.582643 0.701511
0.583110 0.811726
0.583160 0.822675
0.583317 0.762368
0.583327 0.753480
0.584292 0.610261
0.587570 0.756837
0.587723 0.634931
0.589364 0.706521
0.589955 0.648381
0.590600 0.648744
0.590813 0.594569
0.591586 0.692939
0.592630 0.839619
0.593541 0.729128
0.593713 0.647980
0.593867 0.724566
0.595818 0.739406
0.596150 0.459313
0.596298 0.790380
0.596665 0.834561
0.597390 0.883509
0.598424 0.851379
0.598966 0.653954
0.601323 0.712481
0.601755 0.465559
0.602490 0.838170
0.603938 0.593100
0.604187 0.638359
0.605597 0.609473
0.606855 0.582614
0.607475 0.659926
0.607747 0.517915
0.608047 0.886788
0.608675 0.603321
0.609492 0.725794
0.610114 0.873374
0.610299 0.860754
0.611406 0.614969
0.611724 0.585521
0.613155 0.771387
0.613552 0.662843
0.613681 0.873347
0.613954 0.672518
0.614499 0.339186
0.615835 0.681665
0.616901 0.781645
0.617272 0.749782
0.617319 0.659055
0.617412 0.824094
0.620786 0.849487
0.621177 0.801919
0.621272 0.828934
0.621769 0.530283
0.622072 0.763435
0.622328 0.551569
0.622438 0.513755
0.622695 0.626186
0.624150 0.687266
0.624298 0.689377
0.625258 0.642220
0.626204 0.836986
0.626939 0.626586
0.627295 0.926371
0.627510 0.836180
0.627765 0.893526
0.628546 0.748685
0.629530 0.835416
0.629544 0.756078
0.630173 0.500152
0.630583 0.634479
0.631017 0.707571
0.631744 0.886045
0.631956 0.269108
0.632147 0.575093
0.632789 0.866433
0.633445 0.823604
0.634200 0.521759
0.637246 0.731482
0.638157 0.694845
0.638612 0.728434
0.639358 0.931778
0.639998 0.629195
0.641184 0.522171
0.641750 0.946318
0.642343 0.765831
0.642488 0.681162
0.642859 0.802229
0.643198 0.789666
0.643439 0.892379
0.643895 0.632681
0.643941 0.676139
0.644562 0.861486
0.644597 0.875738
0.645085 0.808772
0.645111 0.712213
0.645303 0.670756
0.647123 0.768069
0.648052 0.687190
0.651158 0.858197
0.651464 0.717333
0.651642 0.723481
0.651801 0.796151
0.651979 0.945910
0.652325 0.956566
0.652641 0.844639
0.653916 0.840463
0.654435 0.857106
0.655086 0.828709
0.655352 0.783682
0.656059 0.552079
0.656409 0.611873
0.656539 0.588171
0.656763 0.910582
0.657716 0.733856
0.660445 0.796000
0.660493 0.829257
0.662296 0.867996
0.662465 0.919829
0.662579 0.786009
0.663382 0.917985
0.664536 0.548667
0.666618 0.777277
0.666691 0.764480
0.667226 0.868883
0.668284 0.573664
0.668361 0.589883
0.670775 0.919124
0.670991 0.631366
0.671406 0.617458
0.672347 0.813442
0.672974 0.767201
0.673516 0.625342
0.673911 0.878698
0.674103 0.837755
0.674187 0.766323
0.674645 0.865595
0.675361 0.881179
0.675542 0.782086
0.677581 0.604161
0.679836 0.880901
0.681242 0.775891
0.681890 0.629467
0.682856 0.798131
0.685628 0.852605
0.686425 0.796587
0.687077 0.528363
0.687331 0.766455
0.687940 0.783905
0.689544 0.663776
0.690020 0.671366
0.690031 0.888286
0.690149 0.783802
0.690262 0.767759
0.692648 0.668147
0.692993 0.856170
0.694528 0.786786
0.700038 0.894017
0.700174 0.504728
0.700479 0.952241
0.702382 0.709943
0.702555 0.571850
0.703156 0.904329
0.704117 0.752320
0.704611 0.627119
0.704667 0.828371
0.708438 0.580445
0.710294 0.634380
0.710733 0.546000
0.711502 0.844693
0.711675 0.760778
0.712945 0.688700
0.714236 0.880624
0.715437 0.648932
0.715838 0.976107
0.716812 0.513582
0.717581 0.811804
0.717815 0.603623
0.720889 0.578937
0.721300 0.625804
0.721337 0.800120
0.726447 0.676285
0.727279 0.838915
0.728157 0.634814
0.730063 0.897797
0.730737 0.626785
0.731713 0.789083
0.733122 0.505947
0.734384 0.722142
0.735926 0.878726
0.737933 0.534744
0.738886 0.750337
0.739594 0.836848
0.739711 0.681622
0.740812 0.526397
0.742250 0.716030
0.743159 0.793306
0.745628 0.854067
0.746305 0.581721
0.747843 0.911740
0.749870 0.664075
0.751304 0.511983
0.751751 0.816680
0.752311 0.773153
0.753013 0.760897
0.754160 0.860129
0.758040 0.564603
0.758768 0.920448
0.760654 1.000000
0.769914 0.557138
0.770331 0.693738
0.771500 0.828992
0.775317 0.819246
0.780382 0.683619
0.781561 0.618930
0.783500 0.928163
0.785398 0.777892
0.786041 0.740544
0.786492 0.641547
0.786524 0.556185
0.787815 0.762574
0.788639 0.904905
0.789324 0.811579
0.789482 0.628883
0.792782 0.942081
0.794900 0.934131
0.798912 0.799914
0.800295 0.870752
0.806615 0.957596
0.807060 0.941918
0.807304 0.898104
0.808821 0.671264
0.810774 0.735563
0.811528 0.623123
0.815547 0.827140
0.815738 0.744866
0.820991 0.685992
0.824191 0.805909
0.829426 0.399481
0.830401 0.696897
0.832444 0.617412
0.833028 0.685772
0.836483 0.814578
0.843347 0.763909
0.843877 0.548434
0.848864 0.976475
0.854792 0.717152
0.867189 0.808329
0.869637 0.812481
0.872354 0.639879
0.887474 0.783577
0.893319 0.567072
0.894355 0.942749
0.905330 0.878402
0.909719 0.857743
0.920236 0.760877
0.921754 0.884835
0.924234 0.905343
0.937022 0.939310
0.940361 0.775286
0.954927 0.614496
1.000000 0.994185
