0.000000 0.130653
0.000028 0.211678
0.002077 0.157727
0.004625 0.151985
0.011376 0.225826
0.015451 0.207699
0.016002 0.203623
0.020208 0.029630
0.020711 0.080730
0.020778 0.268511
0.026384 0.104756
0.026846 0.116156
0.030996 0.313725
0.035290 0.124033
0.036571 0.251994
0.040616 0.301118
0.041615 0.062582
0.041672 0.321650
0.043215 0.332197
0.044088 0.228078
0.047013 0.020383
0.048243 0.078111
0.049027 0.236323
0.050383 0.314643
0.051863 0.321055
0.052230 0.148847
0.052838 0.242859
0.054627 0.091858
0.056290 0.281439
0.058726 0.236311
0.060098 0.088956
0.061388 0.273608
0.061914 0.235813
0.063167 0.000000
0.063409 0.020309
0.066498 0.115751
0.068397 0.306578
0.071091 0.327422
0.072679 0.375372
0.077026 0.173778
0.077945 0.488364
0.078119 0.101543
0.079629 0.175856
0.082617 0.137754
0.084069 0.196481
0.088133 0.145457
0.088203 0.033346
0.088514 0.129911
0.089222 0.360354
0.095161 0.226642
0.097119 0.423705
0.097344 0.055158
0.099448 0.275501
0.100627 0.165172
0.104282 0.234162
0.104490 0.181412
0.105705 0.450407
0.107223 0.146325
0.107249 0.148367
0.107829 0.050033
0.108417 0.018610
0.109605 0.141907
0.111561 0.272240
0.111646 0.197841
0.114605 0.461969
0.115155 0.366370
0.115544 0.118003
0.116190 0.118674
0.119722 0.281886
0.120015 0.435241
0.122373 0.084065
0.123149 0.236704
0.123760 0.197990
0.124164 0.045934
0.124175 0.191072
0.124294 0.053053
0.126692 0.259974
0.127425 0.353963
0.127674 0.220534
0.128147 0.300070
0.128206 0.204377
0.130355 0.173632
0.131806 0.109115
0.133050 0.070415
0.133477 0.331818
0.135754 0.117307
0.136843 0.317291
0.138787 0.203778
0.138801 0.138599
0.142298 0.212563
0.142355 0.186329
0.143333 0.319016
0.143809 0.442410
0.144715 0.295910
0.148018 0.415641
0.150816 0.288504
0.152523 0.297633
0.156381 0.129014
0.157219 0.188568
0.160494 0.353547
0.160735 0.240053
0.161216 0.365178
0.163943 0.310796
0.164288 0.317795
0.166642 0.182446
0.166822 0.334125
0.168489 0.147107
0.169147 0.085144
0.171267 0.182129
0.172289 0.481233
0.173239 0.357064
0.174152 0.314422
0.177229 0.182531
0.179943 0.485066
0.182793 0.308223
0.184372 0.273632
0.185966 0.199328
0.188625 0.326790
0.193174 0.102584
0.195111 0.199081
0.196607 0.227595
0.198900 0.223041
0.199829 0.261460
0.201580 0.199321
0.202794 0.293573
0.203504 0.153218
0.204512 0.393105
0.207354 0.229328
0.209765 0.177856
0.210140 0.269633
0.210200 0.124704
0.211027 0.117943
0.212155 0.401521
0.213828 0.259212
0.213916 0.239198
0.213958 0.194001
0.214267 0.289318
0.214995 0.198612
0.217091 0.229196
0.217435 0.190781
0.217575 0.240643
0.220539 0.132911
0.222767 0.180671
0.226971 0.215871
0.227479 0.235854
0.227530 0.215935
0.227944 0.296677
0.230022 0.133029
0.230177 0.287800
0.232638 0.355219
0.234871 0.235271
0.235422 0.444682
0.236679 0.178086
0.236864 0.194519
0.237257 0.352305
0.237719 0.223914
0.238553 0.265376
0.238647 0.183838
0.240211 0.360055
0.241335 0.330566
0.241881 0.353146
0.242018 0.167882
0.242985 0.232279
0.244142 0.216490
0.244435 0.252001
0.244593 0.274315
0.245298 0.289191
0.246742 0.212555
0.249624 0.348602
0.250053 0.316375
0.253348 0.346516
0.258930 0.220943
0.260556 0.416317
0.260725 0.124609
0.262123 0.577200
0.263253 0.315377
0.264540 0.162995
0.264935 0.412083
0.265750 0.469424
0.272656 0.439500
0.273363 0.220863
0.273665 0.600143
0.276682 0.253265
0.280523 0.372377
0.281948 0.460822
0.286770 0.383018
0.288168 0.462160
0.290296 0.258315
0.291594 0.321564
0.291757 0.249650
0.292345 0.320410
0.292879 0.164091
0.293030 0.415548
0.293508 0.264882
0.295846 0.199344
0.301586 0.440547
0.303327 0.295338
0.304724 0.362275
0.306713 0.220836
0.308755 0.148264
0.309192 0.248585
0.310103 0.170305
0.310497 0.522391
0.310810 0.365386
0.311428 0.276724
0.312751 0.355258
0.314647 0.329946
0.316272 0.358785
0.316435 0.434405
0.317266 0.170293
0.320296 0.238866
0.325704 0.684504
0.325809 0.547783
0.325848 0.303268
0.328101 0.256819
0.329071 0.205895
0.331080 0.253877
0.331311 0.337707
0.331512 0.407032
0.335709 0.352604
0.338676 0.347316
0.338978 0.190582
0.340567 0.303969
0.342095 0.293607
0.342692 0.414916
0.343601 0.415117
0.347900 0.461321
0.347993 0.523884
0.351826 0.522833
0.356745 0.403543
0.358481 0.245145
0.362163 0.292333
0.364198 0.668011
0.364631 0.332948
0.365000 0.226762
0.365559 0.199902
0.366015 0.404209
0.366224 0.419984
0.370646 0.329774
0.370976 0.527062
0.372226 0.436032
0.375324 0.599636
0.376748 0.398928
0.377908 0.438033
0.378395 0.446228
0.381093 0.260521
0.381220 0.354008
0.381532 0.311370
0.382725 0.315961
0.382802 0.249821
0.388585 0.412783
0.388972 0.232205
0.389717 0.408524
0.391119 0.446401
0.391270 0.317082
0.394036 0.271915
0.394511 0.369372
0.395067 0.410221
0.397382 0.382520
0.397518 0.294308
0.400087 0.321125
0.401099 0.606603
0.402135 0.305993
0.402722 0.323193
0.404515 0.349146
0.406336 0.290317
0.407437 0.300181
0.408972 0.419213
0.409881 0.554230
0.411348 0.214445
0.413233 0.198890
0.413266 0.687766
0.413365 0.279646
0.414079 0.585520
0.414094 0.479279
0.414625 0.335842
0.415384 0.261830
0.416010 0.462137
0.417609 0.571771
0.418181 0.625518
0.418562 0.805407
0.419331 0.370210
0.420690 0.324027
0.422922 0.439021
0.425515 0.297232
0.427463 0.305741
0.427709 0.248503
0.430473 0.430818
0.430990 0.609455
0.432165 0.430301
0.434443 0.315559
0.435380 0.618485
0.435920 0.471793
0.436883 0.467260
0.437560 0.304395
0.438616 0.445483
0.438855 0.396230
0.440115 0.380304
0.440632 0.437649
0.445884 0.370007
0.448443 0.445404
0.452000 0.288416
0.454948 0.284170
0.455094 0.306755
0.455433 0.519737
0.457374 0.364691
0.458619 0.642490
0.459113 0.303627
0.459205 0.651995
0.460361 0.326976
0.460536 0.327843
0.461364 0.421011
0.462497 0.441089
0.464643 0.386804
0.465952 0.523059
0.466098 0.379338
0.466249 0.430828
0.466422 0.504056
0.467061 0.282834
0.469739 0.387531
0.469828 0.378698
0.470762 0.392939
0.471307 0.277861
0.471592 0.455537
0.472615 0.471601
0.472972 0.538329
0.474526 0.364120
0.474703 0.316716
0.475430 0.427252
0.477536 0.319302
0.477812 0.440686
0.486467 0.439850
0.487196 0.357535
0.488887 0.435651
0.490480 0.237388
0.491878 0.400367
0.492794 0.395370
0.494323 0.520392
0.494648 0.684267
0.497429 0.387387
0.497466 0.315684
0.503042 0.640225
0.503594 0.285745
0.504058 0.473683
0.505742 0.470966
0.507511 0.366597
0.507543 0.472397
0.513355 0.486726
0.513953 0.277419
0.514594 0.459486
0.515501 0.486150
0.517258 0.287570
0.522005 0.533955
0.522321 0.338098
0.524860 0.509502
0.526056 0.462161
0.528558 0.517491
0.529193 0.334743
0.529626 0.613561
0.532963 0.518750
0.533115 0.343550
0.541666 0.415480
0.544240 0.767333
0.544264 0.545623
0.544644 0.376520
0.546949 0.301418
0.548439 0.358421
0.550087 0.317398
0.550383 0.304085
0.551513 0.542310
0.552430 0.557093
0.553926 0.652801
0.554832 0.648232
0.555555 0.503276
0.556222 0.691374
0.557133 0.510037
0.557297 0.613489
0.560583 0.411942
0.561844 0.529500
0.562492 0.408439
0.568215 0.480292
0.568989 0.364464
0.570137 0.381759
0.570648 0.427415
0.574165 0.368202
0.574401 0.342087
0.574407 0.531906
0.576038 0.324578
0.578388 0.306970
0.578498 0.471418
0.578692 0.498846
0.581291 0.455012
0.581839 0.317448
0.583213 0.397516
0.584795 0.713349
0.587964 0.328617
0.588011 0.484637
0.588060 0.476172
0.590027 0.420399
0.591499 0.608122
0.591938 0.453966
0.593537 0.568381
0.593790 0.553093
0.594538 0.453218
0.594682 0.359163
0.595030 0.448737
0.595093 0.414795
0.595451 0.345512
0.596711 0.300858
0.597796 0.395492
0.597983 0.557372
0.598612 0.433752
0.599183 0.327159
0.599426 0.445914
0.599562 0.500335
0.601609 0.847345
0.603155 0.496786
0.603302 0.572308
0.604947 0.514246
0.605212 0.614405
0.605253 0.526872
0.605444 0.259786
0.606744 0.604722
0.607206 0.300672
0.607328 0.392992
0.609278 0.461048
0.611305 0.334125
0.611486 0.749916
0.615643 0.446004
0.616068 0.349238
0.619809 0.310686
0.622062 0.344546
0.622212 0.334337
0.622269 0.485424
0.622724 0.538021
0.622764 0.373384
0.625418 0.741139
0.627551 0.480679
0.628160 0.365686
0.629094 0.352002
0.632236 0.496576
0.632330 0.458637
0.633413 0.399128
0.636196 0.563134
0.636823 0.645965
0.637392 0.410618
0.639421 0.355944
0.641861 0.717315
0.645184 0.438569
0.651145 0.383782
0.657688 0.691483
0.658072 0.374547
0.659628 0.395289
0.662971 0.552917
0.663973 0.362023
0.665332 0.543634
0.665719 0.427408
0.666990 0.470512
0.667289 0.380041
0.668269 0.319757
0.671570 0.303027
0.672286 0.658180
0.672309 0.282183
0.672993 0.534126
0.673039 0.386326
0.673129 0.483390
0.678460 0.617689
0.680748 0.353234
0.682618 0.697551
0.682828 0.633444
0.683018 0.497185
0.683482 0.389430
0.684344 0.497470
0.687421 0.407472
0.687762 0.493855
0.688171 0.433407
0.688304 0.517218
0.688589 0.752406
0.690036 0.441298
0.690780 0.403918
0.691195 0.298493
0.691312 0.400885
0.691359 0.554395
0.693019 0.452106
0.694621 0.653967
0.695533 0.594624
0.695860 0.441462
0.698495 0.642137
0.699032 0.635209
0.701992 0.619613
0.704059 0.409195
0.705951 0.492875
0.707137 0.576440
0.710660 0.362946
0.712378 0.541350
0.712699 0.471811
0.713890 0.395943
0.714931 0.438092
0.717062 0.322256
0.718526 0.429762
0.721537 0.646572
0.722350 0.425470
0.722404 0.622801
0.722458 0.515098
0.722716 0.376111
0.723600 0.414214
0.723715 0.762659
0.723958 0.521162
0.725075 0.734223
0.725429 0.349944
0.727044 0.430727
0.728107 0.555238
0.728595 0.563005
0.728656 0.348935
0.729190 0.457420
0.729227 0.429975
0.729599 0.372067
0.731417 0.752112
0.731527 0.459651
0.731533 0.471879
0.732164 0.424421
0.734851 0.408003
0.737576 0.569561
0.739488 0.543096
0.744501 0.361345
0.744959 0.736564
0.748184 0.654208
0.749421 0.720018
0.749881 0.520242
0.751161 0.431402
0.751440 0.408750
0.754498 0.284664
0.756824 0.305778
0.759371 0.428497
0.759416 0.453233
0.759553 0.536186
0.760782 0.362512
0.760870 0.515584
0.764013 0.357401
0.764345 0.480792
0.765402 0.346027
0.766862 0.518620
0.767354 0.655467
0.768980 0.342491
0.769725 0.399643
0.772825 0.823726
0.776593 0.517738
0.779553 0.613159
0.780070 0.365337
0.782897 0.654777
0.785251 0.425474
0.785516 0.534150
0.785589 0.437079
0.786507 0.596800
0.786677 0.412622
0.787291 0.271079
0.788003 0.575610
0.788736 0.554235
0.789868 0.845772
0.793240 0.540995
0.793581 0.567057
0.797806 0.358114
0.798280 0.302904
0.799183 0.401435
0.799605 0.404463
0.800987 0.450315
0.801552 0.362081
0.808193 0.505975
0.810206 0.416240
0.811457 0.336662
0.811625 0.537319
0.813665 0.435932
0.815239 0.488560
0.815542 0.567062
0.815669 0.464314
0.819276 0.598373
0.822078 0.522922
0.822562 0.448165
0.823729 0.465749
0.826351 0.460988
0.826532 0.513289
0.829147 0.698787
0.829766 0.432001
0.832099 0.359575
0.832266 0.472186
0.832420 0.566029
0.833117 0.281099
0.838683 0.316819
0.839017 0.378675
0.840079 0.349935
0.842416 0.460963
0.842628 0.299675
0.844910 0.310403
0.845665 0.520898
0.848720 0.534143
0.850067 0.549712
0.850399 0.430888
0.852828 0.491220
0.853617 0.570136
0.854001 0.400621
0.855531 0.791791
0.855600 0.325511
0.855807 0.436550
0.856560 0.285286
0.858794 0.448435
0.860249 0.296761
0.861919 0.724467
0.863389 0.637983
0.863571 0.418393
0.866188 0.490526
0.867193 0.419794
0.867502 0.381072
0.868769 1.000000
0.872410 0.612540
0.872556 0.853784
0.873692 0.556001
0.874827 0.316550
0.877850 0.515998
0.879766 0.395001
0.880725 0.670747
0.880952 0.452489
0.882060 0.303838
0.885884 0.367588
0.885896 0.384558
0.886196 0.368912
0.888754 0.493601
0.888877 0.566665
0.889277 0.503568
0.889962 0.385253
0.891408 0.636513
0.893367 0.330597
0.893440 0.521956
0.894783 0.497244
0.895885 0.748464
0.896698 0.741810
0.896730 0.678025
0.897294 0.368626
0.897690 0.840154
0.901250 0.562737
0.901257 0.548218
0.903194 0.702307
0.903226 0.498867
0.904655 0.360046
0.905662 0.754261
0.906304 0.457349
0.906470 0.400636
0.906833 0.589643
0.907497 0.671251
0.908897 0.461287
0.908988 0.483672
0.909051 0.337084
0.913725 0.439281
0.914237 0.487709
0.914450 0.695567
0.917229 0.337927
0.917441 0.814346
0.917744 0.673889
0.920626 0.693289
0.922884 0.419203
0.923511 0.389911
0.925814 0.631310
0.926176 0.340282
0.926412 0.754973
0.926639 0.376413
0.928851 0.428438
0.932856 0.637843
0.933077 0.489187
0.933666 0.404318
0.934027 0.466469
0.934539 0.495591
0.936027 0.576974
0.936409 0.670569
0.936889 0.355750
0.937592 0.491772
0.938843 0.387228
0.938948 0.568980
0.944573 0.357739
0.944652 0.376075
0.947691 0.395799
0.948166 0.686073
0.948208 0.451313
0.949475 0.346520
0.950855 0.438237
0.951707 0.577009
0.953004 0.461425
0.953647 0.319141
0.955914 0.634651
0.956581 0.408547
0.957257 0.550637
0.957407 0.425088
0.957500 0.549132
0.958286 0.659581
0.959933 0.359592
0.960126 0.644770
0.964139 0.409014
0.970326 0.463457
0.970392 0.698101
0.970654 0.580651
0.971149 0.403978
0.972696 0.511813
0.972874 0.605583
0.972891 0.329783
0.973440 0.705972
0.974312 0.432290
0.978076 0.489709
0.980292 0.622744
0.981790 0.528932
0.981894 0.510512
0.981902 0.466887
0.982455 0.574790
0.988155 0.610043
0.989780 0.510295
0.990688 0.421627
0.992685 0.493509
0.992725 0.439819
0.995255 0.408278
0.996224 0.739970
0.996335 0.532273
0.997110 0.374648
0.999512 0.490517
1.000000 0.432533
