0.000000 0.640870
0.004467 0.706149
0.016229 0.380275
0.016983 0.270502
0.017044 0.660541
0.017292 0.779845
0.018209 0.493252
0.019013 0.294343
0.022115 0.400569
0.024788 0.724041
0.027028 0.816670
0.028989 0.559733
0.030514 0.926813
0.034420 0.617479
0.035150 0.555289
0.037391 0.463489
0.037501 0.512395
0.037775 0.329330
0.038783 0.364384
0.039405 0.464060
0.044259 0.911704
0.049159 0.528195
0.049527 0.693917
0.049815 0.383953
0.054770 0.254401
0.054977 0.471562
0.057065 0.551138
0.057973 0.483679
0.061874 0.553467
0.076180 0.564904
0.077418 0.260878
0.077452 0.481197
0.080219 0.451121
0.082495 0.549997
0.084173 1.000000
0.088000 0.805320
0.088634 0.425292
0.090754 0.277678
0.096343 0.277965
0.097872 0.309236
0.100604 0.594533
0.101083 0.473053
0.104550 0.423740
0.105575 0.579858
0.106722 0.547696
0.108404 0.345601
0.108513 0.545622
0.109608 0.221855
0.112030 0.428322
0.119654 0.562003
0.129068 0.450934
0.131587 0.380489
0.133267 0.453556
0.142870 0.268038
0.144027 0.675687
0.145840 0.463373
0.146230 0.309031
0.148210 0.442432
0.148414 0.339071
0.153081 0.146031
0.154120 0.501585
0.157501 0.364919
0.158825 0.534361
0.162310 0.187770
0.169074 0.273008
0.172416 0.691756
0.174748 0.291124
0.175006 0.664080
0.189215 0.739836
0.189664 0.392364
0.194909 0.228723
0.195242 0.390074
0.197364 0.683439
0.198557 0.389636
0.199092 0.508078
0.201805 0.324163
0.202736 0.472382
0.209662 0.571546
0.210207 0.386711
0.213322 0.300028
0.218005 0.669162
0.218643 0.819966
0.223798 0.501170
0.225257 0.152010
0.225288 0.167437
0.226256 0.516368
0.230856 0.659588
0.232888 0.289895
0.234224 0.498886
0.236412 0.213953
0.237574 0.321168
0.240046 0.702692
0.243543 0.460358
0.246321 0.471455
0.246416 0.242661
0.248398 0.329867
0.252208 0.379234
0.255139 0.325784
0.262073 0.191829
0.262243 0.550994
0.266179 0.318071
0.280141 0.238221
0.282213 0.141549
0.299212 0.158158
0.300922 0.228205
0.307523 0.392149
0.309347 0.483663
0.309783 0.478654
0.310095 0.447020
0.313200 0.436509
0.317873 0.176533
0.319566 0.085951
0.326073 0.074420
0.327372 0.260331
0.327480 0.201667
0.328311 0.505089
0.329521 0.213616
0.333092 0.468127
0.333781 0.390100
0.335318 0.142752
0.338956 0.084603
0.340701 0.219436
0.344302 0.515945
0.344769 0.446311
0.349530 0.335956
0.352184 0.339280
0.352889 0.527964
0.353670 0.157520
0.354420 0.310521
0.361143 0.110876
0.363467 0.077870
0.370265 0.368345
0.376468 0.522635
0.377008 0.305523
0.380984 0.548044
0.384676 0.283815
0.387218 0.281283
0.389449 0.519034
0.389903 0.304982
0.389999 0.233706
0.390407 0.549519
0.391986 0.419912
0.394468 0.665852
0.398809 0.302900
0.400714 0.423140
0.402569 0.450591
0.403068 0.480249
0.404708 0.307233
0.405008 0.252386
0.413845 0.407958
0.414956 0.603581
0.415141 0.162823
0.419511 0.443233
0.420417 0.490299
0.420621 0.208173
0.420698 0.310122
0.423174 0.311349
0.424356 0.299201
0.425582 0.075911
0.426492 0.254123
0.427028 0.514369
0.427541 0.230180
0.432153 0.405013
0.439789 0.151427
0.441061 0.671397
0.443369 0.427145
0.444974 0.142006
0.445669 0.249679
0.447875 0.160640
0.448063 0.114184
0.451293 0.304043
0.454562 0.236794
0.456817 0.125673
0.457738 0.015592
0.462752 0.576340
0.466482 0.536999
0.467212 0.488262
0.470898 0.280460
0.474135 0.489636
0.474319 0.329996
0.477692 0.207348
0.480705 0.453402
0.481177 0.482311
0.486574 0.096106
0.486892 0.931101
0.487980 0.192127
0.489436 0.454605
0.489697 0.433792
0.492375 0.473965
0.492690 0.323127
0.494320 0.160230
0.494798 0.587912
0.494815 0.070496
0.499098 0.161179
0.503357 0.519653
0.504102 0.356684
0.504151 0.404946
0.504408 0.166066
0.504659 0.397504
0.504973 0.345293
0.506323 0.145468
0.510410 0.371702
0.510945 0.282375
0.511977 0.352646
0.512760 0.307098
0.519540 0.225562
0.520663 0.309963
0.523347 0.110045
0.524971 0.043964
0.526136 0.300722
0.527595 0.130109
0.533363 0.300036
0.534968 0.474559
0.539771 0.096431
0.540206 0.203261
0.542919 0.405573
0.544219 0.307500
0.559334 0.170084
0.559554 0.259001
0.559555 0.411696
0.559830 0.193882
0.559975 0.239683
0.565821 0.256558
0.567981 0.286266
0.573961 0.586215
0.583464 0.138163
0.584451 0.236154
0.586548 0.606302
0.588708 0.218320
0.593604 0.433296
0.599357 0.336649
0.605083 0.168200
0.608292 0.164506
0.609259 0.012746
0.609989 0.166683
0.612634 0.487349
0.613879 0.295062
0.617078 0.239568
0.619127 0.051467
0.619339 0.132155
0.621771 0.244508
0.622214 0.328569
0.624139 0.140805
0.625783 0.495468
0.625985 0.286309
0.629795 0.652824
0.630947 0.077849
0.631049 0.297317
0.631247 0.154843
0.631464 0.570824
0.635455 0.473322
0.638179 0.305591
0.642461 0.066805
0.648578 0.460503
0.657331 0.735736
0.659030 0.000000
0.660274 0.033393
0.661050 0.024003
0.662207 0.370432
0.663946 0.193255
0.664712 0.194696
0.667175 0.041596
0.669806 0.175843
0.670946 0.588037
0.675735 0.082811
0.677303 0.125867
0.678786 0.343605
0.683430 0.513497
0.684457 0.041348
0.685929 0.211199
0.688120 0.673391
0.690364 0.287368
0.692138 0.255304
0.692927 0.152956
0.694587 0.315066
0.695926 0.460827
0.696059 0.117602
0.696338 0.419606
0.696528 0.241092
0.700354 0.052375
0.702726 0.280055
0.709324 0.490570
0.711026 0.606360
0.711304 0.217618
0.712521 0.163460
0.713079 0.529995
0.713422 0.224316
0.717921 0.067150
0.718074 0.105694
0.725928 0.165260
0.727319 0.245751
0.733792 0.612849
0.734888 0.544280
0.746761 0.315068
0.747824 0.253974
0.751370 0.590883
0.756457 0.267233
0.756621 0.445606
0.759094 0.481572
0.760609 0.581523
0.760959 0.058336
0.762033 0.375451
0.762175 0.477821
0.762787 0.130051
0.766957 0.447095
0.767110 0.351704
0.768293 0.593875
0.770764 0.273419
0.776724 0.580764
0.778777 0.447016
0.779470 0.362456
0.781357 0.590990
0.783230 0.277598
0.783918 0.682168
0.785862 0.192083
0.787494 0.306574
0.787984 0.232454
0.789913 0.500450
0.790308 0.735875
0.791540 0.295706
0.791764 0.353718
0.796771 0.691500
0.798561 0.292103
0.799863 0.410602
0.802295 0.022233
0.802460 0.288655
0.803521 0.089592
0.808131 0.093725
0.809619 0.134474
0.812968 0.310800
0.815021 0.389352
0.815996 0.041807
0.817434 0.204483
0.819419 0.114350
0.823965 0.334248
0.831458 0.245464
0.834060 0.800600
0.834780 0.449233
0.835762 0.620998
0.836198 0.430334
0.836900 0.179655
0.837959 0.617040
0.838462 0.247337
0.841585 0.444296
0.847094 0.231305
0.848230 0.740912
0.849709 0.301995
0.849749 0.210810
0.849801 0.255467
0.850319 0.324648
0.853024 0.376583
0.856100 0.285861
0.856919 0.339027
0.857614 0.249029
0.863728 0.133496
0.864535 0.402810
0.865040 0.369931
0.869371 0.339403
0.870237 0.136755
0.871084 0.204892
0.872748 0.180993
0.876652 0.262450
0.877540 0.214967
0.883980 0.423324
0.884889 0.178329
0.885110 0.100078
0.886482 0.115990
0.888923 0.230671
0.894461 0.333059
0.896333 0.593742
0.898157 0.367536
0.898917 0.309419
0.899604 0.425778
0.900676 0.628473
0.901714 0.301121
0.902637 0.297197
0.902803 0.271954
0.906841 0.250475
0.907594 0.374438
0.908264 0.467894
0.910676 0.175260
0.916588 0.410035
0.917836 0.217916
0.920529 0.208818
0.925142 0.462669
0.927489 0.493928
0.929434 0.250935
0.931229 0.188986
0.933425 0.387299
0.934747 0.442530
0.936732 0.148704
0.939636 0.352281
0.941163 0.191215
0.942018 0.567057
0.942593 0.206190
0.946058 0.121071
0.950618 0.396484
0.951397 0.539738
0.955623 0.264168
0.956599 0.254995
0.961180 0.866762
0.965381 0.416654
0.968734 0.305861
0.968812 0.271066
0.969925 0.384004
0.971399 0.142004
0.971771 0.714698
0.972511 0.570836
0.973619 0.581204
0.973980 0.247096
0.979055 0.463341
0.982005 0.596116
0.984329 0.517731
0.984351 0.696085
0.989763 0.190452
0.990078 0.555951
0.992203 0.545461
0.992210 0.482355
0.994273 0.301529
0.995257 0.619349
0.999352 0.512277
1.000000 0.682873
