0.000000 0.047181
0.003740 0.345064
0.006023 0.176700
0.012009 0.243803
0.014306 0.041030
0.017317 0.214389
0.018814 0.530001
0.021887 0.534336
0.022726 0.282237
0.023054 0.237580
0.037452 0.216077
0.043602 0.312996
0.047078 0.178335
0.052713 0.260089
0.053053 0.184294
0.060607 0.551163
0.068383 0.072370
0.068787 0.305125
0.086792 0.476525
0.089902 0.254032
0.094261 0.319542
0.095266 0.189799
0.102187 0.297415
0.103046 0.000000
0.104679 0.340232
0.111394 0.020068
0.114493 0.290230
0.119398 0.207571
0.121423 0.190320
0.133444 0.262568
0.136618 0.375139
0.144430 0.236672
0.144970 0.219048
0.147375 0.257417
0.149264 0.356992
0.150990 0.470414
0.151350 0.304898
0.151716 0.137251
0.153874 0.296508
0.159051 0.108104
0.159628 0.208525
0.163068 0.290650
0.167784 0.245613
0.171369 0.058755
0.173129 0.263392
0.175062 0.228003
0.175971 0.114715
0.178173 0.084814
0.179804 0.447916
0.185532 0.153520
0.192978 0.071065
0.193558 0.390081
0.197155 0.092950
0.204698 0.377234
0.206408 0.728642
0.207720 0.438201
0.211003 0.464853
0.213052 0.321867
0.220070 0.144063
0.220502 0.570467
0.224302 0.249408
0.230974 0.260089
0.233257 0.436521
0.234521 0.242069
0.238601 0.248463
0.242302 0.470101
0.245657 0.212676
0.252170 0.434300
0.253961 0.402151
0.261154 0.324937
0.261409 0.439569
0.263531 0.178336
0.263652 0.562349
0.265379 0.305144
0.275092 0.242292
0.276839 0.133396
0.278086 0.312039
0.285185 0.163787
0.285261 0.154032
0.293720 0.751562
0.293985 0.234480
0.316720 0.315892
0.318374 0.349310
0.324398 0.342144
0.330274 0.299027
0.331206 0.465619
0.332799 0.423057
0.337276 0.208925
0.337611 0.423822
0.339543 0.553988
0.345316 0.277634
0.345416 0.661449
0.349061 0.860627
0.362305 0.272234
0.362607 0.708687
0.365540 0.332474
0.371446 0.637233
0.374839 0.255888
0.375773 0.274267
0.378240 0.247343
0.379726 0.322778
0.384517 0.366555
0.400905 0.504187
0.405179 0.534135
0.407143 0.566722
0.412435 0.310964
0.418809 0.267923
0.422549 0.617099
0.425556 0.239018
0.427081 0.255135
0.431463 0.341220
0.434983 0.922287
0.435074 0.750888
0.435721 0.495684
0.438372 0.379497
0.446299 0.712478
0.457854 0.638942
0.459648 0.375323
0.460899 0.413110
0.462388 0.366601
0.462742 0.233003
0.471149 0.300198
0.472443 0.465840
0.478597 0.800240
0.483441 0.222288
0.483977 0.218802
0.484783 0.427792
0.486106 0.370390
0.487681 0.430982
0.491433 0.325986
0.500262 0.377078
0.502922 0.253233
0.503058 0.563227
0.503243 0.906662
0.504359 0.296763
0.505626 0.697199
0.512978 0.391454
0.514725 0.476715
0.515070 0.770287
0.516924 0.303518
0.522595 0.440092
0.523113 0.587660
0.527307 0.301392
0.535066 0.235961
0.544189 0.326605
0.545484 0.444106
0.552547 0.541357
0.553921 0.294407
0.555015 0.317161
0.560006 0.635260
0.560008 0.363435
0.564330 0.437712
0.565470 0.435530
0.567050 0.480092
0.568835 0.714023
0.570497 0.405539
0.570516 0.528020
0.571615 0.576091
0.574197 0.356964
0.574841 0.329212
0.585630 0.275700
0.603578 0.437081
0.605207 0.804384
0.605469 0.454169
0.608460 0.501712
0.619413 0.766198
0.624885 0.744245
0.625579 0.497029
0.627587 0.659540
0.633315 0.413685
0.635684 0.553423
0.641724 0.704376
0.647989 0.593648
0.649647 0.461663
0.650282 0.720673
0.652005 0.318105
0.657026 0.472825
0.659098 0.350659
0.662874 0.507270
0.665654 0.586796
0.668343 0.556822
0.671954 0.379571
0.671980 0.665064
0.685173 0.501257
0.685766 0.269065
0.687860 0.254783
0.694067 0.434959
0.698448 0.565267
0.699427 0.553281
0.708486 0.637558
0.716014 0.516830
0.720855 0.363829
0.725285 0.499475
0.727752 0.832127
0.732385 0.759665
0.735224 0.413618
0.735248 0.366490
0.735583 0.491247
0.738172 0.392290
0.742969 0.601493
0.748829 0.563158
0.749202 0.654502
0.751464 0.866264
0.753186 0.457713
0.755104 0.461071
0.763366 0.676341
0.764368 0.567553
0.768181 0.488523
0.785475 1.000000
0.788913 0.432442
0.792558 0.430664
0.794378 0.367111
0.795926 0.878371
0.798618 0.807233
0.805780 0.655281
0.806333 0.576486
0.809343 0.604476
0.810500 0.829227
0.811035 0.609389
0.812303 0.487290
0.812618 0.354284
0.816311 0.664479
0.823895 0.581622
0.827022 0.463432
0.834560 0.733934
0.839414 0.595837
0.840722 0.555813
0.845279 0.821014
0.848247 0.410201
0.850556 0.763497
0.865960 0.540699
0.867368 0.801956
0.872636 0.388636
0.876595 0.703875
0.883119 0.641904
0.885259 0.580038
0.892093 0.602801
0.892128 0.572333
0.901427 0.450777
0.907408 0.410226
0.910336 0.659095
0.911194 0.761811
0.924906 0.627064
0.934837 0.804976
0.939415 0.730365
0.941619 0.699878
0.947409 0.395564
0.949545 0.613456
0.952358 0.730175
0.954200 0.723122
0.959104 0.688089
0.961621 0.797276
0.965072 0.755096
0.971677 0.654467
0.971896 0.425953
0.977930 0.465170
0.982670 0.437729
0.984046 0.785547
0.985616 0.686400
0.987245 0.895430
0.993347 0.638257
1.000000 0.853143
