0.000000 0.290974
0.000731 0.462640
0.001366 0.597423
0.002773 0.483727
0.003677 0.150397
0.004737 0.246610
0.004972 0.248292
0.005016 0.026371
0.005811 0.269967
0.007337 0.339342
0.007831 0.416227
0.009420 0.286399
0.012512 0.161775
0.014380 0.174402
0.016138 0.296270
0.016594 0.359955
0.018342 0.280921
0.019274 0.066019
0.019936 0.516236
0.021469 0.336053
0.022403 0.091612
0.022530 0.354370
0.025825 0.108119
0.026854 0.067593
0.028516 0.243989
0.028643 0.562585
0.028857 0.092913
0.030916 0.357496
0.032130 0.485347
0.032571 0.078098
0.034827 0.297276
0.035977 0.000000
0.036085 0.233634
0.036866 0.422240
0.037300 0.316655
0.037345 0.235753
0.039661 0.243996
0.041906 0.080747
0.042722 0.004885
0.044119 0.573359
0.045178 0.445586
0.045426 0.041729
0.045618 0.024445
0.045735 0.268776
0.049714 0.299956
0.050238 0.333488
0.050711 0.292492
0.050711 0.171635
0.051159 0.245770
0.052903 0.679678
0.054919 0.165624
0.057392 0.384071
0.058182 0.176082
0.058650 0.229794
0.059758 0.197856
0.060937 0.960632
0.061610 0.183449
0.063528 0.327631
0.064036 0.409652
0.065385 0.003657
0.066169 0.293180
0.066714 0.247046
0.068163 0.521283
0.069750 0.299312
0.070334 0.375147
0.071098 0.562752
0.073782 0.293055
0.073787 0.564036
0.075909 0.389880
0.076415 0.493895
0.077174 0.423756
0.078834 0.268999
0.078953 0.270673
0.081334 0.180056
0.083492 0.215168
0.084167 0.226339
0.084863 0.392836
0.087675 0.188723
0.088197 0.210292
0.088522 0.344215
0.089218 0.238671
0.092785 0.251117
0.092943 0.531120
0.093671 0.366601
0.095905 0.503627
0.096763 0.379935
0.097002 0.251764
0.097527 0.249577
0.099012 0.309072
0.101268 0.042454
0.102357 0.287736
0.104485 0.246870
0.105762 0.466248
0.106012 0.271631
0.107570 0.457186
0.109313 0.252868
0.109936 0.076505
0.110260 0.740767
0.110502 0.362436
0.110643 0.308611
0.112089 0.136285
0.113085 0.354237
0.113506 0.277695
0.114598 0.231539
0.115385 0.212872
0.115455 0.432164
0.116016 0.105594
0.116256 0.291759
0.116598 0.237368
0.116678 0.453498
0.116779 0.284694
0.117259 0.368641
0.117711 0.380652
0.118122 0.161570
0.118413 0.240327
0.121188 0.172798
0.123698 0.363056
0.128850 0.116644
0.130739 0.358355
0.131473 0.227704
0.132109 0.188470
0.133135 0.501203
0.137764 0.208392
0.144392 0.553968
0.145085 0.297012
0.145328 0.078959
0.146608 0.589021
0.147010 0.160399
0.147498 0.330639
0.148413 0.070050
0.149498 0.575336
0.151621 0.245373
0.152414 0.126303
0.153676 0.327382
0.156187 0.297253
0.157957 0.459793
0.158221 0.222045
0.158942 0.578585
0.159015 0.118949
0.161314 0.289779
0.162736 0.189748
0.163237 0.442115
0.163488 0.458209
0.166445 0.232472
0.169138 0.284736
0.169232 0.225466
0.169323 0.228975
0.170466 0.332262
0.171166 0.269161
0.171531 0.308620
0.172833 0.220718
0.173778 0.332557
0.175359 0.746272
0.176351 0.128145
0.176553 0.317923
0.177041 0.307462
0.178643 0.339793
0.178969 0.287829
0.180915 0.476392
0.183275 0.357089
0.185773 0.241785
0.187304 0.288605
0.189739 0.272924
0.190679 0.236894
0.191380 0.397374
0.193166 0.420470
0.193560 0.246822
0.194162 0.111069
0.196044 0.241201
0.197118 0.620141
0.197479 0.402455
0.197783 0.170370
0.198942 0.135180
0.199400 0.256638
0.200898 0.448118
0.200968 0.052076
0.201035 0.597102
0.202065 0.336044
0.202190 0.155899
0.203206 0.319756
0.204278 0.262057
0.204983 0.174144
0.206429 0.457567
0.206483 0.379429
0.207466 0.413722
0.207582 0.265811
0.207972 0.421396
0.208264 0.383063
0.211517 0.390890
0.212113 0.565148
0.212309 0.337906
0.212454 0.393514
0.215467 0.580376
0.216467 0.366765
0.216557 0.181994
0.216561 0.446051
0.216711 0.569958
0.217596 0.639288
0.218576 0.356904
0.219202 0.189841
0.220628 0.210117
0.222886 0.469202
0.223528 0.241609
0.225099 0.368624
0.225177 0.228793
0.226802 0.114714
0.226907 0.160184
0.230702 0.181853
0.231245 0.083923
0.231790 0.309929
0.233588 0.303762
0.235339 0.357072
0.235360 0.055348
0.237236 0.442670
0.237359 0.454858
0.240604 0.376041
0.242764 0.315086
0.243109 0.383614
0.243725 0.277913
0.245998 0.210164
0.246080 0.139479
0.249371 0.430642
0.249461 0.163107
0.252339 0.368281
0.253888 0.549249
0.255224 0.182507
0.255757 0.147941
0.257094 0.409263
0.257117 0.530636
0.257829 0.152541
0.258482 0.289335
0.258567 0.393051
0.258805 0.180439
0.259003 0.099381
0.260079 0.201940
0.260161 0.297632
0.260538 0.258889
0.260807 0.427477
0.262914 0.109100
0.264072 0.230128
0.264749 0.480136
0.265497 0.808610
0.265965 0.382010
0.266794 0.243824
0.267398 0.570774
0.267936 0.558774
0.269614 0.191081
0.270057 0.205633
0.271957 0.174883
0.272934 0.612137
0.273031 0.175177
0.273157 0.644036
0.273588 0.220882
0.273807 0.251785
0.274734 0.686099
0.280466 0.079248
0.283828 0.350127
0.285227 0.365696
0.287754 0.515190
0.288095 0.330639
0.291718 0.462247
0.292568 0.340653
0.294432 0.352924
0.295066 0.321712
0.296808 0.426340
0.297240 0.229092
0.297806 0.218690
0.298743 0.092688
0.299157 0.401774
0.301852 0.097181
0.302715 0.411056
0.306201 0.279505
0.308565 0.161105
0.309113 0.285158
0.310850 0.142672
0.311159 0.475343
0.312168 0.549523
0.312488 0.544367
0.312760 0.316873
0.313900 0.341176
0.314931 0.299834
0.315700 0.357928
0.316266 0.527409
0.317865 0.343642
0.318273 0.503380
0.318800 0.347849
0.318908 0.372949
0.319193 0.416661
0.319911 0.335105
0.321567 0.551368
0.321798 0.128731
0.321954 0.236187
0.322198 0.396230
0.324082 0.361916
0.325974 0.130313
0.328104 0.276792
0.331368 0.170974
0.334845 0.208904
0.335400 0.393428
0.337429 0.192385
0.338391 0.073696
0.338924 0.493143
0.339730 0.197080
0.339953 0.176000
0.340258 0.335827
0.340737 0.409539
0.342399 0.262975
0.342983 0.595469
0.343426 0.410181
0.343784 0.702712
0.345036 0.507761
0.346180 0.335758
0.348852 0.239548
0.349203 0.263803
0.351451 0.217182
0.352021 0.187493
0.352103 0.261675
0.352377 0.143210
0.352417 0.364579
0.353122 0.516287
0.354349 0.382381
0.355372 0.438171
0.356682 0.313896
0.357773 0.269927
0.358431 0.262258
0.359399 0.291754
0.361125 0.380382
0.363175 0.358235
0.363301 0.310461
0.367423 0.490423
0.370014 0.784263
0.372494 0.219358
0.372951 0.297880
0.374216 0.335298
0.375720 0.317247
0.379663 0.200478
0.381149 0.329194
0.381329 0.270229
0.381699 0.356417
0.382378 0.329925
0.382495 0.522458
0.382990 0.424751
0.384671 0.253313
0.384981 0.461816
0.387050 0.111661
0.387266 0.373247
0.388541 0.189573
0.391812 0.203948
0.392700 0.318359
0.392980 0.202489
0.395631 0.160325
0.396099 0.109795
0.397465 0.299344
0.399363 0.179886
0.399400 0.526159
0.399697 0.522641
0.401576 0.339760
0.402037 0.237787
0.404643 0.432768
0.406642 0.266189
0.406933 0.353935
0.407996 0.169900
0.408969 0.299910
0.409391 0.373256
0.409914 0.299347
0.415152 0.391032
0.415651 0.152575
0.416860 0.273458
0.419621 0.424729
0.420716 0.312736
0.420843 0.459624
0.422699 0.428982
0.423110 0.398814
0.425169 0.370654
0.426304 0.377480
0.426645 0.244006
0.427526 0.206069
0.428281 0.398637
0.428292 0.340393
0.428462 0.432950
0.429513 0.289066
0.431338 0.240128
0.431407 0.134656
0.433310 0.231898
0.434452 0.333591
0.435712 0.371489
0.438085 0.286936
0.438086 0.654673
0.439207 0.551763
0.440917 0.344309
0.442637 0.312818
0.443645 0.198946
0.443744 0.539431
0.443768 0.299043
0.444274 0.277373
0.444864 0.266358
0.445330 0.323337
0.446908 0.134325
0.447909 0.193398
0.448114 0.214126
0.448160 0.421941
0.448249 0.508263
0.448771 0.525735
0.450846 0.280857
0.453133 0.270449
0.453648 0.597609
0.454211 0.244258
0.454489 0.752040
0.454851 0.228670
0.455989 0.319206
0.456337 0.451440
0.458601 0.265144
0.459581 0.395581
0.460296 0.276048
0.462012 0.234214
0.463583 0.348473
0.463843 0.459830
0.464111 0.446247
0.464187 0.437873
0.464356 0.676628
0.464488 0.256728
0.466253 0.549039
0.466553 0.233969
0.466739 0.487558
0.468390 0.226279
0.469118 0.189127
0.470372 0.312030
0.470613 0.190175
0.473246 0.371046
0.473421 0.462228
0.474692 0.269943
0.475078 0.554381
0.475813 0.142864
0.477779 0.179053
0.477822 0.338969
0.481211 0.379088
0.481629 0.182511
0.482059 0.279495
0.484385 0.686520
0.486564 0.451062
0.488549 0.507336
0.489610 0.386784
0.491502 0.225733
0.494219 0.553632
0.494494 0.255195
0.497775 0.407105
0.498482 0.506233
0.499689 0.216128
0.500998 0.849442
0.503379 0.633058
0.505601 0.158906
0.507510 0.187373
0.508723 0.702859
0.511853 0.455346
0.512055 0.491166
0.515116 0.425337
0.515207 0.345534
0.515673 0.134852
0.515891 0.361802
0.517556 0.221939
0.520416 0.162095
0.520490 0.418605
0.520495 0.346464
0.523268 0.303424
0.523678 0.353479
0.523848 0.376232
0.524820 0.377723
0.525763 0.305671
0.526491 0.272249
0.527033 0.314972
0.529535 0.388520
0.531305 0.479869
0.531509 0.294606
0.531795 0.304890
0.532511 0.616101
0.533097 0.168419
0.533244 0.715299
0.533409 0.327180
0.535112 0.728102
0.535938 0.429613
0.537593 0.313685
0.539600 0.426276
0.540293 0.142639
0.542814 0.504821
0.543481 0.423466
0.543783 0.102210
0.547058 0.336904
0.547801 0.400656
0.549478 0.420286
0.549584 0.273498
0.549981 0.687639
0.550008 0.635102
0.554901 0.465548
0.555076 0.349053
0.555371 0.441410
0.556015 0.155056
0.556594 0.362596
0.559611 0.332040
0.560210 0.553353
0.561269 0.299908
0.562892 0.204916
0.565853 0.276064
0.566590 0.236368
0.566899 0.153691
0.568418 0.349775
0.568998 0.389620
0.570292 0.294845
0.570487 0.461943
0.570640 0.550860
0.570986 0.526964
0.572082 0.960460
0.572676 0.274509
0.573597 0.196998
0.579270 0.659847
0.581278 0.568681
0.582708 0.317536
0.582918 0.402800
0.586081 0.647190
0.587327 0.464719
0.587883 0.580171
0.588335 0.593253
0.592741 0.691802
0.593263 0.264601
0.594982 0.146247
0.595282 0.571808
0.595508 0.506080
0.596240 0.113134
0.597625 0.578143
0.597703 0.544099
0.598123 0.258247
0.599867 0.382187
0.599932 0.308863
0.600201 0.197761
0.600980 0.333503
0.602672 0.252420
0.606847 0.509348
0.611674 0.815978
0.612630 0.365087
0.613421 0.287291
0.613877 0.468395
0.613919 0.712122
0.615440 0.664706
0.615912 0.191241
0.617068 0.146581
0.618458 0.365326
0.621990 0.836188
0.623720 0.601553
0.624235 0.412924
0.627628 0.281786
0.628467 0.252222
0.629281 0.187934
0.629648 0.461796
0.629722 0.125712
0.631087 0.412752
0.632632 0.335596
0.633825 0.272879
0.636274 0.469301
0.639263 0.815495
0.639361 0.320614
0.640034 0.225932
0.640867 0.436753
0.641898 0.250998
0.642260 0.515128
0.642541 0.391534
0.647759 0.281180
0.647943 0.204548
0.648295 0.278512
0.652062 0.540188
0.652634 0.337857
0.653183 0.438620
0.653619 0.396373
0.654105 0.225592
0.654519 0.157711
0.654893 0.501655
0.655480 0.175299
0.655501 0.275693
0.656993 0.303791
0.658438 0.339530
0.660003 0.259607
0.662191 0.465027
0.662408 0.169612
0.663194 0.314657
0.665612 0.302805
0.670887 0.510534
0.672086 0.482029
0.672381 0.690592
0.672960 0.392989
0.674548 0.554760
0.676386 0.292188
0.676763 0.102908
0.676977 0.517973
0.677556 0.211320
0.678199 0.370577
0.678848 0.341144
0.679592 0.358766
0.680472 0.336707
0.680521 0.315706
0.681143 0.312316
0.681664 0.749250
0.682039 0.256149
0.682175 0.322896
0.682338 0.197529
0.682437 0.369487
0.683583 0.551966
0.684997 0.408184
0.686527 0.517175
0.686819 0.418186
0.689105 0.192157
0.691529 0.341162
0.691632 0.568666
0.691691 0.467474
0.692510 0.396314
0.692927 0.481473
0.693004 0.560379
0.695188 0.568379
0.697614 0.317533
0.698823 0.286815
0.699862 0.350030
0.701612 0.806153
0.702504 0.478204
0.702957 0.369875
0.703760 0.546970
0.704207 0.243255
0.704733 0.330116
0.705071 0.461028
0.706464 0.620890
0.710196 0.264820
0.711472 0.506089
0.713584 0.487868
0.715399 0.254240
0.715789 0.287529
0.715838 0.384610
0.715859 0.512923
0.716008 0.318303
0.717764 0.357027
0.718929 0.491229
0.721014 0.671981
0.721876 0.398106
0.722526 0.353732
0.724313 0.364920
0.724386 0.327871
0.725463 0.367288
0.727964 0.515018
0.729526 0.251348
0.729741 0.415981
0.730447 0.458486
0.730586 0.275603
0.731458 0.447039
0.731549 0.247984
0.731907 0.345434
0.733826 0.291461
0.733943 0.591354
0.736914 0.357930
0.740114 0.402342
0.740724 0.319753
0.742089 0.555078
0.742733 0.551915
0.746635 0.478286
0.746859 0.762368
0.746873 0.268459
0.749857 0.265952
0.750322 0.474648
0.750432 0.263806
0.752411 0.329560
0.752612 0.269765
0.755433 0.158009
0.756704 0.597597
0.756790 0.377872
0.758135 0.356882
0.759483 0.532225
0.759745 0.245571
0.760549 0.514057
0.760665 0.360695
0.762774 0.415835
0.763533 0.479066
0.764388 0.473505
0.765418 0.528971
0.765468 0.435126
0.768470 0.395706
0.769325 0.276229
0.769664 0.453032
0.771266 0.666280
0.771368 0.789337
0.772833 0.460424
0.772964 0.591379
0.773405 0.475548
0.773460 0.307692
0.773905 0.233423
0.774179 0.473460
0.776005 0.375587
0.776563 0.488595
0.776791 0.480052
0.777614 0.682981
0.779175 0.649772
0.779527 0.288873
0.779552 0.448770
0.784025 0.587798
0.785158 0.513314
0.785992 0.231051
0.786069 0.400569
0.786241 0.230370
0.786473 0.277492
0.786599 0.352428
0.787583 0.444946
0.789340 0.405204
0.791497 0.189718
0.792529 0.806609
0.792946 0.796193
0.792980 0.521826
0.793960 0.885239
0.793976 0.921723
0.794391 0.511504
0.798244 0.458028
0.799570 0.634071
0.799629 0.218285
0.806070 0.445526
0.806573 0.371277
0.809109 0.325765
0.809319 0.368697
0.810783 0.151982
0.810821 0.504641
0.812238 0.267049
0.812882 0.367641
0.813211 0.471301
0.814745 0.355362
0.814845 0.393704
0.816319 0.250958
0.819130 0.917722
0.820098 0.259572
0.822131 0.719846
0.822858 0.444269
0.823632 0.645332
0.823930 0.440406
0.825167 0.270530
0.826380 0.366940
0.826812 0.189517
0.827144 0.256900
0.828675 0.373826
0.832953 0.226458
0.833388 0.316457
0.833755 0.367080
0.834338 0.641343
0.834723 0.530245
0.836511 0.263579
0.838008 0.470765
0.838037 0.352766
0.838110 0.645319
0.838493 1.000000
0.842262 0.703154
0.842276 0.218614
0.842666 0.225480
0.843788 0.524924
0.844579 0.521763
0.844745 0.817661
0.845454 0.561913
0.845571 0.270958
0.846252 0.337443
0.846299 0.313161
0.846853 0.575252
0.848482 0.681012
0.849627 0.451515
0.850491 0.618661
0.851475 0.446657
0.851666 0.398046
0.854255 0.613793
0.855370 0.340852
0.857480 0.301734
0.858503 0.494762
0.858789 0.320506
0.859282 0.216838
0.859681 0.346620
0.860911 0.252023
0.862788 0.249229
0.863451 0.562919
0.864845 0.259863
0.865390 0.604785
0.867588 0.476474
0.869077 0.319599
0.870579 0.569997
0.871068 0.214306
0.871806 0.489415
0.872996 0.268554
0.873550 0.880259
0.875945 0.435577
0.876670 0.252781
0.877102 0.235811
0.877287 0.478973
0.878801 0.355505
0.879455 0.505405
0.880019 0.185162
0.880345 0.466838
0.881944 0.350120
0.882051 0.287551
0.883565 0.491107
0.884211 0.355860
0.885175 0.388251
0.885846 0.580577
0.886984 0.773547
0.893273 0.512835
0.894621 0.539674
0.895092 0.425055
0.896337 0.480612
0.896644 0.424754
0.902923 0.561917
0.903424 0.299574
0.905434 0.378344
0.907295 0.696788
0.910750 0.973711
0.910901 0.432841
0.912051 0.428062
0.912665 0.768555
0.918678 0.475417
0.921053 0.353868
0.921448 0.582272
0.922566 0.520000
0.922846 0.288826
0.924111 0.836201
0.924311 0.610423
0.926815 0.708419
0.928025 0.440175
0.928094 0.843830
0.929192 0.520742
0.929835 0.439794
0.930575 0.424692
0.932846 0.277317
0.935568 0.301792
0.936747 0.363865
0.937109 0.470443
0.937231 0.364427
0.941017 0.408534
0.941913 0.465234
0.943939 0.536650
0.944152 0.767097
0.944667 0.491715
0.944874 0.473562
0.945739 0.331126
0.950665 0.750062
0.951193 0.847981
0.951588 0.395989
0.952645 0.302224
0.953613 0.712260
0.954903 0.426438
0.955415 0.492657
0.956490 0.795433
0.956850 0.481890
0.957852 0.606114
0.958406 0.314135
0.958425 0.459493
0.960016 0.536706
0.960272 0.832165
0.960522 0.594858
0.961006 0.442048
0.961165 0.571653
0.961177 0.373369
0.961471 0.956925
0.961626 0.444736
0.964940 0.806895
0.965667 0.467479
0.966711 0.486643
0.966749 0.644206
0.967548 0.403069
0.968380 0.537650
0.969096 0.513974
0.972980 0.498231
0.975168 0.279607
0.975263 0.383737
0.976681 0.419108
0.977048 0.340815
0.978199 0.276397
0.978509 0.254494
0.978863 0.389621
0.979027 0.515017
0.980388 0.590652
0.982466 0.280570
0.982738 0.491258
0.988186 0.417024
0.988585 0.236074
0.989810 0.974500
0.991733 0.927446
0.992041 0.392646
0.993040 0.697420
0.995709 0.507016
0.996347 0.522548
0.997232 0.264906
1.000000 0.265850
