0.000000 0.252453
0.001857 0.560760
0.004539 0.318708
0.006336 0.544794
0.013606 0.119317
0.018232 0.056868
0.022732 0.099498
0.031285 0.626688
0.032413 0.402538
0.033839 0.122743
0.038391 0.000000
0.041603 0.041096
0.052410 0.177345
0.060847 0.169652
0.063009 0.048699
0.064877 0.484474
0.077085 0.261907
0.077663 0.238560
0.082556 0.307558
0.097130 0.470660
0.097438 0.251653
0.103079 0.181110
0.103746 0.905345
0.109204 0.202715
0.119915 0.207390
0.121407 0.340307
0.128395 0.060777
0.130686 0.230751
0.138821 0.577719
0.139946 0.432571
0.149610 0.158336
0.159786 0.174558
0.170276 0.092890
0.175824 0.407671
0.180522 0.153031
0.182225 0.202465
0.184994 0.306979
0.186529 0.504647
0.195923 0.298016
0.197708 0.500629
0.197742 0.267252
0.198840 0.280096
0.204055 0.120672
0.206260 0.393784
0.208542 0.378408
0.209305 0.669349
0.214443 0.532918
0.214894 0.382054
0.224846 0.275036
0.235921 0.292102
0.246001 0.231653
0.250960 0.498240
0.251870 0.174056
0.253701 0.335609
0.261787 0.546244
0.263218 0.574708
0.266285 0.106256
0.270806 0.462482
0.275767 0.520405
0.281219 0.279204
0.283207 0.203655
0.285286 0.332712
0.286131 1.000000
0.300266 0.394975
0.302944 0.407090
0.303733 0.370000
0.304813 0.478021
0.306096 0.557968
0.310238 0.572929
0.310248 0.123273
0.315283 0.465814
0.321772 0.794618
0.324211 0.538682
0.328916 0.354177
0.329419 0.655130
0.336393 0.324845
0.341130 0.351583
0.345513 0.317793
0.348233 0.554627
0.350446 0.449671
0.350738 0.205079
0.353777 0.594160
0.354702 0.277388
0.355454 0.518128
0.360135 0.555485
0.370199 0.165800
0.372008 0.348016
0.381697 0.390195
0.387558 0.221051
0.388377 0.237876
0.392144 0.330860
0.403918 0.364952
0.411016 0.475284
0.412636 0.550033
0.417151 0.791878
0.425350 0.458283
0.433098 0.401863
0.437268 0.501292
0.442492 0.459795
0.446383 0.328426
0.447708 0.689082
0.449496 0.263793
0.451774 0.314564
0.457803 0.207914
0.458439 0.708088
0.462099 0.716454
0.462439 0.565994
0.463329 0.519851
0.465429 0.456587
0.467943 0.484574
0.477722 0.560818
0.478831 0.431548
0.480646 0.322656
0.481031 0.563645
0.481486 0.470524
0.487407 0.477977
0.504235 0.712456
0.506638 0.229072
0.507610 0.330470
0.510017 0.430608
0.510059 0.391115
0.510247 0.345695
0.510599 0.502930
0.510974 0.754744
0.518299 0.491014
0.520869 0.655104
0.523100 0.374939
0.529195 0.512686
0.539096 0.634120
0.545537 0.242427
0.552530 0.598099
0.559918 0.572359
0.563781 0.471906
0.565796 0.278797
0.567918 0.253305
0.573216 0.558405
0.576451 0.271904
0.577682 0.307701
0.587953 0.493845
0.592787 0.365509
0.595943 0.559969
0.596090 0.741732
0.600153 0.372377
0.603029 0.627297
0.607589 0.311937
0.607700 0.470572
0.608701 0.472958
0.610092 0.558957
0.617254 0.297119
0.620166 0.638059
0.620976 0.568086
0.624482 0.254888
0.626515 0.543556
0.640781 0.667365
0.644298 0.434618
0.646782 0.585923
0.660658 0.933797
0.667904 0.895413
0.670799 0.460702
0.678573 0.673203
0.682373 0.479108
0.689998 0.630951
0.695700 0.337791
0.697658 0.703021
0.698000 0.941738
0.700943 0.486903
0.704832 0.460336
0.707571 0.758637
0.711487 0.373873
0.712061 0.452551
0.713199 0.620440
0.718008 0.479441
0.721326 0.577978
0.721875 0.540152
0.724839 0.353017
0.725692 0.593945
0.730396 0.660828
0.732235 0.685440
0.732410 0.469532
0.733113 0.662834
0.740842 0.434989
0.740848 0.605371
0.749703 0.334712
0.762923 0.555356
0.768612 0.723571
0.771770 0.908244
0.782567 0.744243
0.795628 0.632744
0.797378 0.542779
0.801993 0.596831
0.804825 0.587987
0.814626 0.565633
0.817546 0.417204
0.823086 0.435295
0.828930 0.363394
0.831664 0.440640
0.834793 0.693186
0.837616 0.766809
0.838811 0.370552
0.847723 0.654153
0.851846 0.759049
0.861805 0.665091
0.862774 0.513943
0.868147 0.358897
0.870772 0.348706
0.875076 0.391390
0.876564 0.627832
0.877774 0.520788
0.883232 0.416325
0.885097 0.401693
0.886290 0.516825
0.890437 0.865208
0.891370 0.808496
0.892049 0.364583
0.907912 0.347099
0.908943 0.736952
0.909310 0.666605
0.915255 0.614099
0.915872 0.390230
0.917025 0.605440
0.923012 0.625226
0.923291 0.513921
0.924828 0.689215
0.925658 0.345422
0.930907 0.592436
0.933153 0.556604
0.933439 0.518544
0.939535 0.388858
0.946513 0.941396
0.947219 0.650697
0.951593 0.388584
0.954773 0.664836
0.956595 0.422078
0.961012 0.415392
0.964109 0.501935
0.971413 0.639761
0.974535 0.517354
0.975468 0.371656
0.979127 0.618041
0.982740 0.485491
0.991169 0.539636
0.993164 0.532896
0.993603 0.564199
0.993620 0.667169
0.994197 0.433834
0.994581 0.518991
0.999544 0.628228
1.000000 0.604443
