0.000000 0.194943
0.006923 0.170280
0.007494 0.233850
0.008923 0.090205
0.017232 0.000000
0.020747 0.083794
0.025653 0.210365
0.029284 0.200508
0.049435 0.196107
0.052152 0.369055
0.052588 0.347731
0.057075 0.104498
0.069926 0.166188
0.071968 0.289724
0.076754 0.120330
0.083669 0.144675
0.086609 0.154216
0.088161 0.036241
0.102768 0.057204
0.107103 0.322419
0.119143 0.122919
0.131234 0.131553
0.137124 0.187208
0.137127 0.372739
0.138167 0.041171
0.140516 0.243812
0.147645 0.598323
0.151588 0.017411
0.160399 0.055610
0.162337 0.188621
0.165000 0.211307
0.170844 0.232142
0.172896 0.281210
0.179771 0.284176
0.188383 0.162553
0.194947 0.236320
0.216087 0.342944
0.218662 0.406932
0.224109 0.523948
0.231713 0.307103
0.243411 0.365653
0.248754 0.465776
0.255054 0.312391
0.259092 0.228471
0.262530 0.226367
0.262826 0.209314
0.266743 0.288486
0.267284 0.541513
0.268473 0.534579
0.271762 0.153282
0.273530 0.343081
0.280106 0.152098
0.282089 0.329028
0.287134 0.074634
0.294111 0.344705
0.296324 0.504987
0.304912 0.133947
0.307277 0.129742
0.309769 0.355154
0.318137 0.340598
0.328942 0.246493
0.330174 0.426305
0.337305 0.596992
0.338680 0.257883
0.339309 0.244230
0.339789 0.319007
0.346989 0.133860
0.351874 0.142816
0.352399 0.295122
0.364031 0.229642
0.375042 0.116596
0.382226 0.282785
0.385473 0.173194
0.407806 0.389280
0.409174 0.451398
0.419088 0.468956
0.430827 0.100159
0.438895 0.365841
0.443180 0.483784
0.443665 0.238160
0.448169 0.427518
0.450118 0.578733
0.453705 0.243732
0.454485 0.449772
0.455936 0.340930
0.464109 0.238022
0.474803 0.266598
0.476804 0.144130
0.483365 0.512843
0.483893 0.309964
0.502807 0.268882
0.504911 0.359542
0.504914 0.499408
0.505142 0.218953
0.515171 0.317883
0.515355 0.408038
0.527454 0.335233
0.528895 0.540014
0.536563 0.484898
0.543987 0.529993
0.561184 0.303539
0.570063 0.520388
0.570458 0.238390
0.592843 0.693816
0.600726 0.968283
0.602422 0.421815
0.612160 0.484069
0.618500 0.458429
0.640109 0.375939
0.650801 0.274195
0.652652 0.489754
0.659324 0.810188
0.662444 0.399330
0.668572 0.372183
0.681065 0.726174
0.687907 0.420064
0.700683 0.426066
0.702329 0.587232
0.729097 0.416694
0.735357 0.475581
0.742090 0.533529
0.743236 0.642239
0.764439 0.543921
0.770372 0.597893
0.770433 0.418652
0.771131 0.507107
0.778811 0.779370
0.782681 0.363384
0.784563 0.497379
0.785198 0.434874
0.791869 0.653071
0.796073 0.590281
0.798775 0.414633
0.804035 0.521407
0.804302 0.662093
0.813306 0.706446
0.825995 0.458424
0.827375 0.470788
0.839607 0.613966
0.849808 0.545298
0.874982 0.506346
0.875854 0.425455
0.882806 0.649252
0.883946 0.467682
0.886068 0.519856
0.891432 0.534314
0.910270 0.492431
0.922562 0.915663
0.925445 0.877398
0.927396 0.688686
0.941818 0.708069
0.951674 0.619965
0.955558 0.553011
0.972565 0.567350
0.979592 0.711760
0.986075 0.846099
0.993103 1.000000
1.000000 0.791171
