0.000000 0.242327
0.003751 0.098497
0.004659 0.129788
0.014728 0.122355
0.016683 0.136573
0.024144 0.375941
0.026042 0.208399
0.030278 0.000000
0.035509 0.312139
0.035990 0.252258
0.038593 0.071168
0.040369 0.022401
0.041905 0.120456
0.042105 0.133002
0.047320 0.269087
0.055158 0.133668
0.058167 0.360769
0.061577 0.318792
0.065936 0.316375
0.066021 0.138407
0.067763 0.075451
0.075801 0.154026
0.079289 0.006258
0.087217 0.014672
0.092143 0.234285
0.098980 0.107437
0.099734 0.353045
0.109000 0.125109
0.109939 0.103102
0.112035 0.354617
0.115364 0.119721
0.120165 0.108166
0.121571 0.382090
0.128553 0.174174
0.137608 0.054537
0.143136 0.127488
0.147577 0.116075
0.154682 0.119706
0.161070 0.081611
0.173111 0.218491
0.174381 0.260294
0.181711 0.183030
0.183151 0.086022
0.185325 0.096893
0.189528 0.292846
0.195383 0.390402
0.206029 0.100883
0.208101 0.213939
0.210003 0.519653
0.210514 0.371429
0.228993 0.135742
0.233572 0.258543
0.237194 0.403504
0.248925 0.216535
0.254684 0.227597
0.254688 0.338302
0.255167 0.362507
0.269999 0.339340
0.273138 0.406554
0.276907 0.260347
0.277262 0.260583
0.277987 0.236611
0.282593 0.326324
0.283008 0.141080
0.283927 0.215674
0.286682 0.128423
0.294164 0.419308
0.298934 0.247164
0.304526 0.441179
0.310101 0.360522
0.310750 0.130480
0.322088 0.455339
0.335776 0.278570
0.337963 0.368841
0.348838 0.547315
0.353325 0.168482
0.354924 0.267870
0.359112 0.266482
0.368581 0.390538
0.378673 0.236091
0.380541 0.231847
0.387993 0.282440
0.388283 0.281072
0.393974 0.294456
0.395843 0.311217
0.396881 0.323459
0.397285 0.644370
0.398616 0.377666
0.401802 0.606459
0.403109 0.214262
0.408664 0.256978
0.411525 0.316940
0.422461 0.251910
0.426864 0.454114
0.432153 0.419954
0.433664 0.412262
0.439448 0.347591
0.444115 0.327590
0.447857 0.572934
0.448341 0.425889
0.450137 0.381703
0.451422 0.327159
0.455043 0.551466
0.460507 0.587313
0.463322 0.643533
0.465212 0.437016
0.467839 0.421652
0.471524 0.272844
0.477149 0.401802
0.478608 0.409186
0.487561 0.538089
0.491214 0.557283
0.492656 0.342225
0.493101 0.577696
0.494013 0.361489
0.494126 0.409671
0.495601 0.565856
0.502350 0.430509
0.505781 0.502000
0.506830 0.371493
0.511243 0.337108
0.511609 0.374967
0.512221 0.491426
0.512865 0.763819
0.515778 0.532551
0.526130 0.446299
0.528432 0.285919
0.531028 0.450239
0.534165 0.466164
0.545459 0.612207
0.548159 0.503672
0.551211 0.699242
0.553284 0.391988
0.555728 0.562411
0.556457 0.660310
0.557610 0.772162
0.562064 0.498422
0.565443 0.378308
0.568195 0.355433
0.574350 0.487325
0.574986 0.656355
0.575058 0.465671
0.577144 0.713931
0.593295 0.432532
0.595306 0.408049
0.599317 0.663212
0.599878 0.488898
0.604438 0.598052
0.604841 0.563319
0.607036 0.416712
0.607354 0.557577
0.609437 0.323890
0.614415 0.615692
0.617406 0.540206
0.623540 0.612845
0.626135 0.572171
0.627911 0.606921
0.629259 0.735766
0.641085 0.534704
0.642282 0.673782
0.645315 0.609410
0.646363 0.614624
0.648492 0.552103
0.663045 0.837505
0.663382 0.619545
0.665825 0.483115
0.666992 0.600062
0.672089 0.482542
0.672928 0.820352
0.676039 0.528123
0.676523 0.763288
0.676671 0.430912
0.678696 0.474807
0.680245 0.594387
0.701848 0.651667
0.704489 0.690342
0.709455 0.520483
0.712129 0.439926
0.715634 0.769122
0.725418 0.584449
0.730528 0.419985
0.734771 0.718877
0.739008 0.571139
0.751930 0.756354
0.753600 0.694742
0.755221 0.650656
0.757141 0.608140
0.761185 0.729969
0.770616 0.750994
0.771620 0.407493
0.774660 0.731711
0.774714 0.765870
0.777740 0.838452
0.780312 0.623322
0.785438 0.558249
0.786546 0.965995
0.786789 0.669627
0.787559 0.585501
0.789104 0.590820
0.794560 0.576978
0.802552 0.633229
0.804257 0.556589
0.808026 0.798225
0.809999 0.430924
0.811825 0.553374
0.813835 0.551818
0.814072 0.496312
0.814623 0.764421
0.814869 0.564634
0.817696 0.469490
0.821232 0.716854
0.823276 0.800294
0.823818 0.882266
0.824055 0.796517
0.826988 0.696224
0.827313 0.652662
0.827986 0.674752
0.828730 0.734223
0.830942 0.748802
0.836014 0.663962
0.838418 0.579507
0.841992 0.603054
0.849044 0.705311
0.851417 0.582277
0.858119 0.745662
0.858324 0.817315
0.864257 0.888805
0.871452 0.636995
0.872158 0.664571
0.876469 0.866885
0.878517 0.739779
0.879163 0.792968
0.883910 0.698192
0.895814 0.767317
0.914734 0.665013
0.917639 0.487350
0.918164 1.000000
0.925108 0.527925
0.928380 0.619544
0.930202 0.947440
0.937293 0.559253
0.937483 0.611999
0.952012 0.992859
0.952249 0.810914
0.954443 0.933951
0.954443 0.690616
0.956447 0.748212
0.957449 0.948566
0.960153 0.879031
0.961413 0.699743
0.967686 0.718806
0.968415 0.572148
0.976642 0.740967
0.979678 0.781967
0.994957 0.567126
1.000000 0.760321
