0.000000 0.373906
0.000460 0.796839
0.000836 0.676036
0.001607 0.464214
0.010056 0.898801
0.010225 0.687064
0.015865 0.597059
0.017301 0.431154
0.019361 0.377155
0.019454 0.784239
0.019864 0.675085
0.021758 0.614212
0.032366 0.591411
0.032742 0.501529
0.033165 0.642417
0.034799 0.577481
0.034954 0.555991
0.035022 0.847728
0.035737 0.574921
0.041758 0.507870
0.045426 0.069530
0.045464 0.386692
0.045854 0.488991
0.049297 0.630051
0.049906 0.652773
0.055174 0.602418
0.060673 0.609935
0.068654 0.267525
0.073665 0.699482
0.076255 0.489865
0.080027 0.632165
0.080371 0.460660
0.081878 0.543676
0.084389 0.639269
0.088525 0.504136
0.091797 0.509075
0.094646 0.529231
0.094870 0.503182
0.096379 0.418249
0.098715 0.765032
0.101637 0.697612
0.103027 0.591000
0.103027 0.593021
0.108787 0.656859
0.109526 0.539039
0.111755 0.474054
0.112139 0.581498
0.112260 0.594120
0.115797 0.356159
0.118209 0.356556
0.118301 0.719325
0.120284 0.636940
0.120825 0.569272
0.128111 0.690724
0.128276 0.659076
0.132719 0.526329
0.135194 0.584147
0.137693 0.641653
0.146211 0.723103
0.149814 0.632503
0.153016 0.621735
0.154734 0.742870
0.157318 0.461186
0.159985 0.399787
0.160120 0.542917
0.160771 0.691025
0.172277 0.805713
0.172859 0.547037
0.173361 0.522377
0.176766 0.666905
0.177005 0.332982
0.178439 0.531404
0.181255 0.612685
0.183034 0.558347
0.188064 0.233942
0.199491 0.329743
0.202821 0.566372
0.207945 0.611401
0.209363 0.603032
0.210706 0.584587
0.216341 0.668143
0.223079 0.363981
0.225538 0.525605
0.229375 0.371871
0.230415 0.646451
0.231099 0.381907
0.234293 0.543884
0.236149 0.631869
0.236258 0.272590
0.238237 0.565573
0.239358 0.591001
0.239756 0.544199
0.243552 0.523959
0.250176 0.697827
0.250222 0.470094
0.257399 0.589305
0.264383 0.741571
0.265747 0.532566
0.265856 0.582546
0.266153 0.407250
0.275959 0.721365
0.276009 0.434338
0.280550 0.440961
0.282556 0.770245
0.283419 0.495585
0.288539 0.604006
0.288928 0.590445
0.297096 0.888937
0.299229 0.308464
0.299479 0.350112
0.300681 0.687293
0.302135 0.609143
0.317322 0.310927
0.318652 0.735552
0.321292 0.499904
0.322498 0.526146
0.324689 0.516958
0.325515 1.000000
0.330697 0.542057
0.334650 0.450344
0.338936 0.538345
0.340366 0.732144
0.346120 0.709780
0.347449 0.727384
0.353715 0.602475
0.354312 0.563118
0.359419 0.408135
0.361487 0.761362
0.362773 0.503452
0.371448 0.833373
0.372374 0.424026
0.376243 0.603893
0.376502 0.636505
0.380588 0.685289
0.383277 0.287398
0.384808 0.723810
0.390265 0.357685
0.390671 0.411880
0.393321 0.364726
0.397533 0.271332
0.402384 0.738668
0.405382 0.609282
0.407798 0.513771
0.408212 0.544135
0.408850 0.807189
0.410745 0.591087
0.411855 0.596832
0.412001 0.430476
0.414691 0.819409
0.415677 0.801737
0.420631 0.775967
0.422937 0.438445
0.429183 0.625876
0.431403 0.569355
0.432945 0.700333
0.437692 0.491236
0.440992 0.452373
0.443924 0.451941
0.444163 0.557557
0.445094 0.454691
0.445588 0.720296
0.448346 0.486891
0.448403 0.697643
0.449781 0.813498
0.449846 0.677537
0.453413 0.505915
0.456398 0.611356
0.458131 0.420345
0.458700 0.699685
0.459042 0.450207
0.459536 0.833978
0.460258 0.549480
0.460958 0.600224
0.462074 0.621374
0.467429 0.647675
0.468859 0.251860
0.469412 0.450199
0.471275 0.677877
0.471570 0.563595
0.478434 0.663464
0.483837 0.360042
0.486186 0.341559
0.490922 0.404089
0.491168 0.488837
0.492879 0.751554
0.496028 0.726387
0.498013 0.237845
0.503944 0.452335
0.504047 0.710190
0.510156 0.602439
0.511217 0.704655
0.519195 0.596265
0.524721 0.548265
0.525430 0.611748
0.534753 0.465122
0.535645 0.857097
0.537450 0.421027
0.537611 0.439235
0.537657 0.733823
0.541262 0.699411
0.543611 0.786346
0.545976 0.546353
0.546115 0.581203
0.553616 0.642928
0.555205 0.556631
0.557218 0.513206
0.558001 0.545334
0.559579 0.445006
0.560147 0.558050
0.564082 0.370513
0.564095 0.557722
0.565232 0.743771
0.565488 0.505811
0.565687 0.395879
0.568539 0.607904
0.577540 0.327407
0.583362 0.695466
0.587284 0.715941
0.587537 0.647685
0.590123 0.683633
0.593701 0.557168
0.601358 0.485826
0.601462 0.638917
0.607071 0.660840
0.607148 0.635891
0.610148 0.547835
0.610260 0.490493
0.610609 0.842929
0.611741 0.692050
0.613101 0.462047
0.613610 0.284715
0.619505 0.489621
0.621312 0.576957
0.624494 0.651946
0.625916 0.306230
0.628225 0.304129
0.632395 0.459422
0.633136 0.338107
0.636095 0.680332
0.640555 0.362423
0.646130 0.280985
0.648162 0.506973
0.652321 0.427026
0.655187 0.272647
0.655374 0.594599
0.656313 0.682452
0.656602 0.567049
0.657536 0.471182
0.662837 0.546306
0.669055 0.272876
0.682233 0.465582
0.682831 0.688354
0.687482 0.806138
0.692419 0.535359
0.692617 0.632744
0.695530 0.396980
0.698249 0.411394
0.698372 0.615879
0.703637 0.414825
0.704895 0.510814
0.706193 0.594355
0.712990 0.512043
0.715538 0.616950
0.716221 0.329119
0.722827 0.243304
0.725310 0.418319
0.726535 0.708749
0.731020 0.301393
0.732749 0.805193
0.739550 0.441716
0.741283 0.538158
0.741738 0.447344
0.743352 0.442529
0.745208 0.481390
0.745992 0.266330
0.746153 0.284287
0.747840 0.223357
0.748617 0.607243
0.750312 0.693888
0.752725 0.509774
0.752789 0.355496
0.755660 0.565292
0.756238 0.537085
0.757897 0.488856
0.761150 0.526256
0.761645 0.412754
0.764028 0.553674
0.767452 0.686710
0.776361 0.539559
0.777226 0.429518
0.778183 0.472052
0.779110 0.494086
0.779293 0.542392
0.779640 0.494724
0.781404 0.527758
0.785433 0.709050
0.786482 0.310070
0.787388 0.797053
0.793167 0.615551
0.793891 0.494052
0.801451 0.542256
0.802278 0.357938
0.805228 0.474547
0.808176 0.688211
0.817413 0.302004
0.822097 0.282660
0.823042 0.343660
0.830404 0.685246
0.832808 0.585728
0.834684 0.448478
0.835030 0.458732
0.836563 0.791373
0.838475 0.464300
0.839130 0.379066
0.842240 0.508869
0.846109 0.848451
0.846875 0.201049
0.851462 0.203829
0.851644 0.205973
0.852958 0.740748
0.858059 0.509997
0.858859 0.691670
0.860633 0.237278
0.863573 0.682214
0.863909 0.648739
0.868595 0.696888
0.868607 0.642882
0.869677 0.622176
0.870250 0.107251
0.872022 0.337356
0.872999 0.588879
0.876142 0.239194
0.877592 0.497241
0.880173 0.161168
0.880344 0.310973
0.881221 0.386541
0.883601 0.547839
0.884221 0.440825
0.884722 0.202752
0.893037 0.570565
0.893215 0.214063
0.893490 0.824316
0.894788 0.594716
0.896911 0.363662
0.898009 0.102135
0.898187 0.562530
0.898215 0.211972
0.898547 0.388884
0.901800 0.729500
0.905251 0.582382
0.908326 0.365226
0.908471 0.542941
0.912148 0.255601
0.914277 0.523333
0.924411 0.555316
0.925849 0.701910
0.927501 0.716800
0.928662 0.602050
0.928738 0.620953
0.930579 0.310665
0.933604 0.624438
0.937705 0.794180
0.940660 0.403556
0.947304 0.439745
0.959283 0.594615
0.960375 0.613328
0.961320 0.326751
0.961872 0.620570
0.963791 0.258318
0.965625 0.403676
0.966077 0.525215
0.966479 0.430360
0.966487 0.199001
0.967106 0.815045
0.967892 0.456165
0.971272 0.467479
0.971606 0.722546
0.972800 0.662213
0.976132 0.348520
0.977560 0.331090
0.977899 0.132779
0.982077 0.990069
0.984053 0.435367
0.987297 0.000000
0.990992 0.433480
0.991823 0.289362
1.000000 0.498177
