0.000000 0.592364
0.222183 0.654288
0.241516 0.150678
0.248583 0.801182
0.257851 0.204999
0.263575 0.219350
0.264054 0.428540
0.289923 0.598821
0.292383 0.460609
0.292980 0.653738
0.293408 0.159539
0.295385 0.826952
0.312259 0.000000
0.325554 0.877979
0.332655 0.624295
0.336151 0.789140
0.340098 0.027778
0.340751 0.619371
0.353866 0.186820
0.355405 0.405908
0.357490 0.377843
0.361537 0.323094
0.362685 0.704370
0.367110 0.074812
0.379721 0.644186
0.383401 0.341385
0.384402 0.693009
0.386967 0.440963
0.396025 0.380439
0.397098 0.276189
0.398618 0.350159
0.401696 0.866516
0.401830 0.691706
0.402398 0.819207
0.407554 0.881549
0.409690 0.341419
0.410612 0.773441
0.412827 0.475448
0.414809 0.165447
0.416972 0.944504
0.419443 0.265052
0.420472 0.049691
0.422032 0.181461
0.429205 0.631438
0.434559 0.874709
0.436591 0.316498
0.437231 0.223840
0.437616 0.954395
0.439495 0.093813
0.439951 0.328749
0.440353 0.471010
0.444731 0.182991
0.446423 0.673617
0.447329 0.412602
0.452536 0.155664
0.454190 0.733325
0.456209 0.232442
0.456767 0.912206
0.462343 0.935726
0.462448 0.509609
0.463873 0.163187
0.465418 0.317990
0.466155 0.916158
0.466916 0.245717
0.466990 0.672114
0.467322 0.154986
0.469869 0.960097
0.471777 0.313509
0.471870 0.072361
0.473796 0.196721
0.476886 0.846978
0.479833 0.135758
0.484225 0.487882
0.485343 0.946524
0.486504 0.840697
0.486726 0.598519
0.488693 0.116273
0.496453 0.208647
0.496929 0.338579
0.497438 0.636400
0.497675 0.407600
0.498662 0.223892
0.498806 0.429942
0.501881 0.157309
0.503174 0.899025
0.504141 0.502659
0.507686 0.799451
0.507932 0.510768
0.508123 0.711810
0.510886 0.091200
0.511952 0.673035
0.515642 0.134817
0.517035 0.208798
0.519099 0.205226
0.519346 0.523984
0.519370 0.535646
0.520565 0.577285
0.521957 0.465159
0.526040 0.703139
0.528435 0.206877
0.529710 0.797248
0.531588 0.106511
0.532272 0.127843
0.532846 0.610594
0.534036 0.904122
0.535177 0.802426
0.535676 0.696138
0.540135 0.603080
0.540687 0.514381
0.541794 0.769423
0.542826 0.549061
0.542980 0.810755
0.544432 0.821650
0.546693 0.139569
0.547137 0.933433
0.547165 0.896422
0.548217 0.114352
0.548943 0.402607
0.549677 0.767355
0.551695 0.521040
0.553058 0.812147
0.559858 0.895196
0.561712 0.146013
0.562837 0.970375
0.563281 0.617379
0.563424 0.182535
0.563821 0.230145
0.566361 0.570874
0.567544 0.616049
0.567610 0.889839
0.568238 0.686815
0.570681 0.546507
0.573606 0.315217
0.575130 0.608897
0.575166 0.710418
0.578548 0.790560
0.578993 0.509651
0.579170 0.544305
0.579362 0.544638
0.579570 0.558604
0.579614 0.205810
0.580827 0.727631
0.582097 0.283049
0.582573 0.706819
0.583748 0.204043
0.585696 0.323952
0.587194 0.273438
0.589239 0.988104
0.592784 0.894032
0.596624 0.870135
0.598795 0.979728
0.598999 0.723563
0.601659 0.631679
0.602081 0.635832
0.602591 0.758328
0.606847 0.528015
0.608794 0.926731
0.610509 0.257377
0.617820 0.687318
0.618456 0.838544
0.621229 0.185639
0.622341 0.444725
0.622551 0.249787
0.624851 0.356996
0.625189 0.718048
0.625358 0.831369
0.626509 0.129869
0.629517 0.901459
0.629789 0.821811
0.629794 0.898278
0.630092 0.423782
0.631327 0.199453
0.632362 0.598318
0.632810 0.524412
0.636411 0.607328
0.637776 0.595404
0.639171 0.901979
0.643296 0.778374
0.643646 0.648207
0.645107 0.382328
0.645831 0.676174
0.646297 0.617383
0.647205 0.513489
0.647795 0.266252
0.649397 0.350545
0.649501 0.195044
0.649971 0.612569
0.650353 0.379353
0.651000 0.759611
0.653711 0.304478
0.657829 0.941898
0.659731 0.660108
0.660613 0.270845
0.660862 0.695965
0.661549 0.366669
0.662533 0.660595
0.665281 0.474793
0.665496 0.351906
0.667068 0.490299
0.667284 0.965482
0.669334 0.795591
0.669856 0.490300
0.670260 0.727268
0.670749 0.586825
0.671079 0.758043
0.671212 0.755683
0.671805 0.444816
0.672263 0.689756
0.672561 0.446506
0.674012 0.574043
0.674262 0.882951
0.676322 0.404837
0.676335 0.455263
0.678807 0.854570
0.679274 0.981125
0.680645 0.327920
0.680891 0.938058
0.680978 0.293786
0.681464 0.825867
0.682628 0.848682
0.683097 0.466310
0.683414 0.938721
0.684051 0.408812
0.685109 0.891902
0.687009 0.971413
0.692099 0.597193
0.693818 0.177299
0.694632 0.359346
0.698665 0.728816
0.699430 0.987236
0.700248 0.473898
0.700893 0.336353
0.701894 0.936140
0.702243 0.563734
0.703893 0.517923
0.707377 0.594194
0.707420 0.632927
0.707578 0.883312
0.708637 0.831887
0.708826 0.536421
0.709079 0.538233
0.711374 0.747138
0.711418 0.641474
0.711795 0.420052
0.712416 0.745552
0.712585 0.278914
0.714769 0.412134
0.714830 0.433966
0.714975 0.486943
0.719998 0.607798
0.720118 0.975369
0.722118 0.994772
0.724727 0.286558
0.724752 0.496530
0.725424 0.621282
0.725537 0.503484
0.726785 0.642444
0.727418 0.384417
0.729559 0.410693
0.732492 1.000000
0.733321 0.474675
0.736275 0.555751
0.736827 0.880472
0.741435 0.355057
0.743718 0.940596
0.748344 0.281650
0.749831 0.875247
0.750345 0.640373
0.751046 0.540714
0.753829 0.194616
0.754186 0.830881
0.754903 0.707516
0.755669 0.622904
0.756750 0.664938
0.757141 0.210891
0.758568 0.285931
0.759515 0.554928
0.761148 0.202710
0.763822 0.812261
0.765853 0.918938
0.767906 0.938206
0.768224 0.231736
0.769520 0.229549
0.770564 0.220784
0.771235 0.707383
0.773196 0.732162
0.773669 0.740576
0.776174 0.770329
0.777643 0.485496
0.778425 0.966552
0.779095 0.647717
0.780426 0.560412
0.781472 0.797733
0.783266 0.470647
0.783601 0.409182
0.783705 0.436221
0.783830 0.970195
0.784218 0.596795
0.785072 0.405575
0.785182 0.342018
0.785512 0.616830
0.787029 0.624314
0.789952 0.747947
0.797138 0.796985
0.803797 0.475981
0.806427 0.547267
0.810234 0.902234
0.812248 0.359403
0.812632 0.401893
0.814707 0.571233
0.819079 0.335053
0.822491 0.978394
0.824831 0.309973
0.827212 0.471321
0.830734 0.738906
0.831904 0.909108
0.836926 0.354502
0.845483 0.670837
0.849660 0.795507
0.863064 0.917789
0.866384 0.362854
0.874758 0.920556
0.890813 0.819162
0.891271 0.915658
0.902503 0.340283
0.906114 0.306879
0.907155 0.806617
0.908033 0.337530
0.910926 0.930931
0.916931 0.606572
0.951200 0.592797
1.000000 0.349746
