0.000000 0.786026
0.000293 0.587368
0.006700 0.115673
0.010434 0.583758
0.013732 0.615516
0.019420 0.698627
0.025605 0.582201
0.028082 0.230396
0.036515 0.071206
0.048478 0.389972
0.049339 0.450507
0.054018 0.079479
0.057929 0.000000
0.063416 0.184901
0.064065 0.511387
0.065230 0.000131
0.065693 0.405978
0.075482 0.108047
0.076054 0.364096
0.080030 0.491672
0.081494 0.426425
0.084101 0.095412
0.085964 0.466936
0.087375 0.588639
0.088595 0.315152
0.089194 0.367112
0.089485 0.841932
0.090781 0.573355
0.091936 0.637262
0.093269 0.058464
0.093322 0.012376
0.093556 0.501101
0.094555 0.218405
0.096088 0.295409
0.096195 0.397426
0.096622 0.489050
0.098365 0.747592
0.101774 0.421740
0.102260 0.048276
0.102890 0.659835
0.102983 0.091387
0.103681 0.269450
0.105349 0.446671
0.106814 0.169114
0.109706 0.164964
0.111940 0.498984
0.113461 0.269572
0.115885 0.632563
0.117117 0.080738
0.117392 0.699727
0.119524 0.339991
0.122673 0.440850
0.123960 0.246631
0.124985 0.654851
0.125064 0.196842
0.128063 0.528392
0.129631 0.147518
0.133636 0.068053
0.133703 0.605904
0.134426 0.139243
0.135716 0.252786
0.138099 0.504569
0.139262 0.402333
0.140877 0.374134
0.142354 0.563359
0.142649 0.842298
0.143728 0.372431
0.144987 0.137280
0.146434 0.176861
0.147303 0.592738
0.148346 0.406291
0.148624 0.341173
0.148953 0.049801
0.151260 0.303137
0.151261 0.800808
0.151542 0.109488
0.153851 0.327457
0.155662 0.477458
0.156264 0.211549
0.157792 0.711134
0.158642 0.441317
0.161369 0.156149
0.161821 0.720920
0.162926 0.364292
0.164788 0.701408
0.165254 0.181537
0.166918 0.093832
0.167621 0.031555
0.168247 0.706747
0.168347 0.574277
0.170530 0.039254
0.174721 0.429450
0.174833 0.216512
0.175245 0.274542
0.175515 0.347980
0.178315 0.096379
0.180595 0.066233
0.181823 0.326522
0.185087 0.152209
0.186010 0.492612
0.186330 0.023359
0.186644 0.505929
0.191138 0.315378
0.197813 0.091866
0.199459 0.777005
0.200197 0.097195
0.200450 0.849695
0.202340 0.734962
0.202996 0.736846
0.203279 0.046602
0.203286 0.162620
0.205039 0.609584
0.206293 0.557825
0.207422 0.775614
0.207517 0.732158
0.208212 0.463957
0.209919 0.056007
0.210778 0.762606
0.211038 0.306416
0.211190 0.773984
0.212361 0.445998
0.212989 0.748345
0.213373 0.347363
0.213624 0.691657
0.214762 0.271972
0.215491 0.481715
0.215814 0.139018
0.216871 0.153518
0.218976 0.090905
0.219302 0.198018
0.220470 0.754040
0.222023 0.521655
0.223372 0.296923
0.224648 0.248985
0.227439 0.813440
0.228401 0.291847
0.228422 0.608921
0.228696 0.214861
0.231270 0.475709
0.232858 0.633660
0.234440 0.052721
0.235718 0.611889
0.236757 0.727791
0.237753 0.328139
0.238228 0.425527
0.238239 0.129535
0.239573 0.845368
0.241220 0.882147
0.242385 0.699834
0.243145 0.409401
0.243390 0.852954
0.244231 0.670547
0.244816 0.586803
0.245259 0.763891
0.245747 0.822420
0.246441 0.679971
0.248316 0.248442
0.248500 0.147791
0.249141 0.261571
0.252112 0.547947
0.253088 0.628596
0.253907 0.480329
0.254912 0.816184
0.255803 0.084180
0.256569 0.801096
0.256750 0.589415
0.256781 0.631356
0.257409 0.555471
0.257818 0.221164
0.259736 0.149978
0.259979 0.077358
0.260833 0.535576
0.262929 0.377831
0.263661 0.338643
0.264682 0.412127
0.266279 0.133991
0.268506 0.114200
0.269094 0.211762
0.273479 0.726166
0.274727 0.582390
0.277041 0.823709
0.279122 0.093180
0.282823 0.154141
0.282879 0.039421
0.286889 0.823231
0.286895 0.098106
0.288181 0.536769
0.290348 0.204697
0.292442 0.588765
0.293612 0.909836
0.295534 0.088424
0.295632 0.600931
0.296348 0.240805
0.297430 0.536982
0.297969 0.425449
0.300097 0.645130
0.301549 0.855083
0.303131 0.896160
0.303883 0.852406
0.304171 0.533522
0.307554 0.480481
0.310698 0.218103
0.312937 0.868505
0.313450 0.620156
0.313625 0.886056
0.314078 0.350936
0.314356 0.846247
0.314808 0.662386
0.315285 0.428849
0.315980 0.458229
0.316568 0.394298
0.318465 0.569726
0.319638 0.722631
0.320714 0.490136
0.320906 0.883836
0.323103 0.855599
0.323754 0.882955
0.324737 0.189861
0.325750 0.532055
0.327021 0.073659
0.328588 0.632264
0.329258 0.393089
0.329795 0.780334
0.329984 0.821655
0.330852 0.789041
0.331389 0.357896
0.333401 0.874475
0.336739 0.522769
0.337592 0.371278
0.337736 0.540062
0.338177 0.536508
0.338592 0.039911
0.339729 0.910582
0.340160 0.185953
0.343633 0.522066
0.343775 0.533956
0.344288 0.210098
0.345713 0.622945
0.346703 0.625717
0.347747 0.445569
0.348728 0.285449
0.349635 0.834179
0.351604 0.677738
0.351725 0.877031
0.354416 0.829374
0.354642 0.739773
0.354662 0.245110
0.354836 0.556158
0.355830 0.510768
0.356445 0.320033
0.356493 0.120332
0.356751 0.139195
0.357054 0.696137
0.358462 0.046452
0.360174 0.462667
0.361136 0.595625
0.361860 0.301931
0.361863 0.855077
0.362480 0.689243
0.365081 0.674638
0.367454 0.601774
0.374576 0.694106
0.377048 0.602348
0.378628 0.647807
0.378915 0.868260
0.379577 0.556451
0.382210 0.218813
0.382546 0.159540
0.383350 0.752026
0.383916 0.869163
0.384852 0.752346
0.385817 0.091216
0.388162 0.494197
0.388893 0.708343
0.390861 0.565683
0.391449 0.326298
0.392375 0.844975
0.393429 0.589428
0.394048 0.564561
0.395421 0.417574
0.396863 0.495284
0.398101 0.074518
0.400818 0.375906
0.402169 0.709103
0.403591 0.255427
0.404827 0.232701
0.407866 0.484255
0.408153 0.725233
0.408225 0.398752
0.409348 0.267782
0.410051 0.772612
0.411098 0.230621
0.412992 0.668611
0.413264 0.933717
0.414222 0.084217
0.414745 0.345603
0.414907 0.804958
0.420098 0.083323
0.422014 0.384643
0.422235 0.089180
0.423838 0.104209
0.424163 0.927637
0.425034 0.586976
0.425101 0.735743
0.426956 0.431498
0.430162 0.046975
0.433222 0.484236
0.434504 0.637000
0.435444 0.397867
0.436065 0.426517
0.437943 0.952684
0.442454 0.230905
0.442468 0.291004
0.443375 0.096882
0.446111 0.654147
0.447192 0.424319
0.450390 0.586880
0.451603 0.598166
0.451839 0.760845
0.452928 0.489888
0.454640 0.704729
0.455192 0.356289
0.456056 0.844395
0.457330 0.926336
0.463503 0.356707
0.464170 0.395444
0.464773 0.454811
0.465110 0.489743
0.466804 0.523465
0.468231 0.488450
0.471511 0.807599
0.471790 0.270007
0.471881 0.934114
0.479540 0.888372
0.484385 0.449577
0.485685 0.831332
0.488083 0.942959
0.491207 0.681745
0.493604 0.761715
0.494868 0.812517
0.503983 0.722440
0.505256 0.324119
0.506577 0.905085
0.509782 0.549880
0.514176 0.089842
0.515078 0.219137
0.515162 0.172824
0.515234 0.080942
0.518366 0.574244
0.523793 0.873723
0.525172 0.108257
0.526819 0.057691
0.527715 0.419091
0.529937 0.465397
0.533061 0.522618
0.533343 0.406096
0.540022 0.110250
0.548584 0.648136
0.550231 0.783144
0.552280 0.739464
0.553042 0.087605
0.553567 0.453580
0.555293 0.383616
0.557994 0.613756
0.559836 0.080724
0.561674 0.429903
0.571615 0.821405
0.572946 0.766095
0.574020 0.140065
0.574331 0.986639
0.574949 0.191703
0.575216 0.878793
0.575970 0.430417
0.579056 0.610421
0.582295 0.239612
0.583403 0.162822
0.585017 0.050343
0.588710 0.685068
0.592514 0.229733
0.595911 0.925120
0.610257 0.676591
0.630803 0.344228
0.630979 0.839389
0.633524 0.418629
0.650374 0.712957
0.651724 0.826091
0.652542 0.900878
0.670120 0.815292
0.676281 0.422942
0.676704 0.927969
0.701832 0.228500
0.702363 0.751403
0.702519 0.184764
0.723829 0.420849
0.746828 0.736465
0.751417 1.000000
0.806575 0.235248
0.820338 0.462047
0.848176 0.341544
1.000000 0.670448
