0.000000 0.298863
0.012966 0.717608
0.030870 0.899266
0.031748 0.915167
0.032102 0.742448
0.032930 0.524195
0.036809 0.673545
0.037043 0.865449
0.042073 0.479291
0.042677 0.651745
0.048483 0.225681
0.059073 0.743203
0.060927 0.676895
0.061079 0.244831
0.067734 0.126524
0.068775 0.508756
0.069280 0.236189
0.069751 0.199846
0.073173 0.760518
0.076573 0.842240
0.080092 0.750540
0.081773 0.583165
0.082888 0.230228
0.085258 0.914256
0.087201 0.400726
0.088243 0.538585
0.088496 0.909157
0.089251 0.416186
0.090906 0.594887
0.091032 0.293552
0.091698 0.941237
0.091961 0.269032
0.096353 0.256368
0.098060 0.518036
0.102724 0.375087
0.102910 0.573934
0.104189 0.275763
0.108742 0.437789
0.109084 0.549239
0.109091 0.767873
0.110847 0.982121
0.114297 0.430649
0.117515 0.593137
0.118377 0.433441
0.119325 0.777267
0.123848 0.212322
0.126270 0.399994
0.126902 0.849186
0.128000 0.798563
0.129889 0.851564
0.132530 0.294679
0.134477 0.603876
0.139405 0.566201
0.139735 0.210779
0.142361 0.385613
0.144939 0.975837
0.145133 0.452899
0.147893 0.321523
0.148706 0.951847
0.148959 0.203679
0.149313 0.620904
0.152220 0.340804
0.153367 0.858966
0.154472 0.708458
0.159584 0.832303
0.160355 0.389708
0.161451 0.770022
0.162533 0.650262
0.165577 0.688479
0.165591 0.677293
0.166120 0.679377
0.168018 0.193110
0.169244 0.524442
0.171006 0.633256
0.176458 0.516222
0.176999 0.796669
0.180933 0.720092
0.182883 0.460265
0.183400 0.888026
0.183997 0.877936
0.184410 0.979421
0.184977 0.652439
0.186157 0.690439
0.186724 0.550774
0.187334 0.243599
0.188721 0.235723
0.189354 0.933513
0.191304 0.698947
0.193932 0.608361
0.197593 0.344455
0.198040 0.321061
0.198287 0.339857
0.199787 0.789955
0.200986 0.331877
0.202071 0.262823
0.202735 0.665274
0.204455 0.821464
0.204608 0.466201
0.206448 0.704514
0.207830 0.827197
0.208626 0.389201
0.211705 0.243070
0.211933 0.877527
0.212133 0.539045
0.212662 0.683875
0.214853 0.302273
0.215195 0.941985
0.215593 0.225277
0.217942 0.461333
0.218524 0.428998
0.218873 0.344767
0.218953 0.674125
0.219315 0.469464
0.219489 0.589576
0.220892 0.322404
0.222539 0.732142
0.222579 0.371258
0.222885 0.821481
0.223131 0.804499
0.224037 0.905274
0.230596 0.292791
0.230731 0.906846
0.232296 0.201117
0.236280 0.186542
0.236893 0.684431
0.237087 0.685402
0.238993 0.420320
0.239651 0.892232
0.241354 0.385386
0.241394 0.985664
0.242926 0.319439
0.243727 0.900960
0.243787 0.937218
0.245472 0.629712
0.245709 0.249716
0.247957 0.859731
0.248971 0.274302
0.251096 0.238836
0.251327 0.112417
0.251774 0.255796
0.251953 0.685450
0.252480 0.850221
0.252579 0.284203
0.258780 0.213447
0.259303 0.864776
0.260903 0.915734
0.260915 0.934210
0.262666 0.376485
0.264877 0.275554
0.265254 0.423138
0.265716 0.652478
0.265858 0.479815
0.268484 0.893768
0.269630 0.349711
0.270061 0.243890
0.271685 0.798018
0.272687 0.636904
0.272890 0.971800
0.273248 0.654282
0.275683 0.483856
0.279520 0.355144
0.279887 0.759883
0.280514 0.674027
0.283209 0.185924
0.283776 0.343075
0.284143 0.652106
0.286273 0.113565
0.286763 0.886941
0.287902 0.478532
0.288817 0.652344
0.289657 0.453027
0.290193 0.607264
0.291111 0.785739
0.291209 0.896468
0.291485 0.481391
0.292821 0.445997
0.293704 0.790080
0.296000 0.204991
0.296400 0.839160
0.297859 0.626811
0.297968 0.544742
0.298815 0.145301
0.299143 0.134773
0.299556 0.554276
0.301455 0.415340
0.303150 0.597334
0.303313 0.257986
0.303877 0.297031
0.305521 0.616259
0.307140 0.102321
0.308895 0.777553
0.308939 0.158857
0.311035 0.985536
0.311141 0.315550
0.311875 0.611063
0.314323 0.806171
0.316419 0.696825
0.316789 0.366189
0.317295 0.631230
0.320325 0.823584
0.321982 0.687328
0.324669 0.768609
0.325928 0.231592
0.326009 0.551146
0.331338 0.959560
0.331927 0.779359
0.333072 0.121451
0.336738 0.760069
0.336945 0.830923
0.336977 0.465522
0.337287 0.602219
0.337882 0.233830
0.339336 0.341798
0.339752 0.538362
0.340206 0.260874
0.340526 0.620849
0.340648 0.674370
0.343218 0.289509
0.343774 0.674259
0.344535 0.106489
0.347182 0.622164
0.347829 0.380543
0.348399 0.668162
0.349376 0.312803
0.351681 0.951851
0.352354 0.410513
0.352565 0.402902
0.353304 0.259125
0.355138 0.521936
0.357504 0.424031
0.358443 0.079963
0.358949 0.092345
0.359339 0.436335
0.359840 0.457361
0.360844 0.791626
0.361740 0.126941
0.363646 0.907859
0.363959 0.905213
0.365044 0.451686
0.365255 0.131910
0.366021 0.107985
0.367304 0.951568
0.369344 0.743566
0.370344 0.270371
0.370604 0.814143
0.372884 0.069169
0.374240 0.137341
0.375478 0.212804
0.375911 0.316665
0.376499 0.612777
0.376997 0.490641
0.377029 0.696759
0.377544 0.985071
0.379567 0.548182
0.381005 0.963047
0.385041 0.118827
0.385274 0.672368
0.386105 0.537081
0.386662 0.814600
0.387808 0.410297
0.388213 0.321758
0.389606 0.990953
0.391347 0.188952
0.392464 0.380084
0.394549 0.964087
0.397080 0.852819
0.397532 0.973935
0.397758 0.992405
0.404392 0.135765
0.405489 0.490298
0.412225 0.995851
0.413452 0.940005
0.414269 0.110400
0.421349 0.868323
0.426094 0.247108
0.427416 0.114958
0.427846 0.327636
0.429104 0.488457
0.430797 0.314043
0.431823 0.404908
0.432211 0.581448
0.432409 0.374963
0.432449 0.296503
0.439565 0.344484
0.440475 0.691830
0.440638 0.655129
0.441127 0.982873
0.441523 0.814539
0.441907 0.054186
0.443458 0.099131
0.448106 0.559287
0.448410 0.323022
0.449297 0.624856
0.450902 0.614264
0.455350 0.530948
0.455441 0.168365
0.458541 0.521510
0.458887 0.398534
0.459836 0.881919
0.460890 0.293158
0.461919 0.444654
0.462433 0.505066
0.464041 0.766927
0.467171 0.546667
0.469076 0.963495
0.469696 0.297669
0.473916 0.539712
0.475504 0.520375
0.476229 0.921059
0.478235 0.882108
0.482620 0.408706
0.483245 0.729395
0.485298 0.418422
0.487683 0.789192
0.489213 0.770921
0.489633 0.225176
0.493097 0.935484
0.496678 0.180010
0.497053 0.323061
0.498535 0.854417
0.500410 0.227819
0.504900 0.990510
0.505893 0.153369
0.506004 0.939841
0.506210 0.052878
0.506457 0.102548
0.509414 0.871742
0.511890 0.738153
0.515485 0.064473
0.516701 0.436304
0.519424 1.000000
0.526541 0.576461
0.527517 0.110171
0.529326 0.186893
0.529855 0.122395
0.530680 0.713567
0.532043 0.918746
0.532360 0.756491
0.535896 0.143725
0.536628 0.998103
0.539238 0.342313
0.541495 0.615879
0.541893 0.723234
0.547773 0.487062
0.549210 0.310413
0.549351 0.943750
0.551913 0.665498
0.554968 0.172416
0.555330 0.882904
0.558027 0.414952
0.564808 0.515947
0.565301 0.364600
0.566431 0.317983
0.569828 0.904278
0.575554 0.615937
0.578778 0.025365
0.588721 0.274412
0.588877 0.245189
0.590849 0.865537
0.592772 0.712959
0.598696 0.137308
0.600130 0.185944
0.608884 0.741323
0.614510 0.710583
0.616031 0.942544
0.617007 0.041008
0.621818 0.903127
0.627289 0.015716
0.627294 0.878262
0.629526 0.641295
0.631194 0.891355
0.632531 0.732385
0.644942 0.967914
0.662578 0.658623
0.672279 0.727374
0.676042 0.982117
0.681306 0.345716
0.682468 0.000000
0.684957 0.562206
0.688624 0.378517
0.689760 0.755912
0.700236 0.362019
0.710513 0.935421
0.740253 0.349442
0.768897 0.944326
0.775483 0.315094
0.775577 0.065194
0.777775 0.487220
0.786668 0.935074
0.788245 0.073096
0.790819 0.575064
0.794772 0.727804
0.813174 0.322301
0.823394 0.627702
0.838311 0.241437
0.860058 0.540686
0.868547 0.400431
0.917599 0.936567
0.988632 0.417334
1.000000 0.250027
