0.000000 0.413214
0.001115 0.399019
0.001333 0.376569
0.001366 0.467925
0.001433 0.520803
0.002539 0.432554
0.002710 0.486852
0.006208 0.453379
0.008778 0.558632
0.009620 0.436663
0.010362 0.546933
0.010880 0.386339
0.013417 0.455058
0.014734 0.469277
0.015588 0.523859
0.018184 0.432850
0.019532 0.411989
0.019826 0.427884
0.020764 0.476106
0.020960 0.448787
0.024059 0.550456
0.024139 0.432564
0.025130 0.452608
0.025324 0.421130
0.026146 0.497801
0.028029 0.437268
0.029092 0.482875
0.030460 0.477485
0.032228 0.480904
0.034019 0.519030
0.035223 0.401501
0.035971 0.544220
0.037549 0.507228
0.040935 0.496874
0.042770 0.443067
0.043230 0.554156
0.047128 0.433519
0.049463 0.454187
0.049476 0.418275
0.050580 0.455922
0.053513 0.431417
0.053848 0.423494
0.054390 0.477409
0.056353 0.473583
0.059541 0.508485
0.059698 0.377993
0.061106 0.456215
0.065093 0.426176
0.066265 0.379315
0.067109 0.555830
0.069249 0.468732
0.069676 0.502403
0.070053 0.436128
0.070099 0.478665
0.070492 0.419044
0.070751 0.539858
0.071151 0.521569
0.071777 0.394781
0.072173 0.521932
0.077474 0.482691
0.081214 0.416419
0.081787 0.553664
0.083197 0.422907
0.083325 0.415703
0.084538 0.440667
0.088384 0.436663
0.089963 0.522480
0.090216 0.413373
0.091659 0.536056
0.093380 0.475324
0.095847 0.407181
0.095876 0.467890
0.097872 0.529921
0.098087 0.424390
0.098108 0.450236
0.098564 0.495453
0.100302 0.536396
0.100480 0.539273
0.100588 0.534588
0.100783 0.390943
0.101470 0.563774
0.105539 0.431744
0.107101 0.597854
0.108131 0.586794
0.110255 0.589228
0.118232 0.483521
0.121642 0.504612
0.123090 0.547583
0.123341 0.548992
0.124527 0.454623
0.129288 0.452663
0.129516 0.505270
0.130563 0.452502
0.132031 0.451039
0.133046 0.460270
0.133103 0.489086
0.134640 0.448114
0.136631 0.491741
0.136854 0.574331
0.137156 0.495498
0.138949 0.550978
0.139964 0.525216
0.140064 0.591708
0.141968 0.562581
0.143047 0.481470
0.143401 0.379484
0.143451 0.449513
0.144267 0.484338
0.144313 0.470236
0.146742 0.601399
0.147585 0.517304
0.148037 0.467423
0.152605 0.396717
0.153263 0.496826
0.157281 0.495605
0.158760 0.589273
0.160947 0.446404
0.165898 0.422925
0.167629 0.493569
0.167742 0.503419
0.168052 0.517484
0.168777 0.426295
0.169904 0.424661
0.170198 0.499733
0.173051 0.454145
0.173282 0.609383
0.175092 0.549627
0.175875 0.599535
0.176218 0.484398
0.177568 0.509505
0.177651 0.426290
0.181192 0.492584
0.181373 0.530110
0.181438 0.565906
0.183171 0.446741
0.184117 0.544070
0.184833 0.394738
0.190265 0.544174
0.191098 0.618811
0.191401 0.421324
0.191591 0.563232
0.194290 0.586581
0.194741 0.529462
0.195057 0.438973
0.196692 0.459311
0.197213 0.534833
0.198375 0.469452
0.200693 0.424430
0.201510 0.566983
0.202544 0.568149
0.202664 0.552002
0.203841 0.392225
0.205052 0.524608
0.208421 0.448287
0.209820 0.530990
0.210121 0.603387
0.211862 0.509772
0.212240 0.516185
0.212676 0.548746
0.215875 0.530214
0.216621 0.554738
0.222390 0.497322
0.222793 0.475945
0.223744 0.590808
0.224106 0.521610
0.224843 0.483397
0.226455 0.439934
0.227211 0.387347
0.227718 0.497377
0.228254 0.549373
0.228598 0.565467
0.232060 0.448427
0.232076 0.599507
0.233311 0.596573
0.234266 0.384401
0.234405 0.492472
0.234918 0.451308
0.238014 0.416702
0.239278 0.544361
0.242070 0.468499
0.242573 0.489156
0.245050 0.504459
0.245217 0.559916
0.246605 0.486309
0.247102 0.436210
0.248082 0.422723
0.249743 0.506888
0.250746 0.593633
0.251255 0.589496
0.251506 0.516224
0.253557 0.605717
0.254898 0.458257
0.256206 0.455136
0.256564 0.489090
0.256571 0.493642
0.259295 0.417984
0.259302 0.479482
0.260818 0.473271
0.260873 0.418736
0.262471 0.517924
0.262700 0.551473
0.263840 0.478162
0.267639 0.589175
0.268037 0.596000
0.272251 0.501566
0.274179 0.394868
0.277057 0.545173
0.277180 0.412534
0.279663 0.515030
0.283357 0.518426
0.286425 0.488793
0.286533 0.611195
0.286751 0.512965
0.287117 0.417940
0.288082 0.638835
0.288170 0.504679
0.288693 0.481543
0.290377 0.370517
0.293143 0.432475
0.294473 0.643333
0.296774 0.496870
0.297767 0.434999
0.299824 0.604008
0.300060 0.531503
0.301044 0.531820
0.303362 0.368828
0.305217 0.550939
0.305724 0.582017
0.307638 0.509191
0.308780 0.405584
0.309316 0.561801
0.312165 0.497402
0.314692 0.534987
0.318709 0.478516
0.319224 0.616721
0.321105 0.542139
0.321988 0.448697
0.322438 0.397316
0.322732 0.507763
0.323290 0.510081
0.324647 0.430989
0.326292 0.497106
0.328070 0.586618
0.341347 0.645017
0.342040 0.466387
0.343951 0.546067
0.345197 0.432478
0.345726 0.600682
0.346267 0.451922
0.346280 0.476521
0.346312 0.452075
0.350587 0.583202
0.351715 0.408746
0.351735 0.406299
0.352862 0.437287
0.353655 0.575753
0.358435 0.518651
0.359193 0.479311
0.364380 0.497717
0.365309 0.444979
0.368427 0.520583
0.371504 0.541020
0.372837 0.632208
0.373292 0.488781
0.374426 0.560615
0.375358 0.450737
0.375378 0.586743
0.377645 0.454988
0.379774 0.548332
0.383093 0.515700
0.383556 0.533372
0.386009 0.456929
0.386558 0.513434
0.386711 0.520110
0.387381 0.529897
0.387978 0.365136
0.388295 0.695638
0.391029 0.510059
0.391343 0.455560
0.391724 0.553110
0.392618 0.646057
0.392620 0.496440
0.393145 0.546402
0.396489 0.638848
0.404709 0.676012
0.405384 0.679356
0.411151 0.608038
0.413595 0.413794
0.414562 0.605308
0.415645 0.567304
0.416494 0.560520
0.419555 0.537193
0.423506 0.486943
0.424758 0.546784
0.426686 0.581711
0.429060 0.544429
0.429828 0.496529
0.430216 0.620247
0.431044 0.538774
0.434188 0.606214
0.437673 0.703203
0.438620 0.644443
0.439986 0.508503
0.442420 0.506403
0.442470 0.477845
0.443456 0.667205
0.444264 0.510657
0.444665 0.504335
0.445499 0.541643
0.450000 0.521578
0.452676 0.470612
0.456171 0.425357
0.458224 0.594305
0.458701 0.608363
0.463115 0.515048
0.463135 0.563939
0.465238 0.591858
0.466572 0.454906
0.471855 0.659570
0.472596 0.527082
0.474829 0.590724
0.477296 0.543852
0.478222 0.456196
0.479412 0.491595
0.480590 0.584299
0.480791 0.476340
0.481213 0.464144
0.481351 0.534761
0.481442 0.596424
0.481936 0.543106
0.482459 0.402696
0.482638 0.678813
0.483538 0.549140
0.486599 0.463582
0.487221 0.641576
0.489631 0.623154
0.490885 0.550559
0.491050 0.505524
0.491339 0.563526
0.491401 0.448775
0.492528 0.419296
0.494713 0.441944
0.495111 0.573079
0.497987 0.703018
0.498141 0.486512
0.499768 0.389630
0.499990 0.572630
0.500495 0.533719
0.503734 0.507382
0.503882 0.582984
0.504814 0.514808
0.507636 0.545752
0.508415 0.538473
0.508978 0.731299
0.513002 0.525527
0.517809 0.470860
0.518353 0.476920
0.521826 0.675947
0.523276 0.536178
0.525956 0.572186
0.526293 0.351239
0.527040 0.632202
0.530149 0.606915
0.530733 0.578657
0.534798 0.595342
0.536479 0.635444
0.539640 0.532728
0.542713 0.477201
0.543886 0.505423
0.545102 0.515512
0.545697 0.383802
0.546758 0.592924
0.547386 0.558814
0.547751 0.366064
0.551163 0.529334
0.554194 0.455644
0.555450 0.553325
0.559191 0.696745
0.564432 0.487628
0.567643 0.583017
0.570075 0.430011
0.570489 0.441460
0.570890 0.393012
0.573537 0.514633
0.574169 0.519145
0.575159 0.551586
0.577894 0.661582
0.581226 0.625739
0.581234 0.577259
0.581308 0.730848
0.582045 0.523713
0.583487 0.508717
0.584696 0.527340
0.587984 0.352083
0.588147 0.557609
0.589817 0.528915
0.593764 0.599873
0.595063 0.367540
0.595391 0.435568
0.595787 0.690056
0.595806 0.586880
0.596473 0.636271
0.596502 0.579340
0.599004 0.579397
0.599982 0.511512
0.602091 0.770541
0.602111 0.430432
0.602721 0.442839
0.603324 0.496824
0.603592 0.486444
0.604505 0.653808
0.605673 0.499470
0.606316 0.521103
0.608705 0.482221
0.610801 0.491188
0.611319 0.655269
0.613727 0.643037
0.615959 0.399495
0.618190 0.588853
0.618808 0.452884
0.622609 0.521218
0.624822 0.502101
0.626702 0.557212
0.627121 0.589296
0.631697 0.601228
0.631906 0.485201
0.632506 0.437185
0.633263 0.603471
0.634430 0.616982
0.640734 0.547035
0.642169 0.368711
0.644459 0.454242
0.644513 0.414515
0.644805 0.676459
0.648546 0.514505
0.648566 0.478697
0.649893 0.597200
0.650000 0.622707
0.651455 0.402479
0.654681 0.577865
0.656021 0.381471
0.656250 0.554063
0.657605 0.574865
0.658918 0.542883
0.663210 0.796013
0.663483 0.485177
0.664735 0.787669
0.665958 0.421596
0.670154 0.459536
0.672133 0.374527
0.672576 0.319856
0.673286 0.584737
0.674979 0.675480
0.676488 0.358828
0.676663 0.519205
0.677027 0.440767
0.677953 0.680314
0.679209 0.561653
0.679322 0.550154
0.680854 0.461701
0.681362 0.595093
0.685163 0.721617
0.688489 0.598112
0.690124 0.637925
0.690489 0.401326
0.691554 0.736345
0.695928 0.627674
0.697497 0.669846
0.697790 0.383583
0.700051 0.635139
0.700108 0.479767
0.701177 0.383649
0.701508 0.421319
0.702605 0.720476
0.703526 0.698397
0.703931 0.376083
0.704121 0.427688
0.704629 0.569761
0.705773 0.613278
0.706092 0.322489
0.706136 0.481991
0.706550 0.569391
0.709309 0.460859
0.710178 0.552179
0.714022 0.686042
0.715359 0.714710
0.715521 0.481249
0.716187 0.367931
0.718022 0.597379
0.718039 0.618388
0.718139 0.564282
0.721624 0.809924
0.724218 0.581169
0.726622 0.532124
0.727952 0.536383
0.731392 0.654015
0.733866 0.368680
0.734502 0.649162
0.735899 0.520378
0.736118 0.476038
0.736912 0.418277
0.737461 0.662279
0.740001 0.488195
0.741484 0.463669
0.742572 0.470617
0.744482 0.571405
0.748283 0.554082
0.749086 0.725483
0.750792 0.371630
0.750802 0.419133
0.752335 0.555856
0.753494 0.575688
0.753756 0.726580
0.754734 0.294238
0.755048 0.622611
0.756480 0.525840
0.756720 0.497643
0.760669 0.454322
0.760743 0.472121
0.761542 0.648678
0.762567 0.536071
0.762912 0.516238
0.762969 0.731073
0.763620 0.774500
0.763963 0.391238
0.764314 0.461153
0.764540 0.782342
0.764831 0.503485
0.766416 0.642757
0.767930 0.729476
0.770081 0.815780
0.772585 0.510271
0.773073 0.600125
0.775541 0.553346
0.777174 0.375299
0.777299 0.447667
0.780153 0.540217
0.781900 0.741853
0.783090 0.404340
0.783556 0.433192
0.785891 0.387867
0.794530 0.248880
0.797409 0.347342
0.798512 0.597333
0.799459 0.633189
0.801871 0.584148
0.802854 0.466508
0.804710 0.612444
0.805383 0.484898
0.806145 0.496210
0.808595 0.418419
0.810630 0.428199
0.815452 0.429678
0.815951 0.707070
0.816894 0.414042
0.819737 0.421593
0.820900 0.557308
0.820931 0.386203
0.821963 0.693246
0.823908 0.683837
0.824830 0.618875
0.826338 0.504721
0.835808 0.780667
0.836714 0.314466
0.836988 0.593574
0.841448 0.463614
0.841835 0.365907
0.842241 0.442826
0.843594 0.653273
0.845471 0.499226
0.846245 0.990630
0.846609 0.791863
0.847241 0.807989
0.847673 0.849186
0.848064 0.507535
0.850844 0.610852
0.850951 0.416174
0.852996 0.776208
0.853551 0.720818
0.854028 0.697275
0.854713 0.712836
0.855047 0.452375
0.855587 0.508870
0.855864 0.648575
0.855871 0.541101
0.857186 0.809721
0.857412 0.507361
0.857539 0.425675
0.859053 0.640216
0.860813 0.444942
0.861621 0.725761
0.861771 0.443319
0.863365 0.632188
0.865381 0.744294
0.865985 0.465221
0.868538 0.640590
0.869377 0.400111
0.870868 0.400685
0.872657 0.700229
0.873119 0.567247
0.875205 0.750054
0.877474 0.478438
0.877637 0.482434
0.877807 0.361280
0.877916 0.456591
0.878152 0.609126
0.878692 0.709504
0.880030 0.655017
0.880032 0.632314
0.882808 0.520563
0.883377 0.403249
0.886466 0.593113
0.886949 0.816339
0.887012 0.590817
0.890287 0.628551
0.892607 0.463570
0.892932 0.750203
0.895372 1.000000
0.895611 0.462434
0.895647 0.549558
0.896651 0.333455
0.897281 0.586032
0.901060 0.560181
0.902157 0.434727
0.906243 0.669096
0.908881 0.692639
0.908933 0.251672
0.909099 0.382277
0.909357 0.583601
0.910182 0.536517
0.910535 0.699124
0.911311 0.807312
0.912049 0.691962
0.913554 0.449681
0.913824 0.049432
0.914321 0.500093
0.915495 0.647777
0.915696 0.362690
0.916068 0.000000
0.916137 0.523717
0.919932 0.635131
0.920791 0.397542
0.923120 0.549188
0.925979 0.871683
0.926619 0.470374
0.930729 0.335361
0.931370 0.418598
0.934867 0.661270
0.941431 0.656595
0.941890 0.178962
0.944135 0.919486
0.945335 0.618761
0.945871 0.714246
0.947203 0.746113
0.947909 0.609956
0.948802 0.765846
0.949075 0.668282
0.949355 0.687296
0.949674 0.537007
0.949951 0.501265
0.950489 0.784552
0.951818 0.699718
0.952216 0.568234
0.953171 0.481888
0.954136 0.378745
0.954299 0.791676
0.954559 0.511915
0.955343 0.879635
0.956142 0.583085
0.958115 0.434808
0.958212 0.284880
0.958733 0.334328
0.959473 0.754208
0.959530 0.679581
0.962637 0.295219
0.964781 0.923621
0.965111 0.692016
0.969581 0.542443
0.970649 0.624757
0.970811 0.713119
0.971399 0.489685
0.971451 0.241582
0.972228 0.381962
0.972278 0.629127
0.974888 0.031786
0.975046 0.783254
0.978122 0.598953
0.978531 0.411043
0.979130 0.776704
0.979534 0.836042
0.979590 0.682494
0.981071 0.843050
0.981746 0.646615
0.986790 0.375299
0.988425 0.620346
0.988490 0.277863
0.989869 0.604598
0.991148 0.682097
0.991901 0.422786
0.992812 0.470245
0.993168 0.443166
0.994222 0.205722
0.995206 0.683404
1.000000 0.350270
