0.000000 0.746853
0.000101 0.646401
0.002027 0.277658
0.007906 0.552475
0.016652 0.504916
0.022357 0.578990
0.022790 0.319571
0.023046 0.407319
0.024142 0.543223
0.034429 0.493570
0.036706 0.436042
0.037500 0.671493
0.044892 0.239640
0.045987 0.529285
0.046305 0.755435
0.050558 0.234643
0.051706 0.524972
0.058929 0.618151
0.066624 0.451821
0.067700 0.444940
0.069150 1.000000
0.076203 0.472540
0.076901 0.422347
0.077485 0.884281
0.080251 0.393285
0.085041 0.851495
0.087503 0.480253
0.089486 0.412358
0.091839 0.905419
0.092898 0.549010
0.093190 0.312590
0.095035 0.676908
0.098333 0.511326
0.099696 0.297438
0.102016 0.274541
0.102164 0.735092
0.102857 0.467772
0.102866 0.426958
0.103219 0.416034
0.103493 0.624749
0.105689 0.580966
0.107355 0.786880
0.109875 0.570118
0.112952 0.365972
0.115349 0.472900
0.116809 0.372235
0.117206 0.802804
0.118840 0.477266
0.121022 0.235644
0.121167 0.325846
0.121449 0.549291
0.122214 0.916596
0.122517 0.436012
0.128999 0.565279
0.129021 0.951168
0.131626 0.562902
0.132686 0.443023
0.134036 0.935659
0.138347 0.401781
0.139058 0.483224
0.140097 0.236891
0.140277 0.343144
0.142917 0.439340
0.144881 0.628496
0.144949 0.352111
0.146002 0.773497
0.146419 0.338480
0.147563 0.573064
0.147577 0.470935
0.152618 0.517402
0.152625 0.667258
0.155507 0.444695
0.155811 0.642987
0.156154 0.404590
0.158822 0.424782
0.160604 0.212284
0.160885 0.315629
0.162285 0.675241
0.163887 0.852841
0.164348 0.437894
0.164465 0.357881
0.165295 0.610735
0.166313 0.383684
0.166823 0.512470
0.168598 0.214987
0.170021 0.506076
0.171369 0.275354
0.174756 0.427628
0.175103 0.797786
0.175118 0.529429
0.176519 0.417413
0.176726 0.326049
0.178511 0.527217
0.179893 0.594170
0.180142 0.585719
0.180191 0.318438
0.180472 0.241319
0.180506 0.355230
0.181763 0.574030
0.182211 0.269800
0.184027 0.502459
0.185305 0.510059
0.187613 0.188564
0.187688 0.377262
0.188529 0.581864
0.189038 0.817581
0.190593 0.514567
0.190619 0.568823
0.190735 0.643538
0.191047 0.653320
0.192061 0.242913
0.192612 0.304882
0.193360 0.355882
0.195073 0.633006
0.197419 0.601536
0.198056 0.545372
0.198159 0.229873
0.198743 0.407678
0.199475 0.361493
0.201428 0.502087
0.201554 0.367208
0.202620 0.533717
0.203309 0.296916
0.204388 0.313268
0.206190 0.704881
0.206663 0.397753
0.210759 0.360181
0.212913 0.478115
0.215573 0.413369
0.216439 0.521685
0.216956 0.177917
0.217657 0.214131
0.217710 0.626451
0.218079 0.452794
0.221420 0.314625
0.221643 0.562211
0.222151 0.385991
0.223638 0.220126
0.225301 0.549491
0.225322 0.183452
0.226374 0.633799
0.226969 0.511950
0.227087 0.745877
0.227710 0.444956
0.228371 0.175780
0.229253 0.510509
0.230623 0.246324
0.232970 0.599208
0.233179 0.735724
0.234731 0.449653
0.235997 0.383540
0.239143 0.234728
0.239900 0.371106
0.240688 0.679950
0.244519 0.368810
0.245543 0.234539
0.245828 0.703791
0.247425 0.270553
0.247770 0.357030
0.248161 0.202223
0.248239 0.646941
0.248336 0.348903
0.248517 0.601475
0.249134 0.398986
0.249333 0.301218
0.249862 0.290744
0.250270 0.275186
0.252865 0.270617
0.253028 0.590369
0.253611 0.706035
0.256170 0.627697
0.256557 0.575363
0.257463 0.170707
0.263740 0.686551
0.266648 0.587528
0.266813 0.303458
0.266864 0.558779
0.267145 0.547290
0.267716 0.386277
0.268929 0.162910
0.269468 0.155400
0.271404 0.168850
0.272176 0.208962
0.272580 0.141041
0.273322 0.265360
0.273382 0.240874
0.274365 0.170349
0.277554 0.299271
0.277947 0.616637
0.278301 0.281812
0.278617 0.619070
0.278646 0.460064
0.279959 0.572130
0.283068 0.143610
0.283132 0.559899
0.283337 0.366940
0.283813 0.575795
0.284417 0.148266
0.286104 0.543488
0.288060 0.207764
0.288187 0.249231
0.288331 0.405016
0.291791 0.182965
0.294417 0.580853
0.295547 0.306771
0.307173 0.410267
0.307845 0.396710
0.308353 0.558794
0.308440 0.480381
0.308614 0.491083
0.310664 0.252545
0.311760 0.449980
0.312365 0.321419
0.313219 0.356321
0.314213 0.325461
0.314800 0.164698
0.316165 0.360377
0.317062 0.436269
0.317421 0.275278
0.319275 0.409344
0.319591 0.322806
0.320880 0.609062
0.324322 0.332563
0.326512 0.467239
0.327236 0.377233
0.327525 0.357547
0.329166 0.547658
0.331438 0.150595
0.332235 0.363333
0.332644 0.176903
0.333905 0.229637
0.334554 0.326419
0.337984 0.182764
0.341897 0.461802
0.343288 0.314194
0.343466 0.227622
0.343539 0.494772
0.344606 0.138261
0.344619 0.137706
0.346807 0.295174
0.347137 0.295951
0.347554 0.140601
0.348197 0.154637
0.348632 0.349225
0.349915 0.399036
0.350468 0.281252
0.354160 0.215798
0.354952 0.463470
0.355580 0.172994
0.356936 0.196452
0.357738 0.564618
0.358957 0.274397
0.361805 0.520478
0.361806 0.275553
0.362587 0.459104
0.363603 0.157374
0.364368 0.165200
0.366208 0.365091
0.367570 0.396115
0.368379 0.478749
0.368581 0.395694
0.369743 0.395440
0.370323 0.131709
0.370811 0.451485
0.372506 0.283518
0.375209 0.144316
0.376037 0.110557
0.385955 0.243071
0.386490 0.350629
0.386703 0.300286
0.388468 0.165915
0.392335 0.346673
0.393657 0.284671
0.395749 0.465720
0.397581 0.122422
0.398054 0.424604
0.399143 0.210333
0.399225 0.235214
0.399641 0.458824
0.402805 0.496434
0.402947 0.111160
0.404127 0.395715
0.405467 0.346016
0.405833 0.280215
0.406415 0.331707
0.408041 0.128960
0.410294 0.287125
0.410550 0.342649
0.410982 0.208625
0.411614 0.327518
0.412128 0.157103
0.413319 0.370432
0.415408 0.119016
0.416973 0.219311
0.417219 0.236327
0.421952 0.207681
0.422793 0.104281
0.429297 0.228559
0.431332 0.409472
0.431428 0.326075
0.435376 0.363625
0.438360 0.282442
0.444820 0.231284
0.449874 0.163591
0.451047 0.451878
0.451495 0.475329
0.452090 0.448323
0.452941 0.229940
0.456672 0.213251
0.457806 0.337506
0.462067 0.472118
0.464054 0.225354
0.464361 0.109973
0.465685 0.406680
0.468891 0.292916
0.476468 0.211894
0.479690 0.080965
0.480736 0.148473
0.483483 0.346955
0.483681 0.237336
0.487775 0.191830
0.487942 0.271427
0.490211 0.088537
0.493411 0.159841
0.496325 0.251723
0.498548 0.432721
0.500106 0.339730
0.506195 0.269945
0.509623 0.260117
0.510361 0.420988
0.515204 0.126339
0.517848 0.235059
0.520050 0.325176
0.524761 0.153157
0.526199 0.095246
0.533959 0.347630
0.535240 0.404420
0.539532 0.295967
0.542506 0.353317
0.542564 0.307599
0.544761 0.110034
0.545632 0.393272
0.546979 0.355855
0.548175 0.089505
0.549036 0.068566
0.553062 0.261311
0.555407 0.109397
0.557516 0.056353
0.558388 0.052337
0.558688 0.175003
0.559913 0.134071
0.560239 0.117113
0.563356 0.156878
0.563737 0.330380
0.565655 0.070360
0.576439 0.277162
0.580153 0.269768
0.581097 0.372369
0.589906 0.253341
0.589922 0.309874
0.593738 0.203039
0.599542 0.102374
0.601634 0.099649
0.603945 0.259168
0.605351 0.253153
0.609614 0.165201
0.613510 0.257529
0.613589 0.274722
0.615514 0.128146
0.621429 0.325703
0.624568 0.256321
0.642622 0.275113
0.650432 0.042907
0.653502 0.265086
0.653808 0.182635
0.665125 0.306805
0.666734 0.218173
0.668398 0.116328
0.668984 0.217244
0.670157 0.258567
0.677937 0.131864
0.682800 0.121006
0.691725 0.077470
0.693187 0.285457
0.694197 0.023098
0.695451 0.188605
0.704969 0.140776
0.705677 0.128193
0.706099 0.168080
0.728364 0.173624
0.738058 0.140303
0.740552 0.206222
0.741483 0.092573
0.768371 0.120471
0.769358 0.257281
0.774686 0.043076
0.789731 0.193281
0.840259 0.065543
0.972115 0.000000
1.000000 0.106465
