0.000000 0.457870
0.069832 0.002435
0.086329 0.406770
0.091435 0.347614
0.094794 0.538291
0.106105 0.238410
0.111818 0.167101
0.114734 0.000000
0.128044 0.203816
0.131632 0.285974
0.136830 0.340239
0.139467 0.296837
0.144205 0.206788
0.153421 0.569603
0.154656 0.083731
0.158335 0.164610
0.171528 0.280443
0.172129 0.220146
0.175967 0.385126
0.185341 0.337000
0.185751 0.318435
0.186845 0.752182
0.214196 0.167959
0.215789 0.632923
0.219852 0.306546
0.228539 0.305654
0.232375 0.183688
0.233362 0.740523
0.246255 0.193085
0.246683 0.313455
0.253934 0.723995
0.257572 0.316990
0.257660 0.371038
0.259459 0.456632
0.260505 0.294267
0.268597 0.287414
0.274542 0.506995
0.275625 0.409946
0.276019 0.317788
0.276257 0.615313
0.276989 0.453906
0.277745 0.384931
0.280200 0.494455
0.283558 0.204030
0.284059 0.347817
0.285306 0.110274
0.286120 0.428030
0.287667 0.374271
0.289362 0.632106
0.290935 0.184472
0.300230 0.413326
0.305741 0.428600
0.309910 0.188827
0.314320 0.684842
0.318657 0.533359
0.319722 0.584872
0.324376 0.429121
0.324627 0.467563
0.329356 0.525667
0.340857 0.638057
0.347031 0.446728
0.350202 0.631472
0.352172 0.581864
0.355662 0.726364
0.359888 0.410444
0.360050 0.544757
0.360401 0.401215
0.360506 0.714789
0.362496 0.593380
0.371887 0.421943
0.390042 0.558009
0.393806 0.466258
0.396229 0.630560
0.414468 0.531165
0.417823 0.333661
0.419812 0.442188
0.421088 0.390830
0.422297 0.415703
0.423466 0.500453
0.424325 0.346782
0.432257 0.523343
0.433076 0.663860
0.434630 0.759440
0.434892 0.148343
0.436313 0.634712
0.444327 0.607875
0.452334 0.432730
0.454386 0.387193
0.455103 0.397638
0.457855 0.557219
0.457855 0.603857
0.458247 0.392194
0.463471 0.503293
0.464883 0.773532
0.465200 0.686104
0.465773 0.324535
0.466317 0.551443
0.470350 0.372185
0.475827 0.504253
0.478837 0.593971
0.482167 0.517322
0.491925 0.475822
0.495396 0.750422
0.503514 0.578723
0.511373 0.514670
0.513039 0.854441
0.532832 0.500426
0.535189 0.644159
0.536809 0.314876
0.544084 0.637033
0.555032 0.564142
0.561349 0.559941
0.564533 0.710529
0.565607 0.631665
0.567152 0.841085
0.574570 0.774070
0.576229 0.503470
0.590850 0.908040
0.593154 0.904210
0.602926 0.432905
0.609106 0.631543
0.613470 0.637600
0.626828 0.539499
0.629050 0.758794
0.632967 0.732230
0.642610 0.449549
0.645827 0.860451
0.648682 0.994067
0.649411 0.505749
0.649813 0.807972
0.666454 0.638869
0.670255 0.613237
0.764294 1.000000
0.783913 0.988234
0.887259 0.665718
1.000000 0.569984
