0.000000 0.143853
0.003748 0.576081
0.004268 0.363497
0.011198 0.068348
0.012206 0.511317
0.012319 0.397627
0.012684 0.365840
0.013302 0.327752
0.015448 0.082310
0.016576 0.623466
0.019859 0.092267
0.020763 0.317549
0.021375 0.047716
0.021740 0.466163
0.025123 0.234002
0.026729 0.240308
0.028950 1.000000
0.032760 0.100786
0.035301 0.089349
0.037028 0.810742
0.039516 0.233875
0.040110 0.108800
0.040210 0.363726
0.042060 0.158281
0.046815 0.346104
0.047954 0.566300
0.048140 0.252279
0.048404 0.196430
0.048601 0.335542
0.048634 0.151250
0.050059 0.092052
0.050271 0.106761
0.052066 0.068853
0.054168 0.405862
0.055483 0.199055
0.056304 0.172637
0.056615 0.109873
0.056775 0.168420
0.056883 0.051501
0.056929 0.163859
0.058494 0.096641
0.058924 0.294090
0.059023 0.063393
0.061231 0.381056
0.061792 0.077028
0.062065 0.294476
0.062255 0.435021
0.063072 0.161837
0.063090 0.162956
0.063427 0.064368
0.064778 0.181602
0.065317 0.216910
0.065373 0.040560
0.065548 0.341654
0.066421 0.467798
0.067394 0.346767
0.068165 0.107632
0.068254 0.030016
0.068574 0.211925
0.068679 0.358760
0.068902 0.290675
0.069885 0.197433
0.070706 0.176958
0.070922 0.005166
0.073595 0.141213
0.074227 0.121374
0.074726 0.071626
0.078828 0.172487
0.079091 0.058507
0.079445 0.266994
0.079649 0.220190
0.079765 0.104749
0.079950 0.069478
0.080176 0.082882
0.081037 0.456577
0.081290 0.096092
0.082977 0.262681
0.082980 0.312035
0.083531 0.276461
0.084325 0.175044
0.084523 0.122406
0.085360 0.100113
0.085841 0.034316
0.086274 0.130209
0.086364 0.057828
0.087429 0.330499
0.087430 0.184868
0.088818 0.024229
0.089433 0.259475
0.090818 0.106784
0.091167 0.117781
0.091891 0.193628
0.092254 0.285437
0.092401 0.438744
0.092527 0.103093
0.092910 0.202006
0.094269 0.275104
0.094635 0.236661
0.096600 0.044785
0.097004 0.191239
0.097559 0.139864
0.097913 0.106525
0.098016 0.143380
0.099815 0.201051
0.100372 0.149291
0.101240 0.411534
0.101573 0.087281
0.101741 0.227420
0.102346 0.174640
0.103094 0.079824
0.103450 0.145598
0.103684 0.111467
0.105337 0.103084
0.106090 0.188384
0.106330 0.158344
0.106371 0.044215
0.106732 0.078900
0.106791 0.119113
0.108308 0.342295
0.108580 0.122758
0.108600 0.319059
0.108737 0.029802
0.109272 0.126951
0.109355 0.032229
0.110727 0.071353
0.111961 0.065146
0.112101 0.240162
0.113186 0.066521
0.113522 0.368414
0.114013 0.169185
0.114571 0.195247
0.114702 0.151624
0.117023 0.108553
0.117189 0.077193
0.117376 0.104126
0.117380 0.166405
0.117912 0.054417
0.118042 0.159697
0.119224 0.149999
0.119338 0.095515
0.119970 0.179453
0.121908 0.056232
0.121929 0.170466
0.122015 0.327590
0.122650 0.091687
0.123252 0.151140
0.123822 0.043747
0.124566 0.039765
0.124757 0.074667
0.124803 0.056710
0.126682 0.031075
0.128130 0.059136
0.128735 0.168372
0.129153 0.120997
0.129882 0.065207
0.130315 0.045726
0.131388 0.137620
0.131413 0.081024
0.131865 0.182389
0.132034 0.183186
0.132948 0.164873
0.133570 0.157747
0.135262 0.123549
0.135713 0.059940
0.138564 0.137014
0.138818 0.070480
0.139451 0.009792
0.140023 0.111288
0.140222 0.158968
0.140418 0.108318
0.141312 0.102349
0.142437 0.220708
0.142862 0.166271
0.142950 0.138501
0.143114 0.130021
0.144312 0.089105
0.144341 0.133052
0.144494 0.033647
0.144537 0.110082
0.144897 0.112775
0.144911 0.055930
0.145304 0.097126
0.145916 0.046568
0.146377 0.045489
0.146534 0.135911
0.147323 0.137621
0.148083 0.099608
0.148126 0.261443
0.148230 0.086563
0.148802 0.130420
0.149525 0.086123
0.152229 0.059325
0.153059 0.141103
0.153877 0.061923
0.153981 0.076598
0.154142 0.034432
0.154314 0.217598
0.154335 0.066961
0.156464 0.059644
0.157173 0.106926
0.160091 0.100347
0.160371 0.109498
0.160657 0.031331
0.161049 0.166129
0.161071 0.086742
0.162834 0.084260
0.162933 0.158068
0.163656 0.040478
0.164245 0.161922
0.164653 0.078781
0.164921 0.032417
0.165424 0.032367
0.165560 0.073788
0.166325 0.090663
0.166375 0.182846
0.166696 0.013807
0.167141 0.046039
0.167221 0.069401
0.167295 0.079931
0.168752 0.139293
0.169462 0.083403
0.169708 0.157267
0.170434 0.054980
0.170615 0.042566
0.170633 0.004296
0.170672 0.012549
0.171338 0.114075
0.171784 0.046140
0.171821 0.106245
0.171892 0.036714
0.171897 0.032010
0.172230 0.053891
0.172522 0.084552
0.172761 0.038304
0.172923 0.125616
0.173123 0.046451
0.173289 0.100214
0.174071 0.067679
0.174153 0.061278
0.174465 0.059221
0.174693 0.031584
0.175542 0.055957
0.176009 0.057109
0.176117 0.178092
0.176937 0.077758
0.177459 0.042250
0.177588 0.115519
0.178193 0.186945
0.178403 0.181957
0.178633 0.099520
0.178723 0.102155
0.178848 0.100838
0.180646 0.114765
0.180876 0.026414
0.181021 0.079715
0.181047 0.080264
0.181094 0.126819
0.181866 0.155614
0.182039 0.062089
0.183081 0.029238
0.183309 0.170538
0.183335 0.074581
0.183352 0.192341
0.183524 0.110373
0.183557 0.124487
0.183912 0.108431
0.183939 0.096160
0.185921 0.117105
0.186553 0.058441
0.187944 0.135086
0.187958 0.068068
0.188347 0.143816
0.188582 0.047557
0.189545 0.022198
0.189805 0.060086
0.189947 0.151589
0.190222 0.110139
0.190330 0.108703
0.190416 0.041341
0.190455 0.081908
0.190905 0.084697
0.191120 0.072247
0.192129 0.099963
0.192853 0.092680
0.192963 0.120154
0.193046 0.085808
0.193332 0.068554
0.193508 0.030507
0.193624 0.027801
0.193720 0.088043
0.193860 0.034146
0.194678 0.103215
0.195202 0.164905
0.195211 0.106081
0.195474 0.009822
0.196259 0.155790
0.196387 0.077999
0.197023 0.049608
0.197326 0.056417
0.197353 0.094161
0.197905 0.060674
0.198276 0.030667
0.198986 0.072937
0.199793 0.036833
0.199911 0.021122
0.200160 0.058217
0.200718 0.027895
0.201803 0.120982
0.203219 0.061048
0.203302 0.162126
0.203432 0.052425
0.204320 0.026130
0.204336 0.071183
0.205136 0.096209
0.206080 0.082027
0.206224 0.074522
0.206802 0.042785
0.207975 0.045127
0.208394 0.101938
0.208598 0.033656
0.209591 0.051841
0.210600 0.093449
0.211278 0.102167
0.211927 0.084121
0.212942 0.084014
0.213131 0.037089
0.213431 0.099065
0.213658 0.060695
0.214121 0.030981
0.214162 0.077211
0.214564 0.080757
0.214664 0.051938
0.215180 0.054305
0.215953 0.047684
0.216000 0.021287
0.216495 0.042898
0.217917 0.093345
0.218053 0.064220
0.219183 0.087000
0.219206 0.070773
0.219298 0.128962
0.219390 0.059955
0.219812 0.082729
0.222025 0.078713
0.222285 0.057310
0.222391 0.065629
0.222575 0.071199
0.222873 0.082162
0.223578 0.026300
0.225082 0.049730
0.225141 0.052426
0.226703 0.089475
0.227421 0.057434
0.227676 0.018074
0.228082 0.046822
0.228576 0.067604
0.228843 0.070177
0.229809 0.065612
0.230110 0.021942
0.230367 0.028214
0.230758 0.062030
0.231004 0.128552
0.231133 0.028535
0.231150 0.060306
0.231702 0.032664
0.232212 0.041984
0.232345 0.020762
0.233519 0.070152
0.235114 0.088854
0.235711 0.059507
0.236191 0.083342
0.236986 0.032003
0.236998 0.036667
0.237171 0.047861
0.237450 0.028821
0.238056 0.076830
0.238381 0.069952
0.238478 0.013439
0.238892 0.058611
0.239233 0.016092
0.239326 0.032796
0.239371 0.096038
0.240707 0.027857
0.241235 0.013336
0.241458 0.088481
0.241605 0.023703
0.242411 0.097514
0.242943 0.026626
0.243182 0.063008
0.243377 0.073715
0.243573 0.058218
0.244037 0.064928
0.244371 0.055847
0.244633 0.049736
0.245429 0.045299
0.246296 0.014285
0.246833 0.060219
0.247707 0.049739
0.247923 0.071808
0.248222 0.036975
0.248303 0.053579
0.248562 0.035774
0.249483 0.045392
0.249859 0.047830
0.250360 0.073415
0.250617 0.038768
0.252027 0.041030
0.252187 0.074497
0.252294 0.033910
0.252372 0.033224
0.253156 0.017871
0.253491 0.070935
0.255250 0.043784
0.255313 0.073045
0.256329 0.074807
0.256454 0.049315
0.256488 0.049922
0.256601 0.072871
0.256617 0.026357
0.257206 0.050062
0.258279 0.045900
0.258297 0.035685
0.258460 0.069090
0.258492 0.033673
0.258506 0.047005
0.258511 0.076602
0.258715 0.018180
0.258779 0.023127
0.260519 0.031550
0.260764 0.061292
0.261338 0.034526
0.261435 0.084917
0.261512 0.037962
0.261769 0.081272
0.262860 0.032522
0.263259 0.028175
0.263538 0.019162
0.263590 0.044229
0.263765 0.040604
0.264098 0.028400
0.264239 0.031762
0.264775 0.025367
0.265688 0.018899
0.265719 0.071087
0.266094 0.051792
0.266110 0.057855
0.266122 0.026090
0.266610 0.056880
0.267173 0.048711
0.267349 0.031865
0.267629 0.068041
0.267672 0.078016
0.268462 0.051145
0.268478 0.092893
0.268649 0.029846
0.268782 0.026897
0.269051 0.029147
0.270599 0.045713
0.270606 0.054835
0.271138 0.021129
0.271373 0.054164
0.272393 0.052348
0.273541 0.065299
0.273714 0.057803
0.273782 0.039864
0.274071 0.064798
0.274136 0.044029
0.274680 0.052366
0.274957 0.059083
0.275234 0.082603
0.275437 0.050887
0.275484 0.049127
0.275501 0.053410
0.275592 0.028691
0.276879 0.021835
0.277351 0.051050
0.277636 0.052193
0.278500 0.072751
0.278542 0.057211
0.278710 0.061166
0.278721 0.044767
0.279574 0.044357
0.280075 0.038683
0.280255 0.018015
0.280536 0.029229
0.280661 0.011170
0.280787 0.043346
0.281148 0.080730
0.281267 0.027962
0.281434 0.041019
0.282406 0.030134
0.282761 0.028899
0.283251 0.041850
0.283253 0.029459
0.283585 0.042623
0.284042 0.036814
0.284402 0.040760
0.285242 0.034004
0.285410 0.047755
0.286267 0.008758
0.286416 0.062157
0.286430 0.035969
0.287342 0.025495
0.287424 0.028499
0.287551 0.006335
0.287629 0.034684
0.287824 0.043297
0.288151 0.052765
0.288818 0.033973
0.288892 0.039418
0.289081 0.015306
0.289143 0.053258
0.289224 0.044752
0.289592 0.031163
0.289783 0.031547
0.290024 0.033683
0.290070 0.049035
0.290597 0.021726
0.290662 0.034418
0.290786 0.035210
0.291286 0.019621
0.292119 0.016692
0.293248 0.016608
0.293603 0.023742
0.294323 0.039445
0.294477 0.040936
0.295302 0.044745
0.295351 0.051877
0.296331 0.055203
0.296599 0.033718
0.296812 0.073129
0.296897 0.021043
0.297130 0.033016
0.297569 0.041811
0.297803 0.068250
0.297847 0.050281
0.298465 0.065794
0.298506 0.060489
0.298846 0.044550
0.299955 0.009727
0.300085 0.040274
0.300396 0.021577
0.300403 0.034486
0.300839 0.027743
0.301332 0.019590
0.301453 0.028537
0.302159 0.033055
0.303394 0.032665
0.303653 0.071438
0.304306 0.042968
0.305021 0.048387
0.305285 0.025202
0.306641 0.031988
0.307316 0.030942
0.307373 0.063539
0.307843 0.051154
0.307938 0.022763
0.308696 0.031796
0.309072 0.055254
0.309741 0.019876
0.309829 0.016825
0.309933 0.028950
0.310661 0.025953
0.310742 0.031459
0.311094 0.060980
0.311512 0.016478
0.312454 0.046313
0.312731 0.023046
0.313690 0.032659
0.313712 0.047310
0.313731 0.023465
0.314167 0.047514
0.314512 0.069135
0.314539 0.037107
0.314564 0.024902
0.315679 0.030184
0.316803 0.034044
0.317305 0.024653
0.319654 0.052329
0.320393 0.035905
0.320418 0.016064
0.320541 0.014335
0.321128 0.012495
0.321245 0.027156
0.321369 0.036632
0.321569 0.018196
0.321808 0.050428
0.321916 0.049483
0.322567 0.066596
0.322610 0.030320
0.323625 0.036420
0.324594 0.039595
0.324595 0.030803
0.324913 0.033789
0.325811 0.019422
0.326585 0.017332
0.328719 0.021738
0.329416 0.020859
0.329890 0.042945
0.330121 0.049481
0.330602 0.030366
0.331365 0.036635
0.331394 0.038998
0.331497 0.056201
0.331593 0.049208
0.332461 0.029199
0.332797 0.024091
0.333246 0.041333
0.333627 0.025800
0.333751 0.034308
0.334046 0.030417
0.334611 0.042398
0.334715 0.018178
0.335385 0.029627
0.336360 0.014863
0.337166 0.049941
0.337233 0.021664
0.337320 0.027733
0.337978 0.044022
0.338374 0.055838
0.339134 0.016963
0.339335 0.025443
0.340282 0.013535
0.341076 0.017723
0.341128 0.024072
0.341466 0.057296
0.345787 0.021784
0.345803 0.037637
0.346053 0.030974
0.346088 0.030702
0.346807 0.025229
0.347398 0.020531
0.348066 0.048059
0.348345 0.036121
0.348435 0.020140
0.348460 0.018528
0.348477 0.041129
0.348961 0.025053
0.349160 0.021793
0.349265 0.043622
0.349478 0.034850
0.349554 0.024439
0.351634 0.035643
0.351894 0.019845
0.351923 0.027108
0.352361 0.023169
0.352385 0.015148
0.353300 0.025571
0.353365 0.009440
0.354280 0.027070
0.354609 0.030625
0.354638 0.036749
0.355113 0.040382
0.355417 0.018082
0.355675 0.015256
0.356091 0.013031
0.358269 0.036909
0.358766 0.038150
0.359045 0.026999
0.359098 0.011468
0.359231 0.025521
0.360402 0.031258
0.360736 0.018792
0.360755 0.004733
0.360814 0.034252
0.361023 0.045497
0.361424 0.026824
0.361836 0.005119
0.363100 0.022231
0.366286 0.021411
0.366698 0.010677
0.367011 0.020429
0.367283 0.015654
0.367726 0.024904
0.367879 0.015069
0.368932 0.011433
0.370215 0.024953
0.370562 0.022538
0.370662 0.026676
0.371128 0.026164
0.371347 0.009278
0.371674 0.020525
0.372696 0.016042
0.374089 0.015268
0.376012 0.019536
0.376187 0.006937
0.377239 0.009672
0.378091 0.009834
0.378469 0.019710
0.379429 0.013742
0.379855 0.032361
0.380021 0.026623
0.380187 0.022981
0.380506 0.005859
0.380534 0.040833
0.380834 0.019127
0.380901 0.012860
0.380982 0.009605
0.381300 0.019663
0.382404 0.019929
0.382833 0.030101
0.382925 0.006878
0.383227 0.028082
0.383842 0.014517
0.384298 0.019577
0.384836 0.029300
0.384939 0.024110
0.385284 0.020268
0.385298 0.022955
0.386794 0.017423
0.387022 0.037534
0.387245 0.018217
0.387357 0.014765
0.387414 0.012642
0.388385 0.023895
0.388833 0.022531
0.389208 0.009557
0.389358 0.022893
0.390329 0.027993
0.390589 0.032253
0.390876 0.026820
0.392092 0.013277
0.392472 0.017742
0.393729 0.007671
0.393936 0.034308
0.394491 0.016658
0.395145 0.035225
0.395871 0.017525
0.395938 0.026283
0.396862 0.020039
0.397327 0.031483
0.397379 0.023912
0.398116 0.033331
0.398501 0.024738
0.398630 0.024835
0.398647 0.012324
0.398770 0.023138
0.398817 0.016526
0.398920 0.036699
0.399211 0.022259
0.399310 0.013604
0.400932 0.011399
0.400997 0.031527
0.401666 0.010960
0.401961 0.003831
0.401982 0.014041
0.402646 0.017367
0.403374 0.015960
0.404148 0.008233
0.405877 0.033374
0.405908 0.014212
0.406043 0.024009
0.406058 0.011108
0.407086 0.018465
0.407503 0.020308
0.408851 0.029167
0.409090 0.025856
0.409439 0.027573
0.409925 0.013904
0.410572 0.025457
0.411562 0.026316
0.411877 0.014894
0.413157 0.028968
0.413722 0.028549
0.413949 0.028064
0.414329 0.022151
0.415846 0.009148
0.415910 0.024731
0.416398 0.011545
0.417015 0.023730
0.417365 0.028636
0.419525 0.026149
0.420055 0.019346
0.420137 0.021652
0.420236 0.025363
0.420729 0.011174
0.420856 0.024258
0.421012 0.013049
0.421264 0.021673
0.421829 0.022854
0.421982 0.027564
0.423165 0.022194
0.424232 0.016461
0.424260 0.015725
0.424671 0.017486
0.426547 0.019053
0.426911 0.028550
0.430498 0.029836
0.430656 0.026187
0.431136 0.019693
0.431229 0.020076
0.431568 0.010389
0.431609 0.022056
0.431787 0.015825
0.433294 0.010008
0.433690 0.022635
0.433801 0.014846
0.434448 0.012760
0.435445 0.023061
0.436919 0.026171
0.437550 0.017108
0.437631 0.016525
0.438284 0.023010
0.438412 0.015490
0.439273 0.015041
0.439276 0.023317
0.439304 0.021158
0.439685 0.009665
0.439949 0.019526
0.440908 0.021140
0.441044 0.009216
0.441280 0.014542
0.441291 0.008310
0.441999 0.014083
0.442014 0.007544
0.442181 0.019943
0.442203 0.006968
0.442387 0.014445
0.442413 0.019685
0.442824 0.010227
0.443350 0.009471
0.443634 0.003114
0.443686 0.021587
0.443764 0.020724
0.443844 0.014071
0.444219 0.008106
0.444404 0.028372
0.444582 0.019124
0.445212 0.020796
0.448461 0.008098
0.448918 0.024146
0.449218 0.023234
0.449315 0.010380
0.449562 0.006636
0.451009 0.011598
0.451557 0.015921
0.451607 0.012247
0.451982 0.020870
0.453154 0.021487
0.454074 0.013034
0.454514 0.009954
0.454733 0.018188
0.454778 0.015206
0.454935 0.014849
0.455153 0.023202
0.455666 0.009378
0.458235 0.012575
0.458561 0.016356
0.458911 0.023219
0.459652 0.017423
0.459718 0.024903
0.459925 0.019389
0.460796 0.008820
0.462904 0.015217
0.463652 0.018854
0.465014 0.016969
0.466412 0.012048
0.468234 0.010586
0.468476 0.021355
0.470034 0.017670
0.471733 0.012403
0.472314 0.010640
0.473478 0.013164
0.478787 0.021091
0.479384 0.023367
0.479741 0.004910
0.480255 0.010494
0.480617 0.019125
0.482189 0.014526
0.483363 0.018259
0.484454 0.014711
0.486065 0.008289
0.487819 0.016061
0.488397 0.015452
0.489293 0.010059
0.489901 0.008681
0.491207 0.010256
0.491284 0.021285
0.491558 0.012750
0.492102 0.012177
0.492207 0.019679
0.492221 0.010681
0.492926 0.012011
0.494717 0.003722
0.494913 0.016476
0.495622 0.005301
0.496013 0.014595
0.496832 0.005624
0.497661 0.013506
0.499979 0.013809
0.500029 0.012332
0.502105 0.016459
0.502726 0.013800
0.503777 0.018489
0.504117 0.015329
0.504201 0.018870
0.504525 0.015901
0.505667 0.005573
0.506000 0.016223
0.507144 0.014648
0.508092 0.014789
0.508512 0.012110
0.509638 0.010884
0.510321 0.009989
0.510769 0.009804
0.511851 0.008233
0.512526 0.010349
0.512612 0.014046
0.512988 0.010172
0.514448 0.016100
0.514588 0.008746
0.514608 0.009198
0.515507 0.013063
0.516350 0.005852
0.516703 0.011560
0.517290 0.013414
0.521053 0.006600
0.522441 0.011142
0.524859 0.009633
0.526033 0.007755
0.527252 0.010670
0.527454 0.011812
0.527481 0.010914
0.527651 0.008043
0.528195 0.007109
0.529918 0.013996
0.531775 0.011067
0.532793 0.011101
0.533381 0.005727
0.533385 0.012839
0.533421 0.006545
0.533557 0.012595
0.533998 0.006722
0.534562 0.007203
0.534569 0.005466
0.535691 0.005301
0.535711 0.003858
0.541785 0.015569
0.542145 0.008328
0.543327 0.005358
0.545145 0.014333
0.548330 0.012449
0.548942 0.005563
0.550821 0.005043
0.552127 0.009521
0.555555 0.006216
0.556890 0.009270
0.559397 0.010198
0.560953 0.009043
0.561326 0.008984
0.564502 0.006325
0.565013 0.008235
0.567033 0.007372
0.568456 0.005516
0.569011 0.012256
0.571872 0.007790
0.573525 0.007172
0.575303 0.008052
0.576417 0.006938
0.577079 0.006565
0.577124 0.007777
0.578774 0.004063
0.578921 0.005496
0.582114 0.008596
0.583847 0.010040
0.586335 0.011734
0.587337 0.005551
0.588906 0.008433
0.589023 0.010703
0.589585 0.008569
0.590965 0.004988
0.593060 0.006252
0.595530 0.005664
0.595849 0.006136
0.596099 0.008161
0.597677 0.005647
0.597919 0.007290
0.598325 0.004271
0.599679 0.007431
0.600569 0.007365
0.603841 0.007543
0.605079 0.007959
0.605148 0.006833
0.606576 0.005416
0.606896 0.009789
0.613961 0.004871
0.615064 0.006621
0.618431 0.005615
0.619641 0.005267
0.623994 0.007152
0.624703 0.003417
0.628015 0.004515
0.641178 0.005990
0.643369 0.007750
0.643380 0.006779
0.647295 0.002845
0.648776 0.006883
0.649928 0.001894
0.650502 0.004894
0.658015 0.005785
0.658979 0.005500
0.659947 0.003891
0.660082 0.005180
0.667415 0.005888
0.669827 0.003726
0.680654 0.002444
0.682376 0.003170
0.689061 0.004817
0.693514 0.003119
0.697989 0.004327
0.699149 0.002792
0.703348 0.002599
0.706427 0.004466
0.709343 0.004274
0.709480 0.002872
0.712957 0.003576
0.715723 0.004368
0.718453 0.001487
0.721728 0.003884
0.723065 0.003704
0.727678 0.003887
0.728256 0.002895
0.735731 0.002746
0.735822 0.002070
0.748769 0.001627
0.750642 0.003393
0.756015 0.003804
0.764681 0.002625
0.766456 0.002596
0.787485 0.001566
0.805994 0.001824
0.815809 0.000862
0.836096 0.001914
0.838065 0.001162
0.841338 0.001823
0.854724 0.000684
0.899249 0.000953
0.939091 0.000333
0.999766 0.000020
1.000000 0.000000
