0.000000 0.070636
0.002848 0.287726
0.018834 0.100356
0.020012 0.099986
0.032050 0.116223
0.044796 0.303988
0.051949 0.278239
0.054688 0.063611
0.061884 0.140887
0.074081 0.175413
0.089117 0.105749
0.089355 0.337884
0.091044 0.285308
0.092382 0.017316
0.097675 0.366575
0.100037 0.089732
0.101727 0.306487
0.103173 0.349454
0.113112 0.186134
0.114735 0.236565
0.117892 0.445995
0.120498 0.112716
0.124683 0.385361
0.137218 0.364605
0.137426 0.287696
0.140539 0.243461
0.142155 0.327039
0.145707 0.189685
0.146335 0.000000
0.159075 0.121507
0.161943 0.215809
0.163315 0.160168
0.165131 0.056580
0.166376 0.208255
0.169288 0.268047
0.180807 0.398605
0.185405 0.375002
0.187837 0.381192
0.188467 0.332918
0.189418 0.280703
0.197423 0.297738
0.205419 0.476346
0.209853 0.040230
0.210528 0.380584
0.211768 0.508274
0.215193 0.287140
0.217825 0.384148
0.220493 0.364612
0.224091 0.236571
0.224216 0.206733
0.229581 0.340440
0.245051 0.244163
0.252652 0.416319
0.260947 0.476377
0.263449 0.115735
0.268100 0.308580
0.269527 0.522298
0.287904 0.267201
0.291294 0.522122
0.298422 0.541741
0.299761 0.289441
0.312647 0.189003
0.318392 0.262428
0.319330 0.260756
0.321701 0.490611
0.326897 0.302660
0.331827 0.443106
0.332241 0.538145
0.332465 0.412535
0.335250 0.271336
0.346384 0.330962
0.347760 0.553900
0.348316 0.380948
0.351830 0.283753
0.355623 0.246948
0.357552 0.387726
0.368156 0.310051
0.373043 0.562950
0.378684 0.353705
0.379285 0.325808
0.393972 0.440402
0.395146 0.617790
0.403798 0.311717
0.410681 0.599507
0.412616 0.572801
0.417102 0.523009
0.422578 0.311300
0.431220 0.571406
0.434811 0.316449
0.434857 0.450864
0.436922 0.529358
0.438597 0.520634
0.451885 0.389736
0.459256 0.409542
0.478180 0.449090
0.479304 0.254200
0.479712 0.559502
0.507371 0.502312
0.518276 0.647350
0.531857 0.671234
0.579783 0.528402
0.580726 0.764360
0.585089 0.477359
0.614069 0.506972
0.623822 0.496095
0.648400 0.833949
0.660921 0.769503
0.691554 0.649489
0.696661 0.682024
0.764350 0.740638
0.841998 0.933476
0.900351 0.867318
1.000000 1.000000
