0.000000 0.709930
0.010886 0.502370
0.017973 0.094597
0.023482 1.000000
0.029555 0.192406
0.037045 0.153865
0.043224 0.050095
0.051015 0.184445
0.054868 0.416207
0.055883 0.566906
0.059735 0.265464
0.060309 0.251443
0.061855 0.240933
0.062573 0.174867
0.063695 0.642021
0.068359 0.526001
0.074295 0.624415
0.080071 0.259699
0.082868 0.301924
0.085829 0.244699
0.090144 0.346452
0.092353 0.324031
0.099683 0.175662
0.103151 0.241342
0.107176 0.573512
0.107529 0.432563
0.108005 0.109245
0.108473 0.090219
0.109882 0.131488
0.113434 0.482021
0.113444 0.384534
0.115643 0.080776
0.117925 0.194202
0.118176 0.417687
0.118938 0.129506
0.122907 0.204762
0.123954 0.331244
0.127779 0.589635
0.129424 0.051426
0.132639 0.164730
0.133037 0.321872
0.133968 0.388262
0.134662 0.516386
0.139713 0.401688
0.139878 0.261969
0.143440 0.120025
0.145060 0.208530
0.145517 0.164828
0.146645 0.264335
0.147168 0.383198
0.148502 0.043393
0.153427 0.139091
0.156284 0.213397
0.158956 0.530207
0.159454 0.152196
0.161731 0.191863
0.162375 0.235288
0.162476 0.252123
0.162693 0.428996
0.164619 0.188538
0.167102 0.156985
0.167278 0.196266
0.167605 0.188435
0.168493 0.120086
0.170640 0.289433
0.171942 0.161381
0.173850 0.153380
0.175610 0.109062
0.175911 0.113822
0.176017 0.045048
0.177935 0.293988
0.178471 0.300248
0.178981 0.403425
0.180068 0.165561
0.180329 0.284139
0.181757 0.216047
0.182108 0.098089
0.183371 0.316058
0.185433 0.419379
0.185757 0.344264
0.186256 0.239400
0.186839 0.056312
0.187556 0.200293
0.187669 0.165087
0.188106 0.165547
0.190169 0.247191
0.191006 0.248724
0.191524 0.143950
0.195565 0.293449
0.196889 0.213333
0.198268 0.186384
0.198980 0.164140
0.199321 0.324862
0.199978 0.218601
0.202931 0.185971
0.210227 0.217024
0.213512 0.083362
0.214061 0.236179
0.217421 0.140809
0.218516 0.255516
0.223018 0.117760
0.225038 0.277239
0.225267 0.312819
0.226726 0.231400
0.227810 0.156291
0.232708 0.130897
0.236122 0.196208
0.236534 0.040631
0.237249 0.259253
0.239067 0.156349
0.239252 0.176139
0.239694 0.125406
0.240204 0.171726
0.241516 0.046107
0.243542 0.089924
0.244267 0.361039
0.245552 0.296870
0.247670 0.108811
0.248011 0.110863
0.252033 0.339833
0.252280 0.035642
0.252583 0.199667
0.254731 0.211230
0.256784 0.202864
0.257018 0.202017
0.258342 0.225149
0.259513 0.174591
0.259698 0.228724
0.260117 0.145068
0.261660 0.167844
0.261905 0.244681
0.262067 0.288280
0.262559 0.095841
0.264805 0.239895
0.268391 0.290562
0.268813 0.148124
0.268889 0.187045
0.270042 0.213256
0.271508 0.239342
0.272153 0.087935
0.272273 0.126596
0.273209 0.226493
0.273268 0.228104
0.273443 0.119881
0.273950 0.041795
0.276430 0.216878
0.276582 0.261384
0.276595 0.252030
0.277505 0.162850
0.277958 0.117668
0.279340 0.126601
0.279986 0.066754
0.281105 0.193194
0.286972 0.070281
0.287274 0.071203
0.287390 0.237658
0.288955 0.132900
0.289519 0.190440
0.289902 0.199481
0.292966 0.262991
0.293405 0.170025
0.293689 0.230798
0.293792 0.125802
0.297487 0.164079
0.297557 0.134776
0.298574 0.056361
0.299188 0.210101
0.299448 0.169230
0.299554 0.174113
0.302698 0.164726
0.304116 0.173339
0.304767 0.155589
0.305225 0.092944
0.307206 0.218485
0.309432 0.148583
0.311525 0.103818
0.312436 0.043684
0.312794 0.189997
0.313925 0.052084
0.314021 0.139417
0.314096 0.066149
0.317338 0.194251
0.318941 0.187649
0.320044 0.232488
0.325374 0.082291
0.326537 0.079555
0.327633 0.287878
0.331627 0.152195
0.336008 0.237518
0.336447 0.089355
0.338482 0.136006
0.341712 0.226339
0.342216 0.126017
0.343961 0.106823
0.344911 0.184677
0.345682 0.104387
0.347527 0.034240
0.349535 0.147880
0.350465 0.068936
0.351055 0.202638
0.353012 0.137148
0.353087 0.179037
0.356118 0.078730
0.357451 0.076891
0.358339 0.133036
0.358735 0.147562
0.360100 0.126763
0.361004 0.168476
0.361163 0.162953
0.363539 0.053829
0.368431 0.215012
0.368516 0.145083
0.369014 0.074430
0.374968 0.132492
0.375193 0.146784
0.375733 0.095273
0.376777 0.053861
0.378027 0.070049
0.379730 0.096508
0.381521 0.047357
0.382833 0.150918
0.385507 0.169852
0.388001 0.142912
0.388179 0.210935
0.388703 0.043459
0.389894 0.129716
0.391913 0.112117
0.393783 0.076894
0.398089 0.146497
0.400791 0.116720
0.407506 0.154377
0.407910 0.100509
0.409246 0.132707
0.409850 0.075199
0.412248 0.153834
0.412519 0.162132
0.412721 0.184102
0.414501 0.145229
0.419205 0.161093
0.420479 0.160904
0.422494 0.070361
0.424298 0.183010
0.424737 0.143191
0.427824 0.039632
0.428442 0.065059
0.429554 0.061798
0.436374 0.081439
0.439559 0.048429
0.443860 0.023401
0.446277 0.132704
0.449091 0.071982
0.451665 0.031702
0.453166 0.061409
0.455110 0.101229
0.456686 0.025515
0.458200 0.103584
0.458341 0.037994
0.463022 0.106811
0.465123 0.104229
0.470273 0.114350
0.478950 0.117817
0.479104 0.080366
0.483001 0.068700
0.487123 0.053064
0.487183 0.037717
0.489525 0.084567
0.489924 0.067172
0.495220 0.105818
0.496140 0.078725
0.496769 0.062313
0.500927 0.067791
0.501260 0.110012
0.504455 0.049710
0.508598 0.040794
0.511029 0.123494
0.511593 0.061685
0.512258 0.051163
0.512545 0.056487
0.517681 0.073114
0.521867 0.085716
0.523980 0.092283
0.525263 0.017134
0.526036 0.084135
0.529506 0.039002
0.532597 0.054836
0.537972 0.101616
0.539309 0.079503
0.542997 0.090312
0.544633 0.089365
0.548272 0.041913
0.549132 0.042521
0.563346 0.037437
0.565935 0.052014
0.565954 0.106718
0.569075 0.022735
0.573840 0.048449
0.575122 0.013514
0.578238 0.077823
0.581889 0.016256
0.584341 0.023027
0.585246 0.051643
0.588895 0.052430
0.596118 0.071982
0.610619 0.039230
0.613681 0.024125
0.616196 0.035233
0.619512 0.070251
0.623409 0.058387
0.632768 0.028047
0.634276 0.052967
0.636250 0.028765
0.641497 0.030853
0.642309 0.003733
0.645326 0.047401
0.660182 0.048281
0.673393 0.020633
0.683251 0.025801
0.691330 0.035572
0.695329 0.036800
0.698148 0.040639
0.705115 0.014351
0.707122 0.029779
0.725755 0.013992
0.727980 0.045309
0.737366 0.047942
0.765126 0.021649
1.000000 0.000000
