0.000000 0.707174
0.091282 0.546934
0.103925 0.732775
0.112138 0.752333
0.142162 0.463681
0.163015 0.658260
0.177062 0.908253
0.194211 0.753439
0.198279 0.321716
0.199763 0.869165
0.214989 0.943465
0.228959 0.533575
0.230940 0.876507
0.234361 0.808971
0.235181 0.862080
0.246637 0.760922
0.249418 0.723405
0.254145 0.371748
0.263937 0.542860
0.268638 0.681989
0.272671 0.878241
0.275251 0.924939
0.279293 0.857273
0.279404 0.641195
0.282366 0.594432
0.284015 0.833844
0.285159 0.947065
0.288961 0.873542
0.290420 0.589562
0.292055 0.413447
0.293499 0.784680
0.297022 0.475793
0.299148 0.405561
0.300952 0.904923
0.301096 0.909629
0.306558 0.645458
0.308752 0.606460
0.309614 0.526993
0.309686 0.641062
0.310743 0.598941
0.313363 0.637107
0.313802 0.949929
0.315159 0.855534
0.315872 0.934418
0.318232 0.808544
0.320441 0.913634
0.322595 0.783324
0.324733 0.763894
0.326761 0.875106
0.332087 0.756918
0.332099 0.801909
0.335134 0.720673
0.335426 0.838779
0.335432 0.829287
0.338307 0.826241
0.340059 0.930598
0.340537 0.841027
0.342442 0.628682
0.345605 0.523311
0.348373 0.420415
0.349434 0.926605
0.350007 0.886781
0.351569 0.695515
0.353940 0.476499
0.354283 0.879521
0.358719 0.592796
0.360537 0.873694
0.361787 0.772560
0.362722 0.929705
0.363429 0.609132
0.363969 0.546791
0.364790 0.450921
0.368213 0.669570
0.369692 0.602180
0.371348 0.850767
0.371714 0.886084
0.373542 0.877921
0.375681 0.824256
0.378643 0.864250
0.381030 0.703974
0.382836 0.741089
0.382954 0.504404
0.385229 0.822884
0.386747 0.795042
0.388171 0.659263
0.390232 0.339397
0.390955 0.458715
0.394268 0.741269
0.396840 0.538825
0.397704 0.224086
0.397799 0.606492
0.398048 0.732938
0.399226 0.567935
0.400253 0.865810
0.400355 0.669175
0.401610 0.979280
0.402809 0.819872
0.406908 0.560666
0.407462 0.817539
0.414188 0.519440
0.415581 0.852429
0.419747 0.606515
0.420931 0.681409
0.422408 0.659550
0.426587 0.377694
0.427653 0.878867
0.430790 0.799756
0.431022 0.649844
0.434612 0.642436
0.436201 0.789436
0.437506 0.724731
0.439634 0.688301
0.440471 0.665894
0.440849 0.927823
0.443258 0.875356
0.443461 0.821394
0.444601 0.935399
0.447895 0.788841
0.448141 0.793724
0.448859 0.308596
0.450307 0.623641
0.454508 0.840072
0.468095 0.287292
0.469973 0.477167
0.471823 0.509933
0.472440 0.628817
0.472821 0.554365
0.474961 0.585625
0.475411 0.657331
0.475484 0.521404
0.476324 0.924669
0.477537 0.907003
0.479883 0.888200
0.480282 0.650056
0.481266 0.429137
0.482446 0.744198
0.482767 0.736497
0.485666 0.830214
0.486034 0.831853
0.486330 0.552203
0.486615 0.773555
0.489354 0.620000
0.490364 0.673166
0.491147 0.496818
0.491589 0.569924
0.492389 0.957803
0.492530 0.666542
0.495658 0.591564
0.496651 0.860960
0.497277 0.635723
0.498102 0.496369
0.498421 0.653126
0.499182 0.822596
0.499303 0.852085
0.501501 0.665851
0.501547 0.476709
0.502894 0.819657
0.504929 0.781330
0.505605 0.701407
0.506850 0.659337
0.508129 0.858468
0.514897 0.746487
0.515818 0.822622
0.517144 0.853742
0.517296 0.478593
0.517549 0.762845
0.517999 0.705019
0.519857 0.709043
0.519984 0.781721
0.519986 0.932127
0.520863 0.710171
0.523564 0.992500
0.524634 0.636592
0.524931 0.545903
0.525707 0.925659
0.525991 0.631709
0.527242 0.621424
0.528381 0.661853
0.529650 0.901831
0.533602 0.964461
0.534533 0.534324
0.538201 0.779557
0.538343 0.805407
0.539469 0.802723
0.543390 0.687284
0.546200 0.654454
0.548075 0.660833
0.553951 0.911804
0.554780 0.966866
0.556026 0.917607
0.559360 0.536934
0.561520 0.530620
0.561557 0.752173
0.562605 0.724296
0.565367 0.920552
0.565662 0.611066
0.566338 0.746970
0.568299 0.722674
0.569131 0.654966
0.570441 0.869205
0.570605 0.827573
0.572332 0.788232
0.572857 0.684866
0.574960 0.488238
0.575579 0.562809
0.576222 0.734072
0.576318 0.468417
0.578269 0.766052
0.578623 0.689784
0.578644 0.749853
0.579793 0.673329
0.579824 0.560649
0.580901 0.720218
0.581089 0.724733
0.581287 0.517902
0.581554 0.613299
0.584216 0.965327
0.584504 0.611769
0.584598 0.565428
0.586805 0.581572
0.588341 0.877831
0.588721 0.473553
0.589699 0.968391
0.590209 0.759514
0.590789 0.921832
0.594753 0.443432
0.595262 0.516832
0.595581 0.871179
0.596087 0.583288
0.597061 0.774945
0.597795 0.790898
0.598408 0.889783
0.598598 0.667078
0.600789 0.736381
0.603764 0.959433
0.603965 0.659020
0.605140 0.241897
0.605435 0.674833
0.605829 0.325814
0.606005 0.581554
0.606314 0.912457
0.608171 0.558626
0.608210 0.643421
0.609136 0.925578
0.610109 0.852913
0.610462 0.997494
0.611521 0.880509
0.612173 0.692328
0.612589 0.736080
0.612764 0.711219
0.613059 0.487947
0.613919 0.407202
0.615372 0.421917
0.619312 0.609136
0.620500 0.868740
0.621822 0.683197
0.625135 0.579569
0.626169 0.618134
0.626227 0.927301
0.628318 1.000000
0.628586 0.525369
0.630474 0.815434
0.631296 0.568458
0.634383 0.563232
0.635476 0.526661
0.636294 0.812568
0.636882 0.866498
0.637244 0.578791
0.637509 0.836617
0.638275 0.837393
0.639562 0.872942
0.640130 0.903784
0.640998 0.829473
0.644730 0.926531
0.646448 0.492042
0.646827 0.508593
0.649874 0.395556
0.650778 0.388238
0.650965 0.733105
0.653203 0.649834
0.653434 0.582138
0.654984 0.875429
0.655005 0.455212
0.655490 0.700075
0.655535 0.697510
0.659092 0.794850
0.659602 0.795947
0.661022 0.257396
0.664183 0.735692
0.664460 0.852255
0.665331 0.688697
0.665858 0.698396
0.668052 0.775500
0.669089 0.750292
0.672270 0.936515
0.677744 0.826648
0.677750 0.741784
0.680435 0.450614
0.680909 0.685397
0.681638 0.695698
0.681880 0.508215
0.682300 0.874902
0.683153 0.800610
0.684001 0.824360
0.686123 0.850008
0.687050 0.549374
0.689120 0.587394
0.691075 0.752591
0.691719 0.571334
0.692802 0.654521
0.695113 0.789981
0.695291 0.668915
0.697329 0.670807
0.699950 0.783042
0.701956 0.942966
0.702947 0.650392
0.706544 0.422208
0.707797 0.759335
0.707934 0.580508
0.708790 0.826390
0.709843 0.375399
0.712752 0.873677
0.715192 0.878033
0.715976 0.937256
0.717097 0.508080
0.718422 0.426708
0.719871 0.626281
0.721806 0.742297
0.723685 0.842465
0.735409 0.678764
0.736311 0.771163
0.738431 0.655410
0.738667 0.893352
0.739673 0.803908
0.739703 0.668010
0.740575 0.709051
0.740911 0.980286
0.741319 0.721679
0.745986 0.713481
0.746363 0.780152
0.748448 0.330629
0.749937 0.533113
0.751638 0.741277
0.751867 0.459202
0.752382 0.915473
0.756920 0.454641
0.757324 0.958348
0.760143 0.813728
0.763828 0.928826
0.769361 0.849635
0.771875 0.451781
0.774242 0.947420
0.774400 0.910469
0.780728 0.486970
0.782227 0.914864
0.782814 0.817327
0.786411 0.488469
0.786718 0.526506
0.787391 0.539857
0.790573 0.906940
0.791980 0.694814
0.793112 0.702582
0.797470 0.749460
0.801362 0.531134
0.801723 0.819049
0.802113 0.778026
0.811723 0.606053
0.813544 0.644323
0.816655 0.000000
0.818272 0.741760
0.818831 0.912499
0.818986 0.581141
0.825629 0.854888
0.830631 0.871726
0.846717 0.894609
0.846751 0.653873
0.847188 0.911220
0.850532 0.492964
0.856818 0.602535
0.857095 0.804274
0.858432 0.602759
0.862938 0.929879
0.865153 0.569688
0.870517 0.338050
0.876239 0.328137
0.877220 0.636387
0.879672 0.611989
0.893098 0.481550
0.893794 0.769598
0.895383 0.589750
0.910807 0.736245
0.912365 0.700938
0.913546 0.639682
0.932105 0.835182
0.934024 0.833268
0.957327 0.925785
0.982909 0.863922
0.986534 0.467433
0.995001 0.659176
1.000000 0.788012
