0.000000 0.572567
0.005920 0.737230
0.030250 0.513571
0.034187 0.782890
0.036280 0.909123
0.050261 0.691086
0.053976 0.731021
0.055300 0.984828
0.055397 0.837312
0.058822 0.592122
0.060484 0.921031
0.066379 0.836561
0.069468 0.759842
0.075591 0.442891
0.076993 0.694486
0.078317 0.821707
0.078521 0.619634
0.079231 0.737579
0.079592 0.771607
0.080856 0.342937
0.085229 0.409004
0.085659 0.897687
0.086901 0.900780
0.087058 0.928221
0.087549 0.886832
0.088002 0.639907
0.089978 0.809287
0.091542 0.739710
0.096185 0.370570
0.098271 0.708332
0.099032 0.675542
0.101763 0.370780
0.102534 0.815528
0.107249 0.587799
0.110503 0.795681
0.112119 0.627970
0.117225 0.694485
0.118329 0.379339
0.118697 0.549070
0.119900 0.669916
0.122109 0.421277
0.122142 0.704595
0.122325 0.360030
0.123268 0.522168
0.127260 0.666058
0.128586 0.610597
0.128930 0.719453
0.130500 0.377769
0.131514 0.878436
0.133930 0.834572
0.135890 0.610541
0.136222 0.615840
0.137169 0.624476
0.138305 0.706216
0.141430 0.729112
0.142423 0.514808
0.143327 0.555207
0.143852 0.964523
0.143898 0.590556
0.144672 0.808180
0.145603 0.316103
0.147996 0.695178
0.150610 0.539321
0.153054 0.648039
0.153400 0.879898
0.158567 0.577061
0.159897 0.591997
0.160562 0.837894
0.162857 0.512539
0.163783 0.609791
0.164890 0.573459
0.166957 0.806652
0.167465 0.623689
0.167937 0.436317
0.168992 0.728246
0.169211 0.762863
0.170871 0.440798
0.171286 0.625430
0.172073 0.877881
0.175246 0.246301
0.175745 0.641377
0.176900 0.682370
0.177376 0.754625
0.178234 0.389598
0.178661 0.806976
0.179914 0.574841
0.179943 0.502626
0.181974 0.589686
0.182093 0.693406
0.182650 0.469376
0.182659 0.752790
0.182890 0.472899
0.183159 0.759269
0.184420 0.427559
0.186741 0.542180
0.187358 0.818509
0.189837 0.501830
0.190280 0.487096
0.191379 0.511230
0.199736 0.425582
0.203161 0.325292
0.203256 0.714717
0.203698 0.420728
0.204513 0.841789
0.205615 0.595632
0.205711 0.649312
0.206132 0.504070
0.208021 0.480530
0.208394 0.418967
0.209165 0.348525
0.210285 0.634213
0.211171 0.609415
0.212411 0.456971
0.212737 0.606631
0.214407 0.549600
0.216860 1.000000
0.218169 0.686664
0.218874 0.737447
0.220685 0.618558
0.221712 0.696814
0.223289 0.214370
0.223528 0.834457
0.223810 0.790610
0.224443 0.591470
0.225225 0.869302
0.226362 0.454409
0.226848 0.555973
0.226890 0.549062
0.228229 0.590973
0.228624 0.718757
0.230678 0.556163
0.231208 0.641935
0.231223 0.361402
0.231827 0.607895
0.231954 0.589126
0.232969 0.382394
0.233895 0.416660
0.234078 0.548942
0.237724 0.417424
0.237884 0.609302
0.238939 0.774779
0.238962 0.530792
0.239560 0.679502
0.239840 0.493740
0.240114 0.918115
0.240684 0.639770
0.241250 0.743693
0.242610 0.937206
0.243027 0.659256
0.243546 0.752076
0.245246 0.729322
0.246006 0.472911
0.247626 0.569250
0.249508 0.456393
0.250241 0.729894
0.250288 0.315066
0.250504 0.635304
0.252209 0.627756
0.253065 0.713206
0.253118 0.377180
0.255184 0.228565
0.257569 0.577875
0.257687 0.362733
0.259644 0.417453
0.262205 0.619340
0.266433 0.453621
0.268113 0.834217
0.269834 0.569352
0.275271 0.572105
0.276140 0.604729
0.277291 0.700803
0.278679 0.312462
0.279305 0.532222
0.281997 0.592806
0.287513 0.253302
0.287630 0.249784
0.288041 0.505402
0.288105 0.482804
0.289283 0.681178
0.290866 0.741300
0.292951 0.407142
0.294551 0.297171
0.296932 0.778830
0.300552 0.283278
0.303524 0.478567
0.303929 0.573054
0.305589 0.586025
0.305591 0.450611
0.305767 0.642664
0.307181 0.480547
0.310512 0.600134
0.312252 0.341428
0.312475 0.494747
0.312807 0.569186
0.314462 0.592077
0.314669 0.697430
0.314784 0.401400
0.315703 0.692940
0.316266 0.848389
0.316299 0.366692
0.318569 0.392145
0.320173 0.487212
0.320506 0.581236
0.320756 0.416908
0.320762 0.426706
0.321042 0.569067
0.321308 0.512536
0.322487 0.238092
0.322636 0.300181
0.323235 0.698236
0.324816 0.504724
0.325919 0.367388
0.326200 0.593748
0.326443 0.547288
0.327988 0.485145
0.328698 0.365417
0.328833 0.474925
0.328845 0.537719
0.329840 0.446674
0.331730 0.404571
0.333480 0.439747
0.334963 0.469957
0.335401 0.449833
0.336104 0.516214
0.337646 0.569573
0.338498 0.243354
0.342860 0.410999
0.345134 0.606401
0.345944 0.554863
0.346946 0.648062
0.349277 0.651591
0.350013 0.522585
0.352352 0.448885
0.352933 0.418271
0.354290 0.746651
0.355537 0.329957
0.357397 0.447150
0.359858 0.718628
0.359947 0.327163
0.360997 0.351651
0.364019 0.484107
0.366866 0.668466
0.367668 0.378050
0.368353 0.591825
0.368697 0.647744
0.368924 0.298572
0.369448 0.503530
0.369968 0.375131
0.370835 0.345712
0.371257 0.122407
0.371861 0.583302
0.372126 0.549218
0.372187 0.371184
0.377703 0.471599
0.379085 0.504409
0.380059 0.598861
0.384200 0.349307
0.384546 0.537925
0.385158 0.348627
0.386473 0.561880
0.388404 0.380620
0.388960 0.284765
0.393688 0.415656
0.394659 0.528581
0.395180 0.327688
0.395567 0.469360
0.399317 0.353128
0.399821 0.587413
0.400132 0.489879
0.401888 0.315194
0.404714 0.564909
0.405955 0.724992
0.407364 0.500067
0.407456 0.403380
0.409343 0.610969
0.409636 0.351764
0.411902 0.647855
0.412284 0.561511
0.413322 0.287150
0.416505 0.401389
0.416524 0.686226
0.417306 0.325746
0.419256 0.307262
0.419754 0.655749
0.421643 0.593143
0.424480 0.300202
0.425070 0.487244
0.426706 0.429132
0.430988 0.238944
0.431091 0.444092
0.431710 0.647790
0.433462 0.307633
0.435003 0.660094
0.436230 0.563866
0.438781 0.422335
0.443935 0.199021
0.444322 0.180325
0.445757 0.590657
0.446654 0.350235
0.446683 0.471360
0.451788 0.163134
0.452943 0.459875
0.455124 0.570789
0.457559 0.448590
0.457979 0.731520
0.461181 0.453191
0.461194 0.488652
0.462302 0.542779
0.465646 0.453624
0.465658 0.447184
0.468731 0.248454
0.468982 0.661179
0.474721 0.102805
0.474909 0.475273
0.475174 0.104382
0.475518 0.387112
0.477780 0.462736
0.478995 0.371834
0.479835 0.604224
0.480236 0.460148
0.481061 0.471178
0.481434 0.432223
0.485882 0.239391
0.487114 0.325054
0.489014 0.478570
0.489408 0.546461
0.491931 0.426661
0.492758 0.417580
0.496831 0.646502
0.497125 0.502481
0.498562 0.331180
0.501314 0.558247
0.504840 0.263609
0.505472 0.679044
0.509107 0.516130
0.512921 0.536732
0.522951 0.304237
0.528195 0.555954
0.533244 0.277720
0.535215 0.426018
0.538575 0.433413
0.542564 0.429500
0.554603 0.047318
0.554716 0.028538
0.566759 0.272484
0.574439 0.328955
0.575999 0.648080
0.576472 0.196978
0.588584 0.599183
0.588864 0.479623
0.598637 0.127941
0.613419 0.069482
0.614459 0.447346
0.614903 0.079148
0.621275 0.143472
0.624484 0.026639
0.627735 0.000000
0.636777 0.551349
0.641877 0.172721
0.643039 0.347529
0.645647 0.413278
0.662445 0.333981
0.663436 0.199477
0.677916 0.245855
0.687873 0.186825
0.703810 0.339237
0.748862 0.145276
0.753165 0.005144
0.758337 0.162925
0.795376 0.215145
0.803577 0.232526
0.923304 0.003514
1.000000 0.266672
