0.000000 0.461116
0.003511 0.623666
0.020460 0.454399
0.048712 0.633511
0.061443 0.766087
0.068465 0.473247
0.071158 0.252254
0.083077 1.000000
0.083317 0.523740
0.097284 0.627174
0.097927 0.417068
0.114860 0.731473
0.115893 0.670677
0.122897 0.582832
0.128835 0.367556
0.135494 0.551345
0.136910 0.640809
0.137818 0.427499
0.138626 0.680396
0.146555 0.623047
0.146838 0.700313
0.148404 0.492904
0.161070 0.772200
0.161815 0.827992
0.164016 0.688645
0.165608 0.515394
0.169833 0.346070
0.172546 0.790456
0.179541 0.747167
0.181814 0.453333
0.183817 0.394286
0.184210 0.521389
0.190818 0.794459
0.195166 0.527993
0.199841 0.593172
0.209413 0.766128
0.210324 0.521621
0.215459 0.702230
0.215479 0.476110
0.219106 0.524722
0.224714 0.678261
0.225098 0.683483
0.227628 0.345863
0.237066 0.631089
0.241020 0.743735
0.243337 0.771205
0.248373 0.606693
0.249717 0.283621
0.254356 0.636412
0.272327 0.629448
0.277977 0.839127
0.279138 0.659577
0.281052 0.567825
0.281151 0.634612
0.285285 0.558829
0.287457 0.714901
0.293231 0.406453
0.314673 0.549424
0.315856 0.393758
0.323784 0.457582
0.326030 0.898140
0.327042 0.536612
0.342394 0.409096
0.343395 0.326849
0.348816 0.711021
0.359755 0.392625
0.360675 0.427132
0.361210 0.407696
0.362109 0.265328
0.363458 0.423654
0.367812 0.865445
0.367929 0.150644
0.377462 0.511031
0.382333 0.584090
0.384924 0.272564
0.386204 0.246473
0.387489 0.340938
0.393767 0.569815
0.405822 0.546110
0.408093 0.436928
0.409375 0.444270
0.410324 0.585182
0.412264 0.460841
0.422586 0.732106
0.427860 0.475456
0.434296 0.529017
0.436921 0.608504
0.461135 0.463948
0.473406 0.459026
0.476523 0.258707
0.479351 0.508242
0.489486 0.342462
0.492661 0.569500
0.515351 0.442706
0.515945 0.129848
0.522797 0.124957
0.544674 0.417713
0.548576 0.424390
0.555501 0.468145
0.558240 0.376832
0.567132 0.471055
0.567724 0.596349
0.594762 0.314173
0.607273 0.000000
0.612983 0.473253
0.614674 0.508217
0.745379 0.257073
1.000000 0.268437
