0.000000 0.474078
0.014369 0.502693
0.017087 0.498191
0.018479 0.521898
0.019269 0.450054
0.026478 0.520334
0.026551 0.545502
0.026792 0.509280
0.027307 0.626657
0.027732 0.637324
0.030142 0.642736
0.037469 0.616826
0.037948 0.550886
0.045648 0.610264
0.047292 0.613919
0.047788 0.598752
0.047833 0.539246
0.047989 0.664856
0.048870 0.552001
0.049587 0.577679
0.050735 0.567488
0.051483 0.557179
0.051917 0.478547
0.052357 0.610494
0.053477 0.637145
0.053976 0.457109
0.056070 0.451139
0.057261 0.838244
0.057569 0.539791
0.057978 0.587162
0.058544 0.518013
0.059078 0.622705
0.059093 0.651799
0.061350 0.598052
0.061367 0.617834
0.063137 0.457427
0.063735 0.497152
0.064413 0.826327
0.064494 0.684730
0.064630 0.577326
0.065868 0.568348
0.065957 0.615766
0.065991 0.545023
0.066198 0.566133
0.066344 0.659256
0.067052 0.520965
0.067569 0.627177
0.068854 0.591742
0.072323 0.534049
0.072623 0.779529
0.072844 0.675198
0.075227 0.658967
0.075406 0.658742
0.075809 0.834066
0.075893 0.515808
0.075992 0.617970
0.076379 0.657426
0.077036 0.549370
0.079842 0.549794
0.080547 0.629219
0.081776 0.646357
0.082191 0.632910
0.082428 0.634137
0.082441 0.627997
0.082523 0.557433
0.083858 0.523659
0.083904 0.456402
0.084027 0.553848
0.086607 0.545247
0.087142 0.804454
0.087529 0.588647
0.088393 0.547654
0.091144 0.569519
0.091177 0.544020
0.092308 0.802940
0.092951 0.563560
0.093783 0.660087
0.094114 0.606078
0.094195 0.622936
0.094473 0.588713
0.095224 0.549380
0.095258 0.563936
0.096387 0.610938
0.096427 0.675989
0.096437 0.341646
0.097367 0.595022
0.097413 0.570792
0.097877 0.627260
0.098239 0.546285
0.099003 0.579834
0.099445 0.743508
0.099960 0.615850
0.100067 0.574119
0.100888 0.700426
0.101144 0.747263
0.101368 0.685057
0.101589 0.687152
0.102048 0.615661
0.102742 0.662445
0.107231 0.694422
0.107297 0.658827
0.107344 0.646490
0.107420 0.663386
0.107443 0.709517
0.107491 0.519262
0.107622 0.374226
0.108292 0.670313
0.109646 0.706922
0.109722 0.739601
0.109778 0.555590
0.109843 0.502340
0.110028 0.508651
0.110459 0.429734
0.110459 0.663227
0.111066 0.629099
0.111221 0.642053
0.113141 0.595172
0.115994 0.674697
0.116251 0.617003
0.116538 0.612136
0.116891 0.871828
0.118286 0.809558
0.118720 0.702469
0.119844 0.566661
0.120157 0.742333
0.120221 0.688660
0.120664 0.512329
0.121051 0.592488
0.121296 0.572707
0.121389 0.603009
0.122358 0.623396
0.122367 0.743305
0.123154 0.604898
0.123878 0.709838
0.124511 0.586831
0.126217 0.735466
0.126442 0.684098
0.127485 0.613386
0.128095 0.509829
0.128194 0.609869
0.129890 0.578665
0.131089 0.573150
0.131379 0.702828
0.131681 0.414227
0.132443 0.716919
0.132517 0.697967
0.133536 0.549527
0.133588 0.510895
0.133630 0.653135
0.134575 0.346166
0.134576 0.652200
0.135887 0.570688
0.135972 0.732304
0.136214 0.538412
0.136224 0.910836
0.136394 0.722179
0.137848 0.643092
0.138256 0.394535
0.138576 0.504987
0.138681 0.616794
0.139850 0.506678
0.142035 0.720399
0.142568 0.600541
0.143069 0.610260
0.143818 0.667957
0.144032 0.752649
0.144118 0.597912
0.146445 0.648033
0.147122 0.591033
0.147541 0.481422
0.149399 0.661281
0.149537 0.608463
0.150290 0.554452
0.150566 0.569415
0.151007 0.739745
0.151586 0.577882
0.152019 0.735764
0.152262 0.531076
0.152582 0.669415
0.152670 0.497728
0.153189 0.638128
0.153662 0.592936
0.153877 0.491125
0.154138 0.480586
0.154275 0.675624
0.154385 0.599555
0.154745 0.500412
0.154776 0.609659
0.154920 0.587279
0.155778 0.651988
0.155881 0.541640
0.156540 0.692462
0.157817 0.742690
0.158101 0.764990
0.158353 0.653179
0.158908 0.800643
0.159066 0.633469
0.159136 0.483974
0.159294 0.652946
0.159380 0.423944
0.159465 0.594339
0.159925 0.527056
0.160058 0.668912
0.160437 0.650656
0.161130 0.599741
0.161185 0.625811
0.161583 0.613518
0.162666 0.677019
0.162745 0.603305
0.163871 0.595016
0.164698 0.601015
0.165089 0.791677
0.165505 0.596479
0.166781 0.605933
0.167351 0.363696
0.168188 0.619716
0.168227 0.568136
0.168368 0.587377
0.168704 0.553961
0.168794 0.605306
0.169678 0.722163
0.169885 0.567045
0.170417 0.647978
0.170696 0.712669
0.170711 0.674565
0.170784 0.661367
0.170798 0.567159
0.170826 0.558905
0.170878 0.686234
0.171071 0.427149
0.171159 0.670840
0.171425 0.651852
0.171586 0.460746
0.171644 0.605505
0.171653 0.626844
0.171845 0.612856
0.172190 0.499464
0.172227 0.612673
0.172237 0.554663
0.172287 0.544457
0.173201 0.544489
0.173654 0.541911
0.175669 0.697348
0.176041 0.583345
0.176273 0.603834
0.177613 0.674478
0.177926 0.681379
0.179066 0.568076
0.179652 0.520935
0.180150 0.806509
0.180284 0.478096
0.181374 0.472082
0.181883 0.518324
0.182445 0.658122
0.182470 0.575659
0.182780 0.516888
0.183364 0.683824
0.184023 0.783784
0.184097 0.550250
0.184428 0.660520
0.184669 0.426810
0.185044 0.683113
0.185196 0.585758
0.185895 0.690103
0.186188 0.570158
0.187649 0.567163
0.188455 0.837382
0.188530 0.550688
0.189157 0.446787
0.189872 0.476655
0.189999 0.644143
0.190057 0.523736
0.190261 0.597165
0.190729 0.667242
0.191563 0.655290
0.191710 0.570624
0.192624 0.460764
0.194166 0.559696
0.194348 0.459277
0.194810 0.568315
0.194840 0.697571
0.195169 0.614033
0.195487 0.534707
0.195851 0.433794
0.195912 0.688784
0.196386 0.695161
0.196388 0.696188
0.198750 0.608406
0.199778 0.586160
0.200137 0.641665
0.200177 0.667339
0.200317 0.606476
0.201088 0.565866
0.202982 0.772647
0.203317 0.666904
0.203581 0.557020
0.203787 0.596990
0.205071 0.692028
0.206477 0.582339
0.206493 0.692396
0.207891 0.607155
0.208384 0.630890
0.208988 0.532647
0.209300 0.529182
0.209413 0.660643
0.209649 0.698768
0.210141 0.365285
0.210375 0.629843
0.210865 0.619719
0.210887 0.730957
0.211371 0.719160
0.211648 0.481093
0.212087 0.774962
0.212861 0.496126
0.213386 0.756794
0.213636 0.632260
0.213802 0.495412
0.215049 0.660645
0.215533 0.509320
0.215659 0.636645
0.216270 0.670401
0.216578 0.731771
0.216581 0.603109
0.217511 0.707272
0.217644 0.574286
0.219643 0.929235
0.220306 0.618873
0.220340 0.711059
0.220619 0.617918
0.220901 0.639898
0.221434 0.729807
0.221641 0.560529
0.222118 0.671419
0.222427 0.611528
0.223470 0.625836
0.224729 0.482427
0.225035 0.627737
0.225413 0.689475
0.225859 0.640755
0.226262 0.586530
0.226690 0.634760
0.227342 0.603400
0.227385 0.744956
0.227494 0.443215
0.227567 0.407588
0.227606 0.750083
0.227929 0.550355
0.228122 0.697304
0.228589 0.665346
0.228917 0.534806
0.229001 0.556718
0.229175 0.561777
0.229210 0.607770
0.229667 0.580792
0.230122 0.746501
0.230181 0.632076
0.230769 0.541843
0.230803 0.659630
0.230917 1.000000
0.231109 0.522829
0.231849 0.767867
0.232383 0.549481
0.232547 0.587867
0.233113 0.604585
0.234128 0.847685
0.235404 0.643933
0.235788 0.611497
0.236024 0.617309
0.236248 0.814585
0.236738 0.477375
0.237181 0.611038
0.237650 0.724059
0.239795 0.517992
0.239875 0.655910
0.241116 0.637485
0.241450 0.564038
0.241795 0.681681
0.242086 0.716713
0.242709 0.612079
0.246186 0.664749
0.247023 0.548733
0.247338 0.545365
0.247697 0.669220
0.247813 0.609314
0.247920 0.586206
0.247932 0.809682
0.247960 0.703030
0.248557 0.672198
0.249259 0.438384
0.249953 0.638123
0.250109 0.601676
0.250280 0.605019
0.250864 0.639191
0.250892 0.567558
0.251409 0.618229
0.251669 0.558696
0.252327 0.647643
0.253051 0.687564
0.253294 0.830822
0.253533 0.453511
0.254188 0.475151
0.254698 0.603809
0.254988 0.602901
0.255146 0.597063
0.255273 0.661991
0.255469 0.669270
0.255956 0.652229
0.256272 0.518737
0.256814 0.851821
0.256851 0.837911
0.257031 0.478723
0.257929 0.524420
0.258398 0.606163
0.258426 0.657285
0.259308 0.618326
0.259676 0.715139
0.259797 0.555177
0.259976 0.691579
0.260370 0.550670
0.260384 0.493831
0.260488 0.604380
0.260705 0.681965
0.260721 0.515321
0.261663 0.622008
0.261839 0.532134
0.261840 0.695411
0.262234 0.652857
0.262557 0.548470
0.263297 0.658147
0.263424 0.874720
0.263473 0.730537
0.263906 0.634850
0.264387 0.571041
0.264949 0.759519
0.265165 0.598947
0.266500 0.782932
0.266957 0.714905
0.267173 0.525185
0.267710 0.558822
0.268023 0.645757
0.268209 0.624578
0.268526 0.628026
0.268629 0.769969
0.268855 0.695752
0.269141 0.588028
0.269213 0.712779
0.270006 0.562933
0.270011 0.491812
0.270495 0.590989
0.271316 0.681760
0.271754 0.723805
0.272480 0.594281
0.272842 0.596811
0.274251 0.371316
0.274601 0.632144
0.274950 0.765280
0.275065 0.636266
0.275067 0.758769
0.275069 0.582185
0.275761 0.527827
0.276021 0.717427
0.276313 0.736274
0.276390 0.578795
0.276727 0.716515
0.276937 0.687101
0.277190 0.554823
0.277434 0.506990
0.277526 0.564488
0.277585 0.508313
0.277733 0.628686
0.278265 0.654301
0.278660 0.636869
0.278691 0.687309
0.279471 0.648357
0.279645 0.664679
0.279920 0.610197
0.280187 0.810992
0.280367 0.697285
0.280396 0.404108
0.280558 0.746717
0.281784 0.745130
0.283362 0.539276
0.283442 0.745820
0.283963 0.631504
0.284217 0.794117
0.284468 0.715891
0.284659 0.663539
0.286005 0.463356
0.286335 0.598801
0.286805 0.731699
0.286946 0.651055
0.287215 0.826614
0.287320 0.562013
0.287838 0.687210
0.288105 0.566414
0.288375 0.560291
0.288735 0.644869
0.288948 0.535583
0.289237 0.720784
0.289569 0.494512
0.289673 0.602614
0.289953 0.610657
0.290337 0.671395
0.290582 0.691385
0.290874 0.621352
0.291406 0.660570
0.291432 0.662558
0.291440 0.701132
0.291561 0.771783
0.292329 0.695432
0.292464 0.617110
0.292529 0.665908
0.293686 0.780711
0.294180 0.634731
0.294749 0.630872
0.294821 0.543231
0.294841 0.556974
0.295570 0.535885
0.295993 0.546188
0.296011 0.584714
0.296484 0.656558
0.297446 0.502719
0.298696 0.475073
0.299079 0.688250
0.299118 0.631689
0.299255 0.806390
0.299682 0.645123
0.299715 0.716538
0.299727 0.591082
0.301049 0.780135
0.301089 0.701907
0.301223 0.810296
0.301574 0.486951
0.302110 0.672118
0.302132 0.436962
0.303904 0.627064
0.303906 0.739132
0.303919 0.717231
0.304450 0.536271
0.304967 0.532640
0.305118 0.522167
0.305891 0.787878
0.306399 0.729600
0.306432 0.665472
0.306592 0.582136
0.307391 0.653954
0.307651 0.561505
0.307901 0.600032
0.308186 0.604117
0.308781 0.766332
0.310074 0.655867
0.310481 0.825509
0.312148 0.584137
0.313146 0.763529
0.313240 0.658662
0.313794 0.614528
0.318017 0.429075
0.318032 0.555834
0.318380 0.792836
0.318750 0.670064
0.318971 0.692964
0.319117 0.656315
0.319225 0.543362
0.320882 0.488474
0.321227 0.661148
0.321544 0.620985
0.321791 0.594189
0.322080 0.590038
0.322101 0.674125
0.322258 0.722407
0.322283 0.553582
0.322446 0.518964
0.322696 0.472288
0.323127 0.503346
0.323994 0.537204
0.324010 0.561289
0.325116 0.533863
0.325312 0.653569
0.325950 0.582635
0.326267 0.800605
0.326397 0.679632
0.326655 0.644499
0.326684 0.674248
0.326739 0.726987
0.327735 0.800501
0.328570 0.607747
0.328836 0.667025
0.328967 0.624499
0.329653 0.664295
0.330364 0.722289
0.330366 0.712134
0.330366 0.705525
0.330408 0.633632
0.331441 0.576920
0.332281 0.678674
0.332911 0.795692
0.332968 0.657640
0.334303 0.810503
0.335567 0.643968
0.335616 0.768247
0.336811 0.777965
0.336834 0.594249
0.336916 0.685913
0.337159 0.698112
0.337549 0.602188
0.337982 0.749596
0.338191 0.714690
0.338271 0.662673
0.338675 0.850034
0.338685 0.619591
0.338730 0.644145
0.338936 0.606172
0.339184 0.513116
0.339992 0.670036
0.340256 0.800757
0.340291 0.542896
0.340658 0.587722
0.340880 0.790250
0.342107 0.725619
0.342508 0.693889
0.342785 0.583649
0.342812 0.672558
0.343357 0.623797
0.343407 0.719794
0.343482 0.459791
0.344715 0.823988
0.345341 0.773592
0.345464 0.574531
0.345513 0.634073
0.346184 0.649456
0.347012 0.490128
0.347127 0.543330
0.347670 0.804339
0.348653 0.640464
0.349059 0.612851
0.349189 0.479929
0.349357 0.629166
0.349472 0.601464
0.349544 0.626240
0.350037 0.631269
0.350539 0.628463
0.352393 0.728799
0.352508 0.643905
0.353398 0.702912
0.353678 0.748968
0.353863 0.540072
0.354695 0.675768
0.355445 0.587071
0.356045 0.712473
0.356334 0.725170
0.356467 0.570641
0.356750 0.588660
0.356846 0.542618
0.357002 0.506196
0.358382 0.711805
0.358428 0.486486
0.358486 0.680907
0.358764 0.579120
0.359057 0.713540
0.359698 0.649163
0.359774 0.447022
0.360107 0.591930
0.360853 0.841585
0.361291 0.577204
0.361517 0.471912
0.362067 0.540196
0.362609 0.689492
0.363180 0.476511
0.363303 0.707836
0.363516 0.586693
0.363920 0.546316
0.364017 0.655480
0.364049 0.701468
0.364147 0.752412
0.364879 0.591896
0.364955 0.658942
0.365219 0.569989
0.365246 0.628909
0.365292 0.761013
0.365302 0.515662
0.366730 0.737886
0.367439 0.614436
0.368155 0.651437
0.368885 0.510212
0.369654 0.649800
0.369987 0.646316
0.370719 0.650442
0.372008 0.691959
0.373166 0.565598
0.373249 0.509337
0.374690 0.664327
0.374901 0.730052
0.375079 0.596445
0.375084 0.611973
0.375226 0.523840
0.376577 0.580265
0.376787 0.409305
0.376943 0.628979
0.377432 0.749137
0.377699 0.605733
0.377945 0.624211
0.378175 0.609542
0.378242 0.677008
0.378345 0.557866
0.378617 0.600428
0.378783 0.575343
0.378958 0.614671
0.380037 0.715612
0.380251 0.477430
0.380271 0.627117
0.380723 0.765835
0.381312 0.689049
0.382333 0.434914
0.382366 0.762678
0.382440 0.614794
0.382659 0.545261
0.382710 0.599631
0.383290 0.657441
0.384112 0.527959
0.384434 0.584083
0.384539 0.686454
0.385176 0.545265
0.386365 0.701773
0.386488 0.582948
0.387128 0.611394
0.387815 0.575291
0.388201 0.744648
0.389424 0.727316
0.389842 0.758299
0.389862 0.671080
0.390003 0.650098
0.390425 0.737314
0.390889 0.498779
0.390935 0.599304
0.392188 0.723468
0.393516 0.462689
0.393680 0.625140
0.394224 0.639025
0.394914 0.583254
0.394993 0.652449
0.395229 0.636217
0.395603 0.832491
0.395848 0.682853
0.396243 0.578325
0.396558 0.836871
0.396991 0.822382
0.397400 0.553561
0.397865 0.613760
0.398258 0.633214
0.398714 0.556363
0.399127 0.563193
0.399795 0.556356
0.400661 0.655498
0.401090 0.466337
0.401937 0.781314
0.403023 0.556082
0.403641 0.565171
0.403952 0.790235
0.404917 0.433127
0.405268 0.921102
0.405982 0.491265
0.406308 0.339622
0.406485 0.631620
0.406987 0.600078
0.408254 0.503682
0.408573 0.688421
0.410106 0.543493
0.411398 0.733664
0.411529 0.640853
0.412025 0.536852
0.412077 0.630017
0.413474 0.600640
0.413544 0.530157
0.413701 0.627999
0.413738 0.679744
0.413842 0.640338
0.414962 0.730866
0.415062 0.721172
0.415094 0.664836
0.415810 0.850298
0.416500 0.718291
0.418205 0.662422
0.418376 0.588177
0.418507 0.701765
0.418599 0.665740
0.419191 0.617199
0.419243 0.644510
0.420169 0.554939
0.421028 0.559104
0.421673 0.607632
0.424954 0.669454
0.425106 0.591008
0.426571 0.597903
0.426841 0.661183
0.427493 0.606257
0.427612 0.350185
0.427928 0.505259
0.428119 0.587516
0.428236 0.610284
0.428696 0.604646
0.429000 0.636085
0.430731 0.514668
0.431544 0.375754
0.431587 0.640524
0.431783 0.548054
0.431818 0.660169
0.432188 0.822573
0.432231 0.607624
0.432850 0.570665
0.433139 0.641147
0.435411 0.707847
0.436644 0.636026
0.436690 0.566075
0.437064 0.690837
0.437879 0.639224
0.439655 0.897937
0.439856 0.763075
0.440258 0.566689
0.440950 0.742116
0.441111 0.567793
0.441152 0.565846
0.441667 0.610865
0.442898 0.761042
0.444204 0.583292
0.444949 0.645494
0.445223 0.536257
0.445630 0.528183
0.445831 0.622507
0.445853 0.588260
0.446038 0.727744
0.447957 0.691003
0.448151 0.649098
0.448913 0.555570
0.449079 0.606650
0.449539 0.596890
0.449704 0.644587
0.451595 0.549717
0.453266 0.614328
0.454284 0.772519
0.454578 0.421899
0.454625 0.667461
0.454677 0.689586
0.456094 0.635925
0.456475 0.679638
0.456700 0.524888
0.456756 0.508535
0.460539 0.662749
0.461614 0.516591
0.461705 0.739689
0.462951 0.686516
0.463528 0.736386
0.464100 0.616902
0.467184 0.636923
0.467598 0.570080
0.467986 0.614018
0.468777 0.540236
0.470602 0.355922
0.470700 0.395349
0.470789 0.548242
0.471091 0.687245
0.471219 0.600074
0.471754 0.599103
0.471808 0.582480
0.471900 0.731795
0.472477 0.678021
0.472801 0.611604
0.473224 0.572236
0.473737 0.557984
0.473914 0.630586
0.474350 0.736310
0.474384 0.629067
0.474805 0.638006
0.475704 0.479693
0.481561 0.556147
0.481831 0.669805
0.483669 0.524596
0.485981 0.585644
0.486001 0.582470
0.486826 0.657198
0.487214 0.554736
0.487288 0.738843
0.489017 0.493820
0.489853 0.471333
0.490137 0.651091
0.491187 0.783911
0.491509 0.605380
0.491901 0.658371
0.491922 0.555656
0.493420 0.542151
0.494440 0.473496
0.494861 0.590374
0.495549 0.597806
0.495627 0.528495
0.495925 0.607380
0.496188 0.681854
0.496469 0.678722
0.498230 0.597310
0.501751 0.590622
0.502046 0.536080
0.504605 0.578014
0.505633 0.579747
0.506516 0.472280
0.508114 0.641249
0.508255 0.716885
0.508945 0.703283
0.509238 0.567626
0.510568 0.499428
0.510963 0.582434
0.512925 0.514618
0.516810 0.526129
0.517628 0.506943
0.518933 0.521211
0.521098 0.534134
0.521246 0.641184
0.521268 0.567993
0.521788 0.577380
0.522211 0.605711
0.524563 0.512853
0.527439 0.588261
0.538361 0.639685
0.539912 0.556895
0.540236 0.600445
0.540676 0.601815
0.544735 0.671475
0.546101 0.594461
0.547452 0.625879
0.548163 0.608133
0.548205 0.602655
0.548464 0.465763
0.551912 0.611160
0.552945 0.614416
0.553502 0.628985
0.556044 0.637181
0.557961 0.718430
0.561710 0.510217
0.562168 0.547269
0.565219 0.682001
0.565504 0.561987
0.565904 0.528887
0.566124 0.645383
0.570983 0.422738
0.572934 0.662678
0.573317 0.571383
0.578003 0.692488
0.578007 0.527726
0.587069 0.527493
0.588741 0.423612
0.589270 0.643391
0.591294 0.590696
0.591344 0.398844
0.594376 0.632646
0.594897 0.554211
0.595222 0.522818
0.598843 0.567695
0.599902 0.504785
0.600315 0.421289
0.604729 0.524108
0.607279 0.502572
0.607290 0.569925
0.609022 0.497145
0.614134 0.390111
0.618078 0.592836
0.619375 0.455919
0.624815 0.322559
0.625005 0.413019
0.625775 0.547467
0.626830 0.770227
0.627084 0.359416
0.627861 0.534288
0.628997 0.628759
0.630890 0.455809
0.633218 0.377092
0.635180 0.547835
0.640572 0.416664
0.644108 0.457682
0.647155 0.518460
0.661809 0.490032
0.667185 0.241224
0.678730 0.450229
0.679070 0.317209
0.693420 0.284531
0.723954 0.500683
0.737169 0.594372
0.738697 0.520097
0.748795 0.442127
0.750528 0.615508
0.751042 0.473389
0.762624 0.595807
0.765182 0.286690
0.770551 0.488612
0.773930 0.441692
0.788512 0.455367
0.803050 0.409889
0.812168 0.399672
0.817623 0.335414
0.836478 0.310572
0.838508 0.219384
0.839987 0.348465
0.843693 0.230256
0.938067 0.322450
1.000000 0.000000
