0.000000 0.523913
0.000816 0.612593
0.009665 0.599251
0.009944 0.825828
0.015044 0.655535
0.038241 0.640539
0.040100 0.509170
0.041056 0.481879
0.041720 0.772471
0.045064 0.890793
0.048305 0.467797
0.058855 0.470867
0.066428 0.494054
0.070227 0.745353
0.075952 0.680690
0.078123 0.720421
0.088612 0.705338
0.088913 0.772376
0.091124 0.640297
0.092772 0.733666
0.093142 0.745818
0.104718 0.587620
0.111195 0.760252
0.113909 0.535961
0.114297 0.685373
0.117374 0.838470
0.118276 0.523004
0.119113 0.683567
0.120236 0.583050
0.128236 0.787569
0.129416 0.663951
0.129517 0.645788
0.129887 0.624046
0.131355 0.762379
0.131669 0.604098
0.134763 0.480001
0.139711 0.459462
0.150007 0.635006
0.152067 0.853510
0.152697 0.656623
0.159511 0.807834
0.162333 0.447243
0.163403 0.622736
0.171506 0.730614
0.172173 0.914338
0.172938 0.679741
0.179882 0.730730
0.187309 0.623274
0.193900 0.655680
0.193974 0.664092
0.194820 0.725526
0.199298 0.626827
0.199324 0.556594
0.199634 0.791253
0.201002 0.476695
0.209651 0.871418
0.209660 0.585564
0.211801 0.608416
0.213281 0.781542
0.219196 0.828015
0.220277 0.587788
0.222824 0.532461
0.225932 0.719294
0.227069 0.989454
0.227533 0.750862
0.232487 0.731579
0.236074 0.578187
0.236077 0.676351
0.237317 0.983766
0.242030 0.629126
0.244817 0.712049
0.252601 0.632602
0.252619 0.765907
0.252787 0.689220
0.253637 0.832611
0.254581 0.799122
0.256061 0.439057
0.256911 0.710617
0.261506 0.679466
0.265033 0.666313
0.265818 0.442313
0.274867 0.756416
0.277212 0.830448
0.279531 0.836089
0.280111 0.724403
0.282202 0.749254
0.282552 0.141868
0.283608 0.604354
0.284484 0.813891
0.284599 0.467954
0.285878 0.770802
0.287697 0.488205
0.292989 0.786911
0.293459 0.375417
0.293479 0.721782
0.293746 0.651236
0.294094 0.654872
0.296833 0.493013
0.297310 0.283145
0.297655 0.747989
0.298844 0.634993
0.299745 0.637497
0.299963 0.593658
0.303628 0.625650
0.304998 0.680804
0.307725 0.376807
0.309897 0.614752
0.310401 0.395681
0.310833 0.262806
0.315635 0.378927
0.324441 0.525258
0.325887 0.422656
0.328367 0.447150
0.330260 0.578900
0.331886 0.420058
0.336715 0.535751
0.338335 0.789913
0.342164 0.820590
0.342360 0.923097
0.342925 0.769227
0.342970 0.599990
0.344881 0.658968
0.351174 0.351217
0.351875 0.395326
0.354099 0.793565
0.355859 0.592023
0.356717 0.578572
0.357714 0.450050
0.357796 0.607951
0.359867 0.511565
0.370023 0.760890
0.370128 0.834946
0.372575 0.944432
0.374429 0.510532
0.380462 0.825378
0.383312 0.781887
0.386567 0.461048
0.388685 0.436788
0.388741 0.625046
0.389821 0.780274
0.389929 0.852641
0.390930 0.728609
0.393813 0.741167
0.397481 0.667323
0.402926 0.609400
0.407144 0.820164
0.407792 0.739212
0.408486 0.372743
0.409432 0.607522
0.411801 0.490102
0.412289 0.654672
0.412648 0.836747
0.418058 0.618772
0.421816 0.756039
0.425372 0.617041
0.427678 0.276513
0.428332 0.694103
0.435785 0.287682
0.436185 0.321040
0.436279 0.555906
0.436649 0.626964
0.437099 0.459891
0.438529 0.504352
0.440330 0.615852
0.443111 0.460213
0.445325 0.727003
0.445645 0.893040
0.446139 0.873920
0.454674 0.627395
0.457894 0.900342
0.459793 0.429378
0.463414 0.782864
0.463821 0.545908
0.463980 0.563900
0.464459 0.739561
0.471288 0.636154
0.471810 0.554719
0.480477 0.765276
0.484033 0.550339
0.489227 0.747728
0.492760 0.540197
0.505233 0.000000
0.505246 0.451131
0.509089 0.484111
0.513336 0.432943
0.515204 0.614670
0.518083 0.706199
0.530745 0.619186
0.530916 0.164629
0.532573 1.000000
0.536753 0.373380
0.538807 0.474665
0.544458 0.544553
0.547671 0.580435
0.547920 0.542860
0.549780 0.639996
0.575178 0.390072
0.580917 0.326419
0.581798 0.277449
0.595712 0.882476
0.614267 0.507435
0.622667 0.637974
0.634071 0.902991
0.637835 0.537976
0.638014 0.518025
0.640877 0.500008
0.657856 0.536013
0.661247 0.303747
0.676516 0.803719
0.676963 0.477205
0.681606 0.173330
0.702461 0.365888
0.712784 0.242266
0.729039 0.664328
0.764641 0.436023
0.774164 0.218002
0.801631 0.437266
0.803099 0.240130
0.850302 0.115921
0.851485 0.412542
1.000000 0.616177
