0.000000 0.348474
0.056321 0.631873
0.068991 0.362788
0.122360 0.380722
0.123575 0.324962
0.131403 0.011811
0.136494 0.174626
0.139932 0.723046
0.147521 0.469689
0.148790 0.391973
0.149488 0.198491
0.152003 0.214430
0.154763 0.479236
0.155420 0.574022
0.162671 0.000000
0.174232 0.535258
0.180667 0.441124
0.185068 0.418687
0.193631 0.497908
0.196992 0.415089
0.207087 0.566786
0.214547 0.244754
0.218746 0.495302
0.219056 0.489667
0.224030 0.090149
0.225887 0.522336
0.227447 0.437233
0.227961 0.280219
0.233332 0.318608
0.238027 0.363080
0.239384 0.419030
0.246913 0.270218
0.250526 0.408534
0.252382 0.314953
0.252761 0.393740
0.253017 0.370974
0.253246 0.491235
0.253638 0.472453
0.257642 0.284536
0.258744 0.364265
0.262511 0.252640
0.262920 0.373271
0.263064 0.512398
0.267920 0.462035
0.270803 0.314096
0.271462 0.401398
0.273145 0.408965
0.276403 0.150834
0.276675 0.200765
0.277843 0.463500
0.277851 0.526471
0.285374 0.434382
0.285649 0.437034
0.287469 0.724914
0.288868 0.511738
0.290463 0.619690
0.292225 0.475967
0.292619 0.391283
0.296939 0.554137
0.296975 0.435467
0.297079 0.315489
0.297830 0.336712
0.297943 0.573108
0.298773 0.480312
0.298955 0.457428
0.299712 0.537320
0.302496 0.364853
0.304280 0.528530
0.307842 0.222381
0.308742 0.396319
0.310354 0.494172
0.310466 0.443584
0.316592 0.429526
0.318055 0.288596
0.319968 0.387940
0.324005 0.269010
0.324113 0.407766
0.324731 0.350539
0.325711 0.456733
0.326459 0.477384
0.326763 0.165508
0.328635 0.681796
0.328870 0.459428
0.329275 0.367149
0.332267 0.457069
0.332824 0.422063
0.332879 0.426633
0.333786 0.054775
0.335354 0.514912
0.336346 0.574555
0.336506 0.204847
0.338401 0.334636
0.338467 0.476338
0.338480 0.582304
0.338678 0.319661
0.338971 0.305447
0.339923 0.493466
0.341566 0.448851
0.341570 0.456863
0.342652 0.259819
0.343168 0.599289
0.343824 0.589251
0.344671 0.424618
0.344893 0.508239
0.345785 0.558475
0.347425 0.551765
0.349563 0.481011
0.350233 0.369169
0.350814 0.340112
0.352591 0.590334
0.352825 0.551198
0.352998 0.410167
0.353058 0.640014
0.353858 0.568449
0.353907 0.396436
0.354472 0.382584
0.354881 0.546913
0.354933 0.443756
0.355922 0.693840
0.356839 0.495706
0.357694 0.369853
0.358471 0.407231
0.358677 0.297419
0.359253 0.393942
0.359306 0.414110
0.359426 0.543823
0.360085 0.446884
0.360688 0.532689
0.361843 0.347026
0.363084 0.368843
0.363338 0.638367
0.365376 0.383599
0.365388 0.705121
0.366062 0.299909
0.368122 0.526320
0.368135 0.397920
0.369180 0.339684
0.369258 0.456746
0.370601 0.586599
0.372211 0.399208
0.372293 0.478957
0.374045 0.323548
0.374312 0.392908
0.374361 0.586258
0.376005 0.414695
0.376129 0.428645
0.377192 0.412981
0.377692 0.381633
0.378685 0.460047
0.379418 0.416141
0.379991 0.586357
0.380011 0.520713
0.380113 0.611765
0.380464 0.426383
0.381046 0.439341
0.382246 0.627633
0.383957 0.377247
0.385283 0.634647
0.385492 0.430258
0.386149 0.599341
0.386202 0.471426
0.387285 0.407523
0.390106 0.905885
0.390486 0.382556
0.390990 0.511473
0.392833 0.531595
0.394470 0.428129
0.395118 0.476076
0.396373 0.401305
0.397033 0.371399
0.397879 0.548361
0.398287 0.611176
0.398547 0.358581
0.399033 0.501729
0.400517 0.440008
0.400588 0.563331
0.400592 0.515311
0.402006 0.508131
0.402386 0.317389
0.402634 0.425403
0.402887 0.654224
0.402915 0.582616
0.403746 0.527991
0.404493 0.811850
0.404623 0.537089
0.406507 0.413946
0.409152 0.306924
0.409976 0.370313
0.410135 0.385873
0.411150 0.429415
0.412200 0.600224
0.412217 0.494775
0.413307 0.433653
0.413582 0.528666
0.414767 0.711026
0.416915 0.420185
0.417102 0.549868
0.417638 0.763030
0.417885 0.345061
0.419147 0.542226
0.419232 0.514502
0.419764 0.503970
0.419914 0.579734
0.420003 0.337482
0.421847 0.346788
0.422337 0.582166
0.422527 0.511930
0.422996 0.795730
0.423275 0.383546
0.423817 0.447116
0.423997 0.416699
0.424304 0.410184
0.424380 0.542670
0.425009 0.568290
0.425435 0.540189
0.426063 0.516229
0.426333 0.617435
0.426375 0.492082
0.427059 0.456899
0.429077 0.498750
0.430318 0.463513
0.430765 0.479014
0.431134 0.517297
0.431149 0.417927
0.431419 0.701366
0.432969 0.545746
0.433028 0.548846
0.433369 0.414826
0.434254 0.728437
0.434509 0.418613
0.435600 0.604445
0.436078 0.421149
0.436488 0.250115
0.438490 0.587614
0.439112 0.632976
0.440043 0.465410
0.440114 0.482990
0.440290 0.445767
0.440687 0.645375
0.441487 0.463562
0.443097 0.488080
0.443446 0.602491
0.443485 0.448685
0.443541 0.437151
0.445175 0.465537
0.446046 0.471494
0.446533 0.270288
0.448016 0.546557
0.448591 0.555598
0.448858 0.694538
0.449980 0.547256
0.450353 0.517269
0.451286 0.313525
0.451581 0.234938
0.451869 0.435686
0.452425 0.396435
0.452761 0.563707
0.453524 0.628982
0.454186 0.906733
0.454503 0.556939
0.455762 0.703363
0.456431 0.585987
0.456555 0.313617
0.457957 0.703532
0.458375 0.700974
0.458613 0.746105
0.459652 0.848678
0.459896 0.683902
0.460309 0.330059
0.461260 0.561127
0.462585 0.494545
0.462783 0.352564
0.462843 0.574659
0.462856 0.247236
0.463686 0.544703
0.464036 0.489970
0.464186 0.504611
0.464818 0.665010
0.465046 0.753814
0.465216 0.342529
0.466031 0.377088
0.466470 0.429342
0.466685 0.519279
0.467018 0.501266
0.469024 0.561748
0.469570 0.543953
0.470344 0.522204
0.470463 0.305838
0.471066 0.510769
0.471616 0.518450
0.471973 0.312174
0.472580 0.596070
0.472821 0.393336
0.474541 0.791824
0.475712 0.863209
0.476229 0.600939
0.476408 0.691432
0.476983 0.729734
0.477835 0.390786
0.478756 0.508018
0.478951 0.507824
0.479256 0.410009
0.479701 0.521661
0.480184 0.612777
0.480246 0.496306
0.480907 0.517900
0.481270 0.708486
0.481889 0.699614
0.482891 0.450743
0.482973 0.503391
0.483321 0.280977
0.485472 0.681394
0.486245 0.644070
0.487105 0.392489
0.487178 0.502703
0.487327 0.762852
0.487741 0.632282
0.487887 0.486298
0.488402 0.435716
0.488710 0.471373
0.489450 0.591287
0.489458 0.361199
0.489868 0.430688
0.489879 0.544250
0.492021 0.387445
0.493801 0.346420
0.494523 0.494478
0.494905 0.445970
0.495143 0.612829
0.496445 0.514230
0.497204 0.359699
0.500700 0.803380
0.500860 0.450918
0.501395 0.538829
0.503801 0.536523
0.505596 0.417521
0.506373 0.607511
0.508200 0.823424
0.509478 0.507857
0.510399 0.439126
0.510653 0.585117
0.511026 0.401558
0.511555 0.500603
0.512779 0.433340
0.515108 0.662695
0.515769 0.439408
0.516350 0.622569
0.516581 0.701320
0.517066 0.497314
0.517166 0.478593
0.518211 0.584204
0.518773 0.611254
0.518957 0.390279
0.519019 0.688339
0.519615 0.589038
0.519831 0.649037
0.520241 0.407210
0.521149 0.374291
0.521888 0.546218
0.522303 0.552012
0.522740 0.764671
0.522827 0.438866
0.523446 0.560543
0.523724 0.367499
0.524807 0.436490
0.526386 0.546637
0.526506 0.694063
0.526635 0.384937
0.526646 0.493880
0.528562 0.532882
0.528799 0.548637
0.529767 0.631549
0.531030 0.572612
0.532015 0.567340
0.533723 0.797978
0.534119 0.666295
0.534380 0.435924
0.535710 0.638910
0.536300 0.559052
0.536537 0.658778
0.536830 0.468274
0.538381 0.721247
0.538520 0.414381
0.538882 0.503458
0.539272 0.622946
0.539342 0.451677
0.539455 0.585838
0.540201 0.739030
0.540593 0.759458
0.540821 0.612629
0.540857 0.416716
0.541647 0.552031
0.542468 0.794046
0.544421 0.355470
0.544889 0.614706
0.545068 0.519125
0.545685 0.717773
0.545816 0.442102
0.546012 0.584644
0.547656 0.629233
0.549058 0.491782
0.549336 0.731342
0.549787 0.628019
0.550036 0.661855
0.550233 0.495817
0.550508 0.532561
0.551251 0.603827
0.551407 0.312754
0.551519 0.397000
0.551743 0.503712
0.551757 0.500744
0.551919 0.583846
0.552277 0.422324
0.553121 0.325988
0.554478 0.715400
0.554733 0.746972
0.555086 0.561984
0.555409 0.609533
0.555796 0.519445
0.556984 0.575256
0.557966 0.671366
0.558347 0.536473
0.558448 0.617542
0.558546 0.689573
0.560666 0.563494
0.562012 0.507650
0.562755 0.499370
0.563109 0.486938
0.563836 0.396716
0.564027 0.497616
0.565066 0.606099
0.566629 0.768596
0.566788 0.931426
0.566945 0.518693
0.567007 0.568887
0.567015 0.677994
0.568201 0.789577
0.569480 0.386787
0.570458 0.826361
0.570496 0.497273
0.571602 0.553402
0.572092 0.539337
0.572480 0.577939
0.573264 0.382200
0.573491 0.542661
0.574352 0.509108
0.574521 0.560912
0.575897 0.480122
0.576942 0.506935
0.577257 0.596350
0.577683 0.444444
0.578092 0.491212
0.578770 0.585438
0.579031 0.684225
0.579686 0.930129
0.579717 0.285587
0.581985 0.363874
0.582217 0.498248
0.582474 0.659083
0.583679 0.516779
0.584363 0.662944
0.584538 0.537305
0.585867 0.466875
0.587092 0.377268
0.587697 0.377779
0.588258 0.343773
0.588412 0.797413
0.588874 0.555211
0.589032 0.614960
0.589948 0.620566
0.590233 0.394362
0.591036 0.569031
0.591339 0.288567
0.592178 0.772845
0.592443 0.414274
0.592486 0.347866
0.592898 0.558204
0.594009 0.514172
0.594451 0.580096
0.594624 0.637254
0.595680 0.600405
0.596441 0.764143
0.596572 0.488732
0.597732 0.475830
0.598335 0.520667
0.599208 0.615699
0.600578 0.446068
0.601099 0.511216
0.601122 0.525724
0.601907 0.657320
0.602767 0.540518
0.602997 0.717594
0.603202 0.694543
0.603235 0.706969
0.603471 0.490277
0.603739 0.512196
0.604823 0.498445
0.605189 0.358279
0.605401 0.747896
0.605409 0.768720
0.606134 0.553819
0.606785 0.684481
0.607641 0.596298
0.609011 0.455568
0.610164 0.777185
0.610634 0.630102
0.611017 0.447558
0.613122 0.726208
0.613695 0.669216
0.613963 0.804507
0.614360 0.584317
0.614416 0.374454
0.614785 0.893038
0.615141 0.740028
0.615281 0.696665
0.615730 0.597144
0.617132 0.548895
0.617227 0.431545
0.618353 0.751921
0.620079 0.516623
0.620290 0.451745
0.620383 0.420275
0.621936 0.513828
0.623034 0.813873
0.623304 0.555858
0.623329 0.675010
0.624134 0.462271
0.625006 0.541913
0.625131 0.592302
0.625297 0.492287
0.625433 0.704910
0.625628 0.622233
0.625737 0.484804
0.625939 0.388152
0.628211 0.745749
0.630015 0.506915
0.630997 0.762291
0.632652 0.576904
0.634603 0.359173
0.634635 0.579380
0.635473 0.469440
0.635873 0.668945
0.636745 0.533394
0.636967 0.798502
0.638888 0.741816
0.638983 0.719430
0.639175 0.458937
0.640197 0.454619
0.641004 0.649783
0.641377 0.525245
0.643993 0.804901
0.645577 0.439166
0.645998 0.570022
0.646155 0.768356
0.647047 0.747277
0.647582 0.582673
0.649089 0.329472
0.649459 0.603446
0.650343 0.438018
0.650682 0.558515
0.651466 0.553593
0.651808 0.537928
0.654880 0.518118
0.655891 0.747396
0.656106 0.411002
0.656713 0.737564
0.657803 0.605538
0.658556 0.476500
0.658662 0.623883
0.658929 0.610199
0.659064 0.619608
0.659115 0.777420
0.660078 0.428329
0.660253 0.569529
0.661770 0.520285
0.661922 0.502644
0.663153 0.715597
0.664353 0.655996
0.664433 0.568849
0.664646 0.545919
0.665460 0.592172
0.665955 0.471079
0.667097 0.666498
0.667113 0.814340
0.668461 0.570993
0.669362 0.294626
0.669570 0.573037
0.669772 0.584210
0.670201 0.707395
0.671249 0.582298
0.671844 0.677526
0.673630 0.683325
0.676063 0.832024
0.676067 0.688659
0.676385 0.498903
0.678011 0.485979
0.679765 0.420537
0.680560 0.790896
0.681096 0.641111
0.681531 0.652521
0.681955 0.603211
0.683400 0.513409
0.683489 0.779633
0.684656 0.713415
0.686316 0.517094
0.686667 0.706308
0.687807 0.771729
0.687829 0.615090
0.688029 0.653883
0.690401 0.766347
0.690486 0.600246
0.691741 0.670796
0.698357 0.755134
0.698639 0.616565
0.699651 0.684237
0.702495 0.494734
0.703109 0.667729
0.703818 0.752561
0.704816 0.548342
0.706939 0.517895
0.707214 0.665710
0.707310 0.631235
0.707382 0.654467
0.707683 0.537435
0.708189 0.600193
0.709465 0.659027
0.710200 0.630064
0.711829 0.553098
0.712401 0.670924
0.712766 0.679741
0.713369 0.551148
0.714486 0.583992
0.716039 0.670275
0.716973 0.483973
0.717607 0.841904
0.717837 0.638023
0.718644 0.319246
0.719875 0.770879
0.719909 0.803390
0.720406 0.379793
0.724849 0.505111
0.726429 0.553681
0.726684 0.679971
0.727609 0.873395
0.729227 0.663239
0.729240 0.673765
0.730691 0.681558
0.737514 0.646297
0.740692 0.491044
0.744151 0.477383
0.745532 0.658308
0.745724 0.722891
0.746487 0.808990
0.746892 0.510265
0.747537 0.546509
0.750142 0.792094
0.750543 0.861573
0.753661 0.551874
0.754202 0.594171
0.755273 0.648152
0.755513 0.777193
0.755933 0.645841
0.756123 0.656719
0.759561 0.520905
0.767855 0.530452
0.768795 0.517603
0.769165 0.754766
0.770425 0.515046
0.771264 0.837400
0.771728 0.708212
0.774247 0.647079
0.775406 0.769762
0.776214 0.615345
0.777692 0.778476
0.779432 0.599611
0.781128 0.471893
0.782482 0.515821
0.782758 0.571282
0.783297 0.881746
0.787680 0.770800
0.788650 0.572130
0.789906 0.600353
0.791131 0.771559
0.795644 0.620964
0.796847 0.640451
0.798142 0.744026
0.799517 0.578462
0.799791 0.452160
0.803789 0.726177
0.804233 0.699623
0.807210 0.740824
0.810193 0.555878
0.811695 0.638692
0.813462 0.915815
0.813921 0.546265
0.817612 0.571256
0.818751 0.709558
0.823611 0.705184
0.826311 0.815498
0.826567 0.720180
0.840489 0.447883
0.840653 0.508131
0.842151 0.505213
0.843069 0.892771
0.845100 0.696940
0.846259 0.635225
0.847184 0.482692
0.848271 0.504312
0.861259 0.667512
0.863966 0.891620
0.866289 0.599872
0.874785 0.577873
0.878845 0.663765
0.885838 0.648188
0.889675 0.717493
0.891252 0.880468
0.892389 0.474941
0.893247 0.713577
0.894372 0.697445
0.903890 0.361859
0.905687 1.000000
0.918172 0.720538
0.935662 0.824698
0.939337 0.895144
0.946681 0.687794
0.968165 0.700691
0.993678 0.706296
1.000000 0.686868
