0.000000 0.772813
0.000908 0.563264
0.003540 0.126365
0.006028 0.887151
0.009064 0.509966
0.009653 0.764918
0.010903 0.902312
0.011624 0.541264
0.012713 0.479398
0.014004 0.837790
0.014603 0.477822
0.015310 0.858360
0.015995 0.548136
0.020302 0.878956
0.023046 0.607088
0.026385 0.709359
0.026538 0.854416
0.029755 0.927240
0.030337 0.564508
0.030677 0.723082
0.031428 0.947159
0.032238 0.283991
0.036434 0.935942
0.042706 0.534741
0.048350 0.127865
0.049697 0.848471
0.051025 0.767846
0.054336 0.565783
0.056585 0.620480
0.057034 0.886779
0.057663 0.611384
0.057722 0.487202
0.058319 0.885823
0.058904 0.954579
0.059071 0.608503
0.060580 0.643544
0.060734 0.908582
0.061151 0.378940
0.065265 0.754196
0.065697 0.634675
0.066413 0.712166
0.067218 0.776644
0.067394 0.652209
0.067703 0.728494
0.067779 0.622858
0.070448 0.628218
0.071796 0.780750
0.072343 0.456275
0.074500 0.766056
0.075009 1.000000
0.076105 0.532254
0.076763 0.876453
0.078992 0.461229
0.082853 0.923587
0.083684 0.785724
0.083859 0.598421
0.087670 0.532603
0.088944 0.878097
0.089446 0.302435
0.090465 0.799468
0.091234 0.827677
0.093200 0.811801
0.095948 0.754902
0.096962 0.289863
0.097840 0.723145
0.100217 0.781044
0.103061 0.968145
0.104305 0.881325
0.105989 0.723656
0.108388 0.742733
0.111986 0.837777
0.112474 0.418887
0.113852 0.561365
0.114330 0.047351
0.114369 0.699006
0.117261 0.763441
0.118010 0.333873
0.122885 0.700229
0.125411 0.673898
0.126602 0.583242
0.129528 0.653261
0.132601 0.727426
0.133321 0.894141
0.136635 0.551679
0.140406 0.587854
0.140664 0.418010
0.141244 0.815575
0.142360 0.556384
0.144527 0.929035
0.145195 0.754414
0.147979 0.689992
0.149946 0.302696
0.149950 0.662445
0.151666 0.745086
0.152349 0.360138
0.152484 0.667728
0.152822 0.880314
0.152977 0.836077
0.154728 0.947274
0.160382 0.597195
0.161467 0.870487
0.165555 0.615780
0.166332 0.776819
0.167413 0.769080
0.167827 0.695192
0.168301 0.457493
0.169773 0.644585
0.171950 0.704434
0.172316 0.611476
0.173267 0.891405
0.173936 0.850384
0.174572 0.639723
0.175150 0.781984
0.178917 0.847620
0.180793 0.564176
0.181262 0.636823
0.184360 0.505174
0.185675 0.200361
0.185766 0.398745
0.186638 0.429461
0.186895 0.473502
0.190529 0.820581
0.195931 0.663425
0.199369 0.667188
0.211381 0.759160
0.213791 0.448156
0.219665 0.529387
0.219834 0.742715
0.221919 0.725536
0.222497 0.496724
0.224489 0.495828
0.225959 0.518138
0.228657 0.944479
0.233360 0.796954
0.234226 0.699775
0.234513 0.642272
0.234973 0.398468
0.236001 0.870476
0.237954 0.760261
0.238173 0.612609
0.238498 0.574617
0.239550 0.971012
0.239890 0.673941
0.241719 0.539859
0.247999 0.767428
0.250401 0.546798
0.253111 0.450788
0.253576 0.963444
0.253912 0.754817
0.255700 0.607870
0.258805 0.357560
0.259084 0.845128
0.260002 0.822255
0.260759 0.842116
0.264438 0.373543
0.265274 0.394328
0.266034 0.656831
0.267621 0.437009
0.268269 0.697670
0.268860 0.534276
0.270833 0.941646
0.271803 0.647983
0.272552 0.757716
0.273521 0.630388
0.273939 0.896132
0.276074 0.722705
0.278064 0.843265
0.284010 0.416182
0.287632 0.691402
0.288051 0.955631
0.290264 0.654790
0.301882 0.940017
0.305134 0.495437
0.306202 0.564375
0.312351 0.594975
0.316704 0.691473
0.325135 0.431506
0.325628 0.667370
0.325728 0.419970
0.325980 0.788913
0.327805 0.790841
0.333089 0.766558
0.337573 0.321655
0.338525 0.518662
0.341796 0.814720
0.341923 0.584944
0.343683 0.875466
0.343760 0.762685
0.344810 0.685176
0.346069 0.760509
0.349717 0.424962
0.351135 0.253435
0.352080 0.511216
0.354635 0.850889
0.357533 0.535272
0.357969 0.908135
0.358452 0.947093
0.359264 0.750310
0.361425 0.867118
0.364441 0.652607
0.368086 0.663599
0.370064 0.645064
0.371658 0.883915
0.372979 0.613002
0.374405 0.653311
0.375932 0.711146
0.376177 0.728563
0.381552 0.511201
0.382186 0.604545
0.382393 0.795428
0.384233 0.837154
0.388137 0.652140
0.388869 0.523175
0.389545 0.929183
0.390024 0.236016
0.390537 0.912366
0.390734 0.728283
0.391717 0.698643
0.401008 0.883707
0.401060 0.248550
0.401176 0.873803
0.402529 0.712361
0.406630 0.458104
0.406939 0.707802
0.406959 0.621605
0.407410 0.161029
0.409088 0.640327
0.410446 0.828883
0.411636 0.622456
0.413660 0.733110
0.414062 0.821839
0.415701 0.521561
0.417283 0.629922
0.418398 0.465582
0.424205 0.324980
0.424843 0.690480
0.426735 0.724747
0.431280 0.645181
0.435298 0.792123
0.435919 0.512921
0.436738 0.678049
0.437473 0.590617
0.439086 0.628654
0.439431 0.705771
0.439556 0.689376
0.441203 0.735064
0.442353 0.494155
0.442403 0.894113
0.443438 0.793073
0.446137 0.956631
0.447687 0.414690
0.448389 0.751117
0.453504 0.368168
0.455892 0.932077
0.457261 0.696487
0.457642 0.831703
0.457954 0.527727
0.460630 0.873165
0.462693 0.345446
0.462752 0.568215
0.463514 0.447303
0.466332 0.522037
0.470417 0.551929
0.475505 0.887298
0.477424 0.846263
0.480728 0.526300
0.481118 0.683918
0.481361 0.119452
0.481541 0.867722
0.487134 0.740373
0.487368 0.694241
0.488821 0.471709
0.490532 0.807550
0.491073 0.852473
0.495903 0.748255
0.496123 0.610447
0.497859 0.763343
0.500448 0.787695
0.501007 0.695634
0.502790 0.830764
0.505805 0.788955
0.506984 0.636993
0.507384 0.871104
0.507563 0.587854
0.508059 0.737925
0.509808 0.823331
0.510741 0.824800
0.511002 0.785969
0.511117 0.391206
0.511911 0.454162
0.514861 0.427240
0.515076 0.714810
0.516526 0.744137
0.521652 0.777848
0.522469 0.652124
0.523003 0.434878
0.524081 0.613123
0.524550 0.617771
0.526529 0.747131
0.528590 0.381210
0.529164 0.149084
0.530047 0.718650
0.530681 0.411324
0.532206 0.677499
0.532599 0.328514
0.536840 0.249128
0.537177 0.895086
0.539032 0.653674
0.541965 0.706796
0.544723 0.587197
0.549794 0.483149
0.551888 0.638803
0.552121 0.362161
0.552900 0.551883
0.553963 0.743860
0.555411 0.745406
0.556530 0.639782
0.558562 0.555410
0.559439 0.361344
0.562548 0.523971
0.564361 0.704232
0.567423 0.584755
0.570299 0.697177
0.571776 0.694956
0.575944 0.784981
0.576385 0.775623
0.577148 0.505018
0.577346 0.812721
0.579586 0.729514
0.580348 0.556825
0.581095 0.598905
0.582119 0.567766
0.583550 0.350507
0.584467 0.660216
0.590258 0.865396
0.590535 0.389054
0.591696 0.797635
0.592008 0.906074
0.592204 0.582633
0.592759 0.745539
0.593069 0.618474
0.596728 0.693901
0.599775 0.747714
0.600358 0.617479
0.600790 0.564812
0.601711 0.413565
0.603414 0.374512
0.603436 0.532659
0.603538 0.866539
0.603836 0.439213
0.604220 0.559946
0.608608 0.788477
0.610274 0.672091
0.612319 0.637463
0.612864 0.713663
0.613563 0.615339
0.616176 0.704446
0.617184 0.778614
0.621682 0.770924
0.621970 0.860503
0.622343 0.860758
0.625901 0.731939
0.628008 0.878463
0.639256 0.455068
0.642557 0.804856
0.643604 0.832790
0.645204 0.635912
0.654448 0.258077
0.661599 0.834077
0.661688 0.822718
0.662286 0.821302
0.662447 0.557330
0.662513 0.676431
0.663654 0.687741
0.664703 0.492440
0.665384 0.316121
0.665703 0.557558
0.672142 0.299883
0.672514 0.722473
0.673859 0.838341
0.674408 0.865017
0.675242 0.393727
0.676565 0.856928
0.678473 0.816385
0.679084 0.746522
0.679827 0.570880
0.680951 0.781486
0.683664 0.398377
0.685712 0.388592
0.686090 0.684694
0.686111 0.845800
0.687427 0.476304
0.688578 0.807580
0.688970 0.907578
0.691330 0.529278
0.691334 0.554925
0.692207 0.626598
0.694304 0.681677
0.695846 0.880689
0.701880 0.468921
0.702078 0.369998
0.703865 0.503265
0.704783 0.400611
0.705331 0.711163
0.705370 0.502215
0.705586 0.650964
0.706499 0.754708
0.707068 0.669170
0.709941 0.804171
0.710294 0.418414
0.710489 0.540497
0.710511 0.591806
0.711986 0.809239
0.712079 0.722842
0.713504 0.681223
0.713858 0.764264
0.715679 0.544627
0.717368 0.604336
0.717403 0.853722
0.718048 0.353744
0.718679 0.812735
0.719898 0.575930
0.720326 0.586593
0.721803 0.531473
0.722954 0.797193
0.723922 0.759224
0.730625 0.448261
0.735412 0.494699
0.736678 0.788602
0.737163 0.823490
0.737805 0.550069
0.738850 0.716340
0.740169 0.763235
0.742606 0.464009
0.743970 0.577710
0.747181 0.715519
0.749155 0.432732
0.749634 0.347449
0.750020 0.843539
0.753241 0.263547
0.753417 0.643976
0.755022 0.848003
0.755513 0.682373
0.759700 0.571393
0.764232 0.615747
0.766875 0.661063
0.767402 0.883945
0.768079 0.523885
0.772457 0.682738
0.774108 0.445144
0.775384 0.670193
0.780722 0.857363
0.787196 0.844852
0.788396 0.714382
0.791196 0.720144
0.791445 0.741758
0.793617 0.608246
0.793861 0.516170
0.798289 0.779473
0.799913 0.869990
0.800290 0.741956
0.802062 0.619163
0.803588 0.828019
0.805841 0.685335
0.806951 0.656250
0.810599 0.561394
0.813306 0.660685
0.813613 0.523323
0.816064 0.690246
0.816482 0.277301
0.816949 0.705858
0.817610 0.810672
0.817970 0.507522
0.818841 0.404608
0.819197 0.475854
0.820861 0.322585
0.821901 0.554000
0.823992 0.604296
0.824491 0.568963
0.824968 0.184983
0.825039 0.551172
0.830562 0.397287
0.830631 0.540435
0.830904 0.517368
0.832948 0.624955
0.833260 0.832875
0.833962 0.571421
0.837403 0.538239
0.840231 0.544559
0.841218 0.699193
0.841818 0.809702
0.842752 0.571200
0.843187 0.779440
0.843228 0.476110
0.846310 0.841400
0.847421 0.458397
0.847758 0.765375
0.850561 0.670061
0.852400 0.544932
0.852547 0.619100
0.852585 0.758673
0.852999 0.541929
0.854163 0.562041
0.857160 0.261608
0.857337 0.773779
0.858596 0.548958
0.858935 0.354820
0.859878 0.177812
0.868081 0.673948
0.868617 0.775782
0.869321 0.683503
0.870849 0.576131
0.871838 0.197671
0.872668 0.451718
0.873430 0.716937
0.874437 0.594992
0.879755 0.613569
0.880596 0.528653
0.881632 0.560358
0.882465 0.000000
0.883293 0.509156
0.884369 0.690759
0.885263 0.556144
0.885571 0.623460
0.889660 0.745662
0.890112 0.314893
0.890876 0.541174
0.891821 0.767990
0.892830 0.552461
0.893792 0.607950
0.895944 0.839112
0.896168 0.633285
0.897935 0.457068
0.901416 0.789058
0.902653 0.506392
0.904776 0.473413
0.906716 0.697964
0.907022 0.795811
0.913305 0.768944
0.914323 0.688142
0.914802 0.795714
0.917460 0.727137
0.917527 0.319043
0.920393 0.608706
0.920664 0.781549
0.922159 0.753393
0.923693 0.642853
0.925063 0.558274
0.925327 0.492986
0.925982 0.692500
0.926769 0.768462
0.927229 0.599724
0.927974 0.606879
0.928332 0.483827
0.928595 0.676433
0.932414 0.544803
0.933539 0.457146
0.936790 0.633230
0.937492 0.682917
0.937588 0.771021
0.938656 0.671183
0.940022 0.776726
0.941316 0.799068
0.942050 0.746912
0.943200 0.779991
0.944696 0.566468
0.945544 0.220009
0.948146 0.562036
0.948162 0.838155
0.951421 0.738629
0.954981 0.491324
0.957378 0.732848
0.957755 0.735017
0.958850 0.802916
0.959187 0.598272
0.959255 0.853608
0.959630 0.727963
0.962040 0.352805
0.962811 0.469239
0.965024 0.734765
0.965824 0.480837
0.967653 0.533167
0.969901 0.603190
0.970194 0.686175
0.970626 0.597513
0.973293 0.639493
0.974319 0.664013
0.974382 0.675816
0.974802 0.551539
0.975099 0.791468
0.978261 0.641964
0.978508 0.547473
0.980414 0.689782
0.983262 0.461584
0.983878 0.591957
0.986352 0.467515
0.988788 0.474712
0.989125 0.550595
0.990593 0.507654
0.993432 0.528751
0.993473 0.601682
0.994612 0.773312
0.994622 0.781994
0.994919 0.531860
0.995825 0.430980
0.996020 0.427848
0.997817 0.387193
0.998503 0.758040
0.999656 0.473570
0.999897 0.621798
1.000000 0.691398
