0.000000 0.000000
0.104212 0.282610
0.118857 0.359499
0.119538 0.319472
0.127649 0.323818
0.134147 0.396103
0.135866 0.186513
0.159545 0.306712
0.159964 0.156660
0.165631 0.413014
0.166376 0.516654
0.167847 0.226482
0.177694 0.368756
0.178974 0.281065
0.191932 0.199991
0.193646 0.519107
0.195496 0.147067
0.202940 0.192232
0.203836 0.397155
0.214018 0.286681
0.218028 0.593380
0.220611 0.300019
0.223760 0.427343
0.223874 0.237229
0.227321 0.377022
0.227539 0.379607
0.229472 0.250203
0.230867 0.417932
0.232825 0.395134
0.233088 0.437085
0.234169 0.478709
0.235538 0.526515
0.237015 0.228692
0.238285 0.566979
0.245275 0.451411
0.249193 0.477560
0.250759 0.448693
0.250982 0.308825
0.252332 0.325825
0.253653 0.216897
0.255580 0.547553
0.263448 0.371687
0.264843 0.382926
0.266636 0.429653
0.266907 0.256639
0.268087 0.538455
0.268276 0.348969
0.271487 0.291199
0.274771 0.350008
0.276982 0.315317
0.278036 0.297381
0.278094 0.443957
0.278120 0.414316
0.280102 0.405837
0.282336 0.724960
0.283521 0.408985
0.285681 0.462865
0.285835 0.335285
0.286045 0.259163
0.290967 0.433851
0.292974 0.264171
0.295079 0.360845
0.295152 0.277267
0.295387 0.370482
0.298257 0.309364
0.299139 0.514686
0.300304 0.610425
0.301399 0.572681
0.302980 0.392055
0.308005 0.377659
0.309733 0.394994
0.309736 0.467866
0.311071 0.609640
0.311785 0.314569
0.311853 0.389585
0.311870 0.373626
0.313410 0.426787
0.314688 0.346580
0.318983 0.442983
0.319066 0.651166
0.319274 0.288345
0.320202 0.516148
0.321240 0.425092
0.321243 0.528116
0.321433 0.371622
0.322937 0.391909
0.323982 0.335381
0.324572 0.326368
0.324669 0.559040
0.324729 0.349550
0.325203 0.344522
0.326827 0.414480
0.332047 0.300665
0.334364 0.416424
0.335731 0.435506
0.336591 0.522414
0.337350 0.323997
0.338453 0.265334
0.338525 0.383863
0.340504 0.266082
0.341775 0.390723
0.342868 0.349382
0.344019 0.453251
0.344937 0.444443
0.346541 0.302822
0.346556 0.323718
0.349676 0.350747
0.351636 0.498283
0.352156 0.470957
0.352720 0.539789
0.352748 0.627808
0.352823 0.642199
0.354679 0.411268
0.355374 0.500418
0.356940 0.292283
0.357426 0.333777
0.357489 0.545803
0.359287 0.385820
0.359468 0.544459
0.360079 0.547353
0.360932 0.371690
0.361509 0.313467
0.364789 0.393883
0.367031 0.353128
0.367874 0.531221
0.368788 0.424136
0.369078 0.380552
0.369398 0.493282
0.369616 0.345374
0.369803 0.339211
0.370774 0.353865
0.370870 0.555097
0.374840 0.502720
0.377439 0.444001
0.378580 0.458855
0.378948 0.517028
0.379715 0.512681
0.379837 0.618261
0.380140 0.390163
0.380716 0.526775
0.381575 0.352602
0.381746 0.438060
0.381957 0.736512
0.382056 0.563011
0.382807 0.412307
0.382838 0.529837
0.383306 0.518912
0.383329 0.281203
0.383836 0.557761
0.384777 0.531271
0.385874 0.456690
0.386946 0.597709
0.387168 0.629938
0.387305 0.533492
0.387717 0.391133
0.388070 0.376432
0.388513 0.610608
0.390871 0.584431
0.391446 0.622054
0.392189 0.701421
0.392334 0.436797
0.393413 0.413211
0.397697 0.599669
0.398053 0.770911
0.398257 0.493036
0.398349 0.535205
0.398369 0.396549
0.399247 0.366206
0.399477 0.374503
0.399647 0.444971
0.400539 0.382000
0.401005 0.499121
0.401364 0.475954
0.401682 0.450707
0.402139 0.486131
0.402414 0.636088
0.403234 0.515743
0.403546 0.523747
0.404181 0.447140
0.405178 0.566899
0.406991 0.571264
0.407171 0.395608
0.408185 0.902824
0.408460 0.562918
0.409707 0.576600
0.410058 0.459676
0.410898 0.406776
0.411659 0.527425
0.412095 0.447630
0.412279 0.470213
0.412672 0.463089
0.413753 0.350887
0.414057 0.646245
0.415415 0.441165
0.416121 0.424587
0.416503 0.604694
0.416740 0.639211
0.418208 0.522157
0.418217 0.469945
0.418230 0.486114
0.419202 0.389129
0.421023 0.547957
0.422510 0.738309
0.422616 0.435267
0.424281 0.419777
0.425792 0.358743
0.425968 0.401604
0.426088 0.389509
0.426372 0.565541
0.426516 0.450953
0.428046 0.523828
0.428553 0.553933
0.430186 0.529132
0.430897 0.426390
0.432047 0.330445
0.432980 0.529669
0.433005 0.781133
0.433515 0.444087
0.433595 0.557306
0.434083 0.499515
0.435441 0.582534
0.437640 0.487943
0.438554 0.393906
0.439569 0.606199
0.439748 0.354051
0.440094 0.373522
0.440403 0.574499
0.441521 0.639131
0.441585 0.401813
0.441663 0.386582
0.442454 0.425533
0.443182 0.523773
0.443331 0.688588
0.443977 0.341766
0.444181 0.471337
0.444412 0.557746
0.444612 0.578853
0.444698 0.442591
0.444807 0.440229
0.445413 0.512349
0.446217 0.385329
0.446489 0.465848
0.446880 0.503063
0.447267 0.372060
0.447668 0.428555
0.448556 0.798294
0.448693 0.683951
0.448703 0.507946
0.449641 0.382852
0.449953 0.502692
0.450028 0.604964
0.450078 0.594335
0.450299 0.533645
0.451977 0.452718
0.452480 0.660001
0.453083 0.399319
0.453199 0.513586
0.454661 0.519502
0.454721 0.449482
0.455973 0.737981
0.456304 0.457359
0.456360 0.565376
0.456399 0.556362
0.456571 0.499755
0.456682 0.699356
0.456876 0.471366
0.457466 0.566474
0.458973 0.548181
0.460143 0.646707
0.460403 0.702793
0.461126 0.609848
0.462511 0.426843
0.465435 0.693548
0.466389 0.593273
0.466474 0.470061
0.466527 0.713179
0.466684 0.585400
0.466890 0.455329
0.466945 0.689806
0.467492 0.537621
0.467955 0.491811
0.468468 0.530839
0.468869 0.645032
0.469315 0.429627
0.470123 0.501390
0.470304 0.446419
0.470605 0.739642
0.471952 0.489887
0.472042 0.626434
0.473084 0.536041
0.473529 0.494343
0.473808 0.615909
0.473935 0.508796
0.474570 0.385844
0.475290 0.502598
0.475439 0.397063
0.475506 0.592850
0.476083 0.403766
0.476611 0.617864
0.477962 0.429533
0.478282 0.583721
0.478664 0.638017
0.478840 0.552133
0.479105 0.397279
0.479720 0.583565
0.481279 0.403730
0.482275 0.424749
0.482769 0.563774
0.484454 0.410278
0.485184 0.448108
0.486196 0.547081
0.486561 0.457044
0.487128 0.501116
0.487527 0.528986
0.487674 0.455397
0.490416 0.557136
0.491351 0.569109
0.491612 0.593585
0.491686 0.430867
0.491829 0.481218
0.491897 0.500343
0.492067 0.532612
0.492364 0.507091
0.492760 0.453257
0.493262 0.524240
0.493308 0.532123
0.493771 0.507893
0.495287 0.542512
0.495357 0.423627
0.496049 0.509819
0.496276 0.677086
0.496289 0.393810
0.496522 0.466447
0.496989 0.528448
0.498137 0.483020
0.498508 0.465952
0.498609 0.765364
0.499517 0.651473
0.499965 0.591551
0.500018 0.600993
0.500548 0.379671
0.500910 0.436055
0.501325 0.791531
0.501839 0.600819
0.502109 0.747784
0.503105 0.463947
0.503242 0.431842
0.503735 0.503819
0.503821 0.410956
0.503920 0.517849
0.505509 0.421595
0.505593 0.484723
0.505619 0.473468
0.508309 0.694163
0.508310 0.644312
0.509254 0.410616
0.509580 0.483011
0.509813 0.564567
0.509965 0.655241
0.510758 0.706859
0.511698 0.431991
0.511924 0.529787
0.512155 0.571641
0.512988 0.467440
0.515569 0.462649
0.516014 0.414776
0.516619 0.448105
0.518147 0.471817
0.518312 0.470608
0.518741 0.496734
0.518862 0.779005
0.519366 0.443882
0.519751 0.420842
0.519848 0.457973
0.521351 0.480921
0.522446 0.424883
0.523687 0.632155
0.523862 0.510618
0.525504 0.699466
0.525862 0.696419
0.526778 0.610492
0.527402 0.900684
0.527850 0.552439
0.528392 0.666369
0.529334 0.628780
0.530238 0.594215
0.530698 0.491046
0.530736 0.457654
0.530872 0.571789
0.530958 0.459042
0.531575 0.435828
0.532335 0.599962
0.532627 0.362870
0.533318 0.748925
0.533378 0.486529
0.533464 0.590186
0.534107 0.490815
0.534468 0.457876
0.535953 0.577771
0.536455 0.522737
0.536502 0.583471
0.536666 0.381124
0.536838 0.551672
0.537485 0.506004
0.537830 0.410241
0.538350 0.435698
0.538454 0.443059
0.538539 0.424519
0.538672 0.838915
0.539061 0.595935
0.539102 0.709572
0.539501 0.499117
0.539817 0.579729
0.540533 0.526806
0.541517 0.506105
0.541894 0.492719
0.542231 0.630344
0.542268 0.414023
0.542349 0.476411
0.543302 0.477068
0.544178 0.628712
0.544223 0.567705
0.544737 0.422671
0.545919 0.689912
0.547798 0.422233
0.547955 0.789924
0.548718 0.572557
0.549425 0.767960
0.549726 0.506920
0.549780 0.646104
0.550575 0.580834
0.550938 0.682285
0.551482 0.633491
0.552799 0.551663
0.552815 0.619404
0.553916 0.708336
0.554036 0.439445
0.554331 0.486252
0.555541 0.559574
0.556934 0.578197
0.557724 0.518583
0.557870 0.717909
0.558324 0.490067
0.558530 0.656477
0.559040 0.508169
0.559496 0.743218
0.559744 0.454168
0.560330 0.641405
0.561758 0.465826
0.562015 0.545518
0.563251 0.515422
0.563471 0.533066
0.563723 0.443517
0.564070 0.539689
0.564469 0.632146
0.564477 0.549727
0.564587 0.655028
0.565290 0.542850
0.567519 0.480362
0.568440 0.594107
0.571744 0.695813
0.572629 0.556592
0.573653 0.519603
0.573965 0.531926
0.574995 0.570591
0.576096 0.549718
0.577627 0.636114
0.578608 0.601873
0.578758 0.424964
0.581517 0.651291
0.583187 0.533785
0.584285 0.637817
0.584569 0.617124
0.585169 0.574864
0.585606 0.633573
0.587238 0.469267
0.587243 0.718598
0.588206 0.718843
0.588262 0.542398
0.588756 0.532919
0.589938 0.405691
0.590326 0.671993
0.590696 0.512596
0.590859 0.533780
0.591322 0.607823
0.591957 0.646776
0.593547 0.511606
0.595281 0.499309
0.596698 0.720187
0.596795 0.460125
0.598741 0.529361
0.598784 0.482289
0.598802 0.670925
0.598828 0.708970
0.600157 0.437838
0.601215 0.859442
0.601583 0.404608
0.601687 0.608843
0.601748 0.515618
0.602055 0.401385
0.602068 0.605449
0.602456 0.502396
0.603070 0.606782
0.604000 0.766309
0.604151 0.560365
0.606022 0.469929
0.606881 0.424733
0.606992 0.543405
0.607066 0.638443
0.608090 0.652292
0.608799 0.725103
0.608994 0.458102
0.609219 0.650544
0.609472 0.411594
0.609597 0.557996
0.610873 0.546646
0.611343 0.979193
0.612275 0.561761
0.614095 0.670817
0.614182 0.543528
0.614634 0.434268
0.615044 0.449742
0.615236 0.497104
0.615468 1.000000
0.615663 0.507933
0.616662 0.712760
0.616788 0.571306
0.616917 0.458078
0.618759 0.486504
0.619108 0.426982
0.619867 0.436167
0.620763 0.429539
0.622565 0.670756
0.622929 0.478973
0.623440 0.503812
0.623568 0.736949
0.623797 0.447227
0.624750 0.432803
0.624793 0.471054
0.625249 0.594624
0.625373 0.449014
0.625735 0.466662
0.625968 0.543291
0.626006 0.521393
0.627270 0.552461
0.629477 0.608733
0.629732 0.581921
0.631209 0.469323
0.631484 0.515753
0.631778 0.664915
0.633071 0.540127
0.633401 0.579650
0.633727 0.590245
0.634346 0.568573
0.634875 0.696180
0.634929 0.562420
0.634966 0.588349
0.636627 0.606970
0.637601 0.563125
0.637709 0.650844
0.638140 0.548273
0.638775 0.459594
0.639648 0.461477
0.642188 0.551353
0.643789 0.478461
0.644320 0.468233
0.644792 0.565500
0.646030 0.551661
0.647058 0.523600
0.647823 0.433086
0.648169 0.637775
0.648181 0.617384
0.648357 0.635607
0.649986 0.604637
0.650842 0.520995
0.651624 0.558072
0.653117 0.497678
0.654333 0.580818
0.655018 0.550163
0.655398 0.535191
0.655415 0.836532
0.655592 0.487485
0.656794 0.722654
0.657241 0.546816
0.658827 0.595060
0.660933 0.489119
0.660968 0.712927
0.661124 0.669412
0.661788 0.555659
0.663664 0.573824
0.664208 0.441946
0.664314 0.554450
0.665132 0.542254
0.666260 0.584189
0.666309 0.513944
0.668516 0.531741
0.669768 0.405983
0.671065 0.709910
0.671579 0.510175
0.671685 0.534180
0.672554 0.548596
0.672818 0.476636
0.674462 0.648576
0.675368 0.593261
0.676447 0.552033
0.676965 0.443666
0.678311 0.564957
0.679420 0.663510
0.679596 0.645622
0.679825 0.537659
0.680872 0.522670
0.681902 0.800171
0.682090 0.645485
0.682454 0.708672
0.683224 0.537887
0.683665 0.493209
0.685283 0.586222
0.686054 0.544789
0.688006 0.797095
0.688029 0.533080
0.688332 0.524286
0.690623 0.448743
0.691556 0.498391
0.691606 0.453698
0.691950 0.539548
0.692101 0.546831
0.692287 0.465665
0.692922 0.513643
0.693732 0.492946
0.694697 0.722569
0.694719 0.539641
0.696577 0.494654
0.700074 0.620753
0.700848 0.683656
0.700916 0.561162
0.704203 0.587587
0.705610 0.633584
0.705840 0.485443
0.707398 0.661047
0.707688 0.577872
0.708544 0.627571
0.709251 0.466566
0.711283 0.737418
0.711395 0.687131
0.711851 0.588681
0.711950 0.597967
0.712567 0.592307
0.713456 0.669707
0.713546 0.633699
0.714193 0.533033
0.714530 0.742822
0.714667 0.562986
0.714840 0.578705
0.715728 0.607763
0.720235 0.540904
0.720481 0.621588
0.721228 0.558135
0.721419 0.615732
0.722133 0.545239
0.722685 0.616453
0.722777 0.701391
0.728756 0.476164
0.729481 0.610118
0.729718 0.470847
0.729787 0.687475
0.733513 0.524329
0.733519 0.543242
0.735117 0.793227
0.736824 0.539505
0.737147 0.476729
0.743409 0.525030
0.744176 0.736709
0.745662 0.726727
0.747419 0.513842
0.748621 0.688765
0.749763 0.828472
0.750209 0.548015
0.751707 0.759197
0.752761 0.479713
0.754154 0.595082
0.757544 0.734780
0.759117 0.805970
0.759666 0.708984
0.760005 0.598286
0.762891 0.472083
0.764753 0.464109
0.765138 0.758714
0.768970 0.434969
0.769059 0.457465
0.776107 0.553271
0.778985 0.488863
0.785232 0.552157
0.788755 0.552514
0.793661 0.556796
0.796077 0.634753
0.801297 0.799871
0.802799 0.688423
0.810086 0.734950
0.810588 0.501982
0.815883 0.621817
0.816367 0.640116
0.817343 0.610630
0.818320 0.640538
0.820624 0.569880
0.821320 0.515858
0.829712 0.572223
0.829979 0.733185
0.929346 0.550112
0.945425 0.702843
1.000000 0.710499
