0.000000 0.039294
0.015118 0.358974
0.015203 0.009056
0.052879 0.266092
0.056772 0.253032
0.063957 0.000000
0.068202 0.130927
0.068843 0.158637
0.072434 0.045325
0.074963 0.207436
0.078498 0.642407
0.078741 0.280865
0.083998 0.014667
0.086085 0.190427
0.096711 0.277156
0.100423 0.555709
0.105857 0.381001
0.107704 0.292652
0.113754 0.498348
0.122344 0.365158
0.126776 0.336158
0.128391 0.315036
0.128510 0.214482
0.134759 0.162677
0.136777 0.086728
0.138856 0.292930
0.141663 0.177998
0.153395 0.234868
0.153900 0.306349
0.155226 0.352965
0.156085 0.127211
0.158753 0.247169
0.160360 0.250998
0.161162 0.174755
0.165987 0.330609
0.169826 0.556478
0.172746 0.185077
0.173311 0.558751
0.176180 0.064586
0.178729 0.098943
0.188953 0.534670
0.190085 0.107887
0.190822 0.469842
0.198667 0.206151
0.198736 0.220546
0.200057 0.048847
0.200712 0.437494
0.202332 0.368095
0.203961 0.488685
0.212501 0.473921
0.217853 0.274244
0.218720 0.310872
0.222269 0.068547
0.223659 0.575528
0.226432 0.383226
0.228857 0.614526
0.230895 0.213376
0.231734 0.383397
0.232204 0.063535
0.232683 0.481268
0.232999 0.496734
0.233777 0.455075
0.233943 0.223447
0.234066 0.298050
0.234140 0.420830
0.234397 0.506649
0.234417 0.277293
0.237176 0.265433
0.237949 0.416105
0.241856 0.280828
0.241894 0.232846
0.242785 0.772621
0.244203 0.240141
0.244315 0.258242
0.249179 0.249535
0.250521 0.373717
0.251419 0.361675
0.251837 0.334687
0.253128 0.202718
0.256340 0.419439
0.257536 0.037726
0.257736 0.282442
0.258217 0.258609
0.259960 0.238469
0.260093 0.304893
0.260190 0.199433
0.261738 0.150877
0.261870 0.534118
0.262450 0.227403
0.263929 0.463297
0.264247 0.130954
0.266981 0.246246
0.267333 0.452793
0.267970 0.397309
0.269571 0.249664
0.269578 0.506494
0.271762 0.035442
0.272462 0.190392
0.272592 0.141338
0.272831 0.519883
0.273183 0.201018
0.273201 0.148976
0.273257 0.092675
0.273852 0.192499
0.275048 0.436958
0.275621 0.278478
0.276014 0.535066
0.276854 0.247633
0.276879 0.524616
0.276933 0.306960
0.277754 0.216961
0.278759 0.337364
0.279039 0.291802
0.279402 0.109283
0.279707 0.238587
0.280556 0.687175
0.280556 0.070416
0.280844 0.363473
0.281509 0.485778
0.281968 0.178472
0.282264 0.075956
0.282667 0.181232
0.283055 0.199015
0.284127 0.232125
0.284140 0.130473
0.285519 0.193190
0.287072 0.377272
0.287660 0.428921
0.287705 0.953500
0.287705 0.244552
0.288213 0.210947
0.288905 0.203002
0.289528 0.327996
0.289959 0.280725
0.290305 0.390967
0.290524 0.117520
0.290637 0.468033
0.292886 0.144705
0.293047 0.258342
0.293083 0.294003
0.295119 0.210368
0.295276 0.333767
0.295430 0.549699
0.297143 0.063318
0.297272 0.513068
0.297347 0.066038
0.297920 0.271259
0.298308 0.388353
0.298879 0.413470
0.299176 0.334468
0.299335 0.416688
0.300600 0.213952
0.301614 0.217058
0.301906 0.631980
0.302463 0.172318
0.302994 0.347294
0.303411 0.420505
0.303906 0.340304
0.304292 0.429832
0.304417 0.322655
0.304446 0.420810
0.304870 0.415263
0.306494 0.245824
0.306507 0.136555
0.307511 0.366123
0.307633 0.305075
0.308223 0.377199
0.308982 0.293935
0.309082 0.236347
0.309366 0.142601
0.309457 0.373026
0.309535 0.630000
0.310263 0.333253
0.310746 0.286693
0.312191 0.320843
0.313538 0.239238
0.315252 0.465401
0.315595 0.278194
0.316584 0.230496
0.316617 0.032455
0.317427 0.162867
0.318613 0.434712
0.319701 0.672577
0.320010 0.563001
0.321319 0.278555
0.321960 0.098927
0.323212 0.232564
0.324412 0.250090
0.324489 0.647912
0.324506 0.071630
0.324758 0.555483
0.324828 0.376986
0.326124 0.147759
0.326130 0.289323
0.326743 0.330480
0.326911 0.175501
0.327057 0.438429
0.327708 0.854124
0.328163 0.175821
0.328636 0.248631
0.329393 0.270387
0.329463 0.207332
0.329829 0.082051
0.329891 0.264447
0.330955 0.371903
0.331494 0.437707
0.332432 0.327346
0.333825 0.507149
0.334019 0.191763
0.334291 0.357554
0.335060 0.372871
0.335539 0.418734
0.336748 0.605202
0.338770 0.139482
0.338815 0.294822
0.339612 0.310743
0.340440 0.374381
0.341455 0.055831
0.341496 0.193171
0.342088 0.260492
0.342690 0.677735
0.343927 0.153138
0.344490 0.153826
0.344970 0.042891
0.344998 0.316384
0.345317 0.428155
0.346403 0.238718
0.346593 0.328129
0.347101 0.292161
0.348486 0.577388
0.348956 0.112876
0.349402 0.438446
0.349727 0.216286
0.351705 0.093771
0.352170 0.298164
0.352448 0.282628
0.354136 0.440118
0.355071 0.100119
0.355206 0.167047
0.355563 0.347076
0.356996 0.324765
0.358178 0.495640
0.358895 0.519766
0.359164 0.217857
0.360082 0.092835
0.361103 0.301798
0.361234 0.547082
0.361338 0.358527
0.361541 0.543054
0.361600 0.255183
0.361629 0.261133
0.362067 0.302492
0.362152 0.505791
0.362371 0.164916
0.362618 0.473297
0.363254 0.255046
0.363370 0.255921
0.364502 0.758369
0.364806 0.290230
0.365575 0.235128
0.365827 0.563429
0.366257 0.167976
0.366385 0.308091
0.366591 0.539667
0.366809 0.530129
0.367338 0.637704
0.367942 0.260087
0.368140 0.292082
0.368779 0.226417
0.368852 0.211489
0.370289 0.434522
0.371163 0.233115
0.372351 0.464293
0.373339 0.155852
0.373477 0.455386
0.373852 0.203214
0.374431 0.239175
0.374721 0.511664
0.375027 0.053831
0.375889 0.374221
0.375928 0.193470
0.376008 0.306505
0.376175 0.426656
0.376445 0.460621
0.377540 0.205702
0.377722 0.043463
0.377734 0.133308
0.377801 0.314889
0.377948 0.323615
0.378138 0.111514
0.378404 0.597277
0.378449 0.321216
0.378615 0.245195
0.378749 0.218018
0.378827 0.317194
0.379055 0.626626
0.380068 0.316052
0.380497 0.356676
0.380671 0.379003
0.380810 0.176818
0.381700 0.104666
0.382718 0.481234
0.382754 0.112310
0.383263 0.177768
0.383312 0.107041
0.385540 0.652656
0.385677 0.801765
0.385756 0.310657
0.385947 0.358393
0.386732 0.239588
0.387091 0.270949
0.388056 0.182732
0.388641 0.346587
0.388824 0.200675
0.388886 0.264399
0.389008 0.499539
0.389716 0.075515
0.390094 0.213089
0.390585 0.610326
0.390812 0.202098
0.391654 0.104625
0.392102 0.133637
0.392213 0.709845
0.393323 0.217925
0.393602 0.167044
0.393944 0.605126
0.394159 0.457402
0.394871 0.400465
0.395407 0.159555
0.395693 0.300285
0.396118 0.216154
0.396344 0.081715
0.396921 0.207606
0.397348 0.536472
0.397698 0.040640
0.397840 0.261498
0.398658 0.202916
0.399148 0.290891
0.399200 0.479576
0.399356 0.465685
0.400577 0.188662
0.400652 0.269619
0.400919 0.150505
0.401546 0.410500
0.401976 0.598724
0.402784 0.302309
0.402844 0.162572
0.403299 0.313841
0.403316 0.336681
0.403401 0.431650
0.403469 0.441539
0.403759 0.332153
0.404491 0.428756
0.405084 0.672780
0.405143 0.098450
0.405527 0.667519
0.405946 0.468135
0.406225 0.384118
0.406944 0.521344
0.407399 0.057276
0.407546 0.242714
0.408642 0.347444
0.409324 0.065292
0.409377 0.186417
0.409472 0.651922
0.410032 0.355369
0.410321 0.452779
0.410391 0.422112
0.410792 0.397027
0.410810 0.122230
0.411358 0.228410
0.412084 1.000000
0.412215 0.348522
0.413243 0.073096
0.413322 0.201539
0.413615 0.520751
0.413949 0.360582
0.414243 0.187850
0.414742 0.570967
0.415442 0.400570
0.415782 0.326627
0.416783 0.248326
0.416834 0.099399
0.416881 0.258928
0.417067 0.378725
0.417072 0.371283
0.417101 0.260002
0.417558 0.243298
0.417698 0.515358
0.418401 0.228704
0.418415 0.314818
0.419669 0.379001
0.419703 0.265752
0.420115 0.448241
0.420716 0.319081
0.420843 0.072926
0.420845 0.259244
0.421397 0.397068
0.421751 0.285541
0.422143 0.096500
0.422833 0.433737
0.423094 0.298548
0.423701 0.461381
0.423816 0.442323
0.424257 0.351835
0.424277 0.171470
0.425639 0.341383
0.425640 0.307045
0.425896 0.310990
0.426114 0.356241
0.426528 0.499247
0.427341 0.136798
0.428650 0.438553
0.430374 0.442432
0.431605 0.444516
0.432177 0.282433
0.432263 0.263860
0.432652 0.263019
0.432896 0.284117
0.433448 0.184035
0.433603 0.496986
0.433857 0.187483
0.434096 0.509758
0.434196 0.254154
0.434580 0.454116
0.434649 0.467832
0.435825 0.182102
0.436064 0.281367
0.436685 0.124514
0.436757 0.141462
0.436900 0.237236
0.436920 0.358264
0.436940 0.376471
0.437251 0.359468
0.437730 0.483030
0.437873 0.116583
0.438452 0.257825
0.438605 0.606139
0.439066 0.447414
0.440219 0.220412
0.440396 0.500006
0.440590 0.223459
0.440599 0.079118
0.440870 0.353837
0.441153 0.290479
0.442056 0.537555
0.442170 0.508797
0.442248 0.288390
0.442570 0.442354
0.443299 0.302337
0.443429 0.255401
0.443649 0.584009
0.443650 0.211036
0.443726 0.165270
0.444040 0.488950
0.444452 0.134114
0.445086 0.188272
0.445218 0.150278
0.446243 0.329832
0.446270 0.429715
0.446302 0.075038
0.446337 0.246113
0.446377 0.314921
0.447036 0.255365
0.448343 0.466868
0.448486 0.301359
0.448486 0.352019
0.449503 0.194060
0.449876 0.261128
0.450517 0.082118
0.450742 0.458619
0.451040 0.246374
0.451468 0.224110
0.451679 0.261091
0.451899 0.850453
0.452009 0.224685
0.452529 0.387019
0.452948 0.217376
0.452973 0.034812
0.453214 0.298654
0.454934 0.111798
0.455245 0.160476
0.456327 0.156015
0.456525 0.021323
0.456597 0.253525
0.456826 0.514394
0.456995 0.572627
0.457277 0.480747
0.457502 0.899523
0.457892 0.672521
0.458195 0.190662
0.458546 0.557258
0.458687 0.520050
0.458698 0.162792
0.459175 0.299052
0.459271 0.233660
0.459583 0.114299
0.459681 0.535690
0.460373 0.308425
0.460475 0.413439
0.460511 0.388533
0.460799 0.363288
0.461862 0.155791
0.462484 0.634322
0.462574 0.135808
0.462607 0.214291
0.462683 0.117193
0.462701 0.316297
0.462705 0.651159
0.462913 0.309816
0.463052 0.305517
0.463365 0.520942
0.463641 0.462172
0.463649 0.175664
0.464120 0.345982
0.464133 0.518053
0.464753 0.501799
0.464973 0.504186
0.465441 0.563431
0.465670 0.394919
0.466252 0.523945
0.467258 0.495043
0.467778 0.466012
0.467874 0.511132
0.468187 0.185746
0.468707 0.172392
0.469097 0.476096
0.469178 0.556484
0.470135 0.111711
0.470190 0.284562
0.470646 0.325928
0.470672 0.220107
0.470720 0.158472
0.470963 0.115667
0.472637 0.141125
0.472728 0.289860
0.472788 0.169542
0.472872 0.486005
0.473219 0.284876
0.473420 0.017287
0.473500 0.371314
0.473667 0.411805
0.473747 0.300615
0.473862 0.274880
0.474332 0.310563
0.474492 0.079851
0.474535 0.076240
0.474671 0.786092
0.474961 0.519808
0.475215 0.608604
0.475358 0.203627
0.475477 0.144735
0.476004 0.692036
0.476143 0.467836
0.476300 0.249657
0.476511 0.447353
0.477220 0.073612
0.478159 0.466506
0.478272 0.347345
0.478345 0.399798
0.479357 0.518798
0.479458 0.446438
0.479504 0.451533
0.480048 0.251417
0.480068 0.252731
0.480098 0.480231
0.481444 0.397149
0.481484 0.157003
0.482332 0.225853
0.482342 0.236868
0.482996 0.221239
0.483188 0.418446
0.483352 0.857979
0.483522 0.305078
0.483583 0.191164
0.483626 0.237303
0.483960 0.212299
0.484881 0.513044
0.484974 0.152599
0.485942 0.184318
0.486179 0.516919
0.486281 0.287405
0.486375 0.422589
0.487201 0.626129
0.487555 0.088111
0.488036 0.145023
0.488585 0.495591
0.489289 0.411542
0.489368 0.359421
0.489608 0.637655
0.489854 0.485918
0.490550 0.266959
0.491422 0.193492
0.491592 0.408170
0.491831 0.408822
0.491934 0.430366
0.492054 0.647327
0.492630 0.480713
0.492840 0.241225
0.493048 0.293838
0.493259 0.261077
0.493895 0.347217
0.494710 0.226913
0.494880 0.236749
0.495038 0.200878
0.495090 0.085629
0.495674 0.571326
0.496004 0.660141
0.496415 0.454025
0.496450 0.339054
0.497800 0.113420
0.497986 0.384860
0.498349 0.081715
0.498470 0.367708
0.499503 0.077456
0.500347 0.532843
0.500355 0.319943
0.500527 0.231841
0.501281 0.224927
0.502225 0.415098
0.502248 0.755440
0.502378 0.259583
0.502378 0.458635
0.502602 0.129956
0.502614 0.269788
0.502806 0.253358
0.503194 0.446998
0.504312 0.299641
0.504392 0.302736
0.504774 0.276077
0.505021 0.295399
0.505077 0.244729
0.505574 0.623835
0.505608 0.067347
0.505870 0.115084
0.506512 0.151824
0.507110 0.309504
0.507692 0.406531
0.507908 0.293284
0.508096 0.748543
0.509094 0.067974
0.509239 0.355300
0.509424 0.397927
0.509658 0.305535
0.510032 0.386822
0.510339 0.421354
0.510340 0.325122
0.510477 0.381411
0.510603 0.330356
0.511103 0.296444
0.511368 0.613457
0.511835 0.246863
0.513076 0.440261
0.513616 0.198858
0.514133 0.312322
0.514861 0.270803
0.514937 0.252864
0.515118 0.295452
0.515272 0.241458
0.515300 0.163533
0.515767 0.499243
0.515849 0.495795
0.515853 0.271514
0.516114 0.416132
0.516338 0.505226
0.517313 0.249553
0.517320 0.106861
0.517553 0.513921
0.518048 0.327778
0.518785 0.145426
0.519036 0.241564
0.519077 0.385041
0.519330 0.447686
0.519389 0.490891
0.519605 0.326361
0.519670 0.447565
0.519739 0.444439
0.520189 0.100179
0.520424 0.132675
0.520610 0.190604
0.520723 0.302338
0.521360 0.177648
0.521607 0.231781
0.521980 0.475927
0.522131 0.487021
0.522235 0.401399
0.522356 0.828577
0.522375 0.367263
0.522566 0.285489
0.523109 0.341388
0.523648 0.269440
0.524252 0.097844
0.524555 0.397128
0.524897 0.357051
0.525107 0.089254
0.525583 0.488924
0.525851 0.437962
0.525917 0.242939
0.526438 0.300371
0.526674 0.208630
0.527169 0.553882
0.527867 0.493693
0.527895 0.498109
0.528119 0.524795
0.528906 0.112232
0.529201 0.314057
0.529315 0.126432
0.529517 0.218558
0.529530 0.711939
0.529979 0.411875
0.529995 0.483116
0.530691 0.299687
0.531230 0.080678
0.531656 0.284494
0.531709 0.353598
0.531710 0.368202
0.531949 0.229934
0.532051 0.429332
0.532116 0.709027
0.532138 0.251785
0.532163 0.342831
0.532325 0.094704
0.532885 0.606861
0.532958 0.237816
0.533161 0.284629
0.533870 0.385665
0.534230 0.148523
0.534756 0.191200
0.534928 0.341971
0.535029 0.170500
0.535071 0.332724
0.535206 0.424193
0.535355 0.403166
0.535849 0.298290
0.536024 0.458758
0.536707 0.358605
0.536840 0.304597
0.537017 0.488190
0.538036 0.042550
0.538126 0.154733
0.539978 0.372318
0.540028 0.432798
0.540159 0.517863
0.540661 0.184583
0.540871 0.486208
0.541186 0.147228
0.541344 0.606535
0.541495 0.268733
0.541556 0.357037
0.541790 0.269078
0.542018 0.140549
0.542019 0.619469
0.542041 0.434769
0.542236 0.677362
0.542764 0.365832
0.543086 0.438459
0.543272 0.274573
0.543294 0.363613
0.544000 0.201100
0.545464 0.462973
0.545520 0.339982
0.545735 0.172552
0.545860 0.111400
0.546059 0.516187
0.546227 0.339552
0.546277 0.173628
0.546685 0.098983
0.547694 0.448045
0.547865 0.189805
0.549013 0.363425
0.549390 0.421983
0.549851 0.470771
0.549959 0.288483
0.550736 0.457961
0.551680 0.632972
0.551690 0.454182
0.553810 0.266348
0.554565 0.502223
0.555190 0.206221
0.555508 0.157415
0.555747 0.117190
0.555804 0.212229
0.555826 0.425539
0.556303 0.528809
0.556652 0.342631
0.556917 0.131444
0.557692 0.568789
0.558007 0.214558
0.558260 0.407772
0.559311 0.447540
0.559434 0.603998
0.559764 0.640935
0.560200 0.127231
0.560401 0.316383
0.560413 0.354363
0.560604 0.158532
0.560881 0.410020
0.560956 0.444588
0.561387 0.352362
0.561683 0.606098
0.561777 0.087103
0.563109 0.535315
0.563538 0.136089
0.564025 0.211187
0.564201 0.234957
0.565012 0.241701
0.565226 0.325620
0.565463 0.220547
0.565817 0.575408
0.566794 0.695317
0.566800 0.221406
0.567406 0.438742
0.567651 0.247038
0.567789 0.532247
0.568022 0.308721
0.568052 0.185925
0.568398 0.672624
0.569068 0.637586
0.569432 0.246283
0.569460 0.142738
0.570398 0.272853
0.570463 0.402605
0.570901 0.622627
0.571153 0.344874
0.571398 0.374930
0.571685 0.306357
0.572075 0.116113
0.572167 0.542725
0.572224 0.378956
0.574692 0.274659
0.575237 0.428013
0.575290 0.342990
0.575931 0.363029
0.576733 0.049416
0.576854 0.360014
0.577116 0.387292
0.577461 0.400480
0.577470 0.472661
0.578177 0.624392
0.578182 0.211319
0.578194 0.557850
0.578285 0.258959
0.578885 0.582409
0.580236 0.233904
0.580252 0.223518
0.580513 0.341568
0.580540 0.643743
0.581429 0.295760
0.581896 0.619695
0.582506 0.130164
0.584311 0.212616
0.584398 0.176290
0.584847 0.233346
0.585233 0.178428
0.586476 0.352896
0.587346 0.328847
0.588678 0.389322
0.588819 0.222168
0.589998 0.680474
0.590733 0.276085
0.591482 0.312138
0.592415 0.426986
0.592459 0.261832
0.592598 0.254607
0.593770 0.222012
0.594420 0.216488
0.596460 0.247356
0.596627 0.328119
0.596808 0.390679
0.596974 0.564876
0.597768 0.604266
0.598239 0.117731
0.598747 0.507116
0.599555 0.113548
0.599713 0.448131
0.599760 0.357226
0.600102 0.405478
0.600182 0.374015
0.600666 0.430610
0.601323 0.424405
0.602236 0.627293
0.602237 0.481447
0.602304 0.147641
0.602753 0.194698
0.603394 0.331833
0.603495 0.331032
0.604026 0.343431
0.604124 0.211782
0.604446 0.795688
0.604571 0.250577
0.604718 0.421103
0.604906 0.448335
0.605235 0.094118
0.606098 0.491590
0.606506 0.126940
0.606966 0.254630
0.607789 0.342035
0.609945 0.182114
0.610148 0.110233
0.611602 0.440787
0.612738 0.612076
0.612750 0.255344
0.612922 0.189146
0.613253 0.529661
0.613543 0.093375
0.614796 0.326929
0.615085 0.634753
0.615406 0.313077
0.615795 0.337958
0.616399 0.460708
0.616655 0.665096
0.617095 0.422210
0.617455 0.169282
0.620502 0.791396
0.620691 0.454599
0.620855 0.113929
0.621063 0.339766
0.621874 0.367204
0.621993 0.289223
0.622693 0.255464
0.623706 0.274263
0.623798 0.636962
0.623996 0.303099
0.624168 0.396043
0.624974 0.238269
0.625845 0.253052
0.626185 0.243619
0.626311 0.226184
0.626968 0.271234
0.627864 0.456415
0.628670 0.358301
0.628989 0.797959
0.629340 0.165481
0.629361 0.397365
0.630256 0.268626
0.630833 0.196129
0.630999 0.331253
0.631785 0.516332
0.632252 0.317933
0.632405 0.462782
0.633228 0.163447
0.633394 0.544217
0.633871 0.527422
0.634324 0.160873
0.634723 0.533971
0.634895 0.463935
0.635102 0.642969
0.635266 0.402425
0.635546 0.035966
0.636217 0.066965
0.636787 0.349791
0.637086 0.393318
0.638399 0.090503
0.638430 0.326138
0.639181 0.263499
0.639710 0.513542
0.639966 0.298597
0.640149 0.224796
0.640832 0.222198
0.640897 0.395337
0.641028 0.284728
0.641271 0.190728
0.641639 0.335597
0.641748 0.531760
0.642362 0.438683
0.643382 0.159615
0.643407 0.352811
0.644071 0.537423
0.644388 0.471767
0.644601 0.552197
0.644802 0.426806
0.646270 0.572398
0.646445 0.189839
0.647072 0.113446
0.647200 0.310158
0.648265 0.183237
0.648656 0.071150
0.648979 0.616426
0.649150 0.165880
0.649902 0.656821
0.650893 0.095513
0.651000 0.465413
0.652202 0.369452
0.652386 0.228312
0.652637 0.303263
0.652824 0.371104
0.653774 0.116607
0.654091 0.454361
0.656160 0.443005
0.656357 0.379072
0.656720 0.145526
0.657417 0.344755
0.658492 0.453321
0.658686 0.139962
0.658926 0.547429
0.659193 0.492624
0.659633 0.154077
0.659831 0.333762
0.660823 0.131193
0.661096 0.215599
0.661261 0.658473
0.661753 0.092568
0.662121 0.287794
0.663662 0.681303
0.663822 0.278076
0.664116 0.656636
0.665369 0.696725
0.667095 0.400899
0.667796 0.732610
0.667846 0.396845
0.668181 0.294792
0.669277 0.442403
0.670183 0.409355
0.671245 0.411101
0.671362 0.440079
0.671690 0.562835
0.671974 0.576048
0.672930 0.330827
0.674746 0.443897
0.674977 0.431510
0.676141 0.159358
0.676331 0.525589
0.677798 0.432575
0.678365 0.076907
0.678549 0.852911
0.679287 0.421857
0.679438 0.106813
0.679747 0.590347
0.680599 0.253352
0.683327 0.129893
0.683599 0.264983
0.684354 0.154167
0.685335 0.611881
0.685933 0.332888
0.687680 0.223582
0.687706 0.338234
0.687751 0.371086
0.687852 0.540832
0.687969 0.212628
0.688445 0.583426
0.688936 0.178282
0.689941 0.379330
0.690625 0.392393
0.691542 0.455081
0.691629 0.206034
0.694431 0.495624
0.695395 0.227312
0.695432 0.387682
0.695466 0.398638
0.697959 0.569393
0.698249 0.189031
0.700986 0.401786
0.704606 0.284583
0.705651 0.592706
0.705913 0.315166
0.706394 0.413895
0.707112 0.369432
0.707591 0.192699
0.707609 0.344712
0.708020 0.618069
0.708257 0.826138
0.713090 0.776665
0.713440 0.166668
0.715209 0.528006
0.715666 0.184202
0.716453 0.315008
0.716865 0.239119
0.717717 0.177045
0.721652 0.348215
0.722020 0.135113
0.722474 0.218810
0.722659 0.224829
0.723295 0.335139
0.724648 0.201276
0.727247 0.252987
0.728486 0.223497
0.728605 0.334768
0.733026 0.211788
0.737434 0.390490
0.737652 0.402012
0.737992 0.261702
0.739715 0.651996
0.741580 0.430389
0.742041 0.405361
0.742579 0.678158
0.743407 0.198240
0.747682 0.358771
0.748610 0.207907
0.750034 0.667219
0.751069 0.574246
0.751217 0.336629
0.752900 0.404322
0.754852 0.572313
0.756501 0.181591
0.758309 0.266772
0.758583 0.302901
0.759325 0.588041
0.761987 0.323555
0.764087 0.225798
0.764119 0.285676
0.764285 0.390495
0.766946 0.410052
0.767015 0.100131
0.770103 0.579714
0.776178 0.191023
0.777119 0.357180
0.777639 0.135841
0.777806 0.428166
0.780536 0.918274
0.782720 0.198752
0.783567 0.421057
0.783758 0.292337
0.786377 0.290196
0.789318 0.356304
0.789458 0.487820
0.791885 0.404321
0.793416 0.231311
0.797107 0.221786
0.803424 0.716383
0.812852 0.277949
0.814278 0.437541
0.815391 0.399256
0.824279 0.437281
0.824310 0.293340
0.824951 0.302331
0.825540 0.443674
0.828713 0.249393
0.828772 0.084290
0.838346 0.198953
0.845065 0.379619
0.849640 0.183601
0.853974 0.387642
0.857042 0.381211
0.857564 0.571818
0.861108 0.162260
0.861808 0.487080
0.863023 0.609126
0.864529 0.193348
0.875412 0.327724
0.889232 0.080889
0.906449 0.232370
0.925076 0.347025
0.934818 0.533942
0.963035 0.502264
0.970796 0.803195
1.000000 0.491378
