0.000000 0.192830
0.038016 0.083309
0.038920 0.536885
0.065545 0.000000
0.140604 0.187752
0.144037 0.218597
0.145628 0.062350
0.171224 0.164797
0.173225 0.273250
0.181625 0.091897
0.184090 0.389869
0.184412 0.456045
0.190660 0.043634
0.191994 0.468687
0.196069 0.543142
0.206344 0.167971
0.207357 0.300338
0.211683 0.427171
0.224481 0.258784
0.225297 0.139399
0.231578 0.210823
0.238026 0.368553
0.238271 0.349744
0.245074 0.101720
0.246281 0.395053
0.247979 0.312197
0.250512 0.308787
0.255530 0.257862
0.256761 0.521357
0.257705 0.369884
0.259078 0.228761
0.260414 0.338468
0.260736 0.212543
0.265768 0.274562
0.266162 0.463713
0.271969 0.134685
0.274537 0.113980
0.279713 0.324091
0.283830 0.360060
0.285224 0.427955
0.287616 0.366354
0.291481 0.085061
0.291483 0.536272
0.292742 0.286459
0.293164 0.093850
0.294031 0.049907
0.296466 0.077762
0.296951 0.368124
0.299271 0.568944
0.299305 0.629870
0.299316 0.306847
0.301525 0.066421
0.303526 0.466788
0.304087 0.166710
0.304987 0.205510
0.305426 0.525229
0.307337 0.145564
0.308078 0.314061
0.309736 0.171580
0.316665 0.231256
0.317233 0.607957
0.318259 0.141247
0.319183 0.459757
0.319381 0.130713
0.319473 0.414704
0.325812 0.467674
0.326190 0.322062
0.328807 0.629424
0.331252 0.414609
0.331368 0.353026
0.332872 0.310387
0.333301 0.276036
0.333637 0.079158
0.334740 0.625507
0.337825 0.276291
0.338086 0.419107
0.338289 0.125273
0.339652 0.226233
0.340642 0.265161
0.340963 0.220136
0.341902 0.149663
0.342236 0.140791
0.344645 0.119284
0.346017 0.287209
0.347531 0.205209
0.347754 0.255820
0.348179 0.152492
0.349111 0.337087
0.349406 0.226574
0.351299 0.690386
0.351408 0.261940
0.354293 0.462257
0.354842 0.371049
0.355675 0.702977
0.358225 0.338997
0.358321 0.232614
0.359685 0.086350
0.359783 0.161191
0.360128 0.570379
0.360374 0.379111
0.360733 0.202957
0.360824 0.241436
0.360875 0.352498
0.361853 0.447420
0.364152 0.175798
0.364940 0.648512
0.365657 0.277217
0.366500 0.144630
0.366511 0.264739
0.367186 0.341914
0.367338 0.249922
0.367624 0.308757
0.368033 0.593422
0.368147 0.532467
0.368300 0.353726
0.368757 0.318213
0.370172 0.307187
0.370853 0.374349
0.372013 0.431591
0.373882 0.168070
0.373883 0.544292
0.375893 0.234010
0.376706 0.431272
0.377057 0.200002
0.379840 0.610670
0.379842 0.365108
0.380120 0.147105
0.380215 0.369586
0.380746 0.425637
0.380780 0.561414
0.381149 0.199734
0.382709 0.246178
0.382853 0.356236
0.383836 0.189735
0.383873 0.250014
0.384762 0.409562
0.385550 0.181858
0.385756 0.360043
0.385769 0.835963
0.386427 0.488370
0.386462 0.374152
0.386721 0.291142
0.388441 0.324304
0.388463 0.279610
0.388985 0.549555
0.390069 0.276385
0.390449 0.229503
0.391433 0.141369
0.391686 0.437905
0.392988 0.116466
0.393388 0.101734
0.393391 0.227653
0.395228 0.648492
0.396244 0.188596
0.398031 0.313129
0.398121 0.186346
0.398293 0.152154
0.398339 0.161513
0.398593 0.408580
0.398818 0.321643
0.399067 0.108877
0.399816 0.153540
0.400177 0.392972
0.400399 0.467602
0.400534 0.333692
0.400592 0.423665
0.400704 0.229211
0.401010 0.351227
0.401630 0.604801
0.402294 0.165735
0.402537 0.111941
0.402604 0.283764
0.402784 0.157825
0.402963 0.550265
0.403373 0.236908
0.406389 0.154515
0.406831 0.157939
0.407002 0.198716
0.407993 0.617511
0.408132 0.531004
0.408181 0.108023
0.409267 0.623304
0.409770 0.240120
0.411335 0.236960
0.412903 0.217984
0.413795 0.233611
0.413851 0.293209
0.415896 0.167347
0.416465 0.725619
0.416933 0.207514
0.417004 0.117134
0.417101 0.292391
0.417171 0.468667
0.417446 0.403745
0.418584 0.839686
0.419314 0.448185
0.419471 0.352464
0.419566 0.183791
0.420092 0.605816
0.421028 0.136787
0.421349 0.082065
0.421350 0.388919
0.422418 0.327510
0.423201 0.120989
0.423965 0.274304
0.424599 0.444070
0.424797 0.092645
0.425135 0.193264
0.425278 0.179134
0.425614 0.282453
0.425647 0.203812
0.426102 0.166185
0.426397 0.368793
0.426814 0.421780
0.428115 0.215822
0.428794 0.286329
0.430441 0.321461
0.431436 0.601137
0.431648 0.238057
0.431681 0.376382
0.432807 0.292669
0.434146 0.278077
0.434210 0.253412
0.434240 0.182838
0.434968 0.523507
0.435352 0.203871
0.436631 0.539020
0.437159 0.356149
0.438183 0.585205
0.439068 0.193380
0.439297 0.383600
0.439686 0.344579
0.440240 0.406444
0.440829 0.342740
0.440999 0.176470
0.442146 0.748449
0.442752 0.516565
0.443159 0.124927
0.443266 0.168124
0.443297 0.088740
0.443431 0.100085
0.443751 0.334349
0.443762 0.414113
0.444349 0.226603
0.444379 0.272502
0.444434 0.630200
0.444860 0.486214
0.445176 0.214148
0.446633 0.418294
0.446913 0.259508
0.447170 0.365291
0.449570 0.535448
0.449847 0.320894
0.451061 0.322446
0.451672 0.323309
0.453388 0.397954
0.453450 0.316290
0.453472 0.439159
0.453578 0.113634
0.453921 0.147389
0.454580 0.158303
0.454720 0.362994
0.454857 0.225543
0.454976 0.336603
0.455115 0.264695
0.455460 0.362639
0.456158 0.231976
0.457216 0.404737
0.458151 0.500591
0.459640 0.255945
0.460028 0.207553
0.460373 0.183300
0.460429 0.155109
0.461555 0.312577
0.461990 0.210284
0.462011 0.197812
0.462966 0.219192
0.463945 0.448889
0.464563 0.311604
0.464959 0.179751
0.465119 0.246958
0.465361 0.248196
0.465428 0.295538
0.466029 0.302614
0.466680 0.589451
0.466785 0.346025
0.468548 0.386669
0.469507 0.298162
0.470897 0.214863
0.471137 0.266126
0.474664 0.281969
0.476379 0.617472
0.476389 0.402117
0.476737 0.264699
0.477087 0.203800
0.477269 0.541327
0.478784 0.201010
0.478872 0.648286
0.478959 0.278436
0.479709 0.387869
0.479865 0.371154
0.480083 0.461096
0.480327 0.400544
0.480349 0.183326
0.480583 0.297547
0.480718 0.283248
0.480943 0.340629
0.481203 0.426826
0.481723 0.242188
0.482158 0.408141
0.482279 0.295943
0.482410 0.306094
0.482596 0.316886
0.482693 0.194450
0.483657 0.534255
0.484137 0.189400
0.484337 0.412080
0.485583 0.244500
0.486080 0.473705
0.486201 0.410122
0.486300 0.379970
0.486505 0.328865
0.486835 0.309303
0.488245 0.443677
0.488820 0.563631
0.489576 0.720292
0.489660 0.353585
0.490382 0.369794
0.490886 0.498130
0.491097 0.274160
0.492891 0.142639
0.493457 0.194250
0.493463 0.686834
0.493771 0.223772
0.494714 0.501756
0.495977 0.684609
0.496142 0.331322
0.497258 0.174241
0.497331 0.385535
0.497831 0.507879
0.498282 0.234391
0.498792 0.661891
0.499898 0.468543
0.500684 0.505040
0.500695 0.348406
0.501091 0.215925
0.501367 0.464365
0.501814 0.164296
0.502118 0.139046
0.502184 0.231451
0.502598 0.541612
0.502836 0.188436
0.506847 0.326388
0.506973 0.146699
0.507259 0.403498
0.507685 0.198030
0.507920 0.337214
0.508648 0.716404
0.509038 0.200919
0.509132 0.481809
0.509876 0.499453
0.510431 0.738566
0.510574 0.315332
0.511157 0.355083
0.512092 0.596879
0.513052 0.599139
0.513060 0.337427
0.513066 0.342598
0.514531 0.364261
0.514958 0.381329
0.514984 0.293906
0.515451 0.174881
0.515653 0.353191
0.517635 0.447339
0.517752 0.650366
0.518338 0.217891
0.518497 0.394216
0.520660 0.411296
0.521641 0.353989
0.521706 0.483191
0.522031 0.393961
0.522166 0.210690
0.522556 0.304286
0.523220 0.145422
0.523830 0.286837
0.523869 0.577488
0.525491 0.246873
0.525519 0.483262
0.525925 0.148878
0.526253 0.411177
0.526963 0.461502
0.527060 0.610252
0.527570 0.323033
0.527630 0.223803
0.527879 0.493990
0.527909 0.388080
0.529513 0.490256
0.529619 0.397240
0.529817 0.665106
0.530619 0.883019
0.530796 0.342873
0.532480 0.224100
0.532629 0.247263
0.533728 0.597461
0.534343 0.310875
0.535204 0.343373
0.535741 0.308594
0.535905 0.346090
0.536652 0.453506
0.536687 0.416959
0.536760 0.432858
0.537497 0.379534
0.537848 0.265768
0.539668 0.373900
0.539802 0.513083
0.540469 0.244724
0.541148 0.207340
0.541238 0.200681
0.542044 0.168784
0.543397 0.584759
0.543536 0.354331
0.543589 0.425148
0.543629 0.353374
0.543657 0.361031
0.544398 0.369061
0.544460 0.411289
0.545071 0.326500
0.546037 0.142446
0.546597 0.256583
0.546921 0.265659
0.547146 0.693695
0.547168 0.140095
0.547515 0.525056
0.547936 0.382871
0.549049 0.379503
0.549518 0.529462
0.549860 0.613882
0.550650 0.338966
0.551589 0.408794
0.551699 0.791464
0.551775 0.437431
0.553360 0.304362
0.553572 0.769534
0.554236 0.175535
0.555212 0.306911
0.555385 0.249685
0.555881 0.300955
0.556787 0.299579
0.558336 0.303981
0.559539 0.496914
0.559657 0.479822
0.560477 0.336478
0.561602 0.290436
0.561911 0.193136
0.562369 0.284568
0.562808 0.681391
0.562945 0.184576
0.563759 0.618313
0.564279 0.298580
0.564862 0.323404
0.564957 0.115298
0.565302 0.635540
0.565784 0.629681
0.566832 0.410859
0.566939 0.182651
0.567250 0.381175
0.567509 0.231205
0.568444 0.269573
0.568473 0.342649
0.569534 0.184497
0.570149 0.261683
0.570685 0.306515
0.571415 0.305906
0.571783 0.494787
0.572724 0.557433
0.572890 0.385400
0.573166 0.218122
0.573521 0.323120
0.573641 0.378741
0.574645 0.313616
0.574675 0.192931
0.574817 0.398140
0.574862 0.208451
0.575290 0.287636
0.575611 0.466282
0.576161 0.774966
0.576475 0.399764
0.576946 0.204569
0.577657 0.298595
0.577909 0.236965
0.578093 0.509232
0.578376 0.711335
0.578574 0.384559
0.578885 0.522374
0.579522 0.185808
0.580388 0.559520
0.580867 0.298028
0.581636 0.582236
0.581848 0.725943
0.583583 0.607016
0.583857 0.266201
0.584171 0.221512
0.584889 0.472998
0.584942 0.275640
0.585665 0.624578
0.586161 0.384375
0.587103 0.368601
0.587296 0.750054
0.587815 0.320970
0.588708 0.367750
0.588946 0.405167
0.589497 0.235618
0.590003 0.218558
0.591926 0.155811
0.592255 0.516304
0.592307 0.342546
0.592456 0.338436
0.593118 0.590326
0.593599 0.311351
0.594999 0.449308
0.595363 0.374498
0.595827 0.333603
0.596565 0.622564
0.596571 0.321349
0.597591 0.203553
0.597789 0.680897
0.597957 0.424892
0.598079 0.314380
0.598501 0.281408
0.599126 0.514653
0.599263 0.372366
0.599904 0.373289
0.600153 0.109304
0.600300 0.524634
0.601177 0.534686
0.602314 0.468380
0.602355 0.498281
0.602386 0.507870
0.602409 0.371278
0.602532 0.557398
0.602804 0.528352
0.603123 0.364481
0.603125 0.607051
0.603396 0.494968
0.604007 0.469133
0.604293 0.405186
0.604468 0.311685
0.604721 0.459831
0.604853 0.435487
0.605377 0.424968
0.605601 0.773760
0.605650 0.827175
0.606276 0.269036
0.606302 0.566867
0.608251 0.528052
0.608877 0.320915
0.609054 0.105202
0.610697 0.412467
0.610754 0.641826
0.610772 0.224049
0.611497 0.334031
0.612048 0.491979
0.612323 0.335166
0.612624 0.167732
0.614408 0.556630
0.614904 0.924385
0.614942 0.188776
0.615252 0.383145
0.615351 0.632705
0.615413 0.300532
0.615847 0.717927
0.616131 0.528589
0.616278 0.589854
0.616469 0.184322
0.616852 0.284020
0.616909 0.312488
0.619397 0.362221
0.620580 0.629010
0.620672 0.576627
0.620915 0.234316
0.621684 0.483456
0.621823 0.353432
0.622980 0.330061
0.623027 0.287007
0.623512 0.323561
0.623730 0.319481
0.624611 0.239322
0.626421 0.481568
0.626787 0.687060
0.627464 0.414520
0.627602 0.271617
0.627668 0.359856
0.627984 0.599372
0.628907 0.474950
0.629475 0.413467
0.630273 0.366051
0.630418 0.607934
0.630836 0.488489
0.631882 0.499942
0.631889 0.199639
0.631982 0.529875
0.632239 0.408148
0.632319 0.171901
0.632324 0.325478
0.634312 0.438393
0.634921 0.401661
0.635178 0.578447
0.635377 0.412120
0.637033 0.437629
0.637397 0.663359
0.637648 0.545013
0.638494 0.503435
0.638606 0.360228
0.638656 0.408200
0.639385 0.309710
0.639391 0.560705
0.639704 0.560936
0.640255 0.486440
0.640453 0.252220
0.642374 0.198783
0.643250 0.187232
0.644659 0.387782
0.645079 0.570159
0.646388 0.583146
0.647338 0.463952
0.648069 0.241009
0.648162 0.306830
0.648694 0.558052
0.649289 0.298125
0.649500 0.328814
0.650505 0.282864
0.650892 0.563554
0.652311 0.272512
0.652420 0.532628
0.652703 0.452191
0.653071 0.199778
0.653139 0.243276
0.653702 0.430948
0.654003 0.288213
0.654430 0.310323
0.654497 0.490175
0.655137 0.258889
0.655598 0.294489
0.656169 0.307587
0.656316 0.610413
0.656687 0.184847
0.657775 0.593567
0.659242 0.991152
0.660158 0.295532
0.661043 0.416033
0.661146 0.377318
0.661270 0.529000
0.661276 0.411040
0.661431 0.399612
0.661654 0.508542
0.662244 0.308364
0.663858 0.688563
0.663941 0.282313
0.664032 0.390037
0.664337 0.220127
0.664426 0.217478
0.665365 0.359251
0.666101 0.309269
0.666371 0.577503
0.666638 0.113526
0.667500 0.562212
0.667939 0.188096
0.668022 0.491277
0.668451 0.574171
0.668862 0.334423
0.668966 0.203135
0.670046 0.258860
0.670083 0.746946
0.670339 0.566480
0.670534 0.407640
0.671589 0.477659
0.671883 0.239352
0.672661 0.553882
0.673241 0.456993
0.676089 0.269254
0.676178 0.511585
0.676206 0.302903
0.676349 0.536026
0.676841 0.253156
0.677971 0.166423
0.678669 0.310413
0.679547 0.289717
0.679855 0.361747
0.680537 0.383752
0.682245 0.286404
0.683952 0.474095
0.684220 0.299960
0.685488 0.502311
0.686583 0.240380
0.687044 0.299841
0.687525 0.204292
0.687707 0.138239
0.689850 0.425408
0.690684 0.449151
0.691679 0.339359
0.692030 0.417593
0.692033 0.571797
0.693812 0.248522
0.694269 0.466418
0.694547 0.203360
0.694598 0.218862
0.695743 0.474281
0.696094 0.321536
0.696146 0.673994
0.697209 0.213833
0.697831 0.344782
0.697960 0.346342
0.698649 0.409594
0.698724 0.296244
0.698972 0.603595
0.699446 0.302711
0.699622 0.309631
0.700870 0.264729
0.701505 0.181299
0.702042 0.418460
0.702051 0.417960
0.702551 0.457654
0.705636 0.539035
0.706348 0.338994
0.706766 0.507934
0.706864 0.295314
0.708022 0.410393
0.711396 0.495972
0.711465 0.230093
0.714342 0.342728
0.715910 0.404700
0.716029 0.460195
0.716212 0.268096
0.717164 0.575281
0.718007 0.550929
0.720898 0.690999
0.721234 0.677009
0.722531 0.383121
0.722550 0.266433
0.724880 0.345585
0.725523 0.910805
0.726314 0.567313
0.728741 0.572190
0.732399 0.272819
0.732577 0.379872
0.733834 0.637897
0.734417 0.351003
0.734549 0.550685
0.734780 0.377381
0.735755 0.362971
0.736691 0.686784
0.736704 0.450350
0.736881 0.332921
0.738333 0.273865
0.738761 1.000000
0.739313 0.330356
0.739606 0.488138
0.741663 0.407439
0.741794 0.462028
0.742586 0.299422
0.742624 0.417823
0.745737 0.504249
0.746941 0.428537
0.748646 0.338898
0.749317 0.741444
0.753114 0.465598
0.756846 0.379472
0.758482 0.384082
0.759027 0.349641
0.759507 0.464702
0.759799 0.406669
0.764254 0.475821
0.765197 0.439925
0.766815 0.363386
0.767286 0.225221
0.767556 0.229115
0.767847 0.179862
0.769217 0.381957
0.770743 0.719828
0.770898 0.193763
0.771262 0.219826
0.771419 0.684583
0.772614 0.521828
0.774291 0.203025
0.774591 0.748270
0.774884 0.300900
0.776624 0.364979
0.782317 0.543677
0.783401 0.236978
0.783431 0.404454
0.784650 0.408254
0.790233 0.253234
0.790705 0.310823
0.793934 0.232630
0.794550 0.556824
0.798620 0.532355
0.800995 0.462678
0.803594 0.332426
0.805749 0.397793
0.809625 0.412727
0.810242 0.261900
0.812161 0.618893
0.817018 0.287248
0.819021 0.704434
0.819460 0.560471
0.824416 0.269479
0.826990 0.578713
0.828022 0.415632
0.835382 0.536881
0.848605 0.596637
0.860497 0.384605
0.869085 0.863832
0.869159 0.435882
0.874528 0.344615
0.877182 0.437471
0.882865 0.488093
0.883072 0.328628
0.896046 0.443002
0.897980 0.564639
0.898785 0.500628
0.952062 0.262162
0.952202 0.206411
0.954415 0.469221
0.970545 0.378565
0.993487 0.401872
1.000000 0.668709
