0.000000 0.457702
0.063408 0.336721
0.074695 0.114449
0.075726 0.248847
0.095391 0.545336
0.098009 0.442357
0.102138 0.203954
0.105675 0.237264
0.107017 0.592987
0.110201 0.215442
0.122330 0.608561
0.131830 0.509143
0.143184 0.673690
0.148301 0.074638
0.154624 0.241647
0.156318 0.281520
0.167042 0.253518
0.167120 0.508130
0.171759 0.471802
0.172985 0.305439
0.174993 0.559297
0.178769 0.248437
0.181003 0.352363
0.193343 0.470413
0.194997 0.195667
0.195263 0.606660
0.203485 0.590973
0.205396 0.493592
0.207552 0.111371
0.212519 0.216973
0.215652 0.280805
0.215752 0.304056
0.215795 0.133739
0.218239 0.406409
0.218473 0.328589
0.218573 1.000000
0.218874 0.104882
0.218985 0.319671
0.219235 0.726859
0.222293 0.326462
0.223234 0.340387
0.223271 0.128685
0.223706 0.414421
0.225436 0.497067
0.227207 0.473686
0.227782 0.127013
0.228458 0.433390
0.233929 0.361654
0.235534 0.040786
0.236278 0.303314
0.240223 0.475347
0.240860 0.421071
0.243802 0.399446
0.247217 0.222069
0.247231 0.283629
0.249479 0.564712
0.253322 0.215574
0.254004 0.315848
0.254927 0.360521
0.259644 0.205902
0.259663 0.207702
0.260299 0.213245
0.261796 0.267012
0.265189 0.241334
0.266523 0.382272
0.266858 0.175624
0.269370 0.365004
0.269372 0.147607
0.271683 0.284242
0.271900 0.358629
0.279084 0.433851
0.280788 0.473055
0.283164 0.299203
0.283446 0.494853
0.284160 0.459018
0.290636 0.121401
0.291686 0.416095
0.297098 0.511449
0.298627 0.464609
0.298725 0.339963
0.299373 0.298743
0.299954 0.217954
0.301143 0.288075
0.304999 0.147045
0.306409 0.123835
0.307263 0.339899
0.307336 0.250590
0.309025 0.512769
0.309526 0.829245
0.310127 0.148747
0.311084 0.484228
0.313417 0.383384
0.314562 0.345860
0.317931 0.281699
0.318422 0.376018
0.319548 0.417157
0.319967 0.528485
0.320037 0.257101
0.320974 0.644318
0.322772 0.646769
0.323452 0.683258
0.324644 0.387405
0.325023 0.558556
0.327246 0.380227
0.327354 0.478494
0.328463 0.098425
0.329951 0.341302
0.330044 0.636434
0.332296 0.517744
0.333144 0.348698
0.334294 0.473008
0.334756 0.448408
0.335655 0.581391
0.335995 0.173241
0.336662 0.313171
0.337074 0.276378
0.337383 0.477303
0.337891 0.374237
0.337970 0.312021
0.338540 0.363698
0.339340 0.047810
0.340222 0.152512
0.343190 0.495693
0.343621 0.079795
0.344230 0.400524
0.344344 0.282950
0.345721 0.467126
0.346218 0.482469
0.346569 0.322494
0.347516 0.374004
0.347846 0.204682
0.348679 0.515874
0.348919 0.246013
0.349198 0.707731
0.349508 0.444218
0.351032 0.342705
0.351679 0.302889
0.352177 0.096386
0.353004 0.360872
0.354683 0.343538
0.354790 0.494969
0.354794 0.137697
0.355816 0.078395
0.356182 0.539349
0.357470 0.120656
0.360394 0.589807
0.360691 0.277406
0.364748 0.571017
0.364930 0.152511
0.365413 0.447369
0.368173 0.868414
0.369062 0.413702
0.369732 0.341845
0.369992 0.497936
0.371228 0.327812
0.375762 0.491359
0.375935 0.177759
0.376967 0.229288
0.377222 0.269989
0.378061 0.428678
0.378874 0.399442
0.379598 0.311215
0.380455 0.152997
0.380508 0.315769
0.382584 0.315517
0.383081 0.323193
0.384339 0.333822
0.384531 0.393009
0.385366 0.125471
0.386473 0.473127
0.386783 0.676479
0.387798 0.067376
0.387865 0.210934
0.388193 0.278470
0.388231 0.709844
0.388577 0.199040
0.392015 0.450224
0.392466 0.201832
0.393454 0.367605
0.394706 0.338219
0.395634 0.563588
0.396651 0.205677
0.399493 0.217628
0.400514 0.440737
0.400564 0.179180
0.402174 0.242063
0.405775 0.429660
0.406141 0.589820
0.409804 0.574320
0.410859 0.355413
0.412423 0.485320
0.414204 0.313289
0.414320 0.185237
0.414322 0.406971
0.414710 0.372902
0.414897 0.405337
0.414902 0.485037
0.415748 0.455828
0.416127 0.410712
0.416890 0.260582
0.417612 0.195753
0.417642 0.694796
0.417888 0.520444
0.418178 0.623155
0.418939 0.489021
0.419031 0.272433
0.419147 0.133938
0.419531 0.417269
0.420173 0.250869
0.421873 0.363144
0.421875 0.507981
0.422639 0.391675
0.422964 0.224134
0.425112 0.620961
0.425240 0.077441
0.425337 0.467585
0.425784 0.264881
0.426882 0.672454
0.427410 0.037966
0.428926 0.001823
0.430453 0.200823
0.431692 0.323887
0.433743 0.306490
0.434633 0.391418
0.435059 0.514777
0.437187 0.363341
0.437731 0.397669
0.438528 0.288922
0.438907 0.225382
0.439946 0.372776
0.440257 0.337036
0.440309 0.245428
0.443104 0.270273
0.446866 0.340722
0.447139 0.346038
0.447237 0.467384
0.447742 0.385735
0.448329 0.093242
0.448357 0.233037
0.448433 0.700178
0.448999 0.333045
0.451396 0.716089
0.451531 0.362850
0.454011 0.190045
0.455180 0.478427
0.456233 0.612289
0.456486 0.624803
0.456716 0.459987
0.456751 0.202306
0.457628 0.415827
0.458270 0.169935
0.460820 0.220688
0.463091 0.226978
0.463200 0.096405
0.464255 0.496975
0.464460 0.549875
0.464981 0.262494
0.466855 0.251987
0.468334 0.003483
0.469148 0.117454
0.469531 0.262545
0.469609 0.142850
0.469892 0.379914
0.470230 0.266550
0.471841 0.417644
0.472358 0.475608
0.477490 0.324423
0.477795 0.402180
0.478051 0.081531
0.478639 0.155910
0.478945 0.375574
0.479708 0.467798
0.481071 0.245989
0.481382 0.387165
0.483065 0.130084
0.483330 0.242409
0.484075 0.519948
0.485246 0.354276
0.485733 0.315281
0.486945 0.255693
0.487810 0.102688
0.490194 0.401709
0.491238 0.078083
0.491833 0.453480
0.491894 0.178877
0.494250 0.302921
0.494529 0.295302
0.494744 0.256884
0.495334 0.268499
0.495900 0.412706
0.497713 0.476990
0.500278 0.385361
0.501955 0.313250
0.505658 0.492026
0.506456 0.160740
0.506680 0.182753
0.507438 0.236602
0.508052 0.387169
0.508202 0.663229
0.508307 0.519802
0.508717 0.505847
0.508915 0.325276
0.509081 0.188918
0.511731 0.133846
0.511812 0.535790
0.512317 0.253324
0.512793 0.323366
0.513000 0.432443
0.515021 0.210900
0.515142 0.236402
0.515618 0.123722
0.516332 0.367611
0.516448 0.128323
0.516780 0.269486
0.517964 0.332576
0.519095 0.263315
0.519124 0.391505
0.519705 0.392156
0.520060 0.319150
0.520098 0.083897
0.521452 0.488303
0.521641 0.172398
0.522853 0.166684
0.526022 0.416260
0.526139 0.394518
0.527224 0.052823
0.527380 0.441719
0.528813 0.230707
0.529254 0.591269
0.530727 0.240377
0.532038 0.491828
0.532944 0.224659
0.533846 0.301615
0.534339 0.223998
0.535210 0.345699
0.537132 0.771294
0.538106 0.676194
0.538458 0.247036
0.538594 0.188599
0.539627 0.404416
0.539968 0.474623
0.539979 0.655228
0.540628 0.711748
0.540748 0.337081
0.541180 0.780273
0.541869 0.490577
0.542295 0.249718
0.542380 0.563575
0.542977 0.158060
0.543649 0.453627
0.544015 0.383629
0.544381 0.113379
0.544897 0.820822
0.545474 0.156749
0.546251 0.141806
0.548047 0.054217
0.551026 0.127974
0.553008 0.138414
0.553523 0.271314
0.554232 0.211898
0.555858 0.735238
0.557728 0.399900
0.562206 0.273312
0.562221 0.657054
0.562340 0.542071
0.562547 0.214742
0.564923 0.262841
0.565403 0.321459
0.567279 0.177217
0.567617 0.058855
0.567768 0.456552
0.567811 0.153042
0.567908 0.247926
0.568150 0.292739
0.569070 0.525145
0.569203 0.014592
0.569427 0.441391
0.569481 0.119220
0.570340 0.445177
0.570557 0.372792
0.570559 0.287406
0.571100 0.141248
0.573578 0.225777
0.575095 0.266139
0.576262 0.502018
0.577136 0.110955
0.580580 0.167952
0.583548 0.160853
0.584007 0.143190
0.585067 0.202323
0.585734 0.436105
0.586934 0.160895
0.587147 0.543820
0.587214 0.302512
0.587972 0.178549
0.588059 0.289261
0.588247 0.389887
0.589492 0.423085
0.590197 0.432187
0.592071 0.456573
0.592671 0.142501
0.593219 0.030314
0.594654 0.506297
0.597457 0.270607
0.599112 0.213700
0.599666 0.580326
0.600530 0.492570
0.601928 0.210142
0.604266 0.227199
0.605623 0.693745
0.606415 0.242630
0.607053 0.168922
0.607282 0.316067
0.609778 0.111007
0.609852 0.793691
0.609901 0.278660
0.612793 0.284976
0.613233 0.531482
0.614645 0.053209
0.614997 0.000641
0.615954 0.390135
0.616346 0.502057
0.617511 0.594062
0.618619 0.114073
0.619130 0.327297
0.619483 0.175613
0.619583 0.259387
0.625870 0.649695
0.626559 0.494342
0.626678 0.249059
0.626809 0.110659
0.627474 0.222623
0.628596 0.077959
0.629119 0.220844
0.629865 0.482549
0.629976 0.042288
0.632741 0.715950
0.633015 0.260324
0.634683 0.457911
0.635650 0.574051
0.639151 0.512412
0.639742 0.293894
0.642543 0.089767
0.643440 0.121358
0.643780 0.650235
0.646455 0.114392
0.646883 0.544746
0.647405 0.162823
0.648687 0.067135
0.648783 0.077405
0.652068 0.485577
0.653135 0.518243
0.654301 0.497100
0.656061 0.563127
0.657458 0.238083
0.662507 0.210646
0.663116 0.236829
0.663336 0.661257
0.665337 0.370744
0.666752 0.405419
0.668736 0.245130
0.671876 0.064780
0.673806 0.415858
0.674493 0.196105
0.682469 0.002627
0.683595 0.643224
0.687532 0.407601
0.689283 0.818245
0.692634 0.288497
0.692903 0.012503
0.696269 0.310280
0.702825 0.094013
0.703738 0.672696
0.704632 0.260012
0.707122 0.238628
0.713110 0.038893
0.715711 0.270639
0.715932 0.007102
0.716252 0.004964
0.717851 0.117988
0.718688 0.360451
0.718856 0.269557
0.723628 0.272609
0.727531 0.195318
0.728318 0.036535
0.731130 0.153469
0.734042 0.334977
0.735588 0.470296
0.735645 0.955826
0.738004 0.434801
0.741182 0.263952
0.742658 0.015007
0.743630 0.109203
0.745012 0.305230
0.745315 0.290017
0.745432 0.000000
0.745478 0.240574
0.763919 0.429991
0.764864 0.312352
0.767711 0.012040
0.768403 0.349249
0.768501 0.637926
0.768635 0.202960
0.769208 0.357725
0.779729 0.211139
0.784974 0.070498
0.788228 0.292536
0.796073 0.289511
0.797185 0.232762
0.807448 0.188267
0.825094 0.351875
0.826595 0.060333
0.830699 0.467485
0.832229 0.248970
0.839557 0.180820
0.843783 0.292642
0.850380 0.317176
0.860299 0.456952
0.865986 0.312796
0.866386 0.085921
0.915414 0.233256
0.930493 0.382968
0.959337 0.422215
1.000000 0.087145
