0.000000 0.069945
0.003705 0.020730
0.023156 0.128502
0.028761 0.485541
0.046766 0.399475
0.074970 0.051892
0.088540 0.095145
0.123517 0.319908
0.133578 0.447119
0.134188 0.254802
0.149574 0.339815
0.151081 0.008227
0.161886 0.080269
0.163159 0.566000
0.173210 0.353970
0.177450 0.451461
0.197168 0.617853
0.197613 0.149791
0.203553 0.235643
0.204719 0.023214
0.207284 0.519432
0.212694 0.476345
0.216464 0.044480
0.224256 0.179794
0.240150 0.406830
0.248300 0.388766
0.264616 0.393729
0.268355 0.061902
0.269822 0.181018
0.274398 0.112421
0.278967 0.000000
0.286194 0.510258
0.292983 0.180201
0.304226 0.175730
0.343654 0.401965
0.344748 0.182450
0.346578 0.512633
0.349931 0.355165
0.356466 0.466149
0.362909 0.551325
0.364131 0.387291
0.365577 0.633385
0.369875 0.594698
0.387359 0.222408
0.394630 0.284004
0.394910 0.570236
0.406307 0.394640
0.415154 0.130778
0.415370 0.333860
0.420451 0.308237
0.423229 0.322890
0.424904 0.473291
0.425590 0.610448
0.425642 0.370584
0.445700 0.357904
0.456804 0.437927
0.472137 0.317039
0.474197 0.601443
0.481418 0.555820
0.500449 0.525874
0.503412 0.459611
0.510368 0.190754
0.519611 0.323634
0.549962 0.309761
0.560658 0.307593
0.582990 0.732141
0.592219 0.272640
0.595569 0.220601
0.605932 0.468894
0.735984 0.585459
0.752100 0.659647
0.764534 0.546080
0.784166 0.687887
0.789827 0.803213
0.816634 0.660955
0.847880 0.947020
0.922291 1.000000
0.923026 0.935634
0.992376 0.963669
1.000000 0.918626
