0.000000 0.000782
0.005717 0.002851
0.009819 0.003824
0.011310 0.008735
0.012746 0.000984
0.013128 0.003294
0.013973 0.000945
0.015158 0.001345
0.018495 0.005166
0.019927 0.000926
0.019975 0.000000
0.020210 0.010439
0.023134 0.008644
0.024311 0.003942
0.028104 0.010086
0.030600 0.009419
0.033818 0.003521
0.035267 0.003014
0.035709 0.003689
0.036080 0.001875
0.037839 0.008625
0.040574 0.004947
0.042760 0.004369
0.042986 0.006184
0.044111 0.010610
0.044221 0.002083
0.044494 0.007826
0.046399 0.008653
0.047324 0.000069
0.051129 0.010246
0.052422 0.005998
0.053630 0.004319
0.053637 0.001174
0.053724 0.012188
0.054309 0.008046
0.055259 0.002704
0.055475 0.011530
0.056406 0.015408
0.056431 0.003547
0.056590 0.004186
0.059012 0.005821
0.059410 0.005122
0.059833 0.002854
0.061852 0.011448
0.063116 0.006970
0.064211 0.004067
0.065274 0.007909
0.065459 0.004390
0.066406 0.001225
0.066575 0.003345
0.067852 0.001997
0.067930 0.007640
0.071676 0.006184
0.073014 0.004372
0.074098 0.003458
0.074697 0.003833
0.075009 0.008692
0.076898 0.005589
0.078045 0.001008
0.078110 0.005708
0.080754 0.015201
0.081164 0.004850
0.082769 0.006150
0.085442 0.012721
0.085939 0.014263
0.086617 0.006081
0.087962 0.008816
0.088166 0.008091
0.089216 0.011297
0.089371 0.005685
0.089564 0.010686
0.089778 0.002121
0.091193 0.001971
0.091367 0.015811
0.092530 0.003267
0.092879 0.010928
0.093397 0.005778
0.093497 0.002906
0.094028 0.010700
0.094218 0.003054
0.094741 0.004184
0.094812 0.005294
0.095094 0.003527
0.095505 0.011360
0.095934 0.003808
0.096842 0.017810
0.097018 0.007424
0.097234 0.006057
0.099992 0.011743
0.101435 0.004231
0.101606 0.008781
0.102479 0.005028
0.103311 0.021007
0.106410 0.006178
0.107083 0.003728
0.107402 0.008481
0.108370 0.001712
0.108510 0.003044
0.109553 0.001740
0.110394 0.020057
0.110478 0.016348
0.110914 0.017064
0.111715 0.009127
0.112805 0.019260
0.112930 0.009069
0.113578 0.004871
0.114377 0.007048
0.114469 0.013768
0.115949 0.017835
0.116731 0.007553
0.118064 0.006690
0.119547 0.006122
0.119954 0.010813
0.120669 0.010688
0.121026 0.009807
0.121369 0.012268
0.121940 0.012677
0.121950 0.009906
0.122357 0.008744
0.123187 0.002694
0.123640 0.007928
0.124101 0.007698
0.124328 0.007542
0.125791 0.000808
0.125797 0.004312
0.126898 0.011357
0.127393 0.009282
0.127983 0.012984
0.127996 0.006050
0.128436 0.006575
0.129346 0.004925
0.130183 0.011394
0.130254 0.003284
0.130287 0.018908
0.130467 0.007999
0.132452 0.004115
0.132979 0.007850
0.133079 0.004350
0.134936 0.023028
0.135166 0.004989
0.135189 0.006298
0.135355 0.019797
0.135786 0.009588
0.135897 0.002934
0.136218 0.017232
0.136871 0.016737
0.137059 0.005627
0.137433 0.020770
0.137818 0.008654
0.138285 0.011618
0.139619 0.007772
0.140043 0.006056
0.140484 0.010844
0.141646 0.002669
0.141721 0.014420
0.143019 0.012936
0.143284 0.014035
0.144100 0.012333
0.144354 0.012024
0.145039 0.004099
0.146687 0.011180
0.147689 0.012573
0.148514 0.004794
0.149350 0.008588
0.149630 0.011706
0.150059 0.010434
0.151187 0.015264
0.151361 0.010435
0.151726 0.015763
0.152254 0.008962
0.152484 0.015143
0.153181 0.017687
0.153709 0.013765
0.153976 0.008986
0.154860 0.015370
0.155580 0.018429
0.155842 0.007213
0.156993 0.013995
0.157108 0.014480
0.157123 0.014544
0.157449 0.008463
0.158168 0.007807
0.158372 0.011498
0.158456 0.017023
0.159696 0.012743
0.160647 0.012958
0.161050 0.007523
0.162340 0.014035
0.162940 0.012969
0.163024 0.017222
0.163874 0.014593
0.164440 0.017630
0.164575 0.006889
0.164657 0.013631
0.164756 0.010744
0.165389 0.021428
0.165574 0.007360
0.165688 0.018304
0.165802 0.015108
0.166137 0.004112
0.166407 0.006431
0.166411 0.015197
0.166415 0.010730
0.167130 0.005023
0.167209 0.018192
0.167778 0.012574
0.168025 0.011384
0.168443 0.010041
0.168675 0.009019
0.169184 0.017791
0.169543 0.004509
0.169589 0.008252
0.169865 0.017538
0.170114 0.005710
0.170972 0.011577
0.171060 0.012984
0.171385 0.008250
0.172994 0.022708
0.173120 0.001993
0.174315 0.025682
0.174350 0.006184
0.174622 0.020688
0.175057 0.011870
0.175138 0.004327
0.175339 0.013768
0.175409 0.008710
0.175439 0.009023
0.175558 0.003409
0.175610 0.007266
0.175698 0.013430
0.176794 0.016607
0.177208 0.015548
0.177632 0.023565
0.177725 0.012339
0.177740 0.014208
0.178029 0.015637
0.178448 0.015956
0.179964 0.007018
0.180550 0.020589
0.180920 0.014170
0.181547 0.014452
0.183445 0.002796
0.184563 0.012322
0.185701 0.005589
0.186006 0.027030
0.186280 0.010130
0.186998 0.028356
0.188275 0.016650
0.188786 0.013225
0.188901 0.021809
0.189361 0.016394
0.189602 0.024700
0.190595 0.017036
0.190675 0.009206
0.191587 0.007268
0.191733 0.015185
0.191783 0.024910
0.191794 0.019031
0.191988 0.027478
0.192214 0.006231
0.192578 0.027099
0.192978 0.011620
0.194782 0.015461
0.194859 0.024408
0.195234 0.008152
0.195330 0.007074
0.196045 0.012169
0.196066 0.015578
0.196292 0.015153
0.196760 0.028150
0.196954 0.010022
0.197180 0.020721
0.197367 0.014285
0.197553 0.019232
0.198211 0.013588
0.198313 0.007997
0.198591 0.012201
0.199048 0.017982
0.199751 0.016444
0.200239 0.004752
0.200283 0.014672
0.200389 0.016304
0.200409 0.006468
0.201102 0.011247
0.201272 0.009459
0.201356 0.020243
0.202114 0.025664
0.203056 0.004828
0.204176 0.011883
0.204965 0.020760
0.205226 0.013568
0.205255 0.030438
0.205832 0.013213
0.206600 0.022249
0.207056 0.016543
0.207719 0.011618
0.208027 0.008750
0.208184 0.018844
0.208596 0.011174
0.209005 0.009625
0.209149 0.028103
0.209438 0.018709
0.209592 0.015580
0.210046 0.012376
0.210068 0.012181
0.210284 0.013178
0.210906 0.015160
0.213636 0.009489
0.214031 0.010360
0.214206 0.015120
0.214549 0.021879
0.214689 0.011116
0.215033 0.021999
0.215239 0.019698
0.215386 0.008229
0.215793 0.010238
0.216667 0.013961
0.217072 0.007195
0.217530 0.015024
0.217940 0.006033
0.217966 0.006323
0.218197 0.007660
0.218805 0.020579
0.219367 0.010062
0.219413 0.015231
0.220036 0.018969
0.220446 0.016707
0.220673 0.013179
0.220679 0.015567
0.220944 0.007740
0.221213 0.005378
0.221347 0.018703
0.221465 0.013744
0.221850 0.012725
0.223689 0.015599
0.223897 0.023659
0.223981 0.016285
0.225053 0.002076
0.225252 0.011021
0.225369 0.006334
0.225761 0.013522
0.226121 0.002704
0.226487 0.023200
0.226716 0.016681
0.226829 0.032392
0.227175 0.026417
0.227632 0.025044
0.228143 0.015335
0.228227 0.019416
0.228697 0.010546
0.229746 0.027711
0.229760 0.023151
0.230289 0.014473
0.230758 0.022595
0.230993 0.023354
0.231038 0.009423
0.231499 0.013282
0.231665 0.015623
0.233041 0.010067
0.233252 0.014301
0.233298 0.003320
0.233682 0.011858
0.234773 0.019365
0.234997 0.016801
0.235916 0.028146
0.236063 0.013335
0.237004 0.014850
0.237333 0.010635
0.238406 0.029077
0.238990 0.011738
0.239112 0.023578
0.239907 0.007402
0.240677 0.023674
0.240906 0.033221
0.242233 0.018926
0.242493 0.027839
0.242868 0.007349
0.243451 0.012793
0.243658 0.019454
0.244286 0.031592
0.245592 0.013008
0.247338 0.017832
0.247977 0.023002
0.248550 0.023490
0.248692 0.018428
0.248866 0.022906
0.249089 0.010120
0.249269 0.008821
0.249652 0.026522
0.250460 0.013341
0.250494 0.026938
0.250716 0.004666
0.250979 0.017705
0.251285 0.023337
0.251661 0.025748
0.252632 0.015515
0.252652 0.012345
0.252899 0.025991
0.252924 0.037309
0.253191 0.017750
0.253403 0.027405
0.254211 0.015313
0.254667 0.030117
0.254796 0.024272
0.255222 0.010250
0.255381 0.018841
0.255724 0.004832
0.255911 0.020425
0.256971 0.021741
0.257328 0.023576
0.257402 0.026202
0.257458 0.012353
0.257556 0.014988
0.257791 0.025702
0.258711 0.031878
0.259092 0.021974
0.259131 0.027146
0.259254 0.029463
0.259370 0.032830
0.259720 0.029399
0.260129 0.012623
0.260483 0.024073
0.260524 0.026694
0.260581 0.001921
0.260843 0.025337
0.261074 0.021739
0.261366 0.016585
0.261979 0.017540
0.261998 0.018209
0.263712 0.015944
0.264821 0.024090
0.265119 0.026866
0.265413 0.016541
0.265450 0.034327
0.265600 0.021782
0.265603 0.021612
0.266188 0.028283
0.266984 0.032892
0.267451 0.018629
0.267766 0.029375
0.267863 0.036279
0.268138 0.032113
0.269143 0.020145
0.270156 0.018385
0.271616 0.036619
0.272005 0.018247
0.272395 0.041121
0.272657 0.020792
0.273246 0.009790
0.273532 0.013101
0.274084 0.013717
0.275159 0.040221
0.275250 0.025024
0.276057 0.031730
0.276528 0.018307
0.276655 0.020601
0.277272 0.010048
0.277682 0.018985
0.277839 0.013203
0.278926 0.022165
0.279617 0.039801
0.279806 0.024276
0.281290 0.013089
0.281730 0.020323
0.281749 0.035014
0.282317 0.021651
0.283078 0.016063
0.283110 0.038295
0.283654 0.023604
0.284137 0.033161
0.284242 0.035987
0.284244 0.018706
0.284410 0.018949
0.285059 0.012601
0.285117 0.036251
0.285274 0.033319
0.285300 0.029983
0.286154 0.024460
0.288110 0.026420
0.288605 0.018236
0.289145 0.010573
0.290475 0.017071
0.290498 0.042521
0.291582 0.005541
0.292731 0.018540
0.293027 0.018329
0.293098 0.021113
0.293321 0.014940
0.293498 0.024641
0.293564 0.044587
0.294032 0.038699
0.295232 0.041702
0.295595 0.017239
0.295877 0.018022
0.296448 0.011878
0.296622 0.024133
0.296781 0.041602
0.296913 0.032996
0.297326 0.036179
0.297381 0.044921
0.297822 0.032036
0.298043 0.036142
0.298420 0.020551
0.299207 0.017107
0.299360 0.020138
0.299559 0.020544
0.300775 0.034676
0.300782 0.021104
0.301349 0.016375
0.301395 0.010959
0.302085 0.016332
0.302292 0.018617
0.303028 0.027412
0.303463 0.012647
0.304332 0.031831
0.305128 0.018337
0.305547 0.015606
0.305568 0.034386
0.306479 0.038901
0.306596 0.021342
0.306863 0.017767
0.307469 0.031384
0.307804 0.045730
0.308056 0.023236
0.308259 0.028018
0.308275 0.024680
0.308309 0.026422
0.308569 0.030043
0.309321 0.018600
0.309910 0.030359
0.310166 0.038419
0.310777 0.047338
0.311165 0.028698
0.311347 0.026207
0.311379 0.014681
0.311553 0.022381
0.312108 0.022487
0.313441 0.041228
0.314122 0.031003
0.314457 0.018553
0.314508 0.010499
0.314990 0.027275
0.315916 0.013646
0.315946 0.042586
0.316866 0.043364
0.316873 0.032533
0.319628 0.017275
0.320678 0.020197
0.320729 0.024469
0.320795 0.040767
0.324085 0.027392
0.324505 0.027955
0.324753 0.031182
0.325652 0.036692
0.325955 0.019159
0.325960 0.024751
0.326172 0.037569
0.326331 0.030779
0.326654 0.032992
0.326912 0.023237
0.327426 0.025284
0.328059 0.026772
0.328090 0.037692
0.328678 0.024993
0.328927 0.028232
0.329028 0.053846
0.329041 0.028649
0.329051 0.025190
0.330041 0.043991
0.330392 0.031088
0.330625 0.044973
0.331392 0.026526
0.332125 0.029066
0.332474 0.036342
0.335109 0.017093
0.335685 0.038333
0.336471 0.020272
0.336560 0.056517
0.336574 0.015530
0.336606 0.047547
0.336687 0.034246
0.337049 0.032170
0.337097 0.008636
0.337321 0.036949
0.337632 0.027757
0.339398 0.051568
0.339715 0.011862
0.341054 0.018894
0.341689 0.019868
0.342502 0.031235
0.343824 0.028687
0.343881 0.013245
0.343998 0.010951
0.344019 0.030746
0.344141 0.021769
0.344875 0.044500
0.345161 0.045895
0.345391 0.055180
0.345526 0.042906
0.345651 0.038105
0.345876 0.051620
0.347366 0.023120
0.347691 0.037482
0.347956 0.037594
0.347985 0.024408
0.348636 0.038150
0.348922 0.049101
0.348925 0.017570
0.349101 0.040493
0.350422 0.054082
0.351228 0.032314
0.351351 0.026589
0.351442 0.021677
0.351818 0.028175
0.352190 0.036412
0.352407 0.030285
0.352444 0.012991
0.352651 0.015926
0.353032 0.047426
0.353503 0.046439
0.353635 0.040617
0.353885 0.017771
0.354761 0.037849
0.356208 0.024829
0.356669 0.027157
0.357005 0.029676
0.357155 0.017564
0.357399 0.017306
0.360550 0.027758
0.360983 0.022619
0.361273 0.051967
0.362151 0.060462
0.362152 0.042897
0.364114 0.034430
0.364625 0.032641
0.364681 0.017730
0.364946 0.025766
0.365593 0.032569
0.365818 0.049249
0.366469 0.042915
0.366627 0.028417
0.366676 0.037807
0.366827 0.056510
0.367473 0.039144
0.368650 0.033270
0.368893 0.038762
0.369095 0.031308
0.369395 0.012262
0.369596 0.039825
0.369701 0.039466
0.369846 0.024866
0.369893 0.026754
0.369979 0.033852
0.370320 0.045495
0.370660 0.019186
0.370814 0.038294
0.371290 0.042757
0.371565 0.035183
0.371696 0.031228
0.371931 0.034225
0.372184 0.050927
0.374455 0.060812
0.374815 0.069279
0.374922 0.040336
0.375128 0.029749
0.376055 0.057841
0.376375 0.025330
0.377374 0.045570
0.378489 0.044660
0.378693 0.020379
0.380173 0.029891
0.381688 0.033275
0.382475 0.052929
0.383875 0.035344
0.383920 0.025614
0.383949 0.046132
0.384826 0.052620
0.385350 0.046714
0.385942 0.065359
0.386738 0.033699
0.386772 0.057531
0.386829 0.035852
0.387350 0.026948
0.387671 0.028503
0.387776 0.014904
0.388064 0.056073
0.388485 0.047345
0.389810 0.061505
0.390409 0.022187
0.390792 0.022552
0.391065 0.037639
0.392349 0.033456
0.392575 0.037140
0.392900 0.047642
0.394558 0.057869
0.394743 0.041694
0.394904 0.019779
0.395822 0.049910
0.396189 0.038286
0.398243 0.059495
0.398900 0.069689
0.399100 0.030977
0.399384 0.036707
0.399847 0.059608
0.400056 0.064666
0.401066 0.034701
0.401297 0.066615
0.401565 0.043576
0.401700 0.009505
0.401777 0.025839
0.401879 0.040093
0.401997 0.042758
0.402073 0.029521
0.403401 0.062268
0.403848 0.020264
0.404994 0.046802
0.404999 0.040750
0.405145 0.036457
0.405151 0.027109
0.406196 0.071029
0.406453 0.055977
0.407001 0.054966
0.407940 0.041637
0.408433 0.055059
0.408811 0.074518
0.409504 0.028300
0.409611 0.038377
0.410095 0.033723
0.410362 0.033588
0.410642 0.050973
0.410975 0.067058
0.411105 0.043430
0.411397 0.028566
0.412324 0.060728
0.412920 0.040139
0.414508 0.040273
0.415017 0.045763
0.415144 0.056581
0.415357 0.032165
0.415408 0.039679
0.416456 0.030348
0.417987 0.067273
0.418571 0.042191
0.418628 0.072375
0.418828 0.072584
0.419642 0.062590
0.420781 0.039989
0.420893 0.042799
0.421929 0.064326
0.422151 0.028280
0.422157 0.049750
0.422327 0.058058
0.422783 0.071946
0.423331 0.056302
0.424438 0.050355
0.424483 0.078000
0.424762 0.046783
0.425672 0.027373
0.425746 0.029328
0.425777 0.028341
0.425779 0.056605
0.425842 0.044966
0.426362 0.078879
0.426819 0.058734
0.427050 0.049524
0.427278 0.081221
0.427953 0.072206
0.427977 0.045257
0.429151 0.019098
0.431805 0.058970
0.431889 0.068344
0.431903 0.047649
0.432029 0.061720
0.432452 0.025507
0.434355 0.067594
0.435172 0.064148
0.436731 0.027411
0.437233 0.052382
0.438055 0.027603
0.438157 0.044616
0.438855 0.063839
0.440463 0.040949
0.440679 0.043320
0.441112 0.037290
0.441153 0.056483
0.441157 0.058785
0.441281 0.067416
0.442674 0.049887
0.444628 0.059485
0.444756 0.033523
0.444857 0.031712
0.445317 0.033905
0.445555 0.067125
0.446135 0.044227
0.446971 0.048833
0.447168 0.077912
0.447211 0.045384
0.447650 0.080204
0.447791 0.026333
0.449040 0.070768
0.450755 0.032183
0.451676 0.046885
0.451880 0.049462
0.452013 0.042705
0.452100 0.029954
0.452194 0.043022
0.452329 0.041557
0.453057 0.075152
0.453439 0.063123
0.454145 0.036820
0.456042 0.081963
0.456399 0.082446
0.456477 0.084191
0.457771 0.062223
0.458645 0.040609
0.458895 0.069649
0.459953 0.068565
0.460276 0.046455
0.460414 0.032641
0.460684 0.072749
0.462506 0.085088
0.462874 0.100418
0.463196 0.095155
0.463815 0.076030
0.465229 0.069507
0.465527 0.065236
0.465855 0.045925
0.466895 0.079295
0.466997 0.031041
0.467245 0.048431
0.468035 0.056031
0.469419 0.086936
0.469585 0.041495
0.469737 0.060324
0.470685 0.069537
0.471220 0.054569
0.472993 0.075833
0.473019 0.075414
0.474233 0.021779
0.474946 0.097871
0.474967 0.045008
0.475654 0.065642
0.475785 0.099666
0.476176 0.058383
0.476365 0.059355
0.476394 0.082458
0.476441 0.087409
0.476583 0.043005
0.477782 0.071786
0.478498 0.074093
0.478708 0.027324
0.480906 0.078910
0.483025 0.064113
0.483621 0.066431
0.483924 0.055560
0.484396 0.065238
0.484532 0.076197
0.484567 0.054850
0.484577 0.034972
0.485315 0.076748
0.485403 0.083548
0.485411 0.072391
0.485625 0.053776
0.488580 0.088072
0.488939 0.085662
0.489462 0.027191
0.489708 0.032337
0.490719 0.044309
0.492082 0.080932
0.492927 0.094538
0.493983 0.070583
0.496610 0.092221
0.496970 0.055037
0.497018 0.060220
0.497872 0.055214
0.501928 0.046412
0.502129 0.059349
0.502743 0.103771
0.502792 0.106866
0.503499 0.060089
0.503604 0.060623
0.504118 0.086825
0.504374 0.106743
0.506433 0.100899
0.506923 0.086704
0.510751 0.083544
0.511854 0.091160
0.512333 0.099644
0.512697 0.036499
0.512817 0.076386
0.514022 0.114024
0.516103 0.116792
0.516334 0.060939
0.516748 0.057161
0.517198 0.065556
0.517507 0.073163
0.518066 0.056434
0.518228 0.085954
0.522052 0.088792
0.524602 0.066041
0.526390 0.082006
0.532361 0.083747
0.532886 0.086890
0.534229 0.110289
0.534894 0.074872
0.536371 0.112362
0.538296 0.137484
0.538662 0.123629
0.538900 0.082987
0.538996 0.040623
0.540591 0.111164
0.543268 0.114208
0.547222 0.067729
0.548947 0.105484
0.549663 0.112688
0.554198 0.075134
0.555580 0.096155
0.556243 0.098886
0.558048 0.068333
0.559344 0.120615
0.559785 0.118257
0.560276 0.088919
0.560955 0.115547
0.561526 0.117022
0.562382 0.077420
0.562519 0.130997
0.563579 0.095549
0.564576 0.052863
0.564897 0.119879
0.566453 0.098593
0.566860 0.064904
0.567598 0.124438
0.569000 0.091756
0.569094 0.104925
0.569901 0.068773
0.570805 0.091432
0.571662 0.136460
0.572562 0.093404
0.576191 0.142303
0.578087 0.115242
0.579329 0.117346
0.580834 0.138249
0.580915 0.078382
0.581319 0.088761
0.582706 0.118094
0.583470 0.081882
0.585384 0.128959
0.585650 0.111324
0.586836 0.117660
0.588232 0.081042
0.588897 0.121090
0.589246 0.102898
0.590371 0.143498
0.591876 0.136553
0.595004 0.133457
0.595232 0.174279
0.595774 0.126068
0.596729 0.101088
0.597484 0.172681
0.600035 0.123750
0.602629 0.100675
0.603494 0.180344
0.603821 0.109204
0.605653 0.070348
0.609301 0.139416
0.611166 0.137062
0.613420 0.133858
0.615321 0.147404
0.618568 0.136966
0.624973 0.177871
0.630833 0.082729
0.635715 0.127864
0.640900 0.124312
0.641433 0.179091
0.642047 0.153150
0.645893 0.116761
0.646949 0.129518
0.650314 0.200007
0.652315 0.131001
0.659575 0.159063
0.661629 0.149584
0.661738 0.122745
0.666582 0.141042
0.668679 0.161718
0.672633 0.195621
0.676002 0.129076
0.677009 0.174708
0.679690 0.229726
0.683383 0.166607
0.687246 0.167561
0.689662 0.252924
0.690391 0.219414
0.692010 0.183190
0.694400 0.186823
0.697104 0.146242
0.700296 0.276606
0.705704 0.217934
0.716345 0.272685
0.734169 0.236327
0.740800 0.266246
0.742219 0.265270
0.742852 0.217632
0.745363 0.327556
0.758101 0.310748
0.758863 0.304147
0.764258 0.286364
0.774841 0.370317
0.780772 0.358603
0.791536 0.259297
0.794894 0.316882
0.819620 0.383564
0.828213 0.345321
0.828923 0.473443
0.835984 0.440557
0.847946 0.399599
0.867743 0.393756
0.921147 0.712407
0.957498 0.802114
1.000000 1.000000
