0.000000 0.419906
0.005636 0.731995
0.011886 0.492923
0.020080 0.557802
0.023146 0.585293
0.023469 0.646121
0.027920 0.778651
0.029094 0.435015
0.029956 0.759264
0.040394 0.358135
0.041005 1.000000
0.042892 0.445300
0.045102 0.877547
0.045491 0.544832
0.049389 0.673375
0.050957 0.466634
0.051380 0.718566
0.054698 0.758907
0.056421 0.808817
0.056929 0.773353
0.058936 0.115875
0.065176 0.538671
0.066018 0.416661
0.066542 0.924824
0.067332 0.508146
0.070057 0.829441
0.070233 0.344948
0.073956 0.217783
0.074100 0.297829
0.076310 0.709709
0.079278 0.556405
0.083089 0.624835
0.084574 0.754679
0.086154 0.671340
0.091759 0.589433
0.095051 0.438817
0.095369 0.468484
0.100400 0.376265
0.101188 0.632937
0.104087 0.207252
0.105284 0.400998
0.105878 0.820222
0.105957 0.722943
0.108697 0.416980
0.109855 0.610734
0.111144 0.669585
0.111792 0.760640
0.113889 0.809930
0.114964 0.835188
0.117434 0.389050
0.118557 0.699397
0.118991 0.444197
0.121114 0.742725
0.121140 0.217302
0.121288 0.515148
0.122112 0.830136
0.123430 0.327539
0.124669 0.412296
0.125245 0.596813
0.126343 0.801945
0.128280 0.263726
0.129282 0.346912
0.129811 0.772060
0.129866 0.497103
0.130781 0.725516
0.130901 0.502634
0.132937 0.335933
0.133697 0.741110
0.134221 0.810775
0.134438 0.138466
0.135468 0.287932
0.138800 0.836110
0.139156 0.542011
0.140060 0.141596
0.141100 0.490390
0.141324 0.647215
0.142224 0.515483
0.142379 0.270788
0.143037 0.552006
0.145132 0.745559
0.147346 0.504075
0.147981 0.762312
0.151340 0.256271
0.152460 0.684432
0.152945 0.832898
0.152972 0.613648
0.156282 0.332551
0.158397 0.884177
0.159103 0.333617
0.160785 0.714676
0.162268 0.136884
0.162736 0.531504
0.163384 0.934720
0.164161 0.656710
0.164191 0.193208
0.166338 0.821956
0.167051 0.732842
0.168210 0.701605
0.169189 0.576513
0.170979 0.817708
0.171559 0.544261
0.171712 0.403901
0.173002 0.295571
0.174083 0.424263
0.175367 0.462171
0.176295 0.675390
0.176461 0.825287
0.177367 0.722032
0.177383 0.147949
0.178445 0.659688
0.179131 0.654601
0.179647 0.630769
0.180271 0.348423
0.181140 0.201211
0.181567 0.258941
0.182155 0.458992
0.184020 0.649862
0.184126 0.720605
0.184534 0.793059
0.185017 0.765444
0.187509 0.343990
0.189323 0.545344
0.189530 0.608350
0.190494 0.290583
0.190641 0.818047
0.191848 0.702542
0.191887 0.449222
0.191888 0.096818
0.192133 0.427426
0.192343 0.519161
0.193511 0.510103
0.193805 0.443883
0.194067 0.849586
0.197331 0.805812
0.199063 0.596426
0.201902 0.230345
0.202050 0.704671
0.202686 0.783382
0.203657 0.718125
0.206147 0.557027
0.206175 0.707110
0.206205 0.386563
0.206398 0.521827
0.207044 0.257356
0.208384 0.661463
0.208739 0.615510
0.208864 0.823726
0.209798 0.289527
0.210074 0.553246
0.210488 0.457800
0.210791 0.731716
0.211084 0.614094
0.212270 0.580452
0.212619 0.570083
0.212656 0.279281
0.213581 0.661917
0.217744 0.721642
0.218270 0.268346
0.218439 0.526588
0.218638 0.385826
0.218856 0.681368
0.218910 0.245770
0.219343 0.222204
0.220701 0.580734
0.221677 0.565005
0.222195 0.450402
0.222236 0.129146
0.222339 0.372944
0.222414 0.555465
0.222994 0.706245
0.223303 0.574627
0.223827 0.108795
0.224104 0.824865
0.224565 0.519713
0.224713 0.504122
0.224937 0.362804
0.226867 0.566920
0.226952 0.826070
0.227713 0.514873
0.227785 0.315763
0.230111 0.337616
0.231790 0.247506
0.233549 0.602514
0.233739 0.542551
0.234880 0.306666
0.235237 0.205011
0.236299 0.109900
0.237531 0.720236
0.239059 0.159316
0.239148 0.544823
0.240166 0.096968
0.240234 0.768934
0.240763 0.334500
0.240981 0.343006
0.242420 0.409603
0.242755 0.335900
0.244050 0.254646
0.244722 0.592838
0.244901 0.361742
0.246395 0.420685
0.246984 0.257899
0.247158 0.814693
0.249769 0.435374
0.252570 0.822149
0.252885 0.180076
0.253092 0.670262
0.255820 0.582202
0.255982 0.136361
0.256481 0.611096
0.256853 0.821133
0.257371 0.674545
0.257459 0.488583
0.257517 0.641215
0.259110 0.526806
0.259307 0.483799
0.260564 0.332430
0.262010 0.542747
0.262259 0.680921
0.262554 0.616788
0.262779 0.180964
0.262978 0.647439
0.263205 0.646407
0.263316 0.361036
0.263447 0.427382
0.263959 0.493491
0.264403 0.786350
0.267821 0.651347
0.268520 0.521152
0.268531 0.767791
0.269314 0.641517
0.269769 0.524223
0.271065 0.437618
0.271969 0.697488
0.272895 0.493613
0.274072 0.493981
0.274269 0.661189
0.274866 0.122714
0.277460 0.582028
0.277460 0.180379
0.278427 0.540516
0.278445 0.649146
0.278965 0.733260
0.281204 0.053313
0.281721 0.607992
0.282466 0.382335
0.283298 0.420294
0.284386 0.179551
0.285448 0.599400
0.285544 0.515343
0.285611 0.864004
0.286456 0.199073
0.286948 0.603970
0.287153 0.550423
0.290025 0.438698
0.290389 0.313624
0.291314 0.688084
0.291960 0.764785
0.292116 0.468791
0.292364 0.159734
0.292848 0.470114
0.293370 0.647189
0.293562 0.619168
0.293799 0.324078
0.294515 0.417019
0.295879 0.199794
0.296704 0.525509
0.300120 0.678523
0.301532 0.717727
0.302258 0.703226
0.303267 0.311341
0.303573 0.435968
0.303763 0.569175
0.304006 0.583771
0.305114 0.000000
0.305141 0.096963
0.305275 0.433845
0.305757 0.775487
0.308705 0.461124
0.309674 0.261821
0.310352 0.751784
0.312546 0.559224
0.314042 0.192967
0.314191 0.500311
0.314245 0.653156
0.315325 0.129863
0.315589 0.492587
0.318705 0.285046
0.319009 0.515137
0.319828 0.473823
0.320105 0.394800
0.320292 0.582626
0.320296 0.410663
0.321265 0.310510
0.321397 0.714626
0.322047 0.298552
0.323261 0.391634
0.325047 0.453900
0.325547 0.603231
0.325582 0.684319
0.326664 0.503889
0.328664 0.679063
0.329460 0.971288
0.329579 0.103455
0.329847 0.632634
0.331070 0.347177
0.333885 0.372400
0.338594 0.374930
0.338864 0.561209
0.340481 0.593289
0.341565 0.760552
0.341856 0.427624
0.342110 0.449738
0.342449 0.615369
0.344005 0.270354
0.344356 0.542564
0.344610 0.808913
0.345345 0.726728
0.345815 0.854163
0.348064 0.602900
0.348161 0.591013
0.349222 0.756233
0.349697 0.726831
0.349762 0.581225
0.349881 0.681567
0.350619 0.523643
0.351759 0.566440
0.351799 0.863905
0.351890 0.082585
0.351932 0.273227
0.352047 0.532279
0.352329 0.165493
0.352375 0.554891
0.353639 0.474500
0.354454 0.348043
0.358311 0.362702
0.358572 0.708964
0.360839 0.407688
0.361488 0.571478
0.363036 0.251541
0.364202 0.626358
0.364903 0.806351
0.365182 0.725622
0.365935 0.795144
0.366621 0.562687
0.367039 0.539625
0.369569 0.253405
0.369632 0.248190
0.369985 0.398343
0.371368 0.551027
0.372972 0.323935
0.373980 0.429538
0.374672 0.557586
0.375520 0.663207
0.375573 0.294414
0.376506 0.272409
0.379728 0.454505
0.380583 0.481755
0.381741 0.156760
0.382575 0.433859
0.382817 0.418862
0.387279 0.405678
0.387656 0.365550
0.392569 0.277998
0.393256 0.372002
0.396823 0.366632
0.397117 0.361647
0.397415 0.635447
0.397767 0.663499
0.398379 0.661422
0.399975 0.557208
0.400696 0.314059
0.400981 0.661567
0.402572 0.288306
0.402950 0.421292
0.404635 0.249112
0.404919 0.857343
0.405366 0.665153
0.405741 0.318047
0.406454 0.550819
0.407682 0.685348
0.408063 0.547536
0.409132 0.566851
0.410480 0.632223
0.412848 0.612809
0.423228 0.480049
0.425845 0.452914
0.426008 0.399138
0.427564 0.151815
0.427711 0.090380
0.428882 0.339959
0.430653 0.311983
0.431947 0.363505
0.433107 0.422085
0.433992 0.123393
0.438478 0.549815
0.438566 0.766522
0.438993 0.323771
0.439654 0.595529
0.440346 0.287173
0.442283 0.560916
0.442321 0.588738
0.446772 0.549402
0.446945 0.422804
0.447077 0.373027
0.447773 0.555950
0.447938 0.167591
0.447957 0.594289
0.449981 0.368467
0.450081 0.288438
0.450108 0.548328
0.450255 0.456198
0.452793 0.587458
0.456351 0.390243
0.456781 0.307817
0.457569 0.270164
0.457634 0.362146
0.459880 0.285793
0.459963 0.240532
0.460188 0.529346
0.462356 0.508219
0.462410 0.533287
0.462518 0.607538
0.463037 0.571292
0.463236 0.497032
0.464461 0.263164
0.464789 0.816138
0.469555 0.498178
0.474315 0.319288
0.475905 0.232352
0.476173 0.618182
0.478109 0.415224
0.478310 0.414126
0.478537 0.335359
0.481900 0.677104
0.481991 0.304904
0.483299 0.583917
0.484663 0.436565
0.485352 0.662790
0.486020 0.632238
0.490635 0.330916
0.491048 0.882691
0.491232 0.325956
0.491618 0.504384
0.496951 0.443978
0.497116 0.332298
0.497971 0.394143
0.499509 0.261080
0.500260 0.471131
0.502305 0.220797
0.506406 0.432310
0.507628 0.272887
0.507690 0.608777
0.508642 0.277497
0.509078 0.521339
0.511727 0.561582
0.511796 0.327288
0.512083 0.619858
0.513066 0.642409
0.516476 0.239461
0.518954 0.257423
0.519570 0.370059
0.521541 0.278393
0.523631 0.429254
0.524654 0.375297
0.526218 0.152137
0.527148 0.224610
0.528082 0.442616
0.531182 0.301685
0.531578 0.314850
0.534697 0.489907
0.535062 0.281246
0.535529 0.307710
0.536355 0.436839
0.536479 0.466825
0.537293 0.377165
0.538711 0.541705
0.540442 0.593973
0.543233 0.507981
0.545328 0.656031
0.549521 0.637475
0.550642 0.425870
0.551397 0.421123
0.552558 0.465388
0.552728 0.475126
0.553954 0.393845
0.556067 0.533887
0.558758 0.347198
0.561201 0.275062
0.561679 0.414198
0.566195 0.476042
0.575829 0.576103
0.576530 0.448321
0.577416 0.350773
0.578633 0.391891
0.580925 0.419189
0.586042 0.554252
0.586355 0.383223
0.587437 0.386284
0.587707 0.206193
0.587767 0.239813
0.588658 0.466254
0.588817 0.513829
0.593597 0.132857
0.596962 0.808637
0.598320 0.100462
0.598640 0.238138
0.599629 0.707270
0.600500 0.512230
0.600863 0.145264
0.602242 0.190637
0.605070 0.357474
0.606312 0.548076
0.607966 0.303746
0.610081 0.565396
0.611833 0.379236
0.612361 0.557560
0.612669 0.286084
0.622800 0.402077
0.625490 0.331197
0.628004 0.334649
0.633259 0.105395
0.636112 0.413631
0.637640 0.682725
0.640564 0.289146
0.643351 0.273354
0.643835 0.230735
0.644103 0.326741
0.647521 0.297506
0.649380 0.358004
0.650004 0.685384
0.656400 0.313750
0.661145 0.512742
0.665047 0.296468
0.665298 0.357556
0.676930 0.506728
0.691190 0.395446
0.693058 0.556722
0.694298 0.396283
0.695341 0.512361
0.697696 0.608736
0.701839 0.254768
0.708430 0.457582
0.715120 0.336996
0.719002 0.327726
0.719393 0.506648
0.719980 0.223457
0.721670 0.361752
0.730482 0.450981
0.739914 0.311333
0.740385 0.532251
0.741498 0.344026
0.747129 0.433958
0.752886 0.178576
0.759030 0.348015
0.775802 0.450619
0.777016 0.445590
0.785250 0.173904
0.800201 0.459712
0.802331 0.377954
0.803868 0.336451
0.810965 0.519911
0.817436 0.266393
0.821075 0.170551
0.831509 0.151618
0.834136 0.368356
0.842356 0.205798
0.852002 0.278791
0.856590 0.369755
0.885734 0.320296
0.892052 0.395898
0.892936 0.196641
0.909323 0.263552
0.910093 0.223095
0.948285 0.223469
0.959464 0.230710
0.968979 0.339370
0.988991 0.243356
1.000000 0.221369
