0.000000 0.371294
0.004586 0.642124
0.006319 0.650837
0.017407 0.493284
0.018576 0.409345
0.024025 0.538036
0.033261 0.386056
0.037564 0.706248
0.043337 0.904302
0.048778 0.516727
0.049747 0.384549
0.050838 0.448466
0.051336 0.576035
0.051846 0.413575
0.052189 0.631691
0.055605 0.247013
0.055919 0.373286
0.058578 0.380768
0.062295 0.552670
0.064121 0.521166
0.064749 0.562177
0.066401 0.331778
0.068550 0.235711
0.069398 0.601969
0.070134 0.575922
0.070600 0.756605
0.070838 0.398303
0.071919 0.383472
0.072526 0.509064
0.073819 0.779991
0.077488 0.505265
0.081440 0.157231
0.081584 0.320555
0.082856 0.487037
0.084362 0.701214
0.087497 0.742862
0.088287 0.562539
0.089779 0.641263
0.093196 0.446571
0.093540 0.583001
0.094153 0.481834
0.098520 0.529543
0.099874 0.580934
0.102624 0.913667
0.103544 0.743664
0.104424 0.714696
0.105208 0.384783
0.105543 0.608377
0.109683 0.029868
0.110926 0.363136
0.111651 0.690933
0.111936 0.706692
0.112177 0.803415
0.114776 0.468307
0.118002 0.642556
0.118382 0.493826
0.118780 0.256630
0.119149 0.612680
0.122567 0.228070
0.122843 0.447894
0.124444 0.491569
0.127808 0.406038
0.133689 0.519476
0.133909 0.336054
0.135656 0.528293
0.136737 0.411077
0.138131 0.321109
0.139596 0.535407
0.140672 0.679732
0.143883 0.517225
0.144034 0.796257
0.145036 0.768184
0.146784 0.680907
0.147900 0.439791
0.148922 0.598831
0.149546 0.317137
0.150969 0.179217
0.151798 0.360849
0.152875 0.651245
0.153354 0.785929
0.155079 0.319489
0.155635 0.494429
0.156373 0.575529
0.157043 0.674220
0.157703 0.638370
0.158099 0.423097
0.158801 0.421820
0.161697 0.605540
0.161793 0.484143
0.162290 0.476089
0.163782 0.352869
0.164204 0.472077
0.167785 0.501772
0.168274 0.641412
0.169648 0.620370
0.170011 0.415436
0.176059 0.489218
0.177012 0.462487
0.179059 0.332486
0.180928 0.570345
0.182411 0.452308
0.183216 0.671622
0.183262 0.507758
0.184557 0.578431
0.186162 0.537387
0.186997 0.785574
0.187452 0.000000
0.188905 0.633378
0.189461 0.497713
0.192408 0.615721
0.192526 0.512045
0.197934 0.543134
0.198074 0.674213
0.198774 0.495359
0.200113 0.623318
0.200973 0.403564
0.201473 0.443901
0.201626 0.470901
0.201696 0.462581
0.204377 0.416805
0.205008 0.667164
0.205029 0.447722
0.205630 0.404712
0.208327 0.686744
0.208812 0.428103
0.209139 0.364742
0.209183 0.465046
0.212588 0.415581
0.213231 0.479556
0.213352 0.520472
0.213921 0.504266
0.214245 0.266046
0.217888 0.827597
0.218279 0.313090
0.218585 0.193466
0.219696 0.369467
0.219791 0.782172
0.220518 0.489710
0.220700 0.498559
0.224769 0.198164
0.226151 0.512430
0.226796 0.528839
0.227044 0.399390
0.228121 0.565509
0.229003 0.565308
0.229877 0.483266
0.230285 0.352900
0.230290 0.446129
0.230854 0.645414
0.230913 0.375693
0.230959 0.686721
0.233471 0.583728
0.233951 0.674863
0.235496 0.670242
0.235979 0.425453
0.236214 0.763222
0.236714 0.536299
0.238158 0.552270
0.239249 0.317167
0.240227 0.140352
0.240914 0.786044
0.241200 0.546502
0.242389 0.832226
0.245402 0.515938
0.245541 0.629107
0.246791 0.405073
0.246977 0.369826
0.247712 0.835926
0.247856 0.581285
0.248440 0.659434
0.248868 0.697515
0.249442 0.727862
0.249820 0.505868
0.250263 0.501972
0.251146 0.424268
0.251287 0.359505
0.252800 0.658258
0.255302 0.708684
0.255640 0.469575
0.256115 0.575585
0.257757 0.596314
0.258073 0.876641
0.258233 0.414837
0.258402 0.692805
0.258465 0.362707
0.258853 0.426623
0.260984 0.396146
0.261564 0.860651
0.262125 0.481302
0.262517 0.471119
0.262937 0.479584
0.264265 0.344080
0.264329 0.701351
0.264351 0.364241
0.266681 0.455382
0.266767 0.491699
0.267787 0.522449
0.268799 0.421386
0.271019 0.454476
0.271152 0.542296
0.273116 0.469791
0.273293 0.686778
0.273405 0.447363
0.273884 0.611845
0.274267 0.772235
0.275557 0.801026
0.276643 0.534279
0.276671 0.417503
0.278939 0.259007
0.279384 0.353932
0.281791 0.695710
0.282112 0.753500
0.282136 0.395481
0.282161 0.844437
0.282410 0.765563
0.282592 0.656923
0.283660 0.242455
0.284966 0.482259
0.285935 0.621225
0.287206 0.651332
0.287434 0.496191
0.287885 0.391208
0.289752 0.744163
0.291339 0.539791
0.291712 0.398792
0.291986 0.515794
0.292005 0.773933
0.294502 0.575458
0.294663 0.403859
0.297578 0.638038
0.299112 0.565683
0.299421 0.522293
0.301355 0.819364
0.303486 0.796316
0.304757 0.510070
0.305084 0.660133
0.305735 0.571042
0.306423 0.407750
0.307428 0.690584
0.307486 0.716160
0.308060 0.491858
0.310570 0.725834
0.311590 0.503601
0.311645 0.532090
0.313837 0.502365
0.316068 0.748452
0.316251 0.473227
0.316704 0.755662
0.317949 0.453694
0.318706 0.413634
0.319631 0.510090
0.320098 0.619454
0.320596 0.835745
0.322099 0.550743
0.322386 0.375521
0.322505 0.482018
0.322721 0.658248
0.323256 0.318547
0.324537 0.612579
0.325668 0.654229
0.325725 0.660774
0.326161 0.421602
0.326709 0.616407
0.326886 0.700274
0.326956 0.516256
0.327616 0.726174
0.328020 0.646927
0.328040 0.321377
0.328830 0.866775
0.329822 0.437627
0.330149 0.732807
0.330368 0.396425
0.330662 0.623830
0.331198 0.428646
0.333638 0.655572
0.334000 0.618520
0.334684 0.505547
0.335775 0.508514
0.337610 0.624650
0.338837 0.638093
0.340662 0.444556
0.343448 0.427147
0.343846 0.235333
0.343883 0.314696
0.344006 0.780730
0.348529 0.551916
0.349222 0.658267
0.349226 0.734374
0.352853 0.286708
0.354223 0.660242
0.357529 0.686171
0.358453 0.625507
0.358633 0.616448
0.359693 0.689406
0.359859 0.442384
0.360274 0.725229
0.360288 0.930642
0.361735 0.633386
0.363657 0.680728
0.364651 0.691833
0.365123 0.651147
0.365444 0.750344
0.365624 0.473794
0.368999 0.503343
0.370123 0.267250
0.370203 0.700843
0.372353 0.475562
0.372494 0.498475
0.372507 0.789336
0.374307 0.581610
0.374408 0.450496
0.376612 0.417885
0.377306 0.507014
0.377636 0.577122
0.380663 0.803318
0.381211 0.476209
0.381542 0.569881
0.383212 0.760161
0.385251 0.668383
0.389534 0.574347
0.389668 0.750764
0.390124 0.480994
0.391470 0.491090
0.392504 0.927226
0.392897 0.575228
0.393372 0.633424
0.394269 0.592942
0.394319 0.672043
0.397199 0.723462
0.398148 0.521410
0.400134 0.679831
0.400848 0.109413
0.401009 0.715547
0.401442 0.625331
0.402030 0.654680
0.402415 0.519188
0.403693 0.667303
0.405591 0.690280
0.408491 0.796033
0.408689 0.439492
0.409961 0.716422
0.410246 0.641438
0.412239 0.755292
0.415158 0.854034
0.417873 0.526230
0.417880 0.617232
0.420500 0.758395
0.420672 0.331195
0.423192 0.791790
0.424127 0.728029
0.424148 0.633200
0.424270 0.626593
0.424969 0.581575
0.425854 0.467941
0.428829 0.729892
0.429179 0.413876
0.429590 0.822250
0.429636 0.603973
0.430016 0.727012
0.430108 0.614152
0.433413 0.650554
0.434314 0.488244
0.436244 0.524132
0.436975 0.483591
0.437094 0.545235
0.437334 0.630993
0.440197 0.681761
0.441909 0.497393
0.443894 0.590518
0.444934 0.736411
0.444966 0.362035
0.445765 0.808906
0.445948 0.253736
0.447648 0.850639
0.448071 0.771122
0.448101 0.325426
0.450247 0.591665
0.450626 0.479512
0.455121 0.680331
0.455748 0.923896
0.456457 0.563058
0.457400 0.702721
0.457720 0.471728
0.457770 0.645050
0.458593 0.632188
0.458602 0.398896
0.459033 0.936892
0.460002 0.203215
0.460248 0.727706
0.461346 0.463641
0.461937 0.526808
0.462149 0.837000
0.462520 0.076236
0.464319 0.518644
0.464968 0.530158
0.465956 0.830268
0.471485 0.792012
0.471668 0.675287
0.472514 0.662873
0.474355 0.634532
0.478480 0.655400
0.479731 0.572321
0.479989 0.486056
0.480698 0.538664
0.481259 0.408845
0.483350 0.536796
0.483817 0.418648
0.484803 0.301607
0.486599 0.570323
0.487837 0.360536
0.488266 0.502999
0.489729 0.561236
0.489821 0.643595
0.491446 0.250594
0.491901 0.509503
0.492736 0.590184
0.492747 0.452555
0.497902 0.361405
0.498550 0.525700
0.501307 0.668476
0.501580 0.612444
0.501693 0.558161
0.501986 0.775075
0.502273 0.709842
0.503065 0.751297
0.503238 0.895116
0.503697 0.629079
0.503848 0.949724
0.506948 0.528148
0.508749 0.534060
0.510428 0.649296
0.511497 0.644979
0.512879 0.434941
0.515244 0.767520
0.517678 0.503621
0.519564 0.536634
0.519640 0.387102
0.521312 0.624869
0.521382 0.625188
0.522675 0.626874
0.522811 0.844635
0.523878 0.417098
0.524471 0.609258
0.525063 0.715543
0.527405 0.611142
0.530361 0.790074
0.532709 0.464527
0.534937 0.671548
0.535034 0.620459
0.536124 0.715181
0.537768 0.753624
0.540049 0.572802
0.540756 0.543488
0.541363 0.413157
0.541466 0.667269
0.541808 0.662494
0.542786 0.614435
0.547384 0.733122
0.552827 0.671962
0.559943 0.639124
0.560642 0.705051
0.560848 0.767360
0.563871 0.598954
0.564113 0.777186
0.567449 0.678828
0.567623 0.312074
0.568830 0.461125
0.572613 0.861184
0.572647 0.409551
0.573148 0.828631
0.575481 0.533438
0.575828 0.458269
0.582057 0.705421
0.583013 0.406038
0.584678 0.459701
0.584993 0.752254
0.585399 0.776761
0.586962 0.912176
0.587264 0.591526
0.589716 0.658213
0.590419 0.450560
0.590827 0.403800
0.593847 0.538495
0.595923 0.574032
0.599818 0.719633
0.600056 0.501543
0.601102 0.684195
0.601591 0.548839
0.601682 0.976184
0.602955 0.322003
0.603085 0.633667
0.604806 0.253849
0.606722 0.751121
0.607282 0.803129
0.609248 0.751042
0.611804 0.647994
0.613091 0.772427
0.615635 0.589536
0.623059 0.566663
0.623364 0.693773
0.626729 0.633292
0.627425 0.802692
0.629574 0.704190
0.629861 0.795685
0.631092 0.702323
0.633673 0.704811
0.633842 0.700593
0.637212 0.696349
0.639339 0.720545
0.644978 1.000000
0.645883 0.885264
0.649489 0.619788
0.651286 0.413496
0.652318 0.567122
0.659802 0.702458
0.659890 0.739788
0.664479 0.769422
0.672887 0.885929
0.673286 0.794702
0.675536 0.852023
0.682961 0.580313
0.683282 0.553850
0.684468 0.764963
0.687488 0.826314
0.690912 0.666185
0.696412 0.886463
0.696469 0.670976
0.698103 0.667817
0.700398 0.630760
0.700758 0.500606
0.701714 0.699231
0.702537 0.625158
0.705468 0.949922
0.708714 0.652866
0.713264 0.600738
0.714747 0.685419
0.718601 0.590734
0.723287 0.405592
0.740190 0.738146
0.742815 0.459134
0.749794 0.585801
0.749917 0.778368
0.754646 0.645699
0.754926 0.673019
0.763424 0.662423
0.770291 0.640698
0.773752 0.689364
0.786084 0.617013
0.794412 0.684966
0.801789 0.522320
0.803230 0.873644
0.804526 0.733821
0.811586 0.676954
0.819807 0.936723
0.820165 0.404204
0.821265 0.584160
0.823221 0.749049
0.833661 0.735378
0.854497 0.534023
0.866840 0.370814
0.876083 0.638183
0.886024 0.614016
0.922544 0.618967
0.964081 0.729658
0.985251 0.677707
1.000000 0.711999
