0.000000 0.000000
0.002776 0.000022
0.035921 0.000015
0.039408 0.000011
0.109894 0.000086
0.116400 0.000185
0.151770 0.000687
0.153760 0.003593
0.157408 0.008860
0.162512 0.000970
0.174080 0.000511
0.174852 0.009961
0.175528 0.001238
0.192292 0.018675
0.201844 0.013369
0.216258 0.001488
0.224452 0.026222
0.225844 0.001842
0.233189 0.006749
0.253322 0.026495
0.258538 0.003836
0.258911 0.044291
0.276716 0.028172
0.277839 0.011987
0.280723 0.007073
0.282201 0.035681
0.285322 0.004733
0.286707 0.020882
0.297816 0.055767
0.299444 0.015292
0.301105 0.013809
0.302127 0.064764
0.303943 0.009679
0.308247 0.004625
0.308665 0.005452
0.309103 0.077807
0.317260 0.016318
0.317417 0.008055
0.319983 0.055943
0.321537 0.042388
0.322022 0.020639
0.331286 0.073719
0.335507 0.031899
0.337228 0.022540
0.338554 0.018869
0.343842 0.013030
0.344175 0.017952
0.352808 0.012832
0.356299 0.023134
0.356799 0.089138
0.357562 0.013263
0.359207 0.042807
0.362452 0.041753
0.365489 0.017484
0.369353 0.027992
0.373345 0.015431
0.373507 0.045808
0.378361 0.046298
0.384248 0.106276
0.384797 0.114479
0.386547 0.064601
0.386989 0.076376
0.387375 0.027108
0.390721 0.045896
0.392196 0.067914
0.394885 0.016904
0.395078 0.019615
0.396249 0.056231
0.396874 0.057807
0.397837 0.021067
0.401564 0.017039
0.403867 0.018551
0.406223 0.022544
0.408681 0.116885
0.409583 0.015554
0.410068 0.097826
0.411927 0.013902
0.416843 0.023014
0.417921 0.099797
0.419407 0.040424
0.419545 0.060787
0.424758 0.024973
0.425998 0.029005
0.428775 0.115056
0.431507 0.081611
0.431693 0.065524
0.432057 0.046654
0.434345 0.080397
0.434970 0.141440
0.435075 0.061547
0.440364 0.121681
0.441170 0.088190
0.442063 0.122494
0.445635 0.162685
0.446284 0.140669
0.446621 0.053954
0.448804 0.058200
0.451552 0.020728
0.451863 0.153232
0.452619 0.077585
0.452988 0.137752
0.453578 0.186237
0.458428 0.177891
0.458640 0.088234
0.459089 0.072502
0.459873 0.027946
0.469437 0.060045
0.469696 0.082202
0.471982 0.076516
0.473024 0.166903
0.476758 0.123739
0.477360 0.178635
0.477377 0.063910
0.477766 0.112240
0.479592 0.034806
0.482961 0.087954
0.483710 0.048526
0.484203 0.047595
0.484946 0.059814
0.485487 0.027996
0.485993 0.052666
0.486756 0.048451
0.487572 0.183270
0.493040 0.033860
0.493335 0.130779
0.494561 0.098531
0.495813 0.176462
0.497589 0.080101
0.497949 0.080317
0.498543 0.045371
0.501262 0.031408
0.503161 0.126059
0.503227 0.040307
0.503395 0.214462
0.505085 0.047318
0.506476 0.096968
0.506657 0.081891
0.507543 0.085884
0.509544 0.079823
0.509792 0.035317
0.513773 0.068529
0.515845 0.047016
0.516159 0.193472
0.517344 0.178067
0.517487 0.157320
0.518138 0.062480
0.518732 0.267025
0.520207 0.036916
0.521116 0.255312
0.522434 0.040871
0.526671 0.104203
0.527836 0.276099
0.528727 0.185573
0.529002 0.187518
0.530227 0.065211
0.531803 0.265355
0.532368 0.093292
0.532680 0.059990
0.534239 0.195175
0.535130 0.173328
0.535719 0.153562
0.536769 0.064965
0.536826 0.147742
0.537924 0.288891
0.539392 0.086803
0.539485 0.221799
0.541687 0.126457
0.542416 0.129413
0.543015 0.058083
0.543188 0.058339
0.546003 0.129963
0.548524 0.196492
0.551426 0.202036
0.551619 0.047785
0.555484 0.124644
0.556890 0.178763
0.559042 0.160860
0.559264 0.112737
0.559397 0.216059
0.559426 0.067618
0.560696 0.238528
0.560751 0.267688
0.562265 0.231284
0.562498 0.057239
0.564811 0.054175
0.564872 0.061587
0.567306 0.180097
0.570118 0.245368
0.570872 0.057290
0.573736 0.257636
0.575070 0.152250
0.575472 0.082436
0.577192 0.125863
0.577275 0.124221
0.577416 0.066440
0.577582 0.288549
0.578876 0.066180
0.579497 0.181781
0.581230 0.300259
0.581326 0.071991
0.581831 0.076128
0.582209 0.109440
0.582835 0.087607
0.583025 0.161701
0.584739 0.266811
0.585789 0.061278
0.585908 0.122210
0.586079 0.267333
0.588691 0.069977
0.588841 0.076216
0.589193 0.149745
0.589840 0.177063
0.590157 0.299634
0.591348 0.200439
0.591541 0.362150
0.592862 0.153870
0.592905 0.071651
0.594802 0.089804
0.595427 0.194886
0.596858 0.089658
0.597520 0.196255
0.599346 0.135099
0.600586 0.109729
0.601015 0.121119
0.602050 0.076094
0.604988 0.125794
0.607079 0.204327
0.608233 0.130210
0.608270 0.221472
0.608559 0.259280
0.608570 0.166895
0.610087 0.368407
0.612608 0.207867
0.618057 0.101676
0.619051 0.268513
0.621634 0.352803
0.623026 0.092385
0.623673 0.119078
0.628128 0.092743
0.628160 0.149009
0.629066 0.149902
0.629121 0.248786
0.632710 0.087080
0.632995 0.088828
0.635906 0.109043
0.637115 0.178856
0.638601 0.098475
0.639915 0.440637
0.642817 0.170661
0.644460 0.203386
0.645727 0.270708
0.645733 0.206891
0.646650 0.133269
0.646870 0.184603
0.647785 0.111256
0.649788 0.104202
0.650758 0.263305
0.650784 0.434761
0.651320 0.101627
0.653706 0.481356
0.653850 0.253522
0.654105 0.127151
0.655966 0.191259
0.656028 0.310873
0.656137 0.174543
0.657185 0.435438
0.660191 0.446905
0.661398 0.104864
0.661610 0.221776
0.663176 0.365843
0.665534 0.250412
0.668957 0.436618
0.669342 0.253575
0.669491 0.178992
0.672559 0.362305
0.672560 0.163813
0.673264 0.389239
0.674837 0.307335
0.678767 0.121632
0.680799 0.202839
0.682292 0.130541
0.683122 0.125360
0.684039 0.296700
0.690233 0.250483
0.693297 0.433055
0.696238 0.494211
0.696658 0.361698
0.696686 0.521384
0.697477 0.354204
0.698079 0.385258
0.698615 0.486546
0.701512 0.140845
0.705853 0.278148
0.706457 0.567926
0.707136 0.253589
0.710261 0.193497
0.710581 0.158851
0.718017 0.157946
0.719796 0.358476
0.720682 0.165944
0.722426 0.171486
0.727995 0.303097
0.728429 0.175147
0.731194 0.480346
0.737979 0.282612
0.741069 0.297339
0.741106 0.571253
0.741413 0.171996
0.743261 0.466323
0.745683 0.485271
0.753635 0.378781
0.753916 0.199381
0.755519 0.517072
0.760337 0.510350
0.763239 0.476982
0.766967 0.248660
0.767372 0.233862
0.767613 0.425268
0.773274 0.510365
0.775615 0.347797
0.775839 0.366428
0.777596 0.270164
0.782215 0.499896
0.786549 0.307969
0.786616 0.306305
0.787773 0.409845
0.792084 0.485601
0.795974 0.685763
0.797525 0.540416
0.797929 0.357607
0.801983 0.656474
0.805506 0.297408
0.814782 0.596382
0.816532 0.377770
0.818252 0.510237
0.822219 0.550175
0.822538 0.313236
0.822682 0.310907
0.823719 0.745365
0.826148 0.284108
0.828099 0.520091
0.830627 0.353747
0.836917 0.282120
0.837775 0.477060
0.838999 0.581071
0.843440 0.767872
0.854596 0.454059
0.869603 0.781666
0.875738 0.612484
0.879038 0.397267
0.903815 0.731387
0.903864 0.852662
0.910822 0.757495
0.916367 0.414490
0.918764 0.794539
0.939569 0.599344
0.951449 0.628679
0.953317 1.000000
0.994387 0.704698
1.000000 0.966189
