0.000000 1.000000
0.065041 0.465833
0.085642 0.661920
0.094111 0.192525
0.102421 0.589345
0.123397 0.565249
0.150978 0.118836
0.175434 0.229955
0.197267 0.396666
0.210394 0.096329
0.223677 0.133711
0.224940 0.272455
0.227487 0.137297
0.232297 0.292643
0.266200 0.080324
0.298095 0.121033
0.303088 0.117441
0.305324 0.119937
0.316043 0.172182
0.321817 0.157208
0.335888 0.060659
0.348232 0.118950
0.369360 0.091202
0.371842 0.114054
0.383175 0.151261
0.384320 0.126069
0.384674 0.049884
0.432718 0.055555
0.438169 0.055645
0.446721 0.050000
0.449598 0.044461
0.451930 0.040223
0.460415 0.047628
0.466424 0.061645
0.485458 0.050317
0.487841 0.049867
0.499636 0.072907
0.500050 0.054210
0.501289 0.082802
0.515498 0.032553
0.519864 0.078263
0.520246 0.037426
0.531848 0.034892
0.549879 0.060595
0.556031 0.050471
0.568980 0.034386
0.569010 0.048752
0.586774 0.047386
0.631801 0.020540
0.640521 0.041079
0.644493 0.018289
0.646787 0.025454
0.658535 0.029862
0.673803 0.015724
0.696557 0.025609
0.717202 0.014346
0.728785 0.020152
0.731248 0.012976
0.731716 0.022470
0.747800 0.022937
0.771214 0.014380
0.794107 0.012726
0.808764 0.008674
0.848940 0.007281
0.894145 0.003764
0.907640 0.007246
0.977592 0.000959
0.999390 0.000976
1.000000 0.000000
