0.000000 0.545107
0.038998 0.858574
0.056356 0.162122
0.071726 1.000000
0.087556 0.312725
0.100245 0.046668
0.102487 0.080873
0.136437 0.218714
0.147744 0.032251
0.153118 0.077101
0.172472 0.164300
0.183362 0.089175
0.189259 0.165037
0.192199 0.146328
0.194535 0.135242
0.197443 0.096600
0.201220 0.081457
0.202684 0.382718
0.205577 0.245408
0.207783 0.069300
0.211187 0.327468
0.211608 0.073756
0.218726 0.096606
0.222922 0.123956
0.224175 0.226910
0.226436 0.039363
0.227498 0.353939
0.229943 0.066853
0.233588 0.066379
0.234988 0.175363
0.235675 0.020920
0.239092 0.047384
0.246016 0.086984
0.246407 0.112694
0.250163 0.121292
0.253414 0.084956
0.253702 0.157785
0.255225 0.058997
0.256913 0.025519
0.258284 0.028299
0.259033 0.115958
0.259459 0.031389
0.266850 0.209052
0.267001 0.055608
0.267661 0.077872
0.271207 0.068673
0.275033 0.040321
0.275623 0.134443
0.276509 0.080390
0.277615 0.106134
0.280051 0.050648
0.283717 0.042785
0.285364 0.032483
0.289127 0.053763
0.293994 0.024634
0.295620 0.178446
0.295842 0.040106
0.298443 0.054249
0.300166 0.082091
0.301801 0.077999
0.303686 0.017056
0.304440 0.035296
0.304550 0.026739
0.306650 0.028949
0.308061 0.026178
0.315403 0.042664
0.317943 0.019613
0.317976 0.072738
0.319775 0.078502
0.320300 0.029251
0.321478 0.174823
0.322676 0.036379
0.322827 0.024713
0.323033 0.019133
0.324457 0.030403
0.325648 0.022550
0.327850 0.155961
0.328039 0.054609
0.330226 0.046924
0.332723 0.043304
0.333447 0.026685
0.333701 0.096300
0.333903 0.037854
0.337061 0.058410
0.342029 0.115210
0.342560 0.053334
0.344197 0.039483
0.344677 0.053964
0.346743 0.035013
0.350418 0.058728
0.353305 0.014786
0.355294 0.037561
0.355981 0.016187
0.356188 0.042483
0.356751 0.012292
0.357098 0.037190
0.357343 0.127265
0.357373 0.029195
0.358122 0.038358
0.359477 0.018981
0.360926 0.046485
0.361348 0.066375
0.364038 0.015598
0.364719 0.017134
0.364836 0.067371
0.366473 0.086586
0.367085 0.062144
0.370566 0.032563
0.371222 0.013274
0.375022 0.024727
0.377415 0.025019
0.377876 0.104107
0.380422 0.020182
0.380604 0.050781
0.381156 0.097623
0.381941 0.039466
0.383237 0.021707
0.386361 0.033225
0.387265 0.016747
0.387530 0.035115
0.388216 0.044756
0.388479 0.015697
0.389098 0.054381
0.389627 0.029065
0.390349 0.037653
0.391077 0.091084
0.391194 0.038925
0.392838 0.058326
0.393355 0.072804
0.395559 0.029322
0.395638 0.010236
0.395839 0.017482
0.396187 0.016584
0.397011 0.022066
0.397693 0.029239
0.397992 0.027889
0.400241 0.036823
0.401453 0.114281
0.404479 0.050804
0.404776 0.014339
0.405486 0.073251
0.407073 0.089664
0.408510 0.024205
0.410337 0.037598
0.412211 0.035477
0.413525 0.101289
0.413654 0.033166
0.414121 0.010071
0.416196 0.059951
0.416228 0.019170
0.416554 0.029619
0.416610 0.047733
0.417478 0.017435
0.420103 0.008845
0.422821 0.015738
0.424346 0.014974
0.424508 0.098251
0.425411 0.035981
0.426646 0.020587
0.426866 0.009462
0.427348 0.020766
0.428399 0.051914
0.430679 0.037391
0.430878 0.074066
0.431018 0.016264
0.431860 0.022480
0.432093 0.061867
0.432536 0.008705
0.433405 0.043675
0.433599 0.008074
0.433615 0.016832
0.433753 0.052047
0.435831 0.011843
0.436728 0.030028
0.437363 0.008124
0.438240 0.013670
0.438299 0.034905
0.439060 0.067317
0.439867 0.079121
0.440479 0.088673
0.440581 0.047552
0.440763 0.016859
0.442048 0.012705
0.444039 0.023476
0.444461 0.030870
0.445034 0.017154
0.449280 0.007310
0.449612 0.015214
0.449860 0.048858
0.450266 0.038893
0.450582 0.007265
0.452400 0.007589
0.452531 0.021208
0.453148 0.034226
0.454757 0.040710
0.455517 0.051385
0.455897 0.063874
0.456532 0.007987
0.459512 0.042401
0.459749 0.015437
0.459896 0.007877
0.460048 0.033467
0.460088 0.013643
0.461506 0.027966
0.461933 0.040095
0.462392 0.024458
0.463649 0.049723
0.463805 0.010107
0.466404 0.023328
0.467583 0.031510
0.468178 0.055683
0.468210 0.022406
0.468363 0.039386
0.468631 0.021484
0.470209 0.054619
0.471226 0.035678
0.471599 0.007310
0.472568 0.009896
0.474084 0.028454
0.474866 0.057356
0.476894 0.034363
0.477930 0.035539
0.478580 0.027940
0.479859 0.045219
0.480200 0.037301
0.480475 0.054288
0.483719 0.006806
0.485033 0.049222
0.485035 0.029625
0.486338 0.039369
0.486564 0.019074
0.486907 0.041970
0.487435 0.008822
0.487853 0.024324
0.487920 0.035447
0.488407 0.027718
0.488599 0.048643
0.489969 0.055228
0.490713 0.030647
0.491504 0.013826
0.491540 0.016353
0.491812 0.007565
0.491914 0.036023
0.491921 0.066026
0.492391 0.029735
0.492555 0.016681
0.492692 0.013259
0.492761 0.054066
0.492850 0.026992
0.493727 0.049512
0.495273 0.012453
0.495578 0.021022
0.495770 0.037066
0.495816 0.007109
0.498528 0.041910
0.499497 0.016652
0.499793 0.014764
0.501646 0.043740
0.503342 0.032411
0.503465 0.028328
0.503485 0.007259
0.504681 0.025000
0.505464 0.007365
0.505908 0.007274
0.506853 0.015074
0.507131 0.010570
0.510114 0.045095
0.510336 0.031030
0.512346 0.030684
0.512532 0.032106
0.512604 0.047717
0.512866 0.039019
0.513066 0.025019
0.513688 0.007435
0.513891 0.023448
0.513964 0.024907
0.514393 0.007889
0.514660 0.026480
0.516820 0.043450
0.517646 0.044864
0.517718 0.005546
0.519772 0.032448
0.520682 0.048564
0.523403 0.008840
0.523423 0.043033
0.523435 0.044650
0.523788 0.038046
0.524039 0.032659
0.524827 0.035315
0.525389 0.036790
0.528143 0.009515
0.528316 0.052320
0.528903 0.017252
0.529332 0.019357
0.531542 0.051604
0.531675 0.050866
0.532940 0.023357
0.534331 0.022141
0.534739 0.006570
0.536235 0.020974
0.538076 0.043942
0.538152 0.044784
0.539367 0.013309
0.539496 0.006654
0.539691 0.007731
0.541233 0.026039
0.541480 0.030461
0.542087 0.043027
0.543271 0.006411
0.543298 0.005655
0.544004 0.009813
0.544091 0.029859
0.545706 0.029763
0.546158 0.032963
0.546475 0.025303
0.548015 0.044891
0.548517 0.011432
0.549213 0.018084
0.550301 0.038242
0.551216 0.011771
0.551382 0.030623
0.552053 0.007247
0.552983 0.031720
0.553054 0.016899
0.553317 0.020124
0.553936 0.011102
0.554974 0.019592
0.555127 0.039881
0.555332 0.010493
0.556167 0.033728
0.556503 0.011502
0.558064 0.012330
0.558120 0.023554
0.558746 0.009038
0.558976 0.004787
0.559204 0.039129
0.560663 0.018127
0.560970 0.023950
0.561066 0.042811
0.561276 0.014574
0.562061 0.004736
0.562507 0.024120
0.563066 0.005116
0.563067 0.007425
0.563489 0.026085
0.563798 0.046436
0.563952 0.027662
0.564133 0.030756
0.564391 0.015399
0.564775 0.008749
0.565756 0.043053
0.566175 0.014252
0.566337 0.006056
0.566789 0.008767
0.567815 0.043045
0.567937 0.004728
0.568054 0.005676
0.568189 0.005919
0.568192 0.024399
0.570573 0.018905
0.571063 0.025616
0.571375 0.008502
0.573016 0.013322
0.573425 0.024633
0.573951 0.038745
0.574732 0.033527
0.575212 0.015824
0.576060 0.011288
0.576940 0.030141
0.579636 0.007624
0.580117 0.025114
0.580843 0.018794
0.581429 0.019466
0.582065 0.016451
0.582820 0.003937
0.584635 0.013885
0.587450 0.017957
0.587902 0.006064
0.588242 0.014930
0.588453 0.006990
0.589262 0.012568
0.590626 0.039656
0.591808 0.030028
0.592576 0.010667
0.593111 0.037125
0.593719 0.035831
0.594123 0.028949
0.594689 0.013805
0.595138 0.031301
0.596196 0.007859
0.597052 0.018969
0.597358 0.015138
0.598433 0.009100
0.598599 0.017934
0.600893 0.006170
0.601365 0.016584
0.602708 0.011990
0.602952 0.007972
0.604075 0.005110
0.605464 0.020235
0.605724 0.005143
0.608048 0.028245
0.608119 0.023179
0.609109 0.032631
0.609192 0.018914
0.611076 0.013206
0.612269 0.034991
0.613194 0.005236
0.614845 0.004890
0.615006 0.013714
0.615248 0.006300
0.615406 0.007393
0.615778 0.020455
0.615944 0.025590
0.616076 0.003621
0.616590 0.031899
0.617753 0.017941
0.618246 0.018346
0.618608 0.008724
0.620875 0.024392
0.622750 0.003164
0.623492 0.019504
0.627216 0.009373
0.627239 0.023838
0.628226 0.017023
0.629716 0.005783
0.630061 0.007046
0.630238 0.006454
0.631198 0.013625
0.632201 0.004820
0.632458 0.009721
0.632699 0.015943
0.632887 0.025582
0.633310 0.013345
0.634634 0.013661
0.634985 0.004318
0.635023 0.003189
0.636881 0.029708
0.637225 0.022774
0.637420 0.003201
0.637734 0.031995
0.638295 0.023010
0.639604 0.010246
0.640141 0.025429
0.642615 0.028658
0.643278 0.002692
0.645731 0.029568
0.645882 0.008231
0.646625 0.007901
0.647613 0.007352
0.647799 0.002868
0.648053 0.005710
0.650300 0.017239
0.652904 0.004249
0.653663 0.028426
0.654508 0.019841
0.655997 0.023390
0.656063 0.008810
0.656712 0.015869
0.659060 0.010145
0.660230 0.003038
0.661910 0.021823
0.662591 0.004458
0.663608 0.003138
0.666215 0.002862
0.668010 0.002762
0.668402 0.019212
0.669283 0.015441
0.669740 0.011138
0.671546 0.009064
0.671996 0.017151
0.672497 0.008628
0.672844 0.015141
0.673393 0.009798
0.673695 0.018887
0.674055 0.010381
0.675856 0.002428
0.677359 0.003880
0.678126 0.004579
0.681134 0.017198
0.681483 0.005465
0.682049 0.011953
0.682613 0.003866
0.682948 0.005580
0.685623 0.008643
0.690152 0.003512
0.690581 0.009012
0.691929 0.009845
0.694201 0.012294
0.695009 0.005762
0.695811 0.009043
0.698347 0.003999
0.699666 0.014574
0.700897 0.002164
0.701115 0.001816
0.701786 0.022288
0.702026 0.016788
0.702258 0.009383
0.704558 0.002278
0.704625 0.008003
0.706225 0.012130
0.706757 0.005852
0.708296 0.010797
0.713755 0.006845
0.715946 0.012743
0.717002 0.003486
0.718704 0.004547
0.719637 0.017386
0.719840 0.011966
0.724556 0.003677
0.724801 0.019009
0.725069 0.002369
0.725407 0.009102
0.725457 0.013164
0.726559 0.006926
0.729131 0.013189
0.729442 0.004334
0.731278 0.008181
0.732741 0.010398
0.734148 0.011210
0.735404 0.016247
0.735772 0.002365
0.736094 0.001558
0.736683 0.005034
0.738366 0.001352
0.739469 0.009826
0.740600 0.004825
0.741243 0.003367
0.747481 0.012423
0.751633 0.004312
0.751739 0.002762
0.751749 0.008974
0.751875 0.008822
0.753559 0.009499
0.755010 0.008179
0.755953 0.009056
0.756988 0.015352
0.758524 0.011836
0.763287 0.007733
0.764349 0.002347
0.764841 0.006976
0.767230 0.003098
0.768068 0.011618
0.769613 0.014022
0.769702 0.002369
0.770510 0.015082
0.770970 0.006000
0.771033 0.001017
0.775675 0.003021
0.779799 0.013849
0.780564 0.011474
0.784718 0.008119
0.786129 0.004573
0.791734 0.004971
0.791786 0.014981
0.792783 0.002220
0.794856 0.009051
0.795588 0.005038
0.802547 0.002093
0.803525 0.004298
0.804013 0.002723
0.804672 0.008876
0.805592 0.010950
0.806333 0.009152
0.811471 0.006480
0.813505 0.012477
0.815264 0.004905
0.821403 0.009969
0.821711 0.005195
0.822844 0.002809
0.825117 0.002312
0.825937 0.004521
0.828723 0.006287
0.829536 0.011477
0.833405 0.010272
0.834279 0.001542
0.835539 0.003606
0.837445 0.001297
0.838628 0.001704
0.851381 0.004171
0.851886 0.000399
0.852599 0.000486
0.855793 0.003106
0.857026 0.003247
0.858844 0.000579
0.860326 0.008081
0.861142 0.006844
0.867796 0.001997
0.870602 0.006403
0.871531 0.001406
0.879844 0.000575
0.893247 0.001618
0.895744 0.003886
0.898435 0.001749
0.904967 0.002444
0.905346 0.006331
0.905474 0.004864
0.909314 0.008496
0.909751 0.000068
0.912663 0.000537
0.915097 0.002564
0.916184 0.006804
0.917548 0.000000
0.924030 0.001117
0.924411 0.007553
0.987761 0.002290
1.000000 0.001284
