0.000000 0.295116
0.100836 0.000000
0.126451 0.783085
0.148775 0.192847
0.171568 0.042393
0.172574 0.439857
0.179374 0.129254
0.186631 0.074073
0.192048 0.364068
0.204737 0.604163
0.207837 0.142563
0.212374 0.744392
0.220794 0.112119
0.225132 0.109903
0.238502 0.288510
0.246894 0.509210
0.279757 0.168092
0.294058 0.350516
0.303460 0.468837
0.307326 0.799070
0.313963 0.544453
0.316101 0.454479
0.325991 0.745929
0.333712 0.594847
0.335038 0.687072
0.337105 0.194230
0.341966 0.119028
0.355119 0.674837
0.368790 0.679804
0.381759 0.204565
0.383267 0.128287
0.385899 0.141349
0.390758 0.558324
0.403184 0.391102
0.406116 0.177289
0.406727 0.498004
0.412460 0.595702
0.441951 0.209529
0.455649 0.301498
0.458546 0.304159
0.461680 0.302421
0.465824 0.781924
0.473693 0.295646
0.483716 0.388249
0.485241 0.369668
0.487544 0.645562
0.488786 0.437797
0.492740 0.233707
0.496769 0.529158
0.499204 0.497833
0.503762 0.462852
0.505029 0.396512
0.505953 0.512153
0.509407 0.350916
0.512265 0.221554
0.518706 0.404094
0.521020 0.764750
0.528751 0.268343
0.537357 0.318297
0.539065 0.771832
0.540653 0.425355
0.564728 0.426190
0.569669 0.377614
0.592591 0.812308
0.601850 0.615225
0.612996 0.290264
0.615109 0.334391
0.626769 0.428823
0.628610 0.693848
0.629521 0.859843
0.633484 0.311920
0.643796 0.739710
0.645681 0.931280
0.656629 0.379188
0.668146 0.918174
0.678395 0.662564
0.682947 0.340292
0.697697 0.493648
0.701486 0.708243
0.702465 0.501217
0.724649 0.641019
0.733951 0.718086
0.739561 0.582162
0.756555 0.460433
0.762419 0.468293
0.765945 0.836293
0.766493 0.688115
0.775294 1.000000
0.809065 0.735882
0.920848 0.509040
0.957617 0.668813
0.957693 0.740822
1.000000 0.956039
