0.000000 0.126416
0.003408 0.500341
0.016208 1.000000
0.030185 0.383821
0.039980 0.356506
0.040655 0.392134
0.042670 0.564816
0.043119 0.578207
0.043805 0.565388
0.044521 0.526542
0.045024 0.678755
0.045062 0.324035
0.049920 0.751798
0.050953 0.365861
0.054165 0.635797
0.059099 0.532060
0.060790 0.535895
0.064966 0.223280
0.067861 0.447422
0.070689 0.337392
0.072601 0.291987
0.072783 0.559800
0.075201 0.274854
0.075770 0.390647
0.078801 0.299982
0.080145 0.519037
0.084339 0.285310
0.085646 0.240724
0.086070 0.277174
0.086570 0.333891
0.086892 0.374990
0.087340 0.554743
0.088337 0.373078
0.091823 0.490236
0.094074 0.434112
0.096129 0.497431
0.096914 0.134821
0.097839 0.372589
0.098290 0.406585
0.098844 0.208790
0.099655 0.590238
0.099755 0.200885
0.099858 0.535919
0.100485 0.358206
0.100996 0.309253
0.100998 0.488880
0.101786 0.514608
0.102755 0.273056
0.103386 0.487297
0.104543 0.574497
0.106562 0.568748
0.108788 0.519396
0.109428 0.342453
0.109638 0.238305
0.110503 0.333977
0.111574 0.519741
0.114311 0.360811
0.114878 0.270770
0.120273 0.411809
0.120702 0.359276
0.124334 0.267823
0.124852 0.285726
0.125394 0.499067
0.126158 0.528657
0.128760 0.326713
0.129596 0.386110
0.130264 0.377863
0.130486 0.420168
0.132029 0.441290
0.132380 0.136455
0.134365 0.285009
0.134666 0.181385
0.134683 0.409661
0.137289 0.441322
0.140506 0.366099
0.142010 0.375545
0.143380 0.433974
0.147809 0.257696
0.149687 0.175778
0.151916 0.419262
0.152520 0.422372
0.152755 0.331537
0.153489 0.310951
0.154020 0.304389
0.154837 0.419200
0.155778 0.336175
0.156553 0.425093
0.156687 0.151847
0.156788 0.372569
0.157455 0.401138
0.158850 0.392098
0.159092 0.099136
0.159270 0.381898
0.159986 0.341121
0.160497 0.307074
0.163315 0.350281
0.165031 0.373096
0.165753 0.220590
0.166297 0.344334
0.168304 0.326383
0.168900 0.143536
0.170111 0.378734
0.170734 0.468188
0.172246 0.445626
0.175092 0.024863
0.177454 0.309027
0.178590 0.301070
0.178845 0.280129
0.179859 0.237510
0.180902 0.283898
0.181428 0.437814
0.183538 0.363016
0.184126 0.414865
0.188347 0.373936
0.188583 0.310784
0.189499 0.350673
0.189775 0.374744
0.190659 0.328395
0.192623 0.333397
0.192875 0.359572
0.193378 0.293169
0.198576 0.352347
0.199009 0.195932
0.199663 0.319859
0.199909 0.438048
0.200327 0.124580
0.200357 0.373551
0.200435 0.404384
0.201891 0.267249
0.202204 0.239707
0.202519 0.343712
0.202861 0.276738
0.203422 0.434748
0.203477 0.330191
0.203883 0.397248
0.205185 0.434395
0.207620 0.315367
0.207766 0.089752
0.207923 0.321989
0.208399 0.429373
0.209867 0.234378
0.211491 0.301853
0.211495 0.412899
0.213645 0.161883
0.214483 0.240973
0.214831 0.359063
0.215850 0.292371
0.217324 0.273716
0.218376 0.108422
0.220107 0.311022
0.220242 0.230891
0.220385 0.400070
0.220946 0.407768
0.221176 0.411438
0.221962 0.263760
0.223123 0.363181
0.223366 0.317270
0.223769 0.193532
0.225025 0.387383
0.226104 0.235582
0.226761 0.237210
0.227503 0.371850
0.229212 0.370543
0.233278 0.199671
0.233401 0.256752
0.235172 0.378529
0.235862 0.346780
0.237256 0.374925
0.238192 0.306192
0.238287 0.306862
0.239048 0.208604
0.239351 0.136570
0.239821 0.182388
0.240092 0.286118
0.240141 0.297217
0.240245 0.344016
0.240808 0.295297
0.241254 0.187729
0.241463 0.151910
0.242505 0.276989
0.247108 0.222294
0.247970 0.378394
0.248619 0.341986
0.248955 0.195259
0.249960 0.333913
0.250007 0.349295
0.250051 0.241749
0.251679 0.303945
0.251766 0.123450
0.254386 0.289883
0.255200 0.219292
0.256713 0.338092
0.257272 0.351339
0.257674 0.260194
0.258346 0.374499
0.262762 0.256672
0.263405 0.116387
0.264251 0.356724
0.264616 0.130980
0.264691 0.232643
0.265328 0.319492
0.265438 0.222132
0.265483 0.320553
0.266429 0.303856
0.267258 0.339215
0.267340 0.342106
0.269067 0.183772
0.269674 0.241160
0.269945 0.166177
0.270160 0.086228
0.270394 0.361394
0.270519 0.366592
0.271646 0.210619
0.273206 0.282704
0.276258 0.252314
0.277772 0.312675
0.279200 0.296721
0.280379 0.348460
0.280728 0.298723
0.281222 0.273077
0.284269 0.216131
0.285064 0.120366
0.285878 0.239233
0.286392 0.115525
0.287963 0.329931
0.289128 0.308604
0.289854 0.302258
0.290191 0.287040
0.290711 0.282213
0.290866 0.128123
0.291271 0.223081
0.291760 0.339625
0.292774 0.234411
0.293391 0.274171
0.293589 0.222117
0.293980 0.307574
0.294179 0.336109
0.294782 0.200431
0.296180 0.213753
0.296280 0.271055
0.297818 0.300662
0.297982 0.290698
0.298199 0.289051
0.298931 0.197944
0.303856 0.295515
0.303942 0.204702
0.304985 0.213354
0.305036 0.078319
0.307705 0.286106
0.308563 0.237774
0.308625 0.142658
0.310885 0.240173
0.311530 0.265069
0.312456 0.262975
0.314366 0.234566
0.314424 0.154138
0.315322 0.238235
0.315670 0.312547
0.315810 0.248273
0.316333 0.326353
0.316620 0.326974
0.316655 0.168674
0.317713 0.275801
0.319211 0.187813
0.321027 0.317170
0.321477 0.282785
0.321540 0.321112
0.321634 0.202393
0.322004 0.202112
0.322311 0.160997
0.323520 0.184950
0.324172 0.112467
0.325790 0.279962
0.326213 0.196126
0.328145 0.308980
0.328159 0.313986
0.328478 0.262332
0.328691 0.143340
0.328862 0.118442
0.329701 0.165129
0.330100 0.200762
0.330509 0.272009
0.331296 0.195130
0.332323 0.277663
0.333350 0.261749
0.334056 0.223690
0.334078 0.220884
0.335027 0.256874
0.336986 0.194097
0.337294 0.205151
0.339921 0.208129
0.340491 0.300900
0.342138 0.282105
0.342756 0.225368
0.343426 0.264934
0.343776 0.251921
0.344500 0.280508
0.344617 0.310087
0.345913 0.188690
0.346350 0.242071
0.347844 0.293909
0.347924 0.272010
0.349806 0.284556
0.350124 0.268844
0.350726 0.221656
0.351109 0.246053
0.353445 0.298510
0.354043 0.300515
0.355059 0.201926
0.355964 0.210793
0.356586 0.128656
0.359624 0.248363
0.360030 0.289399
0.360160 0.280582
0.362084 0.292990
0.366152 0.171681
0.369090 0.156991
0.370465 0.129895
0.372427 0.204600
0.374080 0.286442
0.374157 0.190222
0.377582 0.237169
0.378704 0.199562
0.378808 0.202091
0.380809 0.078682
0.381351 0.256508
0.382080 0.271724
0.383340 0.270221
0.386999 0.200726
0.387515 0.163381
0.392022 0.234960
0.392849 0.188785
0.394176 0.250213
0.396921 0.274900
0.397047 0.259459
0.398554 0.185633
0.399010 0.138116
0.399023 0.220909
0.406986 0.142721
0.407016 0.206517
0.407724 0.205052
0.411425 0.168372
0.414284 0.244897
0.414823 0.194625
0.416977 0.190465
0.418768 0.203155
0.419653 0.187705
0.424051 0.241007
0.424340 0.198952
0.424348 0.091467
0.427865 0.232233
0.428028 0.159730
0.428279 0.127472
0.430724 0.218750
0.434310 0.048690
0.434495 0.211416
0.440756 0.253449
0.442227 0.206617
0.442995 0.050266
0.444286 0.196504
0.445223 0.259479
0.445871 0.172454
0.447804 0.122807
0.448123 0.134051
0.450131 0.114660
0.451114 0.201440
0.451441 0.235117
0.455973 0.217232
0.456391 0.158798
0.460752 0.248134
0.461546 0.161088
0.462293 0.147070
0.462536 0.182285
0.471281 0.166219
0.473058 0.160032
0.474044 0.193291
0.479909 0.197836
0.481302 0.161807
0.485601 0.129712
0.486174 0.166828
0.491631 0.190067
0.493496 0.190746
0.496615 0.167291
0.498720 0.039674
0.500226 0.194106
0.500782 0.196229
0.504860 0.197638
0.508120 0.103206
0.509213 0.195591
0.514301 0.155339
0.516315 0.084713
0.521899 0.099279
0.525003 0.070033
0.526309 0.111441
0.529039 0.175228
0.531017 0.103962
0.531022 0.206572
0.534343 0.200520
0.535124 0.170392
0.536870 0.119696
0.543024 0.212987
0.543917 0.210001
0.544095 0.127097
0.547027 0.190150
0.547128 0.070095
0.547528 0.152300
0.563664 0.132369
0.566275 0.163843
0.566452 0.146761
0.568999 0.174683
0.572133 0.195432
0.579192 0.100683
0.580149 0.189600
0.582590 0.187215
0.586302 0.089035
0.589819 0.165546
0.597906 0.120038
0.599347 0.168108
0.599627 0.157896
0.609316 0.169140
0.611771 0.143091
0.619180 0.185790
0.640243 0.167082
0.642937 0.107781
0.654921 0.106297
0.657064 0.145459
0.677929 0.099741
0.682030 0.097248
0.686231 0.150636
0.696807 0.000000
0.742581 0.062870
0.785826 0.113893
0.788076 0.123645
0.814193 0.085132
1.000000 0.047944
