0.000000 0.461274
0.023857 0.194305
0.024498 0.395094
0.033546 0.000000
0.043773 0.655543
0.047265 0.563141
0.055138 0.391681
0.061048 0.365754
0.071224 0.468065
0.071424 0.115731
0.073725 0.353291
0.075925 0.361411
0.085520 0.037528
0.090759 0.001351
0.096231 0.390815
0.096529 0.513371
0.101181 0.399481
0.107169 0.459640
0.109690 0.164851
0.110131 0.170265
0.110614 0.711847
0.118203 0.189319
0.120220 0.460910
0.121525 0.683384
0.125294 0.435711
0.127132 0.639346
0.137251 0.265263
0.138132 0.429479
0.140968 0.563875
0.143116 0.474834
0.145454 0.386335
0.145765 0.241063
0.149251 0.593826
0.151568 0.667317
0.151717 0.600253
0.151796 0.358021
0.153370 0.329227
0.154995 0.550538
0.156168 0.505486
0.157496 0.304606
0.158999 0.344932
0.161150 0.728310
0.163767 0.488564
0.166668 0.493878
0.170749 0.476788
0.171532 0.422705
0.172443 0.322997
0.174317 0.382503
0.179029 0.433879
0.179292 0.544438
0.187528 0.489676
0.188458 0.568298
0.189249 0.257628
0.191289 0.313537
0.192625 0.613792
0.195595 0.640289
0.198784 0.509205
0.200189 0.499463
0.201167 0.503390
0.206223 0.403816
0.211036 0.617192
0.212530 0.279780
0.215948 0.707756
0.220930 0.410988
0.221343 0.650593
0.221838 0.566717
0.224074 0.544743
0.224842 0.539393
0.225773 0.561721
0.225967 0.446274
0.228084 0.342172
0.228295 0.435037
0.228595 0.529460
0.231779 0.334153
0.232611 0.653971
0.233598 0.390400
0.233785 0.387911
0.234114 0.679386
0.235216 0.438478
0.240559 0.704694
0.241035 0.458865
0.241535 0.394547
0.242438 0.632440
0.242636 0.587526
0.244552 0.410817
0.249155 0.775165
0.251429 0.549232
0.251941 0.529064
0.252878 0.403910
0.255146 0.599370
0.256678 0.474328
0.261544 0.609227
0.261918 0.593540
0.261976 0.347127
0.264192 0.576854
0.267627 0.630661
0.268590 0.372957
0.273415 0.422390
0.273805 0.676588
0.275097 0.429098
0.276052 0.453791
0.276693 0.568648
0.284821 0.757641
0.285018 0.444120
0.285558 0.567669
0.285772 0.389391
0.286524 0.453314
0.288115 0.552129
0.288153 0.600434
0.288530 0.455442
0.289583 0.688537
0.289594 0.573995
0.295246 0.542862
0.295581 0.464099
0.295966 0.530515
0.301714 0.578490
0.302207 0.455480
0.303196 0.589472
0.305059 0.472087
0.309654 0.669813
0.310137 0.488282
0.311889 0.531406
0.311921 0.431896
0.314556 0.464070
0.316477 0.437703
0.318504 0.553490
0.321235 0.492324
0.323115 0.712029
0.323522 0.453631
0.326891 0.452032
0.327083 0.670872
0.329133 0.444763
0.329923 0.582146
0.329937 0.439060
0.330547 0.568345
0.334122 0.527841
0.335239 0.603360
0.335709 0.530914
0.336509 0.547714
0.336606 0.636250
0.336967 0.602296
0.339672 0.689866
0.341846 0.469816
0.342719 0.494267
0.342729 0.621130
0.342753 0.425194
0.345203 0.553387
0.347265 0.622105
0.351914 0.640416
0.354072 0.453300
0.354977 0.604668
0.356795 0.677251
0.357516 0.670559
0.357534 0.733371
0.360600 0.690739
0.366743 0.657109
0.367066 0.607374
0.376718 0.534360
0.377287 0.657183
0.378737 0.592328
0.386171 0.498654
0.390054 0.479687
0.390190 0.616841
0.391700 0.476820
0.396879 0.625024
0.398331 0.691454
0.398400 0.639180
0.404366 0.588381
0.405148 0.768472
0.405570 0.640781
0.406283 0.541051
0.409261 0.846714
0.409828 0.670457
0.416986 0.659787
0.417111 0.538299
0.419230 0.643310
0.422905 0.625531
0.423169 0.704023
0.423586 0.770944
0.425700 0.695420
0.425940 0.649639
0.430261 0.783160
0.430319 0.498604
0.432089 0.659950
0.432705 0.524166
0.433615 0.569245
0.434535 0.605687
0.437100 0.618473
0.437591 0.538854
0.439010 0.708763
0.439174 0.754853
0.442694 0.561924
0.446101 0.611045
0.447826 0.605880
0.456678 0.543356
0.458080 0.768364
0.460050 1.000000
0.460356 0.654221
0.461674 0.620701
0.463109 0.700540
0.464466 0.585014
0.465137 0.608364
0.467287 0.710748
0.472096 0.750850
0.474180 0.704395
0.477679 0.618859
0.478237 0.762832
0.479229 0.759567
0.481209 0.797955
0.483007 0.542935
0.483364 0.544808
0.484075 0.543225
0.491060 0.672254
0.492634 0.792921
0.496381 0.575151
0.504265 0.569255
0.507820 0.656400
0.513390 0.663889
0.515898 0.735505
0.517127 0.597469
0.518687 0.751758
0.520496 0.645936
0.521661 0.668960
0.521974 0.699831
0.522201 0.717623
0.524412 0.717352
0.524845 0.610361
0.525891 0.701328
0.525977 0.571387
0.528005 0.636854
0.531550 0.682370
0.532490 0.641087
0.534073 0.993521
0.534638 0.676266
0.537136 0.602410
0.544497 0.716745
0.544509 0.860054
0.547626 0.683819
0.552046 0.716981
0.555775 0.614046
0.556141 0.854154
0.560794 0.717221
0.561998 0.691918
0.564884 0.608793
0.568452 0.779454
0.573914 0.661613
0.576708 0.604133
0.578797 0.764322
0.579471 0.734247
0.580049 0.725567
0.597189 0.831287
0.598683 0.703697
0.604993 0.741083
0.607664 0.651115
0.612276 0.792468
0.614486 0.618605
0.620582 0.810189
0.622080 0.661120
0.625903 0.733465
0.628921 0.665316
0.629910 0.655341
0.631446 0.682965
0.634497 0.735384
0.635378 0.807003
0.637690 0.953067
0.638311 0.737833
0.647094 0.666813
0.648913 0.707192
0.653975 0.639447
0.660861 0.640178
0.660869 0.795635
0.672728 0.667312
0.674566 0.810065
0.675807 0.705302
0.692069 0.724631
0.692393 0.660454
0.702454 0.702285
0.709011 0.758377
0.715656 0.687484
0.744856 0.800670
0.793848 0.817188
0.813452 0.773541
0.813729 0.756636
0.814037 0.828079
0.872519 0.740219
0.898892 0.810239
0.929695 0.874882
0.939609 0.823968
1.000000 0.817589
