0.000000 0.780731
0.003348 0.823245
0.004346 0.350341
0.011532 0.344040
0.016250 0.964491
0.020630 0.518365
0.024766 0.475167
0.026203 0.943045
0.029072 1.000000
0.032004 0.698921
0.034735 0.808552
0.039051 0.237608
0.039151 0.375051
0.041842 0.464463
0.041981 0.419469
0.044879 0.490385
0.047329 0.447664
0.052360 0.438985
0.053661 0.729932
0.054129 0.192271
0.054874 0.293411
0.055810 0.322206
0.056650 0.366549
0.057085 0.801299
0.059256 0.223813
0.059326 0.490689
0.059862 0.667595
0.060865 0.341050
0.063485 0.396605
0.064369 0.362097
0.064657 0.702303
0.069002 0.293848
0.070487 0.603983
0.074262 0.909637
0.074648 0.394047
0.077579 0.836466
0.078991 0.698014
0.079233 0.176137
0.079578 0.794762
0.081227 0.082442
0.081234 0.386711
0.082084 0.511904
0.083694 0.482457
0.086179 0.494488
0.087906 0.272725
0.091277 0.435786
0.092100 0.094454
0.093740 0.448220
0.094016 0.438973
0.094547 0.353549
0.096087 0.240522
0.097248 0.789932
0.097792 0.420250
0.098069 0.108160
0.098851 0.462167
0.098859 0.512700
0.098928 0.468055
0.099721 0.454477
0.100170 0.334700
0.100978 0.569127
0.101868 0.264303
0.102201 0.322585
0.102419 0.345697
0.102779 0.741015
0.103337 0.563950
0.103383 0.252687
0.105246 0.791454
0.105714 0.235148
0.106172 0.360415
0.106232 0.421816
0.107259 0.239092
0.107624 0.389092
0.110050 0.306146
0.110348 0.503669
0.110472 0.517615
0.110937 0.289803
0.111157 0.275688
0.111542 0.529117
0.113744 0.400446
0.113787 0.403792
0.114221 0.549493
0.114725 0.575676
0.115462 0.385165
0.116932 0.375541
0.117833 0.409845
0.118736 0.622581
0.118957 0.517885
0.119103 0.334398
0.119507 0.581534
0.119588 0.362141
0.120138 0.438127
0.120166 0.236233
0.121208 0.258411
0.121714 0.508973
0.123326 0.353706
0.124903 0.117805
0.127051 0.518614
0.127353 0.535473
0.127779 0.255079
0.127785 0.057053
0.127870 0.389161
0.128995 0.254913
0.129386 0.213454
0.130315 0.610101
0.130664 0.384536
0.130969 0.268628
0.130978 0.446757
0.133415 0.197288
0.134088 0.503113
0.134480 0.669255
0.134498 0.423822
0.134988 0.412111
0.135424 0.530301
0.136508 0.389163
0.137595 0.250098
0.137644 0.448595
0.139475 0.405822
0.139992 0.639656
0.141682 0.609652
0.142112 0.681369
0.143100 0.273301
0.143221 0.427796
0.143356 0.485387
0.146237 0.488734
0.146413 0.415796
0.147273 0.359598
0.148562 0.280420
0.150591 0.561651
0.150708 0.176047
0.150873 0.422030
0.153721 0.649390
0.154482 0.236355
0.155185 0.441501
0.155627 0.496394
0.155849 0.425389
0.156548 0.318211
0.158538 0.448323
0.159383 0.410334
0.159552 0.456122
0.162256 0.404964
0.162579 0.696798
0.163640 0.397834
0.163765 0.282856
0.164212 0.369690
0.164341 0.347237
0.165706 0.526079
0.166732 0.619652
0.167510 0.292513
0.167621 0.378343
0.167649 0.556406
0.169741 0.232509
0.170402 0.416305
0.170511 0.453012
0.170594 0.195434
0.170619 0.392156
0.170812 0.568982
0.171426 0.518153
0.172652 0.374485
0.174043 0.459338
0.174095 0.524444
0.174167 0.397804
0.175110 0.558704
0.175462 0.322615
0.176176 0.276859
0.176197 0.446387
0.176588 0.303652
0.176894 0.255161
0.177563 0.275577
0.177856 0.284149
0.178115 0.229668
0.178307 0.332214
0.178337 0.551100
0.179053 0.153702
0.179059 0.549995
0.179208 0.381979
0.180119 0.586869
0.181920 0.418932
0.182863 0.654533
0.183473 0.379846
0.183475 0.520924
0.184811 0.524631
0.184942 0.194760
0.185042 0.182459
0.186110 0.444425
0.186233 0.291944
0.186707 0.426124
0.187010 0.333501
0.187530 0.079034
0.187911 0.268791
0.187963 0.542918
0.188381 0.259560
0.190438 0.300995
0.191896 0.229341
0.193304 0.398821
0.194118 0.618209
0.194834 0.639827
0.195178 0.348519
0.195992 0.344709
0.196361 0.594512
0.196362 0.371610
0.196839 0.570348
0.197396 0.032867
0.197469 0.336026
0.197677 0.295595
0.198908 0.395755
0.199072 0.449552
0.200032 0.334216
0.200720 0.335775
0.200829 0.466878
0.201226 0.632814
0.201357 0.179791
0.202519 0.166648
0.202965 0.634951
0.203343 0.323729
0.204556 0.235281
0.204879 0.194889
0.205998 0.528833
0.206462 0.104589
0.206564 0.602528
0.208003 0.379540
0.208622 0.470447
0.208693 0.357163
0.210501 0.163972
0.210706 0.610593
0.211140 0.505993
0.211411 0.461072
0.211642 0.327934
0.213413 0.355003
0.213541 0.284397
0.214280 0.311782
0.214325 0.484341
0.214966 0.368542
0.215027 0.111739
0.215236 0.559319
0.215280 0.380987
0.215896 0.351783
0.216071 0.273750
0.216130 0.405749
0.216156 0.412149
0.216626 0.151758
0.217182 0.479412
0.217318 0.284759
0.218187 0.275161
0.219237 0.364223
0.219520 0.510215
0.220813 0.136209
0.221392 0.220696
0.223513 0.348984
0.224216 0.353871
0.225071 0.412502
0.225123 0.494767
0.225354 0.373143
0.225637 0.536451
0.225943 0.188012
0.226481 0.519930
0.227695 0.297556
0.229106 0.281305
0.229440 0.447181
0.229525 0.465707
0.229829 0.498386
0.230152 0.599629
0.231325 0.345815
0.231442 0.435843
0.231754 0.349629
0.232412 0.530070
0.232437 0.405652
0.233090 0.363051
0.233306 0.548378
0.233341 0.439995
0.236826 0.387462
0.240919 0.432852
0.240939 0.447385
0.241046 0.306952
0.241854 0.415388
0.241936 0.533043
0.242187 0.493324
0.242221 0.385772
0.242529 0.194937
0.243698 0.439094
0.244129 0.306365
0.244902 0.360181
0.245034 0.189113
0.245120 0.557840
0.245354 0.221276
0.245380 0.362511
0.245947 0.398389
0.245989 0.559881
0.246641 0.582012
0.247186 0.496439
0.247269 0.000000
0.247583 0.489843
0.249066 0.397632
0.249141 0.456850
0.249442 0.333810
0.250011 0.471134
0.250079 0.470655
0.251147 0.363908
0.251205 0.348720
0.251484 0.481717
0.251765 0.430413
0.251890 0.474942
0.251956 0.456626
0.252686 0.453368
0.254345 0.204245
0.255238 0.385218
0.255568 0.293368
0.256841 0.282174
0.256997 0.508891
0.257299 0.304187
0.257387 0.489893
0.257592 0.486884
0.258121 0.453075
0.260169 0.392005
0.260656 0.333044
0.260900 0.535473
0.261316 0.222552
0.261375 0.352700
0.261869 0.395788
0.262008 0.291456
0.262700 0.346177
0.263774 0.308529
0.264573 0.190482
0.266940 0.516368
0.267290 0.277157
0.267667 0.358271
0.270700 0.517575
0.270751 0.509476
0.273158 0.096257
0.274053 0.343462
0.276379 0.328930
0.277726 0.320235
0.278128 0.299301
0.280847 0.532972
0.281711 0.273585
0.281857 0.440988
0.282653 0.501598
0.283329 0.368605
0.284763 0.373539
0.284779 0.407981
0.284976 0.352971
0.285136 0.220519
0.285235 0.417645
0.285706 0.443387
0.286501 0.291238
0.286520 0.329286
0.287479 0.403549
0.288141 0.487994
0.289682 0.358298
0.290139 0.463975
0.290446 0.309751
0.290462 0.428961
0.290500 0.355946
0.291303 0.317707
0.291863 0.294244
0.292057 0.370159
0.292244 0.499775
0.292567 0.372153
0.292712 0.403853
0.292750 0.447462
0.292786 0.115200
0.293079 0.465507
0.294158 0.370225
0.295364 0.236453
0.295623 0.211069
0.297010 0.231910
0.297233 0.218720
0.298664 0.416082
0.299547 0.420212
0.300178 0.446747
0.300214 0.318580
0.300544 0.363181
0.300630 0.189749
0.300675 0.483738
0.300965 0.180966
0.301223 0.294202
0.301253 0.447019
0.302070 0.290641
0.302119 0.208909
0.302281 0.407537
0.302296 0.510935
0.303552 0.359326
0.304428 0.511472
0.304567 0.334543
0.305044 0.233725
0.305402 0.421458
0.306247 0.393101
0.306488 0.289706
0.307335 0.319271
0.307403 0.304723
0.308435 0.193557
0.309198 0.208408
0.309360 0.347622
0.310000 0.436912
0.310090 0.248605
0.310595 0.484666
0.310677 0.321123
0.312037 0.223486
0.312206 0.399492
0.312605 0.489440
0.312712 0.222705
0.314889 0.406801
0.315096 0.444719
0.315586 0.190334
0.315645 0.371724
0.316900 0.256466
0.318081 0.308283
0.319450 0.177588
0.319978 0.382829
0.320325 0.321847
0.320615 0.318126
0.320976 0.336993
0.321041 0.138694
0.321265 0.331484
0.321740 0.299672
0.322058 0.147024
0.322980 0.200519
0.323780 0.340096
0.325106 0.340553
0.326077 0.486842
0.326335 0.016125
0.328519 0.417266
0.328605 0.342121
0.329341 0.159621
0.330083 0.391226
0.330416 0.444137
0.330659 0.365366
0.332592 0.099916
0.333005 0.291279
0.334782 0.304052
0.335163 0.369661
0.335216 0.300455
0.336547 0.304577
0.336871 0.365537
0.337910 0.184269
0.338146 0.210908
0.338530 0.341845
0.338633 0.447928
0.339674 0.246472
0.339699 0.186520
0.340445 0.316547
0.341909 0.226343
0.342070 0.320882
0.342188 0.273538
0.342305 0.044265
0.342632 0.454900
0.343260 0.371527
0.344026 0.294047
0.344091 0.383472
0.344232 0.477261
0.344338 0.266822
0.344812 0.443029
0.345551 0.192694
0.346927 0.365167
0.347765 0.355189
0.348676 0.281663
0.350539 0.311758
0.351102 0.341363
0.351245 0.170163
0.352045 0.431751
0.352320 0.430759
0.352528 0.278860
0.353100 0.385002
0.353741 0.316882
0.354096 0.297680
0.355036 0.274138
0.355726 0.416322
0.355784 0.441483
0.356203 0.364634
0.356518 0.363213
0.358015 0.187915
0.358424 0.209057
0.358450 0.470395
0.358832 0.011157
0.359003 0.356800
0.359159 0.262650
0.359225 0.415601
0.360835 0.383714
0.361831 0.363717
0.362462 0.288128
0.362543 0.395774
0.362613 0.174232
0.362894 0.281699
0.363780 0.188174
0.364431 0.412209
0.365745 0.142688
0.365942 0.230820
0.366271 0.227270
0.367313 0.327430
0.367563 0.389406
0.367957 0.427951
0.368740 0.378542
0.371550 0.304425
0.372969 0.305045
0.373187 0.328181
0.373369 0.435790
0.373888 0.260347
0.373895 0.417567
0.374101 0.440224
0.374214 0.307805
0.374735 0.117386
0.375308 0.291358
0.375354 0.369630
0.375577 0.183126
0.376118 0.407908
0.377545 0.089564
0.378752 0.250012
0.378912 0.321016
0.379554 0.324241
0.380283 0.197279
0.380622 0.308852
0.380799 0.388292
0.380851 0.298448
0.381195 0.382091
0.382538 0.255918
0.383002 0.387713
0.383045 0.387399
0.383719 0.227027
0.384855 0.136426
0.384864 0.031166
0.384951 0.369541
0.385099 0.383124
0.385393 0.458505
0.387415 0.244480
0.388581 0.385184
0.390873 0.395380
0.390964 0.415825
0.390969 0.236049
0.391591 0.411389
0.391823 0.246331
0.392323 0.426949
0.393561 0.094781
0.394026 0.399931
0.395833 0.072100
0.396735 0.430899
0.398287 0.362459
0.398897 0.303992
0.398976 0.354050
0.399047 0.302765
0.399107 0.340458
0.400238 0.401487
0.405020 0.258903
0.405257 0.407625
0.406438 0.430138
0.406516 0.241957
0.407259 0.294910
0.408064 0.154693
0.408773 0.261737
0.408826 0.342463
0.409104 0.329914
0.409790 0.230901
0.409822 0.438069
0.410690 0.370223
0.410725 0.316410
0.412153 0.207468
0.412649 0.410961
0.412944 0.266073
0.413411 0.302430
0.414362 0.327887
0.414455 0.378252
0.415026 0.094171
0.417363 0.213423
0.418132 0.371493
0.418273 0.283763
0.419483 0.201928
0.419962 0.418076
0.420160 0.402708
0.420303 0.342525
0.421443 0.321386
0.422175 0.299587
0.423277 0.082198
0.423694 0.272161
0.425506 0.276546
0.426538 0.243670
0.427247 0.235451
0.427270 0.271316
0.427565 0.340591
0.427667 0.421069
0.428112 0.404179
0.428659 0.404673
0.429736 0.160973
0.430255 0.406827
0.436333 0.424433
0.436597 0.361685
0.436702 0.217461
0.436728 0.337096
0.437956 0.285722
0.438050 0.180370
0.440208 0.257655
0.440668 0.406113
0.440989 0.346117
0.441434 0.294029
0.441652 0.292962
0.442224 0.362644
0.444077 0.351116
0.444331 0.361922
0.444537 0.332827
0.445033 0.297135
0.445123 0.275922
0.445509 0.102405
0.445752 0.324487
0.448143 0.332000
0.449619 0.224544
0.450843 0.190671
0.450947 0.347345
0.451704 0.212544
0.452184 0.109350
0.453495 0.174574
0.453681 0.329633
0.454265 0.094880
0.454536 0.382284
0.454694 0.257786
0.455936 0.336800
0.456441 0.117753
0.458306 0.305167
0.460180 0.406487
0.464490 0.233464
0.464968 0.152866
0.465176 0.311249
0.465656 0.198526
0.466348 0.119574
0.466390 0.112455
0.468396 0.269719
0.468868 0.125428
0.469144 0.264318
0.469739 0.259494
0.470564 0.189737
0.472409 0.282249
0.472811 0.133207
0.472814 0.334159
0.473270 0.258912
0.473935 0.258567
0.474003 0.305404
0.475493 0.120491
0.476307 0.335838
0.478378 0.214699
0.481101 0.304410
0.482591 0.170938
0.485240 0.369822
0.486156 0.331596
0.490234 0.316210
0.494172 0.285592
0.495097 0.190907
0.499377 0.270383
0.499385 0.120456
0.501642 0.245698
0.502589 0.255373
0.502964 0.299742
0.505645 0.320980
0.509434 0.373748
0.510594 0.226965
0.510817 0.241485
0.513041 0.325454
0.513222 0.085176
0.514075 0.281919
0.514447 0.281910
0.515502 0.249201
0.515872 0.219981
0.518931 0.153334
0.521205 0.333481
0.524294 0.156281
0.524408 0.314581
0.527641 0.062412
0.528205 0.319306
0.529475 0.238516
0.533701 0.233610
0.534166 0.185824
0.534306 0.306085
0.538637 0.317973
0.539272 0.212336
0.540117 0.220596
0.540707 0.305704
0.541054 0.188991
0.541666 0.275730
0.542447 0.254612
0.545623 0.352319
0.545718 0.289519
0.549079 0.051994
0.549986 0.089366
0.553038 0.334101
0.555729 0.282737
0.556302 0.217735
0.557327 0.045808
0.561345 0.137873
0.562004 0.220571
0.565381 0.070059
0.568484 0.217470
0.568793 0.269480
0.571169 0.209681
0.571892 0.328608
0.571954 0.287506
0.573424 0.156296
0.574793 0.326750
0.576961 0.202655
0.579284 0.295102
0.581778 0.019290
0.582698 0.147557
0.582984 0.032335
0.583197 0.300403
0.586388 0.207730
0.587446 0.248062
0.590442 0.121240
0.593765 0.259677
0.596944 0.229454
0.599560 0.224727
0.601710 0.156184
0.603818 0.168263
0.605426 0.229172
0.619101 0.325724
0.620066 0.328899
0.623446 0.240023
0.629274 0.308131
0.629390 0.261521
0.632913 0.185442
0.635265 0.152337
0.637826 0.293734
0.650016 0.151969
0.652961 0.220328
0.660163 0.310878
0.669103 0.210753
0.682626 0.123682
0.684114 0.292751
0.693105 0.070744
0.694361 0.284313
0.695058 0.237915
0.701800 0.135017
0.707927 0.063070
0.713413 0.225056
0.717511 0.136777
0.727518 0.155325
0.742159 0.120583
0.742522 0.238381
0.747497 0.274131
0.754331 0.204088
0.755078 0.200259
0.820168 0.096571
0.841705 0.065201
0.845543 0.214972
0.986639 0.165189
1.000000 0.163121
