0.000000 0.313258
0.001688 0.631137
0.008228 0.540782
0.011391 0.383638
0.013596 0.871641
0.014410 0.477491
0.017803 0.679016
0.020264 0.501627
0.021454 0.496182
0.022070 0.963003
0.024015 0.569320
0.024622 0.997565
0.025441 0.454018
0.027450 0.672688
0.027474 0.419533
0.027627 0.921082
0.028032 0.494625
0.029748 0.346709
0.030197 0.449669
0.032134 0.519557
0.033693 0.584896
0.033922 0.582226
0.036805 0.821722
0.037769 0.748913
0.038560 0.554053
0.040625 0.552014
0.040892 0.546318
0.041434 1.000000
0.041493 0.412644
0.041750 0.568805
0.044306 0.217034
0.044467 0.812718
0.044817 0.722557
0.044983 0.513313
0.045750 0.804288
0.046538 0.995789
0.047321 0.445812
0.047508 0.629324
0.048388 0.762530
0.049080 0.778804
0.049579 0.640510
0.051521 0.997926
0.052655 0.435201
0.052891 0.320474
0.055136 0.217115
0.055280 0.491248
0.056604 0.577211
0.058725 0.782793
0.059327 0.479596
0.059676 0.452299
0.060477 0.740996
0.060597 0.680839
0.061107 0.628282
0.062048 0.405647
0.062670 0.699854
0.063057 0.355195
0.063332 0.438890
0.064965 0.244740
0.065419 0.747747
0.065909 0.595682
0.066248 0.587234
0.066372 0.510867
0.066589 0.474879
0.067960 0.783959
0.069063 0.323408
0.069857 0.302957
0.070054 0.773640
0.070181 0.552606
0.070452 0.604945
0.070757 0.938238
0.070760 0.460511
0.072906 0.558918
0.073241 0.393532
0.073673 0.406525
0.073796 0.584797
0.074462 0.412923
0.076879 0.713408
0.076966 0.784346
0.079073 0.730154
0.079652 0.713588
0.079773 0.562224
0.080425 0.439606
0.081406 0.545274
0.081658 0.879759
0.081943 0.273969
0.082420 0.360288
0.082567 0.569824
0.083555 0.373239
0.084872 0.761614
0.085350 0.703339
0.085561 0.525832
0.086710 0.542406
0.086756 0.729075
0.087543 0.650040
0.089402 0.631899
0.089710 0.322546
0.089871 0.353643
0.090526 0.495058
0.091261 0.398830
0.092802 0.672875
0.093342 0.833432
0.094134 0.645981
0.094839 0.310133
0.095878 0.724776
0.096141 0.694361
0.096174 0.762302
0.096773 0.662054
0.096814 0.675116
0.097425 0.844662
0.097588 0.653459
0.098123 0.487782
0.098871 0.719317
0.099208 0.265007
0.099465 0.648203
0.101148 0.347584
0.101782 0.411262
0.102146 0.341905
0.102935 0.397544
0.103097 0.218833
0.104038 0.658530
0.104904 0.816806
0.105441 0.608121
0.105548 0.652374
0.105931 0.582461
0.106395 0.300169
0.106430 0.193690
0.107725 0.763523
0.108114 0.455544
0.108379 0.349909
0.108728 0.427835
0.109295 0.709694
0.110807 0.509821
0.111339 0.222776
0.111883 0.655653
0.112664 0.749804
0.113032 0.297781
0.114096 0.551727
0.114238 0.537197
0.114893 0.624486
0.115308 0.489442
0.115732 0.716293
0.115911 0.192181
0.116124 0.482269
0.116219 0.430753
0.116260 0.333779
0.117940 0.482494
0.118040 0.500124
0.118417 0.229788
0.118701 0.711902
0.119584 0.320638
0.120767 0.472511
0.121071 0.322029
0.121109 0.486484
0.121162 0.514376
0.121166 0.689593
0.121246 0.517817
0.121324 0.643814
0.121373 0.346614
0.121652 0.666894
0.121928 0.335515
0.121973 0.631538
0.122481 0.641434
0.122581 0.672758
0.122782 0.399556
0.123700 0.353956
0.125591 0.708410
0.126174 0.513123
0.126819 0.686421
0.127448 0.697672
0.128073 0.606169
0.128193 0.530914
0.128216 0.407815
0.129313 0.404997
0.130579 0.276414
0.130872 0.214827
0.131445 0.304504
0.131734 0.759758
0.131926 0.406453
0.131951 0.397679
0.133044 0.362017
0.133184 0.586698
0.133305 0.625244
0.134664 0.561210
0.134689 0.364134
0.134784 0.241471
0.135039 0.551194
0.135282 0.255853
0.135993 0.629433
0.136081 0.717414
0.136409 0.188211
0.136934 0.471445
0.137090 0.484826
0.137182 0.335532
0.137268 0.384069
0.137872 0.693705
0.138632 0.517789
0.138738 0.587508
0.139481 0.414694
0.139652 0.743403
0.139846 0.306277
0.139853 0.381207
0.141236 0.413139
0.141312 0.541020
0.141713 0.400317
0.142015 0.345169
0.142188 0.536045
0.142270 0.381597
0.142614 0.370027
0.143609 0.438273
0.143741 0.442812
0.144831 0.683602
0.144974 0.669744
0.144980 0.261456
0.145292 0.501233
0.145491 0.668297
0.146123 0.508631
0.146129 0.156071
0.146519 0.589577
0.147003 0.405875
0.147060 0.374889
0.147090 0.481979
0.147405 0.432120
0.148186 0.438565
0.148532 0.193868
0.148544 0.549382
0.148567 0.571536
0.148583 0.579261
0.148586 0.594581
0.148963 0.598954
0.149065 0.606505
0.149165 0.386917
0.149257 0.558305
0.149570 0.470486
0.149869 0.648461
0.150741 0.629486
0.151209 0.254595
0.152063 0.420316
0.152685 0.445105
0.153079 0.672348
0.154594 0.568689
0.154762 0.580253
0.155205 0.655678
0.155304 0.377413
0.155309 0.281823
0.155892 0.476975
0.155934 0.410144
0.157035 0.631738
0.157585 0.563412
0.158092 0.323312
0.158306 0.584955
0.158360 0.221179
0.159022 0.609342
0.159165 0.575938
0.159215 0.385716
0.159666 0.464299
0.160210 0.172052
0.160274 0.069423
0.160617 0.701347
0.160648 0.452111
0.160807 0.519564
0.160883 0.341059
0.160929 0.440103
0.161070 0.660105
0.161232 0.371107
0.162077 0.365040
0.162150 0.536980
0.162242 0.138793
0.162783 0.210311
0.163222 0.428702
0.163729 0.515194
0.164673 0.382000
0.164789 0.342653
0.165173 0.459784
0.165286 0.409290
0.165676 0.284149
0.165846 0.445624
0.166329 0.641400
0.166524 0.538175
0.167015 0.380555
0.167496 0.566282
0.167684 0.626418
0.167854 0.437096
0.167863 0.507475
0.168043 0.562603
0.168181 0.679131
0.169482 0.463160
0.170094 0.337662
0.170677 0.364502
0.171643 0.308684
0.171760 0.601196
0.172009 0.562445
0.172163 0.275268
0.172239 0.375485
0.172515 0.497640
0.172827 0.659223
0.172892 0.345961
0.172980 0.665611
0.173469 0.215014
0.173533 0.244977
0.173763 0.323185
0.173926 0.672359
0.174334 0.463787
0.174743 0.516919
0.175244 0.515044
0.175663 0.403904
0.175873 0.339436
0.175913 0.390303
0.175990 0.370544
0.176419 0.405752
0.176598 0.405295
0.176708 0.391328
0.176813 0.654548
0.176995 0.480398
0.177202 0.239296
0.178575 0.434835
0.178805 0.177757
0.178907 0.485158
0.178919 0.514315
0.178957 0.553215
0.179092 0.570947
0.179566 0.381115
0.179962 0.420888
0.180033 0.352202
0.180710 0.485497
0.180728 0.654167
0.180971 0.456492
0.180978 0.665276
0.181482 0.224248
0.181507 0.405009
0.182904 0.469659
0.183189 0.386605
0.183453 0.474088
0.183931 0.551244
0.184274 0.529089
0.184636 0.327831
0.184750 0.363783
0.184948 0.474970
0.185306 0.635274
0.185436 0.489813
0.185516 0.616977
0.185807 0.431757
0.186135 0.505135
0.186571 0.568116
0.186597 0.409675
0.186855 0.475148
0.187402 0.496497
0.187460 0.455082
0.187699 0.320606
0.188290 0.390152
0.188988 0.525928
0.189160 0.369971
0.189221 0.445572
0.189242 0.447881
0.189783 0.414137
0.189834 0.284691
0.189889 0.318149
0.190124 0.161553
0.190390 0.236513
0.191024 0.497463
0.191259 0.564073
0.191298 0.484640
0.191368 0.596305
0.191894 0.436588
0.192002 0.651810
0.192016 0.569406
0.192179 0.443774
0.192527 0.254853
0.192532 0.366081
0.193007 0.412228
0.193240 0.420246
0.193241 0.628027
0.193353 0.590289
0.193358 0.395197
0.193441 0.236623
0.194013 0.392720
0.194740 0.320732
0.194820 0.532809
0.194948 0.223580
0.194996 0.274258
0.195120 0.398745
0.195565 0.612189
0.195776 0.547267
0.195976 0.556899
0.196018 0.465353
0.196374 0.302401
0.196586 0.307012
0.196754 0.244286
0.196906 0.646179
0.197000 0.256053
0.197074 0.638033
0.197479 0.548594
0.197743 0.331075
0.197880 0.541337
0.198401 0.363424
0.199105 0.420834
0.199222 0.167576
0.199222 0.224835
0.199482 0.368165
0.199560 0.559446
0.199734 0.170215
0.199947 0.612241
0.200001 0.504367
0.200057 0.415268
0.200111 0.507004
0.200536 0.452361
0.200680 0.524032
0.200767 0.535965
0.201838 0.322300
0.202043 0.575137
0.202955 0.309153
0.203627 0.547820
0.203660 0.597556
0.203815 0.250393
0.205007 0.408056
0.205123 0.370203
0.205634 0.233272
0.205753 0.434750
0.205768 0.321857
0.205784 0.317513
0.206981 0.389373
0.206995 0.511748
0.207478 0.176293
0.207834 0.579177
0.207984 0.400247
0.208035 0.366246
0.208293 0.496205
0.208609 0.477885
0.208850 0.539126
0.209621 0.526213
0.209860 0.305259
0.209963 0.449379
0.210298 0.410268
0.210538 0.543984
0.210791 0.551672
0.210863 0.422587
0.210980 0.445574
0.210993 0.426047
0.211174 0.473050
0.211216 0.486348
0.211447 0.292387
0.211510 0.269112
0.211644 0.370058
0.211977 0.603573
0.212011 0.373482
0.212178 0.325404
0.212371 0.218740
0.213141 0.502577
0.214109 0.581823
0.214398 0.605999
0.214684 0.452678
0.214998 0.589823
0.215272 0.333939
0.215307 0.378312
0.216178 0.609329
0.216471 0.427483
0.216555 0.433153
0.216796 0.453294
0.217543 0.535443
0.217776 0.444026
0.218236 0.473417
0.219431 0.515507
0.219817 0.059362
0.219897 0.285592
0.220843 0.181555
0.221436 0.257639
0.222319 0.146275
0.222320 0.329584
0.222901 0.493983
0.223164 0.426680
0.223497 0.392534
0.223623 0.404083
0.223681 0.313124
0.223995 0.405644
0.225158 0.556091
0.225248 0.581750
0.225441 0.517326
0.225778 0.377376
0.225914 0.432904
0.226333 0.549191
0.226334 0.141516
0.226497 0.575446
0.226540 0.529048
0.226858 0.304704
0.226937 0.560161
0.227760 0.590702
0.227821 0.317586
0.227834 0.266260
0.227865 0.592927
0.227887 0.439422
0.228044 0.580190
0.228315 0.489023
0.228557 0.471315
0.229230 0.421025
0.229343 0.508996
0.229481 0.469089
0.229526 0.567536
0.229853 0.580125
0.230454 0.226019
0.230521 0.301987
0.230597 0.534350
0.230655 0.586991
0.230762 0.461913
0.230990 0.303266
0.231167 0.192490
0.231517 0.335854
0.231576 0.521881
0.232576 0.570170
0.233320 0.456307
0.233350 0.575737
0.233421 0.119717
0.234280 0.353736
0.235300 0.437400
0.235690 0.384787
0.235846 0.126871
0.235950 0.376009
0.236162 0.394984
0.236507 0.245270
0.236754 0.328605
0.237354 0.378598
0.237692 0.398412
0.237911 0.518268
0.238073 0.425867
0.238386 0.322602
0.238958 0.514978
0.239664 0.412953
0.240916 0.134678
0.241078 0.335456
0.241429 0.522465
0.242367 0.317195
0.243534 0.250894
0.243843 0.542707
0.243864 0.391258
0.243905 0.309019
0.243981 0.512370
0.244829 0.459427
0.245070 0.269090
0.245574 0.354629
0.246407 0.372179
0.246932 0.373694
0.247072 0.334350
0.247079 0.344592
0.247403 0.371617
0.247608 0.283382
0.247681 0.429001
0.247690 0.418511
0.248083 0.339227
0.248820 0.450000
0.249137 0.433310
0.249855 0.534867
0.250060 0.486107
0.250321 0.188545
0.250478 0.425479
0.250589 0.443498
0.250690 0.340852
0.250903 0.536546
0.251032 0.510028
0.251110 0.266570
0.251240 0.472100
0.251258 0.407334
0.251461 0.265449
0.251949 0.433900
0.252103 0.371955
0.252145 0.408344
0.252315 0.518076
0.252335 0.455308
0.252537 0.418825
0.253653 0.274296
0.254070 0.396738
0.254105 0.252011
0.254231 0.490128
0.254730 0.347687
0.254750 0.131687
0.255677 0.420178
0.255762 0.535541
0.256395 0.352895
0.256468 0.389723
0.256523 0.297920
0.256565 0.316997
0.256654 0.512358
0.256987 0.517416
0.257422 0.337051
0.257714 0.156616
0.258027 0.368032
0.258141 0.277132
0.258562 0.547649
0.259047 0.325033
0.259426 0.512697
0.260199 0.210593
0.260241 0.527069
0.261490 0.509619
0.261797 0.456825
0.261832 0.366107
0.262508 0.491602
0.263557 0.327003
0.263726 0.358410
0.263951 0.411702
0.264747 0.494727
0.265023 0.404955
0.265122 0.557285
0.265698 0.440904
0.265935 0.490871
0.266218 0.307240
0.266425 0.206605
0.267480 0.452913
0.267681 0.342577
0.267812 0.521389
0.268140 0.437298
0.268335 0.322366
0.268469 0.241689
0.268809 0.290238
0.269421 0.381404
0.269853 0.333866
0.269865 0.520765
0.269895 0.319548
0.270187 0.450804
0.271435 0.249474
0.271527 0.373714
0.272866 0.477150
0.273581 0.284733
0.273912 0.518403
0.273994 0.437721
0.274247 0.444519
0.274793 0.318621
0.274924 0.418709
0.275332 0.366211
0.276037 0.454427
0.276145 0.390497
0.276482 0.401682
0.276779 0.332538
0.276936 0.394969
0.277078 0.286222
0.278338 0.464507
0.279552 0.395357
0.279765 0.375173
0.280716 0.437689
0.280972 0.289087
0.281018 0.432645
0.281582 0.177545
0.281641 0.289915
0.282087 0.499586
0.282120 0.374843
0.282167 0.270834
0.282379 0.488853
0.282464 0.453887
0.282954 0.358941
0.283136 0.506256
0.283230 0.286947
0.283407 0.502622
0.283585 0.315615
0.284407 0.466097
0.284634 0.420501
0.284703 0.480675
0.284960 0.382421
0.286333 0.483075
0.288287 0.341409
0.288686 0.535640
0.290009 0.447470
0.290123 0.389526
0.290187 0.186545
0.290389 0.480956
0.290467 0.464390
0.290647 0.366650
0.291009 0.505762
0.291233 0.484933
0.291360 0.428475
0.291465 0.423606
0.292029 0.160155
0.292125 0.520305
0.292421 0.188471
0.292582 0.045266
0.292663 0.520341
0.292716 0.356982
0.293051 0.461173
0.293307 0.200505
0.293660 0.137342
0.293814 0.304522
0.293837 0.367924
0.293996 0.354316
0.294011 0.446461
0.294296 0.396208
0.294915 0.142322
0.295993 0.512518
0.296682 0.351568
0.297577 0.442562
0.297961 0.318905
0.299068 0.477682
0.299160 0.352870
0.299612 0.374358
0.300453 0.358133
0.300546 0.324509
0.300708 0.483976
0.301409 0.466660
0.301971 0.278474
0.302232 0.313329
0.302838 0.333255
0.302893 0.471982
0.303164 0.397013
0.303180 0.465172
0.303764 0.501369
0.303863 0.410559
0.304307 0.336641
0.304733 0.240068
0.304830 0.320102
0.305068 0.336823
0.305374 0.516243
0.305475 0.285769
0.305639 0.313498
0.306024 0.497479
0.306086 0.408215
0.306356 0.289289
0.306610 0.326866
0.308145 0.415133
0.308400 0.336325
0.308859 0.383396
0.309156 0.271847
0.309593 0.261527
0.310056 0.332975
0.310412 0.449048
0.310814 0.000000
0.310922 0.316569
0.311818 0.328417
0.311896 0.418202
0.311896 0.179225
0.311900 0.390381
0.312381 0.197020
0.312911 0.449567
0.313245 0.351694
0.313326 0.486731
0.313568 0.255268
0.313868 0.199567
0.314196 0.452825
0.314499 0.329877
0.315434 0.202942
0.315840 0.335892
0.316000 0.250244
0.316146 0.394601
0.316267 0.319669
0.316369 0.270353
0.317383 0.130645
0.317561 0.315908
0.318348 0.331778
0.318574 0.403827
0.318758 0.445823
0.318951 0.455586
0.319475 0.407826
0.319527 0.193950
0.319763 0.313605
0.319863 0.375889
0.320029 0.411908
0.320145 0.296717
0.320414 0.159612
0.320427 0.473079
0.321127 0.280534
0.321679 0.390400
0.322380 0.332738
0.322631 0.501860
0.323306 0.329715
0.323621 0.307861
0.323719 0.247201
0.324460 0.285092
0.324919 0.412516
0.325634 0.292845
0.325666 0.362859
0.326104 0.277322
0.326409 0.338847
0.326558 0.330375
0.326886 0.487944
0.326944 0.323880
0.327007 0.246074
0.327038 0.383778
0.327729 0.330714
0.328185 0.382198
0.328959 0.242203
0.329592 0.333548
0.330150 0.460465
0.330217 0.384083
0.330326 0.452789
0.330849 0.280488
0.331299 0.488806
0.331477 0.410645
0.331836 0.405108
0.332021 0.343758
0.332705 0.293289
0.333311 0.127384
0.334037 0.212272
0.334125 0.378300
0.334475 0.300045
0.334722 0.467205
0.334796 0.347066
0.335210 0.432221
0.335410 0.364144
0.335640 0.415051
0.336090 0.262918
0.336608 0.437150
0.336842 0.274283
0.337138 0.180504
0.337328 0.356283
0.337487 0.427904
0.337972 0.200954
0.338348 0.379655
0.339320 0.279636
0.339834 0.267091
0.340022 0.431061
0.340142 0.302270
0.341161 0.331978
0.341839 0.381086
0.342708 0.224257
0.342865 0.334305
0.343012 0.412421
0.344454 0.207706
0.345090 0.327660
0.345267 0.427660
0.345654 0.428155
0.345982 0.270368
0.346867 0.468006
0.347021 0.347610
0.347829 0.305347
0.348594 0.209771
0.348712 0.177137
0.349767 0.428947
0.349832 0.288133
0.349835 0.219888
0.350859 0.343996
0.351320 0.320773
0.351557 0.293308
0.351736 0.413279
0.352206 0.366175
0.352862 0.331432
0.353197 0.369922
0.353224 0.458926
0.353232 0.433126
0.353496 0.453510
0.354096 0.233261
0.355485 0.280081
0.355557 0.356494
0.355788 0.322539
0.356342 0.403665
0.356483 0.356969
0.356753 0.315443
0.356905 0.354442
0.357273 0.419919
0.357440 0.259574
0.357538 0.394404
0.358082 0.446144
0.358722 0.279956
0.359119 0.204205
0.359384 0.389152
0.359457 0.254572
0.360090 0.249348
0.360992 0.216200
0.361009 0.387874
0.361479 0.455783
0.361763 0.465066
0.362463 0.345543
0.362785 0.396257
0.362999 0.147715
0.363446 0.311128
0.363800 0.202382
0.363869 0.438957
0.363997 0.295985
0.364022 0.394498
0.364112 0.239553
0.364322 0.335291
0.364584 0.339460
0.364649 0.281162
0.364830 0.248238
0.365501 0.280050
0.365661 0.415221
0.366673 0.460170
0.366976 0.358480
0.367210 0.216655
0.368603 0.351485
0.368855 0.440978
0.369181 0.327581
0.371204 0.398974
0.371519 0.437417
0.371785 0.355703
0.372422 0.329177
0.372425 0.366585
0.373088 0.347781
0.373443 0.361372
0.374549 0.383590
0.374695 0.250256
0.375137 0.341293
0.375156 0.301979
0.375605 0.256870
0.376312 0.189881
0.376351 0.408453
0.376486 0.453300
0.377736 0.450889
0.377951 0.186908
0.378559 0.353787
0.379110 0.200043
0.379889 0.218151
0.380775 0.425433
0.381031 0.345825
0.381510 0.396790
0.381584 0.271200
0.383236 0.316697
0.383237 0.286006
0.383998 0.293234
0.384398 0.205975
0.385039 0.447433
0.385236 0.218842
0.385981 0.080001
0.387150 0.395503
0.387796 0.431575
0.388431 0.303853
0.391884 0.331182
0.393445 0.294899
0.393856 0.389649
0.393918 0.246773
0.395178 0.355949
0.396027 0.304709
0.396433 0.265375
0.396769 0.373691
0.396821 0.314573
0.399100 0.235135
0.399255 0.387363
0.399256 0.374926
0.399332 0.393924
0.399464 0.316681
0.399789 0.351087
0.400143 0.247432
0.400194 0.254637
0.402107 0.377974
0.402791 0.401598
0.405338 0.303133
0.405587 0.337488
0.405891 0.289936
0.406653 0.228188
0.407308 0.297528
0.407615 0.271100
0.407918 0.347060
0.409365 0.408243
0.409590 0.408783
0.410700 0.262198
0.411531 0.287953
0.412139 0.387606
0.412947 0.353191
0.413384 0.270132
0.415968 0.268997
0.416330 0.186999
0.416633 0.236062
0.416722 0.168414
0.417577 0.144432
0.417808 0.212050
0.417992 0.365906
0.418442 0.229935
0.418526 0.260997
0.418910 0.338417
0.420255 0.336395
0.420598 0.304468
0.420687 0.291342
0.421038 0.241906
0.421978 0.357195
0.422425 0.316775
0.422450 0.283967
0.422654 0.249900
0.423159 0.252891
0.423222 0.234407
0.424286 0.349406
0.426258 0.287176
0.426413 0.312138
0.427597 0.357414
0.427633 0.386507
0.427951 0.290225
0.430022 0.149584
0.430831 0.327425
0.432288 0.337705
0.432805 0.343412
0.433000 0.117535
0.433257 0.243101
0.433977 0.255515
0.434135 0.282365
0.434355 0.257107
0.434513 0.273817
0.435804 0.322535
0.435843 0.354288
0.435921 0.383029
0.436193 0.125768
0.437696 0.249645
0.438865 0.309171
0.439366 0.370668
0.439750 0.397786
0.440001 0.280523
0.440192 0.218203
0.441222 0.228954
0.441278 0.330758
0.441597 0.249020
0.441838 0.369073
0.442586 0.319098
0.444575 0.216988
0.444655 0.170852
0.445556 0.276772
0.445766 0.064857
0.446195 0.342298
0.446317 0.353663
0.446702 0.198299
0.447075 0.175906
0.447174 0.372473
0.450532 0.319476
0.450714 0.189304
0.450864 0.282196
0.451189 0.353874
0.452940 0.243783
0.453030 0.295720
0.453642 0.164558
0.453996 0.380936
0.454509 0.192009
0.454862 0.398353
0.455024 0.343978
0.456695 0.392923
0.456999 0.304593
0.457078 0.256820
0.457242 0.273050
0.458361 0.328707
0.458433 0.276082
0.459442 0.108004
0.459676 0.285207
0.459767 0.261127
0.460139 0.276822
0.460215 0.112414
0.460461 0.265158
0.461140 0.299785
0.461159 0.399751
0.461264 0.337855
0.461780 0.247121
0.461819 0.289422
0.466965 0.153021
0.467083 0.238692
0.467502 0.225950
0.468425 0.345601
0.471629 0.125586
0.471635 0.389537
0.472835 0.338092
0.472964 0.335380
0.474993 0.308402
0.476457 0.377859
0.476471 0.382964
0.478024 0.249356
0.478298 0.296985
0.480467 0.356336
0.480659 0.295797
0.481583 0.293471
0.481875 0.281881
0.482100 0.193241
0.482301 0.330095
0.482787 0.274970
0.486999 0.328873
0.487420 0.325665
0.488604 0.345077
0.488625 0.321722
0.489403 0.295315
0.489635 0.324012
0.490729 0.235246
0.491410 0.365209
0.491738 0.212759
0.493392 0.233643
0.494503 0.350170
0.494599 0.342014
0.495401 0.276126
0.496949 0.263924
0.498806 0.238396
0.498815 0.229754
0.498816 0.168627
0.498863 0.231281
0.498940 0.224436
0.499854 0.218582
0.500146 0.312922
0.500297 0.303042
0.502064 0.267611
0.502512 0.346197
0.503221 0.338333
0.503701 0.297336
0.505731 0.291287
0.505951 0.291192
0.506539 0.272641
0.506556 0.281700
0.506563 0.376129
0.507737 0.306356
0.507969 0.375005
0.508268 0.364355
0.508336 0.322703
0.508476 0.246327
0.509572 0.271197
0.509823 0.213872
0.509905 0.333783
0.511616 0.307709
0.512826 0.183125
0.513499 0.257675
0.514073 0.293318
0.517481 0.294197
0.519185 0.350655
0.520190 0.297899
0.520440 0.369387
0.521594 0.277804
0.521898 0.367708
0.522574 0.297175
0.526306 0.238484
0.527420 0.286811
0.528429 0.359577
0.528632 0.332875
0.528919 0.252402
0.530795 0.265395
0.530818 0.307755
0.533087 0.275315
0.533495 0.284879
0.534425 0.297480
0.535144 0.222378
0.537907 0.268759
0.539965 0.228567
0.541622 0.259455
0.544343 0.288616
0.545316 0.233916
0.546142 0.250671
0.549396 0.302356
0.551458 0.241801
0.551598 0.333745
0.552346 0.301666
0.552429 0.189525
0.552721 0.261931
0.553662 0.323742
0.554976 0.249931
0.555439 0.350602
0.556083 0.319377
0.556735 0.231645
0.560224 0.231281
0.561982 0.326881
0.562725 0.311967
0.564292 0.211885
0.566845 0.342784
0.567440 0.335441
0.567632 0.213514
0.571545 0.158572
0.571769 0.181687
0.574497 0.248525
0.574826 0.334327
0.577859 0.327405
0.577918 0.255190
0.582140 0.264521
0.582992 0.336589
0.586656 0.228919
0.587337 0.241775
0.588940 0.132048
0.590728 0.310689
0.590953 0.195147
0.591263 0.301422
0.592612 0.134892
0.593149 0.285945
0.593696 0.190737
0.594364 0.195217
0.594459 0.264735
0.594880 0.251310
0.600609 0.210119
0.601604 0.318505
0.604831 0.298368
0.606196 0.260046
0.609380 0.173001
0.609704 0.237485
0.613549 0.267927
0.630913 0.268085
0.631541 0.231127
0.636569 0.290623
0.638841 0.174213
0.644483 0.210115
0.644726 0.066205
0.651768 0.272585
0.658130 0.207046
0.660742 0.276578
0.663494 0.232147
0.664223 0.099912
0.665095 0.130994
0.665555 0.145781
0.670018 0.260056
0.685276 0.290544
0.690385 0.252158
0.691154 0.287156
0.726417 0.144703
0.760901 0.203289
0.781833 0.180739
0.858111 0.200639
1.000000 0.086671
