0.000000 0.291067
0.009502 0.346066
0.024859 0.512528
0.027149 0.210946
0.038721 0.444345
0.038925 0.486964
0.040874 0.648311
0.041791 0.000000
0.041905 0.300652
0.048433 0.377912
0.051042 0.105231
0.054193 0.408962
0.058513 0.410143
0.059282 0.611676
0.067136 0.493995
0.069304 0.131438
0.073683 0.507336
0.073788 0.276104
0.079491 0.563938
0.083970 0.273588
0.089405 0.534363
0.090713 0.553581
0.092925 0.627017
0.093328 0.376014
0.094241 0.462951
0.096096 0.439625
0.098988 0.399737
0.099620 0.344236
0.104145 0.326293
0.104452 0.438936
0.104462 0.460315
0.105908 0.622226
0.105960 0.461415
0.106295 0.284827
0.106360 0.397578
0.108752 0.643004
0.109756 0.550097
0.112630 0.524226
0.112680 0.335853
0.113585 0.390404
0.114702 0.427162
0.115049 0.496416
0.115267 0.421478
0.117921 0.629960
0.118969 0.608937
0.122067 0.536107
0.125299 0.476849
0.127164 0.408747
0.127413 0.566423
0.127998 0.641747
0.128738 0.607650
0.128861 0.435292
0.130528 0.330415
0.132599 0.576972
0.134486 0.359154
0.134617 0.354434
0.135638 0.416647
0.137143 0.748820
0.138583 0.530800
0.138987 0.671358
0.140492 0.698607
0.141557 0.740696
0.143896 0.611308
0.144119 0.534872
0.145391 0.558299
0.146218 0.582636
0.146560 0.386855
0.146629 0.431558
0.147966 0.611416
0.149015 0.468761
0.149763 0.541180
0.150514 0.623924
0.152626 0.674562
0.153163 0.418913
0.154317 0.700800
0.155607 0.452424
0.156018 0.580386
0.156062 0.403957
0.156446 0.584221
0.157202 0.422084
0.157579 0.646178
0.158676 0.603190
0.159507 0.474845
0.159948 0.703519
0.161259 0.450536
0.162008 0.522068
0.163228 0.452639
0.163641 0.630366
0.164224 0.459168
0.164803 0.637455
0.165903 0.613438
0.166539 0.437812
0.167475 0.507746
0.168779 0.615493
0.169049 0.552818
0.170894 0.572421
0.172658 0.648943
0.173335 0.424634
0.174643 0.658582
0.175191 0.597873
0.176187 0.692646
0.176305 0.782770
0.177451 0.500229
0.179511 0.581208
0.179512 0.549016
0.181240 0.777656
0.181333 0.679563
0.181380 0.770045
0.181446 0.650572
0.182247 0.526869
0.182834 0.489181
0.183517 0.437675
0.184296 0.549836
0.185173 0.687555
0.185708 0.451149
0.186746 0.557875
0.187816 0.534171
0.188373 0.624221
0.189497 0.682362
0.189690 0.529151
0.191472 0.633208
0.192550 0.563374
0.192725 0.694652
0.193089 0.499852
0.193143 0.631897
0.195331 0.638206
0.195570 0.770659
0.200252 0.804752
0.200420 0.655810
0.200946 0.471087
0.201530 0.508740
0.201873 0.581087
0.202612 0.618694
0.203660 0.566161
0.204222 0.667675
0.204321 0.555679
0.205050 0.673436
0.205397 0.580811
0.205552 0.575745
0.205600 0.593746
0.207139 0.650418
0.207534 0.644938
0.207897 0.587577
0.208197 0.579148
0.208540 0.689865
0.208545 0.633521
0.209330 0.656165
0.209722 0.762568
0.209732 0.622287
0.209785 0.600416
0.211605 0.705264
0.211631 0.710056
0.212595 0.604881
0.213951 0.528864
0.214492 0.757806
0.214818 0.692159
0.216077 0.612444
0.216633 0.497746
0.217267 0.524006
0.218020 0.610242
0.219286 0.745413
0.219535 0.685922
0.219682 0.513067
0.220398 0.769886
0.220735 0.524089
0.221534 0.510637
0.222086 0.787604
0.223145 0.521194
0.224048 0.521451
0.224834 0.596404
0.225452 0.686960
0.225639 0.592783
0.225825 0.599054
0.226625 0.685497
0.227754 0.806949
0.227872 0.675272
0.228247 0.674031
0.228635 0.740025
0.229041 0.672176
0.229675 0.660223
0.230639 0.629817
0.231840 0.658383
0.232233 0.512267
0.233815 0.662132
0.234227 0.604230
0.234318 0.592837
0.234538 0.564452
0.234963 0.613786
0.234997 0.557852
0.235019 0.563370
0.235203 0.566771
0.235369 0.514537
0.235464 0.522872
0.237155 0.725356
0.238008 0.552885
0.238519 0.673319
0.238961 0.725005
0.239023 0.539145
0.240486 0.713673
0.240606 0.671622
0.240980 0.717113
0.241949 0.555252
0.243035 0.691071
0.243701 0.674297
0.244422 0.628408
0.244482 0.669359
0.244542 0.622208
0.244864 0.598925
0.244943 0.629620
0.246848 0.730093
0.247819 0.660998
0.249149 0.711274
0.250741 0.840277
0.251834 0.657949
0.252282 0.691437
0.252759 0.725343
0.253134 0.835127
0.253135 0.852081
0.253244 0.550058
0.253810 0.661133
0.256078 0.611068
0.256571 0.641800
0.256896 0.620188
0.257673 0.638914
0.257728 0.666243
0.258457 0.769491
0.258632 0.660543
0.259029 0.687327
0.260264 0.685939
0.260734 0.647333
0.262149 0.660266
0.262398 0.665175
0.262760 0.588878
0.265230 0.631843
0.265741 0.587384
0.265765 0.605951
0.265942 0.642386
0.266370 0.773856
0.269782 0.637336
0.271774 0.761785
0.271866 0.827328
0.272182 0.658536
0.272476 0.648066
0.272735 0.682326
0.274039 0.606731
0.274048 0.654025
0.274483 0.730777
0.277209 0.694847
0.277925 0.615322
0.278826 0.717552
0.279349 0.658223
0.279677 0.683961
0.280433 0.642382
0.280747 0.654732
0.281665 0.653013
0.282977 0.619907
0.283100 0.726750
0.284088 0.673650
0.284372 0.667383
0.285475 0.657437
0.287679 0.741309
0.288204 0.653849
0.288744 0.774115
0.288976 0.752891
0.289518 0.630942
0.291792 0.665385
0.291881 0.717614
0.292398 0.671439
0.292900 0.729523
0.295467 0.648354
0.296483 0.800806
0.297625 0.601573
0.297686 0.600302
0.298251 0.701505
0.298331 0.657470
0.298350 0.677690
0.298639 0.684560
0.299232 0.591510
0.303891 0.768077
0.304214 0.705461
0.304439 0.793347
0.304820 0.757567
0.305318 0.631609
0.305333 0.611083
0.306946 0.666118
0.307593 0.691088
0.308308 0.616655
0.309512 0.629348
0.309963 0.694797
0.310037 0.746522
0.310229 0.659479
0.311007 0.661790
0.311332 0.760731
0.311952 0.601973
0.311984 0.764843
0.312063 0.799369
0.312356 0.775847
0.312961 0.733300
0.313045 0.664827
0.314908 0.720903
0.314978 0.609005
0.315053 0.703719
0.315659 0.630743
0.316967 0.728669
0.317008 0.834773
0.317823 0.719097
0.319090 0.690950
0.319851 0.796849
0.321619 0.739834
0.321676 0.637986
0.322696 0.610408
0.324414 0.730663
0.325221 0.788318
0.325586 0.703225
0.325958 0.783054
0.326676 0.705999
0.327075 0.629830
0.328375 0.689968
0.328757 0.664021
0.328991 0.691398
0.332128 0.678339
0.333089 0.802969
0.334230 0.757121
0.335208 0.899169
0.336088 0.748344
0.336685 0.714515
0.336839 0.788278
0.336874 0.811483
0.337681 0.624515
0.338629 0.978362
0.338723 0.646579
0.339202 0.673527
0.339540 0.672088
0.340058 0.784988
0.340273 0.636862
0.341586 0.738287
0.342464 0.887415
0.342919 0.804560
0.342987 0.698221
0.343074 0.707448
0.343703 0.756739
0.344762 0.670523
0.344892 0.782204
0.345293 0.644461
0.345627 0.644724
0.346424 0.701580
0.348193 0.775345
0.348800 0.656845
0.350358 0.710375
0.351503 0.740433
0.351512 0.740041
0.351545 0.738784
0.351632 0.856888
0.351837 0.793081
0.351924 0.666111
0.351988 0.700139
0.352160 0.716320
0.353350 0.732150
0.353450 0.644046
0.354354 0.700935
0.354597 0.690190
0.355562 0.651027
0.357730 0.651558
0.357877 0.653578
0.358205 0.778537
0.359743 0.867088
0.360784 0.742675
0.360915 0.697096
0.361794 0.732747
0.362347 0.768349
0.363045 0.854395
0.363169 0.690069
0.363989 0.747973
0.364758 0.820854
0.365923 0.795876
0.366052 0.716046
0.366093 0.651002
0.367714 0.659752
0.369214 0.889030
0.369651 0.803546
0.369795 0.777702
0.370251 0.698039
0.371076 0.772689
0.371410 0.807513
0.372182 0.809382
0.374509 0.681078
0.375955 0.827098
0.376106 0.741477
0.376304 0.773405
0.376646 0.673987
0.377601 0.725429
0.377951 0.808694
0.379932 0.725017
0.381214 0.709300
0.381864 0.829681
0.382273 0.760083
0.382397 0.810147
0.384835 0.673776
0.384866 0.724317
0.385043 0.755974
0.385342 0.779939
0.386066 0.713971
0.386314 0.780258
0.386600 0.815227
0.386858 0.780417
0.387119 0.848897
0.387376 0.717804
0.388172 0.675057
0.390281 0.795999
0.392310 0.798783
0.392852 0.704572
0.392864 0.818519
0.393284 0.681325
0.393863 0.674421
0.394839 0.779338
0.395963 0.870782
0.397042 0.832333
0.398595 0.787272
0.398948 0.700047
0.399537 0.811287
0.399669 0.770980
0.400505 0.693771
0.401404 0.769728
0.402024 0.752013
0.405223 0.712352
0.405914 0.787487
0.408682 0.750382
0.409048 0.691574
0.409709 0.788493
0.410226 0.884059
0.410228 0.801889
0.410405 0.782469
0.411970 0.738574
0.412283 0.746177
0.412566 0.782116
0.413737 0.812575
0.414015 0.779052
0.414023 0.689352
0.414219 0.817148
0.414302 0.899322
0.414324 0.790036
0.414415 0.695048
0.414486 0.755184
0.415050 0.958315
0.415141 0.705110
0.417732 0.716518
0.418814 0.759600
0.420668 0.894631
0.420918 0.800818
0.424774 0.706714
0.424861 0.777647
0.425764 0.758443
0.427335 0.728523
0.428274 0.830405
0.431037 0.736403
0.431717 0.824332
0.432508 0.814525
0.434649 0.810681
0.435463 0.786731
0.439442 0.757132
0.440338 0.748983
0.440873 0.817478
0.441585 0.775769
0.442471 0.763763
0.442516 0.843233
0.442783 0.769503
0.444643 0.779824
0.445172 0.797851
0.446555 0.768797
0.447002 0.858851
0.451443 0.722550
0.454906 0.763757
0.456833 0.863968
0.457965 0.792660
0.458542 0.884956
0.458742 0.769090
0.459129 0.840797
0.461527 0.771994
0.463089 0.926420
0.463337 0.847264
0.463672 0.789674
0.463887 0.830980
0.464102 0.822851
0.464460 0.736831
0.465964 0.912213
0.466644 0.767735
0.467933 0.866270
0.469391 0.787162
0.469885 0.807235
0.471328 0.807763
0.473577 0.764602
0.473795 0.910095
0.474969 0.752923
0.475988 0.749466
0.476641 0.815192
0.476890 0.839421
0.478786 0.864943
0.479010 0.827506
0.482745 0.854136
0.484682 0.851200
0.484729 0.767620
0.486064 0.807428
0.486461 0.819178
0.486930 0.847328
0.487082 0.787230
0.489048 0.742412
0.492895 0.764181
0.495194 0.802960
0.496221 0.807788
0.498622 0.803074
0.500421 0.771776
0.501190 0.888518
0.501534 0.782866
0.501738 0.891459
0.505384 0.769861
0.507709 0.960408
0.508494 0.826402
0.510847 0.849250
0.511518 0.829741
0.511834 0.798583
0.512544 0.778613
0.512892 0.802912
0.514401 0.855890
0.517985 0.804994
0.519205 0.872606
0.521651 0.850995
0.521888 0.872525
0.522079 0.781584
0.522921 0.914149
0.523424 0.803280
0.524873 0.812218
0.528612 0.875959
0.529704 0.858508
0.529707 0.821931
0.533377 0.791900
0.537480 0.874480
0.539498 0.787338
0.541197 0.791728
0.542087 0.798969
0.542091 0.887075
0.543071 0.835146
0.543277 0.837164
0.544508 0.847181
0.545791 0.827388
0.546549 0.812253
0.547387 0.781208
0.548189 0.811731
0.548668 0.783197
0.549652 0.814315
0.554243 0.882983
0.555974 0.890124
0.562368 0.792848
0.566070 0.858241
0.569165 0.824868
0.570760 0.812506
0.574964 0.821801
0.575094 0.792641
0.575142 0.810464
0.575232 0.898485
0.576071 0.972010
0.576512 0.864448
0.578278 0.839147
0.580931 0.822725
0.582698 0.844755
0.584244 0.835574
0.584593 0.909965
0.586748 0.845008
0.591148 0.866291
0.592797 0.851225
0.594705 0.821540
0.596921 0.846678
0.599574 0.863554
0.602619 0.867642
0.603668 0.924935
0.604112 0.826150
0.605076 0.852453
0.607809 0.876566
0.612100 0.850988
0.613469 0.964893
0.615659 0.882315
0.618006 0.815371
0.618657 0.884724
0.622593 0.884268
0.626483 0.837493
0.626985 0.824077
0.634921 0.897836
0.636009 0.915105
0.640682 0.887822
0.646790 0.929182
0.650093 0.976280
0.654553 0.903604
0.654765 0.896329
0.654773 0.921143
0.656955 0.848364
0.658033 0.859922
0.658846 0.878100
0.667538 0.841428
0.676563 0.924690
0.681511 0.846214
0.683754 0.852485
0.685141 0.904920
0.698483 0.910829
0.700596 0.868304
0.713264 0.859791
0.722134 0.991201
0.722440 0.883872
0.727142 0.896006
0.727568 0.871452
0.752586 0.935475
0.776050 0.891103
0.778396 0.961810
0.780034 0.952802
0.789194 0.901269
0.798909 0.897729
0.800636 0.970500
0.805173 0.943301
0.830930 0.934541
0.891522 0.933847
0.901332 0.959123
0.941896 0.947715
1.000000 1.000000
