0.000000 0.063943
0.043089 0.053595
0.072508 0.051288
0.094616 0.008404
0.166975 0.117745
0.203872 0.059845
0.226042 0.000000
0.248016 0.166248
0.250283 0.134392
0.256813 0.105779
0.267492 0.062011
0.277074 0.071402
0.278466 0.106918
0.283860 0.098297
0.284935 0.140733
0.288594 0.042893
0.292695 0.114766
0.295900 0.076119
0.299092 0.199775
0.302425 0.145375
0.306307 0.174046
0.317623 0.047543
0.317771 0.078030
0.319543 0.076823
0.322538 0.110426
0.336292 0.136765
0.341081 0.132450
0.342870 0.153394
0.345918 0.093795
0.350881 0.150110
0.355758 0.037692
0.360204 0.237991
0.365786 0.160485
0.367212 0.104756
0.367750 0.060236
0.372128 0.055031
0.379549 0.169754
0.380569 0.264735
0.380657 0.103190
0.384263 0.275908
0.385695 0.160935
0.387554 0.050523
0.390646 0.142283
0.390669 0.243386
0.395764 0.131091
0.401472 0.191468
0.406877 0.239441
0.407887 0.162799
0.409023 0.097212
0.409924 0.069365
0.410416 0.162180
0.412271 0.151143
0.414502 0.127193
0.414719 0.170501
0.415849 0.204912
0.418728 0.123169
0.428864 0.108090
0.437536 0.153523
0.440692 0.224843
0.442504 0.190655
0.446597 0.213716
0.449968 0.184777
0.451057 0.121066
0.452565 0.258524
0.456646 0.166130
0.458798 0.293323
0.459657 0.266587
0.462426 0.165436
0.463999 0.267519
0.464054 0.261725
0.464551 0.184366
0.466378 0.278669
0.467412 0.228360
0.469962 0.227077
0.471462 0.315959
0.475333 0.294770
0.476355 0.195692
0.487345 0.229989
0.487558 0.277166
0.489497 0.271982
0.495627 0.326273
0.495913 0.209350
0.500732 0.234168
0.504165 0.146939
0.504348 0.284860
0.504497 0.307999
0.506415 0.249048
0.507993 0.172819
0.509101 0.317261
0.513448 0.131521
0.517593 0.248751
0.518298 0.144141
0.518904 0.350466
0.519799 0.201046
0.520304 0.235797
0.520519 0.285586
0.522118 0.261187
0.526782 0.183939
0.527582 0.281870
0.531783 0.233101
0.533329 0.244538
0.534897 0.301671
0.535530 0.247830
0.536128 0.225600
0.544006 0.311160
0.544987 0.228021
0.544995 0.238019
0.547265 0.279629
0.552386 0.185689
0.552449 0.289017
0.553562 0.290322
0.553781 0.202244
0.560278 0.389751
0.561085 0.300482
0.564111 0.365322
0.565087 0.230262
0.565582 0.345679
0.568274 0.238823
0.570115 0.373760
0.571781 0.275401
0.575019 0.153859
0.580266 0.235213
0.582883 0.352861
0.586710 0.350375
0.591414 0.200680
0.594427 0.333603
0.594599 0.285668
0.597953 0.284743
0.599074 0.178098
0.599768 0.311309
0.607369 0.199260
0.616757 0.324326
0.618754 0.282908
0.621293 0.310152
0.622789 0.431731
0.623000 0.298634
0.625008 0.450954
0.632210 0.228846
0.640681 0.315982
0.642590 0.345675
0.644419 0.362192
0.651858 0.378190
0.653955 0.318915
0.658094 0.237794
0.658980 0.374349
0.665100 0.425541
0.667137 0.396851
0.667549 0.329772
0.676009 0.427341
0.680450 0.435082
0.682121 0.254733
0.685067 0.438690
0.689368 0.480602
0.700965 0.526241
0.703445 0.480935
0.703772 0.491199
0.713028 0.440219
0.740080 0.518611
0.745796 0.478314
0.746617 0.446725
0.753000 0.462694
0.762959 0.568176
0.764914 0.570420
0.770514 0.431719
0.777088 0.575453
0.780283 0.441964
0.799264 0.585973
0.804827 0.555334
0.807732 0.597338
0.857532 0.645381
0.876194 0.674632
0.883733 0.774924
0.895198 0.824771
0.902977 0.689151
0.924463 0.854553
0.930806 0.855945
0.935235 0.850664
1.000000 1.000000
