0.000000 0.798635
0.013880 0.678348
0.066309 0.531019
0.087231 0.947091
0.100883 0.927210
0.113266 0.476079
0.125468 0.864170
0.125688 0.429510
0.136449 0.691681
0.139251 0.495588
0.146101 0.574520
0.166581 0.544977
0.183745 0.512557
0.185738 0.756015
0.189836 0.773625
0.201056 0.769694
0.222457 0.416837
0.224574 0.513065
0.225695 0.408750
0.229225 0.651465
0.230127 0.890656
0.232577 0.717848
0.238641 0.639636
0.238727 0.710970
0.242296 0.468098
0.247995 0.695948
0.249582 0.743092
0.262458 0.775014
0.267247 0.589111
0.268411 0.471629
0.276590 0.741402
0.278932 0.523000
0.283982 0.397857
0.284515 0.420948
0.290804 0.434817
0.297910 0.446026
0.302347 0.897263
0.304786 0.522210
0.305632 0.734306
0.306498 0.549603
0.308525 0.377453
0.308746 0.611241
0.309385 0.910603
0.310766 0.513175
0.311097 0.656638
0.313430 0.742293
0.313655 0.538767
0.316936 0.458342
0.318168 0.772019
0.319613 0.807190
0.320159 0.932885
0.321405 0.775839
0.324462 0.404738
0.324736 0.761340
0.328143 0.528594
0.329240 0.632794
0.334181 0.791053
0.334852 0.395634
0.335477 0.786593
0.336245 0.940659
0.337364 0.622206
0.341816 0.711023
0.341870 0.565407
0.342103 0.503677
0.342678 0.559001
0.342975 0.574184
0.344508 0.433748
0.344856 0.396274
0.345392 0.543133
0.349790 0.720743
0.357053 0.907463
0.357154 0.695117
0.362004 0.505379
0.362574 0.394067
0.363924 0.618252
0.366978 0.356136
0.368976 0.517017
0.371038 0.469342
0.372119 0.826328
0.375788 0.658223
0.375952 0.461198
0.376556 0.485110
0.377361 0.807196
0.377538 0.677652
0.378273 0.784199
0.379392 0.740936
0.380897 0.640670
0.382198 0.457627
0.383529 0.758128
0.383910 0.468200
0.385472 0.794629
0.386859 0.463575
0.387411 0.517804
0.388399 0.379114
0.391471 0.518716
0.392250 0.676416
0.392356 0.376353
0.392831 0.772954
0.393094 0.373542
0.394878 0.469958
0.396665 0.813794
0.400041 0.837003
0.401868 0.679987
0.401976 0.418675
0.403040 0.700756
0.403461 0.534291
0.404471 0.784380
0.404932 0.337184
0.406707 0.372689
0.407046 0.775156
0.407388 0.442645
0.407680 0.746178
0.408578 0.421021
0.408792 0.747269
0.408870 0.506339
0.409147 0.633834
0.409948 0.293507
0.414786 0.350066
0.416924 0.605538
0.417865 0.385661
0.418336 0.708623
0.418852 0.536605
0.419024 0.579408
0.420272 0.420797
0.421527 0.645626
0.422192 0.761431
0.425296 0.844926
0.429970 0.747843
0.430517 0.559620
0.430640 0.507267
0.433385 0.717241
0.434656 0.358213
0.434783 0.319039
0.436216 0.475063
0.436255 0.870671
0.436494 0.521556
0.436890 0.716069
0.437149 0.830189
0.437720 0.773996
0.439371 0.658577
0.441291 0.770223
0.442462 0.556756
0.444235 0.521837
0.446122 0.674517
0.446733 0.514646
0.446753 0.813321
0.446965 0.507850
0.447388 0.783935
0.447723 0.390154
0.448228 0.643308
0.448731 0.750727
0.449617 0.585606
0.449629 0.721472
0.449728 0.597687
0.450073 0.878411
0.451744 0.604427
0.452296 0.324613
0.452792 0.447585
0.452927 0.413460
0.454522 0.285446
0.455737 0.410042
0.456040 0.798259
0.460492 0.551141
0.461537 0.504453
0.463117 0.380894
0.465088 0.691720
0.467142 0.430503
0.471429 0.434764
0.472470 0.620451
0.473226 0.525573
0.473432 0.295091
0.475062 0.804775
0.477135 0.545746
0.478458 0.440617
0.478581 0.394891
0.479586 0.375671
0.481192 0.733807
0.483476 0.346159
0.483748 0.375455
0.484673 0.583073
0.485910 0.731003
0.486883 0.867247
0.487862 0.350090
0.488542 0.881637
0.488674 0.400944
0.488872 0.402178
0.489420 0.710967
0.489586 0.561666
0.490883 0.303756
0.490989 0.337558
0.491674 0.563529
0.494051 0.542912
0.494837 0.513832
0.496431 0.721714
0.496525 0.727512
0.496958 0.324918
0.499654 0.566180
0.501475 0.758557
0.502298 0.514932
0.503522 0.712268
0.505087 0.836494
0.506506 0.678085
0.508863 0.637588
0.510406 0.617622
0.510581 0.282974
0.512178 0.492759
0.512453 0.517054
0.514638 0.328218
0.516225 0.394668
0.518461 0.657657
0.518560 0.490449
0.524132 0.689364
0.525711 0.584478
0.525922 0.466490
0.526453 0.560241
0.526910 0.472132
0.527334 0.720350
0.527530 0.454295
0.529526 0.517266
0.530276 0.647115
0.530559 0.431439
0.532379 0.731359
0.532987 0.670521
0.534792 0.366035
0.537348 0.715923
0.541332 0.715425
0.541580 0.648849
0.544187 0.838688
0.544400 1.000000
0.545315 0.585846
0.554439 0.690854
0.555564 0.735887
0.557156 0.423135
0.557332 0.521683
0.558613 0.907826
0.558634 0.445464
0.561984 0.527412
0.562021 0.496176
0.562569 0.566044
0.562642 0.545920
0.563056 0.564306
0.563659 0.551931
0.565775 0.807419
0.565812 0.708970
0.567538 0.300384
0.569145 0.743305
0.569585 0.506454
0.572697 0.450164
0.578565 0.526499
0.580563 0.615085
0.581011 0.504067
0.582398 0.693818
0.582525 0.572236
0.583004 0.768934
0.583027 0.654283
0.584118 0.285162
0.585459 0.447085
0.586590 0.402413
0.588415 0.246976
0.589352 0.927566
0.589520 0.715803
0.591987 0.365014
0.593048 0.958746
0.593244 0.753771
0.593444 0.475903
0.594696 0.752464
0.595347 0.681157
0.600472 0.597572
0.605532 0.581690
0.605664 0.701106
0.608041 0.646548
0.608387 0.338190
0.609050 0.719830
0.609440 0.372210
0.609546 0.548415
0.611421 0.164912
0.611579 0.714294
0.613787 0.358250
0.614393 0.695311
0.616251 0.696638
0.617609 0.480569
0.619112 0.739763
0.619635 0.283951
0.619780 0.196956
0.620124 0.480246
0.620955 0.784205
0.621809 0.699886
0.627147 0.334854
0.628034 0.713516
0.628338 0.698253
0.631261 0.633428
0.633349 0.440946
0.635268 0.897996
0.636939 0.760099
0.638294 0.059698
0.641071 0.343511
0.642129 0.219018
0.642225 0.383461
0.642969 0.102784
0.644693 0.685289
0.646633 0.606945
0.647586 0.331751
0.648448 0.688722
0.648534 0.632201
0.653643 0.293874
0.655076 0.576620
0.662756 0.441195
0.664730 0.573325
0.665811 0.875075
0.666733 0.735155
0.669106 0.482575
0.672064 0.318190
0.674110 0.621997
0.674125 0.346260
0.677902 0.442929
0.680316 0.483807
0.680379 0.549704
0.682365 0.623572
0.683041 0.848239
0.689966 0.448998
0.692763 0.151751
0.694931 0.603305
0.699425 0.507984
0.699842 0.689410
0.700446 0.693743
0.701554 0.562409
0.701968 0.573499
0.702076 0.732050
0.703339 0.467374
0.709982 0.136543
0.713994 0.514043
0.716643 0.297066
0.723395 0.168536
0.728481 0.647793
0.730544 0.585216
0.733507 0.145491
0.735552 0.278827
0.740434 0.538279
0.741919 0.460510
0.746595 0.465453
0.747114 0.681815
0.750516 0.451006
0.765110 0.867314
0.772533 0.490971
0.772720 0.454375
0.777981 0.520336
0.781390 0.775776
0.783501 0.796390
0.795919 0.442830
0.797700 0.259490
0.798202 0.456551
0.798476 0.563898
0.798795 0.450025
0.806351 0.375293
0.806435 0.594171
0.806972 0.468196
0.824121 0.532868
0.828689 0.829474
0.831781 0.818764
0.837444 0.542735
0.840657 0.846692
0.848189 0.598853
0.852771 0.496536
0.853473 0.538629
0.855701 0.000000
0.872248 0.185848
0.872788 0.617395
0.877846 0.786001
0.894487 0.383440
0.894951 0.647040
0.899840 0.504610
0.927021 0.350486
0.936018 0.533028
0.939823 0.839050
0.948440 0.704790
0.961750 0.094935
1.000000 0.501616
