0.000000 0.478826
0.032978 0.507745
0.035492 0.592745
0.039241 0.490410
0.045484 0.428136
0.047322 0.494592
0.052455 0.368485
0.054765 0.596983
0.067419 0.296167
0.069782 0.139058
0.077046 0.343803
0.081543 0.160128
0.084837 0.665504
0.086425 0.659124
0.096707 0.302467
0.096983 0.131711
0.103119 0.707744
0.108160 0.697373
0.118436 0.186827
0.123932 0.328496
0.135326 0.485075
0.137421 0.422947
0.165178 0.740461
0.185816 0.448606
0.197975 0.249045
0.199224 0.350528
0.202162 0.722218
0.235323 0.285670
0.267893 0.861175
0.272773 0.531807
0.279643 0.688699
0.280098 0.123497
0.282837 0.282710
0.284418 0.403810
0.289373 0.786424
0.290247 0.882416
0.298218 0.323837
0.301407 0.519887
0.320882 0.439014
0.324780 0.218796
0.330840 0.174822
0.348810 0.481702
0.358579 0.198118
0.392563 0.505515
0.398840 0.320375
0.415346 0.370497
0.415362 0.225336
0.433513 0.637977
0.459313 0.303260
0.459879 0.434279
0.460996 0.356054
0.478477 0.387749
0.483510 0.664699
0.489927 0.757875
0.494658 0.700772
0.496595 0.120783
0.503665 0.305492
0.507421 0.096571
0.516998 0.990105
0.565878 0.676777
0.574381 0.304004
0.588594 0.622558
0.614210 0.795415
0.619651 0.846949
0.641369 0.181387
0.643805 0.598987
0.648931 0.628799
0.675216 1.000000
0.677440 0.207757
0.681814 0.965047
0.712333 0.838586
0.727774 0.000000
0.734050 0.730368
0.738514 0.315581
0.738961 0.717986
0.748637 0.556265
0.750652 0.220444
0.753044 0.340032
0.764012 0.769468
0.773681 0.752274
0.783457 0.484202
0.794538 0.640395
0.830555 0.799983
0.830788 0.758958
0.857998 0.565198
0.884787 0.772271
0.889471 0.650329
0.930359 0.546383
0.930742 0.836206
0.932743 0.440412
0.933328 0.999024
0.955894 0.239941
0.961607 0.990270
0.966773 0.716488
0.973356 0.405210
0.980875 0.765662
0.981265 0.646689
0.989515 0.065795
0.995094 0.822808
1.000000 0.605770
