0.000000 0.157609
0.003182 0.323392
0.003311 0.475635
0.003887 0.149371
0.004437 0.639973
0.005299 0.458701
0.005405 0.528099
0.006592 0.722215
0.006965 0.547656
0.007631 0.449046
0.008059 0.665578
0.008109 0.615406
0.008118 0.671267
0.008162 0.857989
0.008418 0.489955
0.008588 0.603849
0.009261 0.592029
0.009750 0.347396
0.010287 0.281014
0.012462 0.826106
0.013749 0.641625
0.014297 0.499247
0.016559 0.579342
0.019916 0.315347
0.020761 0.237728
0.021257 0.479808
0.021418 0.681137
0.021536 0.796114
0.024588 0.400695
0.028185 0.222999
0.028289 0.339103
0.028819 0.455998
0.029864 0.402806
0.030487 0.630017
0.032299 0.693727
0.033201 0.150728
0.036121 0.253657
0.037653 0.448282
0.038123 0.711477
0.038405 0.880039
0.038454 0.246144
0.038529 0.177240
0.039843 0.386001
0.040861 0.515073
0.041066 0.252944
0.041727 0.824134
0.042321 0.747646
0.043258 0.480426
0.046072 0.865869
0.046431 0.664742
0.049042 0.500818
0.049184 0.828262
0.049413 0.638819
0.049624 0.187191
0.051308 0.805143
0.051847 0.375522
0.052319 0.490849
0.053098 0.732056
0.053193 0.409332
0.053205 0.814521
0.055162 0.431766
0.055834 0.213422
0.056992 0.354584
0.059248 0.702698
0.060535 0.876156
0.061141 0.145249
0.062333 0.433003
0.063860 0.157320
0.065961 0.266987
0.066299 0.402519
0.066549 0.152248
0.068168 0.151903
0.073153 0.136922
0.074501 0.250400
0.076809 0.552281
0.076898 0.557777
0.078389 0.740889
0.078669 0.494282
0.080343 0.148873
0.080600 0.768837
0.081487 0.657202
0.082155 0.783248
0.083653 0.812629
0.086282 0.138817
0.086463 0.376137
0.087761 0.193488
0.088929 0.538858
0.089031 0.646210
0.090180 0.527389
0.091017 0.342243
0.091049 0.240764
0.091273 0.860166
0.091542 0.343614
0.093216 0.707268
0.093673 0.242904
0.095038 0.265858
0.095402 0.219211
0.097462 0.313621
0.097804 0.557986
0.099386 0.360880
0.099640 0.821003
0.100758 0.299115
0.103192 0.384611
0.107747 0.290779
0.108103 0.497436
0.111576 0.574479
0.113057 0.856436
0.113102 0.812807
0.113783 0.889111
0.114324 0.595430
0.115778 0.197804
0.116809 0.480183
0.117066 0.410321
0.117246 0.351555
0.118306 0.532187
0.118675 0.550471
0.118859 0.358944
0.118874 0.202141
0.119384 0.411713
0.121937 0.479148
0.124105 0.356932
0.124541 0.321693
0.125771 0.394830
0.126513 0.721667
0.127416 0.881661
0.130980 0.503797
0.131580 0.748863
0.133645 0.855451
0.135214 0.718770
0.135258 0.160785
0.138522 0.308464
0.138573 0.805183
0.138998 0.157834
0.139022 0.810808
0.140549 0.891189
0.141499 0.637814
0.142336 0.280014
0.142784 0.246270
0.143273 0.444456
0.143393 0.653354
0.145765 0.591068
0.149385 0.405009
0.151132 0.902868
0.153175 0.831074
0.153412 0.557592
0.153887 0.803074
0.156740 0.518556
0.156808 0.290602
0.157124 0.327853
0.160052 0.317732
0.161326 0.807182
0.161809 0.411286
0.162014 0.610887
0.163622 0.207669
0.163881 0.262397
0.164965 0.279935
0.166490 0.399971
0.166658 0.695017
0.166916 0.633681
0.170057 0.311743
0.171209 0.186023
0.172418 0.625882
0.173616 0.167777
0.175060 0.263416
0.175304 0.407784
0.177393 0.292431
0.181339 0.531600
0.182056 0.458113
0.184051 0.741443
0.185882 0.559495
0.186272 0.164519
0.187222 0.211498
0.188345 0.751016
0.188398 0.555248
0.188963 0.239524
0.189395 0.694942
0.190379 0.617096
0.190489 0.891416
0.190776 0.431474
0.191178 0.818002
0.194283 0.209791
0.194625 0.192621
0.195659 0.765911
0.195904 0.685900
0.197200 0.197833
0.197924 0.341112
0.200897 0.771327
0.201202 0.885139
0.201618 0.876866
0.202440 0.377353
0.205558 0.600027
0.205600 0.345265
0.207017 0.350597
0.207640 0.366479
0.208714 0.185509
0.209950 0.541267
0.210884 0.342420
0.210916 0.818826
0.213145 0.832196
0.213944 0.376420
0.216214 0.478412
0.217237 0.479401
0.217426 0.403609
0.217480 0.743727
0.221063 0.446948
0.221855 0.230919
0.222426 0.849954
0.224545 0.708093
0.224685 0.608832
0.225363 0.501444
0.226457 0.737077
0.226484 0.503204
0.227308 0.551699
0.227599 0.313954
0.227723 0.848648
0.227956 0.734707
0.228448 0.248185
0.231275 0.864015
0.231453 0.605336
0.232362 0.844897
0.232659 0.331763
0.232700 0.604236
0.233093 0.900172
0.233316 0.127998
0.235807 0.908842
0.236445 0.243553
0.238503 0.480189
0.239192 0.654588
0.239577 0.271071
0.240017 0.485011
0.240496 0.476343
0.240731 0.753561
0.240930 0.469902
0.241277 0.810614
0.243591 0.576458
0.246265 0.784037
0.248210 0.102023
0.248296 0.786873
0.249678 0.419295
0.250854 0.710317
0.251141 0.125631
0.251852 0.636339
0.251998 0.378160
0.252449 0.666224
0.255681 0.603645
0.255695 0.563366
0.256091 0.696208
0.256683 0.200694
0.257768 0.566938
0.258664 0.838742
0.259087 0.841073
0.259253 0.368078
0.259698 0.699859
0.259774 0.359043
0.260379 0.380072
0.260477 0.340188
0.261002 0.201182
0.261706 0.622835
0.262311 0.654121
0.263968 0.553650
0.264695 0.164059
0.265688 0.123019
0.265826 0.482721
0.269963 0.656703
0.271002 0.505752
0.271379 0.445244
0.271769 0.194450
0.271781 0.822104
0.273196 0.656065
0.273730 0.218143
0.274327 0.215836
0.277275 0.724588
0.277705 0.641291
0.282285 0.436772
0.285631 0.580817
0.285842 0.314351
0.287556 0.756254
0.292776 0.143500
0.295072 0.188241
0.295840 0.166821
0.296174 0.754778
0.298611 0.409541
0.299026 0.611881
0.301524 0.120146
0.301765 0.577147
0.302794 0.353993
0.303754 0.449869
0.304121 0.412622
0.304631 0.775308
0.305530 0.142535
0.305841 0.224828
0.306017 0.394586
0.307013 0.850812
0.307970 0.665415
0.311094 0.812938
0.311473 0.431340
0.313248 0.419640
0.313933 0.762444
0.315237 0.406745
0.316237 0.879008
0.317756 0.316087
0.322893 0.365983
0.323342 0.526567
0.323460 0.360802
0.325323 0.476039
0.325373 0.246829
0.326265 0.906329
0.327023 0.761651
0.327741 0.385240
0.328626 0.251695
0.329661 0.628409
0.331444 0.458905
0.332831 0.730407
0.333583 0.531977
0.336364 0.227745
0.340280 0.532866
0.342163 0.717452
0.342898 0.358957
0.342920 0.114361
0.345174 0.784959
0.345246 0.391363
0.346081 0.288561
0.348747 0.314985
0.349016 0.091706
0.349096 0.639185
0.350147 0.206428
0.351685 0.597535
0.352218 0.442874
0.352249 0.425304
0.352561 0.564037
0.353224 0.608964
0.356839 0.775218
0.357751 0.825713
0.360542 0.817458
0.362648 0.136570
0.363411 0.507580
0.364605 0.576540
0.364707 0.658373
0.364799 0.622226
0.364887 0.171338
0.365016 0.536553
0.366338 0.371961
0.367488 0.750012
0.368044 0.908246
0.368116 0.559252
0.368823 0.439777
0.369542 0.484836
0.369929 0.741747
0.370468 0.597856
0.371990 0.423970
0.372124 0.584502
0.374056 0.731006
0.375446 0.701269
0.377792 0.656495
0.379214 0.626916
0.382086 0.623253
0.382895 0.446425
0.383068 0.707266
0.383450 0.162747
0.384695 0.687589
0.385061 0.783347
0.385317 0.310432
0.385320 0.309677
0.386852 0.613666
0.386869 0.696813
0.387724 0.469758
0.387736 0.737576
0.389245 0.741362
0.389249 0.882592
0.389497 0.221796
0.390593 0.344450
0.391153 0.667022
0.392453 0.565258
0.398655 0.865768
0.398794 0.244816
0.399364 0.362443
0.401296 0.768274
0.402383 0.264241
0.402625 0.527871
0.404576 0.610294
0.405217 0.334466
0.405835 0.924601
0.406747 0.810671
0.407585 0.585037
0.411660 0.136430
0.412767 0.225548
0.413523 0.916012
0.414866 0.441563
0.415248 0.195318
0.416639 0.877664
0.419035 0.216372
0.419040 0.868205
0.421953 0.447747
0.423144 0.310184
0.423923 0.260897
0.423945 0.772362
0.424697 0.800075
0.424699 0.809076
0.425497 0.485208
0.425830 0.455215
0.425895 0.854273
0.430064 0.280327
0.430194 0.236592
0.431563 0.910190
0.433995 0.822160
0.435205 0.540959
0.437172 0.127340
0.437189 0.366621
0.439017 0.873289
0.439884 0.561635
0.440346 0.253392
0.440996 0.199156
0.441484 0.551152
0.441725 0.573059
0.441961 0.100145
0.445337 0.205619
0.446080 0.603678
0.446555 0.261230
0.446795 0.153605
0.447527 0.720425
0.447745 0.804875
0.449016 0.348442
0.451425 0.449960
0.452337 0.372800
0.452605 0.826522
0.453459 0.529794
0.453596 0.521675
0.454913 0.820515
0.456303 0.866733
0.456447 0.564463
0.457289 0.735771
0.457543 0.676388
0.457549 0.495882
0.459349 0.476729
0.460049 0.598934
0.460958 0.238407
0.463844 0.414724
0.464017 0.835898
0.464647 0.329549
0.465475 0.336185
0.465772 0.449775
0.466640 0.340484
0.467521 0.096495
0.469352 0.371636
0.472000 0.735937
0.474225 0.417299
0.474908 0.794941
0.477137 0.640830
0.479164 0.172911
0.481145 0.573975
0.481433 0.512336
0.481478 0.553638
0.481897 0.905167
0.482051 0.571511
0.482369 0.694276
0.483055 0.172089
0.488518 0.611116
0.489339 0.100948
0.490532 0.482945
0.492068 0.755523
0.492567 0.638348
0.494120 0.551034
0.494412 0.117455
0.495045 0.205378
0.495053 0.373875
0.495067 0.415962
0.495335 0.304249
0.495703 0.259900
0.496746 0.840247
0.498063 0.611476
0.499250 0.795289
0.499488 0.445840
0.499814 0.241551
0.500935 0.160236
0.502789 0.426727
0.503232 0.505614
0.504479 0.599985
0.507069 0.790236
0.507979 0.574652
0.509128 0.645410
0.510709 0.848036
0.512073 0.722206
0.512399 0.693035
0.514772 0.922542
0.515798 0.651253
0.515955 0.289852
0.516556 0.821156
0.516815 0.182190
0.517096 0.286630
0.517889 0.434218
0.519680 0.263002
0.520212 0.626931
0.521686 0.620975
0.524702 0.546016
0.525493 0.893403
0.525847 0.482706
0.527365 0.810746
0.529291 0.466140
0.529748 0.114737
0.531015 0.645298
0.534007 0.321048
0.534584 0.691459
0.534848 0.300795
0.536349 0.787622
0.536538 0.283895
0.536539 0.083214
0.536571 0.757087
0.536763 0.712910
0.537536 0.737739
0.537546 0.451364
0.537575 0.161466
0.539481 0.496620
0.540866 0.223092
0.541286 0.251275
0.541411 0.166243
0.541419 0.527114
0.541909 0.534565
0.542160 0.390622
0.543477 0.544721
0.543837 0.556605
0.544333 0.711336
0.545528 0.464180
0.545856 0.161812
0.546593 0.860705
0.547105 0.288291
0.550024 0.464498
0.551233 0.230653
0.551459 0.151006
0.553158 0.506981
0.558023 0.513013
0.558327 0.560898
0.559402 0.436546
0.559461 0.866693
0.561529 0.737922
0.563337 0.826094
0.566988 0.673233
0.567563 0.755280
0.570061 0.250204
0.571953 0.240850
0.572814 0.505476
0.573780 0.076075
0.574008 0.309808
0.574205 0.143541
0.575195 0.893405
0.576006 0.231124
0.579098 0.805974
0.582470 0.685519
0.582619 0.212307
0.582652 0.653224
0.583079 0.301227
0.584872 0.785815
0.586601 0.609870
0.587717 0.519784
0.591394 0.319803
0.591615 0.118998
0.592715 0.579344
0.594983 0.561744
0.597403 0.748807
0.600646 0.200036
0.601673 0.280715
0.602925 0.670520
0.604256 0.921043
0.605725 0.807948
0.606379 0.796984
0.607448 0.359867
0.609329 0.697131
0.610163 0.929091
0.610330 0.592512
0.612112 0.919400
0.612664 0.440691
0.612970 0.661421
0.615019 0.594543
0.616841 0.750484
0.617033 0.698774
0.617601 0.105543
0.617677 0.310355
0.618026 0.507255
0.620116 0.303534
0.620251 0.258207
0.622374 0.521924
0.622441 0.210996
0.623246 0.295830
0.624505 0.675139
0.624662 0.708103
0.626162 0.287135
0.626721 0.363254
0.627385 0.603506
0.631197 0.227917
0.631210 0.503054
0.632104 0.168079
0.632504 0.776436
0.633650 0.741177
0.635016 0.635078
0.636472 0.502259
0.636598 0.451613
0.636781 0.095821
0.637130 0.777114
0.637352 0.536919
0.637695 0.807533
0.638250 0.431206
0.638826 0.692201
0.639249 0.769155
0.639553 0.881767
0.640768 0.157618
0.642704 0.389222
0.643368 0.145683
0.643624 0.715171
0.645656 0.709441
0.646750 0.780362
0.647538 0.589994
0.647919 0.427111
0.647983 0.163961
0.648276 0.501437
0.648753 0.481480
0.649830 0.559362
0.650372 0.691737
0.650567 0.481972
0.651601 0.243702
0.655537 0.292565
0.656873 0.377884
0.657710 0.243291
0.660034 0.469772
0.660355 0.106746
0.660539 0.421760
0.660893 0.947264
0.661062 0.405444
0.661226 0.483679
0.662456 0.535898
0.664554 0.568533
0.665778 0.653131
0.670593 0.654681
0.672924 0.216338
0.673911 0.465827
0.675100 0.525185
0.675121 0.120558
0.676703 0.415263
0.679114 0.425786
0.683641 0.198810
0.684256 0.817869
0.688354 0.836569
0.688636 0.603787
0.689238 0.706736
0.689317 0.831047
0.690417 0.851353
0.690624 0.159873
0.690846 0.357126
0.691402 0.356232
0.691462 0.761119
0.694096 0.314177
0.694153 0.225168
0.694341 0.340866
0.695422 0.272837
0.696443 0.156738
0.697115 0.617764
0.698007 0.547418
0.698254 0.073068
0.698368 0.201630
0.698748 0.370497
0.698931 0.359516
0.698980 0.700786
0.702647 0.573514
0.703044 0.758857
0.703047 0.758282
0.703367 0.378616
0.704367 0.351613
0.705136 0.925890
0.707709 0.659692
0.707790 0.514535
0.708226 0.421484
0.708411 0.354349
0.709152 0.427318
0.709979 0.807486
0.710964 0.869214
0.712564 0.478068
0.713431 0.618529
0.713452 0.340070
0.714285 0.838427
0.714889 0.944146
0.717640 0.226777
0.718632 0.823526
0.719378 0.763177
0.719742 0.406033
0.723303 0.589113
0.725529 0.894843
0.725842 0.254295
0.725945 0.904605
0.726920 0.226101
0.727121 0.784561
0.727173 0.593013
0.727183 0.823493
0.727599 0.679191
0.730351 0.925043
0.732466 0.299525
0.735661 0.137819
0.736303 0.518991
0.736647 0.567985
0.736879 0.844345
0.739869 0.775859
0.740521 0.472939
0.745866 0.535551
0.747476 0.764605
0.749897 0.377362
0.749950 0.769846
0.749966 0.235374
0.753475 0.333173
0.755030 0.306578
0.755381 0.297214
0.755918 0.381669
0.757407 0.730245
0.758666 0.645589
0.760453 0.713847
0.763168 0.750690
0.763941 0.210063
0.764754 0.098030
0.764803 0.417646
0.765142 0.612785
0.765383 0.123386
0.765477 0.402376
0.765480 0.781773
0.765690 0.342940
0.766289 0.840368
0.767501 0.768773
0.768259 0.871867
0.769251 0.590553
0.769365 0.291671
0.770589 0.099625
0.771133 0.447294
0.771331 0.455817
0.771358 0.836954
0.772245 0.285859
0.772718 0.128526
0.772954 0.290196
0.774013 0.417660
0.774376 0.112117
0.774854 0.373672
0.777376 0.666525
0.778458 0.338885
0.778508 0.190648
0.780067 0.438644
0.781211 0.543363
0.782341 0.561923
0.782553 0.409458
0.783969 0.274795
0.787600 0.719099
0.787900 0.817505
0.788866 0.532274
0.789360 0.615625
0.789412 0.486517
0.789710 0.743652
0.789930 0.418662
0.791295 0.768778
0.791688 0.752415
0.793393 0.703202
0.793896 0.190926
0.795462 0.657039
0.797010 0.170395
0.797372 0.784263
0.800181 0.375606
0.803946 0.417768
0.804983 0.133361
0.805001 0.532929
0.806009 0.781187
0.807962 0.144516
0.810119 0.604868
0.812534 0.266616
0.813334 0.714633
0.816111 0.877178
0.816627 0.899457
0.818392 0.139602
0.819639 0.837588
0.822493 0.836970
0.824088 0.300833
0.825856 0.209733
0.827284 0.691971
0.827418 0.434953
0.829088 0.353331
0.830054 0.578193
0.833768 0.212228
0.835630 0.542146
0.836851 0.486297
0.839098 0.690717
0.839425 0.138798
0.841179 0.239396
0.843361 0.285255
0.844269 0.618235
0.845314 0.218563
0.847897 0.441258
0.848659 0.593576
0.849296 0.000000
0.849599 0.577719
0.851591 0.350689
0.852631 0.427454
0.853053 0.834934
0.853889 0.578555
0.855024 0.440045
0.855187 0.631372
0.856600 0.331175
0.859425 0.615670
0.861457 0.429624
0.861908 0.559042
0.863313 0.872985
0.863479 0.662758
0.867306 0.431928
0.868334 0.497684
0.869649 0.042436
0.870378 0.631271
0.870534 0.303870
0.870709 0.757524
0.872025 0.193354
0.872690 0.354368
0.875459 0.612505
0.875854 0.289433
0.876023 0.661355
0.877430 0.478020
0.881484 0.369629
0.881511 0.345239
0.881965 0.380831
0.882117 0.566171
0.884152 0.232703
0.884176 0.881884
0.888373 0.562925
0.892217 0.182488
0.892818 0.537443
0.893613 0.239165
0.894575 0.119299
0.894809 0.606779
0.901238 0.298345
0.902157 0.149697
0.902475 0.660523
0.903691 0.740016
0.904114 0.437758
0.904893 0.401862
0.906884 0.251871
0.907541 0.188781
0.908128 0.785102
0.912226 0.513066
0.913841 0.233472
0.914160 0.550056
0.914707 0.708537
0.915783 0.647495
0.916342 0.615022
0.916990 0.804197
0.918073 0.196843
0.918624 0.469631
0.919213 0.308115
0.920468 0.612848
0.921346 0.603104
0.924567 0.490983
0.925501 0.406563
0.928369 0.722343
0.928685 0.585754
0.928729 0.662331
0.928863 0.640700
0.932750 0.951323
0.933684 0.138915
0.933723 0.117406
0.936442 0.211953
0.938482 0.279965
0.939785 0.467825
0.939984 0.599234
0.940394 0.307157
0.940942 0.275376
0.941672 0.556653
0.942644 0.682311
0.942748 0.515106
0.942824 0.723432
0.944100 0.677109
0.944113 0.012146
0.944257 0.385741
0.944378 0.592730
0.945722 0.546391
0.946152 0.327290
0.947012 0.164433
0.947171 0.643572
0.947344 0.189061
0.947563 0.717406
0.947852 0.158745
0.948071 0.697250
0.949110 0.805153
0.950173 0.419388
0.951289 0.464301
0.954526 0.311343
0.956922 0.340866
0.957021 0.194081
0.957059 0.372692
0.958565 0.190183
0.958926 0.555408
0.959200 0.271558
0.961467 0.140508
0.961892 0.765087
0.962941 0.732385
0.966743 0.628025
0.966823 0.581656
0.967165 0.263119
0.969301 0.941460
0.969705 0.459173
0.969974 0.456248
0.970396 0.767533
0.970534 0.387562
0.970534 0.242507
0.971464 0.194903
0.971822 0.201286
0.976327 0.237976
0.977937 0.626430
0.978298 0.723511
0.980155 0.734330
0.981775 0.707530
0.982979 0.659728
0.984390 0.476151
0.988304 0.747675
0.988499 0.740000
0.989284 0.281943
0.990568 0.665938
0.990699 0.371068
0.991788 1.000000
0.992253 0.405206
0.993036 0.752059
0.994103 0.523877
0.995668 0.011080
0.996074 0.868665
0.996923 0.629842
0.997420 0.632835
0.999841 0.272936
1.000000 0.459674
