0.000000 0.588023
0.000965 0.643650
0.001797 0.779449
0.002248 0.956482
0.004894 0.802917
0.005029 0.709111
0.005157 0.831948
0.005752 0.919187
0.007037 0.774947
0.008754 0.774732
0.008932 0.969041
0.012098 0.949547
0.012861 0.757926
0.015244 0.563425
0.015533 0.985280
0.015726 0.961119
0.016101 0.572564
0.016683 0.977085
0.017493 0.964935
0.018877 0.595375
0.021108 0.967949
0.021664 0.891576
0.021778 0.803792
0.021792 0.814043
0.024672 0.581037
0.024812 0.586576
0.025533 0.891577
0.027774 0.611157
0.028741 0.806543
0.029489 0.960353
0.030376 0.711808
0.031028 0.885590
0.031107 0.759095
0.031927 0.780470
0.032563 0.654750
0.033622 0.925966
0.034437 0.874553
0.035515 0.713222
0.037498 0.688030
0.039206 0.766970
0.039875 0.790707
0.040506 0.764380
0.041104 0.630641
0.041633 0.732612
0.042700 0.835783
0.045238 0.661672
0.047929 0.680176
0.048299 0.613225
0.048532 0.827331
0.048826 0.705583
0.052094 0.827612
0.055610 0.829398
0.056058 0.831414
0.057143 0.566764
0.058081 0.602269
0.058494 0.794007
0.058703 0.558191
0.064012 0.617319
0.065085 0.619495
0.065768 0.822515
0.068686 0.773980
0.069287 0.827570
0.069796 0.688147
0.069906 0.779005
0.070467 0.816120
0.071451 0.597356
0.073100 0.932639
0.073678 0.699429
0.073773 0.865751
0.074142 0.884377
0.074601 0.989225
0.075443 0.804857
0.077003 0.687007
0.079501 0.768052
0.081159 0.555978
0.081510 0.915978
0.082852 0.947017
0.084868 0.792309
0.087525 0.886167
0.089869 0.889816
0.090253 0.896594
0.091238 0.717974
0.092108 0.865176
0.092405 0.958409
0.092446 0.882994
0.094910 0.915728
0.096112 0.601901
0.097196 0.867190
0.097516 0.916028
0.097776 0.989779
0.098035 0.897475
0.098433 0.670715
0.098879 0.852525
0.098930 0.777411
0.099707 0.673320
0.100074 0.942145
0.100094 0.757074
0.100690 0.589818
0.100852 0.863625
0.101900 0.738561
0.102014 0.874753
0.103023 0.673791
0.105266 0.549354
0.105472 0.585406
0.107622 0.849452
0.108059 0.897477
0.111472 0.803188
0.111854 0.673995
0.112115 0.831231
0.115189 0.752662
0.115774 0.940522
0.116601 0.668893
0.116660 0.914520
0.118778 0.767410
0.118932 0.661050
0.119473 0.685060
0.119806 0.579736
0.122395 0.563303
0.122636 0.946645
0.124318 0.908493
0.124352 0.560322
0.124524 0.939837
0.125903 0.848593
0.126317 0.754188
0.126336 0.884050
0.126948 0.572950
0.127839 0.938009
0.128674 0.920844
0.129448 0.617585
0.129568 0.970850
0.130118 0.613653
0.131067 0.913855
0.131082 0.895798
0.131146 0.847288
0.131438 0.851540
0.131696 0.605514
0.131823 0.903152
0.131962 0.689230
0.132889 0.635158
0.133138 0.733782
0.133195 0.728708
0.135147 0.869590
0.136088 0.856819
0.138319 0.552541
0.138387 0.688641
0.140663 0.794261
0.144282 0.575786
0.146998 0.669472
0.148308 0.606912
0.148385 0.913873
0.148806 0.785917
0.148823 0.844058
0.149085 0.859428
0.149536 0.818736
0.151056 0.752462
0.151479 0.778730
0.152286 0.971914
0.153073 0.644463
0.154180 0.826657
0.154651 0.742001
0.155384 0.775771
0.155509 0.654391
0.155905 0.818307
0.156028 0.676045
0.158764 0.582255
0.159431 0.625359
0.160138 0.859610
0.161900 0.819801
0.163504 0.565881
0.164606 0.647377
0.164752 0.807523
0.165468 0.629660
0.167203 0.556551
0.168297 0.838453
0.173743 0.668895
0.174213 0.528051
0.176090 0.577818
0.176163 0.616912
0.176563 0.557921
0.176720 0.909025
0.177897 0.828268
0.178580 0.569045
0.178603 0.606856
0.178611 0.658279
0.179873 0.891241
0.180540 0.885672
0.180621 0.567358
0.182536 0.548571
0.183334 0.940472
0.184931 0.937339
0.185088 0.667852
0.187346 0.688710
0.190377 0.617465
0.191583 0.643061
0.193489 0.928197
0.194721 0.782189
0.195078 0.726087
0.195479 0.837844
0.195620 0.720007
0.198362 0.541762
0.198909 0.682071
0.199627 0.698739
0.199918 0.893366
0.200888 0.536705
0.200972 0.866231
0.201344 0.615924
0.202416 0.704477
0.202796 0.738129
0.203204 0.708520
0.205286 0.736796
0.205818 0.627091
0.206565 0.928451
0.208508 0.666099
0.208835 0.960627
0.209427 0.934175
0.211150 0.583954
0.211887 0.813976
0.214540 0.976093
0.217086 0.582639
0.218711 0.853579
0.219038 0.788504
0.220970 0.882972
0.222485 0.647901
0.222973 0.713995
0.223562 0.932755
0.227113 0.770581
0.228039 0.834303
0.228049 0.625379
0.229221 0.738548
0.230465 0.863752
0.230909 0.616775
0.231287 0.902037
0.232804 0.651414
0.233886 0.802672
0.233902 0.732072
0.234037 0.905704
0.234144 0.621396
0.234471 0.922365
0.234706 0.980327
0.235189 0.886920
0.236474 0.831100
0.236587 0.874350
0.236714 0.791572
0.238928 0.872628
0.239870 0.775890
0.240411 0.701525
0.241033 0.733991
0.242401 0.647510
0.244734 0.629073
0.244961 0.903836
0.245612 0.638532
0.247183 0.604659
0.248169 0.622087
0.248440 0.746968
0.249214 0.931501
0.250548 0.614259
0.250629 0.599985
0.251457 0.670995
0.251502 0.902452
0.251815 0.881457
0.253814 0.839509
0.254085 0.756107
0.254736 0.922581
0.257797 0.962846
0.259041 0.738052
0.259336 0.568291
0.259429 0.752765
0.259870 0.678531
0.262509 0.609760
0.263410 0.524476
0.265277 0.642231
0.265698 0.976939
0.266206 0.575314
0.267479 0.785834
0.268167 0.531421
0.270323 0.824335
0.271056 0.915085
0.272913 0.556490
0.274759 0.855586
0.276511 0.823139
0.276971 0.574671
0.277288 0.954207
0.279941 0.531624
0.280018 0.979781
0.280089 0.551146
0.282187 0.555300
0.282226 0.615790
0.283271 0.695478
0.285097 0.808558
0.287062 0.601288
0.289722 0.884347
0.290683 0.770339
0.291698 0.793521
0.292728 0.742879
0.293950 0.788057
0.293986 0.810465
0.294039 0.540200
0.294778 0.607177
0.295976 0.929081
0.296956 0.866129
0.297247 0.684135
0.298138 0.542999
0.299438 0.577323
0.300601 0.745343
0.302105 0.901889
0.302319 0.905172
0.304588 0.869018
0.305154 0.891982
0.305827 0.669806
0.306679 0.600067
0.307977 0.814878
0.308125 0.626938
0.309727 0.551616
0.310339 0.678852
0.310835 0.709419
0.311612 0.788819
0.312899 0.545616
0.312970 0.830715
0.313462 0.871724
0.313932 0.742274
0.315961 0.802563
0.316013 0.785337
0.316659 0.598660
0.321376 0.894181
0.323128 0.772768
0.325172 0.797125
0.325228 0.613796
0.326376 0.813818
0.328334 0.675395
0.328822 0.551922
0.331270 0.615495
0.333351 0.638168
0.334222 0.712477
0.334478 0.773904
0.335044 0.798746
0.336129 0.543667
0.337932 0.881172
0.338157 0.861753
0.338214 0.603507
0.338859 0.720072
0.341512 0.974703
0.341960 0.657206
0.344338 0.854405
0.344388 0.822226
0.346620 0.916125
0.346858 0.693108
0.347290 0.809610
0.347353 0.729844
0.353446 0.564385
0.353662 0.730367
0.354369 0.472544
0.355846 0.610320
0.356780 0.500076
0.357367 0.639781
0.357460 0.609404
0.358418 0.590360
0.358836 0.861351
0.360943 0.506401
0.361770 0.707293
0.362810 0.752132
0.364077 0.596840
0.364898 0.590166
0.367265 0.821573
0.367406 0.539967
0.369939 0.769468
0.370136 0.839015
0.370779 0.750732
0.372287 0.585990
0.373443 0.822276
0.375272 0.790920
0.379743 0.740445
0.380247 0.523610
0.381636 0.869384
0.381770 0.826977
0.382258 0.685434
0.382385 0.588778
0.384172 0.760947
0.385601 0.878649
0.386210 0.927584
0.387235 0.755024
0.387236 0.803549
0.387359 0.725855
0.391259 0.573869
0.391376 0.810581
0.391509 0.572454
0.393748 0.716613
0.396401 0.572079
0.398732 0.612207
0.400184 0.748607
0.401352 0.711897
0.401406 0.747017
0.402441 0.914822
0.402593 0.690739
0.403439 0.843317
0.403652 0.683336
0.406205 0.763223
0.407991 0.525905
0.408074 0.875154
0.408182 0.823292
0.411889 0.638153
0.412930 0.553248
0.413303 0.774042
0.414754 0.718966
0.415723 0.884671
0.416116 0.908615
0.416363 0.803759
0.417523 0.591962
0.417617 0.938728
0.418001 0.533339
0.418670 0.579475
0.418908 0.673792
0.421967 0.701945
0.424261 0.832462
0.425861 0.626138
0.426171 0.762663
0.427354 0.727631
0.429015 0.654923
0.429758 0.894975
0.430232 0.748633
0.430739 0.820582
0.430879 0.662175
0.432173 0.576977
0.432597 0.562137
0.432706 0.482238
0.433726 0.667764
0.433785 0.901072
0.435296 0.553072
0.436310 0.847632
0.437723 0.552420
0.439729 0.813678
0.441192 0.670799
0.441582 0.661825
0.442846 0.926686
0.443134 0.679120
0.443461 0.580856
0.447487 0.725031
0.448615 0.978237
0.450323 0.552322
0.450791 0.714957
0.453331 0.557673
0.455435 0.838473
0.459133 0.641831
0.459432 0.640590
0.461122 0.611646
0.462786 0.637133
0.464290 0.467690
0.467438 0.753599
0.469494 0.711563
0.470524 0.710465
0.471953 0.651613
0.473857 0.702145
0.477182 0.802762
0.477365 0.464242
0.478036 0.707055
0.478225 0.936356
0.479730 0.388731
0.480374 0.609063
0.482405 0.710385
0.482875 0.737447
0.484741 0.749126
0.485176 0.549409
0.486773 0.601512
0.487090 0.722997
0.487401 0.717277
0.488382 0.784757
0.489228 0.716727
0.491655 0.468268
0.491907 0.538849
0.492106 0.878326
0.492854 0.788956
0.492947 0.665636
0.492994 0.929858
0.495120 0.548084
0.496534 0.673622
0.497536 0.573744
0.497911 0.446289
0.498401 0.639655
0.499319 0.886506
0.500410 0.513338
0.500937 0.850454
0.501509 0.607262
0.502348 0.714646
0.502384 0.678092
0.503217 0.754857
0.503749 0.817734
0.503757 0.674339
0.504341 0.582671
0.504500 0.654605
0.505171 0.607983
0.506737 0.802266
0.506890 0.689722
0.507560 0.467686
0.507706 0.597619
0.508576 0.796972
0.509685 0.688832
0.510266 0.435772
0.510553 0.521969
0.513589 0.647593
0.514988 0.497092
0.515961 0.552056
0.516528 0.749853
0.516918 0.601126
0.517259 0.616249
0.519195 0.530247
0.520489 0.523282
0.520551 0.766314
0.523112 0.649327
0.524684 0.879302
0.524837 0.740231
0.524958 0.753124
0.526433 0.561261
0.526476 0.438138
0.527267 0.829051
0.527401 0.876803
0.527519 0.806025
0.527960 0.634969
0.528796 0.750464
0.532064 0.817129
0.532068 0.762895
0.533771 0.807984
0.535117 0.543624
0.536459 0.566756
0.536868 0.633647
0.538669 0.643894
0.539131 0.667495
0.539282 0.667568
0.540099 0.430510
0.540481 0.730948
0.541249 0.942319
0.542220 0.645849
0.542628 0.791502
0.542746 0.540776
0.543452 0.548238
0.544327 0.588833
0.545022 0.481452
0.545127 0.453646
0.545697 0.399285
0.547184 0.402459
0.547413 0.632603
0.548487 0.659123
0.548983 0.748786
0.549667 0.598741
0.549776 0.546920
0.551365 0.877187
0.551789 0.771421
0.553752 0.846987
0.554531 0.389630
0.557425 0.763925
0.557475 0.544867
0.559368 0.774019
0.561063 0.642045
0.562255 0.735041
0.563183 0.802677
0.563775 0.850387
0.563910 0.531188
0.565487 0.743579
0.565491 0.629044
0.566333 0.734069
0.569472 0.682712
0.571865 0.691840
0.571885 0.649472
0.573355 0.903967
0.573699 0.656823
0.574114 0.722165
0.574215 0.984290
0.574306 0.541153
0.575022 0.635859
0.577600 0.603489
0.577938 0.543125
0.579228 0.635088
0.580408 1.000000
0.581285 0.448331
0.584934 0.679426
0.588014 0.494488
0.588532 0.617838
0.589696 0.790574
0.592058 0.525064
0.592163 0.879180
0.592686 0.623418
0.592763 0.689137
0.593470 0.560087
0.593701 0.769042
0.594561 0.548689
0.595214 0.425299
0.597621 0.637358
0.598526 0.689898
0.598614 0.870683
0.599796 0.909202
0.600415 0.431393
0.600928 0.687705
0.601263 0.310232
0.602229 0.644481
0.604396 0.850735
0.609417 0.808663
0.609594 0.647770
0.613619 0.379538
0.613942 0.889195
0.614230 0.582656
0.616279 0.879382
0.616683 0.733398
0.616694 0.749953
0.617599 0.617785
0.617902 0.435222
0.618857 0.753925
0.619150 0.557899
0.619234 0.691682
0.620279 0.698861
0.620327 0.644854
0.624223 0.648655
0.624309 0.388337
0.626498 0.528878
0.626563 0.762679
0.626606 0.715471
0.628722 0.662287
0.629345 0.590511
0.630196 0.743113
0.631897 0.497797
0.633096 0.700958
0.635585 0.483361
0.635759 0.590506
0.638966 0.744554
0.639806 0.535753
0.643251 0.464870
0.645589 0.470279
0.645963 0.430188
0.647359 0.476479
0.648767 0.550564
0.648855 0.666914
0.649712 0.635667
0.652719 0.450034
0.652778 0.475332
0.653699 0.908291
0.656297 0.501033
0.656496 0.758425
0.661768 0.611736
0.661943 0.812852
0.662678 0.520632
0.662875 0.553327
0.663023 0.610766
0.663360 0.724566
0.664282 0.613913
0.664428 0.469185
0.666318 0.455521
0.666597 0.814726
0.666683 0.622596
0.667229 0.791811
0.667924 0.493540
0.668338 0.647822
0.669069 0.719665
0.669337 0.418663
0.671177 0.745152
0.671926 0.425529
0.672317 0.474520
0.674482 0.511090
0.675043 0.690753
0.677230 0.526509
0.678252 0.474492
0.679793 0.585161
0.681073 0.546013
0.681290 0.702675
0.683750 0.845279
0.684080 0.662198
0.685479 0.403415
0.686004 0.407005
0.686513 0.723605
0.688117 0.722015
0.688136 0.686351
0.691659 0.632166
0.691760 0.473190
0.693600 0.686177
0.693874 0.642356
0.694256 0.391383
0.695568 0.280157
0.695883 0.588592
0.696683 0.761786
0.697236 0.788871
0.697553 0.587985
0.698801 0.506652
0.699028 0.587644
0.699999 0.746485
0.700115 0.475229
0.702566 0.760003
0.702750 0.670831
0.703471 0.654300
0.704829 0.754096
0.705900 0.348698
0.706015 0.523569
0.708439 0.319658
0.708444 0.560306
0.708563 0.702584
0.708757 0.670908
0.709712 0.635204
0.712500 0.558917
0.713496 0.704872
0.715409 0.526855
0.715750 0.560987
0.717247 0.912828
0.718926 0.676176
0.720449 0.559001
0.720968 0.715346
0.722320 0.410305
0.723988 0.272720
0.724116 0.548647
0.724304 0.819280
0.728284 0.656000
0.730146 0.465553
0.732523 0.348607
0.735380 0.629886
0.737677 0.667495
0.737884 0.645886
0.739126 0.538987
0.739695 0.392058
0.739990 0.920016
0.740032 0.555353
0.740280 0.751438
0.742144 0.594268
0.743038 0.605056
0.743553 0.386040
0.745295 0.730633
0.745698 0.827225
0.745709 0.619578
0.747031 0.706479
0.749410 0.415056
0.751055 0.499879
0.751343 0.680896
0.751913 0.378586
0.752466 0.610617
0.754280 0.674090
0.754467 0.771707
0.754483 0.655258
0.756825 0.712674
0.756949 0.783980
0.757168 0.620318
0.758387 0.418415
0.758493 0.727256
0.759797 0.797350
0.760123 0.909187
0.760266 0.430754
0.760936 0.570642
0.761583 0.563941
0.761702 0.725708
0.761711 0.776809
0.762146 0.601387
0.765161 0.475455
0.768172 0.637614
0.769348 0.751198
0.769879 0.878566
0.769978 0.402946
0.771707 0.728616
0.772811 0.722431
0.773010 0.544525
0.773151 0.740549
0.773676 0.564748
0.774553 0.514236
0.775635 0.524649
0.775795 0.622443
0.776395 0.555309
0.777973 0.451328
0.782255 0.991464
0.782433 0.620726
0.782550 0.525008
0.782771 0.951839
0.782933 0.699161
0.783808 0.716875
0.784428 0.691994
0.789517 0.353993
0.789606 0.412017
0.790754 0.660138
0.791047 0.770712
0.792172 0.411667
0.792586 0.664098
0.795176 0.624603
0.796007 0.530878
0.796826 0.502617
0.798669 0.783636
0.799886 0.480254
0.800355 0.546668
0.802724 0.734623
0.804119 0.467608
0.806998 0.630000
0.807124 0.229717
0.808035 0.784987
0.808211 0.581902
0.809231 0.843899
0.811543 0.863705
0.813307 0.493984
0.815695 0.396765
0.816511 0.338262
0.818378 0.460570
0.819746 0.566797
0.820081 0.371305
0.820724 0.571915
0.824300 0.263851
0.826013 0.579827
0.827429 0.526169
0.828445 0.828036
0.833345 0.313115
0.834291 0.685634
0.835122 0.776357
0.835165 0.448611
0.835189 0.678135
0.836846 0.613852
0.836983 0.656618
0.837436 0.761152
0.837476 0.350209
0.838159 0.343857
0.838374 0.347906
0.839212 0.827109
0.840041 0.352300
0.840760 0.465071
0.840809 0.847215
0.840838 0.447853
0.841042 0.766211
0.841535 0.564008
0.844299 0.446815
0.844429 0.469771
0.845465 0.709021
0.845930 0.369208
0.846395 0.692680
0.846737 0.396988
0.849076 0.487929
0.849819 0.562322
0.850604 0.447304
0.851809 0.474088
0.852816 0.532052
0.853390 0.689113
0.853724 0.299846
0.855262 0.395689
0.856148 0.258683
0.856338 0.581865
0.856486 0.698503
0.857023 0.473395
0.858425 0.728280
0.858859 0.194826
0.859703 0.514913
0.860035 0.776075
0.861687 0.364615
0.862614 0.963408
0.862662 0.583323
0.866925 0.213497
0.868233 0.699512
0.871131 0.833481
0.871634 0.612013
0.872403 0.305331
0.873120 0.443323
0.875908 0.664206
0.877492 0.394927
0.878912 0.537469
0.878961 0.389723
0.879095 0.826552
0.879361 0.655441
0.879394 0.644376
0.879470 0.488089
0.881020 0.699555
0.882540 0.538634
0.882542 0.381591
0.883468 0.664048
0.885247 0.455657
0.887029 0.436027
0.887401 0.693921
0.887899 0.583953
0.888068 0.456999
0.889803 0.604551
0.890528 0.362733
0.892486 0.482716
0.894175 0.460527
0.894317 0.722071
0.894705 0.353653
0.895378 0.660067
0.897901 0.405254
0.898079 0.471149
0.901426 0.437039
0.904323 0.742297
0.904466 0.326177
0.904882 0.335321
0.904952 0.608588
0.905130 0.341786
0.906553 0.619617
0.907399 0.495507
0.909564 0.665888
0.909791 0.312002
0.910170 0.372896
0.910623 0.371574
0.910899 0.742180
0.913962 0.501624
0.916560 0.491301
0.918251 0.521032
0.918824 0.546928
0.920152 0.560199
0.920737 0.560630
0.922917 0.377652
0.925487 0.326194
0.925907 0.242474
0.925993 0.461362
0.926134 0.629847
0.927735 0.564775
0.927798 0.633448
0.929054 0.685780
0.929073 0.543076
0.929563 0.333370
0.930061 0.701004
0.930139 0.657497
0.932269 0.635317
0.933497 0.365134
0.935022 0.715541
0.939889 0.595757
0.942482 0.901563
0.942961 0.615941
0.943927 0.830037
0.944219 0.678884
0.945226 0.318582
0.945443 0.395990
0.945955 0.662518
0.946051 0.521711
0.947432 0.501407
0.949016 0.400583
0.949319 0.520044
0.949658 0.481890
0.950420 0.423277
0.951904 0.149816
0.953010 0.314544
0.954425 0.310597
0.955157 0.454032
0.956347 0.434499
0.956674 0.331916
0.957343 0.819924
0.957434 0.609341
0.958478 0.424129
0.960128 0.526037
0.960502 0.801301
0.960659 0.927296
0.962170 0.776384
0.963053 0.473215
0.965567 0.602194
0.965698 0.433119
0.966416 0.323871
0.968529 0.551163
0.970342 0.608830
0.970432 0.535133
0.971041 0.220821
0.972842 0.825538
0.972952 0.410515
0.975509 0.465743
0.975541 0.616332
0.975672 0.449152
0.976795 0.776942
0.977428 0.518583
0.977531 0.815416
0.978274 0.253597
0.979366 0.646622
0.979912 0.575812
0.980982 0.380486
0.982040 0.402603
0.982376 0.364419
0.983285 0.785873
0.983889 0.411233
0.984533 0.601184
0.984771 0.704963
0.985503 0.393865
0.985506 0.342010
0.986239 0.575156
0.986324 0.258019
0.987477 0.385958
0.988141 0.506419
0.988373 0.734015
0.988993 0.567480
0.990008 0.237182
0.993425 0.472657
0.994614 0.413873
0.994811 0.000000
0.996062 0.393361
0.996327 0.518487
0.999429 0.560126
1.000000 0.415056
