0.000000 0.484550
0.003673 0.637695
0.004880 0.630141
0.030686 0.506702
0.046519 0.464540
0.077865 0.596762
0.088830 0.572150
0.099679 0.482210
0.102076 0.601602
0.110001 0.472383
0.123306 0.416607
0.128125 0.566247
0.133871 0.491274
0.144093 0.418441
0.146751 0.572073
0.154205 0.504055
0.178404 0.473589
0.191044 0.381931
0.203512 0.405823
0.203584 0.439554
0.210846 0.388876
0.212898 0.552144
0.222978 0.568235
0.225626 0.438106
0.242074 0.593828
0.251952 0.297620
0.254184 0.601260
0.280533 0.502874
0.286095 0.439359
0.300541 0.379209
0.320683 0.303308
0.340463 0.408806
0.348430 0.529494
0.355609 0.549600
0.356575 0.348356
0.362957 0.402084
0.365965 0.615911
0.369874 0.388365
0.376632 0.263984
0.398635 0.382115
0.400434 0.315216
0.419861 0.493407
0.424940 0.510435
0.427419 0.295814
0.430057 0.494675
0.437139 0.283639
0.447953 0.368319
0.453312 0.331027
0.467178 0.525411
0.468079 0.540178
0.472512 0.550364
0.473135 0.318668
0.478326 0.382092
0.480674 0.702343
0.481808 0.552214
0.486946 0.654790
0.512428 0.407145
0.514082 0.406501
0.518368 0.233631
0.529129 0.287995
0.530762 0.268694
0.534788 0.532736
0.536082 0.306573
0.541364 0.379925
0.542707 0.385424
0.548479 0.215189
0.550128 0.528799
0.570491 0.485513
0.572513 0.583576
0.576159 0.597626
0.591206 0.550480
0.593229 0.428773
0.598389 0.479581
0.600564 0.448953
0.607717 0.337564
0.611059 0.408766
0.629574 0.587957
0.633514 0.702852
0.643538 0.553775
0.644668 0.161287
0.651117 0.188763
0.652865 0.258256
0.664348 0.105594
0.668188 0.421702
0.684570 0.618405
0.687520 0.640891
0.714085 0.525323
0.715163 0.246247
0.717498 0.415560
0.722191 0.142538
0.732118 0.569703
0.738853 0.273882
0.741143 0.670372
0.744020 0.537798
0.744436 0.640843
0.749434 0.262495
0.753880 0.691353
0.760948 0.623409
0.762562 0.374073
0.765783 0.468132
0.770516 0.471446
0.773241 0.487810
0.779394 0.553133
0.790644 0.574249
0.801801 0.386845
0.803056 0.336423
0.807236 0.503705
0.808424 0.795600
0.810689 0.453904
0.816218 0.428827
0.822529 0.757437
0.837085 0.054316
0.840152 0.217835
0.842891 0.527113
0.856278 0.052366
0.872493 0.650852
0.878025 0.127563
0.887691 0.762613
0.892752 0.639021
0.896812 0.153428
0.900456 0.776926
0.922584 0.157050
0.923211 0.681710
0.939032 0.082973
0.942284 0.576883
0.942331 0.220870
0.942658 0.871489
0.951000 0.689806
0.951658 0.441099
0.952688 0.605904
0.964137 0.303210
0.968778 0.557123
0.974629 0.787095
0.974886 0.548394
0.981058 0.311101
0.982672 0.535358
0.987830 0.525912
0.992301 0.790977
0.993179 0.423228
0.995027 0.000000
1.000000 1.000000
