0.000000 0.569266
0.008084 0.699279
0.011914 0.805716
0.012626 0.841784
0.012634 0.573826
0.014399 0.666696
0.014929 0.773100
0.018130 0.709654
0.021462 0.738349
0.021673 0.592980
0.022828 0.922871
0.023694 0.741120
0.032213 0.748459
0.033153 0.630786
0.034140 0.769216
0.039576 0.712421
0.040163 0.766253
0.046119 0.703861
0.046944 0.653723
0.047056 0.768173
0.049877 0.625927
0.052009 0.777922
0.052281 0.820246
0.055192 0.724253
0.058376 0.641155
0.058405 0.595280
0.062697 0.798625
0.063026 0.663345
0.063470 0.704575
0.065369 0.656641
0.065972 0.506930
0.066258 0.764407
0.066520 0.685404
0.068379 0.637705
0.071767 0.699842
0.072235 0.686939
0.073055 0.721474
0.073792 0.639291
0.074670 0.655732
0.080883 0.680683
0.082179 0.692125
0.084537 0.709707
0.087081 0.647343
0.089066 0.809184
0.090273 0.622248
0.093179 0.732997
0.098783 0.567613
0.099175 0.543200
0.105080 0.674237
0.106102 0.708002
0.110136 0.676995
0.112615 0.714550
0.117054 0.595676
0.117811 0.592655
0.122770 0.522899
0.123240 0.660680
0.123555 0.659215
0.130459 0.801193
0.131390 0.777463
0.132865 0.718343
0.133191 0.774890
0.135696 0.629492
0.137687 0.551641
0.138414 0.706105
0.138787 0.548404
0.140611 0.739848
0.144500 0.752267
0.146160 0.681404
0.146215 0.700122
0.149497 0.742205
0.150398 0.660861
0.153611 0.687664
0.157694 0.650284
0.157798 0.642436
0.158336 0.640340
0.158465 0.513859
0.160150 0.577459
0.161080 0.711193
0.161367 0.638667
0.161995 0.662295
0.167583 0.429307
0.172536 0.641797
0.175790 0.777574
0.177633 0.682085
0.177846 0.743692
0.182088 0.645703
0.185285 0.575997
0.185795 0.601631
0.186463 0.705979
0.189528 0.561652
0.190199 0.560257
0.191201 0.744242
0.192187 0.811790
0.192926 0.733670
0.200961 0.525226
0.202122 0.814391
0.210080 0.776787
0.210232 0.593200
0.210584 0.746387
0.212436 0.607781
0.213751 0.653860
0.220719 0.440279
0.222908 0.608578
0.226881 0.606171
0.229148 0.546924
0.232029 0.724024
0.241285 0.833009
0.247862 0.827349
0.250780 0.613005
0.251319 0.726169
0.251426 0.680639
0.253060 0.680233
0.253315 0.400688
0.254151 0.746259
0.256176 0.723978
0.257652 0.440825
0.258104 0.668812
0.259391 0.683292
0.263061 0.632050
0.267804 0.586912
0.270985 0.621008
0.270992 0.729243
0.272703 0.678994
0.274749 0.624559
0.275146 0.627180
0.276299 0.502205
0.276908 0.544231
0.276987 0.538415
0.278403 0.479984
0.278990 0.404338
0.282925 0.588909
0.283060 0.577418
0.288813 0.885958
0.290200 0.635796
0.290946 0.592705
0.294046 0.740225
0.295001 0.765275
0.295625 0.398847
0.297994 0.866831
0.304925 0.703047
0.306113 0.414958
0.308704 0.674867
0.313447 0.485462
0.313723 0.551689
0.323863 0.751874
0.325909 0.595314
0.339348 0.630021
0.339754 0.590793
0.341164 0.421675
0.343372 0.617456
0.352579 0.716342
0.352708 0.414962
0.352948 0.690097
0.354556 0.588653
0.355793 0.440120
0.356637 0.661828
0.356688 0.681457
0.358429 0.602291
0.359466 0.483423
0.360615 0.688317
0.361302 0.501333
0.362855 0.708929
0.366719 0.743341
0.366906 0.740963
0.368555 0.560246
0.370914 0.608035
0.371154 0.644575
0.371474 0.473806
0.371756 0.629922
0.372614 0.827542
0.373255 0.610011
0.373503 0.585998
0.374182 0.731578
0.378625 0.482801
0.389753 0.744680
0.397921 0.543444
0.399767 0.491021
0.403592 0.639496
0.408677 0.768549
0.412650 0.535776
0.415147 0.535611
0.418317 0.629724
0.418320 0.781496
0.419024 0.749782
0.423353 0.552320
0.433578 0.651086
0.437216 0.726770
0.440156 0.719598
0.447621 0.935144
0.450387 0.592858
0.453663 0.718883
0.456041 0.774596
0.457172 0.527963
0.460879 0.394765
0.465399 0.872697
0.465496 0.317847
0.466592 0.675787
0.470713 0.362763
0.471083 0.526857
0.472389 0.393500
0.472394 0.632222
0.472575 0.638817
0.474298 0.723734
0.476189 0.611981
0.478776 0.530931
0.480363 0.600989
0.480862 0.688956
0.484786 0.934606
0.489941 0.468523
0.491701 0.616784
0.496788 0.499330
0.498849 0.528522
0.499004 0.562718
0.501600 0.567315
0.501664 0.584717
0.502091 0.543323
0.503671 0.622699
0.507782 0.851866
0.514170 0.500524
0.515697 0.769375
0.516761 0.694877
0.517141 0.414316
0.521825 0.635781
0.522361 0.536678
0.523334 0.650336
0.534756 0.587836
0.535235 0.771876
0.535843 0.245956
0.535990 0.217983
0.540044 0.581154
0.545752 0.451316
0.546029 0.752302
0.554831 0.279721
0.560484 0.668701
0.562455 0.603612
0.562973 0.651740
0.564095 0.468931
0.565843 0.732764
0.570119 0.747153
0.570837 0.326981
0.571658 0.478061
0.574536 0.472319
0.574617 0.607922
0.576446 0.439991
0.578765 0.332225
0.581041 0.745773
0.591360 0.438865
0.597338 0.903578
0.608132 0.387706
0.611335 0.638840
0.611397 0.820855
0.613888 0.337995
0.617850 0.852809
0.618223 0.763826
0.618494 0.459705
0.625737 0.549169
0.625941 0.911531
0.627849 0.453628
0.630724 0.683891
0.635129 0.613129
0.637012 0.336817
0.637094 0.528493
0.639184 0.820715
0.640678 0.500117
0.641459 0.582892
0.643445 0.916655
0.644953 0.436153
0.647815 0.538339
0.648691 0.630095
0.651705 0.564443
0.657187 0.795586
0.658577 0.280813
0.659306 0.338132
0.662761 0.529533
0.663169 0.505777
0.670695 0.600919
0.676501 0.443102
0.677776 0.502391
0.682094 0.638330
0.682944 0.447797
0.687092 0.678545
0.690988 0.502626
0.691792 0.528693
0.692403 0.495396
0.692465 0.321380
0.692486 0.754939
0.697178 0.866486
0.706958 0.532454
0.707230 0.317286
0.712555 0.904031
0.712930 0.755661
0.719926 0.772470
0.724722 0.546186
0.727844 0.508142
0.731465 0.369176
0.733285 0.648984
0.733693 0.251415
0.734777 0.456238
0.739816 0.844501
0.745129 0.075486
0.746998 0.403847
0.747296 0.607628
0.748691 0.538650
0.751993 0.348989
0.752893 0.782420
0.761703 0.678326
0.761964 0.326816
0.762666 0.636068
0.772374 0.356038
0.774155 0.493578
0.777277 0.545762
0.778868 0.705758
0.779265 0.217295
0.780801 0.451420
0.782626 0.413792
0.782898 0.679017
0.783004 0.453843
0.783791 0.505735
0.785418 0.520022
0.785728 0.536949
0.794849 0.566152
0.796712 0.689042
0.796765 0.635023
0.797144 0.455198
0.799742 0.712666
0.800764 0.467119
0.800926 0.253887
0.807990 0.708445
0.808588 0.430572
0.813361 0.338507
0.815987 0.417173
0.816783 0.293393
0.823199 0.545176
0.829888 0.450338
0.830713 0.266959
0.832037 0.182012
0.835289 0.455108
0.838433 0.368505
0.841161 0.597520
0.843499 0.324701
0.848329 0.433473
0.848470 0.442367
0.851436 0.673340
0.853395 0.479408
0.853911 0.398974
0.854808 0.459163
0.862190 0.348523
0.864765 0.230964
0.865414 0.287561
0.868814 0.687057
0.869902 0.386829
0.873920 0.454550
0.877617 0.452808
0.884602 0.405783
0.896506 0.364345
0.898213 0.801712
0.899203 0.656500
0.900687 0.714165
0.903959 0.446682
0.909563 0.496711
0.910426 0.367160
0.911888 0.864667
0.918575 0.095932
0.919077 0.710372
0.921031 0.213534
0.922805 0.389696
0.923406 0.415170
0.924233 0.177405
0.928019 0.000000
0.929661 0.633145
0.933128 0.647029
0.934614 0.465431
0.935239 1.000000
0.938264 0.706494
0.938410 0.585073
0.945052 0.565536
0.949325 0.418757
0.949683 0.267396
0.949756 0.282254
0.953133 0.595151
0.953416 0.391987
0.957498 0.566629
0.959045 0.567265
0.963890 0.521064
0.966684 0.823698
0.967790 0.664179
0.968385 0.477634
0.971811 0.684217
0.972272 0.580094
0.973821 0.179368
0.974594 0.664160
0.975432 0.517567
0.975646 0.386332
0.980033 0.391912
0.986957 0.121185
0.987434 0.584387
0.989821 0.183996
0.993455 0.610611
0.993589 0.245289
1.000000 0.312043
