0.000000 0.280492
0.013763 0.244532
0.020725 0.262111
0.022315 0.234793
0.024332 0.242408
0.028879 0.238283
0.030975 0.387851
0.034246 0.342704
0.038700 0.000000
0.039370 0.236639
0.042292 0.172250
0.045549 0.304336
0.049018 0.322868
0.051247 0.392119
0.052786 0.329708
0.055969 0.434427
0.057089 0.375674
0.057188 0.336710
0.058521 0.251351
0.058865 0.397470
0.061097 0.347934
0.062874 0.370246
0.066049 0.499266
0.066177 0.282249
0.068401 0.296860
0.068751 0.475571
0.069734 0.245312
0.072281 0.330877
0.072798 0.381402
0.075177 0.277653
0.075438 0.327244
0.080324 0.400995
0.080652 0.460672
0.081035 0.303277
0.081865 0.410943
0.082007 0.186876
0.082270 0.251708
0.082309 0.298086
0.082367 0.412251
0.083952 0.314913
0.084546 0.385483
0.085108 0.507928
0.086373 0.367526
0.086435 0.268569
0.086872 0.320027
0.086975 0.382569
0.087051 0.363645
0.087090 0.397137
0.088992 0.387222
0.090047 0.271130
0.090362 0.207715
0.090897 0.454315
0.090998 0.407726
0.091805 0.318214
0.094661 0.444693
0.094873 0.348138
0.095738 0.412695
0.095763 0.281615
0.096404 0.192865
0.096840 0.387402
0.096952 0.276339
0.096985 0.443082
0.096989 0.223382
0.097285 0.438698
0.097588 0.533241
0.098010 0.367075
0.099187 0.244233
0.100724 0.470538
0.100784 0.216814
0.101592 0.353353
0.103050 0.483485
0.104855 0.260849
0.106602 0.456313
0.106997 0.407775
0.107680 0.418568
0.108426 0.270199
0.109595 0.380323
0.110502 0.354371
0.110523 0.423241
0.111004 0.215514
0.111415 0.233004
0.113507 0.420787
0.114960 0.355092
0.115103 0.479757
0.115879 0.324315
0.115912 0.489850
0.116089 0.586007
0.117654 0.471671
0.117829 0.576441
0.118442 0.459284
0.118972 0.551155
0.119042 0.514784
0.119116 0.496237
0.121519 0.390761
0.121848 0.349851
0.121950 0.322063
0.123306 0.362413
0.123418 0.463460
0.123573 0.557106
0.123662 0.477287
0.124613 0.516020
0.124798 0.492200
0.125136 0.526432
0.125400 0.372824
0.126418 0.568301
0.127042 0.335829
0.128686 0.294816
0.129533 0.373571
0.130159 0.481413
0.130355 0.390515
0.130375 0.567435
0.130615 0.535224
0.130628 0.443785
0.131715 0.488700
0.132756 0.517692
0.133101 0.503154
0.133299 0.536546
0.134574 0.447323
0.134731 0.553604
0.135167 0.518720
0.135412 0.556695
0.135446 0.295273
0.135833 0.440518
0.135981 0.500808
0.136044 0.482249
0.137436 0.334422
0.137866 0.509500
0.138503 0.344853
0.139342 0.443764
0.139678 0.451545
0.140471 0.579633
0.140551 0.523885
0.141067 0.411968
0.142118 0.558428
0.143561 0.531533
0.143586 0.475372
0.145032 0.416197
0.145448 0.524612
0.146028 0.385075
0.146054 0.524338
0.146662 0.566005
0.147841 0.556841
0.149343 0.497993
0.149455 0.643489
0.149506 0.615563
0.149766 0.600077
0.150816 0.311135
0.151182 0.478818
0.151591 0.532216
0.152457 0.591509
0.152562 0.299172
0.152740 0.457819
0.152897 0.515098
0.153215 0.552684
0.153768 0.378005
0.153941 0.430839
0.155526 0.383603
0.156540 0.436497
0.156590 0.399111
0.156733 0.496788
0.156753 0.511837
0.156811 0.608841
0.156862 0.537745
0.157661 0.447972
0.157779 0.501966
0.158125 0.442497
0.158445 0.406330
0.158748 0.598558
0.159563 0.436740
0.160052 0.540929
0.160574 0.539198
0.160709 0.482764
0.161470 0.499511
0.161923 0.463650
0.161995 0.367219
0.164050 0.428870
0.164113 0.498354
0.165100 0.492229
0.166149 0.450849
0.166800 0.594215
0.166931 0.501292
0.167995 0.582502
0.168483 0.520855
0.169523 0.591519
0.169974 0.561379
0.170214 0.486697
0.170319 0.476448
0.172469 0.642292
0.173042 0.424452
0.173184 0.408018
0.175752 0.317372
0.175858 0.545005
0.176243 0.512454
0.176559 0.629521
0.178419 0.446277
0.178683 0.595394
0.179427 0.655068
0.180066 0.577481
0.181341 0.576792
0.181707 0.448668
0.181912 0.290558
0.182471 0.598465
0.182987 0.548270
0.183605 0.397581
0.183897 0.470939
0.184398 0.377034
0.184402 0.545979
0.184584 0.585675
0.184638 0.542736
0.184660 0.665172
0.184764 0.616354
0.186278 0.418489
0.186490 0.607969
0.186894 0.424760
0.187458 0.601159
0.188259 0.359553
0.188322 0.454924
0.188996 0.532514
0.189297 0.530955
0.189642 0.411647
0.189947 0.621174
0.190646 0.465269
0.192395 0.566953
0.193652 0.522356
0.193819 0.595985
0.194920 0.366152
0.197059 0.330089
0.198077 0.462715
0.198524 0.531859
0.199028 0.554131
0.199159 0.542410
0.199412 0.587533
0.199993 0.428777
0.200282 0.387688
0.202635 0.612569
0.203682 0.654351
0.204154 0.572592
0.204369 0.506470
0.204862 0.593839
0.205267 0.627943
0.205460 0.666722
0.205544 0.448549
0.206732 0.630989
0.208101 0.615051
0.208859 0.573971
0.208865 0.506763
0.209294 0.565520
0.209459 0.558628
0.210309 0.438638
0.210862 0.444013
0.210986 0.620614
0.211504 0.513136
0.211648 0.517432
0.211715 0.507423
0.211999 0.594761
0.213718 0.662358
0.214771 0.475355
0.215263 0.525495
0.216098 0.519420
0.216185 0.598021
0.216239 0.537740
0.217036 0.446221
0.218765 0.521744
0.219189 0.676358
0.219513 0.651396
0.220096 0.621099
0.220287 0.527718
0.220372 0.482728
0.220832 0.593133
0.221980 0.632361
0.222145 0.563090
0.222841 0.608627
0.222955 0.708334
0.223179 0.625339
0.223222 0.594291
0.223346 0.490767
0.223686 0.488879
0.223708 0.615121
0.223829 0.605100
0.223959 0.585548
0.224355 0.473894
0.224588 0.591181
0.225114 0.671129
0.225913 0.536610
0.226097 0.638176
0.227039 0.535136
0.227130 0.518827
0.227285 0.579201
0.227783 0.507346
0.227856 0.680784
0.228145 0.682162
0.230137 0.670300
0.231030 0.663058
0.231346 0.585713
0.231630 0.500524
0.232505 0.603287
0.232847 0.540771
0.233148 0.693605
0.234121 0.638066
0.234383 0.589946
0.234906 0.700068
0.235152 0.704159
0.235185 0.466740
0.235659 0.584102
0.236512 0.466209
0.236927 0.676415
0.237530 0.544251
0.237613 0.570317
0.237618 0.603081
0.238080 0.583218
0.238087 0.606919
0.238108 0.610027
0.239195 0.662124
0.239450 0.691403
0.239593 0.707287
0.239804 0.561960
0.239989 0.541062
0.241031 0.664492
0.243236 0.555856
0.243533 0.717946
0.243619 0.420843
0.244959 0.703542
0.246177 0.476703
0.247198 0.494473
0.247898 0.609855
0.248114 0.725025
0.248257 0.689346
0.249377 0.632157
0.249396 0.716683
0.249615 0.680326
0.249663 0.542953
0.250926 0.406669
0.251519 0.549701
0.251865 0.704710
0.251982 0.463059
0.251993 0.596890
0.253173 0.527213
0.253268 0.471809
0.253365 0.659624
0.253423 0.708095
0.253485 0.599877
0.254496 0.650727
0.254497 0.740036
0.255368 0.572829
0.255888 0.538323
0.255967 0.650369
0.256084 0.277006
0.257344 0.561757
0.257623 0.487795
0.257656 0.493909
0.258244 0.594451
0.258303 0.564791
0.259433 0.580987
0.259952 0.543990
0.259959 0.628357
0.260006 0.405111
0.260540 0.418525
0.261244 0.387773
0.261492 0.647488
0.261665 0.610027
0.262589 0.673136
0.262724 0.659081
0.263054 0.606072
0.263393 0.630008
0.263582 0.342835
0.263847 0.614330
0.264086 0.698456
0.264401 0.524195
0.264458 0.571367
0.266454 0.483542
0.266478 0.725285
0.267474 0.601351
0.267662 0.642937
0.268101 0.683886
0.268160 0.640952
0.268295 0.631162
0.269968 0.551337
0.270703 0.633276
0.270763 0.644507
0.270957 0.574721
0.272274 0.661402
0.272605 0.703870
0.272650 0.467916
0.272881 0.556946
0.272991 0.735645
0.273482 0.641761
0.273530 0.578642
0.273730 0.575648
0.273878 0.740098
0.274185 0.555031
0.274190 0.657347
0.274506 0.496530
0.275552 0.567382
0.275606 0.573445
0.275962 0.492947
0.277245 0.709181
0.277480 0.768524
0.277943 0.479844
0.278860 0.586338
0.278912 0.696494
0.279037 0.723940
0.279664 0.682164
0.279881 0.620471
0.280373 0.620191
0.281637 0.618539
0.282178 0.695054
0.283064 0.666085
0.283962 0.722176
0.284021 0.566163
0.284902 0.706513
0.285219 0.663638
0.286368 0.690133
0.287499 0.708823
0.288798 0.734947
0.288993 0.574084
0.290494 0.597415
0.290525 0.629879
0.290644 0.636938
0.290852 0.726197
0.291583 0.556573
0.291638 0.646164
0.292368 0.590267
0.292508 0.683538
0.293220 0.570103
0.293678 0.740225
0.294289 0.553849
0.294741 0.490719
0.294743 0.477652
0.295173 0.459782
0.295307 0.697313
0.295812 0.679562
0.297093 0.644266
0.297259 0.461638
0.298107 0.648102
0.298190 0.529632
0.298198 0.707500
0.298235 0.589088
0.298531 0.641902
0.298550 0.617858
0.298821 0.546683
0.298986 0.700324
0.299083 0.685561
0.299228 0.460808
0.300038 0.796179
0.301662 0.737126
0.301755 0.490937
0.302102 0.576531
0.302110 0.685827
0.302136 0.528181
0.302715 0.684233
0.302831 0.695845
0.303388 0.652373
0.303636 0.528809
0.304361 0.576803
0.304587 0.628407
0.304629 0.727361
0.304712 0.475778
0.304781 0.637660
0.305034 0.581971
0.306239 0.630057
0.306570 0.622265
0.306768 0.690034
0.308654 0.770338
0.308941 0.657138
0.309017 0.691652
0.309200 0.654062
0.309455 0.694331
0.309967 0.693083
0.310378 0.539292
0.310419 0.754579
0.311451 0.602990
0.311669 0.738656
0.311998 0.671837
0.312363 0.525150
0.312559 0.680344
0.312733 0.661468
0.312977 0.694542
0.313616 0.593813
0.314427 0.660325
0.314696 0.689782
0.314713 0.713317
0.315116 0.685072
0.315935 0.674949
0.316130 0.562632
0.316232 0.620444
0.316510 0.607427
0.316857 0.777998
0.316892 0.548318
0.317334 0.589341
0.317731 0.686037
0.317881 0.633802
0.318304 0.714649
0.319101 0.688881
0.319176 0.660562
0.319330 0.513781
0.319426 0.639174
0.319698 0.698267
0.321300 0.740825
0.321439 0.460041
0.321467 0.710613
0.322408 0.549628
0.322988 0.534744
0.323230 0.770972
0.324001 0.592517
0.324030 0.715094
0.324622 0.740066
0.325153 0.566785
0.325566 0.718423
0.325834 0.760841
0.326532 0.743178
0.327368 0.457850
0.327481 0.612445
0.328079 0.622965
0.328833 0.659062
0.328939 0.770344
0.329500 0.768209
0.330768 0.790585
0.330956 0.566755
0.330978 0.563253
0.330996 0.758715
0.331222 0.756015
0.331734 0.660841
0.331835 0.690544
0.332057 0.673736
0.332526 0.641765
0.333149 0.565285
0.333202 0.744934
0.333993 0.559154
0.334669 0.623433
0.335455 0.741846
0.335613 0.705545
0.336157 0.660268
0.336493 0.757644
0.336738 0.667359
0.337056 0.646064
0.337644 0.673413
0.337888 0.680378
0.338805 0.638870
0.338880 0.666176
0.339917 0.679910
0.340043 0.629741
0.340201 0.598063
0.340480 0.751171
0.340754 0.607770
0.340939 0.746149
0.340978 0.653242
0.341551 0.642175
0.341909 0.586458
0.342047 0.716391
0.342190 0.722244
0.342249 0.806735
0.342636 0.667451
0.342877 0.726512
0.344022 0.597017
0.344419 0.661730
0.344850 0.768058
0.345107 0.698222
0.345312 0.755905
0.345491 0.771389
0.345748 0.673186
0.347179 0.758327
0.347560 0.688502
0.347617 0.649296
0.350429 0.670066
0.351407 0.705492
0.351543 0.668434
0.352066 0.774633
0.352349 0.762371
0.352731 0.761174
0.353652 0.796412
0.354046 0.690637
0.354258 0.801355
0.355431 0.747437
0.355571 0.579577
0.355940 0.469623
0.357118 0.788659
0.357333 0.738422
0.357686 0.575164
0.359176 0.647863
0.360469 0.687079
0.361001 0.688370
0.362320 0.738384
0.362787 0.631016
0.362985 0.799604
0.362987 0.762334
0.363095 0.727835
0.363218 0.819434
0.364641 0.661572
0.364730 0.624615
0.364874 0.731203
0.364909 0.742045
0.364974 0.758748
0.365060 0.640750
0.365919 0.585360
0.365925 0.592500
0.366962 0.657731
0.367854 0.781205
0.368745 0.708265
0.370234 0.756344
0.371225 0.769949
0.371284 0.776489
0.371360 0.707390
0.371651 0.645264
0.372401 0.725422
0.373039 0.570953
0.373230 0.744228
0.373664 0.540019
0.374304 0.576268
0.374641 0.702855
0.374668 0.690268
0.374686 0.686880
0.374880 0.816018
0.374903 0.764276
0.374962 0.709469
0.375131 0.746851
0.378465 0.787672
0.379696 0.629007
0.379724 0.708084
0.379861 0.756776
0.379874 0.727840
0.380204 0.740813
0.380752 0.645276
0.380861 0.762976
0.381015 0.677821
0.381668 0.678205
0.382127 0.594113
0.382664 0.782661
0.382766 0.831424
0.383363 0.657766
0.384928 0.691463
0.385410 0.572472
0.386123 0.618163
0.386577 0.590735
0.386824 0.839568
0.387578 0.675239
0.387840 0.769815
0.388100 0.697252
0.388181 0.721968
0.388449 0.659366
0.389278 0.813194
0.389302 0.577341
0.390106 0.709977
0.390214 0.643840
0.390406 0.600435
0.390580 0.488551
0.391366 0.577944
0.391474 0.771981
0.391982 0.823377
0.392317 0.743351
0.393224 0.812144
0.393605 0.680712
0.394529 0.572296
0.394549 0.669754
0.394969 0.551948
0.395406 0.764293
0.395419 0.509089
0.395528 0.782085
0.395842 0.584472
0.397659 0.802095
0.397720 0.725077
0.398010 0.765812
0.398690 0.797599
0.398721 0.799503
0.398901 0.773108
0.399260 0.715420
0.399547 0.773220
0.400703 0.787810
0.400835 0.492620
0.401141 0.746114
0.401438 0.783402
0.401880 0.634845
0.402407 0.824509
0.402842 0.591334
0.403074 0.816769
0.404096 0.786215
0.404153 0.755022
0.404375 0.769869
0.404457 0.692593
0.405130 0.719952
0.405650 0.765188
0.405720 0.696681
0.406890 0.789387
0.408385 0.715784
0.408601 0.726233
0.409214 0.739077
0.410471 0.733479
0.410592 0.720260
0.411630 0.820754
0.411975 0.737757
0.412376 0.786947
0.413538 0.723459
0.414385 0.649534
0.414390 0.698554
0.416021 0.796891
0.416684 0.619613
0.417032 0.669340
0.417971 0.679871
0.418730 0.729335
0.418970 0.665029
0.419285 0.772774
0.420176 0.758919
0.420398 0.824752
0.420678 0.670881
0.421522 0.745440
0.421785 0.701424
0.422169 0.737631
0.425398 0.791643
0.425579 0.724735
0.425981 0.836822
0.428283 0.747508
0.429672 0.713195
0.429782 0.627195
0.430049 0.542418
0.430588 0.674764
0.431141 0.828665
0.433036 0.727484
0.433824 0.659570
0.433854 0.754731
0.433907 0.844494
0.437412 0.629250
0.438024 0.785233
0.438213 0.684951
0.438957 0.744055
0.440116 0.840829
0.441084 0.789782
0.442693 0.587624
0.443140 0.804624
0.443665 0.783451
0.443873 0.547835
0.446505 0.765996
0.447249 0.700662
0.447851 0.807683
0.448823 0.703031
0.449532 0.641285
0.451285 0.860305
0.452371 0.660608
0.452571 0.736798
0.455531 0.730014
0.456160 0.714239
0.456217 0.798959
0.456449 0.696644
0.457853 0.838683
0.458739 0.834502
0.459056 0.683255
0.459061 0.711716
0.459248 0.744683
0.460763 0.753313
0.461680 0.549652
0.462719 0.780073
0.462767 0.675330
0.463023 0.703455
0.463047 0.890759
0.463525 0.739974
0.464027 0.641525
0.466133 0.769457
0.467727 0.813208
0.468027 0.665926
0.468603 0.828570
0.470127 0.783027
0.470597 0.700612
0.470882 0.638271
0.472468 0.826966
0.472493 0.683564
0.472723 0.751484
0.474198 0.772691
0.475110 0.826513
0.475609 0.680952
0.476440 0.671711
0.476585 0.658624
0.477947 0.628580
0.478761 0.735212
0.479604 0.797456
0.480455 0.745107
0.482194 0.678562
0.482224 0.904219
0.482252 0.790435
0.482258 0.788527
0.482830 0.739185
0.482895 0.774234
0.483823 0.777046
0.485340 0.882900
0.487655 0.632822
0.489516 0.797769
0.491253 0.752311
0.491432 0.865412
0.492440 0.491789
0.493374 0.696073
0.495610 0.736700
0.495884 0.538606
0.496177 0.828937
0.497933 0.778926
0.497990 0.762217
0.499636 0.791711
0.500441 0.653525
0.501949 0.829638
0.502084 0.792091
0.503722 0.765668
0.504637 0.779474
0.505400 0.732924
0.505912 0.687034
0.507812 0.730690
0.509236 0.741583
0.510755 0.760649
0.511010 0.699495
0.514864 0.678728
0.516883 0.749728
0.518492 0.805514
0.518629 0.661393
0.521690 0.691845
0.522117 0.818491
0.522567 0.776428
0.523705 0.735337
0.524006 0.720133
0.524949 0.769582
0.526157 0.856727
0.527311 0.794544
0.529972 0.864017
0.533095 0.711820
0.534188 0.761444
0.537891 0.875065
0.538140 0.574834
0.539844 0.760971
0.539915 0.846315
0.542536 0.602757
0.543179 0.669158
0.543775 0.738384
0.545874 0.716915
0.548677 0.553343
0.549752 0.692756
0.549950 0.853592
0.551680 0.663979
0.551925 0.842812
0.553671 0.645029
0.553786 0.778614
0.554911 0.799624
0.555272 0.720773
0.556320 0.709780
0.556889 0.669090
0.557220 0.790170
0.557551 0.790676
0.558844 0.765779
0.559000 0.719469
0.559705 0.688370
0.560477 0.670158
0.562342 0.580850
0.562384 0.816643
0.563049 0.849668
0.563238 0.845589
0.564553 0.634102
0.567849 0.889494
0.569124 0.834561
0.569366 0.792575
0.569481 0.842620
0.569806 0.828562
0.573211 0.943861
0.573798 0.697770
0.578433 0.569348
0.578910 0.835938
0.579413 0.806984
0.580035 0.848967
0.580470 0.805939
0.580807 0.827356
0.582478 0.930146
0.583882 0.685162
0.586178 0.802643
0.587847 0.701425
0.588207 0.798418
0.588328 0.938573
0.589083 0.834701
0.591357 0.566085
0.594154 0.889442
0.594324 0.763037
0.594328 0.870790
0.597112 0.765119
0.597249 0.838493
0.597441 0.871934
0.598330 0.736717
0.599071 0.847451
0.600766 0.849888
0.601606 0.830440
0.603127 0.708809
0.603316 0.811204
0.608634 0.789753
0.610970 0.909092
0.611266 0.934270
0.613899 0.681533
0.614153 0.743596
0.614306 0.887271
0.614372 0.692127
0.614886 0.663326
0.616574 0.754317
0.619501 0.735588
0.620977 0.831583
0.623400 0.883581
0.623454 0.835709
0.624543 0.815144
0.625689 0.960658
0.626125 0.870046
0.626505 0.789333
0.628457 0.863172
0.629580 0.723214
0.631099 0.745497
0.631215 0.805276
0.635000 0.830618
0.636323 0.766868
0.637012 0.754032
0.640168 0.950980
0.640172 0.914490
0.644846 0.801054
0.645020 0.738589
0.646765 0.840749
0.648831 0.739253
0.649209 0.707125
0.652532 0.869249
0.652752 0.697938
0.654709 0.811621
0.655057 0.958744
0.657676 0.863669
0.658273 0.851809
0.660150 0.808046
0.662998 0.834169
0.663741 0.883931
0.663970 0.814391
0.665941 0.857184
0.666908 0.811360
0.670699 0.926635
0.675668 0.549352
0.682003 0.957784
0.683870 0.711184
0.690500 0.662321
0.691818 0.822369
0.695456 0.869744
0.696957 0.929480
0.699271 0.919097
0.704000 0.874397
0.720816 0.817582
0.724233 0.907929
0.724523 0.804459
0.733622 0.906393
0.734381 1.000000
0.737502 0.811313
0.762645 0.955279
0.773632 0.847610
0.782392 0.812637
0.784228 0.881624
0.786072 0.910465
0.790838 0.913604
0.793099 0.806898
0.799143 0.937896
0.799767 0.820103
0.804862 0.769725
0.808601 0.820565
0.814060 0.988680
0.827329 0.592372
0.893056 0.834495
0.899388 0.987159
0.907641 0.915364
0.952297 0.917781
0.976433 0.876084
1.000000 0.877163
