0.000000 0.401055
0.021204 0.410701
0.025678 0.357186
0.026238 0.722136
0.039187 0.505760
0.042776 0.407056
0.043666 0.573079
0.047677 0.358260
0.051650 0.424371
0.054429 0.377910
0.055151 0.592374
0.056736 0.539672
0.066051 0.560419
0.068412 0.716428
0.069676 0.355121
0.070361 0.343409
0.072747 0.476241
0.072785 0.364118
0.074933 0.574825
0.078270 0.944389
0.081844 0.492901
0.083246 0.388464
0.090583 0.572702
0.090864 0.319061
0.098069 0.813776
0.099361 0.475190
0.100688 0.669046
0.100699 0.730234
0.101055 0.467454
0.101759 0.447671
0.103917 0.580502
0.104923 0.468291
0.110633 0.577600
0.114365 1.000000
0.117079 0.437331
0.120601 0.605722
0.120622 0.443322
0.122505 0.767707
0.122996 0.667035
0.124010 0.728678
0.126622 0.380364
0.126807 0.358954
0.130462 0.550027
0.132145 0.431750
0.132446 0.801245
0.133681 0.641292
0.138896 0.714613
0.139112 0.443469
0.139523 0.598842
0.143656 0.456935
0.144023 0.949155
0.146103 0.558568
0.146156 0.559695
0.148779 0.378027
0.148986 0.522916
0.149781 0.661404
0.156797 0.587099
0.161779 0.589333
0.162390 0.548598
0.164472 0.611906
0.164555 0.621082
0.167526 0.443075
0.169759 0.635177
0.170055 0.644636
0.170293 0.419871
0.172667 0.589413
0.182068 0.592358
0.184551 0.454476
0.186101 0.538504
0.187343 0.653328
0.188350 0.554475
0.189111 0.681345
0.190640 0.346077
0.195605 0.423456
0.195794 0.688870
0.197172 0.429346
0.200491 0.586681
0.201238 0.407910
0.206224 0.333360
0.209714 0.345624
0.217231 0.276878
0.220314 0.970813
0.222786 0.590536
0.223900 0.593575
0.224363 0.542689
0.224928 0.739514
0.225599 0.590225
0.225740 0.632186
0.227681 0.558584
0.228139 0.487329
0.230314 0.894450
0.230845 0.540656
0.233574 0.518702
0.236214 0.601041
0.236949 0.440333
0.237582 0.384166
0.237956 0.437389
0.238920 0.575416
0.241748 0.672579
0.244907 0.538046
0.246437 0.920764
0.252706 0.360157
0.254969 0.289638
0.255258 0.400187
0.256018 0.673808
0.263507 0.685836
0.263593 0.563191
0.266522 0.513864
0.267740 0.453407
0.268096 0.431909
0.268612 0.680242
0.270062 0.658770
0.271898 0.385138
0.273826 0.483882
0.275337 0.567123
0.275524 0.399702
0.275795 0.677462
0.275924 0.497322
0.278863 0.556222
0.280059 0.485270
0.281122 0.287808
0.283893 0.356070
0.286542 0.442670
0.288988 0.445607
0.290104 0.429400
0.291078 0.389249
0.291601 0.669738
0.293953 0.576401
0.295526 0.608801
0.295552 0.466985
0.297096 0.587251
0.299175 0.431747
0.299207 0.639894
0.300586 0.326477
0.301274 0.443869
0.303388 0.491909
0.303500 0.636276
0.304354 0.700013
0.305163 0.334672
0.305707 0.321688
0.306078 0.382063
0.308010 0.355496
0.309265 0.877255
0.310845 0.480572
0.316453 0.299435
0.317484 0.575529
0.318984 0.649627
0.320044 0.717503
0.320635 0.445732
0.321208 0.446622
0.322949 0.401426
0.323010 0.492632
0.324717 0.383810
0.325773 0.617813
0.326074 0.462221
0.326372 0.680216
0.326390 0.341199
0.327704 0.661361
0.328691 0.551075
0.330652 0.350096
0.331952 0.431501
0.333773 0.842329
0.336287 0.388607
0.339278 0.394423
0.339972 0.504235
0.346592 0.745620
0.349460 0.647037
0.351226 0.536638
0.351543 0.437061
0.360764 0.350193
0.361265 0.405833
0.363182 0.576323
0.364514 0.316930
0.378403 0.505179
0.378884 0.483601
0.382388 0.300336
0.385128 0.612099
0.385483 0.707487
0.386321 0.590435
0.387353 0.815876
0.388029 0.308354
0.388263 0.523656
0.388295 0.454324
0.389661 0.286604
0.392662 0.231618
0.397513 0.461185
0.402775 0.410653
0.405077 0.371508
0.405287 0.615014
0.405420 0.598810
0.406855 0.446529
0.407257 0.380375
0.408006 0.264107
0.409155 0.334848
0.410015 0.451120
0.411235 0.369638
0.413716 0.527545
0.415066 0.446281
0.416104 0.272427
0.416824 0.393069
0.416907 0.359081
0.417994 0.517326
0.418330 0.610259
0.418562 0.240386
0.419464 0.595802
0.422096 0.483617
0.427921 0.719736
0.429297 0.347135
0.432617 0.305388
0.433513 0.609097
0.438063 0.476807
0.438384 0.271217
0.441185 0.551092
0.445487 0.404188
0.446180 0.521959
0.449046 0.816671
0.452285 0.326877
0.452781 0.700769
0.453806 0.420361
0.457962 0.451995
0.458220 0.522892
0.458749 0.790417
0.459410 0.525294
0.459714 0.615751
0.460209 0.308338
0.461496 0.561966
0.463987 0.403313
0.467169 0.554395
0.467715 0.794923
0.470009 0.325410
0.471588 0.088793
0.471749 0.365151
0.472419 0.371787
0.472506 0.284579
0.475746 0.544909
0.476254 0.409308
0.476536 0.435900
0.477129 0.516622
0.478352 0.387850
0.482171 0.565509
0.482321 0.330374
0.485875 0.481774
0.490821 0.670590
0.492167 0.360597
0.495014 0.382546
0.499578 0.432510
0.502143 0.252272
0.504411 0.346197
0.509003 0.668017
0.517973 0.557167
0.529202 0.408312
0.544066 0.484449
0.546181 0.526486
0.547617 0.540259
0.554580 0.499167
0.557009 0.684761
0.559662 0.418554
0.559697 0.588940
0.559797 0.547078
0.561085 0.596657
0.568264 0.590586
0.569161 0.508092
0.569284 0.165165
0.569865 0.223839
0.570421 0.344991
0.577170 0.312751
0.580439 0.665665
0.580562 0.530916
0.582804 0.328565
0.586646 0.247596
0.591793 0.718080
0.592564 0.313510
0.594067 0.220105
0.600581 0.280173
0.602644 0.540350
0.607440 0.170031
0.608472 0.388467
0.618605 0.362899
0.619962 0.504718
0.621971 0.417259
0.622715 0.529712
0.627320 0.389284
0.631000 0.355545
0.639075 0.372691
0.639611 0.685417
0.642292 0.418022
0.647876 0.211851
0.647951 0.833026
0.648205 0.179232
0.648738 0.698532
0.649978 0.594974
0.650039 0.309661
0.665790 0.444660
0.673882 0.409974
0.680532 0.821058
0.683718 0.427607
0.697961 0.184395
0.699806 0.358037
0.701690 0.387687
0.710638 0.127970
0.729267 0.540680
0.731097 0.615612
0.749261 0.261685
0.758681 0.277711
0.760316 0.169705
0.762231 0.333056
0.763155 0.000000
0.769234 0.368533
0.770314 0.255011
0.777255 0.397328
0.783611 0.079952
0.795311 0.399995
0.805111 0.214710
0.821671 0.119981
0.838072 0.391668
0.866519 0.115169
0.924825 0.539930
1.000000 0.278191
