0.000000 0.031610
0.006231 0.124872
0.006434 0.329189
0.012391 0.677373
0.017138 0.034444
0.018495 0.500740
0.019537 0.455466
0.020044 0.267069
0.021785 0.157614
0.024235 0.680726
0.029169 0.640962
0.030997 0.577299
0.031244 0.473981
0.032921 0.769928
0.032992 0.803246
0.033375 0.000000
0.035649 0.683207
0.038300 0.702374
0.040753 0.834329
0.041164 0.404642
0.041711 0.534059
0.042913 0.569014
0.043859 0.425180
0.045746 0.384292
0.046410 0.079111
0.046474 0.440612
0.046658 0.621155
0.047573 0.756878
0.048174 0.543713
0.049525 0.820811
0.050433 0.731497
0.051096 0.179132
0.053311 0.161008
0.054563 0.412668
0.057786 0.626088
0.058117 0.371662
0.058719 0.344018
0.059773 0.441516
0.060885 0.503358
0.061497 0.718101
0.062569 0.843528
0.063831 0.657565
0.064239 0.665880
0.064599 0.585895
0.065628 0.512548
0.066005 0.445796
0.066928 0.732027
0.068733 0.690035
0.069873 0.461529
0.072957 0.708436
0.072986 0.566135
0.073554 0.682154
0.073602 0.802699
0.074741 0.607483
0.074919 0.736605
0.075170 0.630040
0.075714 0.682316
0.076012 0.392025
0.078279 0.364233
0.078486 0.661935
0.079870 0.681994
0.079950 0.794809
0.080287 0.411088
0.080397 0.724480
0.080499 0.782542
0.082091 0.724177
0.082261 0.554542
0.082398 0.521761
0.082555 0.626800
0.083159 0.841406
0.083943 0.692855
0.085277 0.360483
0.086092 0.612345
0.086690 0.727416
0.086764 0.535165
0.086920 0.320103
0.087081 0.503027
0.087943 0.315809
0.088364 0.610306
0.089276 0.497769
0.089503 0.549602
0.091242 0.776473
0.091766 0.626863
0.093199 0.299891
0.093287 0.694598
0.094566 0.867668
0.094821 0.619198
0.094833 0.534590
0.095066 0.682308
0.095628 0.627072
0.095934 0.547624
0.096268 0.597162
0.096557 0.615643
0.098873 0.759165
0.098912 0.737407
0.099054 0.786940
0.099228 0.553509
0.099764 0.843800
0.100627 0.752547
0.102140 0.498368
0.102271 0.795430
0.102797 0.485546
0.103702 0.787185
0.104349 0.372793
0.104498 0.618530
0.104742 0.653883
0.105467 0.405204
0.106655 0.838279
0.106675 0.513950
0.106756 0.577636
0.107215 0.408664
0.107464 0.522543
0.107528 0.300437
0.108334 0.304818
0.108673 0.377219
0.113895 0.414531
0.113946 0.369029
0.114357 0.516091
0.115454 0.546791
0.115479 0.478162
0.115704 0.600167
0.116047 0.653666
0.116576 0.539571
0.117726 0.655180
0.118014 0.414263
0.118668 0.570930
0.118823 0.539981
0.119027 0.328904
0.119320 0.861858
0.119626 0.890048
0.120078 0.541030
0.121592 0.652569
0.122533 0.335503
0.122774 0.689265
0.122916 0.340502
0.123204 0.647359
0.123278 0.729027
0.123663 0.737219
0.124841 0.400768
0.125381 0.631683
0.125670 0.612483
0.125699 0.603943
0.126485 0.429180
0.127260 0.773953
0.127975 0.692831
0.128016 0.635456
0.128149 0.387303
0.128332 0.457251
0.128998 0.490223
0.129489 0.523147
0.129691 0.782376
0.130475 0.693475
0.130858 0.663761
0.132480 0.853238
0.132566 0.419666
0.132747 0.536724
0.132771 0.800379
0.132863 0.732353
0.133289 0.680485
0.133940 0.644440
0.134431 0.769289
0.134510 0.848033
0.135312 0.450527
0.135640 0.539028
0.137092 0.359793
0.137387 0.535608
0.137690 0.588750
0.137910 0.646821
0.138194 0.731541
0.138221 0.537853
0.138563 0.461658
0.138680 0.808805
0.138992 0.675025
0.139941 0.575305
0.140366 0.521112
0.140627 0.690576
0.141070 0.424731
0.141622 0.532811
0.142334 0.604332
0.142940 0.709101
0.142993 0.732439
0.143137 0.712096
0.143833 0.738309
0.144237 0.606834
0.144562 0.677342
0.144739 0.819640
0.145567 0.622698
0.145649 0.522026
0.145870 0.670602
0.146220 0.501631
0.146321 0.406621
0.146471 0.675206
0.146606 0.767171
0.146700 0.457488
0.146846 0.784344
0.146970 0.642950
0.148663 0.671694
0.148827 0.665220
0.149268 0.455411
0.149529 0.731602
0.150186 0.688756
0.150909 0.679349
0.151393 0.604045
0.151524 0.391894
0.152306 0.480976
0.152977 0.771107
0.153276 0.786840
0.153970 0.599027
0.155128 0.805687
0.155295 0.792210
0.155697 0.606080
0.155849 0.642434
0.156089 0.760643
0.156240 0.665497
0.156420 0.696838
0.157333 0.394935
0.157739 0.769447
0.157882 0.446046
0.157899 0.532361
0.158068 0.788298
0.159464 0.526245
0.159687 0.587929
0.160260 0.830597
0.160289 0.520516
0.160348 0.854428
0.160591 0.763128
0.160725 0.635734
0.160976 0.521188
0.161771 0.568875
0.162380 0.530543
0.163091 0.826119
0.163332 0.458184
0.163440 0.548718
0.163702 0.655206
0.163819 0.641394
0.165584 0.409034
0.165927 0.701020
0.166119 0.765663
0.167158 0.875200
0.167576 0.792915
0.167886 0.625560
0.168579 0.480129
0.169022 0.707599
0.169033 0.594986
0.169650 0.525258
0.169896 0.676500
0.170687 0.475255
0.170832 0.414038
0.171469 0.431405
0.172109 0.616488
0.172409 0.911369
0.172440 0.645619
0.172517 0.690835
0.172899 0.660576
0.174312 0.578943
0.174424 0.984421
0.174638 0.666514
0.174816 0.745733
0.175018 0.698564
0.175170 0.580890
0.175640 0.740448
0.175926 0.771731
0.177232 0.591914
0.177544 0.848732
0.178094 0.528268
0.178786 0.799720
0.179001 0.674295
0.179622 0.676365
0.179740 0.624578
0.179865 0.499139
0.179904 0.663440
0.180194 0.765028
0.180282 0.800364
0.180341 0.491705
0.181069 0.666969
0.181372 0.757239
0.181420 0.680301
0.181455 0.787173
0.181829 0.647592
0.182975 0.591719
0.183163 0.532145
0.183274 0.790394
0.183641 0.606785
0.183725 0.491195
0.183844 0.821945
0.183923 0.806272
0.184709 0.510573
0.184819 0.776011
0.185697 0.736185
0.186090 0.740970
0.186336 0.606164
0.186848 0.505783
0.187637 0.787173
0.188109 0.688770
0.189390 0.869579
0.189685 0.505851
0.190008 0.619399
0.190384 0.675273
0.191242 0.707080
0.191649 0.459636
0.192214 0.996434
0.192964 0.676839
0.193696 0.743329
0.194131 0.469529
0.194430 0.595370
0.195146 0.492362
0.195986 0.500549
0.196840 0.801080
0.197646 0.754462
0.197739 0.538483
0.198031 0.872499
0.198135 0.646221
0.198358 0.460311
0.198366 0.655292
0.198460 0.797179
0.199150 0.468455
0.199393 0.475789
0.199569 0.763935
0.199705 0.550017
0.199756 0.659047
0.201614 0.819048
0.201726 0.568463
0.202247 0.579779
0.202296 0.788738
0.202412 0.747755
0.202423 0.601279
0.202634 0.762080
0.202639 0.682548
0.203286 0.726546
0.203369 0.589471
0.204790 0.705142
0.204842 0.690116
0.204843 0.755972
0.204973 0.916022
0.205289 0.631355
0.205920 0.626107
0.206066 0.677388
0.206588 0.855925
0.206612 0.740295
0.206711 0.480186
0.207415 0.822142
0.207977 0.807547
0.208227 0.612402
0.208409 0.818707
0.208786 0.776915
0.209786 0.499213
0.209812 0.528290
0.209862 0.573239
0.210854 0.826457
0.211453 0.576685
0.211555 0.705423
0.212058 0.622484
0.212798 0.588928
0.212871 0.758139
0.212911 0.700045
0.213330 0.897896
0.213377 0.534439
0.214416 0.577231
0.214553 0.610864
0.214880 0.589372
0.215014 0.736081
0.215579 0.606436
0.215626 0.814149
0.216057 0.658283
0.216099 0.737369
0.216146 0.849681
0.216887 0.865802
0.216956 0.854810
0.217519 0.759829
0.218234 0.733006
0.219454 0.787130
0.219553 0.631990
0.220370 0.730124
0.220515 0.849047
0.220582 0.789207
0.220728 0.739260
0.221528 0.663326
0.221814 0.690226
0.222014 0.670927
0.222287 0.621856
0.222417 0.602441
0.223946 0.908012
0.224451 0.666196
0.224734 0.840849
0.224880 0.518209
0.225026 0.550363
0.225145 0.531105
0.225240 0.685711
0.225387 0.660208
0.225521 0.570892
0.225551 0.682977
0.225563 0.758756
0.225800 0.755358
0.225909 0.613607
0.225925 0.765140
0.226209 0.807689
0.227155 0.777592
0.227169 0.494353
0.227232 0.876799
0.227799 0.549661
0.227907 0.713626
0.228399 0.612268
0.228734 0.696355
0.228763 0.699019
0.228919 0.681298
0.229028 0.607796
0.229562 0.792851
0.229797 0.748556
0.230741 0.642704
0.230931 0.563772
0.231218 0.649121
0.231806 0.492652
0.232291 0.733677
0.233720 0.854569
0.235808 0.880599
0.236145 0.892097
0.236311 0.505517
0.236476 0.569054
0.236765 0.653504
0.237090 0.766172
0.237474 0.625329
0.238086 0.718203
0.238211 0.815135
0.238583 0.621146
0.238634 0.702586
0.238851 0.769491
0.239373 0.673461
0.239636 0.656835
0.239681 0.737633
0.239779 0.646174
0.239830 0.581712
0.240222 0.688080
0.240475 0.519504
0.240505 0.804558
0.240537 0.612123
0.241490 0.894784
0.241569 0.661252
0.241788 0.534473
0.242702 0.818732
0.243386 0.725937
0.243431 0.748266
0.244704 0.677955
0.244863 0.771708
0.245017 0.516397
0.246675 0.642516
0.246774 0.615323
0.247548 0.703854
0.247786 0.700918
0.248281 0.570066
0.248292 0.792994
0.248713 0.670323
0.248994 0.866629
0.249485 0.706799
0.249496 0.795758
0.250807 0.536139
0.250946 0.687436
0.251091 0.651084
0.251635 0.551704
0.251760 0.900672
0.251863 0.774421
0.252020 0.754629
0.252944 0.753793
0.253022 0.850494
0.253272 0.534385
0.253574 0.615894
0.253869 0.850229
0.253941 0.691932
0.254330 0.729897
0.255068 0.814645
0.255726 0.839249
0.257108 0.570180
0.257177 0.634717
0.257452 0.666126
0.258016 0.566395
0.258541 0.858928
0.258725 0.843843
0.258836 0.697115
0.258965 0.695932
0.259118 0.532934
0.259631 0.776482
0.260404 0.749717
0.260450 0.674949
0.260995 0.692504
0.261911 0.574644
0.262144 0.724035
0.262289 0.660498
0.263215 0.678614
0.263840 0.717901
0.264417 0.635636
0.264698 0.871956
0.264717 0.588524
0.265325 0.806079
0.265672 0.642280
0.266455 0.535397
0.267039 0.715334
0.267371 0.786953
0.267438 0.777437
0.267923 0.540889
0.268272 0.604743
0.268438 0.846944
0.268649 0.599461
0.268799 0.743041
0.269068 0.639976
0.269234 0.670265
0.269747 0.715789
0.270688 0.837992
0.270730 0.789444
0.271803 0.660439
0.271829 0.660543
0.272632 0.826357
0.273361 0.820547
0.273403 0.870253
0.273409 0.742416
0.273755 0.846966
0.274279 0.854116
0.274428 0.803435
0.274903 0.823269
0.274995 0.642655
0.275437 0.570491
0.276108 0.550005
0.276176 0.860931
0.276341 0.632339
0.276406 0.694317
0.276554 0.810974
0.276819 0.697001
0.277103 0.633502
0.277744 0.838148
0.277997 0.636203
0.278724 0.706671
0.279085 0.624745
0.279685 0.581572
0.280330 0.626914
0.280871 0.843476
0.281052 0.656353
0.281170 0.665049
0.282555 0.842428
0.282573 0.753888
0.282747 0.724198
0.282814 0.686249
0.283064 0.877711
0.283770 0.573562
0.284036 0.744375
0.284414 0.583496
0.284604 0.597909
0.284815 0.621159
0.286507 0.715243
0.287075 0.717996
0.287466 0.793972
0.288423 0.549201
0.288530 0.733061
0.288891 0.736627
0.289125 0.730248
0.289710 0.571924
0.290140 0.744236
0.291177 0.794352
0.291890 0.892033
0.291939 0.553658
0.292827 0.823878
0.293142 0.614951
0.293250 0.811747
0.293303 0.685408
0.293559 0.596409
0.293573 0.783748
0.293923 0.710533
0.294037 0.555971
0.294383 0.584537
0.294923 0.791343
0.295785 0.636231
0.295857 0.762392
0.296252 0.687833
0.296583 0.619123
0.296970 0.631158
0.297316 0.780235
0.298044 0.591779
0.298402 0.672863
0.298841 0.846589
0.299375 0.891483
0.299852 0.747754
0.300345 0.701995
0.300516 0.793609
0.300546 0.699725
0.301254 0.675847
0.301870 0.704119
0.302828 0.775689
0.303279 0.711072
0.303875 0.830594
0.304149 0.836781
0.304373 0.824184
0.304704 0.600084
0.304789 0.719823
0.304917 0.806874
0.305105 0.766112
0.305527 0.844713
0.305764 0.777989
0.305877 0.779021
0.306360 0.577975
0.306867 0.752603
0.307110 0.839105
0.307210 0.646610
0.307393 0.645423
0.307760 0.922860
0.308018 0.687715
0.308499 0.591739
0.308657 0.619254
0.309122 0.755201
0.309348 0.776446
0.310259 0.771571
0.310441 0.586466
0.310946 0.769162
0.311112 0.667678
0.311311 0.580750
0.311409 0.919713
0.311743 0.595441
0.311875 0.711900
0.311879 0.565944
0.312098 0.678727
0.312431 0.707341
0.312444 0.848653
0.312971 0.584426
0.312983 0.775156
0.314338 0.856693
0.314428 0.940498
0.315023 0.688651
0.315835 0.579936
0.316077 0.641869
0.316278 0.627036
0.316328 0.577564
0.316580 0.784507
0.316589 0.610208
0.316615 0.697267
0.316626 0.657887
0.317260 0.590708
0.317365 0.673265
0.317873 0.604787
0.317911 0.815963
0.319344 0.664717
0.320199 0.758518
0.320491 0.713713
0.320706 0.793432
0.321518 0.861881
0.322217 0.739084
0.322619 0.664132
0.322656 0.640689
0.322961 0.659195
0.323006 0.654651
0.323512 0.784258
0.323963 0.609015
0.324121 0.761166
0.324639 0.814784
0.324830 0.744366
0.325355 0.599839
0.325937 0.750377
0.326038 0.754722
0.326333 0.793135
0.326477 0.743479
0.327235 0.714230
0.327319 0.690179
0.328748 0.658331
0.329180 0.686653
0.329330 0.607770
0.330103 0.732883
0.330864 0.616180
0.331074 0.631512
0.332514 0.604584
0.333380 0.599685
0.333694 0.670531
0.334870 0.608478
0.335228 0.599426
0.335482 0.767557
0.335499 0.786816
0.335699 0.732848
0.335771 0.628759
0.336021 0.626698
0.336120 0.721046
0.336878 0.620274
0.337009 0.757300
0.337642 0.716195
0.337816 0.829505
0.337914 0.733031
0.337965 0.859806
0.339186 0.691550
0.339325 0.760162
0.339382 0.591794
0.339691 0.769144
0.339794 0.718733
0.340012 0.871641
0.340575 0.589300
0.340694 0.763137
0.341155 0.820633
0.341535 0.736991
0.341682 0.890477
0.341771 0.910079
0.342618 0.667745
0.342712 0.701751
0.342810 0.632513
0.342911 0.782615
0.343154 0.648244
0.344199 0.745273
0.344387 0.732974
0.344429 0.783663
0.344990 0.808651
0.345214 0.774701
0.345276 0.788230
0.345475 0.787562
0.347241 0.690928
0.347320 0.889693
0.348119 0.688237
0.348837 0.799670
0.349326 0.731701
0.349682 0.899009
0.349719 0.894908
0.350006 0.609717
0.350165 0.603284
0.350341 0.660543
0.350443 0.656689
0.351139 0.716906
0.352756 0.705006
0.353359 0.887723
0.353554 0.747122
0.353909 0.829261
0.354052 0.709661
0.354244 0.966338
0.354461 0.782728
0.354497 0.713065
0.354657 0.755239
0.354742 0.650063
0.354968 0.735875
0.355293 0.603220
0.355681 0.815416
0.355938 0.880790
0.356675 0.740311
0.356893 0.890137
0.357282 0.712644
0.357331 0.816994
0.358042 0.623826
0.358806 0.655190
0.359747 0.856157
0.360233 0.934687
0.360457 0.792436
0.361035 0.667066
0.361339 0.713229
0.363173 0.746207
0.363684 0.706528
0.363741 0.794117
0.363813 0.844586
0.364053 0.664750
0.365039 0.730880
0.365477 0.784900
0.365562 0.837702
0.365956 0.754025
0.366802 0.865515
0.366807 0.915465
0.368143 0.661536
0.368167 0.698037
0.368542 0.607535
0.369133 0.658199
0.369198 0.710723
0.369263 0.824767
0.369378 0.911656
0.370307 0.618999
0.371311 0.655435
0.371460 0.788421
0.371679 0.793527
0.372204 0.860155
0.372346 0.670114
0.372382 0.682329
0.373675 0.724657
0.373747 0.726517
0.375342 0.842491
0.375466 0.860269
0.375622 0.860070
0.375818 0.632228
0.377543 0.656213
0.377589 0.723430
0.377665 0.913577
0.378275 0.776708
0.379468 0.637180
0.379482 0.710602
0.379767 0.621012
0.380453 0.795577
0.380568 0.731986
0.380939 0.631517
0.380994 0.673928
0.381629 0.806491
0.382986 0.800268
0.383157 0.841930
0.384114 0.900372
0.384907 0.619016
0.385706 0.869246
0.386364 0.625147
0.388136 0.732502
0.388620 0.832607
0.389589 0.804975
0.389845 0.701174
0.390303 0.872130
0.390999 0.919356
0.391218 0.817606
0.391233 0.734471
0.391501 0.830382
0.391615 0.780741
0.391649 0.632067
0.392465 0.837960
0.392728 0.659131
0.393339 0.646530
0.393426 0.860845
0.394109 0.687832
0.394945 0.774743
0.395245 0.717456
0.395699 0.650632
0.397254 0.796932
0.397630 0.849801
0.398923 0.792843
0.398979 0.766528
0.399327 0.865758
0.399347 0.706437
0.399360 0.759552
0.399697 0.766265
0.401238 0.710082
0.402247 0.873523
0.402583 0.798256
0.402823 0.726317
0.402912 0.727773
0.403178 0.676681
0.403775 0.866362
0.404212 0.692846
0.404477 0.993768
0.405213 0.830677
0.405648 0.857311
0.405881 1.000000
0.406206 0.649258
0.406437 0.787266
0.407484 0.900911
0.408201 0.879289
0.408399 0.666837
0.408422 0.831983
0.409089 0.788082
0.409138 0.640220
0.410034 0.691433
0.411772 0.805249
0.412629 0.827886
0.413494 0.847954
0.413757 0.836616
0.413846 0.773723
0.413919 0.714020
0.414222 0.694466
0.414519 0.750498
0.414868 0.721419
0.414900 0.734859
0.415626 0.736971
0.416802 0.723021
0.417378 0.739117
0.417589 0.841329
0.417655 0.728053
0.417990 0.817416
0.418026 0.751111
0.418402 0.726605
0.418489 0.713123
0.419475 0.830729
0.419670 0.874952
0.419675 0.766861
0.419794 0.765072
0.419883 0.664227
0.420004 0.778013
0.420473 0.821627
0.420844 0.832674
0.421492 0.682336
0.421594 0.780634
0.421606 0.764238
0.421761 0.735416
0.422084 0.843017
0.422104 0.725987
0.422136 0.671709
0.422245 0.674715
0.422426 0.768681
0.422719 0.831966
0.422811 0.807332
0.422960 0.749552
0.423011 0.880551
0.423836 0.815996
0.424130 0.845499
0.424209 0.846624
0.426792 0.789256
0.426869 0.754894
0.427630 0.687088
0.427957 0.842903
0.428607 0.798347
0.428865 0.793732
0.429227 0.768554
0.430089 0.745840
0.430859 0.695420
0.430879 0.670216
0.431800 0.856059
0.432765 0.750192
0.432922 0.838439
0.433039 0.741606
0.433755 0.652189
0.433828 0.871441
0.434138 0.733627
0.434461 0.655563
0.434962 0.826498
0.435130 0.824901
0.435465 0.795138
0.435555 0.693238
0.436873 0.865896
0.437106 0.814284
0.437274 0.811015
0.438008 0.715681
0.438387 0.702326
0.438610 0.766999
0.438920 0.823224
0.438940 0.899782
0.439463 0.720878
0.439824 0.764634
0.439897 0.693307
0.439928 0.710177
0.441300 0.853412
0.442344 0.701069
0.442404 0.739950
0.442780 0.877750
0.443838 0.668760
0.444103 0.665936
0.444849 0.673571
0.447068 0.680700
0.448116 0.689467
0.449983 0.868844
0.450708 0.779768
0.451561 0.764993
0.452325 0.696262
0.452565 0.953567
0.452890 0.896595
0.453185 0.688672
0.453872 0.934179
0.454040 0.823131
0.454120 0.683508
0.454669 0.732604
0.455102 0.740615
0.455141 0.891095
0.456377 0.676506
0.457582 0.827621
0.457605 0.748642
0.458060 0.736197
0.458139 0.851190
0.458207 0.858322
0.458989 0.679550
0.459380 0.884061
0.463523 0.803564
0.464257 0.865592
0.464579 0.695754
0.465085 0.690555
0.465921 0.686555
0.467697 0.715999
0.467938 0.693233
0.469999 0.810582
0.470124 0.832862
0.470821 0.878390
0.471196 0.691614
0.472433 0.826297
0.472646 0.716969
0.474130 0.834455
0.474246 0.754401
0.474341 0.708117
0.475811 0.816216
0.477269 0.824985
0.478271 0.698217
0.479023 0.680436
0.479179 0.719855
0.481032 0.738256
0.481750 0.757982
0.481755 0.708206
0.483826 0.737750
0.485174 0.687148
0.485870 0.836999
0.486277 0.821082
0.486912 0.826771
0.489645 0.757479
0.490006 0.781054
0.490856 0.845384
0.491581 0.948736
0.491912 0.717516
0.492417 0.899140
0.492573 0.817948
0.493259 0.914469
0.494043 0.778256
0.494083 0.799196
0.494122 0.735578
0.494324 0.758158
0.494882 0.695049
0.495304 0.703264
0.496078 0.700116
0.496530 0.697959
0.496604 0.767716
0.498704 0.829553
0.499848 0.748568
0.500348 0.815809
0.502265 0.918396
0.503573 0.737089
0.503881 0.824608
0.503941 0.870159
0.505047 0.720543
0.507231 0.927650
0.508749 0.920651
0.509389 0.756109
0.509855 0.884749
0.510536 0.831102
0.511086 0.828964
0.511155 0.819986
0.512874 0.976442
0.515040 0.724957
0.517191 0.844272
0.517483 0.927911
0.520709 0.752885
0.521374 0.704574
0.522428 0.718065
0.524738 0.720113
0.525440 0.897657
0.526875 0.707800
0.527460 0.743765
0.528276 0.753153
0.530469 0.731866
0.531050 0.914469
0.531494 0.748121
0.533863 0.757875
0.534839 0.920673
0.535017 0.878281
0.539847 0.847331
0.540396 0.762501
0.541915 0.889631
0.545406 0.855941
0.547760 0.711092
0.548429 0.881606
0.548631 0.841425
0.548677 0.756600
0.549631 0.868946
0.549757 0.801535
0.552796 0.802215
0.553438 0.932910
0.554092 0.879990
0.555694 0.881529
0.557870 0.878332
0.559211 0.826604
0.560884 0.898180
0.561027 0.886451
0.561224 0.804444
0.561329 0.861761
0.561990 0.807546
0.565631 0.721152
0.569204 0.731871
0.571266 0.793968
0.573872 0.786017
0.575104 0.731565
0.578350 0.911975
0.578986 0.852710
0.579913 0.897288
0.581603 0.938290
0.583856 0.728263
0.585467 0.788546
0.585820 0.804693
0.585855 0.900030
0.586325 0.844813
0.587331 0.758742
0.587888 0.748701
0.589363 0.733080
0.590056 0.768086
0.590593 0.854294
0.591741 0.735117
0.591867 0.754275
0.593552 0.745075
0.594508 0.863983
0.596285 0.911857
0.596838 0.781609
0.598168 0.812447
0.599085 0.889143
0.600875 0.765802
0.601067 0.791531
0.601614 0.859794
0.601952 0.873249
0.605449 0.858111
0.606348 0.832481
0.606549 0.816664
0.606772 0.740139
0.608862 0.903756
0.608918 0.824992
0.609676 0.871142
0.611733 0.913400
0.615724 0.811889
0.616555 0.826590
0.616871 0.836230
0.617675 0.880578
0.619526 0.805285
0.620000 0.917467
0.622079 0.776525
0.622293 0.790683
0.625166 0.896968
0.626191 0.810429
0.627197 0.762530
0.629158 0.768365
0.635578 0.844934
0.637929 0.956221
0.642072 0.885815
0.643030 0.913230
0.643655 0.786596
0.644030 0.757425
0.644531 0.854933
0.645714 0.955071
0.647178 0.909580
0.648082 0.795592
0.651618 0.818496
0.653256 0.827038
0.654489 0.817341
0.656584 0.945821
0.656722 0.855232
0.659923 0.807843
0.660298 0.771049
0.662923 0.907312
0.664411 0.760297
0.670334 0.784818
0.671372 0.872129
0.674210 0.801262
0.674800 0.932393
0.679114 0.788218
0.681803 0.900467
0.688647 0.873137
0.689268 0.815284
0.694893 0.919609
0.699952 0.782886
0.714605 0.829783
0.718615 0.905818
0.721124 0.842315
0.721904 0.779398
0.721925 0.804055
0.730201 0.871598
0.735710 0.846004
0.740643 0.847177
0.741871 0.848491
0.743598 0.960952
0.744804 0.792308
0.752250 0.851562
0.753461 0.806157
0.754612 0.893133
0.765536 0.937858
0.778982 0.907511
0.783164 0.949418
0.784344 0.932917
0.786619 0.829223
0.790983 0.904314
0.801475 0.854301
0.807703 0.815673
0.818563 0.880208
0.830567 0.841926
0.833643 0.820311
0.844073 0.883822
0.864655 0.977037
0.879778 0.849625
0.886475 0.844671
0.891576 0.962807
0.896606 0.840598
0.899393 0.886386
0.899468 0.919482
0.908293 0.955103
0.948538 0.914738
0.958729 0.971649
1.000000 0.866636
