0.000000 0.164663
0.017275 0.669706
0.020354 0.308751
0.025965 0.556097
0.026772 0.475693
0.030139 0.383069
0.030158 0.610093
0.031302 0.679368
0.031537 0.490810
0.032073 0.166760
0.037823 0.237030
0.038788 0.445639
0.040576 1.000000
0.047205 0.221796
0.050698 0.283202
0.051838 0.400083
0.052431 0.570853
0.053788 0.582543
0.055290 0.253285
0.056320 0.444141
0.056755 0.501250
0.058211 0.369081
0.058806 0.452985
0.061848 0.430077
0.062507 0.678218
0.063343 0.636111
0.064146 0.486512
0.067851 0.513645
0.067899 0.637018
0.068127 0.607701
0.069493 0.750906
0.070565 0.490749
0.071846 0.514924
0.071851 0.498537
0.072631 0.421233
0.073927 0.293753
0.074351 0.662943
0.074909 0.749450
0.076977 0.606529
0.077657 0.379403
0.078271 0.581717
0.085983 0.713125
0.086812 0.627562
0.091438 0.474273
0.092153 0.315074
0.093433 0.292502
0.094678 0.420934
0.099507 0.635776
0.099733 0.405238
0.100385 0.609301
0.104816 0.281142
0.108268 0.519404
0.109243 0.272725
0.110838 0.302142
0.111656 0.677006
0.114044 0.305220
0.114391 0.249631
0.115770 0.423477
0.116515 0.699160
0.118422 0.425697
0.124857 0.593578
0.125412 0.433880
0.126572 0.350388
0.127161 0.407896
0.129230 0.226762
0.131083 0.502218
0.132584 0.368552
0.135168 0.645066
0.135274 0.385901
0.135651 0.242238
0.136316 0.305501
0.136585 0.667545
0.136733 0.323379
0.137565 0.404072
0.142391 0.219003
0.142396 0.456964
0.143155 0.518872
0.143234 0.614586
0.143733 0.425205
0.146385 0.450346
0.146416 0.304167
0.148096 0.412126
0.148853 0.396903
0.150804 0.440932
0.153784 0.277005
0.158472 0.436260
0.159970 0.322095
0.160888 0.454904
0.161651 0.400175
0.162238 0.330529
0.164251 0.358957
0.165683 0.470734
0.169643 0.368189
0.170307 0.254599
0.172948 0.378503
0.173137 0.331787
0.174089 0.450547
0.174973 0.435165
0.175713 0.585647
0.176287 0.399165
0.176386 0.420052
0.178486 0.489465
0.180216 0.478476
0.182323 0.352899
0.183032 0.195231
0.183282 0.298366
0.184064 0.376543
0.184141 0.440700
0.188503 0.449002
0.188840 0.499074
0.189954 0.544241
0.190110 0.289971
0.190136 0.535985
0.191799 0.366332
0.193485 0.532956
0.195357 0.229805
0.195640 0.511767
0.196403 0.414446
0.198100 0.420980
0.199732 0.557746
0.200395 0.482331
0.200733 0.431928
0.202340 0.154479
0.202384 0.217136
0.202419 0.531333
0.202746 0.284177
0.203378 0.227231
0.203613 0.351798
0.203746 0.188697
0.205468 0.364983
0.208083 0.413753
0.208719 0.167800
0.208886 0.330358
0.210783 0.223999
0.211727 0.505721
0.213059 0.317053
0.214754 0.252461
0.216260 0.517284
0.218194 0.332970
0.218334 0.236795
0.219197 0.296403
0.219368 0.409958
0.220622 0.270011
0.222379 0.468272
0.223990 0.443545
0.226079 0.474497
0.228262 0.370935
0.229307 0.356676
0.231859 0.268861
0.232293 0.429679
0.232689 0.500713
0.233010 0.433768
0.234437 0.175627
0.235973 0.133995
0.236551 0.472762
0.236627 0.331173
0.238000 0.188997
0.239314 0.278004
0.241003 0.417723
0.242497 0.247278
0.242548 0.431055
0.243589 0.426341
0.243607 0.477364
0.244224 0.464685
0.244606 0.187537
0.245124 0.223250
0.245272 0.441239
0.247615 0.327927
0.248768 0.482168
0.249259 0.259873
0.252096 0.381379
0.253163 0.167007
0.253378 0.198674
0.253381 0.144074
0.253647 0.246502
0.254324 0.491755
0.255194 0.420563
0.258859 0.181677
0.260646 0.173505
0.262079 0.374206
0.262209 0.245941
0.264626 0.395810
0.266976 0.352948
0.267462 0.159461
0.269255 0.193282
0.270203 0.266565
0.270498 0.332553
0.270827 0.358479
0.272162 0.444059
0.273270 0.347517
0.275230 0.173758
0.275933 0.155736
0.275948 0.459374
0.276128 0.287011
0.276741 0.372059
0.276828 0.134750
0.277247 0.318595
0.278547 0.276515
0.279382 0.190938
0.279466 0.411747
0.279880 0.261051
0.282855 0.155633
0.283275 0.329245
0.283294 0.307773
0.283333 0.321286
0.284590 0.300397
0.286345 0.470520
0.286369 0.212252
0.287410 0.289270
0.288071 0.182375
0.289911 0.408634
0.290661 0.419214
0.293557 0.120407
0.293901 0.287095
0.296939 0.314642
0.298489 0.424621
0.298507 0.368634
0.298783 0.397246
0.299658 0.129194
0.302428 0.349918
0.302446 0.409160
0.303251 0.403289
0.303689 0.083594
0.304150 0.294463
0.305923 0.320839
0.307821 0.364585
0.308866 0.354122
0.308871 0.307747
0.308905 0.186491
0.310571 0.138226
0.312461 0.301590
0.313066 0.307111
0.315561 0.219371
0.315866 0.145621
0.316794 0.112621
0.316978 0.427635
0.317134 0.170036
0.319059 0.363298
0.320081 0.415856
0.322283 0.188272
0.323868 0.356454
0.324225 0.216907
0.324267 0.404247
0.325255 0.419269
0.325409 0.410370
0.325588 0.305218
0.327356 0.198260
0.328980 0.411166
0.329671 0.201607
0.329759 0.379363
0.331370 0.317397
0.331418 0.335767
0.332359 0.282722
0.334706 0.380381
0.335135 0.176270
0.336738 0.169158
0.336770 0.305115
0.337438 0.322780
0.337762 0.415557
0.337900 0.298175
0.338101 0.262583
0.339284 0.188017
0.339579 0.311326
0.339724 0.287059
0.340116 0.386094
0.342506 0.258208
0.342899 0.073468
0.343609 0.155098
0.343697 0.180450
0.344610 0.345844
0.346110 0.411007
0.346639 0.246236
0.346732 0.269886
0.349161 0.398925
0.350134 0.408145
0.351628 0.121669
0.355013 0.300548
0.356047 0.306765
0.359760 0.329285
0.361141 0.063791
0.361994 0.334203
0.362249 0.353463
0.363459 0.197179
0.364698 0.311415
0.365583 0.269057
0.367762 0.256973
0.367821 0.176348
0.368474 0.260156
0.368678 0.331512
0.369010 0.395097
0.370925 0.275786
0.371196 0.321693
0.371488 0.361154
0.373821 0.392491
0.376626 0.207214
0.377076 0.185270
0.378821 0.366656
0.380509 0.271100
0.381096 0.247236
0.381862 0.301495
0.383892 0.251390
0.384336 0.263539
0.384627 0.332803
0.386284 0.202720
0.387014 0.139646
0.389649 0.256585
0.390346 0.320367
0.390430 0.111731
0.390633 0.221587
0.390711 0.266149
0.391111 0.235337
0.393820 0.118583
0.397254 0.343543
0.399351 0.377606
0.400860 0.249025
0.402223 0.321991
0.403862 0.118225
0.406747 0.325835
0.411568 0.344018
0.412149 0.155603
0.413019 0.337806
0.413539 0.124193
0.413600 0.324472
0.413612 0.248214
0.414099 0.179162
0.414566 0.170959
0.415400 0.305276
0.416183 0.048213
0.416646 0.265228
0.418399 0.361164
0.421586 0.263685
0.421633 0.321272
0.423157 0.283379
0.424048 0.175538
0.424452 0.160921
0.424652 0.207696
0.425736 0.312083
0.428115 0.327682
0.428297 0.348427
0.429495 0.202480
0.430808 0.186357
0.430941 0.174135
0.431742 0.082739
0.432554 0.203312
0.436653 0.105868
0.437902 0.349714
0.437937 0.270113
0.439825 0.272388
0.442077 0.115460
0.442088 0.339267
0.442267 0.324894
0.442768 0.197429
0.444059 0.222578
0.444404 0.323014
0.448119 0.107688
0.449139 0.201839
0.449281 0.222594
0.452995 0.177466
0.455401 0.292326
0.458979 0.162462
0.460446 0.291028
0.461506 0.073469
0.464850 0.204683
0.464882 0.239120
0.468109 0.197346
0.468598 0.332269
0.471000 0.158988
0.471300 0.179290
0.471786 0.272107
0.474116 0.300961
0.474653 0.198195
0.476279 0.243599
0.477456 0.237937
0.478398 0.154335
0.478967 0.081071
0.481199 0.251006
0.482034 0.257024
0.483951 0.167255
0.491625 0.238235
0.493185 0.187964
0.494204 0.250576
0.498556 0.114541
0.498905 0.082843
0.499565 0.052846
0.503141 0.109892
0.504810 0.031220
0.505638 0.271226
0.507202 0.252654
0.508463 0.156600
0.511242 0.132185
0.511822 0.060134
0.513260 0.274457
0.514493 0.232329
0.515411 0.299735
0.523145 0.168402
0.524536 0.204812
0.527027 0.266456
0.528885 0.204345
0.535610 0.171674
0.536952 0.181008
0.537667 0.195427
0.537695 0.174913
0.538418 0.203732
0.539074 0.260372
0.539782 0.077758
0.540828 0.082619
0.542229 0.199941
0.543093 0.288241
0.543140 0.214531
0.546785 0.235032
0.549849 0.245307
0.551638 0.188491
0.555205 0.272941
0.555674 0.114015
0.566324 0.132455
0.566919 0.131511
0.568577 0.202970
0.570586 0.222626
0.570885 0.189570
0.571363 0.074156
0.572145 0.259387
0.572356 0.224574
0.582325 0.254907
0.584909 0.248078
0.587728 0.181386
0.588921 0.111418
0.589770 0.054227
0.589802 0.193861
0.596099 0.197965
0.596194 0.127562
0.598262 0.217667
0.599122 0.191642
0.599178 0.231606
0.607104 0.017875
0.614784 0.108379
0.618304 0.025597
0.618552 0.017841
0.618906 0.250144
0.623380 0.143388
0.626510 0.153562
0.628831 0.238369
0.630011 0.222549
0.634495 0.123737
0.638145 0.123395
0.640815 0.048578
0.642836 0.227589
0.648013 0.198107
0.648098 0.181328
0.652192 0.099324
0.653629 0.152661
0.654994 0.059040
0.657174 0.024709
0.663036 0.231616
0.664781 0.100804
0.667473 0.185540
0.668825 0.101189
0.672515 0.090156
0.674727 0.098928
0.674917 0.139327
0.686944 0.054819
0.703137 0.154574
0.720810 0.125531
0.727503 0.146562
0.730532 0.122867
0.731069 0.120836
0.773682 0.152153
0.897597 0.126920
0.938553 0.136520
0.972182 0.093346
0.986211 0.109190
1.000000 0.000000
