0.000000 0.910256
0.007616 0.879489
0.024240 1.000000
0.029456 0.965872
0.046899 0.869487
0.048377 0.474209
0.050719 0.753904
0.051421 0.519701
0.058804 0.689834
0.062246 0.446927
0.068108 0.632348
0.072407 0.817380
0.073868 0.450818
0.075099 0.531374
0.081342 0.678170
0.081763 0.457702
0.083574 0.380754
0.084023 0.561852
0.086220 0.425508
0.087132 0.528802
0.089825 0.404986
0.092371 0.571718
0.101026 0.506095
0.108514 0.627052
0.112116 0.611268
0.115233 0.717361
0.118095 0.571548
0.121542 0.482679
0.123568 0.548543
0.131227 0.520768
0.132232 0.673049
0.132927 0.578577
0.135869 0.600374
0.139658 0.522694
0.141007 0.356003
0.148007 0.303427
0.150759 0.467144
0.157055 0.456418
0.158328 0.357841
0.158873 0.436401
0.160433 0.548672
0.165581 0.514845
0.167137 0.475377
0.168340 0.416468
0.169874 0.436844
0.174075 0.312536
0.185613 0.271179
0.186027 0.567645
0.186965 0.382402
0.188433 0.461557
0.190768 0.412952
0.191536 0.319951
0.193233 0.452258
0.199177 0.291226
0.202795 0.502685
0.204041 0.495506
0.207669 0.483515
0.208561 0.349535
0.209514 0.360454
0.210104 0.416123
0.219460 0.500143
0.221590 0.306158
0.222390 0.429240
0.222687 0.511497
0.223201 0.515159
0.223832 0.261288
0.225248 0.412168
0.225518 0.387386
0.225944 0.419243
0.229283 0.357868
0.230113 0.402526
0.230667 0.339189
0.233822 0.319618
0.234791 0.289462
0.236474 0.353877
0.237677 0.441760
0.238064 0.435364
0.242441 0.360344
0.243410 0.297476
0.243463 0.273062
0.248757 0.360914
0.249372 0.409878
0.250899 0.447946
0.251102 0.387797
0.253506 0.356952
0.255437 0.368933
0.256539 0.397375
0.258110 0.441460
0.258404 0.349508
0.260898 0.448518
0.274814 0.341039
0.275228 0.367326
0.280115 0.389006
0.292056 0.389269
0.294534 0.396205
0.296092 0.363573
0.301267 0.315692
0.301531 0.409105
0.303271 0.414664
0.308560 0.275386
0.312115 0.395203
0.314259 0.371636
0.315288 0.374508
0.315324 0.328587
0.315579 0.266717
0.320541 0.381738
0.320659 0.239996
0.321776 0.239171
0.323402 0.382885
0.326524 0.399162
0.329565 0.320044
0.329723 0.366311
0.334741 0.367009
0.337299 0.294553
0.340904 0.374688
0.342662 0.260371
0.345296 0.345735
0.346239 0.202013
0.348002 0.239723
0.348278 0.350979
0.348302 0.254619
0.348864 0.316885
0.351065 0.351117
0.360195 0.286389
0.360332 0.298041
0.364551 0.324135
0.367809 0.230840
0.373407 0.317638
0.374624 0.275764
0.376787 0.260720
0.378254 0.311061
0.378905 0.312092
0.381036 0.241405
0.381766 0.344421
0.387542 0.244920
0.388726 0.284476
0.389584 0.298247
0.392642 0.206638
0.394171 0.185375
0.394219 0.208539
0.394754 0.268862
0.396202 0.334132
0.396873 0.305499
0.397770 0.272332
0.400135 0.317515
0.401555 0.319017
0.406135 0.288443
0.408559 0.297234
0.409248 0.234698
0.415588 0.243895
0.415841 0.322656
0.416786 0.219769
0.421489 0.260792
0.421720 0.319257
0.424027 0.287021
0.425679 0.264254
0.426477 0.308983
0.427348 0.199772
0.429056 0.278291
0.433914 0.248228
0.435167 0.228768
0.436996 0.297895
0.442103 0.272007
0.442437 0.292132
0.445192 0.300027
0.446317 0.302932
0.447181 0.239942
0.450312 0.257877
0.450783 0.207586
0.450806 0.288154
0.451463 0.266527
0.452776 0.173925
0.455327 0.284831
0.456077 0.294403
0.459057 0.094909
0.460806 0.185797
0.460992 0.195327
0.463321 0.159739
0.465347 0.219300
0.468203 0.246311
0.479222 0.136099
0.479500 0.121931
0.479882 0.248075
0.481547 0.272515
0.484308 0.251837
0.485156 0.276091
0.490714 0.230244
0.492316 0.226944
0.494496 0.182951
0.516907 0.170454
0.517016 0.194284
0.518027 0.145332
0.518907 0.175909
0.520497 0.136296
0.527828 0.122240
0.530338 0.166207
0.532784 0.231654
0.540361 0.194212
0.541707 0.228816
0.547530 0.215818
0.548400 0.170889
0.548973 0.216498
0.560089 0.216002
0.563145 0.176202
0.570113 0.149693
0.574607 0.195115
0.575168 0.140731
0.575457 0.171466
0.575458 0.222768
0.575521 0.182185
0.575786 0.142597
0.577436 0.161529
0.582582 0.136682
0.587079 0.181643
0.595094 0.163587
0.597896 0.177969
0.600458 0.143085
0.602145 0.206347
0.602380 0.205516
0.605425 0.119985
0.605674 0.153391
0.606316 0.165130
0.610967 0.146383
0.622197 0.171693
0.631034 0.165814
0.640666 0.178959
0.644901 0.159234
0.649143 0.157775
0.650820 0.106061
0.655755 0.120419
0.656448 0.169247
0.657162 0.146558
0.660051 0.089234
0.674993 0.156665
0.686082 0.060686
0.687208 0.154341
0.701139 0.151729
0.702669 0.156146
0.704039 0.136584
0.708809 0.140205
0.710736 0.135456
0.716414 0.118875
0.723117 0.122553
0.725883 0.059119
0.753938 0.110929
0.757899 0.121376
0.787986 0.086493
0.792792 0.080745
0.841658 0.057957
0.862611 0.087898
0.873426 0.032825
0.873983 0.088677
0.877365 0.040901
0.912218 0.059612
0.920103 0.060295
0.941557 0.069177
0.955943 0.000000
1.000000 0.029250
