0.000000 0.471232
0.004963 0.756714
0.030227 0.548392
0.032922 0.103310
0.041744 0.413393
0.042635 0.306091
0.044499 0.175490
0.046365 0.344859
0.047186 0.000000
0.047597 0.465150
0.050888 0.319806
0.051638 0.209199
0.053531 0.642325
0.056271 0.475582
0.065004 0.427170
0.067022 0.440746
0.067701 0.205539
0.074901 0.584990
0.075949 0.318781
0.079523 0.412895
0.081986 0.494754
0.082752 0.618651
0.082827 0.365515
0.083052 0.195695
0.083931 0.641591
0.089198 0.416766
0.093697 0.376933
0.093942 0.635989
0.095830 0.498789
0.097227 0.651595
0.097608 0.706939
0.098407 0.545617
0.099806 0.207929
0.102001 0.419784
0.102279 0.333807
0.102611 0.354391
0.103570 0.501961
0.103907 0.740186
0.105814 0.419372
0.106404 0.438625
0.109269 0.421188
0.110836 0.264084
0.112029 0.399346
0.112183 0.370098
0.112260 0.720888
0.113372 0.656524
0.113602 0.543343
0.117180 0.652513
0.117614 0.743323
0.117831 0.579500
0.117882 0.604486
0.120015 0.283173
0.120037 0.454439
0.120698 0.472862
0.121562 0.648530
0.122062 0.454942
0.124571 0.390545
0.124719 0.622809
0.125379 0.645589
0.126340 0.588891
0.127791 0.420269
0.129818 0.530760
0.130092 0.558154
0.131041 0.365854
0.132305 0.345831
0.132503 0.384497
0.136387 0.610346
0.137997 0.436198
0.138367 0.510189
0.141578 0.467873
0.142073 0.515878
0.143022 0.517209
0.143290 0.627746
0.143489 0.611000
0.143606 0.450494
0.147754 0.493226
0.148729 0.594237
0.154150 0.411269
0.155599 0.451646
0.155867 0.651658
0.155923 0.500701
0.156182 0.492475
0.158917 0.535148
0.159047 0.374466
0.159130 0.631208
0.161499 0.583934
0.161991 0.568602
0.162928 0.618466
0.164772 0.669123
0.165874 0.486089
0.170632 0.372278
0.170910 0.607975
0.172007 0.596321
0.173333 0.469225
0.173919 0.579789
0.177025 0.410672
0.177954 0.503369
0.180172 0.496268
0.180237 0.505465
0.181249 0.463281
0.182101 0.509031
0.183592 0.715180
0.185372 0.419192
0.185452 0.633327
0.185711 0.609258
0.187421 0.552155
0.188692 0.492661
0.189101 0.565774
0.189106 0.699998
0.189203 0.461731
0.189500 0.582637
0.189864 0.546646
0.191796 0.774174
0.191956 0.586030
0.192962 0.575238
0.193864 0.676694
0.194092 0.545310
0.198390 0.516873
0.200017 0.423534
0.200153 0.482856
0.200602 0.442394
0.200680 0.535293
0.200706 0.567002
0.200905 0.739963
0.201431 0.562636
0.203500 0.741043
0.205853 0.672807
0.206181 0.445775
0.207707 0.450403
0.208437 0.543592
0.209268 0.657685
0.209643 0.802167
0.211928 0.549886
0.212121 0.547307
0.214294 0.477668
0.214373 0.685377
0.214916 0.461976
0.214933 0.793149
0.216733 0.650664
0.217502 0.548788
0.217532 0.649148
0.217680 0.505817
0.217758 0.469705
0.218484 0.726639
0.220809 0.525842
0.220846 0.628858
0.221308 0.568413
0.223129 0.540657
0.223428 0.552563
0.223991 0.616414
0.225069 0.719052
0.225145 0.531748
0.225683 0.624222
0.226094 0.684968
0.226820 0.675217
0.227365 0.718703
0.227367 0.500227
0.227375 0.477609
0.228081 0.639648
0.228411 0.719204
0.228616 0.714979
0.229792 0.542884
0.230945 0.676444
0.231020 0.501394
0.232081 0.602438
0.232705 0.597213
0.235825 0.547310
0.236626 0.630468
0.236748 0.683739
0.237354 0.607106
0.237658 0.634568
0.237752 0.594470
0.238411 0.593998
0.239718 0.487622
0.240716 0.761467
0.241171 0.655031
0.243055 0.755237
0.244464 0.567005
0.246217 0.650674
0.248749 0.620128
0.249808 0.705494
0.250004 0.664561
0.250966 0.564797
0.251909 0.709019
0.252589 0.585729
0.252650 0.699360
0.253642 0.660562
0.253661 0.705184
0.254345 0.568404
0.255028 0.667652
0.255234 0.629517
0.256301 0.703963
0.258883 0.522912
0.260253 0.514944
0.261896 0.702090
0.262040 0.714134
0.262316 0.688486
0.263281 0.552098
0.263438 0.537781
0.263803 0.587930
0.263979 0.550709
0.267492 0.741152
0.268133 0.546328
0.268227 0.645378
0.268875 0.635642
0.269108 0.620015
0.270296 0.631167
0.271072 0.659339
0.273004 0.773828
0.273396 0.516376
0.274223 0.558818
0.274562 0.608297
0.275512 0.657202
0.278693 0.639049
0.291394 0.672540
0.293049 0.633314
0.293244 0.634841
0.294644 0.713127
0.294880 0.578943
0.295093 0.624867
0.295598 0.667106
0.296131 0.816846
0.297088 0.687453
0.300358 0.692508
0.301011 0.594060
0.301523 0.666202
0.301536 0.658455
0.301741 0.760814
0.301784 0.683371
0.302825 0.758492
0.303416 0.831148
0.304400 0.678932
0.306696 0.748634
0.306811 0.598837
0.307404 0.650522
0.308890 0.563296
0.309068 0.735612
0.309107 0.564032
0.310266 0.583901
0.310705 0.635520
0.311446 0.597229
0.312580 0.912296
0.312888 0.782903
0.314055 0.692302
0.316445 0.812048
0.317455 0.693910
0.317544 0.706923
0.317771 0.691015
0.319327 0.767199
0.321798 0.789114
0.322765 0.659725
0.323200 0.754603
0.323456 0.592994
0.323980 0.674443
0.324680 0.588306
0.325770 0.714414
0.326701 0.580508
0.331436 0.661125
0.331590 0.611857
0.332290 0.667573
0.333839 0.763872
0.333848 0.782256
0.333877 0.839171
0.335044 0.752156
0.337606 0.798114
0.338573 0.754990
0.338642 0.606503
0.338729 0.659730
0.338943 0.720351
0.341756 0.634394
0.341990 0.598039
0.342307 0.774093
0.342566 0.664955
0.343744 0.734993
0.344611 0.738473
0.344883 0.838658
0.345156 0.843762
0.346273 0.741104
0.346792 0.789799
0.347001 0.627807
0.349759 0.621275
0.351718 0.707623
0.352316 0.774027
0.354008 0.800730
0.354485 0.677657
0.354777 0.744415
0.356624 0.608438
0.359265 0.615548
0.359828 0.741242
0.361027 0.603348
0.362855 0.763611
0.364283 0.715608
0.364538 0.670734
0.365065 0.721124
0.365349 0.854884
0.368128 0.813023
0.369095 0.832981
0.369428 0.740538
0.369491 0.723610
0.369779 0.657141
0.372608 0.727547
0.372787 0.659680
0.372907 0.706049
0.372986 0.687368
0.373111 0.647427
0.373747 0.729838
0.374312 0.709753
0.374595 0.777268
0.374698 0.671011
0.375803 0.862766
0.376958 0.696063
0.378961 0.830485
0.378977 0.704834
0.380565 0.721093
0.381800 0.840965
0.382846 0.685801
0.385055 0.632357
0.386750 0.827798
0.387644 0.692246
0.387660 0.820329
0.387950 0.678063
0.388441 0.662820
0.389256 0.758102
0.390272 0.728453
0.390981 0.764467
0.391394 0.764775
0.393192 0.714144
0.393681 0.733287
0.394393 0.652613
0.394946 0.712244
0.396167 0.724241
0.397192 0.748309
0.397195 0.698651
0.398276 0.752572
0.400632 0.762394
0.400875 0.769175
0.404249 0.770342
0.404372 0.747606
0.404700 0.638389
0.406786 0.742827
0.407206 0.794142
0.408660 0.703797
0.408884 0.759745
0.409994 0.807783
0.410400 0.857494
0.411532 0.676544
0.411904 0.828098
0.412581 0.732900
0.415789 0.662836
0.417414 0.752929
0.417417 0.647686
0.418618 0.838802
0.419481 0.664420
0.422134 0.670630
0.422332 0.671619
0.424524 0.711007
0.425162 0.686792
0.426375 0.730828
0.426506 0.736636
0.429188 0.740228
0.429284 0.868975
0.429402 0.717688
0.430163 0.683316
0.431560 0.713144
0.432371 0.786391
0.432757 0.744278
0.433101 0.734296
0.435562 0.830328
0.435921 0.729199
0.436302 0.676183
0.436410 0.679664
0.437247 0.669286
0.437926 0.735870
0.438249 0.789138
0.439854 0.687994
0.443510 0.845709
0.443572 0.702870
0.443818 0.718266
0.446160 0.775686
0.446329 0.795029
0.446490 0.698276
0.447510 0.729002
0.448401 0.738402
0.449381 0.769363
0.449425 0.680447
0.449538 0.737445
0.449864 0.785980
0.451743 0.685104
0.453217 0.784311
0.453600 0.722435
0.456869 0.793616
0.458015 0.747928
0.459114 0.720261
0.460785 0.743016
0.462330 0.829437
0.463385 0.864508
0.463630 0.690811
0.465611 0.731921
0.466706 0.688326
0.466940 0.700901
0.467858 0.714198
0.468937 0.740505
0.469383 0.692424
0.471783 0.837957
0.472837 0.828715
0.478577 0.719813
0.479820 0.727593
0.480745 0.723591
0.480923 0.694469
0.480958 0.737744
0.482142 0.816181
0.482313 0.716956
0.482462 0.827147
0.482673 0.773133
0.483026 0.758438
0.486037 0.813493
0.487586 0.827515
0.487902 0.801216
0.488093 0.752693
0.488112 0.793895
0.488759 0.750220
0.491032 0.778710
0.492090 0.856063
0.496113 0.794479
0.498657 0.729882
0.501216 0.793021
0.501890 0.801819
0.502473 0.791476
0.506015 0.723728
0.506932 0.766535
0.508174 0.747974
0.509764 0.725318
0.511279 0.749169
0.513388 0.790615
0.513530 0.764796
0.513940 0.713386
0.514901 0.827675
0.515963 0.831047
0.516939 0.795497
0.520273 0.740774
0.521237 0.738543
0.521644 0.722733
0.521753 0.846440
0.528578 0.843709
0.530632 0.817448
0.530887 0.894241
0.536434 0.810327
0.536828 0.886450
0.537405 0.803502
0.538229 0.827586
0.540794 0.861599
0.544633 0.795118
0.545544 0.766550
0.547998 0.770922
0.551819 0.828388
0.553426 0.762022
0.556115 0.902017
0.557937 0.813132
0.558211 0.870222
0.558385 0.892767
0.563417 0.894731
0.566640 0.799656
0.567794 0.827037
0.568934 0.872476
0.573687 0.793326
0.573902 0.819737
0.574107 0.819375
0.574985 0.780786
0.576360 0.848578
0.580055 0.834103
0.582021 0.857352
0.582812 0.820264
0.583988 0.808466
0.585485 0.932563
0.591106 0.823023
0.592111 0.902434
0.593656 0.812326
0.597950 0.835073
0.601250 0.861692
0.607173 0.876605
0.608309 0.830287
0.615729 0.825880
0.617988 0.836503
0.618717 0.881304
0.630246 0.917141
0.630993 0.955933
0.632065 0.862516
0.638131 0.836415
0.641197 0.793676
0.648592 0.840420
0.656361 0.893029
0.656822 0.833651
0.657976 0.958327
0.663728 0.818795
0.664232 0.832228
0.668299 0.913337
0.670337 0.813747
0.673305 0.874208
0.677789 0.850496
0.680258 0.958577
0.682925 0.844650
0.684329 0.906429
0.684369 0.874438
0.684982 0.910120
0.693120 0.845256
0.696064 0.845530
0.697299 0.873867
0.707477 0.835762
0.711802 0.848152
0.712080 0.909044
0.722120 0.858542
0.734053 0.889840
0.749724 1.000000
0.754196 0.962596
0.754852 0.912640
0.761721 0.856707
0.778184 0.848012
0.785328 0.859092
0.801906 0.895105
0.807499 0.969403
0.808976 0.900761
0.817488 0.866976
0.822551 0.864177
0.865296 0.973871
0.886598 0.983257
0.962342 0.938448
0.989325 0.925667
1.000000 0.929867
