0.000000 0.599024
0.005296 0.465327
0.010535 0.581926
0.011026 0.000000
0.014566 0.221547
0.016416 0.288446
0.017411 0.346545
0.017652 0.566175
0.024652 0.501973
0.027724 0.228139
0.029818 0.492964
0.031938 0.665180
0.035850 0.619497
0.040097 0.290167
0.043802 0.579658
0.046494 0.593124
0.052174 0.669834
0.052947 0.738638
0.054507 0.687004
0.062895 0.790595
0.063203 0.570393
0.068049 0.751050
0.069664 0.712528
0.071028 0.579059
0.074475 0.734054
0.074538 0.739405
0.077916 0.545219
0.080055 0.734075
0.086662 0.800928
0.087855 0.607330
0.089774 0.720210
0.091196 0.593367
0.097699 0.729980
0.099596 0.713979
0.101577 0.524840
0.102535 0.499427
0.105778 0.706438
0.106928 0.645502
0.106962 0.477231
0.108201 0.659661
0.111764 0.582934
0.113570 0.547366
0.115843 0.599658
0.118070 0.741589
0.118606 0.796052
0.120620 0.637445
0.120704 0.790216
0.124513 0.677587
0.125315 0.647808
0.126773 0.688117
0.127435 0.845940
0.132494 0.498378
0.134444 0.569435
0.137034 0.595026
0.138047 0.517488
0.138193 0.677927
0.145724 0.530447
0.145759 0.578122
0.146578 0.601603
0.146836 0.610511
0.147096 0.897369
0.148982 0.809756
0.149992 0.556994
0.152101 0.720448
0.152434 0.644308
0.152738 0.722842
0.154042 0.689869
0.155392 0.854091
0.156192 0.664872
0.157983 0.625105
0.160028 0.772829
0.160030 0.534702
0.160589 0.614263
0.161866 0.685011
0.162651 0.568896
0.165025 0.674464
0.165155 0.585400
0.166731 0.722617
0.170403 0.762083
0.172251 0.588523
0.172527 0.666077
0.173524 0.605438
0.173826 0.790867
0.174172 0.695208
0.175750 0.724645
0.177652 0.670132
0.177833 0.744016
0.178201 0.577022
0.179537 0.700502
0.179887 0.719381
0.180411 0.757783
0.180851 0.653629
0.181048 0.705573
0.181254 0.886847
0.184886 0.740265
0.188792 0.598735
0.188796 0.819269
0.189115 0.714218
0.190438 0.782695
0.191242 0.646108
0.191360 0.858035
0.194792 0.785169
0.195418 0.578279
0.196942 0.726196
0.198026 0.843997
0.203412 0.626594
0.203845 0.676000
0.204227 0.753019
0.204692 0.797329
0.205639 0.797714
0.205807 0.734155
0.206819 0.717068
0.208463 0.594523
0.210033 0.856222
0.210567 0.830978
0.213177 0.751403
0.213260 0.783531
0.215328 0.877807
0.218150 0.752983
0.218635 0.614630
0.218784 0.796336
0.220435 0.590175
0.221062 0.609649
0.223266 0.895964
0.223360 0.638383
0.223606 0.679921
0.224161 0.623408
0.224854 0.657836
0.226273 0.818899
0.226966 0.856021
0.228722 0.743732
0.228865 0.680443
0.230261 0.830305
0.230722 0.746223
0.231117 0.864201
0.231342 0.647869
0.231437 0.708815
0.232163 0.715738
0.232185 0.743396
0.233458 0.727311
0.233689 0.779205
0.234491 0.647014
0.236353 0.688007
0.237661 0.855929
0.237750 0.860554
0.239675 0.711959
0.239733 0.880017
0.242098 0.762648
0.242476 0.639278
0.242480 0.688234
0.242578 0.696165
0.242897 0.688352
0.245637 0.754745
0.247237 0.753363
0.247811 0.814406
0.247827 0.728643
0.247992 0.870135
0.248573 0.710775
0.248774 0.763596
0.249019 0.645307
0.250157 0.619260
0.250425 0.748509
0.253967 0.651608
0.254530 0.774687
0.255116 0.749519
0.255128 0.777497
0.257455 0.829833
0.258438 0.790399
0.259031 0.716488
0.261301 0.838829
0.261563 0.742130
0.262527 0.744604
0.263282 0.732409
0.263508 0.847606
0.265045 0.696595
0.267949 0.822642
0.269953 0.696679
0.269962 0.826840
0.270348 0.848839
0.271768 0.725800
0.271997 0.753609
0.272261 0.850877
0.274060 0.776150
0.274197 0.686247
0.275470 0.651609
0.281390 0.781673
0.281392 0.764269
0.281503 0.765156
0.283255 0.705592
0.284291 0.750206
0.284335 0.817851
0.285122 0.781617
0.286393 0.906533
0.287445 0.740900
0.287829 0.830389
0.288956 0.709236
0.289058 0.759351
0.289920 0.722305
0.291170 0.728170
0.292257 0.809719
0.292690 0.776419
0.292882 0.856876
0.293054 0.689915
0.295846 0.674469
0.296225 0.739825
0.297443 0.767848
0.298223 0.833474
0.299197 0.757619
0.299273 0.762474
0.302261 0.886825
0.302324 0.910805
0.303587 0.800252
0.303667 0.716607
0.304557 0.727045
0.304645 0.659270
0.306045 0.738017
0.306775 0.806974
0.308171 0.681918
0.308704 0.752266
0.309661 0.704095
0.310728 0.719600
0.312414 0.741965
0.312666 0.841901
0.315530 0.711455
0.315953 0.727828
0.316291 0.856443
0.316827 0.693959
0.317993 0.755262
0.321023 0.775821
0.321809 0.747760
0.322097 0.731158
0.322993 0.785722
0.325323 0.742713
0.325745 0.702388
0.327922 0.694170
0.328094 0.698603
0.329325 0.786092
0.330109 0.738303
0.330679 0.816449
0.331526 0.685324
0.334705 0.748024
0.334980 0.825386
0.335255 0.897215
0.336738 0.684456
0.340440 0.862431
0.341473 0.754279
0.342751 0.849703
0.343456 0.756091
0.344056 0.698873
0.344105 0.731635
0.346514 0.696921
0.346542 0.824523
0.347566 0.793731
0.348372 0.832844
0.354894 0.824626
0.355963 0.896226
0.356112 0.711004
0.360875 0.722187
0.361727 0.785402
0.364796 0.837992
0.365213 0.767505
0.365424 0.738401
0.366196 0.764703
0.366727 0.916055
0.366733 0.760254
0.366826 0.923135
0.367322 0.712526
0.369564 0.718428
0.370751 0.763655
0.370931 0.724036
0.371478 0.830796
0.372823 0.737758
0.375067 0.865869
0.375834 0.786645
0.379904 0.803171
0.380842 0.839140
0.381786 0.805131
0.382970 0.718040
0.383509 0.740354
0.385947 0.819746
0.386527 0.904005
0.386971 0.825988
0.389976 0.862803
0.391153 0.869858
0.392123 0.789701
0.392683 0.756959
0.393936 0.772621
0.396200 0.798739
0.396839 0.799267
0.398905 0.877827
0.398932 0.761346
0.405628 0.733466
0.407156 0.797601
0.407379 0.930043
0.409616 0.967704
0.412670 0.818132
0.415724 0.783965
0.417466 0.775206
0.417515 0.774541
0.417919 0.886650
0.419976 0.760244
0.420134 0.830397
0.421879 0.733385
0.421929 0.840135
0.425671 0.776969
0.428101 0.825257
0.428106 0.774138
0.429122 0.794021
0.429879 0.941338
0.430400 0.877308
0.432088 0.866540
0.435917 0.846786
0.436249 0.824230
0.437452 0.844435
0.437514 0.798362
0.441461 0.874207
0.441880 0.824449
0.442613 0.792204
0.446425 0.757759
0.447954 0.766172
0.449998 0.794102
0.450106 0.784001
0.450813 0.813540
0.451482 0.907028
0.452965 0.781579
0.453310 0.781634
0.453839 0.857548
0.454192 0.887314
0.455963 0.784352
0.456791 0.866134
0.459266 0.767423
0.460389 0.756840
0.461353 0.844153
0.463597 0.778459
0.463861 0.907982
0.464641 0.887843
0.465619 0.804007
0.467098 0.927251
0.471614 0.811684
0.473097 0.804121
0.473586 0.755560
0.473921 0.851180
0.476741 0.785577
0.477386 0.773518
0.477906 0.870935
0.479495 0.839028
0.482621 0.799679
0.484098 0.862027
0.484426 0.767051
0.488006 0.940644
0.489480 0.800620
0.489625 0.849805
0.493545 0.859123
0.495108 0.848165
0.496752 0.791825
0.500116 0.862604
0.503011 0.774677
0.503381 0.813456
0.505016 0.916599
0.505167 0.904178
0.506248 0.779760
0.507781 0.832118
0.509058 0.804736
0.509330 0.814656
0.511657 0.835599
0.512341 0.773144
0.512360 0.881434
0.513579 0.931959
0.513668 0.781589
0.516746 0.890990
0.516906 0.823428
0.518894 0.843233
0.519298 0.797847
0.519445 0.898425
0.519601 0.916300
0.521307 0.784093
0.521484 0.822598
0.524568 0.831824
0.524992 0.796714
0.526481 0.867380
0.527745 0.837231
0.534338 0.900195
0.534833 0.846110
0.536338 0.801814
0.537862 0.918806
0.538486 0.785779
0.540264 0.932378
0.542752 0.798466
0.543220 0.852487
0.544939 0.880783
0.546528 0.815160
0.546565 0.797847
0.554632 0.845553
0.559018 0.815314
0.559527 0.795605
0.561306 0.881566
0.562131 0.853211
0.564543 0.858777
0.570108 0.847644
0.571288 0.852126
0.572419 0.842926
0.575586 0.950319
0.575851 0.863320
0.576937 0.832679
0.578737 0.828686
0.580690 0.821830
0.582095 0.808276
0.583601 0.885855
0.591922 0.889877
0.593893 0.911721
0.597544 0.855698
0.604368 0.815013
0.605662 0.808008
0.607373 0.842389
0.617899 0.850197
0.618940 0.833105
0.619229 0.956247
0.619831 0.826828
0.619887 0.845223
0.621041 0.850729
0.621576 0.861664
0.622079 0.931237
0.627387 0.815387
0.628952 0.967447
0.629435 0.928893
0.632045 0.892080
0.632760 0.878815
0.634559 0.873263
0.635085 0.820946
0.638246 0.920061
0.647935 0.841312
0.652185 0.853225
0.652840 0.886055
0.654792 0.846002
0.667872 0.918339
0.668990 0.950433
0.672565 0.867893
0.685176 0.875143
0.686647 0.836187
0.687929 0.860152
0.688149 0.875668
0.691705 0.883613
0.705636 0.852265
0.711353 0.862659
0.714313 0.897479
0.715974 0.867615
0.716707 0.985461
0.733659 0.880894
0.738116 0.900947
0.741832 0.952481
0.745575 0.890875
0.745970 0.965351
0.763303 0.983514
0.768185 0.893870
0.780808 0.893134
0.786139 0.905507
0.788964 0.925514
0.794199 0.878406
0.818062 0.887500
0.825512 0.984535
0.831688 0.909766
0.869554 0.924746
0.876323 0.928221
0.889400 0.908735
0.896570 1.000000
0.905434 0.953891
0.915198 0.925022
0.917676 0.935717
0.976695 0.917858
0.996360 0.919345
1.000000 0.938505
