0.000000 0.004618
0.001900 0.040110
0.003428 0.000000
0.006463 0.030595
0.009589 0.063695
0.016932 0.027017
0.018731 0.002889
0.020881 0.064318
0.021163 0.010312
0.023268 0.012640
0.030412 0.084470
0.039271 0.021503
0.039652 0.007723
0.039781 0.020850
0.042473 0.007304
0.043623 0.085975
0.047644 0.009815
0.049636 0.035033
0.051463 0.012454
0.054204 0.052974
0.054498 0.017329
0.054900 0.024640
0.056516 0.004513
0.059669 0.033469
0.060104 0.009084
0.067118 0.006396
0.068206 0.065851
0.068817 0.018609
0.069033 0.070459
0.070132 0.039724
0.070978 0.059618
0.072824 0.047493
0.073002 0.048709
0.073280 0.009711
0.073281 0.089633
0.074188 0.005994
0.074691 0.081954
0.074961 0.012030
0.075021 0.049311
0.077404 0.007687
0.077577 0.013664
0.082089 0.027677
0.086369 0.082953
0.094278 0.043810
0.094551 0.020248
0.097220 0.008247
0.100223 0.057372
0.101156 0.032295
0.102002 0.102299
0.104876 0.059225
0.108491 0.012667
0.111727 0.025571
0.114847 0.011686
0.116273 0.021601
0.116455 0.110124
0.117342 0.014127
0.117910 0.081014
0.118619 0.034687
0.118686 0.064374
0.121379 0.018183
0.121723 0.012068
0.122814 0.011149
0.122819 0.014531
0.123892 0.028477
0.124535 0.105791
0.124538 0.088283
0.130315 0.014183
0.132668 0.106651
0.133596 0.062282
0.136317 0.042697
0.139949 0.015067
0.141648 0.104073
0.142028 0.086595
0.144680 0.110680
0.145947 0.110312
0.149531 0.035798
0.153587 0.125016
0.154506 0.041121
0.157069 0.050861
0.157089 0.041782
0.157115 0.090248
0.163505 0.047140
0.164036 0.017452
0.165159 0.038726
0.168602 0.023550
0.170635 0.068688
0.170817 0.039766
0.176085 0.104573
0.176984 0.058529
0.177383 0.025871
0.178920 0.033407
0.179094 0.125142
0.179201 0.076163
0.181656 0.055303
0.185698 0.058565
0.189939 0.061978
0.190965 0.082366
0.193417 0.051788
0.195330 0.111482
0.197412 0.044892
0.199429 0.089779
0.199503 0.115544
0.201397 0.082862
0.203394 0.114541
0.205632 0.039408
0.205762 0.082114
0.206030 0.063810
0.206255 0.031498
0.208504 0.055608
0.212020 0.071696
0.214611 0.031601
0.219816 0.074357
0.224766 0.048687
0.226082 0.074123
0.226408 0.043229
0.230112 0.039954
0.231570 0.042406
0.231800 0.117733
0.232608 0.099937
0.235750 0.093729
0.235951 0.072493
0.236160 0.064529
0.236241 0.045553
0.237057 0.035320
0.238696 0.110670
0.238905 0.055343
0.245495 0.139314
0.250290 0.037718
0.261448 0.077722
0.262482 0.150595
0.263542 0.103237
0.266375 0.055442
0.267985 0.068119
0.270053 0.039103
0.270176 0.084081
0.270870 0.114901
0.272219 0.052646
0.274131 0.050556
0.274754 0.089404
0.275436 0.050784
0.276983 0.067663
0.278003 0.093052
0.279204 0.092359
0.282215 0.041330
0.283067 0.045994
0.283900 0.155627
0.284632 0.144291
0.288576 0.063474
0.288945 0.117101
0.294050 0.084192
0.298450 0.128579
0.298625 0.050187
0.299516 0.063543
0.301432 0.117318
0.309822 0.090274
0.311965 0.124274
0.312272 0.069238
0.312618 0.072080
0.313700 0.078859
0.313937 0.189747
0.315940 0.085771
0.320016 0.076174
0.325061 0.096078
0.327440 0.091195
0.327518 0.141986
0.328958 0.094755
0.332112 0.111837
0.333762 0.123459
0.335633 0.116526
0.336558 0.173704
0.340257 0.057565
0.341065 0.143733
0.344760 0.076817
0.347164 0.104321
0.349592 0.198829
0.350091 0.093909
0.350967 0.155891
0.352952 0.059906
0.353537 0.172735
0.354761 0.072465
0.358248 0.096649
0.360399 0.129763
0.361308 0.107606
0.362486 0.079746
0.363328 0.166566
0.364094 0.089013
0.368340 0.078971
0.369818 0.118806
0.373905 0.088140
0.376350 0.121715
0.376627 0.102105
0.377940 0.100038
0.378455 0.144693
0.379112 0.145519
0.379355 0.176708
0.379862 0.158134
0.380034 0.114743
0.380246 0.091111
0.382668 0.150836
0.383693 0.077075
0.388625 0.161129
0.391149 0.122020
0.392393 0.171410
0.395230 0.170698
0.395255 0.166334
0.397379 0.115619
0.399720 0.106783
0.401082 0.097022
0.401845 0.112740
0.402331 0.178843
0.403373 0.091324
0.411575 0.123656
0.411717 0.082762
0.417135 0.197374
0.420182 0.198108
0.420595 0.190206
0.425483 0.215982
0.425601 0.156607
0.426439 0.145738
0.429509 0.199041
0.432643 0.087129
0.433167 0.098204
0.435897 0.228869
0.436228 0.257846
0.438908 0.257616
0.440967 0.165873
0.441678 0.094791
0.443059 0.176019
0.443234 0.195605
0.444499 0.245197
0.444736 0.214060
0.447519 0.155001
0.448123 0.191056
0.449755 0.173651
0.450422 0.118207
0.450522 0.137767
0.450587 0.157204
0.452291 0.160179
0.453069 0.200520
0.455292 0.142099
0.459389 0.243417
0.460611 0.185015
0.461176 0.126765
0.463637 0.187890
0.464109 0.135830
0.465193 0.167323
0.465548 0.142941
0.467458 0.104476
0.469344 0.227816
0.474447 0.280350
0.475859 0.151723
0.476886 0.256825
0.480498 0.120759
0.481201 0.170594
0.482222 0.211499
0.482835 0.241155
0.483153 0.194137
0.484325 0.255028
0.487267 0.117896
0.490173 0.142546
0.493893 0.278726
0.494457 0.191060
0.498141 0.226140
0.498847 0.260479
0.498924 0.191219
0.499390 0.150168
0.502260 0.191611
0.502576 0.225266
0.506232 0.173190
0.506689 0.193536
0.507699 0.174688
0.511505 0.136843
0.512477 0.138512
0.513235 0.154020
0.513927 0.153479
0.514787 0.153756
0.515210 0.184129
0.515269 0.185325
0.518871 0.176958
0.521643 0.209067
0.523870 0.137459
0.524726 0.282222
0.526162 0.240987
0.527671 0.160260
0.532064 0.177413
0.533311 0.168042
0.539532 0.192901
0.540609 0.289663
0.547128 0.318827
0.547356 0.264290
0.548372 0.206825
0.548920 0.223281
0.553158 0.291955
0.554431 0.199312
0.555095 0.287839
0.556244 0.182413
0.557497 0.273499
0.558691 0.206394
0.559284 0.336516
0.561866 0.209734
0.562328 0.252973
0.563082 0.286957
0.568064 0.181988
0.570663 0.253704
0.577144 0.224566
0.578986 0.257796
0.580976 0.219593
0.584186 0.177447
0.586053 0.304559
0.586586 0.333702
0.590279 0.234871
0.591414 0.313254
0.592372 0.183208
0.592746 0.204779
0.597815 0.195062
0.598509 0.255991
0.598674 0.259464
0.598852 0.259667
0.600526 0.245863
0.601090 0.251778
0.602614 0.215430
0.603609 0.258071
0.604263 0.216619
0.604590 0.327321
0.608436 0.287465
0.612122 0.197281
0.614260 0.303469
0.617880 0.225240
0.619744 0.356669
0.620852 0.227092
0.625460 0.261377
0.625971 0.268004
0.627381 0.287380
0.628988 0.300102
0.629177 0.281149
0.630989 0.276891
0.636782 0.248900
0.636788 0.328052
0.637235 0.328924
0.641834 0.310832
0.643152 0.280026
0.645080 0.385826
0.648171 0.285020
0.649607 0.400341
0.650336 0.256010
0.650340 0.321444
0.653131 0.380628
0.664338 0.437223
0.667670 0.270048
0.669947 0.398110
0.671279 0.428298
0.676078 0.415768
0.676302 0.277450
0.677663 0.372720
0.681945 0.411131
0.685908 0.275498
0.687128 0.311393
0.688392 0.415110
0.690106 0.463015
0.690555 0.417350
0.696652 0.345313
0.697982 0.286857
0.704074 0.448233
0.704797 0.330709
0.706140 0.491049
0.708142 0.453751
0.709282 0.329655
0.712657 0.494356
0.717072 0.430592
0.718051 0.347360
0.718404 0.343134
0.718855 0.334455
0.721358 0.407228
0.721747 0.338237
0.721747 0.375293
0.722557 0.502895
0.723627 0.341045
0.727770 0.440762
0.729760 0.339151
0.730896 0.512122
0.732076 0.375513
0.734712 0.363714
0.734782 0.489446
0.735408 0.530964
0.736692 0.470925
0.738416 0.505345
0.741344 0.456907
0.741783 0.521272
0.745564 0.538045
0.750077 0.364159
0.750568 0.358591
0.751019 0.386937
0.751905 0.491592
0.752601 0.557236
0.754949 0.485359
0.756248 0.514556
0.757211 0.481190
0.761929 0.546355
0.762053 0.436568
0.769325 0.541539
0.770398 0.484643
0.771117 0.545724
0.776057 0.579176
0.777117 0.497324
0.778708 0.403683
0.779372 0.407918
0.779532 0.414500
0.780477 0.570542
0.782403 0.429901
0.782411 0.463255
0.785444 0.414752
0.790056 0.605042
0.792753 0.443313
0.794846 0.540512
0.796658 0.493990
0.798534 0.505963
0.800912 0.468840
0.806362 0.524504
0.807688 0.459373
0.810964 0.491189
0.813666 0.481143
0.814525 0.593050
0.815507 0.512849
0.815786 0.502286
0.817434 0.491072
0.817620 0.481829
0.822484 0.554395
0.823640 0.497610
0.831902 0.662605
0.832196 0.618929
0.839801 0.557148
0.841919 0.644274
0.842471 0.625313
0.843044 0.637727
0.845212 0.687680
0.847897 0.693623
0.848464 0.625820
0.848908 0.686549
0.850681 0.539776
0.852210 0.596735
0.856754 0.574385
0.857217 0.664009
0.857291 0.593985
0.857515 0.699168
0.858916 0.663310
0.868408 0.619296
0.873115 0.674806
0.874172 0.639226
0.876957 0.709866
0.879111 0.673431
0.879484 0.646997
0.880480 0.705624
0.880644 0.713474
0.881256 0.719555
0.882979 0.704186
0.887541 0.675883
0.889875 0.644192
0.890530 0.766405
0.896644 0.724432
0.898935 0.727791
0.900722 0.707659
0.902887 0.754315
0.911832 0.723859
0.912121 0.806509
0.912491 0.753497
0.913979 0.763136
0.915729 0.770325
0.917855 0.808221
0.917948 0.726031
0.923716 0.804677
0.927838 0.831250
0.937469 0.790375
0.944052 0.801769
0.944576 0.787719
0.945612 0.851958
0.949917 0.890401
0.950382 0.806409
0.950624 0.856995
0.952217 0.822777
0.952221 0.870472
0.953468 0.897379
0.955964 0.852926
0.962046 0.872190
0.962704 0.880227
0.963307 0.887132
0.964272 0.874444
0.964319 0.895012
0.974591 0.907561
0.975287 0.897077
0.977921 0.916900
0.978133 0.937179
0.981545 0.941448
0.982693 0.952464
0.985449 0.956784
0.986178 0.961403
0.987263 0.941707
0.993492 0.966912
0.995418 0.979169
0.997866 0.985741
0.999668 1.000000
1.000000 0.996294
