0.000000 0.039050
0.000379 0.027002
0.002993 0.050977
0.003104 0.000000
0.003335 0.026624
0.003841 0.012304
0.005022 0.029497
0.006150 0.028104
0.006752 0.028539
0.008243 0.052255
0.008534 0.054029
0.008987 0.019083
0.009779 0.007355
0.010309 0.019213
0.012549 0.036994
0.012721 0.041677
0.013282 0.005196
0.014011 0.053131
0.015632 0.028322
0.015975 0.026795
0.016109 0.020311
0.017973 0.063942
0.018496 0.039416
0.018921 0.028721
0.019197 0.002837
0.019689 0.033804
0.021094 0.030966
0.021433 0.038909
0.022470 0.040808
0.024900 0.002558
0.024945 0.055944
0.025093 0.011559
0.027340 0.016302
0.027660 0.010453
0.029205 0.026147
0.029326 0.004601
0.029486 0.030255
0.031293 0.001625
0.032078 0.067955
0.032717 0.015877
0.032902 0.010675
0.033061 0.068204
0.033261 0.040997
0.034783 0.010571
0.040052 0.072936
0.040196 0.060615
0.040565 0.010791
0.040600 0.064597
0.042736 0.075107
0.043450 0.043205
0.043648 0.015603
0.043904 0.031763
0.043951 0.006883
0.043987 0.046197
0.046701 0.002665
0.046837 0.074027
0.046891 0.007081
0.048680 0.022096
0.049318 0.039023
0.051020 0.019290
0.051547 0.068687
0.052651 0.047107
0.054544 0.039622
0.056064 0.011105
0.056923 0.058761
0.058985 0.054050
0.059499 0.070303
0.060036 0.013780
0.060305 0.004897
0.060718 0.032409
0.061004 0.024074
0.061126 0.018234
0.061567 0.005962
0.063173 0.006104
0.065602 0.006959
0.067377 0.025174
0.067539 0.009020
0.070210 0.019512
0.072610 0.004557
0.072656 0.008926
0.073568 0.018778
0.073625 0.053421
0.074271 0.041972
0.076522 0.008646
0.077261 0.051018
0.077913 0.010139
0.079218 0.033034
0.080522 0.028215
0.081214 0.015590
0.082597 0.023997
0.084191 0.016059
0.084800 0.014327
0.084928 0.008268
0.089977 0.018977
0.091728 0.009639
0.093027 0.015223
0.093166 0.085264
0.093997 0.080465
0.094209 0.065198
0.095369 0.077473
0.096249 0.045883
0.098346 0.071365
0.099540 0.063680
0.101059 0.010278
0.102149 0.067149
0.102296 0.067471
0.104795 0.009230
0.107061 0.015530
0.107085 0.070145
0.107085 0.028615
0.107585 0.044521
0.107813 0.014069
0.108947 0.054913
0.110650 0.066531
0.111141 0.010322
0.111991 0.076142
0.112801 0.011959
0.117682 0.028147
0.117771 0.046848
0.118078 0.085538
0.119219 0.065081
0.119497 0.055856
0.123930 0.025648
0.124073 0.049631
0.125473 0.036252
0.125893 0.063195
0.126901 0.017396
0.127656 0.012692
0.127711 0.019433
0.133337 0.019669
0.138162 0.096005
0.139089 0.046931
0.140183 0.042306
0.142006 0.014945
0.142047 0.072013
0.142292 0.051391
0.142394 0.051002
0.143408 0.067520
0.143572 0.033985
0.143887 0.050810
0.145004 0.041091
0.145855 0.086399
0.146904 0.018400
0.147037 0.017528
0.147873 0.020797
0.149928 0.032669
0.150141 0.034725
0.153832 0.014415
0.155116 0.021111
0.155201 0.019062
0.157695 0.048430
0.157878 0.025958
0.157936 0.050334
0.158194 0.075286
0.160028 0.062853
0.161038 0.016332
0.161605 0.041803
0.162739 0.085206
0.163096 0.079948
0.165697 0.033747
0.165762 0.029881
0.166144 0.092223
0.167461 0.021533
0.168811 0.044763
0.170137 0.019175
0.170874 0.013750
0.171239 0.070239
0.171497 0.021818
0.172315 0.020285
0.172355 0.028699
0.172531 0.029153
0.173357 0.070170
0.173414 0.035271
0.173699 0.034441
0.176507 0.029277
0.177508 0.014513
0.178251 0.053934
0.178586 0.030499
0.179903 0.035183
0.181490 0.040322
0.182055 0.054096
0.183226 0.078929
0.184357 0.100729
0.186112 0.017355
0.186656 0.036500
0.187090 0.053905
0.187446 0.015823
0.188006 0.109040
0.189614 0.062814
0.192805 0.024660
0.192966 0.109188
0.193400 0.029435
0.195508 0.074775
0.196246 0.046181
0.197843 0.076482
0.198043 0.029271
0.202232 0.066622
0.202583 0.096217
0.203387 0.115336
0.204182 0.026715
0.206837 0.096249
0.207653 0.034795
0.208965 0.059639
0.210239 0.050584
0.210599 0.101533
0.212516 0.045752
0.212932 0.061970
0.213251 0.065644
0.213419 0.046255
0.215125 0.117575
0.215382 0.021332
0.216441 0.028672
0.217260 0.028823
0.217988 0.020898
0.218303 0.032298
0.219455 0.079035
0.219795 0.097722
0.221527 0.051601
0.224188 0.025036
0.225191 0.106829
0.226199 0.051541
0.227614 0.101560
0.228210 0.051077
0.228237 0.090219
0.228521 0.071219
0.228663 0.108534
0.229957 0.085519
0.230132 0.032345
0.231094 0.066482
0.231132 0.044505
0.231629 0.026795
0.232016 0.027764
0.232396 0.023298
0.234087 0.021801
0.234403 0.102087
0.235487 0.039276
0.237586 0.059738
0.237730 0.031913
0.239565 0.054420
0.239647 0.081115
0.240284 0.102848
0.241958 0.106488
0.242586 0.071720
0.242709 0.023990
0.244142 0.079217
0.248128 0.089144
0.249695 0.056482
0.249991 0.045050
0.251589 0.124413
0.252537 0.081969
0.252947 0.134649
0.254566 0.054017
0.255871 0.139613
0.255936 0.065724
0.256111 0.027444
0.256457 0.039243
0.256609 0.028407
0.257231 0.053370
0.257704 0.104566
0.259023 0.114777
0.260201 0.118824
0.263479 0.114102
0.264914 0.061060
0.265822 0.043066
0.267176 0.044653
0.267274 0.057668
0.269210 0.086256
0.269257 0.079292
0.270943 0.105144
0.271303 0.063422
0.273689 0.048250
0.274174 0.133423
0.274236 0.134423
0.274975 0.077166
0.276024 0.063274
0.276238 0.055124
0.276836 0.031019
0.277818 0.033440
0.277976 0.047051
0.278624 0.118015
0.279293 0.094911
0.281002 0.048963
0.281114 0.071017
0.281355 0.105603
0.282009 0.033419
0.282916 0.085316
0.284206 0.115575
0.284609 0.050919
0.284858 0.094010
0.285141 0.098104
0.285378 0.082289
0.285507 0.091626
0.285915 0.066256
0.286867 0.078179
0.291015 0.078216
0.291834 0.066669
0.293187 0.135808
0.293441 0.112251
0.294090 0.056659
0.294436 0.152797
0.295598 0.133895
0.295789 0.101300
0.296452 0.067743
0.296955 0.063031
0.297620 0.051687
0.299345 0.075823
0.300400 0.128113
0.300425 0.104215
0.301623 0.145767
0.302032 0.100196
0.303682 0.038048
0.304127 0.142593
0.306162 0.081270
0.307556 0.124035
0.307599 0.044763
0.308147 0.072978
0.308792 0.118195
0.311313 0.133123
0.311656 0.114831
0.312537 0.136849
0.313769 0.162459
0.314089 0.114334
0.318403 0.070608
0.318425 0.052659
0.322567 0.136398
0.326631 0.145353
0.327005 0.050150
0.327420 0.127400
0.329175 0.093793
0.331056 0.126024
0.331842 0.170803
0.333509 0.097040
0.333815 0.115814
0.334558 0.048711
0.335081 0.075362
0.335297 0.091265
0.335714 0.070462
0.336847 0.165540
0.337040 0.053186
0.337792 0.153474
0.341781 0.043016
0.341790 0.103332
0.343964 0.148606
0.347150 0.142627
0.347180 0.167705
0.347705 0.162034
0.348286 0.050289
0.352129 0.071293
0.353405 0.071537
0.353506 0.062026
0.353914 0.083593
0.354422 0.136099
0.354448 0.069047
0.354698 0.154417
0.357027 0.089408
0.357997 0.049337
0.358876 0.053651
0.358926 0.100762
0.360453 0.064630
0.360583 0.148231
0.360678 0.169935
0.363142 0.048484
0.363239 0.066558
0.363266 0.139499
0.363851 0.094869
0.363983 0.104708
0.368314 0.059691
0.370400 0.052873
0.372101 0.080046
0.372833 0.078758
0.373672 0.185204
0.376714 0.087213
0.377706 0.065708
0.377769 0.108451
0.377787 0.080905
0.378653 0.191225
0.378800 0.074638
0.380599 0.188707
0.380627 0.068255
0.380916 0.073718
0.381422 0.085243
0.381784 0.166020
0.384422 0.172542
0.384721 0.078053
0.385249 0.073423
0.386324 0.055677
0.387016 0.119467
0.387077 0.185486
0.388968 0.074950
0.389250 0.130094
0.389677 0.090849
0.390434 0.114756
0.392513 0.126230
0.394114 0.123671
0.395229 0.091928
0.395590 0.164414
0.396675 0.177314
0.397092 0.174798
0.397172 0.086136
0.397393 0.097360
0.397632 0.167360
0.397803 0.091766
0.398016 0.095903
0.398484 0.064892
0.399534 0.167760
0.401519 0.118713
0.402905 0.097851
0.403691 0.191120
0.406945 0.207443
0.408799 0.101983
0.409396 0.083748
0.412532 0.111770
0.413990 0.168294
0.414316 0.161136
0.416219 0.066617
0.416586 0.138516
0.418096 0.076576
0.422330 0.129324
0.423081 0.106164
0.424907 0.210316
0.425008 0.186137
0.427410 0.114071
0.428121 0.180748
0.428146 0.189035
0.428496 0.081346
0.429501 0.192079
0.429901 0.213367
0.429995 0.122486
0.432216 0.088975
0.433004 0.152884
0.434870 0.182572
0.435746 0.169702
0.435873 0.174163
0.436889 0.196265
0.437736 0.098257
0.438374 0.075045
0.438446 0.144171
0.439292 0.101486
0.439316 0.115688
0.440171 0.088608
0.440565 0.094212
0.440959 0.168284
0.442069 0.126638
0.443417 0.086875
0.445351 0.085176
0.448176 0.160257
0.448729 0.178445
0.448800 0.104774
0.449085 0.220356
0.449178 0.161270
0.449452 0.229662
0.450352 0.126343
0.452996 0.205332
0.453969 0.081873
0.454128 0.212222
0.454268 0.141376
0.454430 0.146749
0.455645 0.155334
0.457012 0.123811
0.457689 0.167678
0.457960 0.110174
0.458237 0.174880
0.460302 0.216769
0.460934 0.112872
0.463664 0.106456
0.464162 0.100696
0.465857 0.092651
0.466905 0.218301
0.467024 0.162541
0.468159 0.200371
0.469378 0.103483
0.471847 0.216401
0.471944 0.098740
0.477329 0.166165
0.480189 0.127263
0.480557 0.104685
0.484585 0.125999
0.485166 0.208363
0.485379 0.119438
0.485768 0.128810
0.487503 0.180024
0.487703 0.125865
0.488253 0.106778
0.488794 0.111994
0.489132 0.187280
0.490689 0.121552
0.491586 0.113974
0.492335 0.199081
0.492533 0.097893
0.492695 0.099667
0.493076 0.150665
0.493638 0.193043
0.493910 0.119970
0.494319 0.140722
0.495862 0.106714
0.497010 0.134970
0.497936 0.239808
0.499949 0.148725
0.501786 0.109630
0.501853 0.169307
0.502241 0.226117
0.504031 0.201178
0.506399 0.219135
0.507717 0.188318
0.507777 0.139952
0.508154 0.243414
0.509094 0.248183
0.509723 0.118981
0.510006 0.189604
0.513126 0.176851
0.514231 0.112134
0.514608 0.117096
0.514652 0.232541
0.514997 0.144649
0.516130 0.142884
0.516951 0.116118
0.518155 0.148673
0.519237 0.268588
0.519509 0.113015
0.519937 0.117795
0.520304 0.194528
0.520789 0.137634
0.522091 0.132053
0.522320 0.264843
0.524352 0.112875
0.525819 0.226333
0.526405 0.216329
0.526427 0.150690
0.527858 0.254877
0.529160 0.249536
0.529569 0.132340
0.530186 0.153411
0.530918 0.186947
0.532262 0.263469
0.532776 0.168066
0.532831 0.132054
0.533687 0.259615
0.538037 0.208898
0.538647 0.208281
0.541976 0.249569
0.542824 0.278976
0.543887 0.284885
0.545254 0.227036
0.546259 0.171936
0.546406 0.215684
0.546905 0.126830
0.547012 0.213125
0.548873 0.146169
0.548989 0.158158
0.553055 0.209576
0.553731 0.209865
0.554654 0.217001
0.555588 0.166219
0.556487 0.305528
0.556571 0.146481
0.558281 0.284257
0.559035 0.149955
0.559339 0.253565
0.559973 0.310051
0.560531 0.189122
0.562610 0.300676
0.562700 0.236240
0.564002 0.166676
0.564413 0.282565
0.564716 0.183140
0.565548 0.203113
0.565916 0.298484
0.568921 0.278413
0.569149 0.151053
0.569163 0.301435
0.571132 0.262788
0.572800 0.275656
0.573286 0.149021
0.575780 0.146442
0.576941 0.292978
0.580829 0.159555
0.583452 0.319848
0.586123 0.179411
0.587764 0.221169
0.588880 0.173170
0.588904 0.245611
0.589327 0.205307
0.589834 0.226092
0.589885 0.161773
0.590410 0.194814
0.593363 0.183753
0.593651 0.309967
0.595702 0.279495
0.595826 0.207107
0.596353 0.287122
0.596996 0.190896
0.600344 0.244684
0.600414 0.195357
0.603970 0.303418
0.604919 0.343444
0.606588 0.257478
0.606997 0.256679
0.607473 0.215318
0.607510 0.297039
0.607961 0.352188
0.608272 0.189462
0.608840 0.255040
0.609019 0.197293
0.610888 0.264684
0.612833 0.298997
0.613967 0.341223
0.615320 0.185816
0.616741 0.349104
0.616836 0.234663
0.616875 0.295024
0.617524 0.197017
0.618913 0.364847
0.619915 0.310017
0.622532 0.339835
0.625834 0.278875
0.626591 0.186153
0.626953 0.338696
0.627034 0.186718
0.630793 0.259706
0.631211 0.238962
0.631246 0.364075
0.631376 0.201759
0.632021 0.356837
0.632696 0.229752
0.634561 0.341353
0.634567 0.203717
0.635066 0.316865
0.635623 0.302077
0.637344 0.249639
0.639291 0.275315
0.639743 0.209694
0.639993 0.359624
0.640721 0.216288
0.643299 0.312078
0.643599 0.279435
0.646164 0.263626
0.646732 0.205200
0.647089 0.246274
0.647796 0.335262
0.648394 0.376480
0.649765 0.370301
0.650741 0.311418
0.651454 0.353879
0.651794 0.302380
0.652561 0.263697
0.653286 0.273953
0.653742 0.353345
0.654259 0.398638
0.654454 0.361223
0.654725 0.353573
0.655641 0.348931
0.656615 0.349943
0.657561 0.309791
0.659057 0.229254
0.659071 0.342902
0.660739 0.377743
0.660819 0.218814
0.660901 0.366491
0.662743 0.289216
0.663617 0.326944
0.665583 0.306087
0.665782 0.267144
0.668522 0.256079
0.670643 0.331797
0.670892 0.334694
0.670922 0.236258
0.671973 0.269020
0.672933 0.263161
0.672959 0.313523
0.672996 0.233270
0.677002 0.236903
0.678716 0.287713
0.679408 0.248676
0.679920 0.254169
0.680633 0.361278
0.680988 0.252961
0.682331 0.251842
0.682728 0.316637
0.683641 0.307715
0.685286 0.337384
0.685328 0.336486
0.686768 0.258883
0.687222 0.357766
0.687315 0.247586
0.689454 0.373754
0.690109 0.351246
0.691598 0.315515
0.692817 0.305490
0.692864 0.335931
0.693505 0.424653
0.694732 0.269670
0.695731 0.380198
0.695769 0.400864
0.696259 0.396127
0.696324 0.289295
0.696338 0.423208
0.697685 0.278682
0.698697 0.400665
0.699289 0.296409
0.699644 0.445259
0.700287 0.307365
0.700653 0.319538
0.702567 0.358400
0.705440 0.439988
0.705641 0.352725
0.706542 0.449077
0.706798 0.293275
0.707192 0.449631
0.707967 0.301131
0.708413 0.303650
0.708540 0.325651
0.708806 0.348388
0.708966 0.383146
0.709284 0.294444
0.711046 0.336586
0.712837 0.397493
0.716380 0.457216
0.717391 0.382744
0.718685 0.381175
0.720684 0.335233
0.720949 0.394943
0.721898 0.375655
0.723421 0.390730
0.724484 0.332764
0.726951 0.448156
0.727192 0.301202
0.728239 0.419933
0.728658 0.396106
0.729419 0.429095
0.731061 0.379021
0.732073 0.348653
0.733028 0.332282
0.733042 0.468257
0.734022 0.382328
0.734198 0.401664
0.734842 0.375918
0.735079 0.401667
0.735237 0.344472
0.735307 0.311333
0.736246 0.335065
0.737528 0.380127
0.741547 0.403098
0.741805 0.432083
0.742753 0.458918
0.743220 0.492177
0.747682 0.505124
0.748875 0.383436
0.749048 0.389831
0.750296 0.347015
0.750560 0.360773
0.751312 0.469595
0.752062 0.396709
0.754834 0.509009
0.756104 0.361355
0.756628 0.361407
0.757110 0.510051
0.757763 0.491971
0.757832 0.379113
0.758228 0.492454
0.758239 0.486777
0.759236 0.457048
0.760709 0.377993
0.761430 0.414802
0.763578 0.390156
0.767589 0.419511
0.770587 0.527784
0.771548 0.437246
0.771942 0.412429
0.772674 0.425370
0.776610 0.438003
0.777788 0.425281
0.778302 0.397004
0.778358 0.394748
0.778495 0.396981
0.780201 0.415666
0.782589 0.387541
0.782923 0.459284
0.783841 0.523581
0.784037 0.465494
0.784347 0.426292
0.784819 0.506217
0.785175 0.496887
0.785953 0.431635
0.786243 0.448450
0.788798 0.550405
0.789248 0.464743
0.789609 0.565873
0.790338 0.471834
0.793173 0.526961
0.793362 0.509948
0.793505 0.560139
0.793729 0.458453
0.795257 0.436590
0.796329 0.433947
0.796780 0.427819
0.796863 0.442156
0.797021 0.454206
0.797292 0.509383
0.799595 0.473783
0.799957 0.505998
0.802309 0.550098
0.802531 0.436077
0.803579 0.489635
0.803795 0.578551
0.804492 0.474445
0.804781 0.496294
0.806709 0.485084
0.807096 0.534518
0.807744 0.434124
0.809449 0.500769
0.809527 0.580759
0.809542 0.490730
0.809901 0.463975
0.810148 0.576537
0.811531 0.575498
0.812733 0.527585
0.812909 0.527293
0.813373 0.592045
0.813708 0.449829
0.813991 0.463243
0.814357 0.496478
0.815098 0.574047
0.815787 0.463116
0.816260 0.522610
0.817145 0.549040
0.817507 0.500440
0.818991 0.501054
0.821271 0.465830
0.821648 0.489163
0.823723 0.469064
0.825256 0.511334
0.826852 0.495192
0.827291 0.535549
0.827794 0.577120
0.827862 0.586078
0.830327 0.594433
0.830438 0.560883
0.832699 0.611153
0.834315 0.572376
0.837856 0.636143
0.838008 0.630205
0.838272 0.597089
0.839014 0.506343
0.839933 0.537503
0.840385 0.521846
0.840426 0.511087
0.840578 0.585991
0.841408 0.529457
0.842124 0.564844
0.842284 0.615354
0.842709 0.576084
0.843443 0.548892
0.843519 0.572062
0.843998 0.598008
0.844177 0.573195
0.844280 0.573700
0.844412 0.638841
0.845068 0.589348
0.845746 0.530696
0.845855 0.624333
0.847026 0.632524
0.847199 0.539627
0.847346 0.571327
0.848150 0.640412
0.849041 0.623634
0.849910 0.578681
0.850634 0.558563
0.851199 0.595712
0.851945 0.630503
0.852901 0.562843
0.853164 0.642373
0.854476 0.582103
0.858080 0.579302
0.858908 0.556471
0.859289 0.611063
0.860150 0.662219
0.861530 0.568837
0.862356 0.646517
0.863350 0.601541
0.863615 0.579424
0.866218 0.660387
0.866729 0.623070
0.866799 0.586741
0.867451 0.626014
0.867838 0.617810
0.867877 0.579144
0.868129 0.621631
0.868472 0.641178
0.869678 0.665138
0.869751 0.645920
0.869814 0.599634
0.871678 0.659132
0.872361 0.633939
0.872398 0.647280
0.873937 0.629913
0.874095 0.683038
0.875103 0.646169
0.875271 0.628069
0.877017 0.668301
0.877573 0.636944
0.877717 0.607558
0.878809 0.689073
0.883767 0.712058
0.885480 0.702197
0.887886 0.659409
0.888101 0.662152
0.889415 0.714737
0.889752 0.681911
0.891082 0.694041
0.891559 0.699132
0.892642 0.658236
0.892859 0.692683
0.893227 0.655075
0.893976 0.662923
0.894268 0.707356
0.894799 0.707729
0.896116 0.683451
0.896633 0.672636
0.896920 0.701580
0.899123 0.737411
0.899159 0.685950
0.900863 0.729018
0.901291 0.728359
0.902029 0.678705
0.902409 0.676344
0.902670 0.692289
0.903773 0.721598
0.903853 0.746792
0.903978 0.693383
0.904193 0.755082
0.904402 0.730411
0.905422 0.710582
0.905872 0.757010
0.906416 0.686070
0.911194 0.740280
0.911571 0.727087
0.917562 0.762688
0.918525 0.749061
0.921343 0.746107
0.922910 0.792867
0.923496 0.781786
0.930766 0.789550
0.930822 0.777720
0.931409 0.776846
0.932417 0.803471
0.932911 0.794120
0.933472 0.797803
0.933576 0.784860
0.935055 0.808019
0.935165 0.805152
0.936210 0.821571
0.936549 0.800008
0.939065 0.792950
0.941195 0.819108
0.941437 0.813265
0.941758 0.806630
0.942241 0.813249
0.942338 0.816151
0.943257 0.829110
0.944079 0.812600
0.945091 0.813296
0.945904 0.834675
0.946493 0.842807
0.947519 0.827569
0.950384 0.848150
0.950396 0.836019
0.954292 0.855837
0.955743 0.856408
0.956198 0.859201
0.959141 0.871021
0.959273 0.866455
0.959922 0.868540
0.962599 0.878864
0.963770 0.881466
0.963838 0.881598
0.966198 0.890276
0.969024 0.902652
0.969026 0.901492
0.969754 0.904422
0.970661 0.903278
0.974011 0.923283
0.975576 0.924450
0.979401 0.928864
0.979520 0.940614
0.979970 0.940375
0.981355 0.951654
0.981373 0.924298
0.981728 0.931538
0.982880 0.928215
0.982972 0.928722
0.984463 0.929795
0.985735 0.956305
0.987418 0.981811
0.988137 0.975592
0.988500 0.950017
0.989579 0.946447
0.989644 0.958729
0.990194 0.977384
0.992032 0.953499
0.992378 0.962504
0.992499 0.995507
0.992544 0.949445
0.992795 1.000000
0.993018 0.958340
0.993348 0.997711
0.995043 0.966848
0.996170 0.977081
0.998671 0.970398
1.000000 0.979367
