0.000000 0.960982
0.000278 0.904696
0.008305 0.717007
0.012128 0.960670
0.012376 0.998115
0.017085 0.893999
0.017954 0.696952
0.020572 0.381152
0.023994 1.000000
0.024879 0.558929
0.039317 0.142950
0.057239 0.984551
0.061002 0.767424
0.061775 0.752281
0.063468 0.823752
0.080171 0.338773
0.080777 0.457956
0.081301 0.823306
0.083039 0.736186
0.104963 0.695359
0.108575 0.902918
0.115399 0.914493
0.125780 0.568683
0.135966 0.355362
0.136857 0.908518
0.145202 0.790530
0.156786 0.790414
0.157188 0.708767
0.163986 0.599631
0.191877 0.275739
0.217383 0.626221
0.224427 0.100315
0.226350 0.365492
0.228727 0.130280
0.237026 0.836537
0.240177 0.528893
0.245030 0.397970
0.254771 0.666514
0.262175 0.872893
0.262768 0.863910
0.263624 0.209322
0.264386 0.580898
0.264732 0.886333
0.266802 0.787478
0.272085 0.628526
0.274554 0.785829
0.277549 0.517541
0.289790 0.759119
0.295534 0.518623
0.304533 0.485388
0.330221 0.050703
0.347338 0.768524
0.349060 0.797542
0.354080 0.840294
0.357809 0.732249
0.362947 0.154864
0.363887 0.579480
0.365389 0.219127
0.386529 0.628211
0.390915 0.458049
0.408946 0.648107
0.412633 0.794004
0.414329 0.190343
0.431175 0.764551
0.449271 0.776827
0.469987 0.652465
0.475542 0.277031
0.479311 0.191437
0.505197 0.536394
0.508098 0.691963
0.512456 0.619210
0.524980 0.658954
0.526128 0.489251
0.529576 0.373833
0.531647 0.582155
0.533970 0.694079
0.561549 0.663516
0.563914 0.324542
0.565643 0.673331
0.571616 0.569843
0.583780 0.191803
0.591033 0.582842
0.601401 0.614230
0.608027 0.464467
0.616335 0.643094
0.638917 0.624301
0.639952 0.187910
0.642910 0.442630
0.644136 0.190178
0.650534 0.124939
0.662418 0.059158
0.672820 0.540834
0.676558 0.413697
0.681060 0.503400
0.693606 0.107031
0.695289 0.009501
0.696403 0.102874
0.710408 0.230512
0.719133 0.519836
0.720040 0.311314
0.727075 0.320792
0.733329 0.257709
0.735830 0.273590
0.737972 0.009988
0.738011 0.225839
0.742129 0.416853
0.750143 0.359921
0.763894 0.046312
0.789173 0.195772
0.790478 0.449931
0.790532 0.410081
0.793942 0.384866
0.800415 0.087829
0.804288 0.161739
0.817455 0.012799
0.834092 0.036560
0.843463 0.093431
0.846979 0.197255
0.855729 0.080660
0.890143 0.280382
0.920434 0.235223
0.923358 0.203963
0.933350 0.238412
0.933700 0.029243
0.941263 0.157215
0.942163 0.212266
0.950555 0.111686
0.959253 0.144189
0.961380 0.130995
0.970408 0.000000
0.973877 0.126468
0.979341 0.131167
1.000000 0.072961
