0.000000 0.932345
0.003390 0.868325
0.022142 0.775817
0.025823 0.873558
0.027024 0.844863
0.027306 0.962061
0.029430 0.865009
0.032101 0.922903
0.033900 0.915938
0.034909 0.787772
0.038618 0.779888
0.041346 0.932689
0.049404 0.800871
0.061168 0.792465
0.070252 0.745077
0.071613 0.750945
0.082709 0.873678
0.085505 0.879982
0.087729 1.000000
0.098308 0.777126
0.100354 0.837383
0.102724 0.822051
0.104200 0.775530
0.107865 0.839787
0.108387 0.724184
0.109168 0.704908
0.115963 0.710489
0.117851 0.918434
0.123901 0.737103
0.133512 0.826910
0.147540 0.692102
0.158265 0.712591
0.160357 0.755931
0.161406 0.853571
0.172505 0.832268
0.175524 0.742298
0.177033 0.866331
0.178325 0.794975
0.178613 0.777458
0.179511 0.664481
0.180307 0.794974
0.181833 0.738569
0.187761 0.744391
0.189107 0.733387
0.193023 0.807175
0.200356 0.734019
0.200605 0.762659
0.201045 0.815360
0.203148 0.833012
0.205668 0.724261
0.207790 0.787186
0.208418 0.671139
0.208870 0.734827
0.213175 0.657201
0.215082 0.659234
0.222411 0.823529
0.226922 0.762319
0.232455 0.683834
0.238942 0.755797
0.240552 0.739249
0.242669 0.706471
0.250471 0.630510
0.258281 0.651862
0.258761 0.657254
0.264883 0.834930
0.267527 0.771500
0.272731 0.597920
0.276281 0.652289
0.284590 0.694665
0.285194 0.651480
0.291825 0.851343
0.294272 0.687023
0.295574 0.737525
0.296915 0.603179
0.297120 0.758119
0.301501 0.624607
0.306293 0.612645
0.309817 0.771079
0.310333 0.593567
0.318569 0.621606
0.320635 0.590811
0.323776 0.596978
0.326842 0.757812
0.327046 0.645091
0.328247 0.680192
0.328558 0.677916
0.332556 0.644566
0.335134 0.660729
0.336290 0.674973
0.338952 0.675883
0.340906 0.627458
0.348401 0.694378
0.352603 0.571629
0.356259 0.564986
0.357282 0.569029
0.357535 0.636530
0.359244 0.609300
0.359677 0.607308
0.360340 0.602502
0.363257 0.575999
0.367310 0.568426
0.368198 0.544204
0.373100 0.531264
0.373933 0.536752
0.376138 0.614748
0.377981 0.577751
0.381048 0.600733
0.385245 0.528476
0.388010 0.698038
0.389622 0.530965
0.392024 0.602546
0.392277 0.535284
0.395216 0.538307
0.397546 0.556299
0.399044 0.499687
0.401503 0.596090
0.413677 0.496548
0.419446 0.583425
0.421776 0.568775
0.423799 0.540116
0.424152 0.512853
0.428585 0.477259
0.432655 0.708668
0.434470 0.583211
0.440186 0.515456
0.442601 0.469922
0.448908 0.560984
0.457698 0.519241
0.463498 0.518692
0.475675 0.464811
0.481122 0.468068
0.482238 0.476649
0.484047 0.492250
0.487561 0.574629
0.500677 0.494575
0.507424 0.463680
0.508091 0.575639
0.512804 0.422196
0.514441 0.454433
0.517510 0.423985
0.518262 0.440220
0.526029 0.459446
0.531398 0.587144
0.535070 0.415432
0.535827 0.445872
0.560766 0.401369
0.562272 0.423419
0.565711 0.438018
0.574473 0.509495
0.574896 0.383815
0.575982 0.539167
0.581150 0.545294
0.599399 0.404520
0.600106 0.381986
0.607321 0.367256
0.608464 0.422961
0.611259 0.528867
0.612321 0.423921
0.615651 0.520999
0.624997 0.365064
0.630804 0.379556
0.632008 0.340079
0.637612 0.377292
0.642270 0.371863
0.644089 0.399616
0.654801 0.350837
0.656587 0.305490
0.656769 0.343373
0.657436 0.434914
0.667414 0.431147
0.667817 0.394942
0.671560 0.332820
0.679300 0.461914
0.684947 0.324945
0.695021 0.304101
0.696835 0.448265
0.697806 0.405217
0.709541 0.404647
0.712000 0.366940
0.723395 0.277457
0.726746 0.315212
0.735813 0.329379
0.736508 0.247634
0.738180 0.314547
0.748667 0.364085
0.752733 0.307554
0.755470 0.251946
0.760314 0.307762
0.765873 0.224843
0.773661 0.183023
0.783345 0.216496
0.785503 0.335270
0.786883 0.266234
0.792159 0.199678
0.794256 0.279637
0.794875 0.283113
0.796224 0.206436
0.797933 0.311617
0.801722 0.239265
0.801920 0.301614
0.821552 0.175813
0.822451 0.311077
0.827660 0.262955
0.836910 0.270317
0.837283 0.245743
0.849607 0.254635
0.867993 0.165100
0.868654 0.193349
0.871110 0.200694
0.873007 0.185197
0.879656 0.181721
0.884715 0.095623
0.893407 0.163517
0.905919 0.141244
0.913077 0.111729
0.926168 0.065350
0.929591 0.179489
0.932192 0.134339
0.936764 0.237437
0.942080 0.082518
0.942342 0.123247
0.945383 0.138445
0.955699 0.138676
0.959496 0.042159
0.960080 0.016128
0.974934 0.000000
0.978098 0.171339
0.978541 0.000993
0.983587 0.064861
0.985013 0.045337
0.985523 0.068054
0.995227 0.042487
0.997656 0.052976
0.999873 0.021117
1.000000 0.030642
