0.000000 0.826304
0.000445 0.530321
0.000665 0.392713
0.000878 0.464383
0.005397 0.606316
0.007152 0.534256
0.007341 0.596918
0.009604 0.467420
0.011547 0.592529
0.014110 0.563764
0.017679 0.543868
0.018489 0.439378
0.019970 0.644545
0.020667 0.566491
0.020811 0.812429
0.021664 0.557160
0.023291 0.614907
0.024452 0.344836
0.025076 0.501826
0.025847 0.685954
0.026292 0.554430
0.027565 0.563633
0.027617 0.723454
0.030008 0.409921
0.030298 0.730685
0.031147 0.514404
0.031262 0.396674
0.032780 0.679562
0.032822 0.597762
0.033022 0.440470
0.035103 0.434036
0.035360 0.579343
0.037292 0.489914
0.039635 0.553968
0.039914 0.650501
0.041515 0.513041
0.042818 0.506636
0.042923 0.806019
0.043516 0.614480
0.043790 0.392710
0.045186 0.441026
0.051621 0.353782
0.051908 0.500412
0.053565 0.504923
0.054088 0.365665
0.054673 0.583763
0.056518 0.387777
0.058230 0.480214
0.058698 0.380066
0.058962 0.469646
0.059809 0.702477
0.061608 0.466321
0.062196 0.464969
0.062241 0.496900
0.063306 0.518286
0.065307 0.431846
0.066789 0.530086
0.068414 0.514229
0.068879 0.432374
0.070302 0.341684
0.071107 0.577172
0.071178 0.616746
0.071712 0.450820
0.071856 0.468156
0.075239 0.709932
0.076819 0.792747
0.079629 0.390794
0.083495 0.518344
0.084397 0.699446
0.085226 0.650767
0.085494 0.364091
0.085596 0.630606
0.085740 0.322956
0.086539 0.419546
0.086881 0.712760
0.089425 0.488835
0.093658 0.627664
0.095879 0.567386
0.096682 0.447007
0.097533 0.605668
0.098110 0.559460
0.098302 0.472207
0.099913 0.510108
0.100634 0.541078
0.101432 0.719277
0.101736 0.534863
0.102017 0.447825
0.102887 0.388678
0.105073 0.911017
0.106129 0.749003
0.106302 0.901734
0.107189 0.446090
0.107869 0.565116
0.108787 0.320568
0.116000 0.617978
0.116936 0.475021
0.118358 0.545190
0.118472 0.415824
0.118548 0.594287
0.119244 0.653108
0.121098 0.570334
0.121601 1.000000
0.123041 0.513215
0.123522 0.808503
0.123698 0.558972
0.126315 0.567965
0.127053 0.950598
0.128410 0.379438
0.128788 0.559508
0.131093 0.523248
0.131967 0.612855
0.132426 0.420522
0.133382 0.392890
0.134072 0.474331
0.135686 0.523156
0.135791 0.656139
0.137558 0.507403
0.138583 0.503081
0.138665 0.552139
0.138713 0.517117
0.140000 0.463106
0.141624 0.553353
0.142957 0.486221
0.145352 0.460500
0.145999 0.604026
0.146558 0.753418
0.151161 0.508986
0.151469 0.372894
0.152041 0.599799
0.152105 0.541641
0.154848 0.620184
0.155944 0.452471
0.156253 0.520813
0.156708 0.592186
0.158652 0.831082
0.159359 0.737763
0.159425 0.541050
0.159559 0.565068
0.161866 0.369225
0.162295 0.467133
0.163273 0.647494
0.166642 0.332141
0.166764 0.531603
0.169798 0.576983
0.170364 0.415615
0.171293 0.461764
0.171915 0.336501
0.173992 0.368171
0.177941 0.452212
0.179037 0.441318
0.179689 0.498121
0.181139 0.577268
0.182784 0.757541
0.182898 0.435231
0.184408 0.549386
0.184549 0.384395
0.187937 0.439637
0.189338 0.621876
0.190933 0.359982
0.191926 0.619399
0.193515 0.479240
0.193813 0.345476
0.193837 0.553979
0.194419 0.518047
0.194939 0.333658
0.195504 0.399030
0.195662 0.566030
0.197348 0.599187
0.199925 0.567808
0.200780 0.400149
0.202537 0.474953
0.202825 0.323314
0.207049 0.450475
0.207834 0.383159
0.210602 0.556743
0.211476 0.275099
0.213419 0.489067
0.218399 0.772692
0.219102 0.276895
0.219673 0.509241
0.220178 0.521736
0.222216 0.508087
0.225764 0.401765
0.226191 0.594619
0.227927 0.591623
0.228703 0.520288
0.229393 0.402124
0.233819 0.631923
0.234185 0.568896
0.234346 0.552882
0.235300 0.477387
0.235435 0.366236
0.235852 0.651404
0.236372 0.409134
0.237244 0.586801
0.238402 0.359982
0.239595 0.559799
0.239904 0.599218
0.240967 0.389130
0.241719 0.881345
0.242396 0.252404
0.244428 0.460884
0.246141 0.434573
0.246657 0.466565
0.246837 0.393342
0.247470 0.763791
0.253347 0.414666
0.256231 0.287053
0.257142 0.627853
0.258868 0.398086
0.260945 0.443644
0.263408 0.383568
0.264588 0.461139
0.267096 0.549474
0.267669 0.419993
0.267907 0.259991
0.269222 0.281997
0.269863 0.532992
0.270136 0.529623
0.270752 0.416037
0.270938 0.358204
0.275085 0.401672
0.277019 0.336518
0.277457 0.535863
0.278595 0.545509
0.279655 0.529596
0.280804 0.390672
0.281474 0.507061
0.285149 0.339055
0.287046 0.400761
0.287892 0.382247
0.288178 0.332028
0.288908 0.545763
0.291079 0.306453
0.292311 0.461413
0.293761 0.492382
0.296012 0.438054
0.296921 0.434600
0.298276 0.434566
0.299537 0.462432
0.299903 0.353681
0.300973 0.238936
0.301915 0.352242
0.302033 0.605924
0.303477 0.551287
0.303642 0.468207
0.304901 0.462204
0.309964 0.417283
0.313152 0.791918
0.315099 0.361630
0.317298 0.421635
0.317328 0.374411
0.320128 0.496925
0.321197 0.485539
0.321637 0.628904
0.322298 0.339740
0.322388 0.338100
0.324658 0.466482
0.324985 0.317851
0.324994 0.239805
0.328100 0.544380
0.330356 0.360242
0.331207 0.322178
0.333047 0.217342
0.333173 0.564947
0.333532 0.450622
0.334271 0.330946
0.335032 0.333201
0.335804 0.588169
0.336426 0.719225
0.338773 0.390362
0.340855 0.435622
0.342206 0.359314
0.343519 0.354127
0.345441 0.343645
0.346856 0.430636
0.347350 0.282777
0.348331 0.453453
0.349119 0.616908
0.349622 0.585439
0.351834 0.270229
0.355631 0.368051
0.358429 0.416771
0.359347 0.419759
0.361316 0.435213
0.362153 0.642922
0.363905 0.441044
0.364468 0.204383
0.365415 0.473447
0.365631 0.314064
0.366296 0.387638
0.366584 0.255479
0.367647 0.487184
0.369620 0.565624
0.370015 0.474535
0.370262 0.577599
0.370989 0.412609
0.371594 0.605672
0.372881 0.336720
0.373508 0.579242
0.376061 0.329179
0.380367 0.281437
0.383577 0.398715
0.383777 0.197979
0.385529 0.306630
0.387699 0.348966
0.393255 0.379464
0.394064 0.358860
0.397132 0.571533
0.397732 0.272558
0.398874 0.328577
0.400111 0.409441
0.400461 0.304044
0.401085 0.392315
0.404287 0.431460
0.405142 0.254041
0.406517 0.455078
0.408147 0.369974
0.408841 0.399380
0.410582 0.433831
0.411040 0.321549
0.411494 0.514994
0.413100 0.374179
0.414236 0.297617
0.416278 0.438840
0.416867 0.508763
0.417753 0.470799
0.421367 0.211961
0.422159 0.411422
0.422716 0.261841
0.423560 0.525990
0.423868 0.313035
0.425751 0.311401
0.426012 0.301425
0.426913 0.463732
0.427913 0.329198
0.428756 0.487792
0.430380 0.741768
0.430828 0.427092
0.432599 0.206225
0.434712 0.552277
0.435032 0.390873
0.437890 0.359784
0.438861 0.203816
0.446595 0.434510
0.449646 0.526313
0.450516 0.415589
0.452807 0.547986
0.452877 0.600545
0.452965 0.367264
0.453179 0.382364
0.461572 0.353234
0.462305 0.478340
0.463077 0.273060
0.463834 0.303204
0.466332 0.419018
0.467011 0.246040
0.467344 0.246456
0.468490 0.298817
0.468709 0.405388
0.472189 0.429866
0.473643 0.379493
0.475503 0.511634
0.476573 0.180849
0.476956 0.333036
0.477257 0.694004
0.478066 0.256778
0.480186 0.370632
0.481995 0.426802
0.482209 0.573682
0.483904 0.204902
0.486194 0.262384
0.486901 0.431171
0.488703 0.266854
0.490671 0.330193
0.491328 0.336105
0.493891 0.413183
0.495798 0.485417
0.496696 0.277265
0.498582 0.351070
0.500958 0.266567
0.501011 0.342827
0.501299 0.409100
0.501852 0.200496
0.503867 0.427330
0.504970 0.162819
0.506594 0.251835
0.509306 0.526542
0.510045 0.246069
0.510237 0.204380
0.511298 0.219499
0.511845 0.444132
0.511910 0.178670
0.512752 0.334212
0.512934 0.222095
0.513084 0.261483
0.515640 0.183168
0.515657 0.227152
0.516324 0.286291
0.517015 0.317673
0.519752 0.331154
0.522944 0.404748
0.528000 0.268538
0.529325 0.320582
0.533398 0.229523
0.533618 0.155519
0.535340 0.230084
0.538716 0.263792
0.539978 0.321591
0.540666 0.251696
0.540863 0.224558
0.541000 0.495626
0.541924 0.419957
0.543323 0.374807
0.546241 0.394201
0.547961 0.254587
0.548964 0.332937
0.549881 0.538778
0.550514 0.113824
0.550738 0.345254
0.551533 0.186487
0.552431 0.452693
0.553324 0.397009
0.554881 0.254429
0.555033 0.486755
0.556242 0.196111
0.557143 0.343368
0.558326 0.364282
0.558575 0.212311
0.559240 0.550671
0.560596 0.189472
0.565066 0.139487
0.565766 0.377543
0.566501 0.337099
0.566900 0.199742
0.567300 0.285113
0.567910 0.310865
0.576125 0.292210
0.576345 0.189183
0.576863 0.150430
0.580656 0.398956
0.581485 0.358903
0.581658 0.202303
0.582835 0.338434
0.583469 0.413479
0.584822 0.342948
0.585533 0.349182
0.585550 0.137702
0.588934 0.415488
0.590117 0.225081
0.591805 0.342122
0.593873 0.339353
0.595998 0.360304
0.598225 0.152531
0.598900 0.250892
0.600087 0.247792
0.600978 0.337017
0.600997 0.167190
0.601031 0.195418
0.604095 0.111305
0.606789 0.176110
0.607560 0.145410
0.608260 0.159196
0.609228 0.132105
0.609311 0.208150
0.609557 0.220592
0.612226 0.166128
0.612951 0.406547
0.615337 0.201094
0.618678 0.159100
0.618919 0.254120
0.620648 0.411343
0.622103 0.228614
0.628650 0.286141
0.633618 0.268428
0.635456 0.432323
0.638511 0.432522
0.638537 0.136798
0.639357 0.288321
0.640319 0.222863
0.642567 0.138125
0.643167 0.249211
0.643377 0.302329
0.644082 0.409434
0.644591 0.343807
0.645253 0.348240
0.645975 0.232927
0.646488 0.239601
0.648671 0.375119
0.648808 0.104815
0.651751 0.307127
0.654162 0.201242
0.655524 0.116864
0.655640 0.437122
0.657438 0.190567
0.657967 0.140386
0.659424 0.375040
0.664951 0.143883
0.665871 0.294110
0.666006 0.218116
0.666309 0.194896
0.667830 0.113191
0.668355 0.142055
0.669189 0.303866
0.672740 0.137018
0.673052 0.208149
0.673112 0.330676
0.673493 0.234674
0.675791 0.212510
0.676418 0.176621
0.677688 0.137890
0.680285 0.295282
0.680904 0.209389
0.681696 0.244750
0.682548 0.145204
0.682891 0.228501
0.683764 0.100973
0.684326 0.242883
0.687720 0.123109
0.688824 0.189845
0.696322 0.240020
0.697051 0.169113
0.700276 0.306553
0.702861 0.115578
0.704692 0.059029
0.704761 0.177057
0.707870 0.328208
0.708211 0.211874
0.709897 0.184024
0.710840 0.119277
0.711137 0.212287
0.712298 0.159384
0.713081 0.234209
0.713770 0.166726
0.715857 0.134158
0.716712 0.185976
0.717900 0.163890
0.718803 0.250517
0.719447 0.274039
0.720724 0.203606
0.722010 0.222360
0.722734 0.201599
0.722761 0.088879
0.722963 0.175152
0.724474 0.167252
0.725295 0.407970
0.725545 0.046221
0.725987 0.252652
0.726257 0.131845
0.727005 0.345451
0.727268 0.226737
0.729416 0.162542
0.730351 0.104060
0.731906 0.203351
0.732262 0.140313
0.732396 0.157193
0.733936 0.264047
0.734515 0.194417
0.736314 0.149977
0.737268 0.052665
0.738334 0.160827
0.741643 0.292680
0.743091 0.121427
0.743756 0.115477
0.743902 0.300471
0.745494 0.272139
0.747050 0.216137
0.755615 0.143163
0.757679 0.365447
0.759086 0.348258
0.759675 0.288473
0.760322 0.159804
0.763446 0.132157
0.764166 0.133744
0.767882 0.160747
0.770296 0.134579
0.770823 0.049294
0.773686 0.187637
0.773778 0.092300
0.774438 0.115604
0.774604 0.061165
0.776332 0.392082
0.776811 0.160815
0.779720 0.236785
0.782450 0.130321
0.783105 0.223862
0.784772 0.115609
0.786112 0.268402
0.787341 0.186001
0.788443 0.169064
0.789450 0.184150
0.789508 0.190862
0.790678 0.126562
0.791059 0.235024
0.792620 0.079538
0.798774 0.229305
0.799082 0.090886
0.801653 0.204465
0.803636 0.228667
0.809486 0.140013
0.810321 0.320510
0.810762 0.394293
0.812683 0.255106
0.812801 0.111695
0.812855 0.133075
0.813478 0.122894
0.816862 0.212601
0.817336 0.312323
0.817564 0.244238
0.817853 0.113755
0.819004 0.124246
0.819204 0.366465
0.823171 0.074372
0.823786 0.225613
0.825983 0.015046
0.826450 0.245114
0.828451 0.140342
0.828464 0.083162
0.830743 0.211920
0.830950 0.146642
0.831254 0.206506
0.831590 0.124395
0.831880 0.129229
0.833496 0.121747
0.834097 0.058043
0.834595 0.177733
0.835524 0.094643
0.839769 0.066383
0.843017 0.262849
0.846058 0.043714
0.849863 0.324390
0.851269 0.138853
0.853242 0.171728
0.855274 0.189617
0.855476 0.160437
0.857071 0.100398
0.858600 0.190429
0.861979 0.425634
0.865211 0.129619
0.866509 0.135415
0.869577 0.319977
0.869920 0.208204
0.870753 0.110356
0.873610 0.137056
0.874303 0.066552
0.875458 0.120984
0.875817 0.062851
0.876755 0.094685
0.877623 0.248006
0.877759 0.282409
0.877993 0.345392
0.878218 0.011323
0.880143 0.141890
0.880871 0.271467
0.882114 0.231146
0.883841 0.484640
0.884926 0.298684
0.886431 0.038368
0.886851 0.219337
0.887122 0.105491
0.888163 0.167003
0.888664 0.134021
0.888898 0.053809
0.889868 0.070982
0.890983 0.193331
0.891278 0.280429
0.891966 0.148375
0.893884 0.124047
0.895258 0.149690
0.898502 0.108281
0.899450 0.096447
0.900848 0.136152
0.903740 0.080884
0.908386 0.075316
0.909179 0.212880
0.911406 0.117095
0.911960 0.188849
0.914095 0.089671
0.914168 0.227933
0.914350 0.241331
0.914855 0.150369
0.914911 0.252583
0.915572 0.008090
0.915750 0.041027
0.916031 0.363838
0.916411 0.050972
0.919141 0.206276
0.919966 0.089907
0.920716 0.234739
0.921735 0.000000
0.924968 0.116800
0.926324 0.213417
0.928779 0.193425
0.930235 0.218693
0.931328 0.148731
0.931489 0.367096
0.932320 0.228335
0.932414 0.246218
0.932904 0.056875
0.933472 0.045164
0.933899 0.129195
0.934955 0.163421
0.935002 0.039522
0.935183 0.191416
0.937308 0.143956
0.941401 0.107516
0.941541 0.205420
0.942118 0.077923
0.942619 0.034144
0.944392 0.184009
0.944528 0.289992
0.949770 0.028992
0.951600 0.195617
0.952436 0.079985
0.952765 0.129334
0.953780 0.136782
0.955226 0.192873
0.956969 0.117122
0.957307 0.064462
0.959597 0.032760
0.959762 0.083977
0.960744 0.113150
0.963801 0.046592
0.966866 0.056044
0.969300 0.056867
0.969319 0.072456
0.969593 0.147844
0.970718 0.104738
0.970913 0.061669
0.971392 0.027097
0.974709 0.051262
0.974944 0.214684
0.975277 0.140598
0.981068 0.117189
0.982546 0.068825
0.982925 0.033838
0.985868 0.325226
0.986797 0.035546
0.986997 0.206269
0.994004 0.129827
0.994423 0.115415
0.995346 0.334579
0.995687 0.065987
0.995732 0.056357
0.996873 0.260495
0.997538 0.169634
0.997605 0.064966
1.000000 0.023996
