0.000000 0.111620
0.013963 0.050662
0.014562 0.098002
0.027988 0.156344
0.046401 0.158190
0.054820 0.097887
0.070112 0.181156
0.088274 0.248062
0.096714 0.105381
0.100705 0.000000
0.107891 0.244244
0.143996 0.087895
0.160979 0.062600
0.171516 0.105995
0.199893 0.140413
0.219496 0.128525
0.226832 0.105069
0.263176 0.243495
0.266250 0.200976
0.269522 0.312471
0.289565 0.174811
0.309187 0.069973
0.313367 0.219058
0.319872 0.294892
0.327964 0.215766
0.348532 0.304650
0.352369 0.270113
0.356299 0.211360
0.379527 0.322448
0.388521 0.235385
0.393592 0.115046
0.430300 0.311191
0.431015 0.108059
0.436525 0.128778
0.443017 0.217302
0.443500 0.146293
0.446443 0.282537
0.454187 0.434202
0.475404 0.209176
0.479689 0.351758
0.492562 0.273916
0.506984 0.414626
0.513805 0.192647
0.516838 0.343830
0.539186 0.370188
0.548343 0.487491
0.549129 0.321541
0.553023 0.251139
0.570509 0.410407
0.574970 0.402360
0.594188 0.326393
0.613888 0.403780
0.620426 0.600902
0.635520 0.349733
0.635652 0.303778
0.639438 0.410806
0.644449 0.386654
0.665633 0.329177
0.668222 0.404113
0.682037 0.394542
0.684760 0.346224
0.685479 0.524630
0.736998 0.528087
0.745732 0.491635
0.765590 0.502759
0.772587 0.453487
0.782271 0.322304
0.800733 0.542419
0.806973 0.395955
0.818660 0.360466
0.820616 0.505831
0.823045 0.500257
0.827271 0.394716
0.833831 0.689826
0.836527 0.445384
0.863412 0.507117
0.868076 0.437484
0.881891 0.516843
0.892111 0.507249
0.933112 0.614391
0.954556 0.496503
0.968050 0.429035
0.984403 0.631710
0.996513 1.000000
1.000000 0.479279
