0.000000 0.034015
0.050924 0.000000
0.125608 0.214438
0.150958 0.205546
0.173220 0.134368
0.200080 0.089409
0.208797 0.469759
0.281567 0.324854
0.324012 0.130651
0.366741 0.204049
0.400435 0.312910
0.447836 0.263005
0.469579 0.239071
0.478905 0.275823
0.507540 0.397981
0.583399 0.417904
0.608688 0.423751
0.626119 0.396077
0.679021 0.673149
0.712581 0.463529
0.728416 0.422767
0.792267 0.614908
0.869195 0.708605
0.885766 0.837787
0.887239 0.839549
0.895383 0.684185
0.945521 0.742060
0.957685 0.768321
1.000000 1.000000
