0.000000 0.177019
0.000750 0.218802
0.001060 0.071713
0.002013 0.071455
0.002895 0.178727
0.009797 0.420480
0.012195 0.282639
0.014006 0.036544
0.017957 0.116448
0.018190 0.168034
0.018741 0.320067
0.019273 0.297346
0.019745 0.080830
0.025330 0.176954
0.025516 0.279335
0.026116 0.091269
0.027021 0.048512
0.029940 0.006314
0.037335 0.076158
0.038792 0.231460
0.040008 0.173044
0.044829 0.069864
0.046133 0.152558
0.046975 0.219234
0.047861 0.037375
0.049346 0.182255
0.050188 0.290527
0.054811 0.158910
0.057334 0.149807
0.058612 0.150946
0.061166 0.051393
0.061977 0.227876
0.062397 0.314058
0.062607 0.115504
0.064174 0.140208
0.065704 0.287833
0.066619 0.000000
0.071200 0.161916
0.071892 0.187202
0.074235 0.125013
0.077890 0.144905
0.079085 0.189381
0.085207 0.124767
0.086660 0.205156
0.086816 0.176429
0.094148 0.119567
0.095509 0.305078
0.098109 0.107376
0.099391 0.385676
0.099833 0.043797
0.100649 0.196762
0.103223 0.273799
0.103348 0.107752
0.109358 0.354800
0.110820 0.025781
0.111072 0.293896
0.113535 0.201181
0.113845 0.379050
0.113982 0.093036
0.116844 0.250868
0.117236 0.303494
0.118111 0.131915
0.123814 0.055651
0.125783 0.172863
0.126378 0.197705
0.133251 0.120171
0.134085 0.257579
0.143496 0.196320
0.155731 0.511922
0.156891 0.230167
0.159269 0.168673
0.165078 0.367641
0.165099 0.282957
0.165560 0.244015
0.169996 0.337083
0.174936 0.148798
0.175003 0.037005
0.175958 0.252361
0.181514 0.092398
0.184428 0.149824
0.187257 0.381190
0.189838 0.070666
0.192445 0.191220
0.197624 0.152917
0.198565 0.302060
0.199056 0.168861
0.199362 0.115023
0.199501 0.132163
0.209028 0.462422
0.209201 0.372797
0.210883 0.350446
0.214381 0.082818
0.224624 0.310803
0.224740 0.219690
0.226334 0.032567
0.229924 0.032530
0.230526 0.444287
0.232790 0.129000
0.236128 0.445500
0.239347 0.182766
0.241637 0.404275
0.241750 0.081789
0.244440 0.183443
0.245063 0.314915
0.247258 0.248749
0.248161 0.089170
0.250015 0.083672
0.252051 0.236264
0.257956 0.259369
0.260651 0.239653
0.264236 0.243968
0.265851 0.399358
0.267756 0.261046
0.269017 0.225236
0.273304 0.412873
0.274936 0.197309
0.279075 0.042857
0.282272 0.312772
0.286960 0.201492
0.287501 0.165220
0.293024 0.089610
0.294182 0.186032
0.294647 0.490498
0.296161 0.167426
0.298921 0.374287
0.303514 0.209658
0.304288 0.531949
0.306370 0.386994
0.307756 0.103154
0.315177 0.182834
0.315286 0.146615
0.316913 0.248610
0.318581 0.203202
0.327617 0.344711
0.328429 0.220500
0.330193 0.212881
0.331719 0.110265
0.337614 0.239783
0.337624 0.451353
0.339573 0.295422
0.339741 0.058233
0.343203 0.169023
0.349804 0.109724
0.356430 0.291513
0.356914 0.175810
0.357468 0.324252
0.358141 0.270191
0.360468 0.149439
0.364768 0.320378
0.366030 0.114372
0.373443 0.224504
0.376413 0.019883
0.378896 0.141126
0.385700 0.121076
0.389767 0.159149
0.390773 0.076331
0.393752 0.110673
0.394458 0.376617
0.398205 0.147384
0.399214 0.264677
0.403603 0.205745
0.403747 0.445623
0.405034 0.160744
0.406012 0.099646
0.406215 0.144926
0.406988 0.105004
0.409745 0.289714
0.411866 0.211036
0.412807 0.231958
0.414529 0.330686
0.415463 0.100877
0.419920 0.554909
0.421658 0.338704
0.423857 0.326531
0.425104 0.284477
0.425358 0.116489
0.428127 0.291256
0.430582 0.223620
0.430941 0.351021
0.431011 0.215280
0.435756 0.536257
0.436039 0.112472
0.436176 0.241579
0.437741 0.254453
0.439739 0.229061
0.440568 0.364274
0.440572 0.164856
0.442132 0.253254
0.444289 0.351589
0.446724 0.291884
0.448020 0.381267
0.449054 0.267240
0.451213 0.158844
0.458806 0.294467
0.463909 0.071110
0.469017 0.257458
0.472484 0.129312
0.479862 0.505607
0.490199 0.321101
0.493491 0.194782
0.494758 0.163436
0.495873 0.244283
0.496388 0.422333
0.501798 0.359247
0.503685 0.295195
0.504310 0.128160
0.510751 0.413379
0.512297 0.350530
0.514059 0.352896
0.521472 0.320583
0.522206 0.080665
0.522230 0.035669
0.523543 0.405569
0.526815 0.123360
0.532654 0.211085
0.535369 0.147254
0.538488 0.202826
0.543721 0.188804
0.544899 0.094597
0.548327 0.186233
0.550768 0.532308
0.551197 0.097226
0.552808 0.344944
0.557412 0.435084
0.559287 0.443200
0.559475 0.231892
0.560979 0.507144
0.564400 0.305531
0.565291 0.069542
0.565416 0.243666
0.569221 0.179325
0.572501 0.302281
0.577417 0.228286
0.582845 0.070169
0.588912 0.231333
0.592153 0.333484
0.596134 0.629149
0.596470 0.422987
0.598640 0.289587
0.599211 0.726619
0.601911 0.291575
0.604373 0.233322
0.609466 0.293611
0.610852 0.443942
0.614480 0.140371
0.616098 0.056991
0.618542 0.148751
0.618586 0.197388
0.619181 0.384774
0.620712 0.218654
0.621140 0.170003
0.623330 0.385082
0.625557 0.215630
0.628913 0.117410
0.629441 0.417035
0.631817 0.192774
0.632200 0.333742
0.634054 0.432414
0.634455 0.247210
0.643593 0.162537
0.644192 0.243517
0.647054 0.365248
0.648511 0.278083
0.652710 0.325375
0.653700 0.310365
0.656443 0.159764
0.658299 0.447343
0.666918 0.216318
0.669468 0.464114
0.669847 0.276814
0.672175 0.214947
0.672300 0.727183
0.678518 0.577856
0.678698 0.342442
0.679685 0.186990
0.680281 0.301287
0.682446 0.393971
0.686444 0.191842
0.688344 0.106650
0.688908 0.335608
0.690382 0.185975
0.694419 0.339445
0.699895 0.253697
0.700976 0.299179
0.701497 0.542213
0.702018 0.267856
0.704563 0.371473
0.713290 0.312946
0.715799 0.190395
0.719675 0.261959
0.720163 0.557708
0.720583 0.259817
0.721257 0.240437
0.722204 0.240603
0.722735 0.486407
0.724050 0.255607
0.729940 0.210731
0.730254 0.508522
0.732514 0.239123
0.737069 0.318956
0.742360 0.271415
0.743527 0.256150
0.743721 0.229501
0.744141 0.516526
0.745823 0.081144
0.746814 0.422081
0.748127 0.411181
0.749663 0.390502
0.751418 0.356279
0.759807 0.067029
0.766130 0.171521
0.767027 0.378049
0.767828 0.410356
0.767862 0.231627
0.770628 0.167713
0.775469 0.513330
0.779313 0.253072
0.779965 0.147587
0.780070 0.328488
0.783608 0.391020
0.784244 0.196571
0.785554 0.168918
0.785731 0.008443
0.786125 0.379187
0.786273 0.389115
0.789167 0.204538
0.790019 0.403314
0.792446 0.107162
0.798842 0.197453
0.801780 0.288055
0.804689 0.391612
0.805291 0.096041
0.806812 0.268237
0.806976 0.529720
0.807549 0.241124
0.810277 0.184361
0.811930 0.363495
0.813810 0.604286
0.815157 0.414789
0.818346 0.329330
0.821357 0.464628
0.823260 0.266925
0.824357 0.297895
0.824949 0.235912
0.826173 0.118844
0.828107 0.182775
0.829016 0.260630
0.831455 0.424896
0.832631 0.192392
0.832845 0.596697
0.834383 0.734837
0.839761 0.595910
0.844163 0.535469
0.845731 0.592971
0.846743 0.426699
0.853597 0.263148
0.858846 0.175671
0.865538 0.233079
0.867551 0.660347
0.869318 0.395417
0.875198 0.222010
0.881730 0.213423
0.889143 0.372473
0.889914 0.263537
0.891664 0.567477
0.905126 0.256354
0.912708 0.228729
0.913531 0.536817
0.913941 0.376772
0.917800 0.149602
0.918480 0.491545
0.921228 1.000000
0.921311 0.674213
0.922521 0.571529
0.925540 0.463097
0.925631 0.356087
0.926986 0.282979
0.927049 0.283089
0.927973 0.506965
0.931541 0.355343
0.933619 0.460452
0.934045 0.455497
0.935625 0.386931
0.937402 0.395937
0.938222 0.630282
0.938394 0.604106
0.939133 0.263823
0.939144 0.130923
0.940144 0.026052
0.940816 0.487511
0.941205 0.583094
0.942228 0.297851
0.943344 0.211739
0.947684 0.801439
0.948235 0.340601
0.948250 0.036989
0.950388 0.585785
0.953223 0.281836
0.954287 0.315519
0.955552 0.119938
0.963299 0.482645
0.963640 0.188505
0.967159 0.261881
0.971852 0.447486
0.984332 0.479173
0.989681 0.399692
0.990508 0.599254
0.992950 0.285872
0.998490 0.284803
1.000000 0.309494
