0.000000 0.890863
0.015148 0.622673
0.039500 0.458470
0.039829 0.639163
0.044943 0.958817
0.049264 0.449230
0.050229 0.844702
0.052794 0.394766
0.103995 1.000000
0.108114 0.818248
0.111402 0.464613
0.111945 0.873688
0.115894 0.771799
0.124459 0.517111
0.126414 0.797208
0.135819 0.340872
0.137759 0.719973
0.138760 0.334472
0.139686 0.888784
0.148457 0.929927
0.149766 0.385898
0.151617 0.824518
0.152624 0.357723
0.163576 0.373738
0.166515 0.991460
0.167144 0.858526
0.167466 0.805348
0.169714 0.503288
0.174500 0.949901
0.176559 0.502606
0.182455 0.865074
0.191109 0.536269
0.200230 0.459010
0.210956 0.906714
0.211797 0.801509
0.213502 0.557770
0.215162 0.632000
0.215345 0.842017
0.221158 0.324462
0.222159 0.620435
0.223105 0.715417
0.225045 0.492962
0.235894 0.808810
0.242364 0.767680
0.243470 0.646771
0.243735 0.301166
0.245069 0.381517
0.245608 0.698119
0.245828 0.565166
0.248754 0.520540
0.249007 0.716998
0.250415 0.944641
0.257407 0.357682
0.259746 0.826492
0.261163 0.963627
0.265741 0.973402
0.265888 0.706599
0.267415 0.336093
0.268235 0.379538
0.269999 0.892914
0.270686 0.285817
0.272486 0.830786
0.275678 0.489191
0.277693 0.825436
0.281628 0.507779
0.283265 0.736606
0.292588 0.928968
0.293205 0.889430
0.293292 0.759620
0.299067 0.881935
0.300429 0.641499
0.300873 0.906759
0.300895 0.737150
0.301330 0.611820
0.302245 0.707505
0.302973 0.586960
0.305241 0.751740
0.309264 0.387282
0.312445 0.312535
0.316847 0.948429
0.316921 0.436419
0.318823 0.285411
0.320235 0.841142
0.320264 0.817517
0.322677 0.352191
0.322845 0.588032
0.327866 0.627942
0.329631 0.835426
0.330840 0.425911
0.332112 0.611409
0.333459 0.459682
0.333464 0.422590
0.334816 0.496077
0.338371 0.609938
0.338698 0.918766
0.340045 0.582942
0.340524 0.507475
0.342621 0.380893
0.344995 0.549789
0.345480 0.420947
0.346842 0.298704
0.347913 0.808612
0.348202 0.757391
0.349327 0.521863
0.350384 0.842138
0.351858 0.548722
0.352081 0.353889
0.352614 0.522924
0.353894 0.538722
0.354158 0.728793
0.354426 0.667673
0.355753 0.380031
0.356511 0.463337
0.356803 0.324028
0.358066 0.559389
0.359933 0.326510
0.360991 0.347627
0.361089 0.594127
0.361373 0.398718
0.362276 0.807620
0.362623 0.529138
0.364100 0.937793
0.364159 0.842901
0.364213 0.302221
0.365165 0.557433
0.365575 0.521316
0.365990 0.385738
0.365995 0.336834
0.366624 0.357185
0.367460 0.883385
0.367599 0.371097
0.371164 0.328862
0.371390 0.719534
0.374663 0.601081
0.375701 0.597423
0.376079 0.337420
0.378584 0.805042
0.378783 0.623662
0.380211 0.269502
0.382970 0.530436
0.385467 0.279025
0.385940 0.487658
0.390230 0.283172
0.390365 0.765750
0.391152 0.526693
0.392140 0.754268
0.396357 0.746029
0.396532 0.791011
0.397463 0.367864
0.397587 0.932245
0.400636 0.358997
0.404002 0.871092
0.404493 0.433568
0.405152 0.482272
0.406031 0.907260
0.408326 0.268453
0.413180 0.679772
0.414889 0.474050
0.418816 0.842062
0.419427 0.439292
0.420054 0.519651
0.421734 0.280920
0.422235 0.622723
0.428301 0.414702
0.430117 0.759241
0.430378 0.758323
0.431526 0.474490
0.432843 0.337796
0.434326 0.500952
0.434359 0.232588
0.434989 0.427734
0.436696 0.904912
0.438041 0.722769
0.440957 0.842221
0.441183 0.866168
0.445162 0.536892
0.447690 0.686263
0.450104 0.473575
0.452880 0.635583
0.454174 0.407742
0.458093 0.425978
0.460686 0.264005
0.465089 0.717171
0.465640 0.848560
0.466753 0.605834
0.467450 0.692765
0.467533 0.409309
0.468923 0.610591
0.474510 0.474240
0.477747 0.328253
0.478890 0.227301
0.479686 0.779921
0.484175 0.849924
0.484284 0.518734
0.485343 0.478897
0.485731 0.377479
0.486169 0.333038
0.486540 0.806979
0.486903 0.555334
0.488029 0.671997
0.489588 0.561530
0.494319 0.197155
0.494924 0.271693
0.495020 0.291145
0.495718 0.403569
0.496429 0.801587
0.496823 0.313178
0.497592 0.838474
0.497949 0.655826
0.498795 0.758816
0.499629 0.700421
0.499640 0.613967
0.501426 0.896226
0.502504 0.538623
0.504416 0.262126
0.505423 0.585119
0.506977 0.566255
0.508397 0.880133
0.508490 0.787596
0.510368 0.475178
0.511269 0.193035
0.515168 0.414048
0.516596 0.346066
0.516690 0.638711
0.516697 0.350031
0.523852 0.396768
0.524095 0.636455
0.528339 0.789849
0.531649 0.831092
0.531813 0.250593
0.532064 0.311956
0.532676 0.549222
0.532998 0.453811
0.535147 0.734943
0.535264 0.607182
0.535326 0.531918
0.537004 0.707691
0.540671 0.612618
0.546266 0.528436
0.547447 0.405429
0.549495 0.790007
0.551820 0.639609
0.553514 0.277329
0.558580 0.665262
0.558604 0.459427
0.560876 0.832139
0.560894 0.422620
0.560948 0.875233
0.561730 0.589726
0.561811 0.192474
0.564745 0.177355
0.568271 0.539660
0.568474 0.596658
0.569326 0.185820
0.570312 0.514675
0.573253 0.799147
0.575737 0.302783
0.581699 0.268713
0.582523 0.859282
0.583487 0.282919
0.589205 0.743940
0.591173 0.708818
0.591767 0.822675
0.595797 0.652846
0.600186 0.647143
0.600433 0.421711
0.607654 0.161856
0.619491 0.770956
0.623890 0.582373
0.625008 0.874941
0.625068 0.787842
0.628716 0.704302
0.628818 0.399388
0.628869 0.781155
0.630271 0.825228
0.634118 0.318396
0.634522 0.781303
0.636057 0.730385
0.638732 0.149234
0.639042 0.673913
0.641535 0.742313
0.645744 0.414286
0.646206 0.810677
0.647078 0.844156
0.651653 0.150778
0.654237 0.530946
0.654371 0.832492
0.659505 0.761132
0.664664 0.638147
0.666864 0.864137
0.674144 0.442058
0.675208 0.728791
0.675989 0.221432
0.684358 0.365467
0.685282 0.577804
0.689161 0.264296
0.690613 0.814473
0.691251 0.446099
0.694257 0.196930
0.695054 0.396118
0.706024 0.147434
0.706717 0.841248
0.711507 0.543383
0.720799 0.410355
0.723703 0.686506
0.726331 0.640571
0.735348 0.705224
0.748915 0.746166
0.749938 0.335959
0.752124 0.201606
0.755858 0.476181
0.768604 0.355378
0.778302 0.294747
0.781764 0.807720
0.787132 0.354261
0.789312 0.557047
0.794173 0.426707
0.800986 0.260102
0.805394 0.386769
0.806317 0.661299
0.807005 0.346625
0.864160 0.505363
0.911149 0.050117
0.959561 0.276016
0.968198 0.000000
0.981077 0.037065
1.000000 0.190993
