0.000000 0.071632
0.111324 0.385363
0.125628 0.284250
0.128671 0.101696
0.138496 0.342034
0.146261 0.094740
0.146460 0.113596
0.151047 0.240017
0.176017 0.265059
0.177340 0.246749
0.179168 0.009270
0.188218 0.258400
0.190595 0.127741
0.192932 0.405981
0.193171 0.080658
0.193617 0.380203
0.196430 0.288221
0.204582 0.166529
0.212764 0.221319
0.213768 0.271343
0.217337 0.259345
0.218290 0.237371
0.219142 0.042933
0.219390 0.360128
0.224057 0.201846
0.225225 0.233046
0.229826 0.376769
0.232226 0.384064
0.237051 0.328051
0.238831 0.216043
0.239299 0.393807
0.256205 0.185060
0.256699 0.137412
0.257348 0.077876
0.258464 0.384722
0.261756 0.362686
0.262479 0.123020
0.264402 0.234727
0.266524 0.109990
0.267815 0.034741
0.272583 0.000000
0.272591 0.334528
0.272776 0.267784
0.273936 0.412517
0.276754 0.290377
0.277473 0.325012
0.280594 0.176142
0.281573 0.063525
0.281850 0.413602
0.282575 0.037349
0.285275 0.310066
0.287074 0.032963
0.288212 0.130190
0.288726 0.020274
0.289546 0.112105
0.291482 0.255267
0.293135 0.090527
0.293146 0.407657
0.293605 0.074721
0.294371 0.015837
0.295252 0.274439
0.295284 0.273133
0.296211 0.089714
0.296221 0.222710
0.296785 0.025739
0.297163 0.260185
0.297478 0.248143
0.297942 0.070477
0.300149 0.268408
0.300191 0.123970
0.300412 0.292418
0.302334 0.224663
0.302636 0.022315
0.303349 0.292813
0.305366 0.381076
0.307601 0.362930
0.308921 0.193399
0.309473 0.295065
0.311118 0.272273
0.311160 0.339438
0.311865 0.142309
0.312501 0.294964
0.315834 0.109048
0.316603 0.045225
0.318265 0.302826
0.320438 0.201251
0.320458 0.352424
0.320463 0.164638
0.320501 0.029345
0.321431 0.339963
0.322015 0.088423
0.325113 0.132684
0.325217 0.243615
0.326197 0.168204
0.328254 0.284970
0.328297 0.038627
0.329010 0.208862
0.329542 0.029857
0.329592 0.423335
0.329840 0.376591
0.329910 0.405679
0.332279 0.203488
0.333950 0.174368
0.334052 0.100004
0.334095 0.268954
0.334275 0.409317
0.335645 0.127472
0.335774 0.242651
0.335822 0.267377
0.337207 0.184111
0.337381 0.184644
0.338013 0.049630
0.338763 0.296200
0.338859 0.401032
0.338986 0.113585
0.339542 0.300299
0.339844 0.166176
0.339878 0.040907
0.342153 0.010362
0.342822 0.296649
0.343872 0.126733
0.345093 0.385816
0.345834 0.346185
0.346265 0.094838
0.346293 0.120053
0.346852 0.429029
0.347251 0.322770
0.347430 0.309491
0.349305 0.110714
0.349840 0.313674
0.350801 0.093232
0.350973 0.015491
0.351132 0.052303
0.351189 0.227678
0.352670 0.104939
0.354511 0.205451
0.355791 0.119367
0.356088 0.344839
0.356112 0.377020
0.356857 0.309810
0.358246 0.365051
0.359986 0.221164
0.360128 0.279922
0.360800 0.285103
0.360820 0.215642
0.361068 0.109289
0.361604 0.243000
0.362416 0.329585
0.364311 0.245083
0.365805 0.298952
0.365807 0.434457
0.366252 0.220712
0.366660 0.334572
0.366966 0.176819
0.367663 0.391644
0.367831 0.227943
0.368001 0.175254
0.368084 0.123777
0.368722 0.147474
0.369024 0.356744
0.369196 0.262672
0.369862 0.287038
0.370231 0.316742
0.370617 0.117573
0.370626 0.218462
0.370843 0.206176
0.371177 0.423270
0.371301 0.323427
0.372132 0.235469
0.372533 0.358401
0.374181 0.295883
0.374227 0.326146
0.374473 0.131328
0.375137 0.395763
0.375635 0.395772
0.375895 0.375618
0.376582 0.122455
0.376629 0.156100
0.376891 0.100885
0.377032 0.185451
0.377662 0.121449
0.379066 0.167322
0.380794 0.087206
0.381810 0.162217
0.382039 0.088654
0.382842 0.042264
0.383168 0.227390
0.383635 0.421910
0.384182 0.381671
0.384481 0.070384
0.385110 0.238435
0.385529 0.042321
0.385765 0.021091
0.385918 0.018633
0.386270 0.380442
0.386384 0.292473
0.386529 0.115750
0.387207 0.047941
0.387435 0.055943
0.387498 0.133040
0.387587 0.411312
0.388317 0.403128
0.390043 0.381381
0.390208 0.182460
0.390641 0.441892
0.390910 0.213642
0.391331 0.275306
0.392720 0.290173
0.393850 0.400368
0.394262 0.436650
0.397142 0.017596
0.397915 0.369779
0.398111 0.202181
0.399806 0.116341
0.401213 0.221526
0.403051 0.023964
0.403384 0.331112
0.404458 0.228804
0.404673 0.342805
0.405699 0.152153
0.406064 0.344361
0.406263 0.431312
0.407690 0.090516
0.407903 0.121127
0.408600 0.167501
0.410670 0.310715
0.410954 0.210997
0.411046 0.162499
0.411105 0.330846
0.411828 0.255562
0.413128 0.090618
0.413178 0.142903
0.416615 0.202003
0.417029 0.185873
0.417073 0.420284
0.417203 0.092595
0.417519 0.282286
0.417868 0.106357
0.419423 0.040284
0.419990 0.393256
0.420118 0.371397
0.420123 0.172132
0.422123 0.188208
0.423798 0.050234
0.424864 0.133002
0.425348 0.196424
0.427427 0.209027
0.427455 0.172481
0.428488 0.405583
0.428820 0.100421
0.429655 0.048457
0.430171 0.363793
0.430803 0.135752
0.431259 0.302178
0.431427 0.291972
0.432191 0.402876
0.432426 0.459107
0.432584 0.153838
0.434519 0.202295
0.435541 0.416706
0.435960 0.240295
0.438444 0.404541
0.438583 0.049474
0.438898 0.302223
0.439119 0.045629
0.440494 0.430222
0.441704 0.346070
0.441804 0.121621
0.442231 0.337709
0.442277 0.123608
0.442500 0.345604
0.442569 0.147488
0.442720 0.155263
0.442975 0.423010
0.443455 0.196275
0.443551 0.125718
0.444143 0.274101
0.444235 0.220840
0.444358 0.402300
0.444437 0.220126
0.445093 0.140542
0.446110 0.245187
0.446341 0.329151
0.446441 0.349775
0.446484 0.413764
0.446652 0.186704
0.447330 0.076303
0.447505 0.345141
0.448178 0.478337
0.450340 0.276499
0.450393 0.347180
0.450550 0.429189
0.450861 0.425465
0.451041 0.311308
0.451620 0.224027
0.453884 0.365808
0.454781 0.073460
0.455113 0.061719
0.455201 0.467283
0.456509 0.355532
0.457003 0.337722
0.457259 0.284798
0.458370 0.104359
0.458735 0.090723
0.458735 0.313321
0.458808 0.069839
0.458923 0.111073
0.459597 0.231688
0.459711 0.401136
0.460196 0.133748
0.460326 0.358005
0.460459 0.099340
0.461250 0.176098
0.461563 0.126130
0.461575 0.329940
0.461785 0.472974
0.461881 0.366055
0.462313 0.356115
0.462503 0.307072
0.462609 0.437412
0.463600 0.261395
0.463688 0.065545
0.463832 0.288213
0.464458 0.412928
0.464787 0.322283
0.465800 0.402239
0.465839 0.085365
0.466083 0.327896
0.466450 0.111378
0.467111 0.445431
0.467163 0.119060
0.467388 0.148590
0.467523 0.429669
0.467967 0.354646
0.468078 0.403834
0.468300 0.463047
0.468495 0.231885
0.469009 0.311107
0.469561 0.334428
0.470461 0.486087
0.472045 0.259183
0.472520 0.452905
0.472738 0.166465
0.473103 0.434483
0.473660 0.266012
0.473740 0.265835
0.474587 0.420157
0.475695 0.265501
0.475962 0.417576
0.476102 0.118813
0.476656 0.272306
0.477814 0.499067
0.479632 0.506736
0.479766 0.328182
0.479848 0.375455
0.480247 0.084261
0.480260 0.259174
0.480371 0.421189
0.481317 0.479957
0.481342 0.064649
0.482761 0.177297
0.482969 0.509140
0.482978 0.402754
0.483539 0.406293
0.483556 0.131087
0.483730 0.475721
0.483901 0.384908
0.483980 0.358591
0.484181 0.414350
0.484287 0.327931
0.485344 0.114832
0.486116 0.439232
0.486582 0.160759
0.488159 0.426279
0.488454 0.108487
0.488722 0.097457
0.488780 0.262131
0.489087 0.335975
0.489265 0.105591
0.489341 0.073472
0.490081 0.432639
0.490194 0.132787
0.492476 0.339632
0.493018 0.217479
0.493759 0.408172
0.494367 0.422635
0.495170 0.258798
0.495723 0.111253
0.496478 0.442098
0.496678 0.487150
0.496777 0.371364
0.497013 0.111156
0.499099 0.346944
0.499850 0.262955
0.500026 0.491506
0.500212 0.349438
0.500241 0.449897
0.500886 0.184926
0.501105 0.421126
0.501503 0.119609
0.501750 0.480055
0.502758 0.253647
0.503198 0.173543
0.503240 0.247932
0.503767 0.242068
0.503907 0.227258
0.503910 0.181529
0.504023 0.371990
0.504764 0.262609
0.504998 0.322603
0.505516 0.088223
0.505671 0.525439
0.506374 0.366197
0.507893 0.315110
0.508402 0.494709
0.508878 0.402176
0.510978 0.152560
0.511284 0.485556
0.513209 0.270987
0.513559 0.509278
0.514358 0.359964
0.517065 0.425203
0.517506 0.541670
0.518426 0.147283
0.518898 0.438391
0.519647 0.413093
0.520098 0.162614
0.521573 0.320945
0.521902 0.322244
0.523257 0.306623
0.523575 0.453865
0.523606 0.386229
0.523953 0.410616
0.525703 0.283942
0.527353 0.336902
0.527764 0.158207
0.528334 0.363056
0.528487 0.176564
0.528494 0.386714
0.528732 0.259504
0.529442 0.258701
0.529844 0.437013
0.530068 0.371635
0.530098 0.250717
0.530597 0.144812
0.530703 0.157993
0.530834 0.278473
0.531261 0.290641
0.531852 0.441402
0.532038 0.274307
0.532065 0.191147
0.533539 0.202783
0.534216 0.152918
0.534695 0.519874
0.534806 0.529085
0.535562 0.556208
0.535629 0.441848
0.536250 0.249539
0.537054 0.206600
0.537203 0.507429
0.537219 0.233963
0.538057 0.151721
0.538466 0.366255
0.539398 0.255602
0.539743 0.305806
0.540423 0.220041
0.540720 0.418620
0.544175 0.308302
0.544692 0.257072
0.544765 0.366870
0.545190 0.318083
0.546411 0.493118
0.546415 0.301211
0.546441 0.506654
0.546456 0.266081
0.547388 0.324671
0.548552 0.574954
0.548861 0.410316
0.549513 0.274697
0.550347 0.163328
0.550754 0.264175
0.551509 0.271130
0.551811 0.582728
0.552157 0.193060
0.552199 0.464747
0.552230 0.424522
0.554290 0.309233
0.554366 0.195634
0.554923 0.233774
0.555013 0.345995
0.555144 0.299385
0.555245 0.397714
0.555473 0.340422
0.556381 0.395214
0.556538 0.528542
0.557223 0.304321
0.557368 0.291891
0.559407 0.545749
0.559901 0.291214
0.560076 0.402586
0.560259 0.184047
0.561721 0.473512
0.562265 0.452411
0.562436 0.399106
0.562799 0.590991
0.563130 0.229590
0.563257 0.556323
0.563498 0.153342
0.564359 0.323639
0.565448 0.580324
0.566143 0.546569
0.566285 0.508781
0.566590 0.599344
0.567052 0.470942
0.567169 0.468176
0.568175 0.426985
0.568657 0.484735
0.568849 0.178977
0.570791 0.524268
0.571300 0.207673
0.571749 0.320872
0.572656 0.510172
0.573058 0.155334
0.573129 0.510478
0.573394 0.366913
0.574089 0.341717
0.574738 0.156368
0.575822 0.292586
0.575936 0.246846
0.577485 0.395399
0.578005 0.412259
0.578019 0.213204
0.580334 0.301947
0.582390 0.221303
0.583135 0.368128
0.583445 0.342662
0.584712 0.599147
0.584789 0.324523
0.585739 0.242915
0.585994 0.227895
0.586264 0.506419
0.586387 0.639672
0.587699 0.488574
0.587716 0.224219
0.588767 0.325514
0.589729 0.442839
0.591547 0.334171
0.592534 0.216572
0.592611 0.488992
0.592639 0.576029
0.593996 0.323437
0.595845 0.397146
0.596317 0.243417
0.597456 0.402220
0.597627 0.195012
0.598646 0.266238
0.598910 0.375817
0.599484 0.607394
0.599911 0.644083
0.600165 0.592864
0.600918 0.187165
0.602264 0.633798
0.603371 0.492798
0.603814 0.586373
0.603990 0.243056
0.604363 0.523819
0.605032 0.490242
0.605359 0.530971
0.607463 0.471427
0.607484 0.422939
0.607752 0.243924
0.607919 0.207599
0.609105 0.233376
0.609553 0.504895
0.610450 0.636700
0.611242 0.618592
0.611993 0.363918
0.613038 0.562504
0.613107 0.621922
0.613992 0.657997
0.614122 0.491700
0.614417 0.610533
0.614420 0.491484
0.614760 0.552057
0.616337 0.211568
0.616688 0.423581
0.616938 0.667713
0.617123 0.304026
0.617553 0.660502
0.617934 0.673848
0.619192 0.205052
0.619780 0.524620
0.620205 0.276160
0.621003 0.445859
0.621629 0.594122
0.622198 0.539469
0.622255 0.636004
0.625552 0.532157
0.625678 0.363318
0.626261 0.360653
0.626339 0.493588
0.626361 0.333333
0.627226 0.208202
0.627271 0.544780
0.629961 0.321983
0.630328 0.605059
0.631746 0.587826
0.633836 0.363294
0.637969 0.232528
0.638968 0.593812
0.639304 0.663037
0.642360 0.318109
0.643387 0.416826
0.643988 0.715013
0.644955 0.546370
0.645458 0.324994
0.645677 0.700349
0.646905 0.566444
0.648097 0.529229
0.649060 0.286592
0.649230 0.718137
0.651056 0.421760
0.651623 0.402024
0.652256 0.354742
0.652431 0.409977
0.653328 0.628001
0.654146 0.257988
0.654627 0.509610
0.655159 0.288668
0.655935 0.707595
0.656677 0.681253
0.658680 0.366646
0.659899 0.723617
0.660525 0.717298
0.662857 0.291245
0.664031 0.510447
0.664626 0.640335
0.665096 0.309706
0.666174 0.374559
0.667351 0.538724
0.667548 0.544762
0.668020 0.288648
0.669074 0.625795
0.669742 0.722004
0.670324 0.627099
0.670525 0.647147
0.670772 0.541937
0.671139 0.719514
0.673732 0.285099
0.675062 0.703124
0.676632 0.424996
0.677226 0.278720
0.679635 0.332929
0.679930 0.291213
0.680082 0.671700
0.681441 0.498220
0.682122 0.745406
0.683705 0.402254
0.684541 0.400645
0.685847 0.641069
0.692648 0.393303
0.693945 0.583695
0.693961 0.744795
0.695225 0.664413
0.695377 0.699249
0.696308 0.445765
0.696602 0.717750
0.698518 0.647299
0.698622 0.607697
0.700090 0.612840
0.702211 0.619685
0.704356 0.615710
0.706775 0.504518
0.706996 0.599494
0.707805 0.553505
0.708121 0.758546
0.708952 0.490478
0.712277 0.405930
0.712585 0.344287
0.712821 0.413659
0.714528 0.443366
0.715548 0.789013
0.715653 0.444507
0.716642 0.542295
0.716696 0.487166
0.719077 0.779514
0.720798 0.544329
0.721580 0.414109
0.722186 0.725619
0.724680 0.687766
0.725257 0.366174
0.729584 0.573518
0.731699 0.625693
0.733036 0.570985
0.733215 0.342265
0.734454 0.659583
0.739343 0.654319
0.740943 0.755966
0.742381 0.643939
0.744528 0.633917
0.746659 0.697984
0.753094 0.455881
0.755331 0.476287
0.759069 0.500847
0.760052 0.634553
0.764578 0.847567
0.766109 0.495092
0.768780 0.740768
0.769355 0.660572
0.774263 0.673510
0.777799 0.558979
0.786879 0.380582
0.789429 0.473290
0.798720 0.609501
0.801825 0.728956
0.803597 0.725963
0.812333 0.635931
0.813543 0.586751
0.823590 0.624625
0.827996 0.892586
0.831881 0.464123
0.834980 0.642628
0.845540 0.811561
0.859538 0.470474
0.863249 0.726541
1.000000 1.000000
