0.000000 0.000000
0.037823 0.574108
0.103216 0.278513
0.142180 0.608782
0.172381 0.328415
0.173638 0.432267
0.202536 0.418932
0.228588 0.401271
0.231205 0.619667
0.238833 0.217635
0.248919 0.645387
0.252248 0.226766
0.254232 0.219945
0.255125 0.613968
0.256115 0.591571
0.256338 0.558314
0.257399 0.544569
0.257732 0.607544
0.263226 0.183718
0.267761 0.405681
0.276491 0.268744
0.283521 0.612259
0.283628 0.255241
0.286054 0.537811
0.287461 0.083338
0.288332 0.075024
0.290828 0.641790
0.291684 0.544622
0.295238 0.266930
0.295271 0.529319
0.299028 0.605450
0.300438 0.569582
0.301079 0.398207
0.301431 0.375184
0.302804 0.376002
0.304082 0.544995
0.307123 0.579457
0.308453 0.443692
0.309391 0.369593
0.311405 0.475850
0.313279 0.283731
0.313614 0.385670
0.314344 0.741853
0.317278 0.687658
0.317827 0.636775
0.318614 0.755192
0.319417 0.563956
0.321769 0.272886
0.324383 0.482146
0.326254 0.115463
0.326648 0.086534
0.327744 0.159646
0.328447 0.502908
0.331169 0.113027
0.332574 0.143265
0.333628 0.530023
0.336375 0.319004
0.338701 0.544334
0.341045 0.787146
0.342353 0.325420
0.343290 0.307570
0.343554 0.474485
0.344583 0.144641
0.352214 0.320753
0.352272 0.545517
0.354840 0.510533
0.355846 0.409349
0.364346 0.487404
0.365146 0.712335
0.365352 0.348412
0.365407 0.579726
0.367499 0.297977
0.370246 0.437444
0.373111 0.446683
0.373132 0.285018
0.377055 0.368351
0.377216 0.763222
0.378016 0.628369
0.378081 0.487489
0.378283 0.827020
0.378354 0.598304
0.378586 0.752848
0.382475 0.483378
0.383108 0.569780
0.384074 0.768703
0.384518 0.618362
0.385693 0.257704
0.386417 0.814830
0.386491 0.786134
0.389461 0.404948
0.389990 0.573769
0.392067 0.723201
0.392631 0.524207
0.393540 0.465476
0.393798 0.750546
0.394676 0.532337
0.396655 0.269262
0.398285 0.479499
0.398430 0.213603
0.400532 0.260767
0.400664 0.552218
0.401652 0.471623
0.402829 0.415890
0.403139 0.744658
0.404286 0.115447
0.405510 0.496468
0.406798 0.615032
0.408410 0.450826
0.409709 0.850802
0.410806 0.221595
0.411234 0.153158
0.411722 0.174144
0.412305 0.620811
0.413240 0.287340
0.414563 0.219066
0.414825 0.388474
0.414977 0.193767
0.415433 0.776107
0.415795 0.466476
0.416070 0.121582
0.416987 0.498593
0.417288 0.281747
0.417697 0.494524
0.419008 0.218882
0.419343 0.481376
0.419631 0.799233
0.420109 0.406619
0.422391 0.834725
0.422420 0.478308
0.423296 0.386133
0.423960 0.315128
0.424004 0.646975
0.424537 0.450328
0.424613 0.344158
0.426106 0.351346
0.426579 0.855054
0.426783 0.775865
0.427193 0.773250
0.429584 0.595321
0.429750 0.488621
0.430982 0.408232
0.431138 0.515977
0.431441 0.378951
0.432068 0.742688
0.432816 0.354630
0.433680 0.765542
0.435137 0.859227
0.436284 0.627292
0.438356 0.180641
0.441468 0.157526
0.441474 0.290932
0.441503 0.590772
0.442584 0.829656
0.443358 0.199343
0.444414 0.699856
0.445105 0.346435
0.447387 0.396941
0.448049 0.690711
0.448446 0.682864
0.448614 0.527760
0.448644 0.423866
0.451337 0.493521
0.451395 0.172991
0.451699 0.729957
0.452075 0.283826
0.452094 0.795580
0.452124 0.551776
0.452479 0.158892
0.452554 0.682216
0.453729 0.382573
0.457759 0.658739
0.457801 0.857478
0.460146 0.177152
0.460303 0.635773
0.460676 0.237328
0.462071 0.330479
0.462229 0.406268
0.462809 0.542015
0.462840 0.671322
0.463034 0.476269
0.464642 0.220296
0.464839 0.369427
0.465382 0.649602
0.465408 0.438613
0.466318 0.643268
0.466431 0.438559
0.466652 0.683427
0.470063 0.248248
0.470747 0.848792
0.471249 0.852680
0.471322 0.228355
0.471780 0.310371
0.472861 0.694619
0.473745 0.417469
0.474340 0.712182
0.475357 0.822132
0.475497 0.812928
0.476052 0.712137
0.477679 0.563364
0.479778 0.358077
0.481446 0.260849
0.482037 0.234247
0.482332 0.285839
0.482607 0.308683
0.483217 0.221065
0.485040 0.454055
0.485315 0.438026
0.485595 0.825484
0.488258 0.788747
0.489285 0.863367
0.489372 0.355306
0.490386 0.775655
0.491476 0.632354
0.491826 0.305653
0.492148 0.766655
0.493012 0.751714
0.494185 0.868847
0.495250 0.261733
0.496565 0.405466
0.498386 0.377089
0.498844 0.186875
0.498876 0.252549
0.499979 0.752365
0.500514 0.271887
0.500867 0.757090
0.501549 0.698739
0.501591 0.855020
0.501991 0.804131
0.502162 0.425256
0.502431 0.905253
0.502750 0.678828
0.502845 0.506447
0.502872 0.448029
0.503073 0.551578
0.503383 0.411591
0.504068 0.271254
0.504637 0.723105
0.504643 0.731772
0.504651 0.677093
0.504912 0.358586
0.505400 0.215785
0.505406 0.502874
0.506863 0.894667
0.507411 0.824264
0.509900 0.200514
0.510176 0.704518
0.511040 0.702368
0.511749 0.379156
0.513032 0.572109
0.513519 0.402737
0.514625 0.438358
0.514639 0.474731
0.514816 0.658246
0.515633 0.774930
0.516251 0.327268
0.516917 0.234515
0.517680 0.366714
0.518380 0.277315
0.518518 0.305631
0.519334 0.254814
0.519934 0.229944
0.520057 0.551078
0.520498 0.678336
0.521232 0.498756
0.521514 0.906999
0.522148 0.220941
0.522848 0.724615
0.523138 0.333535
0.524400 0.475321
0.524653 0.910060
0.524729 0.910854
0.528399 0.561352
0.528622 0.930680
0.528837 0.517457
0.529377 0.614834
0.529437 0.866766
0.529531 0.861279
0.529827 0.281573
0.530361 0.240737
0.531003 0.314874
0.531296 0.439923
0.531831 0.433394
0.532586 0.865937
0.533699 0.346185
0.534029 0.581821
0.534799 0.634071
0.535197 0.582953
0.535751 0.219643
0.535812 0.777918
0.537216 0.813543
0.539865 0.806192
0.540715 0.475030
0.540858 0.292430
0.541450 0.535620
0.542938 0.381370
0.543304 0.244477
0.543739 0.367841
0.543780 0.407375
0.544366 0.412335
0.545534 0.778374
0.546719 0.701795
0.547001 0.673319
0.547111 0.334620
0.547394 0.463305
0.547487 0.255090
0.547672 0.605335
0.547879 0.446821
0.549608 0.713669
0.549629 0.409275
0.550676 0.502841
0.551620 0.821564
0.552022 0.256127
0.552343 0.792007
0.552651 0.284322
0.553773 0.482972
0.553943 0.550355
0.555003 0.834079
0.555397 0.272192
0.557534 0.422978
0.558343 0.648683
0.558938 0.548007
0.560350 0.771106
0.560570 0.588075
0.561229 0.404855
0.561833 0.866133
0.562308 0.754324
0.562394 0.711855
0.562607 0.357507
0.565012 0.281190
0.565218 0.296683
0.565354 0.518784
0.567310 0.322556
0.569216 0.566771
0.569541 0.729253
0.569828 0.624115
0.569965 0.389354
0.570628 0.857869
0.570751 0.497633
0.571407 0.538855
0.571998 0.784030
0.572926 0.559234
0.574999 0.656897
0.575702 0.298596
0.575936 0.665012
0.578270 0.536459
0.578633 0.846010
0.578654 0.628585
0.578912 0.291324
0.579438 0.271321
0.580476 0.577908
0.580644 0.500693
0.581307 0.847340
0.584056 0.322447
0.584572 0.432545
0.584601 0.787304
0.584887 0.860162
0.589011 0.665623
0.591809 0.535695
0.592434 0.604798
0.593321 0.473953
0.594411 0.545520
0.594476 0.383060
0.594735 0.414770
0.595184 0.456727
0.595514 0.709124
0.596291 0.453555
0.598848 0.544667
0.600269 0.730128
0.600954 0.491490
0.601897 0.860691
0.602194 0.508419
0.602440 0.936141
0.602512 0.879409
0.603249 0.937473
0.603300 0.302454
0.603431 0.242651
0.603673 0.849596
0.603789 0.861179
0.604600 0.392094
0.605443 0.718654
0.607957 0.274151
0.608097 0.618576
0.608473 0.217679
0.609370 0.410535
0.610255 0.862732
0.610477 0.212331
0.610777 0.949126
0.611595 0.783315
0.612166 0.208616
0.612978 0.863648
0.613552 0.854398
0.615489 0.339432
0.616634 0.264770
0.616698 0.629934
0.617620 0.476525
0.617626 0.748903
0.618748 0.918784
0.620094 0.864991
0.621440 0.441878
0.622354 0.252263
0.623069 0.699103
0.623383 0.793965
0.623526 0.975157
0.623902 0.496086
0.625438 0.356376
0.626978 0.564960
0.628300 0.296327
0.628768 0.229013
0.628786 0.217367
0.628964 0.365486
0.629244 0.940308
0.629651 0.839843
0.629659 0.610389
0.629819 0.639476
0.630801 0.869395
0.630895 0.296427
0.632054 0.331239
0.633125 0.483004
0.633759 0.791492
0.633934 0.763365
0.634005 0.567426
0.635984 0.876958
0.636385 0.473849
0.637546 0.341794
0.639218 0.394096
0.641865 0.582565
0.642168 0.751967
0.642623 0.302719
0.643844 0.690470
0.644635 0.224218
0.644980 0.237597
0.647650 0.882735
0.648541 0.219172
0.649398 0.319824
0.649760 0.259547
0.651413 0.769489
0.651861 0.885619
0.652640 0.691280
0.653496 0.716654
0.656036 0.704376
0.657000 0.455397
0.657118 0.242325
0.659171 0.424847
0.659862 0.809571
0.661331 0.949816
0.661724 0.674405
0.662742 0.768608
0.663170 0.878878
0.663500 0.677143
0.664147 0.913762
0.666560 0.398875
0.668438 0.466556
0.669465 0.397218
0.669784 0.459869
0.670079 0.867134
0.671129 0.854271
0.671701 0.918804
0.673180 0.529147
0.673657 0.627789
0.674072 0.524161
0.675387 0.911057
0.675651 0.558252
0.675871 0.512458
0.677595 0.769473
0.677672 0.233781
0.678804 0.490560
0.679136 0.974921
0.680855 0.259638
0.682058 0.279971
0.683360 0.867629
0.684350 0.333989
0.684759 0.999365
0.685436 0.787548
0.686314 0.277015
0.686770 0.495242
0.687569 0.659222
0.688195 0.378018
0.689828 0.367640
0.690146 0.746275
0.691538 0.891812
0.692277 0.707396
0.692750 0.569865
0.693708 0.781950
0.694422 0.579593
0.696766 0.329399
0.697253 0.870141
0.698181 0.886901
0.698481 0.732830
0.700809 0.813993
0.702787 1.000000
0.703036 0.796806
0.703081 0.618459
0.703673 0.783999
0.703690 0.887703
0.708480 0.633797
0.709436 0.714108
0.712603 0.898390
0.713067 0.617615
0.713497 0.248490
0.714012 0.522513
0.718257 0.242579
0.718728 0.371110
0.718954 0.758116
0.719272 0.249118
0.720042 0.784184
0.722387 0.808153
0.722452 0.597807
0.724158 0.818127
0.725818 0.462777
0.726499 0.440841
0.734649 0.885990
0.735854 0.344752
0.736642 0.274798
0.739533 0.753831
0.740509 0.659689
0.741288 0.279334
0.742548 0.917758
0.742939 0.888339
0.746543 0.324776
0.747898 0.886784
0.748771 0.875171
0.752654 0.427941
0.753541 0.773468
0.753875 0.673831
0.755780 0.799525
0.756939 0.548142
0.757346 0.313201
0.759956 0.324767
0.760501 0.951756
0.761215 0.391245
0.761502 0.663329
0.766687 0.309346
0.769036 0.821867
0.769058 0.951401
0.771093 0.521712
0.772199 0.518354
0.773523 0.348877
0.775986 0.872107
0.777479 0.984673
0.777805 0.678894
0.792366 0.353060
0.792574 0.803051
0.792705 0.887047
0.797388 0.251975
0.799066 0.953499
0.799142 0.971617
0.809777 0.820622
0.810452 0.825807
0.812324 0.360509
0.815025 0.315117
0.820988 0.652950
0.822404 0.540679
0.824663 0.362950
0.830293 0.792896
0.832626 0.728198
0.832774 0.483710
0.834425 0.790123
0.842096 0.496200
0.844817 0.909703
0.847062 0.333749
0.850815 0.271224
0.856381 0.700769
0.856551 0.550273
0.857896 0.750567
0.863157 0.293637
0.868120 0.716196
0.881664 0.319612
0.890337 0.440648
0.890427 0.578398
0.897145 0.373547
0.903401 0.241881
0.913153 0.364218
0.916565 0.698398
1.000000 0.479916
