0.000000 0.380372
0.007582 0.047414
0.010550 0.350572
0.020007 0.512327
0.023381 0.204950
0.024409 0.521126
0.028762 0.464840
0.029591 0.550324
0.029848 0.400890
0.033154 0.484918
0.033207 0.338037
0.033338 0.234424
0.038480 0.213809
0.040089 0.584524
0.041803 0.338145
0.045058 0.267879
0.046767 0.456600
0.048049 0.249194
0.050879 0.406539
0.051640 0.460673
0.051944 0.344388
0.053595 0.731296
0.053786 0.329729
0.054562 0.455759
0.056583 0.430153
0.057059 0.413659
0.062582 0.429343
0.065002 0.339325
0.065193 0.267769
0.065198 0.425949
0.065709 0.728633
0.066351 0.565217
0.066533 0.078387
0.069346 0.272084
0.069562 0.293525
0.070581 0.731440
0.071596 0.236550
0.073372 0.654972
0.073888 0.653484
0.073973 0.674924
0.074171 0.554330
0.075351 0.747522
0.075653 0.378023
0.077434 0.539560
0.078436 0.483750
0.078759 0.330604
0.079842 0.640020
0.080396 0.549198
0.080761 0.459803
0.081439 0.894175
0.084650 0.346503
0.086321 0.818122
0.086441 0.588857
0.087886 0.426189
0.088104 0.562177
0.089762 0.564665
0.091297 0.257270
0.091460 0.777491
0.091868 0.452457
0.093127 0.469833
0.094569 0.378109
0.094755 0.274882
0.095432 0.664067
0.095792 0.435366
0.096157 0.460964
0.096534 0.721171
0.097603 0.112336
0.097791 0.361043
0.098250 0.461153
0.098416 0.430930
0.098835 0.454113
0.098889 0.580665
0.098996 0.259310
0.099163 0.581266
0.100132 0.249350
0.102007 0.536371
0.102231 0.493084
0.103725 0.256528
0.104849 0.224944
0.104896 0.564824
0.105717 0.474838
0.107063 0.549342
0.109289 0.292786
0.109811 0.329965
0.110481 0.626673
0.112327 0.518147
0.112822 0.487924
0.114557 0.700899
0.114833 0.396158
0.115496 0.494967
0.117453 0.435322
0.118392 0.239614
0.119818 0.576065
0.119928 0.661381
0.120704 0.722090
0.121811 0.568219
0.122879 0.495471
0.123365 0.269447
0.123982 0.114685
0.125481 0.469988
0.128057 0.484821
0.128439 0.637390
0.129726 0.495907
0.131849 0.502585
0.132420 0.604225
0.133472 0.446181
0.134438 0.616874
0.136053 0.262963
0.136053 0.481860
0.136550 0.495348
0.136568 0.621791
0.136603 0.437366
0.136624 0.448239
0.137140 0.504291
0.137843 0.560226
0.138081 0.479124
0.138081 0.524477
0.138289 0.485203
0.140101 0.392020
0.141480 0.719256
0.141606 0.427871
0.142127 0.375895
0.142259 0.130830
0.142539 0.389429
0.142656 0.727087
0.142796 0.561085
0.142874 0.347899
0.143105 0.543144
0.143693 0.339014
0.143715 0.686312
0.144945 0.471494
0.145326 0.315816
0.145511 0.454086
0.148673 0.485203
0.149154 0.300264
0.150226 0.175960
0.150718 0.622368
0.151109 0.658970
0.153392 0.645442
0.154670 0.582401
0.156703 0.405691
0.156760 0.494221
0.158048 0.540892
0.159479 0.582036
0.159731 0.726929
0.162403 0.645889
0.162472 0.382832
0.163617 0.404452
0.164217 0.000000
0.164341 0.511946
0.165209 0.585522
0.166087 0.695469
0.166716 0.691744
0.166755 0.568252
0.167244 0.695384
0.168583 0.360105
0.168641 0.518179
0.169178 0.694624
0.169373 0.438224
0.172026 0.303281
0.172329 0.652399
0.172364 0.472838
0.173595 0.646880
0.173741 0.508835
0.176320 0.525354
0.176853 0.655007
0.177769 0.431321
0.178577 0.355414
0.179533 0.350320
0.180271 0.602172
0.181237 0.430831
0.181508 0.717658
0.181844 0.173909
0.183060 0.494006
0.183897 0.472343
0.184059 0.469355
0.185896 0.506431
0.186647 0.652274
0.186704 0.550310
0.186760 0.561300
0.187791 0.553315
0.189505 0.404456
0.190162 0.544910
0.190321 0.582169
0.190759 0.728765
0.190784 0.434434
0.191956 0.542941
0.192211 0.494767
0.192335 0.544121
0.192925 0.588105
0.194466 0.443277
0.194773 0.284625
0.195265 0.565746
0.195600 0.779636
0.195681 0.421165
0.196623 0.435309
0.196658 0.453922
0.198008 0.377645
0.198229 0.375134
0.198775 0.360258
0.201288 0.603298
0.201702 0.486996
0.202012 0.574569
0.202125 0.778738
0.202349 0.788339
0.202559 0.309039
0.204239 0.629794
0.205924 0.428436
0.207157 0.604789
0.207395 0.504222
0.207432 0.478202
0.207647 0.501785
0.208911 0.655306
0.209364 0.185143
0.212324 0.520983
0.212908 0.485695
0.213654 0.658226
0.214256 0.591933
0.216759 0.590806
0.217788 0.422458
0.221202 0.261737
0.221479 0.517844
0.222436 0.553470
0.223160 0.673205
0.223192 0.432076
0.224495 0.473678
0.225553 0.666637
0.225884 0.680331
0.225946 0.807120
0.226195 0.549230
0.227239 0.564703
0.227351 0.678506
0.229145 0.733068
0.230050 0.765430
0.230133 0.745442
0.230407 0.623831
0.230553 0.458192
0.231786 0.267877
0.232318 0.576869
0.232623 0.742318
0.233702 0.593305
0.233712 0.515299
0.234689 0.547076
0.234903 0.432865
0.235449 0.418387
0.235838 0.648825
0.236241 0.481216
0.236486 0.840530
0.237712 0.575753
0.237888 0.642881
0.238598 0.740952
0.239040 0.570107
0.239597 0.530264
0.240351 0.767916
0.240374 0.547547
0.240529 0.394609
0.240550 0.652059
0.241084 0.381653
0.241229 0.599215
0.241293 0.464319
0.241393 0.544365
0.242348 0.466204
0.242606 0.519257
0.243142 0.511755
0.244968 0.516189
0.244995 0.568428
0.245355 0.634984
0.245472 0.397048
0.246499 0.708242
0.246824 0.636216
0.249423 0.584961
0.249765 0.392758
0.251867 0.695307
0.253361 0.426786
0.253459 0.425380
0.253480 0.581664
0.253675 0.408957
0.255351 0.492461
0.255356 0.490644
0.255470 0.627955
0.257158 0.444871
0.257227 0.398076
0.257242 0.507036
0.258843 0.648469
0.259845 0.302397
0.260482 0.407790
0.260485 0.729816
0.260579 0.629784
0.260978 0.600409
0.261326 0.446996
0.261683 0.648583
0.262983 0.605536
0.263097 0.799168
0.263117 0.553158
0.264742 0.600835
0.265879 0.826519
0.266459 0.338963
0.266899 0.498928
0.267308 0.661712
0.268473 0.437699
0.268980 0.702790
0.270082 0.450113
0.270095 0.449474
0.271015 0.853964
0.271764 0.605533
0.271816 0.440801
0.271985 0.605103
0.272956 0.436910
0.273619 0.657067
0.274516 0.945203
0.275093 0.502472
0.276734 0.396019
0.278947 0.851111
0.278991 0.301082
0.279463 0.658246
0.279719 0.514393
0.280549 0.624035
0.281615 0.577921
0.281903 0.700372
0.282145 0.742242
0.282152 0.583693
0.282249 0.429433
0.282380 0.492311
0.282993 0.673134
0.284840 0.522157
0.285602 0.548935
0.285836 0.478432
0.285957 0.374882
0.286978 0.582956
0.289578 0.552378
0.289814 0.537367
0.293103 0.520396
0.293174 0.754836
0.293657 0.282965
0.293847 0.575770
0.294192 0.618346
0.295553 0.483023
0.296364 0.628002
0.296606 0.655057
0.296737 0.616399
0.297373 0.348976
0.297994 0.497644
0.298769 0.317258
0.299239 0.696741
0.299406 0.589187
0.299582 0.170475
0.300965 0.658953
0.302189 0.806794
0.302774 0.637671
0.303239 0.879150
0.303256 0.776647
0.303993 0.673773
0.304847 0.523682
0.305109 0.395575
0.305215 0.511201
0.305392 0.600256
0.306064 0.579244
0.306752 0.540555
0.309861 0.784674
0.310204 0.514591
0.310612 0.430984
0.310985 0.829356
0.311687 0.447234
0.313500 0.626754
0.314948 0.487838
0.316369 0.597516
0.317034 0.289085
0.317184 0.604382
0.317507 0.529622
0.318330 0.583562
0.319062 0.445864
0.319208 0.651993
0.319561 0.670425
0.320125 0.498326
0.321188 0.656763
0.321690 0.385720
0.321812 0.655571
0.322363 0.587622
0.322415 0.507629
0.322438 0.367782
0.323811 0.653226
0.324547 0.540736
0.324871 0.624950
0.325669 0.319896
0.326088 0.797034
0.326186 0.404971
0.326921 0.683760
0.327147 0.678912
0.328483 0.609443
0.328827 0.609005
0.329840 0.649952
0.330321 0.632387
0.331434 0.595497
0.331478 0.491192
0.332736 0.666851
0.333125 0.459026
0.333491 0.363909
0.334575 0.482157
0.336775 0.586186
0.337816 0.330616
0.338929 0.293239
0.340198 0.589446
0.340453 0.532255
0.341053 0.420606
0.342680 0.739821
0.342881 0.322643
0.343805 0.544236
0.346081 0.493361
0.347125 0.505204
0.347465 0.646026
0.348439 0.820086
0.348578 0.416312
0.348601 0.704394
0.349442 0.415869
0.350084 0.371913
0.350342 0.655074
0.350826 0.685289
0.351611 0.567548
0.353690 0.272260
0.354313 0.600280
0.355084 0.682605
0.355610 0.536159
0.355749 0.654953
0.357800 0.739383
0.358457 0.338378
0.358589 0.592262
0.358878 0.501010
0.359048 0.509422
0.359134 0.730352
0.361905 0.433073
0.363824 0.769645
0.364591 0.712359
0.365316 0.810742
0.365771 0.619500
0.366009 0.686451
0.366299 0.560764
0.366967 0.811135
0.369089 0.581042
0.370126 0.447478
0.370531 0.652835
0.372255 0.576444
0.372358 0.678536
0.373671 0.665308
0.374638 0.500604
0.377123 0.570413
0.377735 0.505795
0.381463 0.490442
0.381664 0.722566
0.383410 0.533894
0.383517 0.735788
0.383939 0.586481
0.383982 0.395070
0.384707 0.518626
0.385439 0.669550
0.388809 0.522806
0.390496 0.524179
0.391411 0.706747
0.391855 0.579667
0.392587 0.524902
0.392650 0.633345
0.393067 0.537977
0.393585 0.590406
0.394203 0.532662
0.394953 0.633385
0.395327 0.599179
0.395687 0.614592
0.396074 0.496168
0.396661 0.553353
0.398170 0.633879
0.398583 0.441714
0.398742 0.609981
0.399697 0.663193
0.400233 0.453851
0.400797 0.603327
0.401927 0.520780
0.402330 0.550655
0.403045 0.404036
0.403319 0.424780
0.404431 0.515357
0.404470 0.432048
0.406431 0.550376
0.407066 0.632628
0.407217 0.483380
0.407287 0.729983
0.408249 0.649651
0.408657 0.527795
0.408793 0.728948
0.409235 0.499005
0.409538 0.789334
0.409896 0.567406
0.411992 0.623952
0.413150 0.759432
0.414183 0.645758
0.416696 0.711374
0.417419 0.522674
0.417431 0.446858
0.417559 0.468027
0.418995 0.809175
0.420135 0.622773
0.420217 0.612237
0.421238 0.779770
0.421447 0.856670
0.421670 0.536903
0.422725 0.810921
0.423870 0.610968
0.424356 0.270821
0.425570 0.621388
0.426027 0.822368
0.426029 0.741966
0.426799 0.502049
0.427972 0.534449
0.429468 0.852442
0.429531 0.738705
0.430149 0.490414
0.431792 0.544233
0.431922 0.572690
0.432412 0.510600
0.433433 0.683360
0.435283 0.281545
0.436067 0.319255
0.436240 0.715473
0.437260 0.510603
0.438900 0.556363
0.440030 0.505995
0.441226 0.555461
0.441243 0.393935
0.442479 0.444523
0.442607 0.595322
0.443589 0.400908
0.444837 0.622660
0.445475 0.967993
0.448922 0.461003
0.450654 0.455379
0.453863 0.581883
0.457885 0.330133
0.458460 0.764655
0.459793 0.812238
0.460159 0.566457
0.465257 0.587589
0.465537 0.773121
0.465889 0.628112
0.466383 0.331192
0.467237 0.518567
0.467824 0.533983
0.468160 0.684910
0.468898 0.467658
0.469044 0.631406
0.470180 0.674712
0.471045 0.669702
0.471562 0.482185
0.473198 0.358984
0.474323 0.544330
0.474691 0.618689
0.477403 0.282601
0.479742 0.482415
0.483505 0.753494
0.485900 0.629591
0.486005 0.652879
0.488000 0.914331
0.488175 0.447135
0.489043 0.327018
0.489987 0.755853
0.492181 0.696796
0.493134 0.714839
0.493264 0.573096
0.493404 0.865787
0.497283 0.650640
0.497514 0.654223
0.497535 0.764846
0.497544 0.640545
0.497886 0.665957
0.498849 0.583382
0.499958 1.000000
0.502796 0.316763
0.502950 0.571159
0.505058 0.640757
0.505460 0.546326
0.505750 0.609335
0.505906 0.639263
0.506511 0.493048
0.506832 0.605390
0.507641 0.809166
0.508528 0.709098
0.509541 0.564261
0.509666 0.431217
0.510295 0.761196
0.510519 0.628521
0.512397 0.354782
0.512398 0.705016
0.515286 0.710762
0.517737 0.602962
0.520692 0.577980
0.520727 0.739151
0.523225 0.693183
0.523354 0.642712
0.526818 0.694695
0.527117 0.563734
0.527252 0.472819
0.532125 0.573304
0.532691 0.692041
0.533382 0.471733
0.533686 0.580747
0.534078 0.706594
0.534893 0.507881
0.536470 0.386933
0.538465 0.640335
0.538660 0.651931
0.542108 0.552369
0.552341 0.573289
0.552637 0.968512
0.553041 0.736892
0.554257 0.880128
0.554390 0.511779
0.555779 0.621261
0.560566 0.587406
0.565306 0.687970
0.570440 0.666978
0.572713 0.431589
0.575712 0.713505
0.576434 0.625602
0.576740 0.578486
0.577030 0.604807
0.578179 0.762870
0.583456 0.520553
0.587427 0.558716
0.588743 0.745108
0.593667 0.172918
0.593744 0.757802
0.593809 0.731768
0.599115 0.451279
0.604718 0.555677
0.605942 0.600754
0.606196 0.817189
0.609763 0.754523
0.615744 0.762556
0.617000 0.738227
0.617368 0.491319
0.621918 0.512803
0.621925 0.794709
0.622796 0.517532
0.623251 0.513792
0.628319 0.320677
0.628827 0.693301
0.630565 0.811143
0.631867 0.433836
0.633938 0.718961
0.642382 0.482538
0.643952 0.783853
0.647998 0.679816
0.648796 0.574688
0.651043 0.540918
0.659716 0.693663
0.663589 0.497612
0.667913 0.724208
0.668009 0.647753
0.671214 0.944442
0.673365 0.703725
0.676003 0.831309
0.684802 0.778681
0.693742 0.666705
0.698236 0.536166
0.700550 0.575978
0.701666 0.338327
0.705157 0.613126
0.706586 0.630720
0.707857 0.802055
0.709987 0.884974
0.710459 0.546222
0.719205 0.483339
0.721307 0.387814
0.723944 0.813009
0.739678 0.582586
0.740346 0.556623
0.746193 0.718576
0.749377 0.516940
0.757112 0.641938
0.763676 0.636453
0.769240 0.801137
0.769264 0.497889
0.789108 0.741862
0.789412 0.871508
0.806072 0.777486
0.816299 0.536288
0.843665 0.663666
0.860178 0.958878
0.868313 0.578160
0.874475 0.862891
0.903381 0.524812
0.933205 0.802012
0.944812 0.645062
0.970939 0.639548
1.000000 0.614296
