0.000000 0.379528
0.001006 0.191220
0.002081 0.352762
0.002403 0.040261
0.002949 0.108648
0.007955 0.547027
0.009069 0.363638
0.009965 0.004280
0.010130 0.281849
0.010610 0.049703
0.013128 0.129664
0.015146 0.001489
0.016418 0.474005
0.017203 0.211390
0.017518 0.095350
0.018692 0.392061
0.019388 0.000000
0.019460 0.397445
0.019478 0.516710
0.024031 0.250909
0.025642 0.067892
0.026165 0.125345
0.027864 0.519477
0.028227 0.033895
0.029586 0.168511
0.030586 0.324574
0.030716 0.439888
0.031280 0.299928
0.031478 0.394395
0.035173 0.148711
0.036600 0.003549
0.037246 0.027287
0.037667 0.183230
0.038489 0.271651
0.040380 0.175981
0.042029 0.252138
0.043337 0.483507
0.047242 0.131182
0.049622 0.207334
0.049940 0.416813
0.050174 0.123700
0.051055 0.187433
0.053219 0.139559
0.054122 0.478287
0.054857 0.388145
0.057234 0.322355
0.058859 0.357700
0.059753 0.266875
0.060957 0.141649
0.062492 0.038575
0.066650 0.177570
0.069508 0.202632
0.069783 0.588392
0.072999 0.094135
0.073652 0.273345
0.075242 0.555812
0.076163 0.470097
0.078689 0.431392
0.078973 0.250584
0.081386 0.050512
0.083456 0.104020
0.084818 0.513083
0.085721 0.323918
0.085863 0.561092
0.085894 0.564024
0.086141 0.273649
0.086579 0.107709
0.088359 0.052777
0.088501 0.540610
0.093769 0.194827
0.094510 0.350468
0.094520 0.494844
0.094883 0.538061
0.095617 0.549748
0.095746 0.171947
0.096085 0.086412
0.096328 0.186246
0.096990 0.345257
0.098445 0.441809
0.099791 0.089218
0.100695 0.464401
0.100833 0.092600
0.101643 0.239499
0.102356 0.452650
0.102909 0.465326
0.103336 0.411675
0.107588 0.135009
0.108363 0.463769
0.109495 0.533526
0.110242 0.199378
0.110264 0.298118
0.114434 0.388350
0.114511 0.349690
0.114598 0.171246
0.115183 0.467210
0.117557 0.458789
0.119236 0.263731
0.119440 0.468198
0.119561 0.316320
0.121472 0.217092
0.122456 0.403322
0.123069 0.588558
0.125217 0.632376
0.130068 0.304928
0.132885 0.283083
0.135152 0.322569
0.135231 0.162106
0.136098 0.364625
0.137864 0.290354
0.140403 0.586070
0.143154 0.371269
0.144275 0.632765
0.144714 0.198941
0.147426 0.631419
0.147504 0.506522
0.147579 0.141449
0.150456 0.323045
0.151413 0.573574
0.155401 0.321220
0.155668 0.205404
0.158958 0.497655
0.160258 0.479804
0.160348 0.173431
0.160980 0.395629
0.161327 0.420809
0.161393 0.561025
0.162542 0.595439
0.164279 0.604692
0.164466 0.649743
0.165968 0.459202
0.167454 0.667360
0.169045 0.616909
0.169695 0.533159
0.171409 0.403339
0.171794 0.492614
0.172002 0.403535
0.173175 0.610224
0.174341 0.447727
0.174368 0.392574
0.174442 0.469517
0.175657 0.469752
0.175788 0.265064
0.177616 0.103497
0.177755 0.460795
0.183640 0.174868
0.184628 0.485570
0.185664 0.383931
0.185975 0.218453
0.186019 0.637853
0.187866 0.155457
0.188797 0.174420
0.191938 0.211449
0.193748 0.166662
0.194808 0.189723
0.195642 0.541781
0.196576 0.547260
0.196772 0.514789
0.200327 0.257584
0.200673 0.589853
0.200930 0.672894
0.201229 0.527160
0.201461 0.541462
0.203723 0.130618
0.203867 0.176954
0.204553 0.370265
0.207987 0.172556
0.209277 0.518709
0.209610 0.145718
0.211719 0.129036
0.211950 0.302994
0.212984 0.560331
0.213081 0.579898
0.213116 0.520085
0.215016 0.548296
0.215201 0.394074
0.216705 0.228338
0.217173 0.154820
0.218996 0.194719
0.219282 0.273654
0.219924 0.238078
0.220141 0.528146
0.221912 0.363356
0.222475 0.154553
0.223171 0.695972
0.225166 0.197501
0.226001 0.149688
0.227595 0.403129
0.229010 0.143622
0.234437 0.432538
0.235620 0.465531
0.236778 0.157322
0.238992 0.471476
0.239666 0.150324
0.240031 0.158231
0.242759 0.227297
0.243331 0.433068
0.243505 0.619744
0.244301 0.187326
0.244752 0.220120
0.245505 0.353344
0.245569 0.212414
0.245670 0.661788
0.247269 0.545339
0.248596 0.258794
0.248918 0.305585
0.249832 0.608401
0.249975 0.439915
0.250173 0.343896
0.251523 0.304906
0.251560 0.187753
0.253877 0.546176
0.255082 0.507915
0.255265 0.186977
0.257771 0.479414
0.257971 0.315710
0.259552 0.690018
0.259685 0.480237
0.260112 0.640060
0.260219 0.575491
0.260412 0.335238
0.261450 0.324103
0.261960 0.355513
0.262054 0.654387
0.263538 0.239314
0.264300 0.640462
0.264742 0.185174
0.264771 0.466774
0.265751 0.457070
0.265907 0.313670
0.268532 0.670472
0.269589 0.479699
0.270520 0.253229
0.273215 0.186364
0.275824 0.262285
0.276587 0.211550
0.278630 0.406594
0.279762 0.175924
0.281744 0.497743
0.282784 0.675100
0.283873 0.669466
0.284270 0.177944
0.285749 0.567236
0.286587 0.615940
0.287691 0.627535
0.290497 0.466540
0.291067 0.544876
0.294366 0.369691
0.300787 0.534125
0.301336 0.558634
0.302072 0.207463
0.302458 0.373168
0.302944 0.369669
0.303400 0.605849
0.305473 0.430193
0.306041 0.374069
0.309423 0.499232
0.310099 0.198242
0.317369 0.507653
0.320554 0.487519
0.322804 0.567456
0.323995 0.335247
0.324092 0.626912
0.324307 0.488353
0.329827 0.447655
0.333670 0.219046
0.336000 0.552344
0.338773 0.604504
0.339713 0.289499
0.342814 0.342576
0.343962 0.665921
0.344751 0.332934
0.345539 0.693848
0.347471 0.612656
0.347781 0.424949
0.349575 0.384235
0.349687 0.396824
0.350830 0.542513
0.352697 0.649095
0.352948 0.638702
0.353371 0.592681
0.353773 0.623573
0.354519 0.348898
0.359212 0.410531
0.363982 0.505092
0.364953 0.264436
0.365249 0.239911
0.365489 0.580286
0.365754 0.728595
0.365948 0.682230
0.367286 0.574703
0.368097 0.505789
0.372126 0.714196
0.372228 0.191288
0.372308 0.519309
0.375666 0.367438
0.375784 0.426969
0.378742 0.332939
0.379057 0.263782
0.379568 0.184543
0.380003 0.276837
0.381493 0.525508
0.381703 0.214807
0.383583 0.350618
0.383793 0.718358
0.384032 0.263186
0.384097 0.336410
0.384624 0.675666
0.384917 0.657827
0.386832 0.485814
0.386955 0.382563
0.388452 0.674161
0.389036 0.242833
0.390092 0.218759
0.390866 0.567585
0.391825 0.312391
0.392289 0.500284
0.393607 0.411811
0.395309 0.570918
0.395471 0.232172
0.396699 0.765760
0.401648 0.619419
0.402160 0.357156
0.403227 0.456746
0.404901 0.751052
0.405021 0.327865
0.405091 0.445253
0.407912 0.321029
0.417165 0.442961
0.418957 0.685822
0.419959 0.497645
0.420121 0.769912
0.420854 0.384713
0.423809 0.353483
0.425240 0.613711
0.425490 0.280479
0.425615 0.325332
0.427253 0.201929
0.428653 0.690275
0.428953 0.317719
0.432324 0.477129
0.432483 0.740666
0.434280 0.725830
0.434368 0.647306
0.434664 0.197431
0.434694 0.725798
0.435211 0.477599
0.437693 0.672015
0.437710 0.282048
0.437747 0.511404
0.439826 0.284217
0.441427 0.568428
0.441931 0.387046
0.442539 0.644746
0.443105 0.520548
0.443425 0.448975
0.446548 0.227612
0.447573 0.511222
0.448408 0.404575
0.448935 0.535272
0.449205 0.352620
0.452650 0.263395
0.453352 0.352230
0.454314 0.640436
0.456699 0.428825
0.456864 0.627915
0.457843 0.633080
0.459389 0.195124
0.459924 0.770871
0.459951 0.699406
0.463017 0.534408
0.463415 0.484034
0.465600 0.462254
0.465741 0.328429
0.466149 0.340045
0.467345 0.583968
0.467634 0.685894
0.467725 0.258263
0.471313 0.561531
0.472230 0.251428
0.472382 0.346555
0.472547 0.692210
0.475155 0.301827
0.475832 0.261892
0.476632 0.453926
0.481155 0.614709
0.481547 0.711231
0.484761 0.612665
0.485661 0.778347
0.485826 0.623823
0.486551 0.389512
0.486573 0.513712
0.486920 0.302066
0.488145 0.547667
0.488800 0.678668
0.488938 0.677187
0.489698 0.750036
0.492849 0.649613
0.492902 0.768818
0.492937 0.579580
0.493174 0.491766
0.493539 0.326903
0.494102 0.272916
0.497093 0.602513
0.497573 0.297998
0.499694 0.775370
0.500032 0.284101
0.500186 0.445955
0.500703 0.426053
0.501951 0.268901
0.502003 0.416661
0.502241 0.767331
0.502497 0.379414
0.505266 0.404469
0.505950 0.685605
0.506984 0.405817
0.508392 0.303014
0.508667 0.630319
0.511170 0.519924
0.511238 0.277671
0.512709 0.740161
0.513516 0.219621
0.513852 0.245265
0.515883 0.743535
0.516010 0.515292
0.517234 0.473697
0.518377 0.222081
0.518841 0.451531
0.520317 0.776119
0.522091 0.611525
0.522669 0.462625
0.523107 0.246656
0.525376 0.367576
0.530092 0.611385
0.530849 0.223469
0.536468 0.239423
0.536547 0.345423
0.536644 0.794703
0.537998 0.660318
0.538017 0.534759
0.539594 0.629963
0.540191 0.534515
0.541904 0.588281
0.543104 0.734429
0.545716 0.767409
0.550109 0.293269
0.550582 0.570296
0.551784 0.771660
0.553275 0.686526
0.557386 0.565705
0.558658 0.676446
0.558925 0.368433
0.560261 0.453184
0.560566 0.657848
0.560975 0.628075
0.561460 0.582451
0.562156 0.394196
0.564664 0.762171
0.564808 0.755638
0.568927 0.727718
0.568948 0.368840
0.569612 0.606403
0.571044 0.312297
0.571448 0.479157
0.572646 0.373474
0.573030 0.504710
0.573423 0.521819
0.574518 0.482337
0.574764 0.439763
0.580379 0.504978
0.582068 0.570143
0.582115 0.499005
0.583766 0.768260
0.587045 0.552364
0.587273 0.347979
0.588064 0.442775
0.588528 0.442915
0.588536 0.240575
0.592155 0.251865
0.594430 0.538600
0.595083 0.340406
0.596254 0.380049
0.596423 0.581426
0.596668 0.651043
0.597106 0.701483
0.598627 0.357098
0.599436 0.802258
0.600650 0.395278
0.604170 0.341011
0.605383 0.515925
0.607323 0.398429
0.607484 0.541582
0.607753 0.527049
0.609266 0.353107
0.609455 0.371579
0.610027 0.221781
0.610901 0.314133
0.613236 0.734179
0.613527 0.777292
0.615003 0.409442
0.617149 0.586508
0.617356 0.538872
0.622169 0.329039
0.622661 0.433194
0.622804 0.435476
0.623908 0.460183
0.624067 0.318709
0.625331 0.508429
0.625523 0.362259
0.626218 0.505863
0.627755 0.232510
0.627899 0.653510
0.630306 0.643920
0.630765 0.581024
0.630839 0.623917
0.637345 0.728608
0.638720 0.675971
0.640316 0.415523
0.641635 0.654045
0.641746 0.341203
0.643737 0.331899
0.644116 0.363013
0.649804 0.756440
0.650653 0.560335
0.650932 0.565598
0.652012 0.584530
0.654251 0.533484
0.658375 0.753519
0.661312 0.614757
0.662187 0.540651
0.662978 0.726420
0.668852 0.325504
0.670631 0.625903
0.671997 0.492764
0.678491 0.238359
0.679354 0.323882
0.680607 0.645878
0.682586 0.792161
0.684142 0.643422
0.685413 0.818288
0.686037 0.549266
0.686377 0.557338
0.689162 0.807399
0.689441 0.596309
0.690370 0.586511
0.690891 0.345999
0.691086 0.684132
0.694498 0.304112
0.697978 0.454287
0.698294 0.583263
0.698518 0.557363
0.699304 0.408752
0.699975 0.296758
0.699985 0.400675
0.700735 0.735362
0.700834 0.644089
0.700915 0.833978
0.701015 0.816739
0.704109 0.319491
0.706254 0.367860
0.707522 0.781309
0.708320 0.577428
0.708842 0.403459
0.713422 0.627484
0.713428 0.265543
0.714268 0.701974
0.714544 0.629648
0.715035 0.425243
0.717048 0.483632
0.717520 0.407886
0.717557 0.663008
0.720291 0.596769
0.723234 0.805072
0.725113 0.767643
0.725669 0.368342
0.726486 0.493868
0.728660 0.680750
0.730957 0.772687
0.732707 0.576487
0.732805 0.699539
0.733189 0.403123
0.733810 0.627056
0.734329 0.418072
0.734613 0.396799
0.734639 0.329187
0.740621 0.584822
0.741710 0.617877
0.742128 0.679358
0.742277 0.570907
0.742696 0.647535
0.743731 0.620846
0.746625 0.256470
0.747065 0.351216
0.748217 0.383767
0.751178 0.480666
0.752777 0.273789
0.752815 0.602652
0.755060 0.735375
0.755812 0.503990
0.758167 0.496239
0.761245 0.486547
0.761863 0.781466
0.762085 0.836369
0.762689 0.737116
0.765885 0.466993
0.766335 0.553260
0.767355 0.450083
0.767451 0.843749
0.773451 0.369367
0.776820 0.298530
0.780437 0.294188
0.781163 0.462299
0.783032 0.592795
0.783966 0.568264
0.785957 0.627467
0.787387 0.832996
0.789826 0.290974
0.790489 0.767514
0.792404 0.596875
0.792605 0.354183
0.794574 0.598709
0.795896 0.858608
0.796437 0.428928
0.796923 0.361492
0.800472 0.708741
0.800788 0.688446
0.801032 0.646943
0.801081 0.332183
0.801386 0.287448
0.805628 0.365325
0.806579 0.562228
0.811288 0.503883
0.811643 0.379557
0.813148 0.695277
0.813414 0.388288
0.816877 0.803385
0.819070 0.436684
0.826136 0.460613
0.826911 0.855915
0.827104 0.348243
0.833673 0.333309
0.834586 0.875300
0.834813 0.452395
0.835850 0.532914
0.838488 0.436544
0.839011 0.606713
0.840526 0.878307
0.841807 0.472824
0.844677 0.466008
0.844769 0.463266
0.848596 0.422225
0.849484 0.681312
0.849958 0.495966
0.853118 0.694174
0.854704 0.712531
0.856146 0.364779
0.857998 0.706765
0.858229 0.566022
0.858231 0.382516
0.859171 0.792505
0.860818 0.820721
0.861183 0.488961
0.862716 0.623329
0.864796 0.913642
0.867502 0.636719
0.868731 0.548930
0.871565 0.570933
0.872703 0.884196
0.874987 0.830319
0.876668 0.693483
0.877400 0.863111
0.879995 0.479037
0.881441 0.643848
0.882607 0.560048
0.882707 0.618567
0.884083 0.364527
0.884766 0.771106
0.886056 0.779337
0.886819 0.418266
0.888535 0.648018
0.890298 0.874884
0.891027 0.583775
0.891359 0.531066
0.891467 0.659125
0.891565 0.849608
0.892212 0.672744
0.894494 0.943375
0.897306 0.826041
0.897377 0.854305
0.898461 0.437688
0.898562 0.522158
0.899091 0.677811
0.899224 0.850808
0.900442 0.496905
0.901145 0.662860
0.902451 0.621362
0.903950 0.946972
0.904620 0.469399
0.905367 0.662014
0.907046 0.749163
0.909301 0.538490
0.911287 0.646535
0.914308 0.416947
0.915916 0.882565
0.917752 0.546298
0.923225 0.760566
0.924811 0.464198
0.925246 0.642305
0.926594 0.886564
0.928184 0.694068
0.930310 0.691447
0.930349 0.783562
0.931839 0.442705
0.932348 0.513944
0.933355 0.542593
0.934268 0.736750
0.934921 0.842416
0.935904 0.628515
0.938264 0.728534
0.942310 0.931037
0.943879 0.556405
0.945212 0.956714
0.945418 0.890679
0.948309 0.866110
0.950471 1.000000
0.953293 0.714742
0.954467 0.818271
0.956204 0.756802
0.956675 0.972974
0.957684 0.775823
0.962627 0.543936
0.963052 0.879483
0.963278 0.595276
0.963773 0.540708
0.965136 0.992016
0.965404 0.923108
0.967069 0.917627
0.969061 0.991424
0.972383 0.982283
0.973366 0.802546
0.973783 0.824273
0.976001 0.801351
0.976035 0.883048
0.977103 0.817653
0.977351 0.688778
0.978417 0.454507
0.984229 0.553303
0.984265 0.843821
0.985962 0.641179
0.986603 0.606578
0.987227 0.827298
0.989519 0.829646
0.989816 0.543363
0.992284 0.465399
0.993737 0.701045
0.994248 0.748455
0.995515 0.948474
0.996374 0.770520
0.998680 0.653861
0.999735 0.741956
0.999837 0.872655
1.000000 0.585210
