0.000000 0.156242
0.000318 0.071183
0.010370 0.045047
0.010984 0.417716
0.018607 0.000000
0.020145 0.110803
0.037142 0.317929
0.080779 0.153499
0.081144 0.232959
0.127510 0.210941
0.142264 0.186813
0.182014 0.383225
0.183803 0.215221
0.192162 0.219343
0.196842 0.728945
0.198076 0.130603
0.209775 0.250693
0.310746 0.085743
0.332900 0.323942
0.386876 0.449654
0.418909 0.309893
0.430790 0.743819
0.452600 0.402430
0.455438 0.201099
0.517224 0.450892
0.525007 0.452095
0.549499 0.388830
0.552691 0.298937
0.580239 0.847183
0.584568 0.326078
0.627034 0.590751
0.628010 0.959331
0.636007 0.571668
0.640671 0.482481
0.659125 0.439422
0.678301 0.285114
0.681148 0.375694
0.681576 0.506031
0.699492 0.439685
0.720788 0.493359
0.720924 0.422039
0.732160 0.325495
0.772360 0.609858
0.843780 1.000000
0.878105 0.439221
0.918944 0.682188
0.951147 0.646283
0.967549 0.794267
1.000000 0.543216
