0.000000 0.987248
0.003578 0.477479
0.005955 0.809609
0.007066 0.064794
0.016753 0.449945
0.018298 0.925935
0.032055 0.302773
0.033200 0.570190
0.033536 0.588791
0.035458 0.643467
0.048120 0.881611
0.049214 0.946029
0.056926 0.589724
0.058034 0.605937
0.059666 0.987694
0.060596 0.078787
0.061655 0.635500
0.062108 0.673256
0.063631 0.234275
0.063795 0.147076
0.065919 0.413352
0.066632 0.861511
0.070942 0.822829
0.075676 0.472853
0.078836 0.796344
0.080412 0.676161
0.084600 0.775882
0.085256 0.984668
0.087172 0.612653
0.090014 0.551677
0.091757 0.220863
0.095205 0.629921
0.095215 0.819063
0.095955 0.457702
0.098954 0.735478
0.099373 0.693356
0.100868 0.791522
0.106332 0.521900
0.106619 0.866338
0.109174 0.655943
0.110755 0.732880
0.111308 0.406155
0.114115 0.694652
0.117457 0.714970
0.117824 0.931319
0.118173 0.763405
0.118494 0.645585
0.118590 0.823230
0.120007 0.583541
0.120838 0.153049
0.124565 0.752554
0.127418 0.557485
0.131861 0.747410
0.132710 0.601223
0.135706 0.785568
0.137271 0.882581
0.137421 0.876359
0.140211 0.776993
0.143439 0.961221
0.143926 0.888544
0.144070 0.758760
0.144225 0.849643
0.144377 0.726717
0.148568 0.640724
0.148946 0.617043
0.149625 0.831437
0.151171 0.369387
0.154113 0.000000
0.156151 0.734047
0.156375 0.801346
0.156538 0.807089
0.158212 0.780732
0.158482 0.553006
0.160491 0.925732
0.160646 0.571662
0.164444 0.407135
0.166652 0.651833
0.167411 0.872514
0.168024 0.380754
0.168061 0.679668
0.170112 0.725818
0.170535 0.771636
0.170604 0.710302
0.170802 0.430626
0.174059 0.767107
0.174722 0.813130
0.174754 0.859762
0.177031 0.502761
0.179938 0.518760
0.181468 0.729585
0.181662 0.723629
0.183667 0.544578
0.185386 0.989368
0.185628 0.789739
0.185733 0.579269
0.186723 0.812375
0.188290 0.597292
0.188815 0.914504
0.189692 0.775172
0.189760 0.855474
0.193339 0.117942
0.193482 0.425895
0.194630 0.383090
0.194690 0.623976
0.196422 0.666273
0.197795 0.832672
0.198381 0.771995
0.198405 0.530647
0.201099 0.600171
0.203247 0.791537
0.204470 0.541780
0.204761 0.713080
0.204766 0.707419
0.207259 0.659152
0.209378 0.624336
0.210339 0.695030
0.214499 0.820777
0.215716 0.452038
0.215849 0.619547
0.216535 0.906812
0.217815 0.608188
0.217907 0.634158
0.219863 0.793097
0.219910 0.442557
0.220242 0.725544
0.224472 0.663909
0.225577 0.644542
0.226295 0.763666
0.227063 0.387898
0.227141 0.534353
0.227403 0.728105
0.227984 0.667146
0.228928 0.922315
0.229806 0.949298
0.232010 0.877687
0.232988 0.756778
0.234729 0.907491
0.235493 0.299363
0.235793 0.816737
0.237343 0.233191
0.238526 0.859020
0.240058 0.905069
0.242904 0.815919
0.243365 0.713606
0.245288 0.863625
0.246306 0.828114
0.247388 0.725070
0.247946 0.600695
0.249378 0.623559
0.249938 0.913263
0.249988 0.859617
0.252102 0.920394
0.252672 0.779332
0.255421 0.862011
0.255690 0.866430
0.256720 0.864920
0.257867 0.830285
0.258037 0.604720
0.258874 0.938006
0.260768 0.591260
0.261161 0.785409
0.261699 0.913709
0.261797 0.815268
0.264375 0.835400
0.265473 0.601926
0.267261 0.810179
0.269814 0.146289
0.270057 0.674478
0.270476 0.668145
0.270670 0.758505
0.270830 0.562477
0.274408 0.525729
0.276573 0.892057
0.280207 0.780243
0.280240 0.668719
0.280439 0.421839
0.280515 0.855467
0.282688 0.582604
0.282713 0.508687
0.283965 0.706469
0.285516 0.592937
0.285641 0.801015
0.288106 0.761027
0.288254 0.623201
0.289640 0.828157
0.290165 0.696413
0.292436 0.841568
0.293086 0.651167
0.293422 0.715807
0.293948 0.664893
0.303020 0.920691
0.303643 0.579157
0.303970 0.670155
0.304204 0.748325
0.305563 0.770630
0.306054 0.932609
0.308149 0.747207
0.308557 0.778600
0.308721 0.500820
0.309165 0.805779
0.309172 0.690805
0.309811 0.851010
0.310001 0.862335
0.310022 0.946659
0.310301 0.693853
0.311031 0.629917
0.311560 0.466654
0.314361 0.574850
0.314382 0.470985
0.316021 0.756403
0.318564 0.634676
0.321341 0.663811
0.323741 0.834895
0.326147 0.724285
0.327839 0.796775
0.329152 0.896627
0.329182 0.639372
0.330892 0.353594
0.331102 0.524739
0.331201 0.884821
0.332107 0.946649
0.333859 0.807347
0.334108 0.349474
0.336787 0.745201
0.338719 0.816461
0.339024 0.441631
0.340372 0.570556
0.340582 0.567963
0.341225 0.858102
0.341285 0.709985
0.342504 0.901826
0.344819 0.880258
0.346172 0.573014
0.346947 0.904824
0.347351 0.900743
0.349563 0.710297
0.354117 0.606520
0.358253 0.827598
0.358351 0.358822
0.359285 0.773748
0.360303 0.320476
0.360384 0.486920
0.361635 0.605131
0.363378 0.463499
0.364205 0.901769
0.364775 0.741946
0.366655 0.640923
0.367966 0.428197
0.369217 0.781602
0.370042 0.855188
0.370565 0.531672
0.371386 0.768490
0.371734 0.808987
0.374785 0.781677
0.375541 0.682405
0.376001 0.798142
0.376502 0.728445
0.376676 0.479044
0.377086 0.664615
0.378041 0.906169
0.378195 0.418815
0.379841 0.631581
0.382443 0.915655
0.383092 0.765208
0.383890 0.935274
0.383998 0.556300
0.386013 0.513189
0.386521 0.826794
0.388031 0.785331
0.388341 0.540513
0.388568 0.762855
0.390627 0.657081
0.390802 0.860958
0.391503 0.595306
0.393814 0.724171
0.394863 0.879213
0.397850 0.407001
0.398900 0.682271
0.398971 0.759254
0.400411 0.660459
0.401129 0.655845
0.401403 0.762721
0.404134 0.768573
0.405602 0.698558
0.406909 0.731031
0.407338 0.891722
0.409047 0.711617
0.410939 0.705584
0.413740 0.751513
0.415193 0.763228
0.416347 0.557099
0.417234 0.762131
0.422484 0.870891
0.424267 0.832143
0.425371 0.801905
0.425842 0.726256
0.427752 0.675417
0.432498 0.577241
0.433182 0.841095
0.435692 0.763084
0.436142 0.862282
0.438821 0.831920
0.439963 0.701198
0.440062 0.808627
0.441556 0.640377
0.444336 0.981250
0.445069 0.812417
0.445259 0.760160
0.446005 0.766920
0.446077 0.762442
0.446997 0.691899
0.447251 0.838944
0.449830 0.829359
0.450437 0.874014
0.450930 0.653638
0.450962 0.890319
0.453341 0.847438
0.453847 0.917221
0.454167 0.926358
0.454468 0.680396
0.455849 0.858195
0.455936 0.538210
0.456892 0.844426
0.458192 0.642993
0.459980 0.662651
0.462249 0.612262
0.462781 0.506495
0.464085 0.782732
0.465049 0.822144
0.467943 0.614774
0.471327 0.842224
0.471728 0.791674
0.471789 1.000000
0.472207 0.750386
0.473218 0.720693
0.473227 0.777802
0.478465 0.705739
0.487560 0.832475
0.488801 0.589049
0.491068 0.767739
0.495174 0.881995
0.498394 0.818759
0.499274 0.617059
0.501214 0.816612
0.505184 0.875436
0.505646 0.591288
0.505790 0.831131
0.508167 0.708864
0.510150 0.897887
0.511090 0.670938
0.512659 0.732808
0.513128 0.701136
0.513760 0.798301
0.515775 0.811007
0.516015 0.836710
0.519060 0.723029
0.524616 0.798626
0.525420 0.967452
0.528022 0.659273
0.528487 0.845640
0.528817 0.799458
0.529913 0.619712
0.532099 0.728393
0.532305 0.745534
0.532979 0.859370
0.534869 0.670941
0.537110 0.772899
0.537720 0.759982
0.539383 0.770712
0.543683 0.849585
0.550307 0.741998
0.550722 0.770661
0.552369 0.531728
0.552739 0.746269
0.557295 0.858585
0.559274 0.864713
0.560374 0.960021
0.562789 0.795280
0.568209 0.782499
0.573271 0.847961
0.575964 0.750582
0.576245 0.677770
0.576644 0.832297
0.577383 0.966297
0.580857 0.740352
0.580979 0.779699
0.582801 0.896734
0.586114 0.785148
0.586185 0.807134
0.589873 0.813616
0.590248 0.846902
0.599119 0.674231
0.600336 0.860148
0.603613 0.811394
0.605339 0.803322
0.605875 0.691425
0.606155 0.774924
0.609939 0.654324
0.611461 0.774982
0.611960 0.849055
0.612777 0.876961
0.613419 0.797282
0.613616 0.795116
0.613990 0.826260
0.617000 0.795288
0.622024 0.887127
0.622762 0.740636
0.623220 0.694891
0.635872 0.821508
0.638425 0.719465
0.643502 0.918359
0.649534 0.640531
0.649862 0.723878
0.654842 0.819782
0.655800 0.751189
0.658533 0.703756
0.660226 0.806170
0.660669 0.768291
0.660685 0.771423
0.671112 0.810916
0.673306 0.846975
0.676365 0.773598
0.678030 0.660079
0.678300 0.871463
0.690254 0.654324
0.690750 0.857735
0.690927 0.815169
0.706718 0.837699
0.714330 0.859727
0.715501 0.803243
0.716905 0.843296
0.719983 0.701552
0.720454 0.850201
0.723078 0.812920
0.728648 0.818396
0.739949 0.857221
0.743146 0.830786
0.746825 0.857473
0.746923 0.913297
0.748265 0.819836
0.761404 0.892453
0.765057 0.827463
0.767982 0.828333
0.779458 0.865284
0.779803 0.786052
0.790618 0.866556
0.797523 0.827380
0.807157 0.806217
0.808542 0.842336
0.812120 0.824732
0.834093 0.831746
0.836184 0.831017
0.875811 0.839288
0.953883 0.854445
0.968206 0.855108
1.000000 0.863983
