0.000000 0.097304
0.006406 0.098940
0.063136 0.537416
0.088646 0.293581
0.114456 0.183961
0.127467 0.065953
0.151384 0.026854
0.167083 0.096221
0.184000 0.087019
0.208037 0.000000
0.213984 0.111279
0.239090 0.060953
0.264125 0.097966
0.295507 0.151185
0.336629 0.120497
0.354346 0.308452
0.382101 0.132179
0.384465 0.120386
0.396077 0.206761
0.411503 0.287623
0.567996 0.329829
0.639212 0.448136
0.737573 0.626784
0.747816 0.535967
0.756294 0.488766
0.803381 0.631832
0.945983 0.881935
1.000000 1.000000
