0.000000 0.958723
0.080620 0.973301
0.098275 0.987740
0.099779 1.000000
0.100414 0.937704
0.118802 0.947769
0.129309 0.964925
0.173875 0.485555
0.187345 0.810456
0.200629 0.814185
0.206724 0.880770
0.244420 0.979842
0.255440 0.922695
0.259381 0.821460
0.272200 0.706463
0.294419 0.756968
0.295376 0.865174
0.300985 0.862050
0.319113 0.853150
0.323702 0.843047
0.331222 0.926161
0.335282 0.764814
0.342055 0.915397
0.364878 0.419572
0.365405 0.767960
0.366250 0.740970
0.388444 0.628947
0.391384 0.858724
0.392691 0.717827
0.410970 0.670945
0.426258 0.580607
0.436516 0.861242
0.437256 0.731194
0.438007 0.799864
0.442982 0.690437
0.456769 0.889916
0.464683 0.638453
0.469382 0.639882
0.476164 0.546984
0.480391 0.826311
0.491775 0.660365
0.501647 0.829617
0.514745 0.730408
0.520464 0.462160
0.535120 0.657707
0.553975 0.740603
0.608937 0.573491
0.646787 0.580329
0.646927 0.660571
0.677414 0.504345
0.696214 0.534549
0.720046 0.397211
0.731072 0.504555
0.749467 0.441813
0.764870 0.337334
0.838211 0.270321
0.877515 0.336085
0.922129 0.144237
1.000000 0.000000
