0.000000 0.297523
0.004904 0.277746
0.007262 0.010685
0.011839 0.231276
0.015670 0.170591
0.016116 0.004609
0.018681 0.449113
0.018878 0.539601
0.019406 0.144973
0.020521 0.354739
0.020947 0.234337
0.022212 0.016065
0.022579 0.148137
0.023404 0.146050
0.023601 0.258164
0.025339 0.209391
0.030614 0.178854
0.031014 0.346213
0.032502 0.211879
0.032560 0.363392
0.032706 0.288989
0.033665 0.142445
0.036354 0.266918
0.038474 0.221371
0.040849 0.285627
0.042044 0.260834
0.042366 0.126588
0.042489 0.356629
0.042579 0.059916
0.044135 0.214429
0.045783 0.052954
0.046043 0.308246
0.046523 0.287640
0.047080 0.315158
0.047501 0.317740
0.048454 0.454311
0.050118 0.083068
0.050414 0.267314
0.051582 0.246365
0.051703 0.282739
0.052066 0.294132
0.056816 0.249979
0.057034 0.263249
0.058615 0.230038
0.060605 0.195115
0.061058 0.148644
0.063080 0.083478
0.064076 0.221693
0.065011 0.237595
0.066620 0.391979
0.067263 0.319621
0.070064 0.402180
0.070177 0.297634
0.070830 0.305363
0.071703 0.212203
0.072719 0.270105
0.072822 0.203122
0.073777 0.180149
0.074306 0.289321
0.074774 0.388731
0.075260 0.186199
0.076716 0.513854
0.076743 0.304087
0.077881 0.264752
0.077916 0.238726
0.079025 0.225573
0.079522 0.213824
0.079917 0.273331
0.082887 0.081108
0.083535 0.315472
0.083610 0.386863
0.084036 0.071783
0.084946 0.288157
0.086667 0.352611
0.087026 0.045915
0.087948 0.266761
0.088157 0.296700
0.088329 0.230768
0.088672 0.146079
0.088926 0.356398
0.089613 0.090776
0.091366 0.396880
0.091667 0.430337
0.091667 0.420757
0.092260 0.254957
0.093595 0.306066
0.094199 0.265359
0.099992 0.148264
0.100928 0.379476
0.104698 0.196420
0.105407 0.397803
0.107475 0.433316
0.107572 0.464643
0.107798 0.183039
0.108914 0.293606
0.109721 0.292059
0.110993 0.153483
0.111010 0.462825
0.111635 0.454314
0.113194 0.286893
0.113241 0.184449
0.114183 0.097384
0.114291 0.169308
0.114322 0.030522
0.117628 0.364980
0.118728 0.217008
0.119029 0.290089
0.120079 0.220700
0.120604 0.392818
0.121885 0.320135
0.122213 0.363557
0.125291 0.337957
0.125331 0.244769
0.129244 0.279549
0.130349 0.315384
0.132748 0.350504
0.134593 0.453170
0.134652 0.297113
0.135127 0.228628
0.135780 0.273153
0.136627 0.454748
0.138351 0.478342
0.139181 0.396931
0.139929 0.316607
0.140849 0.194157
0.141114 0.265656
0.142593 0.475504
0.143126 0.157478
0.144419 0.277457
0.146733 0.303803
0.147586 0.325977
0.147905 0.432288
0.148409 0.235062
0.149495 0.482657
0.150388 0.284158
0.150672 0.163062
0.150859 0.420767
0.151508 0.417882
0.151871 0.233149
0.153326 0.169419
0.154433 0.339649
0.155959 0.306537
0.157515 0.550911
0.157615 0.279515
0.157723 0.511759
0.158206 0.271608
0.158680 0.261580
0.158830 0.302942
0.158869 0.400816
0.159922 0.311588
0.160012 0.474178
0.160531 0.470695
0.161489 0.198644
0.164876 0.511393
0.168103 0.352352
0.168347 0.442170
0.169049 0.333065
0.169155 0.370292
0.169924 0.387627
0.169984 0.503481
0.170370 0.225956
0.171803 0.140654
0.172000 0.353091
0.172861 0.340858
0.172861 0.617542
0.173930 0.327562
0.173987 0.271618
0.175300 0.215182
0.176583 0.350868
0.177835 0.338829
0.178195 0.352489
0.178384 0.149201
0.178661 0.318430
0.178799 0.276899
0.181532 0.313300
0.181690 0.267470
0.182295 0.556052
0.184032 0.338741
0.185420 0.486158
0.186551 0.000000
0.186614 0.255286
0.186634 0.479956
0.187007 0.382182
0.187236 0.348425
0.188043 0.256260
0.188805 0.215567
0.190692 0.381399
0.191054 0.437243
0.191360 0.076127
0.191688 0.541903
0.191695 0.237416
0.192690 0.329240
0.192776 0.480215
0.193694 0.447043
0.193918 0.439431
0.194352 0.401816
0.195663 0.392761
0.195809 0.449712
0.196584 0.288668
0.196811 0.385173
0.199564 0.318813
0.199893 0.199933
0.200242 0.571530
0.202211 0.261849
0.203839 0.170650
0.204144 0.277983
0.204344 0.249272
0.205398 0.301953
0.209940 0.389477
0.210253 0.384242
0.210281 0.357653
0.210429 0.277195
0.210452 0.325578
0.212044 0.296293
0.212342 0.449529
0.212605 0.264346
0.213495 0.387683
0.213534 0.569236
0.213938 0.337761
0.214652 0.305036
0.215144 0.419113
0.215895 0.244126
0.215985 0.380071
0.217279 0.268865
0.217933 0.367262
0.218040 0.441737
0.218620 0.516284
0.219091 0.275304
0.219585 0.372687
0.219815 0.314821
0.220425 0.311358
0.221238 0.201064
0.221701 0.244521
0.222139 0.412129
0.222506 0.028097
0.222764 0.240367
0.223761 0.409623
0.224488 0.233935
0.226144 0.296528
0.226969 0.631924
0.227915 0.333237
0.227970 0.256661
0.229336 0.365817
0.229454 0.385255
0.229932 0.526261
0.229963 0.064032
0.230189 0.388897
0.231116 0.416422
0.231176 0.260573
0.231530 0.533748
0.231816 0.359328
0.232297 0.502360
0.232781 0.234839
0.233751 0.549621
0.235155 0.225160
0.235763 0.543293
0.237627 0.288082
0.237868 0.328590
0.238012 0.408151
0.240590 0.324942
0.242122 0.185451
0.243665 0.389477
0.243769 0.340215
0.243865 0.560165
0.244152 0.445952
0.244588 0.463610
0.245605 0.473510
0.245969 0.480243
0.247035 0.158218
0.247755 0.265194
0.247990 0.592080
0.248244 0.532387
0.249820 0.250563
0.249966 0.334512
0.250395 0.314316
0.250810 0.369181
0.250880 0.572733
0.250898 0.569148
0.250964 0.348635
0.252882 0.209596
0.253433 0.368048
0.253587 0.422206
0.254754 0.362917
0.255219 0.479956
0.256144 0.448313
0.256672 0.385095
0.256818 0.349895
0.257856 0.458067
0.258225 0.511836
0.259285 0.151638
0.260431 0.425445
0.260587 0.528804
0.260660 0.339578
0.260693 0.253772
0.261294 0.289840
0.261326 0.452529
0.261992 0.376135
0.264733 0.390727
0.264951 0.253799
0.265411 0.420158
0.265456 0.336258
0.267156 0.247724
0.267363 0.378121
0.269830 0.114399
0.270260 0.208705
0.270719 0.485045
0.270909 0.532163
0.272182 0.360867
0.274297 0.479268
0.274776 0.497070
0.276995 0.495594
0.277130 0.470932
0.278691 0.335804
0.279158 0.336597
0.280148 0.304086
0.280404 0.392245
0.280751 0.508583
0.282000 0.237096
0.282744 0.351543
0.282878 0.358420
0.283108 0.232387
0.285698 0.422797
0.286648 0.419581
0.286941 0.464583
0.289075 0.495211
0.289224 0.300242
0.289792 0.108707
0.290656 0.413050
0.291479 0.656928
0.293595 0.365159
0.294673 0.543777
0.294891 0.355048
0.295183 0.396777
0.295312 0.316405
0.295487 0.533928
0.296897 0.344546
0.297070 0.540230
0.297690 0.440720
0.297774 0.582814
0.298922 0.404016
0.300142 0.704254
0.300815 0.312891
0.300825 0.539923
0.301326 0.418085
0.301669 0.339269
0.301750 0.416936
0.302037 0.269527
0.303649 0.394016
0.304112 0.297172
0.304357 0.683378
0.305692 0.455992
0.305711 0.480813
0.305929 0.368194
0.307230 0.245901
0.307235 0.439303
0.307365 0.550567
0.307454 0.414831
0.307528 0.412505
0.307809 0.526780
0.308713 0.259187
0.308931 0.422193
0.309447 0.400734
0.309510 0.473264
0.310048 0.402614
0.310307 0.444147
0.310571 0.679461
0.310689 0.258645
0.311107 0.581650
0.311208 0.304173
0.311331 0.424513
0.311624 0.374743
0.311857 0.368541
0.311982 0.307098
0.313019 0.328817
0.313465 0.393125
0.313652 0.205517
0.314969 0.453152
0.315209 0.271392
0.315589 0.404707
0.315712 0.521633
0.315924 0.300864
0.315940 0.459202
0.316756 0.435738
0.317092 0.538251
0.318321 0.541998
0.319764 0.345337
0.320485 0.510709
0.320813 0.325685
0.321870 0.485451
0.323141 0.491033
0.325108 0.521465
0.325663 0.475556
0.327150 0.386518
0.328054 0.394912
0.329773 0.608347
0.330020 0.549019
0.331649 0.387250
0.331802 0.398358
0.333480 0.282576
0.333852 0.549698
0.334324 0.463841
0.334366 0.290184
0.334511 0.505465
0.334779 0.709679
0.336270 0.542552
0.336951 0.598111
0.337238 0.494290
0.337358 0.381848
0.337928 0.572967
0.339797 0.768925
0.340365 0.398386
0.340650 0.508874
0.340830 0.493942
0.340884 0.555296
0.340915 0.567515
0.341757 0.237806
0.341815 0.584802
0.341970 0.347793
0.343489 0.423999
0.344316 0.478939
0.344354 0.414823
0.344840 0.407762
0.344886 0.691191
0.345190 0.357118
0.346407 0.197302
0.346674 0.483591
0.347119 0.381307
0.349313 0.459901
0.349861 0.558307
0.351601 0.427013
0.351870 0.461503
0.351968 0.482215
0.351978 0.489530
0.352461 0.408377
0.353112 0.439283
0.353816 0.384519
0.354631 0.645469
0.354987 0.541258
0.355959 0.430712
0.356329 0.477117
0.356893 0.607606
0.357939 0.514446
0.360774 0.574982
0.361668 0.591791
0.362546 0.239615
0.362690 0.692276
0.362809 0.534319
0.364357 0.433963
0.364954 0.460774
0.365149 0.650893
0.365657 0.754770
0.366324 0.454599
0.366597 0.664993
0.366720 0.383485
0.368969 0.407820
0.369172 0.630667
0.369754 0.645470
0.370010 0.494985
0.370444 0.317591
0.372040 0.494656
0.372142 0.603115
0.372245 0.537269
0.373066 0.434675
0.374200 0.364498
0.374784 0.403309
0.374958 0.591091
0.375018 0.407767
0.375119 0.656037
0.375176 0.526492
0.375967 0.475846
0.376000 0.540315
0.376271 0.532856
0.377142 0.550586
0.377219 0.394250
0.377520 0.300665
0.379685 0.665779
0.379835 0.582068
0.383256 0.523159
0.383301 0.415490
0.384566 0.427010
0.385340 0.573944
0.385429 0.304365
0.385615 0.256923
0.387179 0.707602
0.389065 0.638443
0.390560 0.575227
0.391261 0.286747
0.392231 0.547554
0.393480 0.868279
0.394992 0.410192
0.395367 0.482609
0.395881 0.617941
0.397778 0.478151
0.398391 0.490135
0.399178 0.392355
0.400693 0.467611
0.400801 0.354526
0.403216 0.330598
0.403533 0.553538
0.403892 0.535678
0.403930 0.583967
0.404609 0.280056
0.407303 0.415790
0.407747 0.610307
0.408565 0.599003
0.409241 0.508113
0.409424 0.488860
0.412274 0.679023
0.412739 0.502507
0.413421 0.588056
0.413689 0.756751
0.413700 0.495504
0.414083 0.419971
0.414104 0.438216
0.415003 0.375928
0.415972 0.390614
0.416012 0.618863
0.416021 0.516364
0.417274 0.441757
0.417641 0.396655
0.417817 0.514624
0.418428 0.504082
0.419800 0.466300
0.420676 0.561028
0.421164 0.497677
0.422186 0.639443
0.425096 0.546359
0.425196 0.584652
0.426074 0.509302
0.426202 0.415282
0.426877 0.520770
0.426885 0.372933
0.427498 0.638767
0.427514 0.603945
0.429790 0.528617
0.436105 0.586193
0.436111 0.565979
0.436232 0.535784
0.436292 0.718234
0.436752 0.546867
0.439055 0.591928
0.439140 0.477715
0.439520 0.505860
0.440913 0.427422
0.442321 0.601429
0.444178 0.478748
0.444957 0.409526
0.445156 0.690110
0.451648 0.598291
0.452534 0.447310
0.453399 0.441821
0.454280 0.254965
0.456818 0.511307
0.458690 0.693974
0.459239 0.289272
0.461076 0.253326
0.463305 0.687843
0.464836 0.672225
0.466009 0.514063
0.466790 0.415235
0.466809 0.428270
0.466870 0.217773
0.468044 0.658624
0.471457 0.590191
0.472530 0.521494
0.472586 0.554517
0.473134 0.610712
0.473143 0.591580
0.474093 0.399923
0.477567 0.567039
0.478752 0.683684
0.479241 0.629873
0.479277 0.399332
0.480938 0.667786
0.485962 0.417683
0.487009 0.437402
0.487114 0.615792
0.487358 0.551555
0.489914 0.469970
0.490732 0.589662
0.490816 0.589924
0.491827 0.539913
0.492162 0.624671
0.492220 0.680902
0.492525 0.666765
0.498866 0.572103
0.499666 0.549217
0.500475 0.623795
0.501336 0.590212
0.502479 0.668364
0.503847 0.536363
0.506384 0.451017
0.512196 0.495514
0.516273 0.550705
0.518406 0.587435
0.521245 0.936902
0.522220 0.803577
0.523767 0.462295
0.524179 0.556899
0.526014 0.416311
0.527594 0.524779
0.527862 0.488436
0.528986 0.670270
0.535773 0.699623
0.535896 0.565333
0.541804 0.678763
0.544860 0.380980
0.545397 0.602377
0.545821 0.782957
0.549294 0.477646
0.555058 0.675473
0.556439 0.367639
0.556577 0.484706
0.558100 0.781718
0.560992 0.650268
0.563062 0.498617
0.569748 0.557363
0.570521 0.622706
0.571545 0.611851
0.572370 0.564524
0.572835 0.690325
0.573440 0.735548
0.573803 0.569374
0.575441 0.527241
0.578124 0.763699
0.579383 0.605794
0.581906 0.843419
0.582441 0.667722
0.582478 0.339466
0.583114 0.548258
0.583339 0.347494
0.586318 0.813066
0.590269 0.638455
0.595878 0.551383
0.600076 0.730292
0.600462 0.567307
0.600487 0.602030
0.600540 0.694184
0.601930 0.618435
0.603074 0.659246
0.605198 0.597801
0.608430 0.725479
0.609816 0.631856
0.631313 0.639079
0.634708 0.727147
0.635379 0.621004
0.638922 0.821694
0.646960 0.678198
0.648947 1.000000
0.652904 0.888715
0.654495 0.627153
0.656282 0.833993
0.666784 0.807364
0.669135 0.954409
0.678614 0.568616
0.703720 0.888513
0.711171 0.760202
0.715138 0.942399
0.727156 0.669613
0.731520 0.643053
0.737481 0.691023
0.747117 0.907157
0.767038 0.835045
0.787003 0.601016
0.804186 0.736428
0.811532 0.830284
0.818577 0.869735
0.918673 0.878906
1.000000 0.681129
