0.000000 0.325021
0.000085 0.431043
0.000779 0.433062
0.002417 0.414613
0.006310 0.218438
0.011793 0.361461
0.013305 0.484885
0.016056 0.781541
0.016825 0.448757
0.017243 0.542890
0.019388 0.589578
0.020937 0.595785
0.021888 0.489314
0.022212 0.673823
0.022411 0.481031
0.025794 0.571626
0.026467 0.389305
0.027569 0.502588
0.029258 0.643800
0.029556 0.875508
0.029997 0.439713
0.030281 0.473512
0.030413 0.473935
0.031842 0.626659
0.031906 0.612556
0.032832 0.603216
0.033115 0.278723
0.034656 0.409008
0.034915 0.639900
0.035665 0.472692
0.036601 0.595613
0.037590 0.706248
0.037593 0.529027
0.038450 0.479784
0.038771 0.475533
0.039512 0.499769
0.040063 0.251960
0.043571 0.390468
0.044035 0.326065
0.045668 0.435639
0.045949 0.798712
0.046491 0.550012
0.049779 0.397172
0.051023 0.699668
0.051744 0.567566
0.052289 0.694489
0.053100 0.475682
0.053917 0.512893
0.054013 0.441830
0.054676 0.471329
0.055304 0.715172
0.056885 0.648692
0.058058 0.827730
0.058195 0.482973
0.059846 0.506263
0.059904 0.660105
0.060779 0.394775
0.061189 0.502156
0.061606 0.535633
0.061792 0.502891
0.062004 0.622471
0.062157 0.438942
0.062479 0.482087
0.063097 0.425554
0.063253 0.570402
0.064054 0.433928
0.064332 0.715869
0.064559 0.516666
0.064917 0.483062
0.064975 0.388738
0.065684 0.498756
0.066601 0.521315
0.066634 0.500185
0.068351 0.491817
0.068831 0.578108
0.068950 0.503693
0.069669 0.351273
0.070038 0.667921
0.070115 0.632021
0.070934 0.413946
0.071361 0.558847
0.072470 0.495539
0.072497 0.430942
0.072561 0.264369
0.073181 0.830834
0.073425 0.595131
0.074727 0.561463
0.075677 0.544002
0.075782 0.410559
0.076122 0.524432
0.076381 0.449423
0.076394 0.478199
0.076550 0.395901
0.076998 0.661952
0.077050 0.768022
0.077149 0.233128
0.077346 0.281009
0.077530 0.538765
0.078247 0.401688
0.078579 0.571307
0.078921 0.511593
0.079026 0.559430
0.079227 0.477763
0.079638 0.539578
0.079781 0.435584
0.080632 0.494123
0.081015 0.536552
0.081016 0.468157
0.081535 0.734173
0.082820 0.397283
0.083280 0.547853
0.083773 0.268502
0.083841 0.396271
0.084121 0.414668
0.084817 0.521029
0.085968 0.528712
0.086069 0.230645
0.086190 0.453160
0.086325 0.395968
0.088276 0.740825
0.088569 0.730279
0.089564 0.315057
0.089697 0.797936
0.090334 0.640116
0.090548 0.575578
0.090872 0.563231
0.092028 0.382034
0.092473 0.540240
0.092747 0.831722
0.093327 0.484163
0.093478 0.697027
0.093511 0.515055
0.093620 0.514518
0.094241 0.465451
0.094260 0.612036
0.094953 0.718594
0.095144 0.858210
0.095367 0.412858
0.096994 0.778378
0.098749 0.470301
0.098901 0.299352
0.099327 0.523344
0.099587 0.680593
0.100703 0.570390
0.101365 0.612439
0.101464 0.450431
0.102102 0.454314
0.102706 0.645663
0.103221 0.424256
0.103394 0.417510
0.103820 0.603776
0.104069 0.600893
0.104189 0.320003
0.104769 0.461837
0.104848 0.713098
0.105119 0.413172
0.105427 0.605826
0.105911 0.337143
0.106105 0.396927
0.106795 0.200857
0.106805 0.328936
0.106831 0.541151
0.107179 0.473422
0.107586 0.489268
0.108049 0.503763
0.108194 0.618784
0.108744 0.550584
0.109007 0.663220
0.109154 0.683528
0.109839 0.439276
0.110178 0.398580
0.110471 0.367934
0.111286 0.588343
0.111706 0.518057
0.112013 0.610768
0.112140 0.565008
0.112453 0.557979
0.112515 0.332746
0.112994 0.644133
0.113292 0.541980
0.113443 0.570875
0.113547 0.355952
0.114044 0.523951
0.114883 0.705544
0.115206 0.535534
0.115284 0.473255
0.115420 0.527251
0.115676 0.408846
0.116004 0.410613
0.116365 0.674853
0.116697 0.338153
0.116937 0.427853
0.117768 0.608010
0.117848 0.328864
0.119028 0.731489
0.119165 0.575923
0.119486 0.457222
0.119596 0.570760
0.120105 0.402088
0.120148 0.612705
0.120436 0.457326
0.120665 0.496312
0.120748 0.583283
0.120769 0.501073
0.121947 0.690396
0.122552 0.612721
0.123326 0.317788
0.123869 0.605043
0.124881 0.634673
0.125569 0.491739
0.125768 0.712158
0.126044 0.394519
0.126153 0.602576
0.126225 0.411618
0.126781 0.421459
0.126786 0.409798
0.128200 0.477301
0.128352 0.389594
0.128904 0.575218
0.129166 0.689392
0.129638 0.479651
0.130123 0.617661
0.130219 0.532911
0.130433 0.701713
0.131199 0.613553
0.131218 0.574876
0.131353 0.626461
0.131827 0.464316
0.132287 0.542265
0.132287 0.325185
0.132816 0.660525
0.133055 0.657372
0.133157 0.287061
0.133468 0.589209
0.133744 0.384787
0.133928 0.644902
0.134408 0.696030
0.134602 0.608969
0.134908 0.509619
0.135053 0.457402
0.135221 0.471430
0.135447 0.545322
0.135459 0.470003
0.135464 0.359103
0.135822 0.626788
0.136341 0.616116
0.136795 0.326367
0.136837 0.505810
0.137154 0.461027
0.137311 0.497814
0.137394 0.549777
0.137397 0.565198
0.137662 0.545791
0.137700 0.594785
0.137868 0.460641
0.138106 0.554284
0.138249 0.517053
0.138381 0.489339
0.138642 0.457570
0.139326 0.491322
0.140294 0.471894
0.140840 0.555264
0.140859 0.323839
0.142437 0.334725
0.142835 0.591637
0.143133 0.510818
0.143526 0.396290
0.143972 0.332621
0.144949 0.485478
0.145596 0.571582
0.145743 0.630188
0.146410 0.635413
0.146648 0.375059
0.146805 0.670632
0.146975 0.605088
0.147113 0.562119
0.147367 0.617887
0.147568 0.783774
0.147606 0.553367
0.147608 0.521969
0.147638 0.591946
0.147849 0.312192
0.148130 0.761764
0.148277 0.595148
0.148386 0.355816
0.148600 0.608442
0.148687 0.600211
0.149066 0.458294
0.149074 0.459454
0.149613 0.565353
0.149696 0.719465
0.149916 0.396458
0.150063 0.514747
0.150276 0.555495
0.150389 0.701437
0.150514 0.552329
0.150723 0.499892
0.151396 0.330491
0.151537 0.489751
0.151673 0.614549
0.151766 0.552933
0.151868 0.887605
0.151916 0.502816
0.152077 0.350414
0.152126 0.599611
0.152400 0.577820
0.153373 0.664930
0.153910 0.566179
0.154065 0.598388
0.154086 0.970159
0.154236 0.524322
0.154309 0.497032
0.154342 0.631765
0.154731 0.418115
0.155138 0.587530
0.155660 0.593321
0.155670 0.485557
0.155950 0.468878
0.156163 0.590723
0.156196 0.301559
0.156508 0.618686
0.157423 0.718513
0.157903 0.716596
0.158358 0.510210
0.158589 0.308757
0.158603 0.605841
0.158713 0.666861
0.158776 0.289209
0.158781 0.527285
0.159116 0.455392
0.159289 0.557258
0.159540 0.655900
0.159928 0.475475
0.160543 0.366975
0.161083 0.699416
0.161278 0.498091
0.161519 0.366843
0.161728 0.392933
0.161871 0.791158
0.162307 0.290645
0.162793 0.448033
0.162911 0.433172
0.163336 0.499632
0.163408 0.434754
0.163600 0.548199
0.163963 0.373435
0.164391 0.472922
0.164960 0.609136
0.164966 0.619522
0.165343 0.448534
0.165896 0.459612
0.166196 0.649002
0.166482 0.595878
0.166756 0.727174
0.166770 0.710156
0.167168 0.520302
0.167269 0.235321
0.167344 0.855505
0.167543 0.442205
0.167665 0.663148
0.167689 0.568074
0.168510 0.438342
0.169381 0.341724
0.169381 0.355615
0.170012 0.481291
0.170226 0.558266
0.171736 0.468765
0.171975 0.616881
0.172579 0.720869
0.172678 0.498297
0.172951 0.457988
0.173085 0.443678
0.174400 0.610994
0.174633 0.678374
0.174732 0.746674
0.174918 0.789699
0.174996 0.616933
0.175469 0.409838
0.175476 0.495115
0.175565 0.539698
0.175606 0.524967
0.176084 0.433671
0.176327 0.620505
0.176404 0.495242
0.176513 0.389538
0.176575 0.514463
0.176655 0.316078
0.176929 0.414796
0.176991 0.567799
0.176993 0.792820
0.177888 0.391888
0.178016 0.896011
0.178127 0.650938
0.178296 0.457833
0.178459 0.433049
0.178614 0.450963
0.178651 0.620801
0.178849 0.455433
0.179005 0.451211
0.179102 0.472176
0.179129 0.534219
0.179228 0.783383
0.179688 0.489989
0.180597 0.641576
0.180663 0.649585
0.181061 0.470007
0.182152 0.486639
0.182718 0.615106
0.182722 0.675056
0.182726 0.526140
0.183305 0.571833
0.183667 0.158077
0.183896 0.592854
0.184206 0.567203
0.184429 0.553418
0.184658 0.640480
0.184774 0.412987
0.184930 0.576437
0.185329 0.645312
0.186645 0.690625
0.187271 0.000000
0.187659 0.665563
0.188684 0.602759
0.188714 0.341709
0.188716 0.649747
0.188726 0.497032
0.189530 0.686198
0.190565 0.421848
0.190611 0.472690
0.190665 0.341877
0.190961 0.545848
0.191212 0.657994
0.191256 0.442575
0.191281 0.483870
0.191292 0.335839
0.191432 0.561240
0.191436 0.518580
0.191452 0.729149
0.191684 0.567930
0.191917 0.512033
0.191946 0.598946
0.191965 0.413465
0.191988 0.501320
0.192228 0.521420
0.192614 0.800360
0.192843 0.679016
0.192972 0.627106
0.193332 0.550464
0.193559 0.729255
0.193583 0.506689
0.193632 0.655100
0.194545 0.356648
0.195135 0.691920
0.195785 0.627972
0.195937 0.354666
0.196652 0.425785
0.197477 0.421075
0.197492 0.385227
0.198132 0.569338
0.198380 0.736631
0.198492 0.652623
0.198516 0.829039
0.198838 0.509310
0.199186 0.626279
0.199364 0.625557
0.199680 0.503442
0.200455 0.652059
0.201016 0.441690
0.201265 0.599191
0.201789 0.598006
0.202049 0.470020
0.202224 0.341224
0.202478 0.631692
0.202575 0.631664
0.203173 0.538327
0.203254 0.280857
0.204006 0.544349
0.204048 0.718453
0.204525 0.512554
0.205287 0.506012
0.205802 0.570725
0.206065 0.384222
0.206487 0.573568
0.206732 0.334588
0.207058 0.649173
0.207242 0.514728
0.207725 0.472322
0.207784 0.407252
0.207818 0.573129
0.208196 0.520378
0.208840 0.566519
0.209252 0.379835
0.209289 0.362300
0.209449 0.605701
0.209754 0.515513
0.209843 0.587408
0.210826 0.877071
0.210933 0.862329
0.211084 0.650509
0.211130 0.654118
0.211386 0.452600
0.211959 0.423590
0.212734 0.642384
0.212979 0.560753
0.213168 0.583889
0.213374 0.500583
0.213491 0.622073
0.213756 0.509646
0.213980 0.562085
0.214261 0.581681
0.214291 0.577448
0.215340 0.684873
0.215357 0.500950
0.215357 0.488207
0.215631 0.581858
0.215679 0.381503
0.215896 0.458550
0.216543 0.677357
0.216689 0.705945
0.216724 0.531825
0.217336 0.611491
0.217391 0.643714
0.217493 0.618495
0.217698 0.764887
0.217864 0.722716
0.217998 0.606123
0.218110 0.389650
0.218513 0.400931
0.219318 0.486528
0.219515 0.475399
0.220299 0.727948
0.220500 0.498435
0.221063 0.387197
0.221499 0.513952
0.222465 0.593534
0.222628 0.438461
0.222955 0.611389
0.223393 0.762482
0.223840 0.522224
0.224552 0.611152
0.224700 0.579787
0.224780 0.486688
0.224941 0.643565
0.225229 0.612800
0.225373 0.466592
0.225539 0.654291
0.225543 0.418555
0.226277 0.578686
0.226506 0.586695
0.226640 0.589289
0.226788 0.499531
0.226840 0.391835
0.226949 0.621084
0.227051 0.649328
0.227080 0.644572
0.227287 0.774143
0.227779 0.575285
0.227923 0.529612
0.228676 0.603932
0.228813 0.520218
0.229313 0.646477
0.229596 0.548462
0.229775 0.619896
0.229800 0.656916
0.229866 0.552207
0.230101 0.655303
0.230425 0.432987
0.230997 0.560574
0.231109 0.555425
0.231355 0.654958
0.231800 0.558740
0.232148 0.460770
0.232151 0.531535
0.232322 0.665568
0.232459 0.601720
0.232808 0.592223
0.233153 0.326010
0.233185 0.467619
0.233717 0.678050
0.233790 0.590675
0.234023 0.454698
0.234149 0.456152
0.234203 0.630236
0.234209 0.420804
0.234395 0.629545
0.234632 0.500709
0.234839 0.540899
0.235361 0.540598
0.235419 0.479758
0.236037 0.536653
0.236241 0.493141
0.236377 0.495055
0.236456 0.710574
0.236471 0.532655
0.236838 0.329318
0.236910 0.525505
0.236924 0.504330
0.236999 0.468988
0.237163 0.628914
0.237210 0.452160
0.237596 0.747496
0.237741 0.534537
0.238402 0.481380
0.238620 0.587061
0.238690 0.530208
0.239548 0.493576
0.239626 0.803896
0.240039 0.491234
0.240201 0.712172
0.240595 0.638411
0.240800 0.522006
0.241463 0.682171
0.241530 0.764303
0.241607 0.631840
0.241715 0.601720
0.241785 0.397923
0.241798 0.553108
0.242165 0.470836
0.242236 0.627687
0.242455 0.520110
0.242540 0.417668
0.242557 0.469811
0.242581 0.686379
0.242734 0.594604
0.243569 0.318604
0.243579 0.316069
0.243770 0.660457
0.243904 0.423016
0.243998 0.683220
0.244338 0.631898
0.244402 0.424448
0.245411 0.624646
0.245509 0.631525
0.245557 0.573943
0.246147 0.385219
0.246243 0.622656
0.246248 0.521516
0.246442 0.740773
0.246748 0.388635
0.247141 0.517252
0.247467 0.464943
0.247959 0.378393
0.247999 0.661652
0.248197 0.577640
0.249834 0.569637
0.250652 0.497676
0.250775 0.622790
0.250789 0.535055
0.251234 0.619889
0.251324 0.588196
0.251329 0.736662
0.251483 0.763383
0.251793 0.547085
0.251804 0.534691
0.252159 0.625089
0.252444 0.370587
0.252868 0.319135
0.253225 0.492769
0.253298 0.514016
0.253519 0.608488
0.253799 0.656943
0.253928 0.437443
0.253935 0.574299
0.254095 0.615839
0.254311 0.527575
0.254395 0.675817
0.254536 0.530860
0.254713 0.624990
0.255178 0.480504
0.255421 0.624106
0.255462 0.513957
0.256521 0.560293
0.256853 0.420582
0.257130 0.648684
0.257297 0.523870
0.257760 0.684009
0.257941 0.774013
0.258404 0.622110
0.258774 0.487312
0.259268 0.476134
0.259658 0.444442
0.259838 0.481404
0.259944 0.506275
0.260069 0.615944
0.260188 0.730335
0.260476 0.555538
0.260665 0.496172
0.260672 0.637212
0.261058 0.461450
0.261094 0.635485
0.261290 0.461435
0.261715 0.332335
0.261784 0.489506
0.261913 0.526049
0.261961 0.306673
0.262017 0.396699
0.262819 0.280355
0.262830 0.282148
0.263014 0.869545
0.263589 0.357874
0.265158 0.517492
0.265203 0.645663
0.265449 0.466494
0.266434 0.551916
0.266549 0.710011
0.266550 0.460218
0.266597 0.565905
0.266615 0.561923
0.266713 0.737763
0.267244 0.704369
0.267349 0.551403
0.267683 0.554674
0.267847 0.705188
0.267864 0.550379
0.267977 0.635301
0.268247 0.568318
0.268261 0.677135
0.268776 0.669038
0.269234 0.474738
0.269298 0.585976
0.269610 0.433997
0.269777 0.392316
0.269896 0.584755
0.270467 0.576615
0.270676 0.659745
0.271027 0.372083
0.271273 0.396608
0.271457 0.689163
0.272054 0.536168
0.272100 0.492579
0.272329 0.596280
0.272370 0.629889
0.273104 0.335507
0.273951 0.367387
0.275198 0.553478
0.275289 0.512575
0.275370 0.580517
0.275412 0.368394
0.275465 0.639188
0.275742 0.642415
0.275844 0.382518
0.275878 0.653242
0.275924 0.653222
0.276432 0.773316
0.276644 0.717987
0.276663 0.627647
0.276735 0.568013
0.277023 0.592461
0.277108 0.436394
0.277176 0.621724
0.277539 0.724450
0.277613 0.674398
0.278859 0.609917
0.278989 0.519444
0.279330 0.630827
0.279646 0.473461
0.279790 0.494179
0.280742 0.744856
0.280747 0.508640
0.281086 0.637513
0.281458 0.528295
0.282683 0.622393
0.283045 0.822018
0.283091 0.515600
0.283092 0.704947
0.283163 0.546404
0.283194 0.498797
0.283922 0.563335
0.284039 0.732934
0.285187 0.540606
0.285371 0.473013
0.285526 0.469586
0.285556 0.423347
0.286090 0.480240
0.286154 0.366716
0.286424 0.773340
0.286464 0.436400
0.286640 0.606404
0.286690 0.543388
0.286763 0.667031
0.287053 0.613203
0.287337 0.513270
0.287360 0.652993
0.287768 0.662731
0.287784 0.707263
0.287789 0.721808
0.287919 0.445319
0.288850 0.705065
0.289180 0.539828
0.289204 0.834744
0.290125 0.558480
0.290602 0.338988
0.290673 0.753500
0.290958 0.790434
0.291043 0.377489
0.292156 0.476168
0.292327 0.509700
0.292685 0.645923
0.293883 0.646766
0.294273 0.723313
0.294379 0.599565
0.294720 0.532307
0.295094 0.488920
0.295104 0.299312
0.295177 0.571357
0.296408 0.700262
0.296444 0.782065
0.296601 0.451202
0.297228 0.696748
0.297577 0.678437
0.297625 0.813796
0.298060 0.579382
0.298079 0.469287
0.298623 0.570210
0.299154 0.850923
0.299308 0.456653
0.299463 0.542553
0.300002 0.561100
0.300289 0.695489
0.300334 0.605698
0.300521 0.650703
0.300917 0.255680
0.301008 0.620266
0.301021 0.600751
0.301365 0.614641
0.301624 0.593495
0.301747 0.605128
0.301832 0.488823
0.301855 0.497263
0.302273 0.612634
0.302712 0.559949
0.302750 0.717815
0.302931 0.746124
0.303364 0.441872
0.303739 0.657106
0.304049 0.309343
0.304550 0.338680
0.304598 0.512016
0.305029 0.464843
0.305194 0.656432
0.305264 0.521623
0.305910 0.738622
0.306306 0.487057
0.308002 0.412883
0.308068 0.521903
0.308233 0.900600
0.308266 0.475091
0.308271 0.624668
0.309083 0.317385
0.309612 0.527075
0.309818 0.681692
0.309884 0.580460
0.310242 0.670775
0.310260 0.509506
0.310388 0.548907
0.310521 0.555223
0.310684 0.431446
0.310716 0.647497
0.311662 0.630084
0.311734 0.569538
0.312130 0.348330
0.312765 0.719535
0.312956 0.471368
0.313174 0.526243
0.313252 0.594854
0.313446 0.722239
0.313503 0.504935
0.313851 0.539184
0.314233 0.589222
0.314315 0.572578
0.314453 0.617137
0.314504 0.673928
0.314884 0.686679
0.314925 0.747536
0.315252 0.431172
0.316323 0.686435
0.316337 0.709416
0.316537 0.598193
0.316949 0.558807
0.317042 0.335639
0.317191 0.503737
0.317196 0.494420
0.317457 0.653629
0.317587 0.686756
0.317924 0.333596
0.318136 0.774511
0.318154 0.644379
0.318474 0.518450
0.318645 0.402876
0.318877 0.552602
0.319021 0.258286
0.319369 0.641673
0.319578 0.676779
0.320016 0.675885
0.320334 0.524066
0.320911 0.495429
0.320994 0.646089
0.321139 0.824078
0.321307 0.659434
0.321316 0.588553
0.321920 0.682027
0.322426 0.548622
0.322939 0.613856
0.323353 0.528137
0.323535 0.639089
0.323843 0.637945
0.323994 0.616583
0.324021 0.359030
0.324058 0.575386
0.324084 0.619135
0.324629 0.601934
0.324647 0.655495
0.325165 0.611513
0.325340 0.838236
0.325502 0.646729
0.325530 0.601956
0.325596 0.549546
0.325944 0.753551
0.326321 0.727559
0.326478 0.403268
0.326863 0.678210
0.327329 0.736804
0.328769 0.736496
0.328950 0.450302
0.329117 0.523474
0.330115 0.697964
0.330351 0.565506
0.330519 0.584566
0.330714 0.636203
0.330737 0.506814
0.330957 0.791595
0.331139 0.453025
0.331399 0.369042
0.331770 0.854474
0.331939 0.690654
0.331958 0.488059
0.332057 0.504628
0.332115 0.442277
0.332118 0.862494
0.332207 0.306647
0.332215 0.619431
0.332272 0.619935
0.332431 0.455712
0.332627 0.642410
0.333184 0.715941
0.333651 0.548468
0.333665 0.587324
0.333701 0.588631
0.333958 0.485852
0.334176 0.492978
0.334197 0.694432
0.334391 0.425636
0.334595 0.529399
0.334974 0.766378
0.335204 0.671148
0.335512 0.624670
0.336084 0.385071
0.336100 0.636024
0.336122 0.755924
0.336949 0.568337
0.337026 0.368241
0.337026 0.761212
0.337112 0.599003
0.337861 0.419061
0.338593 0.584439
0.338634 0.577735
0.339494 0.291797
0.339578 0.788506
0.339724 0.620421
0.340098 0.534270
0.340185 0.683089
0.340266 0.544225
0.340289 0.395145
0.340574 0.546304
0.340745 0.492831
0.340947 0.451532
0.341407 0.578369
0.341612 0.525483
0.341685 0.585084
0.342179 0.656205
0.342394 0.536887
0.342528 0.377053
0.342684 0.611143
0.343194 0.679692
0.343468 0.511658
0.345798 0.540846
0.345994 0.713603
0.346088 0.605497
0.346309 0.642169
0.346350 0.520316
0.346733 0.621522
0.347196 0.639199
0.348316 0.627832
0.349419 0.581848
0.349524 0.630627
0.349977 0.470950
0.350088 0.749444
0.350125 0.652774
0.350208 0.549470
0.350301 0.501268
0.350997 0.386699
0.351393 0.709244
0.351468 0.675477
0.351566 0.624325
0.351787 0.714411
0.351846 0.427530
0.352106 0.824510
0.352234 0.567129
0.352358 0.565753
0.352542 0.731491
0.352636 0.497042
0.352990 0.558393
0.353001 0.546103
0.353138 0.431104
0.353712 0.605890
0.353916 0.406142
0.354115 0.684860
0.354809 0.463841
0.354967 0.570291
0.355481 0.395740
0.355958 0.672954
0.356596 0.670976
0.356682 0.607013
0.357141 0.764273
0.357333 0.445513
0.357545 0.307804
0.357546 0.428792
0.357631 0.708603
0.357862 0.547799
0.358671 0.436435
0.358936 0.592936
0.359009 0.554627
0.359150 0.701833
0.359317 0.718651
0.359482 0.587855
0.359563 0.702654
0.359804 0.460130
0.360218 0.686664
0.360368 0.760867
0.360725 0.388874
0.361150 0.604690
0.361809 0.576308
0.362023 0.424696
0.362029 0.677864
0.362419 0.513638
0.362496 0.512553
0.362895 0.656126
0.363071 0.648855
0.363133 0.463510
0.363299 0.749362
0.364631 0.647203
0.364798 0.489198
0.365582 0.547119
0.365718 0.587954
0.365814 0.595697
0.365848 0.642398
0.366059 0.668995
0.366119 0.521383
0.367010 0.756844
0.367752 0.654893
0.367796 0.683141
0.367836 0.600477
0.368056 0.604446
0.368373 0.577632
0.368421 0.766139
0.368772 0.352290
0.369016 0.553548
0.369295 0.626444
0.369354 0.484013
0.369367 0.457273
0.369419 0.568297
0.369493 0.804104
0.370114 0.811042
0.370727 0.556533
0.370889 0.514475
0.370995 0.567613
0.371394 0.704092
0.371438 0.587491
0.371611 0.504425
0.372242 0.633845
0.374340 0.734405
0.374410 0.794004
0.374412 0.543789
0.374435 0.626007
0.374523 0.743734
0.374525 0.497362
0.375556 0.753601
0.375854 0.633228
0.375911 0.855546
0.376321 0.505986
0.376511 0.731558
0.376542 0.642063
0.377472 0.652919
0.378136 0.706090
0.378285 0.433884
0.378514 0.580474
0.378817 0.427216
0.379192 0.696012
0.379445 0.632427
0.380658 0.657455
0.381946 0.650433
0.382234 0.544849
0.382392 0.711130
0.383374 0.831735
0.383523 0.760069
0.383813 0.654157
0.384179 0.472690
0.384728 0.875079
0.384819 0.756882
0.384967 0.527941
0.385395 0.818475
0.386297 0.629743
0.386352 0.747751
0.386372 0.609187
0.386553 0.563620
0.386700 0.421767
0.386717 0.441615
0.386856 0.360357
0.386894 0.843695
0.386949 0.857682
0.386971 0.399041
0.387317 0.798267
0.387461 0.694344
0.387696 0.637830
0.388538 0.329952
0.389053 0.636489
0.389639 0.430247
0.389876 0.526599
0.389934 0.485841
0.390250 0.477304
0.390621 0.632648
0.390676 0.377448
0.390959 0.807098
0.391050 0.651611
0.391871 0.230039
0.392528 0.510048
0.392616 0.676121
0.392834 0.625817
0.393095 0.458938
0.393267 0.664681
0.393673 0.688812
0.393724 0.570990
0.394116 0.499562
0.394144 0.649563
0.395283 0.574220
0.395517 0.540977
0.395532 0.712162
0.395833 0.685319
0.395862 0.521333
0.396889 0.642739
0.397097 0.662613
0.397209 0.564955
0.398816 0.520038
0.399031 0.584214
0.399086 0.530791
0.399386 0.639799
0.399421 0.377300
0.399494 0.889822
0.399496 0.639492
0.399559 0.487276
0.401494 0.596779
0.401963 0.721321
0.402286 0.608464
0.402579 0.691791
0.402596 0.742807
0.403504 0.527929
0.403901 0.676730
0.403916 0.516894
0.404011 0.582673
0.404114 0.561679
0.405853 0.422857
0.406393 0.646486
0.406520 0.669239
0.406907 0.640883
0.407446 0.699894
0.407727 0.599494
0.407775 0.803537
0.408056 0.400527
0.408380 0.653069
0.409252 0.492064
0.409511 0.626868
0.409529 0.818282
0.409773 0.852448
0.410008 0.878422
0.410060 0.647017
0.410083 0.709598
0.410817 0.636062
0.411061 0.540623
0.412348 0.658307
0.412660 0.572827
0.412826 0.672976
0.412836 0.765530
0.413155 0.674020
0.413730 0.791798
0.414139 0.596655
0.414923 0.804280
0.415112 0.566676
0.415182 0.773527
0.415337 0.502201
0.415414 0.742643
0.415641 0.460718
0.416016 0.783213
0.416355 0.694903
0.416639 0.477333
0.416716 0.403682
0.417254 0.634944
0.417476 0.488573
0.417588 0.731804
0.418240 0.727212
0.418343 0.475900
0.419136 0.334996
0.419411 0.798384
0.420396 0.631838
0.420917 0.714080
0.421212 0.412693
0.421403 0.608590
0.421894 0.658460
0.422076 0.481174
0.422225 0.549460
0.422755 0.698837
0.423541 0.650198
0.423590 0.543111
0.423981 0.609598
0.424273 0.502675
0.424340 0.779576
0.425086 0.659268
0.425891 0.626398
0.425941 0.640504
0.426363 0.640474
0.426497 0.626279
0.427556 0.388637
0.428478 0.594484
0.428839 0.451456
0.429049 0.446489
0.429259 0.385821
0.430219 0.470239
0.430444 0.562810
0.431331 0.681352
0.431353 0.620218
0.431580 0.465148
0.431751 0.858225
0.432246 0.793556
0.433472 0.471887
0.433523 0.602661
0.433621 0.503195
0.434282 0.641114
0.434710 0.728720
0.435373 0.744767
0.435849 0.659504
0.435981 0.709574
0.436645 0.636919
0.438596 0.475555
0.438766 0.525912
0.438875 0.616883
0.439548 0.818990
0.439996 0.534500
0.440026 0.741630
0.440152 0.287343
0.440259 0.312257
0.440280 0.598740
0.441122 0.756733
0.441343 0.748009
0.441849 0.541897
0.442121 0.535045
0.442167 0.826003
0.442562 0.571058
0.442859 0.532993
0.442862 0.496734
0.443283 0.491785
0.444107 0.655425
0.444882 0.735688
0.445061 0.619903
0.445840 0.794399
0.446487 0.706262
0.447419 0.606626
0.447566 0.783417
0.447631 0.695007
0.448292 0.364222
0.448620 0.565827
0.449008 0.468742
0.450450 0.412134
0.450577 0.639396
0.450886 0.620086
0.451084 0.794507
0.451887 0.790350
0.452347 0.476211
0.452934 0.606958
0.453087 0.697093
0.453385 0.619938
0.453825 0.547729
0.454646 0.515643
0.454748 0.441669
0.455434 0.741828
0.455640 0.361270
0.455914 0.491557
0.455936 0.726611
0.457234 0.549031
0.457364 0.466482
0.457384 0.580966
0.458216 0.460728
0.458832 0.677560
0.459365 0.492037
0.460446 0.594529
0.460487 0.676646
0.461175 0.738883
0.461419 0.643077
0.462130 0.711316
0.462273 0.914277
0.462279 0.509064
0.462280 0.580857
0.462441 0.718823
0.463123 0.660400
0.463350 0.639617
0.463724 0.476846
0.463976 0.551702
0.464341 0.628729
0.464757 0.635437
0.464846 0.780217
0.464998 0.632751
0.465209 0.522562
0.465574 0.726993
0.465586 0.619555
0.465732 0.554267
0.466487 0.536312
0.466675 0.599831
0.467281 0.357629
0.467620 0.715733
0.467781 0.398493
0.467969 0.723061
0.468179 0.425844
0.468278 0.516504
0.469761 0.502115
0.470141 0.744494
0.470189 0.727840
0.470629 0.615913
0.471316 0.789909
0.471461 0.725170
0.472443 0.781385
0.472961 0.593631
0.473239 0.550595
0.473462 0.811977
0.475174 0.549920
0.475606 0.452183
0.475970 0.705473
0.476792 0.600575
0.476846 0.607329
0.477067 0.272575
0.477465 0.675950
0.478066 0.882517
0.478831 0.454306
0.478884 0.715457
0.479740 0.500285
0.479858 0.496430
0.480258 0.539177
0.480722 0.560503
0.480826 0.563044
0.481100 0.622495
0.482311 0.867679
0.482453 0.631494
0.483193 0.415184
0.483365 0.507248
0.483620 0.633618
0.484357 0.644538
0.484473 0.502257
0.485161 0.595221
0.486405 0.584882
0.486413 0.664708
0.486418 0.779915
0.487372 0.635080
0.487593 0.609867
0.487691 0.672644
0.487742 0.668528
0.488284 0.542759
0.488362 0.672684
0.490699 0.808575
0.490782 0.717567
0.491642 0.261277
0.491727 0.665917
0.492312 0.802644
0.492646 0.764989
0.493731 0.578801
0.493795 0.596392
0.495295 0.707380
0.495341 0.459385
0.495949 0.786704
0.496098 0.468455
0.496119 0.641670
0.496402 0.814450
0.496860 0.596268
0.497118 0.697397
0.497704 0.736299
0.498224 0.720107
0.498999 0.526826
0.499111 0.591637
0.499145 0.714852
0.501490 0.795209
0.501667 0.604511
0.501745 0.490417
0.502604 0.639585
0.503699 0.706089
0.503817 0.754531
0.504118 0.663202
0.504805 0.750695
0.505068 0.508642
0.506007 0.639073
0.506635 0.514715
0.507086 0.790863
0.507236 0.587728
0.507291 0.749712
0.507889 0.625697
0.509784 0.556379
0.510118 0.684373
0.511582 0.492392
0.512773 0.726759
0.512851 0.743844
0.512978 0.525869
0.513307 0.517964
0.513341 0.652690
0.513407 0.555186
0.513858 0.573149
0.513876 0.583617
0.513966 0.618818
0.514454 0.909116
0.515322 0.489852
0.515375 0.628957
0.515931 0.552718
0.516908 0.545000
0.516940 0.811830
0.517126 0.563074
0.517360 0.476314
0.518576 0.585199
0.519564 0.749931
0.520659 0.440190
0.520811 0.584151
0.521681 0.552215
0.522606 0.643481
0.522617 0.829939
0.523444 0.713871
0.523824 0.819763
0.524994 0.621532
0.525741 0.757670
0.526036 0.488357
0.526821 0.593593
0.528081 0.718443
0.529206 0.688451
0.529933 0.545365
0.530471 0.853773
0.531142 0.493593
0.532189 0.659507
0.532501 0.817253
0.532995 0.426113
0.533107 0.690818
0.534483 0.672815
0.536911 0.694506
0.537943 0.644058
0.538805 0.677671
0.539702 0.666920
0.540446 0.727950
0.541747 0.669858
0.543600 0.662921
0.543884 0.446683
0.544040 0.486391
0.545370 0.740343
0.546531 0.746142
0.547570 0.587425
0.548526 0.397199
0.549334 0.647431
0.550130 0.603003
0.551908 0.795963
0.552651 0.725886
0.552804 0.699365
0.553611 1.000000
0.554315 0.469660
0.554321 0.732005
0.554364 0.535800
0.554484 0.686024
0.555051 0.520505
0.555084 0.790737
0.555892 0.515061
0.556133 0.658623
0.556255 0.503874
0.556336 0.655169
0.557689 0.615521
0.557934 0.720016
0.558117 0.489186
0.558205 0.422000
0.559355 0.575212
0.559845 0.665798
0.559880 0.671097
0.559981 0.640440
0.560130 0.627731
0.560829 0.496334
0.560883 0.850203
0.561744 0.562009
0.563467 0.418041
0.564101 0.786162
0.565576 0.674702
0.565790 0.586495
0.566275 0.820673
0.566574 0.781850
0.566795 0.352356
0.567989 0.452214
0.569003 0.442099
0.569542 0.777303
0.571058 0.649936
0.571281 0.547036
0.571940 0.407646
0.573551 0.612838
0.574717 0.733260
0.576198 0.573023
0.576789 0.565508
0.578981 0.722545
0.579698 0.531992
0.580508 0.750721
0.580654 0.550387
0.583912 0.836954
0.584489 0.449524
0.587789 0.728956
0.589610 0.528075
0.591003 0.500250
0.591188 0.856726
0.591369 0.725038
0.593344 0.868517
0.593742 0.905136
0.596009 0.571022
0.598575 0.790683
0.598650 0.733772
0.599563 0.603384
0.601469 0.549215
0.602054 0.778527
0.604857 0.458273
0.605474 0.593256
0.608857 0.813479
0.609948 0.426802
0.609959 0.637039
0.612067 0.582281
0.613858 0.721686
0.615026 0.536125
0.615590 0.517653
0.617168 0.641278
0.617794 0.696100
0.618484 0.853803
0.620966 0.684270
0.621123 0.797586
0.622301 0.519092
0.622313 0.778492
0.622978 0.620862
0.624031 0.945999
0.626199 0.365190
0.626827 0.457867
0.629070 0.483752
0.631301 0.564485
0.631444 0.605482
0.631801 0.876104
0.631878 0.729086
0.632701 0.667635
0.633636 0.652435
0.633879 0.744567
0.637254 0.709342
0.638208 0.733582
0.639131 0.692665
0.640702 0.666534
0.646642 0.509009
0.647123 0.660153
0.650617 0.567428
0.650751 0.594430
0.650815 0.434345
0.651541 0.774417
0.651691 0.643076
0.652833 0.710633
0.654779 0.603763
0.661873 0.464055
0.663552 0.865453
0.665728 0.576424
0.666620 0.757862
0.668285 0.649224
0.669354 0.581774
0.670359 0.831522
0.675020 0.520907
0.676234 0.827206
0.680390 0.761742
0.681083 0.502937
0.684134 0.665730
0.684957 0.620088
0.688997 0.643980
0.689140 0.765144
0.691450 0.804572
0.692746 0.581588
0.694904 0.723996
0.695314 0.751990
0.696182 0.906273
0.697527 0.702575
0.703085 0.740199
0.704244 0.662138
0.704407 0.754667
0.705472 0.574930
0.709280 0.795258
0.715021 0.653151
0.715862 0.795250
0.725864 0.802521
0.729852 0.489215
0.730582 0.908546
0.734293 0.762533
0.734354 0.646481
0.734761 0.831819
0.736754 0.642444
0.740892 0.706238
0.742688 0.615113
0.747263 0.447886
0.747531 0.615070
0.751868 0.450894
0.757497 0.564481
0.768709 0.784738
0.772989 0.611275
0.773805 0.545741
0.783470 0.831390
0.784377 0.642349
0.794704 0.709641
0.812736 0.500706
0.814761 0.829702
0.816772 0.937929
0.824837 0.830074
0.826278 0.749791
0.848957 0.646811
0.866858 0.711594
0.879178 0.706917
0.881134 0.827834
0.929540 0.629636
0.931597 0.747009
0.966143 0.573619
1.000000 0.724192
