7.413230864230433564e-03 8.333333333333333218e-03
-4.572055875457844976e-02 8.333333333333333218e-03
-1.762986922141954182e-03 8.333333333333333218e-03
-1.173119259686890292e-03 8.333333333333333218e-03
5.729151207461077866e-04 8.333333333333333218e-03
-1.120666347808020255e-02 8.333333333333333218e-03
2.291849158624528759e-03 8.333333333333333218e-03
-6.827314149981122265e-03 8.333333333333333218e-03
-1.142120527777552852e-02 8.333333333333333218e-03
-4.871703996233846951e-03 8.333333333333333218e-03
-8.267427719477395132e-03 8.333333333333333218e-03
-1.257802180488241245e-03 8.333333333333333218e-03
-1.448067389534440225e-03 8.333333333333333218e-03
-2.408330336459797716e-03 8.333333333333333218e-03
-1.318434242331750772e-02 8.333333333333333218e-03
-1.679900949303925195e-02 8.333333333333333218e-03
-6.036600509972164796e-03 8.333333333333333218e-03
-8.189122793795002020e-04 8.333333333333333218e-03
-2.130099979232982776e-03 8.333333333333333218e-03
-4.817607686165292780e-05 8.333333333333333218e-03
-1.051261897619552854e-03 8.333333333333333218e-03
1.553791538754824286e-04 8.333333333333333218e-03
-2.014337784546787503e-04 8.333333333333333218e-03
-7.267617964355418958e-05 8.333333333333333218e-03
-1.418439813460613957e-02 8.333333333333333218e-03
3.227542268919518509e-03 8.333333333333333218e-03
-5.278408963632491568e-03 8.333333333333333218e-03
6.514951216091940944e-03 8.333333333333333218e-03
-1.315574809045313986e-02 8.333333333333333218e-03
1.669616407727232688e-03 8.333333333333333218e-03
1.049592056704646420e-03 8.333333333333333218e-03
-7.061491344922954383e-05 8.333333333333333218e-03
-1.063412355882198401e-03 8.333333333333333218e-03
6.556456479583160080e-03 8.333333333333333218e-03
-3.716150761071689707e-03 8.333333333333333218e-03
2.991909512249257830e-03 8.333333333333333218e-03
1.332071030797552652e-03 8.333333333333333218e-03
2.475708604336884430e-03 8.333333333333333218e-03
-1.016016867725553358e-02 8.333333333333333218e-03
-4.847389730135772280e-05 8.333333333333333218e-03
-8.866267705919923803e-03 8.333333333333333218e-03
-5.707198803968815265e-03 8.333333333333333218e-03
-7.706949432849059811e-03 8.333333333333333218e-03
-1.828992338328894185e-03 8.333333333333333218e-03
2.879114312638809264e-03 8.333333333333333218e-03
1.657730133072198714e-03 8.333333333333333218e-03
-2.505981553656333460e-03 8.333333333333333218e-03
5.924389128354259904e-03 8.333333333333333218e-03
-9.544097840115423059e-03 8.333333333333333218e-03
-4.136304008285133366e-03 8.333333333333333218e-03
-4.495963305903499102e-03 8.333333333333333218e-03
7.146316116767196386e-03 8.333333333333333218e-03
7.409688806789806181e-03 8.333333333333333218e-03
-7.458526809983531680e-04 8.333333333333333218e-03
3.272429075286388545e-03 8.333333333333333218e-03
5.664213011691027894e-07 8.333333333333333218e-03
-2.013956714870420578e-03 8.333333333333333218e-03
1.054820154515374170e-03 8.333333333333333218e-03
1.577293168435766647e-04 8.333333333333333218e-03
3.358737388623900949e-04 8.333333333333333218e-03
-6.666843137370953576e-03 8.333333333333333218e-03
-9.987399748748806982e-04 8.333333333333333218e-03
4.198951473285243707e-03 8.333333333333333218e-03
-2.353445732508126220e-03 8.333333333333333218e-03
-5.097546740960660558e-03 8.333333333333333218e-03
-9.175141613034724485e-05 8.333333333333333218e-03
2.065494824589283324e-03 8.333333333333333218e-03
-2.608041170227629046e-03 8.333333333333333218e-03
-9.796737163346433408e-03 8.333333333333333218e-03
-4.933109192055105952e-04 8.333333333333333218e-03
5.889917363906354425e-03 8.333333333333333218e-03
-4.615284679080691732e-04 8.333333333333333218e-03
5.631820091295740988e-03 8.333333333333333218e-03
4.846332939977339091e-03 8.333333333333333218e-03
-5.000593586328584000e-05 8.333333333333333218e-03
-5.348684253956466350e-03 8.333333333333333218e-03
-4.849463823971097987e-03 8.333333333333333218e-03
-5.086669665731350515e-03 8.333333333333333218e-03
-3.212135970757250270e-03 8.333333333333333218e-03
-1.955990125022805809e-03 8.333333333333333218e-03
-6.699986020438204737e-03 8.333333333333333218e-03
-3.934125103530108220e-03 8.333333333333333218e-03
7.039398964190889119e-04 8.333333333333333218e-03
4.000037380483149885e-03 8.333333333333333218e-03
-1.201011579307492694e-03 8.333333333333333218e-03
1.075690259548696404e-02 8.333333333333333218e-03
1.398562748485395954e-03 8.333333333333333218e-03
1.220867684762729291e-02 8.333333333333333218e-03
5.289918388994202525e-03 8.333333333333333218e-03
-1.278979875542649372e-02 8.333333333333333218e-03
-8.212911010588054561e-04 8.333333333333333218e-03
-4.011229896792613964e-03 8.333333333333333218e-03
-5.511071788262260351e-03 8.333333333333333218e-03
1.449681288671064022e-03 8.333333333333333218e-03
-2.457031070014437102e-03 8.333333333333333218e-03
-6.108056436771855391e-03 8.333333333333333218e-03
7.832304313272094032e-04 8.333333333333333218e-03
1.204600074007568418e-03 8.333333333333333218e-03
-1.126414185084124997e-02 8.333333333333333218e-03
-8.068735670290561393e-04 8.333333333333333218e-03
-8.423094049332061767e-05 8.333333333333333218e-03
-8.583186890089300469e-04 8.333333333333333218e-03
-9.342968891622484284e-04 8.333333333333333218e-03
-1.168233316840782549e-02 8.333333333333333218e-03
3.899645189890624253e-03 8.333333333333333218e-03
-1.535400843357990347e-03 8.333333333333333218e-03
-1.096518540332842850e-02 8.333333333333333218e-03
4.589586327990682890e-03 8.333333333333333218e-03
3.558940959888647754e-03 8.333333333333333218e-03
-5.805370655389587020e-03 8.333333333333333218e-03
7.339846095873962112e-05 8.333333333333333218e-03
-2.365549968168886852e-03 8.333333333333333218e-03
-1.738505110461816341e-04 8.333333333333333218e-03
-4.285174864838418862e-03 8.333333333333333218e-03
-6.935669342819448385e-04 8.333333333333333218e-03
3.094309897563110590e-04 8.333333333333333218e-03
-1.130570416911645323e-02 8.333333333333333218e-03
1.272148572509207431e-03 8.333333333333333218e-03
1.218623401152198757e-05 8.333333333333333218e-03
-6.688603822992463671e-03 8.333333333333333218e-03
