2.366385032952351281e-02 5.000000000000000278e-02
1.037931081183261425e-02 5.000000000000000278e-02
2.987471453438757946e-02 5.000000000000000278e-02
2.234100101465331251e-02 5.000000000000000278e-02
2.389785238939007295e-02 5.000000000000000278e-02
1.553062163563364781e-02 5.000000000000000278e-02
3.128090410869919374e-02 5.000000000000000278e-02
2.303448652999916593e-02 5.000000000000000278e-02
3.276179892130972465e-02 5.000000000000000278e-02
2.338287175364321679e-02 5.000000000000000278e-02
1.966797710432319907e-02 5.000000000000000278e-02
2.089561405933668820e-02 5.000000000000000278e-02
5.890261110644171710e-03 5.000000000000000278e-02
1.721454148699139153e-02 5.000000000000000278e-02
1.004440358040613497e-02 5.000000000000000278e-02
2.197542082911245476e-02 5.000000000000000278e-02
7.420731639430744320e-03 5.000000000000000278e-02
2.433928219254819295e-02 5.000000000000000278e-02
1.884418892142544766e-02 5.000000000000000278e-02
2.931820827452686143e-03 5.000000000000000278e-02
