3.024965996542314933e-03 5.000000000000000278e-02
-4.593628531623757810e-03 5.000000000000000278e-02
6.376814267409613296e-04 5.000000000000000278e-02
1.044553469281759434e-03 5.000000000000000278e-02
5.625993423476957633e-04 5.000000000000000278e-02
-6.722860529903146309e-04 5.000000000000000278e-02
4.989891288988343443e-04 5.000000000000000278e-02
1.152538154097467252e-05 5.000000000000000278e-02
-6.509411786711976483e-03 5.000000000000000278e-02
-2.135658071089483606e-03 5.000000000000000278e-02
2.673126666093237486e-03 5.000000000000000278e-02
-1.111072289341683006e-02 5.000000000000000278e-02
-6.512819514435583962e-03 5.000000000000000278e-02
3.846433209698692235e-04 5.000000000000000278e-02
-3.772215919118797334e-03 5.000000000000000278e-02
-1.375004653950481423e-03 5.000000000000000278e-02
1.124223010096209174e-03 5.000000000000000278e-02
-7.412806722320830835e-03 5.000000000000000278e-02
-4.555768667225113672e-03 5.000000000000000278e-02
-2.017096762093981144e-03 5.000000000000000278e-02
