6.567210763965672382e-03 2.500000000000000139e-02
-9.835134600501733992e-03 2.500000000000000139e-02
-1.076883445851862728e-02 2.500000000000000139e-02
-3.224048779185189652e-03 2.500000000000000139e-02
-6.052480255906867584e-03 2.500000000000000139e-02
-8.560667581508933990e-03 2.500000000000000139e-02
-5.928385039229783909e-03 2.500000000000000139e-02
1.043525466245386925e-02 2.500000000000000139e-02
-1.827345095444885686e-04 2.500000000000000139e-02
-8.474023603458086251e-03 2.500000000000000139e-02
-9.696978880045548782e-03 2.500000000000000139e-02
-8.257314129714959233e-03 2.500000000000000139e-02
6.121040121359829639e-03 2.500000000000000139e-02
-1.188708182314132666e-04 2.500000000000000139e-02
-1.187290886263901724e-02 2.500000000000000139e-02
-4.014071872157709032e-03 2.500000000000000139e-02
-1.180757583752128914e-02 2.500000000000000139e-02
9.942784270612493869e-03 2.500000000000000139e-02
-4.060045760710551815e-03 2.500000000000000139e-02
5.063530318952156467e-03 2.500000000000000139e-02
-1.771572925049892319e-02 2.500000000000000139e-02
7.224905038718601458e-04 2.500000000000000139e-02
-9.134287676679876677e-03 2.500000000000000139e-02
-6.197512591965024381e-03 2.500000000000000139e-02
-7.937288774384961346e-03 2.500000000000000139e-02
-1.592671271345248718e-03 2.500000000000000139e-02
1.635306206335947893e-03 2.500000000000000139e-02
-5.408156232300769667e-03 2.500000000000000139e-02
1.689287310622390736e-02 2.500000000000000139e-02
-1.152076318646978736e-02 2.500000000000000139e-02
-1.367467246106140316e-02 2.500000000000000139e-02
-4.215765046249556058e-03 2.500000000000000139e-02
-6.060986652766664484e-04 2.500000000000000139e-02
3.274370516799518516e-04 2.500000000000000139e-02
-1.487119376205675580e-02 2.500000000000000139e-02
4.637646749776330041e-03 2.500000000000000139e-02
-1.288246975738052691e-03 2.500000000000000139e-02
-2.548913303578141665e-04 2.500000000000000139e-02
-3.400276478257524548e-03 2.500000000000000139e-02
3.305887609570921926e-04 2.500000000000000139e-02
