5.164494963306662245e-04 5.000000000000000278e-02
-2.707453424626696942e-03 5.000000000000000278e-02
2.251985115765166301e-04 5.000000000000000278e-02
-3.494619656562284599e-03 5.000000000000000278e-02
-3.415288474918967698e-04 5.000000000000000278e-02
1.891704023462691120e-02 5.000000000000000278e-02
-8.392584399997161937e-04 5.000000000000000278e-02
7.044221112256190270e-03 5.000000000000000278e-02
-1.121672801661752900e-02 5.000000000000000278e-02
2.200355545339156838e-04 5.000000000000000278e-02
7.552031134818663893e-03 5.000000000000000278e-02
5.074396174037189289e-03 5.000000000000000278e-02
-5.416004345711399048e-03 5.000000000000000278e-02
1.614316478843344504e-03 5.000000000000000278e-02
1.739154631385822838e-02 5.000000000000000278e-02
3.873030050866716617e-03 5.000000000000000278e-02
3.687310706786822712e-04 5.000000000000000278e-02
7.398630925315799467e-04 5.000000000000000278e-02
5.833034734654823916e-04 5.000000000000000278e-02
4.361110126997920500e-04 5.000000000000000278e-02
