8.231673113622217652e-03 8.333333333333333218e-03
1.577007021415915977e-04 8.333333333333333218e-03
1.029403727671989247e-02 8.333333333333333218e-03
1.910629214678793465e-03 8.333333333333333218e-03
-2.477927203408522225e-03 8.333333333333333218e-03
1.833626155440413671e-03 8.333333333333333218e-03
6.679760230540697508e-04 8.333333333333333218e-03
-1.404671256770779683e-03 8.333333333333333218e-03
3.105122341384924326e-03 8.333333333333333218e-03
-1.432788728152950899e-02 8.333333333333333218e-03
-4.567161748779734534e-04 8.333333333333333218e-03
2.661959426471636851e-03 8.333333333333333218e-03
2.000550257680450573e-03 8.333333333333333218e-03
4.136074252689700761e-04 8.333333333333333218e-03
5.518088149444733484e-03 8.333333333333333218e-03
-4.935284677284679580e-04 8.333333333333333218e-03
2.287699785752042234e-03 8.333333333333333218e-03
4.527026573013816918e-03 8.333333333333333218e-03
2.485557878536685458e-03 8.333333333333333218e-03
4.457904946398065331e-03 8.333333333333333218e-03
-2.542579437036667292e-02 8.333333333333333218e-03
8.579018275852228967e-04 8.333333333333333218e-03
1.427869700762827120e-03 8.333333333333333218e-03
-7.552915513882665910e-04 8.333333333333333218e-03
7.125071305921978904e-04 8.333333333333333218e-03
-1.854923308297964923e-03 8.333333333333333218e-03
1.588051594001667344e-03 8.333333333333333218e-03
3.130209312013240881e-03 8.333333333333333218e-03
1.911692509084676750e-03 8.333333333333333218e-03
6.021573878900933485e-03 8.333333333333333218e-03
-1.524918802274909807e-04 8.333333333333333218e-03
-4.483945938525170372e-04 8.333333333333333218e-03
4.269226637707519700e-03 8.333333333333333218e-03
-2.004242813314488503e-04 8.333333333333333218e-03
4.663509945311934343e-04 8.333333333333333218e-03
-5.885061161765093099e-03 8.333333333333333218e-03
2.303385158840095398e-03 8.333333333333333218e-03
-1.912637427220083980e-03 8.333333333333333218e-03
9.765035768000984023e-03 8.333333333333333218e-03
9.746850977672503330e-04 8.333333333333333218e-03
4.476836968615865997e-04 8.333333333333333218e-03
1.101447268509945371e-03 8.333333333333333218e-03
5.275526045356629910e-03 8.333333333333333218e-03
2.891311934233935579e-03 8.333333333333333218e-03
1.663427879622904337e-03 8.333333333333333218e-03
-6.965833208175453706e-03 8.333333333333333218e-03
3.697727451066016614e-03 8.333333333333333218e-03
4.680758781009323327e-04 8.333333333333333218e-03
3.766375603472739420e-03 8.333333333333333218e-03
9.863964337501196500e-04 8.333333333333333218e-03
1.386887003291121558e-03 8.333333333333333218e-03
3.201241633119557284e-04 8.333333333333333218e-03
3.633112681087302849e-03 8.333333333333333218e-03
2.538776473730611563e-03 8.333333333333333218e-03
-6.567803474368798244e-03 8.333333333333333218e-03
5.342084447892262757e-03 8.333333333333333218e-03
-2.428941223732876409e-03 8.333333333333333218e-03
2.225894737539242316e-03 8.333333333333333218e-03
3.775102930543734747e-04 8.333333333333333218e-03
9.097841729167202920e-04 8.333333333333333218e-03
1.321922968912616486e-03 8.333333333333333218e-03
1.601915754372662190e-03 8.333333333333333218e-03
1.443708665169783113e-03 8.333333333333333218e-03
6.816286812614383295e-03 8.333333333333333218e-03
-1.530964268207661919e-03 8.333333333333333218e-03
2.887277578937001363e-03 8.333333333333333218e-03
3.163135156793712641e-03 8.333333333333333218e-03
2.634130142702712646e-04 8.333333333333333218e-03
-2.542395675197362676e-03 8.333333333333333218e-03
-2.690888420949753140e-02 8.333333333333333218e-03
1.874354037557836999e-03 8.333333333333333218e-03
-7.929048927928167637e-03 8.333333333333333218e-03
1.492167866602344545e-03 8.333333333333333218e-03
2.151453784327553645e-03 8.333333333333333218e-03
1.330435178646914574e-03 8.333333333333333218e-03
2.953629421479271773e-03 8.333333333333333218e-03
-2.087870401574410534e-02 8.333333333333333218e-03
1.815284543667050957e-03 8.333333333333333218e-03
1.208342359352722328e-03 8.333333333333333218e-03
-4.752695901090245312e-03 8.333333333333333218e-03
1.703195097788364441e-03 8.333333333333333218e-03
6.612251294159495786e-03 8.333333333333333218e-03
4.272256804482479214e-04 8.333333333333333218e-03
7.021956007661641491e-03 8.333333333333333218e-03
4.652963730082193897e-04 8.333333333333333218e-03
2.590197444936183629e-03 8.333333333333333218e-03
3.234912127471137322e-04 8.333333333333333218e-03
2.414097516706105451e-03 8.333333333333333218e-03
-9.637833241545046281e-06 8.333333333333333218e-03
-1.828343900219074614e-02 8.333333333333333218e-03
-2.625974029599117965e-04 8.333333333333333218e-03
8.190824766911002780e-04 8.333333333333333218e-03
6.626008843597546057e-03 8.333333333333333218e-03
2.454598650841193115e-03 8.333333333333333218e-03
-7.794155249416935549e-03 8.333333333333333218e-03
-3.519569937752152142e-03 8.333333333333333218e-03
-2.261823643561974503e-02 8.333333333333333218e-03
2.899508319875964552e-03 8.333333333333333218e-03
-1.299136820018619715e-02 8.333333333333333218e-03
2.381810736477956575e-03 8.333333333333333218e-03
3.159621561832336341e-03 8.333333333333333218e-03
9.379669005843520313e-04 8.333333333333333218e-03
-2.152636141575417494e-02 8.333333333333333218e-03
-2.004377838753427371e-02 8.333333333333333218e-03
-5.942986674415048909e-04 8.333333333333333218e-03
-2.922809794194888844e-05 8.333333333333333218e-03
2.152438548069909342e-03 8.333333333333333218e-03
1.129039723315084995e-03 8.333333333333333218e-03
-2.093749369546775430e-02 8.333333333333333218e-03
-1.640860314909316567e-03 8.333333333333333218e-03
-2.585854123041187586e-02 8.333333333333333218e-03
1.415660298107591572e-03 8.333333333333333218e-03
2.909861897907994183e-03 8.333333333333333218e-03
-2.752370087023380332e-02 8.333333333333333218e-03
2.172637969544583339e-03 8.333333333333333218e-03
9.059501952466374186e-05 8.333333333333333218e-03
4.611918041302162652e-03 8.333333333333333218e-03
7.519473604499437094e-03 8.333333333333333218e-03
-7.493926649424897252e-04 8.333333333333333218e-03
-1.414542917735597122e-03 8.333333333333333218e-03
