4.562326317562860611e-02 5.000000000000000278e-02
2.485191630348448921e-02 5.000000000000000278e-02
2.250244235665710760e-02 5.000000000000000278e-02
1.562406512953518761e-02 5.000000000000000278e-02
1.327010870094889189e-02 5.000000000000000278e-02
1.304437087854334008e-02 5.000000000000000278e-02
1.404979996503353916e-02 5.000000000000000278e-02
1.696853951673346628e-02 5.000000000000000278e-02
3.001182197172523602e-02 5.000000000000000278e-02
2.567308267165389207e-02 5.000000000000000278e-02
4.744799419821624578e-03 5.000000000000000278e-02
2.772529346611894360e-02 5.000000000000000278e-02
1.315820184977121998e-02 5.000000000000000278e-02
1.476806401197330344e-02 5.000000000000000278e-02
2.337096933550746394e-02 5.000000000000000278e-02
3.066959448044360298e-02 5.000000000000000278e-02
1.316589049441474826e-02 5.000000000000000278e-02
2.288345392283780769e-02 5.000000000000000278e-02
2.263448517630474444e-02 5.000000000000000278e-02
9.637190239380933818e-03 5.000000000000000278e-02
