-3.655020035558582264e-03 2.500000000000000139e-02
1.095247737533111554e-04 2.500000000000000139e-02
-5.965927872332178056e-04 2.500000000000000139e-02
-8.053277031088920679e-04 2.500000000000000139e-02
-1.109390774291754006e-03 2.500000000000000139e-02
3.893303626892710353e-03 2.500000000000000139e-02
3.361695885683779403e-03 2.500000000000000139e-02
2.422805979998781875e-03 2.500000000000000139e-02
5.607233098175824770e-03 2.500000000000000139e-02
7.496735664958568274e-03 2.500000000000000139e-02
4.489569535205403111e-03 2.500000000000000139e-02
2.874937315477650232e-03 2.500000000000000139e-02
5.980398455111314571e-04 2.500000000000000139e-02
-1.174514568884642285e-03 2.500000000000000139e-02
9.328760075719682437e-03 2.500000000000000139e-02
9.104764850719785849e-03 2.500000000000000139e-02
3.312034629637551457e-03 2.500000000000000139e-02
-9.749557108772718972e-03 2.500000000000000139e-02
7.840363606391122578e-03 2.500000000000000139e-02
5.552335017340187702e-03 2.500000000000000139e-02
-1.226557476437523803e-02 2.500000000000000139e-02
4.256043439391658627e-03 2.500000000000000139e-02
2.944424629643969948e-03 2.500000000000000139e-02
7.981825453355073652e-04 2.500000000000000139e-02
-2.414350769420854290e-03 2.500000000000000139e-02
1.373391642696361256e-03 2.500000000000000139e-02
7.904130699102821303e-03 2.500000000000000139e-02
1.628930782602847765e-03 2.500000000000000139e-02
2.386676751200239935e-03 2.500000000000000139e-02
-1.256488590863063040e-02 2.500000000000000139e-02
-3.965411311713247511e-03 2.500000000000000139e-02
4.614257038367116856e-03 2.500000000000000139e-02
8.768769635066038862e-03 2.500000000000000139e-02
4.131956496378794835e-03 2.500000000000000139e-02
6.122458770908004860e-03 2.500000000000000139e-02
2.026590025021882471e-02 2.500000000000000139e-02
4.043029451467269886e-04 2.500000000000000139e-02
5.108017017752090883e-03 2.500000000000000139e-02
3.223456259640301858e-03 2.500000000000000139e-02
6.168687931478633764e-03 2.500000000000000139e-02
