2.619267065844729098e-02 8.333333333333333218e-03
2.332043396005559557e-02 8.333333333333333218e-03
1.258031838726825224e-02 8.333333333333333218e-03
3.784853168327438622e-02 8.333333333333333218e-03
1.733320215631330152e-02 8.333333333333333218e-03
2.854390630487117775e-02 8.333333333333333218e-03
3.481792461971860292e-02 8.333333333333333218e-03
1.031146342050256320e-02 8.333333333333333218e-03
2.364801866203372627e-02 8.333333333333333218e-03
1.381748382879152345e-02 8.333333333333333218e-03
2.869962577392935407e-02 8.333333333333333218e-03
1.519593031226857197e-02 8.333333333333333218e-03
2.300789028190916748e-03 8.333333333333333218e-03
2.064102419725498405e-02 8.333333333333333218e-03
2.322885287674800528e-02 8.333333333333333218e-03
1.459298929249420486e-02 8.333333333333333218e-03
2.296950245880615554e-02 8.333333333333333218e-03
1.021989759676475255e-02 8.333333333333333218e-03
2.437410323470467002e-02 8.333333333333333218e-03
7.018164045220456199e-03 8.333333333333333218e-03
3.084706042686895244e-02 8.333333333333333218e-03
2.819616501134464964e-02 8.333333333333333218e-03
6.227987431552480316e-03 8.333333333333333218e-03
1.252228451773119630e-02 8.333333333333333218e-03
3.364909717902200836e-02 8.333333333333333218e-03
2.305221615549632452e-02 8.333333333333333218e-03
2.208489017083939063e-02 8.333333333333333218e-03
7.291700514123552676e-03 8.333333333333333218e-03
1.660839040282510726e-02 8.333333333333333218e-03
2.400066114666970368e-02 8.333333333333333218e-03
1.573051262122254074e-02 8.333333333333333218e-03
2.902607704716119244e-02 8.333333333333333218e-03
1.123903641538069251e-02 8.333333333333333218e-03
1.512999637905774672e-02 8.333333333333333218e-03
1.944416141397127193e-02 8.333333333333333218e-03
3.305735434533783185e-02 8.333333333333333218e-03
3.325213999513979002e-02 8.333333333333333218e-03
2.130340907822045327e-02 8.333333333333333218e-03
3.580305437635200594e-02 8.333333333333333218e-03
2.006726725769424069e-02 8.333333333333333218e-03
4.263192312483819919e-03 8.333333333333333218e-03
2.089182257964880551e-02 8.333333333333333218e-03
2.498788461038293357e-02 8.333333333333333218e-03
2.550978223798762781e-02 8.333333333333333218e-03
5.706724489365055247e-03 8.333333333333333218e-03
1.081455211403806183e-02 8.333333333333333218e-03
8.677042430258978881e-03 8.333333333333333218e-03
2.258033283070154731e-02 8.333333333333333218e-03
1.080152561167942518e-02 8.333333333333333218e-03
1.759798815839142688e-02 8.333333333333333218e-03
2.579472083027113671e-02 8.333333333333333218e-03
2.017660653556938022e-02 8.333333333333333218e-03
1.153341990536741260e-02 8.333333333333333218e-03
1.613541533170011547e-02 8.333333333333333218e-03
2.495018025218568442e-02 8.333333333333333218e-03
2.364448476409412511e-02 8.333333333333333218e-03
2.539398870451924084e-02 8.333333333333333218e-03
2.734402256489794347e-02 8.333333333333333218e-03
3.367257707413530421e-02 8.333333333333333218e-03
2.383800948057392122e-02 8.333333333333333218e-03
3.639006744861142395e-02 8.333333333333333218e-03
3.335198802416886564e-03 8.333333333333333218e-03
2.971310904843478887e-02 8.333333333333333218e-03
3.008875353514140275e-02 8.333333333333333218e-03
2.272214581649239368e-02 8.333333333333333218e-03
8.190016953834748648e-03 8.333333333333333218e-03
2.282233883150834933e-02 8.333333333333333218e-03
6.371799425666259224e-03 8.333333333333333218e-03
6.242080220720917783e-04 8.333333333333333218e-03
2.994879752745589069e-02 8.333333333333333218e-03
1.324856883335410671e-02 8.333333333333333218e-03
1.662344192498575735e-02 8.333333333333333218e-03
5.701092121021269013e-03 8.333333333333333218e-03
9.917991831440944872e-03 8.333333333333333218e-03
1.035710966536559745e-02 8.333333333333333218e-03
1.393910798799466097e-02 8.333333333333333218e-03
3.902945064208184628e-02 8.333333333333333218e-03
-5.036085139369095298e-04 8.333333333333333218e-03
1.218241786305540933e-02 8.333333333333333218e-03
3.494404982392381592e-02 8.333333333333333218e-03
1.817898298271772989e-02 8.333333333333333218e-03
2.870404392812476307e-02 8.333333333333333218e-03
2.643108970760290818e-02 8.333333333333333218e-03
1.630492747722901009e-02 8.333333333333333218e-03
1.758504453800147083e-02 8.333333333333333218e-03
2.770997458448403242e-02 8.333333333333333218e-03
1.665515920172747424e-02 8.333333333333333218e-03
3.221331464918318621e-02 8.333333333333333218e-03
7.683248666137718064e-03 8.333333333333333218e-03
1.422550742886033448e-02 8.333333333333333218e-03
2.411425127082739844e-02 8.333333333333333218e-03
1.554471575656887934e-02 8.333333333333333218e-03
3.535847945121392555e-02 8.333333333333333218e-03
2.793029648233957135e-02 8.333333333333333218e-03
2.557583986395048012e-02 8.333333333333333218e-03
1.784096480207846350e-02 8.333333333333333218e-03
2.321466665420798131e-02 8.333333333333333218e-03
1.851485423289324708e-02 8.333333333333333218e-03
2.632236220979880872e-02 8.333333333333333218e-03
1.311990756502973837e-02 8.333333333333333218e-03
2.515048837240454679e-02 8.333333333333333218e-03
2.146593175355553454e-02 8.333333333333333218e-03
1.960269843383129901e-02 8.333333333333333218e-03
3.083126815130241005e-02 8.333333333333333218e-03
2.191188796392688071e-02 8.333333333333333218e-03
2.916667893361654315e-02 8.333333333333333218e-03
7.416955843336000241e-03 8.333333333333333218e-03
3.435055168246445301e-02 8.333333333333333218e-03
1.105259428099371853e-02 8.333333333333333218e-03
1.204811010986426428e-02 8.333333333333333218e-03
3.546321802099453718e-02 8.333333333333333218e-03
1.679108463514131580e-02 8.333333333333333218e-03
2.822739969413232131e-02 8.333333333333333218e-03
9.810202304793486094e-03 8.333333333333333218e-03
3.808023534780954206e-02 8.333333333333333218e-03
1.816486340182381712e-02 8.333333333333333218e-03
2.446936999340180996e-02 8.333333333333333218e-03
3.798677191693938110e-02 8.333333333333333218e-03
2.626695879884259968e-02 8.333333333333333218e-03
1.809433858135341133e-02 8.333333333333333218e-03
