1.632326831723814389e-02 2.500000000000000139e-02
-3.097553516709563443e-03 2.500000000000000139e-02
4.824989712718242077e-03 2.500000000000000139e-02
4.373484114117368732e-03 2.500000000000000139e-02
6.346586142249354204e-03 2.500000000000000139e-02
-1.090981367925155168e-03 2.500000000000000139e-02
7.167523813791524048e-04 2.500000000000000139e-02
2.738703779288597512e-03 2.500000000000000139e-02
6.992093563181960708e-03 2.500000000000000139e-02
4.471239637695436503e-03 2.500000000000000139e-02
-1.128704038961064748e-03 2.500000000000000139e-02
6.959307134898783630e-03 2.500000000000000139e-02
3.197406803465207854e-03 2.500000000000000139e-02
3.097897208556687175e-03 2.500000000000000139e-02
6.855767039044299502e-03 2.500000000000000139e-02
6.974806370429603719e-03 2.500000000000000139e-02
4.228596491543550918e-03 2.500000000000000139e-02
4.508900348650259418e-03 2.500000000000000139e-02
7.386715397464937993e-04 2.500000000000000139e-02
6.563556422971727859e-03 2.500000000000000139e-02
1.074336170638267793e-03 2.500000000000000139e-02
3.349211045109047082e-03 2.500000000000000139e-02
1.327294186332578230e-02 2.500000000000000139e-02
6.114464944163389842e-03 2.500000000000000139e-02
-2.729051940691774175e-03 2.500000000000000139e-02
9.662728788811322453e-03 2.500000000000000139e-02
-2.980912043626778030e-03 2.500000000000000139e-02
1.280511786718183023e-03 2.500000000000000139e-02
1.033846000077991503e-02 2.500000000000000139e-02
3.978520357784745554e-03 2.500000000000000139e-02
-7.010330710312834973e-04 2.500000000000000139e-02
9.692126239559527290e-03 2.500000000000000139e-02
1.248620534202374115e-02 2.500000000000000139e-02
6.934826972123879496e-03 2.500000000000000139e-02
-5.436139687435524726e-04 2.500000000000000139e-02
1.886644873114255369e-02 2.500000000000000139e-02
8.308772873854794808e-03 2.500000000000000139e-02
5.840905796204023254e-03 2.500000000000000139e-02
-1.585048249462475830e-07 2.500000000000000139e-02
2.027967480297897251e-03 2.500000000000000139e-02
