1.378931117761068165e-03 5.000000000000000278e-02
1.809248159088664397e-03 5.000000000000000278e-02
4.841027523859290499e-03 5.000000000000000278e-02
-1.234382211995958822e-02 5.000000000000000278e-02
3.868098788224262272e-03 5.000000000000000278e-02
4.674969837596429020e-03 5.000000000000000278e-02
-2.384815623096038506e-05 5.000000000000000278e-02
2.277601684187660278e-03 5.000000000000000278e-02
-6.474146063180322153e-03 5.000000000000000278e-02
2.450318667787493646e-03 5.000000000000000278e-02
4.422719122508070831e-03 5.000000000000000278e-02
9.961984600619425839e-03 5.000000000000000278e-02
4.195801396500310754e-03 5.000000000000000278e-02
1.741046924435329241e-02 5.000000000000000278e-02
-2.450238155175428478e-04 5.000000000000000278e-02
1.021980285733590024e-03 5.000000000000000278e-02
1.479406495832414140e-03 5.000000000000000278e-02
7.143825523065975430e-04 5.000000000000000278e-02
3.695376877714713626e-03 5.000000000000000278e-02
2.774605961800921325e-03 5.000000000000000278e-02
