8.632916726805106578e-04 2.500000000000000139e-02
-9.340540748608017196e-03 2.500000000000000139e-02
-5.611333777750360241e-03 2.500000000000000139e-02
3.569053509207886776e-03 2.500000000000000139e-02
-7.540610601360020482e-03 2.500000000000000139e-02
1.579646944495483041e-02 2.500000000000000139e-02
-1.869022730505820462e-03 2.500000000000000139e-02
-1.187882571046894320e-02 2.500000000000000139e-02
-4.905488743758068537e-03 2.500000000000000139e-02
4.688084338487330527e-03 2.500000000000000139e-02
-7.856214715658227377e-03 2.500000000000000139e-02
9.513483877286343926e-03 2.500000000000000139e-02
-3.362872275290307300e-03 2.500000000000000139e-02
2.971715061332891317e-02 2.500000000000000139e-02
-3.969004159803279919e-03 2.500000000000000139e-02
-4.816396197784289512e-04 2.500000000000000139e-02
-4.218215791121693314e-03 2.500000000000000139e-02
-5.368128993319398745e-04 2.500000000000000139e-02
1.986822569117907555e-02 2.500000000000000139e-02
7.859473881185019550e-03 2.500000000000000139e-02
1.129809054580599437e-03 2.500000000000000139e-02
1.473436104338743391e-02 2.500000000000000139e-02
1.087217379701632680e-03 2.500000000000000139e-02
-2.096088986592636871e-03 2.500000000000000139e-02
1.686802493337258291e-02 2.500000000000000139e-02
3.371766107521767530e-02 2.500000000000000139e-02
1.005062413138335664e-02 2.500000000000000139e-02
9.690864687173394998e-03 2.500000000000000139e-02
-2.778529743620472559e-03 2.500000000000000139e-02
-9.224307254230401654e-03 2.500000000000000139e-02
2.625130323222868434e-02 2.500000000000000139e-02
9.215927275549207209e-03 2.500000000000000139e-02
7.197220477467736188e-03 2.500000000000000139e-02
-8.400054113956390012e-03 2.500000000000000139e-02
1.778400075018016224e-02 2.500000000000000139e-02
8.841139491020388874e-04 2.500000000000000139e-02
1.875947795531396345e-02 2.500000000000000139e-02
1.291760976362033020e-02 2.500000000000000139e-02
-4.495342199418272955e-03 2.500000000000000139e-02
-7.774243924100421310e-03 2.500000000000000139e-02
