5.314698266361217449e-03 2.500000000000000139e-02
9.349111055618308797e-03 2.500000000000000139e-02
4.190946014742680248e-03 2.500000000000000139e-02
1.122112829295063285e-02 2.500000000000000139e-02
1.513699561910675229e-02 2.500000000000000139e-02
6.520386017472512563e-03 2.500000000000000139e-02
9.234887240847866607e-03 2.500000000000000139e-02
9.211651839420742505e-03 2.500000000000000139e-02
1.152953118323107873e-02 2.500000000000000139e-02
3.411530240768678723e-03 2.500000000000000139e-02
7.590358614950609706e-03 2.500000000000000139e-02
4.572090364759029413e-03 2.500000000000000139e-02
1.173246605254529840e-02 2.500000000000000139e-02
8.858793479360471679e-04 2.500000000000000139e-02
3.297658629187294466e-03 2.500000000000000139e-02
4.942270630819090016e-03 2.500000000000000139e-02
6.081215027154751596e-03 2.500000000000000139e-02
8.623775285254264844e-03 2.500000000000000139e-02
3.331536968332660109e-03 2.500000000000000139e-02
1.365653165288560622e-02 2.500000000000000139e-02
-9.895724375934555894e-04 2.500000000000000139e-02
-3.035630186906557171e-03 2.500000000000000139e-02
-5.622194147001380315e-04 2.500000000000000139e-02
1.083937915418142772e-02 2.500000000000000139e-02
1.242837070761648732e-02 2.500000000000000139e-02
1.105485346405310487e-02 2.500000000000000139e-02
1.061234578688097230e-02 2.500000000000000139e-02
1.240326021069204643e-02 2.500000000000000139e-02
1.827868320472791908e-02 2.500000000000000139e-02
8.333547456204959403e-03 2.500000000000000139e-02
1.984459230291824028e-02 2.500000000000000139e-02
3.951798497420444534e-03 2.500000000000000139e-02
-1.693062059830729993e-02 2.500000000000000139e-02
1.209665680177707259e-02 2.500000000000000139e-02
5.380685396447093538e-03 2.500000000000000139e-02
2.165222492856622161e-02 2.500000000000000139e-02
4.801828207727121267e-03 2.500000000000000139e-02
1.076533115861311174e-02 2.500000000000000139e-02
5.799266631566046826e-03 2.500000000000000139e-02
8.530353728394945989e-03 2.500000000000000139e-02
