4.459090408968524599e-03 2.500000000000000139e-02
-2.963656543562676049e-03 2.500000000000000139e-02
-1.297750769637229240e-03 2.500000000000000139e-02
2.969010872372557230e-03 2.500000000000000139e-02
-8.694931809001271716e-04 2.500000000000000139e-02
-1.234652862854068722e-02 2.500000000000000139e-02
-2.140194143709139851e-03 2.500000000000000139e-02
3.494891435964930793e-03 2.500000000000000139e-02
2.932100410644400412e-03 2.500000000000000139e-02
5.275147411019087684e-04 2.500000000000000139e-02
-4.742701954434380696e-03 2.500000000000000139e-02
-1.308423359081434256e-03 2.500000000000000139e-02
5.046277015869682359e-03 2.500000000000000139e-02
5.222350006597320515e-04 2.500000000000000139e-02
-4.089918214314147704e-03 2.500000000000000139e-02
-3.525031359835395506e-03 2.500000000000000139e-02
5.921794361676280261e-04 2.500000000000000139e-02
7.155256686553590484e-03 2.500000000000000139e-02
1.374568970831546721e-03 2.500000000000000139e-02
3.802291888062914182e-03 2.500000000000000139e-02
-6.663694857735880106e-03 2.500000000000000139e-02
2.124934457339966443e-03 2.500000000000000139e-02
-1.653964487088988022e-03 2.500000000000000139e-02
5.664647806045142175e-04 2.500000000000000139e-02
-2.361517169273685823e-03 2.500000000000000139e-02
1.241730413932051746e-03 2.500000000000000139e-02
3.111349345965352953e-03 2.500000000000000139e-02
-5.668373496949818957e-04 2.500000000000000139e-02
4.563701149918220068e-03 2.500000000000000139e-02
-3.619588427571818201e-03 2.500000000000000139e-02
-3.947602307651232323e-03 2.500000000000000139e-02
1.626933078442416303e-04 2.500000000000000139e-02
7.808276764067922926e-03 2.500000000000000139e-02
5.746793006021544414e-03 2.500000000000000139e-02
-7.443868243004470031e-03 2.500000000000000139e-02
5.283759562151990608e-03 2.500000000000000139e-02
1.684934034113183543e-03 2.500000000000000139e-02
-1.559354214450969778e-03 2.500000000000000139e-02
2.629898706802968888e-04 2.500000000000000139e-02
5.690297053468462707e-03 2.500000000000000139e-02
