6.583673771492826177e-03 8.333333333333333218e-03
2.092588563592068240e-02 8.333333333333333218e-03
3.689942550230140839e-03 8.333333333333333218e-03
3.744140850589183778e-02 8.333333333333333218e-03
4.422988355254897641e-03 8.333333333333333218e-03
1.190800450298534763e-02 8.333333333333333218e-03
3.565520709342284711e-02 8.333333333333333218e-03
6.473213203484151634e-03 8.333333333333333218e-03
3.255927462639096603e-02 8.333333333333333218e-03
2.276394807774195783e-03 8.333333333333333218e-03
1.152543454013521540e-02 8.333333333333333218e-03
7.145359675155837920e-04 8.333333333333333218e-03
1.250450185060092423e-03 8.333333333333333218e-03
1.932873612779761885e-02 8.333333333333333218e-03
2.898636210769267585e-02 8.333333333333333218e-03
2.063729260863844672e-04 8.333333333333333218e-03
1.108312735192873433e-02 8.333333333333333218e-03
3.421472211625742332e-02 8.333333333333333218e-03
-4.120866444212722968e-05 8.333333333333333218e-03
2.678885876274694766e-02 8.333333333333333218e-03
-9.353849973796624084e-04 8.333333333333333218e-03
1.633499659691373118e-02 8.333333333333333218e-03
1.380085027339106318e-03 8.333333333333333218e-03
3.286326970997910379e-02 8.333333333333333218e-03
1.665274364833391196e-02 8.333333333333333218e-03
2.812498346508096603e-02 8.333333333333333218e-03
2.344235723817722494e-02 8.333333333333333218e-03
-3.045736506671836707e-03 8.333333333333333218e-03
1.302707082263987459e-02 8.333333333333333218e-03
5.483967727706318129e-04 8.333333333333333218e-03
2.072637677570821069e-03 8.333333333333333218e-03
-2.904950408628037550e-03 8.333333333333333218e-03
-1.329244728360823302e-04 8.333333333333333218e-03
-9.490672939739708269e-03 8.333333333333333218e-03
2.456341277725759831e-02 8.333333333333333218e-03
1.973331479027828905e-02 8.333333333333333218e-03
9.513799677869361204e-03 8.333333333333333218e-03
4.808954961344369394e-03 8.333333333333333218e-03
2.934901209277307466e-02 8.333333333333333218e-03
-3.248228154188792516e-03 8.333333333333333218e-03
-2.092401963275314358e-03 8.333333333333333218e-03
1.971821618829205924e-02 8.333333333333333218e-03
1.517439845109880281e-03 8.333333333333333218e-03
7.330637098341918900e-03 8.333333333333333218e-03
1.808698011900777836e-02 8.333333333333333218e-03
1.651257780651471663e-02 8.333333333333333218e-03
-1.142192978887734967e-03 8.333333333333333218e-03
1.715317562757778802e-03 8.333333333333333218e-03
5.920870300512470763e-03 8.333333333333333218e-03
8.021419624865799847e-03 8.333333333333333218e-03
2.215653393489835921e-03 8.333333333333333218e-03
4.424540200898219311e-03 8.333333333333333218e-03
1.088530168910750717e-03 8.333333333333333218e-03
2.442087589459851493e-02 8.333333333333333218e-03
2.481661042279759144e-03 8.333333333333333218e-03
3.043245482881418162e-02 8.333333333333333218e-03
1.845421586576145856e-02 8.333333333333333218e-03
2.206132028369278686e-03 8.333333333333333218e-03
1.596145594470632645e-03 8.333333333333333218e-03
3.021963288367834899e-02 8.333333333333333218e-03
2.824133917344617828e-02 8.333333333333333218e-03
-9.005713782401780776e-04 8.333333333333333218e-03
4.145310026266502135e-03 8.333333333333333218e-03
4.846519028694373787e-03 8.333333333333333218e-03
2.418544735306560334e-02 8.333333333333333218e-03
1.614645395822322804e-02 8.333333333333333218e-03
1.801191674116586761e-02 8.333333333333333218e-03
3.211057931813110500e-02 8.333333333333333218e-03
-2.014661457532040956e-03 8.333333333333333218e-03
3.866390811906761371e-02 8.333333333333333218e-03
3.286155233237830764e-02 8.333333333333333218e-03
1.878862707264539189e-02 8.333333333333333218e-03
6.305227628020215747e-03 8.333333333333333218e-03
-9.211474619890136495e-04 8.333333333333333218e-03
1.442225167062294311e-02 8.333333333333333218e-03
-1.805659838672646345e-03 8.333333333333333218e-03
3.010110708311630745e-02 8.333333333333333218e-03
1.675669035680504848e-03 8.333333333333333218e-03
4.605817638073883558e-03 8.333333333333333218e-03
2.213423466652253424e-02 8.333333333333333218e-03
7.057287921726995705e-03 8.333333333333333218e-03
3.338503993694663663e-02 8.333333333333333218e-03
-6.570471883928785672e-03 8.333333333333333218e-03
-3.745726370735003030e-03 8.333333333333333218e-03
1.309746801084443746e-02 8.333333333333333218e-03
2.622878307049636426e-02 8.333333333333333218e-03
7.809190950995859026e-04 8.333333333333333218e-03
3.595679443250876517e-02 8.333333333333333218e-03
5.961911564500654848e-03 8.333333333333333218e-03
2.136072310026659871e-02 8.333333333333333218e-03
6.745582999900356924e-03 8.333333333333333218e-03
-3.056220062012560135e-03 8.333333333333333218e-03
1.463678128540180090e-02 8.333333333333333218e-03
3.113678723629687006e-02 8.333333333333333218e-03
2.661358355035003953e-03 8.333333333333333218e-03
-1.279787078262817346e-03 8.333333333333333218e-03
-3.622611929398056319e-03 8.333333333333333218e-03
1.403855115561647438e-02 8.333333333333333218e-03
-5.075323760225236569e-03 8.333333333333333218e-03
3.329284721424352611e-03 8.333333333333333218e-03
5.910643442970098249e-04 8.333333333333333218e-03
3.362270998497063346e-04 8.333333333333333218e-03
1.664767784987652988e-02 8.333333333333333218e-03
1.192473058152776488e-02 8.333333333333333218e-03
1.037317903088674775e-02 8.333333333333333218e-03
2.021014532680509568e-02 8.333333333333333218e-03
9.570385814207993391e-03 8.333333333333333218e-03
2.806985988662691334e-02 8.333333333333333218e-03
-3.918267373584249924e-03 8.333333333333333218e-03
1.951010905665673256e-02 8.333333333333333218e-03
-3.127809479898546741e-03 8.333333333333333218e-03
-4.075535906461258406e-03 8.333333333333333218e-03
1.724184240384785127e-02 8.333333333333333218e-03
8.682573028062634535e-04 8.333333333333333218e-03
5.974544832318295917e-03 8.333333333333333218e-03
-1.024453499031685588e-02 8.333333333333333218e-03
4.564183506714725169e-03 8.333333333333333218e-03
1.226019565217151275e-02 8.333333333333333218e-03
8.941143594801692629e-03 8.333333333333333218e-03
2.283634276276869102e-03 8.333333333333333218e-03
