9.176898476796147008e-03 5.000000000000000278e-02
1.400670213862076352e-02 5.000000000000000278e-02
1.788600750270208373e-02 5.000000000000000278e-02
3.351282588617943148e-03 5.000000000000000278e-02
3.653907491729446733e-03 5.000000000000000278e-02
6.672617110911938099e-03 5.000000000000000278e-02
-1.252009801832931757e-03 5.000000000000000278e-02
1.389207667268999025e-02 5.000000000000000278e-02
5.177909236856681474e-03 5.000000000000000278e-02
1.502801740407222475e-02 5.000000000000000278e-02
1.348550569818640632e-02 5.000000000000000278e-02
1.083605228810480270e-02 5.000000000000000278e-02
1.000720293186385668e-02 5.000000000000000278e-02
-1.906460614131466613e-03 5.000000000000000278e-02
1.478006306532053671e-02 5.000000000000000278e-02
2.151697504024552288e-03 5.000000000000000278e-02
2.362371096827842187e-02 5.000000000000000278e-02
1.924125224981776405e-02 5.000000000000000278e-02
5.066084343707588644e-03 5.000000000000000278e-02
6.200947843376214408e-03 5.000000000000000278e-02
