-5.331625074977752732e-03 5.000000000000000278e-02
-3.791952650911145639e-04 5.000000000000000278e-02
-2.394980837328031242e-04 5.000000000000000278e-02
2.895434773284799590e-03 5.000000000000000278e-02
-4.770427909988050885e-04 5.000000000000000278e-02
-2.905508258175482084e-03 5.000000000000000278e-02
1.162089634231477930e-03 5.000000000000000278e-02
2.586543072899294415e-03 5.000000000000000278e-02
-8.423143829563439766e-04 5.000000000000000278e-02
-6.686307666631474689e-03 5.000000000000000278e-02
6.921806674776487256e-03 5.000000000000000278e-02
5.714783186815397542e-03 5.000000000000000278e-02
2.910006918117158392e-03 5.000000000000000278e-02
-2.500416935006022356e-03 5.000000000000000278e-02
-6.855937627029407011e-03 5.000000000000000278e-02
5.935084562405323894e-03 5.000000000000000278e-02
5.715675315273172075e-03 5.000000000000000278e-02
1.800154495343875283e-03 5.000000000000000278e-02
-2.345867399168310996e-03 5.000000000000000278e-02
-8.553653825669194077e-04 5.000000000000000278e-02
