3.852701097387889462e-03 5.000000000000000278e-02
2.738106053052247191e-03 5.000000000000000278e-02
2.368383424573350382e-03 5.000000000000000278e-02
3.352750966804984856e-03 5.000000000000000278e-02
3.300569687600951596e-04 5.000000000000000278e-02
-4.004381701895320944e-03 5.000000000000000278e-02
-3.478059250680898273e-03 5.000000000000000278e-02
2.806045848909644036e-03 5.000000000000000278e-02
9.400799084888777912e-04 5.000000000000000278e-02
-1.103635207855724332e-03 5.000000000000000278e-02
9.442208232159909898e-04 5.000000000000000278e-02
-6.439348836138059085e-04 5.000000000000000278e-02
-1.184626498069718536e-03 5.000000000000000278e-02
2.806711564764974298e-03 5.000000000000000278e-02
-3.762535728606630769e-03 5.000000000000000278e-02
3.875578668008028416e-03 5.000000000000000278e-02
3.480112680513514078e-03 5.000000000000000278e-02
-1.653889512268191808e-03 5.000000000000000278e-02
4.662853485473794635e-03 5.000000000000000278e-02
-9.942365734443292524e-04 5.000000000000000278e-02
