1.497117135766790064e-02 5.000000000000000278e-02
1.866893738570918337e-02 5.000000000000000278e-02
1.366668930343784005e-02 5.000000000000000278e-02
2.095775610228245434e-02 5.000000000000000278e-02
1.590376472899368565e-02 5.000000000000000278e-02
1.220283202705818582e-02 5.000000000000000278e-02
-6.004794979821426182e-03 5.000000000000000278e-02
1.698733244959305111e-02 5.000000000000000278e-02
1.246113030954720813e-02 5.000000000000000278e-02
8.578104400354558123e-03 5.000000000000000278e-02
1.135332443303438410e-02 5.000000000000000278e-02
1.408248608286832848e-02 5.000000000000000278e-02
1.779489757456320653e-02 5.000000000000000278e-02
1.095339106441883814e-02 5.000000000000000278e-02
1.474563669355943851e-02 5.000000000000000278e-02
1.476950752240413500e-02 5.000000000000000278e-02
1.723479179424280971e-02 5.000000000000000278e-02
1.196123818617200740e-02 5.000000000000000278e-02
1.413668232785125767e-02 5.000000000000000278e-02
1.263454569469590894e-02 5.000000000000000278e-02
