2.580319434504430021e-03 5.000000000000000278e-02
-3.830140583618968364e-03 5.000000000000000278e-02
-1.430325785718888909e-03 5.000000000000000278e-02
9.595460825489121603e-03 5.000000000000000278e-02
8.008048822674140865e-04 5.000000000000000278e-02
3.275051580519772187e-03 5.000000000000000278e-02
6.342068060455341438e-03 5.000000000000000278e-02
-2.477359407763612964e-03 5.000000000000000278e-02
1.075960868892167355e-03 5.000000000000000278e-02
-1.116929769874097644e-03 5.000000000000000278e-02
7.192889064200347349e-04 5.000000000000000278e-02
-3.959002214448670287e-04 5.000000000000000278e-02
6.260765323962358408e-03 5.000000000000000278e-02
2.992628291432319898e-03 5.000000000000000278e-02
6.679290229281820146e-03 5.000000000000000278e-02
-4.041721323466695992e-04 5.000000000000000278e-02
5.243297435032712173e-03 5.000000000000000278e-02
4.810987289621149188e-03 5.000000000000000278e-02
5.338062401857968098e-03 5.000000000000000278e-02
5.795723126102991785e-04 5.000000000000000278e-02
