2.001703307798141651e-03 8.333333333333333218e-03
2.191910320459511397e-03 8.333333333333333218e-03
1.899193270776433629e-02 8.333333333333333218e-03
4.426104488487236921e-03 8.333333333333333218e-03
5.934996522688473775e-03 8.333333333333333218e-03
7.342668312611655423e-03 8.333333333333333218e-03
1.009717651490560364e-02 8.333333333333333218e-03
7.824116793874180686e-03 8.333333333333333218e-03
4.569664527388495046e-03 8.333333333333333218e-03
4.716018828037071842e-03 8.333333333333333218e-03
3.062600703921347645e-02 8.333333333333333218e-03
1.761841103891548244e-03 8.333333333333333218e-03
5.049324210597561091e-04 8.333333333333333218e-03
5.360171851174433399e-03 8.333333333333333218e-03
7.371704008575452605e-03 8.333333333333333218e-03
1.448954845243721756e-02 8.333333333333333218e-03
-5.157616384219965155e-03 8.333333333333333218e-03
2.318540621619313846e-02 8.333333333333333218e-03
-3.271098068501343548e-03 8.333333333333333218e-03
4.287041023039339649e-03 8.333333333333333218e-03
2.479987791138626996e-02 8.333333333333333218e-03
6.407140975485114964e-03 8.333333333333333218e-03
7.044271016719116929e-03 8.333333333333333218e-03
2.321461105629407662e-02 8.333333333333333218e-03
3.097328384642494825e-04 8.333333333333333218e-03
-1.421623076012679121e-03 8.333333333333333218e-03
1.164046307428323601e-02 8.333333333333333218e-03
1.236193487146186598e-02 8.333333333333333218e-03
2.955104778002759502e-03 8.333333333333333218e-03
-1.871171925562631344e-03 8.333333333333333218e-03
4.228644446420126712e-03 8.333333333333333218e-03
3.800954166250036792e-03 8.333333333333333218e-03
1.763646207169000668e-02 8.333333333333333218e-03
1.218336005102793607e-03 8.333333333333333218e-03
9.741955303355753770e-03 8.333333333333333218e-03
1.932733098677941186e-02 8.333333333333333218e-03
-2.617610276249848766e-04 8.333333333333333218e-03
2.064078713299410950e-02 8.333333333333333218e-03
1.496542003091461126e-03 8.333333333333333218e-03
1.053287283205084357e-02 8.333333333333333218e-03
2.183495485196274011e-02 8.333333333333333218e-03
-2.692734301004362507e-03 8.333333333333333218e-03
9.499247272347188797e-03 8.333333333333333218e-03
1.005516177302512304e-02 8.333333333333333218e-03
4.061547067296222835e-03 8.333333333333333218e-03
9.163719181161544824e-03 8.333333333333333218e-03
5.656358469114275422e-03 8.333333333333333218e-03
5.290765734875968462e-03 8.333333333333333218e-03
6.617450533537461155e-03 8.333333333333333218e-03
9.804212649519916667e-03 8.333333333333333218e-03
7.465814296935269212e-03 8.333333333333333218e-03
3.919439426968152063e-03 8.333333333333333218e-03
-9.794607763100593445e-04 8.333333333333333218e-03
3.794289689258656395e-03 8.333333333333333218e-03
3.674737686132578673e-03 8.333333333333333218e-03
3.181755716565648484e-03 8.333333333333333218e-03
3.755978382560476447e-03 8.333333333333333218e-03
1.676727340964823121e-02 8.333333333333333218e-03
1.584821195996344301e-03 8.333333333333333218e-03
2.452199101920227164e-02 8.333333333333333218e-03
-1.985540280205810859e-03 8.333333333333333218e-03
5.765819053285214935e-03 8.333333333333333218e-03
3.078708375671035391e-02 8.333333333333333218e-03
2.755983108407411564e-03 8.333333333333333218e-03
9.471466671485018196e-03 8.333333333333333218e-03
2.020350985605579019e-02 8.333333333333333218e-03
1.246410750060000794e-02 8.333333333333333218e-03
1.698899672093157065e-02 8.333333333333333218e-03
1.165444393941772461e-02 8.333333333333333218e-03
1.290129897732827935e-02 8.333333333333333218e-03
9.934728273449433544e-03 8.333333333333333218e-03
3.268530846689543523e-03 8.333333333333333218e-03
5.407343525758445679e-04 8.333333333333333218e-03
4.909839373342883562e-03 8.333333333333333218e-03
1.959074671334803952e-02 8.333333333333333218e-03
4.292149042541160142e-03 8.333333333333333218e-03
7.700644130556266731e-03 8.333333333333333218e-03
6.044133965213305260e-03 8.333333333333333218e-03
6.445442990542948891e-03 8.333333333333333218e-03
2.949881066865911450e-02 8.333333333333333218e-03
3.055135053438906567e-03 8.333333333333333218e-03
2.148382963793271649e-02 8.333333333333333218e-03
1.265153436562438394e-02 8.333333333333333218e-03
-6.934081097355937473e-03 8.333333333333333218e-03
6.990342012840322639e-03 8.333333333333333218e-03
1.658744374589193882e-02 8.333333333333333218e-03
1.474312661718668593e-02 8.333333333333333218e-03
-8.787086691608436695e-04 8.333333333333333218e-03
1.444929622877877406e-02 8.333333333333333218e-03
2.708325048418780412e-03 8.333333333333333218e-03
1.872250531686492359e-02 8.333333333333333218e-03
8.378491683429079018e-03 8.333333333333333218e-03
1.508822771983853173e-02 8.333333333333333218e-03
-2.540444676586428585e-03 8.333333333333333218e-03
1.603265832361566723e-02 8.333333333333333218e-03
6.014028490942679994e-03 8.333333333333333218e-03
2.990355134406819104e-04 8.333333333333333218e-03
8.978510125913663487e-03 8.333333333333333218e-03
-4.668330438282186634e-04 8.333333333333333218e-03
1.734396501272428281e-02 8.333333333333333218e-03
7.263659544852085759e-03 8.333333333333333218e-03
1.559734404997525914e-02 8.333333333333333218e-03
1.235975576963088685e-02 8.333333333333333218e-03
1.013189686843918302e-02 8.333333333333333218e-03
1.810853226181574627e-03 8.333333333333333218e-03
6.362228839300598793e-04 8.333333333333333218e-03
-5.338762754696357860e-04 8.333333333333333218e-03
2.604308132287935784e-02 8.333333333333333218e-03
1.233420542066876457e-02 8.333333333333333218e-03
4.649825123079320832e-03 8.333333333333333218e-03
1.361588494372778513e-02 8.333333333333333218e-03
8.456292799768672097e-03 8.333333333333333218e-03
3.813149616666233754e-03 8.333333333333333218e-03
7.261753847793039895e-03 8.333333333333333218e-03
-4.819658363479639718e-04 8.333333333333333218e-03
5.580695715506012178e-03 8.333333333333333218e-03
2.798897632924446377e-02 8.333333333333333218e-03
1.800252434311411243e-02 8.333333333333333218e-03
3.642593474438182710e-03 8.333333333333333218e-03
1.322563438856949602e-04 8.333333333333333218e-03
