-1.073342583077807610e-02 5.000000000000000278e-02
1.977486515539061962e-02 5.000000000000000278e-02
1.134159824293123897e-02 5.000000000000000278e-02
1.220299241512057264e-02 5.000000000000000278e-02
1.831098093965088935e-04 5.000000000000000278e-02
-3.464806198776759771e-03 5.000000000000000278e-02
4.821084552909526977e-03 5.000000000000000278e-02
1.681691518386063677e-02 5.000000000000000278e-02
-2.375477787876389968e-03 5.000000000000000278e-02
1.432958529039018991e-02 5.000000000000000278e-02
4.413957373797572359e-03 5.000000000000000278e-02
1.286774427422532341e-04 5.000000000000000278e-02
-7.847741563582033564e-03 5.000000000000000278e-02
2.509821441998538738e-02 5.000000000000000278e-02
9.868744499845760743e-04 5.000000000000000278e-02
3.242492346585912344e-03 5.000000000000000278e-02
1.472786005485060556e-02 5.000000000000000278e-02
-1.009900337447855456e-02 5.000000000000000278e-02
1.101294101960781369e-02 5.000000000000000278e-02
-4.533198175930230889e-03 5.000000000000000278e-02
