0.000000 0.064213
0.005399 0.135737
0.012724 0.351035
0.016869 0.000000
0.017175 0.271245
0.022573 0.123420
0.028273 0.054394
0.029712 0.084329
0.030224 0.324447
0.036475 0.237799
0.043816 0.012051
0.058756 0.219665
0.059932 0.084947
0.069721 0.354268
0.071438 0.145768
0.071546 0.366451
0.072456 0.170018
0.074594 0.421359
0.078979 0.020336
0.087737 0.051687
0.088970 0.386662
0.091538 0.187085
0.091606 0.091591
0.096253 0.357735
0.099990 0.399405
0.105073 0.436860
0.106698 0.276218
0.111006 0.286438
0.116725 0.214221
0.120233 0.520280
0.121403 0.043133
0.123798 0.284436
0.132202 0.525116
0.133791 0.098418
0.135264 0.372783
0.139162 0.079901
0.142001 0.257867
0.142583 0.242059
0.143261 0.409520
0.144895 0.230279
0.144996 0.204406
0.146890 0.302929
0.150170 0.060627
0.150845 0.410957
0.155969 0.222321
0.157110 0.417802
0.159213 0.272454
0.163500 0.393517
0.164174 0.334764
0.172616 0.316206
0.173340 0.399462
0.174790 0.035821
0.178716 0.050072
0.185280 0.342026
0.187095 0.050436
0.189446 0.137272
0.191158 0.247390
0.193903 0.411644
0.198134 0.464348
0.198360 0.241479
0.204528 0.169181
0.206820 0.294328
0.208500 0.095685
0.208734 0.061457
0.210249 0.442341
0.211289 0.184423
0.214600 0.390041
0.215031 0.335741
0.217161 0.199931
0.217530 0.235264
0.223140 0.305910
0.223312 0.560401
0.225691 0.348926
0.226653 0.255649
0.232032 0.192422
0.232373 0.301155
0.236743 0.464293
0.237542 0.477527
0.238741 0.423599
0.239449 0.544364
0.242028 0.568926
0.242851 0.376489
0.242990 0.091381
0.254100 0.062152
0.254268 0.559009
0.260173 0.174467
0.260486 0.366259
0.260881 0.194607
0.265675 0.371222
0.267711 0.115020
0.268994 0.478544
0.269523 0.270858
0.272639 0.279399
0.273073 0.299878
0.273195 0.340252
0.273863 0.418293
0.274500 0.515065
0.277830 0.177230
0.278560 0.243841
0.279984 0.535694
0.280470 0.224309
0.283346 0.224751
0.284470 0.290073
0.285725 0.077724
0.287614 0.444355
0.287884 0.441326
0.289398 0.277105
0.291272 0.582510
0.291791 0.351267
0.293671 0.355205
0.295153 0.293050
0.298332 0.445315
0.298335 0.565560
0.308005 0.267900
0.310281 0.583766
0.315402 0.171486
0.318561 0.543290
0.319768 0.617961
0.322794 0.234746
0.324015 0.563497
0.326372 0.353408
0.326712 0.520571
0.329724 0.224466
0.331996 0.429409
0.334934 0.298277
0.336148 0.323604
0.337178 0.533727
0.337385 0.226469
0.338116 0.386124
0.338977 0.259915
0.340998 0.588897
0.342812 0.338936
0.344764 0.183598
0.348519 0.368811
0.350297 0.171961
0.351399 0.321163
0.352915 0.495045
0.355646 0.387532
0.356630 0.601419
0.358744 0.403246
0.362638 0.506394
0.366081 0.152796
0.368379 0.426529
0.369820 0.146062
0.370591 0.498038
0.381517 0.229919
0.382413 0.565123
0.382714 0.570967
0.386754 0.581099
0.386813 0.212085
0.388055 0.297931
0.393587 0.324088
0.397162 0.487423
0.398921 0.473963
0.401273 0.321827
0.403898 0.431265
0.405417 0.605463
0.409353 0.716936
0.410774 0.437192
0.412157 0.522833
0.413068 0.524791
0.416327 0.515794
0.418641 0.196941
0.418743 0.346666
0.418752 0.603128
0.419343 0.367660
0.419557 0.437296
0.420876 0.573029
0.423427 0.702469
0.423910 0.189627
0.424267 0.194083
0.427206 0.444928
0.427997 0.585815
0.428677 0.314684
0.429558 0.264387
0.432529 0.466904
0.440059 0.532128
0.443412 0.560648
0.444277 0.479802
0.445220 0.226703
0.449539 0.345834
0.456247 0.397162
0.465934 0.600411
0.467746 0.667832
0.469690 0.537690
0.471055 0.707498
0.471196 0.660855
0.472334 0.520620
0.473300 0.225830
0.477100 0.574525
0.480443 0.439336
0.487671 0.268440
0.490217 0.458033
0.492398 0.719882
0.493516 0.701870
0.493527 0.257417
0.516408 0.769271
0.517353 0.337139
0.521674 0.625249
0.524782 0.284580
0.534206 0.391032
0.534425 0.636238
0.540904 0.626356
0.542264 0.334699
0.542770 0.315226
0.551418 0.490141
0.561431 0.527492
0.567624 0.721152
0.570520 0.763600
0.582574 0.555921
0.583135 0.573929
0.585342 0.519125
0.590185 0.787413
0.596948 0.563402
0.597528 0.829875
0.597724 0.742171
0.607013 0.464170
0.607932 0.866618
0.610585 0.704582
0.612774 0.503166
0.624132 0.630598
0.631484 0.541400
0.635182 0.691678
0.657791 0.398700
0.658761 0.803447
0.664014 0.662136
0.666208 0.464287
0.672940 0.856696
0.680856 0.948628
0.691160 0.626890
0.698410 0.545261
0.722370 0.653876
0.723346 0.827913
0.740015 0.682040
0.745337 0.961173
0.752509 1.000000
0.761065 0.981854
0.769873 0.773721
0.778983 0.811762
0.779412 0.696463
0.779674 0.862470
0.792351 0.930572
0.834715 0.510816
0.906523 0.635692
0.924759 0.958282
1.000000 0.813526
