0.000000 0.635475
0.002124 0.512151
0.023688 0.320488
0.046117 0.000000
0.046439 0.535261
0.051073 0.491685
0.055957 0.687208
0.059245 0.510105
0.067206 0.488043
0.072704 0.590491
0.073590 0.614392
0.079428 0.100676
0.079690 0.422631
0.085936 0.512994
0.089875 0.585280
0.090692 0.185686
0.102496 0.626805
0.102687 0.132926
0.114838 0.370478
0.125842 0.906008
0.135694 0.800670
0.143385 0.282099
0.145578 0.037330
0.153779 0.080382
0.155360 0.804302
0.157543 0.183403
0.159447 0.787096
0.164792 0.594795
0.166598 0.247303
0.168442 0.636036
0.173712 0.298667
0.179572 0.243138
0.181467 0.451337
0.184894 0.382559
0.186523 0.890771
0.196623 0.434314
0.198862 0.460527
0.199962 0.372466
0.199972 0.051368
0.201384 0.325007
0.203538 0.507134
0.203569 0.796638
0.206374 0.129163
0.207290 0.479429
0.207964 0.006011
0.217594 0.370760
0.220977 0.359125
0.221469 0.700663
0.221964 0.314106
0.223427 0.535071
0.224904 0.002601
0.225964 0.689828
0.229366 0.230513
0.230979 0.619651
0.231266 0.644768
0.234595 0.013725
0.237322 0.678121
0.237577 0.001524
0.238284 0.368428
0.238994 0.447329
0.239956 0.340213
0.244380 0.626342
0.250053 0.099662
0.250080 0.787822
0.250390 0.017024
0.253110 0.446353
0.257799 0.668687
0.260354 0.010785
0.261037 0.739042
0.261154 0.305910
0.263149 0.008601
0.269282 0.717437
0.270760 0.455096
0.272263 0.051309
0.273033 0.830067
0.280096 0.221288
0.283199 0.484521
0.284259 0.691045
0.286629 0.177013
0.289254 0.858243
0.294003 0.757034
0.294594 0.099880
0.294776 0.918726
0.295930 0.410549
0.298801 0.881947
0.304116 0.374574
0.314338 0.826206
0.315562 0.690273
0.320972 0.566360
0.321310 0.743466
0.322356 0.533035
0.324103 0.757923
0.324566 0.781946
0.324956 0.847510
0.333800 0.662929
0.335359 0.132545
0.336232 0.159092
0.338932 0.809652
0.339392 0.712296
0.339473 0.304600
0.339601 0.457173
0.341581 0.578320
0.342418 0.388187
0.342811 0.500128
0.345591 0.858676
0.349265 0.934357
0.350197 0.908701
0.351089 0.831855
0.353254 0.942955
0.355103 0.851674
0.355313 0.531990
0.355628 0.903505
0.357546 0.637441
0.359774 0.057593
0.359785 0.177366
0.360513 0.358494
0.361288 0.915353
0.361413 0.125826
0.362940 0.089977
0.363592 0.808519
0.366419 0.419326
0.369385 0.342320
0.372396 0.540688
0.374400 0.727865
0.380093 0.019020
0.380425 0.375506
0.383364 0.121417
0.384236 0.242081
0.390329 0.194190
0.391128 0.531975
0.392848 0.418755
0.393757 0.339038
0.401344 0.028783
0.402335 0.108197
0.405191 0.401277
0.410071 0.165469
0.410244 0.206588
0.410447 0.047894
0.415247 0.874747
0.416939 0.698544
0.418768 0.473084
0.422573 0.402187
0.428674 0.653152
0.428977 0.659104
0.429790 0.418757
0.431329 0.231627
0.431463 0.038267
0.448297 0.968882
0.448463 0.494585
0.448674 0.905486
0.453637 0.689826
0.454220 0.822454
0.454491 0.233332
0.454850 0.517241
0.463998 0.213780
0.464617 0.360277
0.466629 0.953745
0.469958 0.663098
0.470961 0.408761
0.471605 0.621631
0.472420 0.826357
0.472686 0.895571
0.473115 0.297267
0.479728 0.231573
0.483926 0.455101
0.487366 0.660198
0.500567 0.631632
0.502612 0.155080
0.507233 0.104347
0.508881 0.975579
0.511646 0.593129
0.512025 0.311041
0.514460 0.452948
0.514486 0.566942
0.515367 0.566974
0.516119 0.085975
0.516496 0.612954
0.516560 0.125774
0.532528 0.149007
0.532709 0.308505
0.533134 0.157292
0.533459 0.438594
0.538769 0.312279
0.544943 0.622847
0.546177 0.577046
0.551143 0.551947
0.552635 0.386555
0.554872 0.554720
0.556832 0.766534
0.559709 0.931229
0.562080 0.688725
0.563190 0.210337
0.563434 0.844091
0.568974 0.356161
0.572567 0.271064
0.574076 0.388973
0.578068 0.107191
0.582660 0.125408
0.585705 0.367992
0.594040 0.386429
0.596814 0.265406
0.599306 0.587181
0.605150 0.974290
0.609853 0.192163
0.614787 0.673764
0.618435 0.336255
0.619884 0.655060
0.631384 0.428312
0.636299 0.341964
0.639358 0.847770
0.646662 0.446785
0.649094 0.574834
0.649118 0.516283
0.659226 0.910929
0.662920 0.249852
0.665267 0.817138
0.674964 0.293390
0.675347 0.880648
0.676098 0.647447
0.679339 0.314155
0.683251 0.356555
0.684832 0.396254
0.693573 0.676894
0.697676 0.271145
0.701725 0.874228
0.720128 0.242415
0.725106 0.158700
0.728836 0.625943
0.736499 0.936548
0.738676 0.554921
0.765016 1.000000
0.767098 0.650701
0.770051 0.336498
0.771947 0.103062
0.774288 0.378569
0.788943 0.340468
0.791144 0.424643
0.816581 0.379163
0.841049 0.263671
0.870062 0.215757
0.915585 0.986142
0.922716 0.596014
0.942186 0.215079
0.945511 0.962757
0.951649 0.628879
0.958061 0.841810
0.980860 0.650515
0.996000 0.322134
1.000000 0.472214
