0.000000 0.082387
0.001303 0.428754
0.001665 0.594390
0.002475 0.154536
0.002781 0.097815
0.003816 0.664169
0.004141 0.456458
0.004786 0.087106
0.005112 0.399176
0.005788 0.338107
0.007010 0.010256
0.007488 0.435281
0.007890 0.091672
0.008953 0.662431
0.009598 0.588653
0.012100 0.839231
0.012275 0.790726
0.012398 0.273281
0.012854 0.617580
0.015967 0.422481
0.018039 0.433731
0.018419 0.310914
0.020372 0.820470
0.020998 0.605143
0.021613 0.772929
0.023081 0.677425
0.023983 0.318287
0.024300 0.336228
0.025707 0.342015
0.027276 0.599483
0.032127 0.181459
0.033129 0.228787
0.034477 0.537554
0.034708 0.790918
0.035529 0.367990
0.035582 0.706175
0.037054 0.669367
0.039478 0.512101
0.039529 0.061957
0.046446 0.591891
0.048726 0.375015
0.049940 0.811143
0.050199 0.253438
0.050811 0.518803
0.053644 0.205948
0.058107 0.752143
0.058239 0.376296
0.058715 0.059922
0.064521 0.000313
0.064592 0.358227
0.064990 0.391000
0.066676 0.308111
0.068154 0.308361
0.069082 0.000000
0.071357 0.407878
0.074933 0.387167
0.075030 0.724000
0.075429 0.743491
0.075493 0.276930
0.077224 0.569711
0.078399 0.422024
0.080671 0.192576
0.081867 0.094672
0.086493 0.628105
0.088100 0.336993
0.090324 0.112893
0.092733 0.291492
0.094054 0.481921
0.094295 0.264074
0.094517 0.271938
0.095242 0.675373
0.096146 0.776713
0.099869 0.765292
0.100252 0.196848
0.100541 0.543364
0.102392 0.643964
0.102514 0.217111
0.104962 0.373517
0.105976 0.535940
0.106685 0.565163
0.106966 0.426574
0.109299 0.640237
0.110028 0.134852
0.110976 0.183441
0.113390 0.211346
0.113466 0.465909
0.115515 0.712965
0.115546 0.339865
0.115762 0.753069
0.117166 0.691117
0.117666 0.298028
0.119428 0.796776
0.120741 0.395359
0.121298 0.316113
0.125437 0.427488
0.126187 0.023834
0.126349 0.715582
0.126549 0.626990
0.128055 0.802095
0.132645 0.102344
0.134738 0.093289
0.134803 0.587045
0.137392 0.665506
0.137947 0.357731
0.139678 0.526594
0.139679 0.783932
0.140136 0.371827
0.141155 0.433212
0.141203 0.140183
0.144230 0.812532
0.145347 0.536609
0.147911 0.229121
0.148825 0.463368
0.149668 0.690209
0.149976 0.423980
0.150756 0.559086
0.154756 0.210246
0.155217 0.730801
0.158163 0.262529
0.158226 0.785420
0.160883 0.380178
0.161506 0.672490
0.161667 0.177030
0.163233 0.641663
0.163630 0.085870
0.163996 0.035023
0.165547 0.746322
0.166236 0.553117
0.166428 0.597593
0.169257 0.790990
0.172270 0.192759
0.174860 0.595551
0.175277 0.062758
0.175577 0.089644
0.176063 0.695380
0.177094 0.649826
0.177187 0.170260
0.177230 0.218654
0.179624 0.360824
0.181820 0.753581
0.183452 0.380282
0.183723 0.334451
0.184034 0.827473
0.184782 0.762062
0.186340 0.478147
0.187606 0.696679
0.191101 0.419974
0.192777 0.792613
0.193153 0.318716
0.195708 0.465162
0.197721 0.719934
0.198145 0.199988
0.199590 0.157500
0.200288 0.351166
0.200355 0.699583
0.201141 0.489363
0.201468 0.825665
0.201688 0.356228
0.202072 0.468803
0.202857 0.769268
0.203790 0.824685
0.205507 0.542443
0.207807 0.434833
0.209637 0.626080
0.212693 0.479938
0.217586 0.797387
0.221720 0.684688
0.221941 0.632997
0.222049 0.127457
0.222503 0.064318
0.224461 0.286124
0.224688 0.807091
0.229130 0.534877
0.231470 0.724992
0.231924 0.743130
0.234835 0.158410
0.234875 0.411144
0.237696 0.667862
0.238883 0.197660
0.240640 0.189687
0.242567 0.710030
0.245468 0.391306
0.249696 0.559271
0.253049 0.232833
0.255367 0.275241
0.255785 0.081376
0.256518 0.286961
0.257364 0.625044
0.259966 0.417970
0.260456 0.198071
0.261799 0.066622
0.261929 0.606976
0.262579 0.816399
0.263979 0.372488
0.266002 0.109433
0.268257 0.290412
0.270502 0.665634
0.271060 0.213540
0.278307 0.215517
0.278497 0.731729
0.278683 0.639920
0.279437 0.732653
0.283908 0.492915
0.284359 0.578829
0.285025 0.086285
0.286681 0.144098
0.288605 0.825602
0.289800 0.393981
0.294839 0.523098
0.295770 0.642811
0.296079 0.746657
0.298297 0.302371
0.300729 0.778834
0.302887 0.373844
0.304649 0.385356
0.304672 0.458265
0.305693 0.782243
0.307189 0.451630
0.307752 0.215153
0.309380 0.840813
0.314020 0.833466
0.314297 0.132124
0.314391 0.062761
0.315181 0.143382
0.316089 0.171714
0.316416 0.317644
0.317403 0.604621
0.317983 0.087657
0.325338 0.780997
0.326137 0.544447
0.328277 0.628368
0.328430 0.845802
0.328999 0.322293
0.329539 0.605563
0.329969 0.159095
0.332326 0.707180
0.332832 0.285270
0.335569 0.781973
0.336016 0.208888
0.337394 0.565870
0.341608 0.632892
0.343177 0.716824
0.343597 0.333278
0.343826 0.674580
0.344467 0.315183
0.344973 0.527092
0.347338 0.100105
0.347793 0.837302
0.349457 0.623520
0.354212 0.067376
0.360272 0.651119
0.362311 0.226101
0.364049 0.618319
0.365014 0.440973
0.370290 0.183515
0.372529 0.629932
0.376361 0.338999
0.378771 0.192941
0.379282 0.636177
0.382846 0.540108
0.384514 0.505199
0.384968 0.323118
0.385778 0.765767
0.386329 0.379403
0.388176 0.606446
0.388470 0.345880
0.389060 0.674298
0.389765 0.752547
0.391344 0.542186
0.393930 0.426743
0.395747 0.249395
0.400800 0.640909
0.402451 0.529183
0.402662 0.105554
0.405453 0.700668
0.408324 0.221154
0.410948 0.072938
0.411264 0.713799
0.413465 0.622526
0.414294 0.199541
0.415104 0.292201
0.416522 0.075751
0.417293 0.113113
0.419726 0.221867
0.420277 0.784886
0.422761 0.451221
0.423433 0.089603
0.423435 0.727605
0.423558 0.107510
0.424432 0.313825
0.426165 0.422758
0.427530 0.816648
0.428931 0.605909
0.429207 0.566764
0.431586 0.376599
0.434215 0.125113
0.434869 0.619968
0.434915 0.782691
0.435568 0.167668
0.435923 0.554497
0.437209 0.719009
0.440031 0.655757
0.440815 0.442798
0.443533 0.808391
0.444354 0.531408
0.448354 0.103253
0.448370 0.782372
0.448694 0.750991
0.452804 0.534241
0.453113 0.135493
0.453513 0.586597
0.457254 0.114268
0.458595 0.783516
0.461392 0.360358
0.462352 0.533183
0.463978 0.262690
0.465871 0.135478
0.468092 0.055166
0.468582 0.694492
0.469904 0.708656
0.471709 0.416695
0.471891 0.630173
0.474001 0.702625
0.476041 0.662708
0.477794 0.825122
0.484345 0.086089
0.486951 0.624818
0.487293 0.146370
0.488209 0.766276
0.489592 0.316763
0.492534 0.432344
0.492785 0.383515
0.493164 0.338548
0.494756 0.334035
0.495597 0.625267
0.496655 0.664884
0.496765 0.619010
0.497957 0.785084
0.499316 0.813970
0.499556 0.432544
0.500234 0.469711
0.502251 0.830048
0.504920 0.351765
0.505425 0.550779
0.507163 0.276880
0.510082 0.479098
0.510938 0.384312
0.512407 0.405011
0.512897 0.521572
0.514687 0.154119
0.516165 0.651685
0.516469 0.144570
0.516533 0.565863
0.521672 0.426017
0.522489 0.516581
0.522865 0.066297
0.523903 0.850665
0.523968 0.825368
0.524453 0.599244
0.525637 0.622272
0.526245 0.590034
0.527960 0.138676
0.530162 0.629048
0.536455 0.299875
0.536598 0.109877
0.536871 0.167320
0.538243 0.232191
0.540943 0.814765
0.543873 0.701699
0.545095 0.460681
0.545485 0.731143
0.545686 0.766244
0.548222 0.702390
0.549155 0.488670
0.549185 0.491544
0.549386 0.838818
0.550341 0.773889
0.553593 0.790473
0.553643 0.602689
0.556132 0.600600
0.557025 0.859929
0.557822 0.266154
0.561015 0.170037
0.564461 0.787913
0.566188 0.865127
0.567304 0.450477
0.567452 0.805956
0.567712 0.462844
0.567970 0.666302
0.570105 0.785463
0.570751 0.561195
0.573116 0.800032
0.573963 0.706807
0.575409 0.777963
0.579217 0.854490
0.582716 0.380505
0.583397 0.242252
0.585342 0.717332
0.586636 0.115880
0.589212 0.673665
0.589267 0.239184
0.590521 0.821599
0.591305 0.591501
0.594352 0.099032
0.594362 0.697563
0.595282 0.343454
0.595493 0.163659
0.596838 0.574509
0.597568 0.328435
0.598157 0.201889
0.598602 0.547970
0.601743 0.080894
0.603110 0.794745
0.603403 0.876272
0.604785 0.289128
0.606672 0.330794
0.607838 0.292318
0.608304 0.578942
0.609027 0.783023
0.610098 0.296110
0.610223 0.809893
0.611972 0.312041
0.612366 0.218935
0.614648 0.682000
0.615791 0.461693
0.615829 0.411704
0.615935 0.086934
0.617146 0.708658
0.617758 0.744657
0.618828 0.212644
0.619463 0.414967
0.620844 0.294588
0.621882 0.324929
0.623038 0.320835
0.626444 0.599311
0.627460 0.385862
0.627665 0.703041
0.627730 0.582168
0.627982 0.494652
0.628785 0.824463
0.630427 0.556214
0.630775 0.584621
0.630896 0.273916
0.630989 0.629065
0.632500 0.852436
0.634910 0.327440
0.635636 0.414731
0.638275 0.163762
0.640119 0.715575
0.641279 0.472078
0.641506 0.749006
0.643568 0.379303
0.644043 0.901528
0.645304 0.115090
0.650299 0.691526
0.651660 0.769888
0.653333 0.341192
0.657155 0.187962
0.657533 0.551066
0.660164 0.919810
0.660483 0.708167
0.661270 0.744546
0.663956 0.431525
0.665031 0.691142
0.666503 0.726509
0.666684 0.753815
0.670038 0.932509
0.670371 0.638335
0.671267 0.852287
0.674186 0.734672
0.675653 0.690121
0.686226 0.730820
0.687768 0.383057
0.696283 0.704944
0.696336 0.169227
0.700094 0.735264
0.702972 0.199693
0.703169 0.266282
0.705026 0.300986
0.705714 0.442036
0.706706 0.916785
0.707277 0.659435
0.708058 0.593327
0.709499 0.115635
0.709683 0.879040
0.713457 0.609021
0.713458 0.088240
0.713689 0.944479
0.714875 0.212450
0.717512 0.522082
0.718544 0.752316
0.718723 0.562878
0.721166 0.787909
0.721527 0.437738
0.721529 0.549876
0.723158 0.760464
0.726829 0.622374
0.727078 0.763142
0.729105 0.623035
0.732232 0.943379
0.732486 0.668515
0.736612 0.657809
0.737619 0.967919
0.737864 0.628072
0.738338 0.520858
0.738623 0.641454
0.743855 0.435667
0.748717 0.163390
0.750072 0.622641
0.752010 0.562403
0.752255 0.611364
0.753567 0.898393
0.756214 0.766931
0.758025 0.473384
0.758868 0.454906
0.758987 0.897292
0.762813 0.084989
0.763290 0.111318
0.764913 0.263041
0.765724 0.371163
0.770146 0.324533
0.772044 0.206914
0.772326 0.309182
0.775235 0.070336
0.775512 0.975735
0.776725 0.926810
0.778326 0.775279
0.779821 0.763017
0.779996 0.540305
0.781757 0.625266
0.783516 0.623014
0.784395 0.470890
0.784589 0.680416
0.785622 0.462525
0.786929 0.410713
0.788309 0.906720
0.793403 0.830318
0.793808 0.375721
0.795700 0.121743
0.796718 0.175894
0.797806 0.072118
0.797910 0.865895
0.799674 0.432275
0.799943 0.718950
0.800375 0.486789
0.800865 1.000000
0.801358 0.092667
0.803390 0.650063
0.804711 0.324607
0.805970 0.867782
0.806932 0.955101
0.807092 0.849758
0.808570 0.093074
0.809182 0.739337
0.809585 0.588516
0.813802 0.607610
0.815269 0.577099
0.816959 0.847723
0.818503 0.498688
0.818704 0.122581
0.819056 0.984690
0.819968 0.412129
0.820030 0.463390
0.820205 0.800147
0.820349 0.639553
0.824319 0.686397
0.825275 0.973708
0.826699 0.192707
0.827287 0.436205
0.832269 0.282725
0.832341 0.481689
0.833084 0.755141
0.835832 0.123703
0.837011 0.936896
0.838337 0.785859
0.838983 0.627858
0.839028 0.603304
0.845920 0.263261
0.847832 0.343700
0.848866 0.637152
0.850270 0.389402
0.853087 0.677994
0.855196 0.175709
0.856819 0.358112
0.857137 0.904971
0.858562 0.656239
0.862165 0.438617
0.866771 0.763611
0.868149 0.295570
0.868694 0.150590
0.868885 0.624156
0.869065 0.296811
0.869365 0.592516
0.869815 0.545996
0.871960 0.178254
0.872919 0.075809
0.873206 0.602807
0.873317 0.735338
0.873534 0.600252
0.881754 0.669545
0.884066 0.830587
0.884195 0.980835
0.884273 0.634315
0.884331 0.865558
0.886162 0.438459
0.886551 0.574769
0.887004 0.531939
0.887667 0.641750
0.887938 0.311601
0.888728 0.843485
0.889704 0.692839
0.896075 0.257505
0.896408 0.734073
0.898077 0.361879
0.898196 0.226148
0.898333 0.169923
0.900927 0.504092
0.902612 0.189989
0.904069 0.357970
0.905084 0.352833
0.905157 0.938032
0.905400 0.789624
0.906723 0.329050
0.909759 0.210128
0.912654 0.018007
0.912858 0.806440
0.913524 0.071719
0.914120 0.429811
0.916211 0.323946
0.917076 0.940641
0.919560 0.697275
0.919797 0.197446
0.921327 0.382178
0.922498 0.458782
0.922503 0.709329
0.924077 0.469712
0.924903 0.610205
0.925856 0.768686
0.926460 0.652220
0.926877 0.348432
0.927737 0.015832
0.930099 0.598627
0.930264 0.628780
0.931906 0.577936
0.933319 0.747390
0.934213 0.899771
0.934671 0.927432
0.935816 0.954978
0.936071 0.266189
0.936724 0.000087
0.939782 0.097351
0.940443 0.475551
0.941602 0.505997
0.943980 0.237297
0.944371 0.869008
0.944555 0.514063
0.945719 0.602091
0.948628 0.289017
0.955288 0.679347
0.955938 0.563650
0.956962 0.063592
0.958514 0.546992
0.959916 0.771805
0.960527 0.155621
0.961765 0.438454
0.963756 0.006680
0.964513 0.385333
0.965289 0.324482
0.971439 0.221206
0.971529 0.139248
0.971905 0.222339
0.972926 0.044590
0.973212 0.690074
0.974135 0.262798
0.975316 0.108337
0.977684 0.186079
0.978662 0.073064
0.983683 0.149496
0.985689 0.463972
0.985989 0.580616
0.986695 0.159643
0.987231 0.031896
0.988459 0.072660
0.988625 0.661729
0.990652 0.542771
0.991812 0.895237
0.992665 0.530335
0.995277 0.378791
0.995336 0.862429
0.996227 0.757648
0.999459 0.587291
0.999576 0.089157
0.999781 0.154341
1.000000 0.158522
