0.000000 0.316688
0.001642 0.320990
0.007755 0.642331
0.009804 0.211747
0.015462 0.435082
0.025252 0.187341
0.029260 0.303797
0.031407 0.293347
0.036490 0.455042
0.041041 0.211261
0.042621 0.162996
0.043338 0.117208
0.046457 0.483626
0.049417 0.158545
0.054353 0.311276
0.060375 0.485221
0.060732 0.293191
0.062724 0.491440
0.066588 0.634492
0.069335 0.577073
0.070255 0.413065
0.077305 0.270047
0.080009 0.277838
0.083713 0.320003
0.085688 0.453899
0.090187 0.608171
0.091912 0.416409
0.091912 0.273059
0.092605 0.374305
0.093285 0.369357
0.098447 0.293429
0.098961 0.443700
0.103635 0.691633
0.107216 0.395967
0.108522 0.662632
0.120399 0.382872
0.121844 0.415091
0.125487 0.187250
0.127789 0.655182
0.128421 0.148329
0.129627 0.471176
0.139482 0.450615
0.141132 0.312452
0.143399 0.371832
0.148029 0.510223
0.150696 0.333968
0.153601 0.473810
0.154795 0.260143
0.155482 0.248404
0.162989 0.413125
0.165849 0.441411
0.167723 0.364816
0.168718 0.425777
0.176035 0.191690
0.177636 0.000000
0.178498 0.387249
0.194498 0.325159
0.196713 0.152947
0.203831 0.545738
0.206469 0.272594
0.207336 0.308762
0.216182 0.457806
0.218156 0.199588
0.218159 0.354228
0.222167 0.422729
0.233858 0.407129
0.236027 0.598635
0.251166 0.762826
0.252271 0.234151
0.253533 0.561882
0.256421 0.270508
0.256480 0.549212
0.265854 0.672858
0.268756 0.344315
0.270384 0.499789
0.271047 0.294500
0.276007 0.287240
0.281342 0.426600
0.284815 0.419556
0.286847 0.388585
0.289152 0.401132
0.294764 0.396735
0.309475 0.420565
0.316785 0.377835
0.318722 0.529552
0.320871 0.436883
0.321001 0.553668
0.326050 0.361956
0.334933 0.351892
0.339925 0.530231
0.340278 0.241127
0.342822 0.486447
0.349777 0.272129
0.350304 0.387823
0.353459 0.599393
0.356952 0.244074
0.364766 0.243168
0.367744 0.170920
0.371340 0.154646
0.375835 0.423300
0.380728 0.368943
0.382503 0.357310
0.385124 0.298328
0.385744 0.492055
0.393370 0.280056
0.394626 0.306351
0.395294 0.240411
0.401383 0.385999
0.404498 0.582400
0.405590 0.430019
0.406932 0.219220
0.409861 0.203422
0.410547 0.662803
0.413378 0.392628
0.419487 0.279899
0.428050 0.557667
0.440229 0.594815
0.440447 0.393264
0.441702 0.463298
0.442588 0.390466
0.443972 0.402810
0.445378 0.531909
0.445802 0.391792
0.445883 0.313437
0.446131 0.455152
0.446142 0.316204
0.448469 0.270175
0.448521 0.292326
0.450527 0.470697
0.453445 0.718600
0.454261 0.367725
0.457903 0.390837
0.458539 0.374361
0.458590 0.560314
0.461466 0.409545
0.463372 0.233499
0.465130 0.528079
0.465550 0.483052
0.466590 0.355018
0.467727 0.159383
0.468526 0.622134
0.470897 0.547322
0.474031 0.548356
0.477498 0.431009
0.480688 0.496244
0.482355 0.652978
0.484772 0.467686
0.488941 0.632796
0.489292 0.415739
0.492135 0.418193
0.492765 0.584753
0.512280 0.316904
0.512483 0.608722
0.515716 0.493472
0.526458 0.553128
0.528121 0.485625
0.528745 0.367824
0.529606 0.375682
0.533105 0.576285
0.533565 0.160673
0.533731 0.676375
0.538218 0.635539
0.541414 0.540529
0.544757 0.362186
0.544902 0.454448
0.550428 0.204540
0.552832 0.423162
0.560371 0.625761
0.562563 0.544832
0.564296 0.666013
0.570889 0.411299
0.572717 0.745851
0.574828 0.408906
0.575461 0.481548
0.577881 0.555443
0.580681 0.701975
0.594410 0.478612
0.596359 0.374981
0.599306 0.442730
0.601476 0.623922
0.610491 0.509324
0.622924 0.692770
0.626433 0.461883
0.629039 0.685550
0.629741 0.470966
0.632039 0.614794
0.634997 0.497437
0.641944 0.251414
0.643234 0.381278
0.648413 0.496205
0.659818 0.633936
0.669294 0.632236
0.675967 0.515882
0.677557 0.217675
0.678015 0.300220
0.682592 0.556783
0.682752 0.344971
0.683022 0.532620
0.687015 0.691292
0.688600 0.446138
0.702431 0.488650
0.704427 0.513717
0.708474 0.409150
0.715141 0.848684
0.723306 0.591727
0.723732 0.585698
0.725701 0.545121
0.728704 0.379020
0.735717 0.694537
0.738579 0.806501
0.740579 0.496038
0.741246 0.578098
0.741918 0.606700
0.748924 0.567812
0.749006 0.610613
0.758131 0.421133
0.762746 0.695624
0.765924 0.556016
0.766520 0.686480
0.767915 0.595750
0.771962 1.000000
0.775177 0.374349
0.777104 0.713954
0.783412 0.702902
0.797303 0.721689
0.797722 0.790647
0.810322 0.552567
0.810906 0.625802
0.814797 0.324884
0.816935 0.786340
0.821220 0.590533
0.821474 0.544824
0.827730 0.882760
0.827800 0.615065
0.828092 0.738485
0.832043 0.784998
0.832047 0.830390
0.833762 0.534053
0.835301 0.602392
0.837221 0.478690
0.837302 0.430637
0.837985 0.620251
0.839252 0.454176
0.852912 0.633036
0.861882 0.707918
0.872170 0.630199
0.874519 0.661648
0.879829 0.626659
0.883918 0.490467
0.888928 0.379694
0.889253 0.429677
0.893120 0.571330
0.894128 0.621522
0.904412 0.551439
0.904727 0.672578
0.907777 0.575533
0.912798 0.517255
0.914108 0.659906
0.915255 0.601007
0.915623 0.748414
0.918279 0.744458
0.918399 0.598839
0.918949 0.817762
0.920021 0.665967
0.927801 0.722066
0.936712 0.739301
0.945135 0.671753
0.949519 0.701313
0.950688 0.663795
0.951389 0.832238
0.951688 0.592289
0.952344 0.815512
0.960846 0.698663
0.966677 0.726821
0.966901 0.982806
0.970087 0.708761
0.976045 0.602571
0.979266 0.556853
0.979542 0.703661
0.980064 0.794771
0.986036 0.585474
0.991820 0.624628
0.994265 0.591309
0.997447 0.520161
0.999259 0.647182
1.000000 0.676286
