0.000000 0.296837
0.002647 0.353380
0.004581 0.211024
0.006931 0.000000
0.011596 0.442600
0.013026 0.399222
0.017928 0.356624
0.019139 0.361199
0.019631 0.399228
0.022272 0.310392
0.023366 0.322406
0.024547 0.170697
0.025038 0.248827
0.026621 0.338980
0.036349 0.301070
0.039407 0.411541
0.043108 0.424469
0.046877 0.447701
0.050362 0.442004
0.052140 0.359940
0.052995 0.224984
0.057578 0.506219
0.060099 0.284906
0.062961 0.410173
0.064778 0.496289
0.070947 0.529936
0.072077 0.379392
0.076679 0.462855
0.078020 0.321646
0.078284 0.393661
0.079097 0.410903
0.082418 0.358836
0.083011 0.448588
0.088791 0.413059
0.089458 0.435973
0.097821 0.451468
0.098184 0.442325
0.100777 0.466562
0.102823 0.253203
0.104997 0.429116
0.105513 0.557821
0.107876 0.510032
0.110357 0.414624
0.111209 0.427810
0.112747 0.432572
0.114713 0.631154
0.116591 0.397154
0.122721 0.447701
0.125670 0.378638
0.131429 0.431900
0.132855 0.699435
0.133180 0.509549
0.133204 0.421708
0.135545 0.344709
0.137347 0.497014
0.140319 0.395331
0.142081 0.375318
0.142542 0.400011
0.146901 0.510857
0.148931 0.550556
0.151642 0.456707
0.154002 0.433015
0.158357 0.549346
0.160952 0.552511
0.161689 0.399374
0.163569 0.314960
0.163600 0.472266
0.167320 0.483793
0.182739 0.394444
0.183374 0.536445
0.188503 0.331782
0.190960 0.719323
0.191180 0.470979
0.191473 0.707212
0.191600 0.676515
0.194276 0.500069
0.194488 0.427507
0.194953 0.695463
0.197097 0.426141
0.199632 0.364191
0.200116 0.710504
0.201693 0.490157
0.204404 0.428077
0.205143 0.628568
0.205742 0.517361
0.206666 0.498761
0.209841 0.339694
0.209920 0.508963
0.214370 0.607699
0.215586 0.500536
0.218412 0.626003
0.220734 0.526850
0.226432 0.589344
0.227847 0.440252
0.228833 0.621926
0.236206 0.508007
0.236696 0.506651
0.239327 0.415213
0.239572 0.536651
0.246316 0.515326
0.247247 0.614726
0.249852 0.542544
0.254329 0.578510
0.254969 0.606518
0.262680 0.616966
0.263542 0.540646
0.268707 0.628080
0.273302 0.492745
0.277926 0.618473
0.278133 0.631996
0.278685 0.442942
0.285494 0.442945
0.287508 0.577968
0.290636 0.515660
0.290659 0.614000
0.291557 0.739439
0.307716 0.647550
0.313733 0.724868
0.316080 0.630379
0.317667 0.657943
0.322072 0.688731
0.325358 0.599387
0.325660 0.402624
0.329660 0.542798
0.336799 0.547406
0.337816 0.638906
0.340509 0.664205
0.342173 0.679782
0.344619 0.673693
0.345814 0.645276
0.352983 0.595583
0.353885 0.559981
0.354064 0.554633
0.355922 0.626388
0.360076 0.621004
0.362929 0.542478
0.363665 0.500566
0.364391 0.498507
0.368975 0.800443
0.370355 0.539996
0.373193 0.584935
0.375400 0.619524
0.375843 0.638557
0.377819 0.772769
0.381155 0.610220
0.383079 0.758631
0.384237 0.538668
0.395247 0.556744
0.395806 0.551518
0.397223 0.743227
0.397670 0.473024
0.404061 0.725702
0.405758 0.566764
0.406942 0.712563
0.408722 0.810091
0.416253 0.607125
0.418115 0.586277
0.420964 0.740626
0.422569 0.706115
0.424819 0.687433
0.425882 0.696703
0.426551 0.520733
0.427123 0.779266
0.427941 0.653906
0.428744 0.742246
0.432697 0.830963
0.433630 0.629988
0.439924 0.700496
0.440137 0.740397
0.441099 0.598180
0.444365 0.780242
0.447499 0.651358
0.454325 0.671533
0.457163 0.781493
0.457905 0.771843
0.463848 0.738964
0.464702 0.694889
0.465794 0.717164
0.466172 0.682613
0.466650 0.652006
0.469139 0.850300
0.476842 0.682814
0.479434 0.713805
0.483686 0.737160
0.483981 0.757726
0.486463 0.755684
0.493065 0.873892
0.494417 0.686003
0.496766 0.740846
0.499700 0.761692
0.502968 0.588080
0.503449 0.752883
0.504587 0.887294
0.507023 0.740858
0.507771 0.703637
0.515980 0.687448
0.521266 0.625620
0.524827 0.704363
0.527420 0.767674
0.530108 0.773212
0.530117 0.780766
0.531369 0.795010
0.531914 0.776434
0.532559 0.745448
0.534869 0.701545
0.537154 0.783970
0.540840 0.816897
0.544471 0.648624
0.548393 0.766634
0.548478 0.673775
0.548595 0.807194
0.548973 0.607890
0.549292 0.713162
0.550644 0.751794
0.551918 0.704805
0.552717 0.723075
0.554962 0.745344
0.556898 0.748429
0.559262 0.798856
0.562994 0.568482
0.566508 0.627427
0.566589 0.716591
0.567742 0.529369
0.568884 0.804554
0.571792 0.689672
0.574081 0.771850
0.575112 0.529183
0.576287 0.585928
0.577712 0.710737
0.578140 0.684685
0.580460 0.852984
0.585813 0.599447
0.587115 0.733051
0.588761 0.704285
0.590027 0.727837
0.592562 0.843361
0.593941 0.688953
0.597064 0.585725
0.610134 0.727700
0.614320 0.655411
0.617803 0.772915
0.622117 0.696090
0.623395 0.909027
0.625112 0.839493
0.625553 0.758678
0.627139 0.958566
0.627512 0.718560
0.627602 0.814131
0.628571 0.720254
0.630616 0.778477
0.633867 0.803409
0.633980 0.674244
0.636101 0.748515
0.636916 0.779640
0.637820 0.757725
0.638257 0.839757
0.643479 0.771569
0.648692 0.874578
0.650240 0.674181
0.652176 0.798224
0.654238 0.729340
0.654862 0.632477
0.658975 0.778798
0.659697 0.740687
0.660023 0.770640
0.667006 0.811182
0.667210 0.734687
0.668619 0.723788
0.670223 0.721276
0.676324 0.798929
0.676560 0.740040
0.684165 0.809731
0.685387 0.859212
0.685724 0.774689
0.686812 0.836293
0.690715 0.860753
0.691823 0.916354
0.692069 0.808059
0.694431 0.881095
0.695499 0.740834
0.697130 0.701044
0.697571 0.728957
0.698640 0.720591
0.702975 0.801937
0.705194 0.815290
0.706884 0.855019
0.708882 0.753255
0.709184 0.757130
0.711444 0.839780
0.713747 0.807787
0.715289 0.885098
0.715411 0.875602
0.722918 0.630579
0.724251 0.906060
0.726816 0.719285
0.728790 0.811554
0.731580 0.761563
0.735863 0.788803
0.736980 0.780341
0.744863 0.802657
0.746696 0.801804
0.747725 0.786986
0.748142 0.853667
0.749641 0.750532
0.751660 0.765706
0.752672 0.786339
0.754819 0.739011
0.756048 0.616598
0.756947 0.865919
0.761434 0.866613
0.762876 0.844619
0.763450 0.856365
0.766368 0.855609
0.767357 0.789207
0.767564 0.874768
0.768951 0.864969
0.769995 0.832202
0.772076 0.837908
0.772364 0.823939
0.773032 0.798196
0.774506 0.847565
0.776706 0.765701
0.777545 0.788413
0.779164 0.732903
0.782757 0.794209
0.784273 0.700253
0.786005 0.871523
0.793379 0.770091
0.795082 0.842687
0.796330 0.832105
0.796658 0.771521
0.799074 0.804197
0.799267 0.806787
0.800743 0.859920
0.802353 0.940332
0.807418 0.725960
0.817560 0.902398
0.818383 0.831528
0.819140 0.857663
0.821824 0.909635
0.822606 0.872206
0.822990 0.774255
0.827382 0.902206
0.838618 0.871167
0.839232 0.948437
0.840403 0.748537
0.841881 0.671687
0.843291 0.873971
0.844502 0.784935
0.849793 0.897439
0.850756 0.851102
0.850970 0.924302
0.854915 0.892141
0.858029 0.824124
0.858661 0.849512
0.859903 0.904954
0.859923 0.844214
0.861837 0.826726
0.863783 0.858108
0.866595 0.985331
0.866620 0.798503
0.866882 0.760937
0.873953 0.855512
0.873998 0.865494
0.874794 0.922955
0.875634 0.864542
0.876803 0.827655
0.879812 0.814195
0.882413 0.758422
0.885642 0.887614
0.887687 0.859006
0.889597 0.910723
0.890043 0.719099
0.897628 0.857852
0.899450 1.000000
0.901370 0.821902
0.901674 0.943861
0.902882 0.916836
0.905309 0.890896
0.905907 0.851027
0.906037 0.947529
0.912639 0.913140
0.913066 0.708316
0.913321 0.864853
0.915797 0.846460
0.921302 0.870427
0.922016 0.890694
0.923492 0.876953
0.928595 0.840107
0.929782 0.926065
0.930796 0.791145
0.935297 0.832987
0.937722 0.787332
0.942582 0.819894
0.943526 0.778187
0.944754 0.855728
0.946344 0.899230
0.952336 0.885745
0.952892 0.757712
0.954227 0.761641
0.956393 0.787383
0.956921 0.797200
0.959596 0.929639
0.960892 0.808995
0.963050 0.917509
0.966182 0.883609
0.968672 0.742310
0.971226 0.792843
0.975777 0.749002
0.978582 0.814811
0.983484 0.783107
0.983485 0.886699
0.984716 0.761622
0.985578 0.779814
0.994405 0.874198
0.995273 0.846362
0.998599 0.952470
1.000000 0.879352
