0.000000 0.280941
0.000522 0.241451
0.001979 0.221759
0.002241 0.282002
0.003777 0.098568
0.010216 0.427405
0.011205 0.442371
0.012400 0.470457
0.013443 0.300120
0.015830 0.274101
0.016236 0.233399
0.017386 0.375696
0.018062 0.470500
0.022047 0.217263
0.024937 0.603401
0.027469 0.259019
0.034559 0.563794
0.034610 0.168560
0.039848 0.322713
0.041809 0.317595
0.043325 0.199715
0.043721 0.429518
0.047002 0.420071
0.048167 0.419309
0.049608 0.548899
0.051458 0.257426
0.052549 0.368648
0.054921 0.563103
0.056465 0.463664
0.060632 0.391811
0.065349 0.028620
0.065832 0.127930
0.067087 0.562521
0.070685 0.202595
0.071247 0.315946
0.071726 0.571157
0.076195 0.244709
0.079230 0.546766
0.083459 0.519444
0.087110 0.245248
0.087515 0.381059
0.089244 0.593173
0.095486 0.599820
0.096139 0.421306
0.096189 0.573317
0.096696 0.348336
0.097666 0.534243
0.098568 0.436427
0.098714 0.382741
0.100493 0.205799
0.101021 0.447694
0.101982 0.563997
0.103168 0.232546
0.103347 0.209185
0.104416 0.606921
0.109474 0.558837
0.110477 0.228526
0.112295 0.366213
0.113557 0.242442
0.116934 0.325340
0.117978 0.250711
0.118825 0.430669
0.118972 0.665016
0.124390 0.367895
0.125296 0.567447
0.128371 0.466619
0.130250 0.601515
0.130925 0.381237
0.131391 0.458773
0.132577 0.390342
0.138430 0.151880
0.138534 0.358212
0.138908 0.322612
0.142549 0.546833
0.143453 0.703989
0.143558 0.145296
0.145079 0.284062
0.145604 0.149068
0.152494 0.123846
0.152737 0.328377
0.156511 0.334968
0.157842 0.345433
0.163550 0.268426
0.164256 0.565290
0.164271 0.249573
0.165743 0.417985
0.167234 0.339652
0.169072 0.151428
0.169674 0.227236
0.170236 0.371058
0.170618 0.533648
0.172692 0.344458
0.172806 0.448366
0.172874 0.010093
0.173143 0.615989
0.174471 0.246297
0.174703 0.455776
0.177782 0.358538
0.178617 0.230778
0.179014 0.546963
0.180703 0.336691
0.181036 0.371919
0.185773 0.231470
0.189687 0.315545
0.190667 0.296971
0.192454 0.019276
0.193815 0.219703
0.194006 0.566726
0.195435 0.106102
0.196906 0.226105
0.197569 0.539815
0.203145 0.397298
0.213811 0.417359
0.214071 0.353910
0.214320 0.274054
0.217648 0.349676
0.219702 0.594521
0.223879 0.345768
0.225687 0.682452
0.225800 0.557345
0.229306 0.339967
0.229309 0.355214
0.229651 0.513568
0.231017 0.589493
0.231983 0.584611
0.233408 0.430299
0.233868 0.401131
0.235432 0.292945
0.236079 0.550481
0.239666 0.541432
0.249367 0.370997
0.250047 0.456626
0.250132 0.285843
0.253280 0.283075
0.257426 0.535940
0.258599 0.279042
0.259378 0.221555
0.260404 0.412385
0.262226 0.618749
0.268636 0.257524
0.269110 0.326398
0.270530 0.568290
0.271992 0.570060
0.273616 0.521686
0.273669 0.548155
0.274285 0.447295
0.274515 0.475097
0.275967 0.371740
0.276224 0.484301
0.276613 0.494063
0.276817 0.726785
0.277769 0.467940
0.279039 0.436033
0.281412 0.508394
0.283549 0.269564
0.285160 0.353074
0.288786 0.448750
0.290495 0.340552
0.290660 0.688346
0.292754 0.671893
0.302354 0.412160
0.304930 0.409751
0.305412 0.618456
0.308588 0.336260
0.309257 0.364668
0.312571 0.514128
0.312574 0.308197
0.317186 0.391061
0.318443 0.241816
0.320366 0.279506
0.321561 0.284278
0.324259 0.272773
0.324265 0.527418
0.324882 0.308307
0.326580 0.407665
0.326870 0.394894
0.327339 0.501849
0.328499 0.552681
0.329367 0.000000
0.330900 0.380818
0.335117 0.305621
0.335603 0.280103
0.336786 0.604740
0.339780 0.269868
0.340056 0.364555
0.340187 0.731788
0.342005 0.192593
0.345059 0.381329
0.345518 0.591427
0.346998 0.571190
0.348610 0.364847
0.348775 0.297310
0.349602 0.732165
0.350158 0.418490
0.354947 0.420867
0.360874 0.489272
0.361602 0.284581
0.362485 0.009624
0.363672 0.588300
0.366986 0.610664
0.371429 0.551417
0.371618 0.393414
0.372714 0.290777
0.374839 0.438369
0.376939 0.538013
0.378238 0.752912
0.381386 0.339880
0.383556 0.586268
0.383583 0.598780
0.386825 0.700561
0.388313 0.596381
0.389406 0.523722
0.391001 0.654285
0.391671 0.494300
0.394515 0.471098
0.395262 0.578433
0.396120 0.475528
0.398058 0.545801
0.401312 0.372451
0.402207 0.599148
0.403826 0.403279
0.405329 0.629707
0.406069 0.576430
0.407022 0.650789
0.409235 0.415795
0.412916 0.414601
0.416892 0.666814
0.418916 0.332614
0.419413 0.436294
0.420854 0.336581
0.421629 0.646411
0.423230 0.338233
0.425138 0.327929
0.425321 0.648433
0.426550 0.483683
0.436311 0.697960
0.436376 0.437096
0.438324 0.621848
0.440888 0.447447
0.451261 0.427816
0.451940 0.235700
0.453093 0.253704
0.453241 0.667291
0.454785 0.478446
0.455548 0.459421
0.456820 0.280248
0.457669 0.337170
0.459130 0.397826
0.464088 0.153936
0.464284 0.526830
0.466596 0.847825
0.467248 0.246129
0.467414 0.385814
0.469230 0.317773
0.470494 0.580199
0.470803 0.507390
0.471225 0.305077
0.475525 0.869080
0.478944 0.710769
0.482511 0.353977
0.484924 0.436499
0.486889 0.288435
0.489056 0.366094
0.497953 0.442099
0.498581 0.124488
0.500088 0.576847
0.500161 0.411602
0.500662 0.589568
0.501180 0.592344
0.504126 0.516868
0.504430 0.673317
0.510441 0.331981
0.510517 0.462939
0.511214 0.611084
0.511683 0.569438
0.513715 0.710687
0.517952 0.670298
0.518488 0.680795
0.519987 0.561773
0.522016 0.321676
0.523090 0.579129
0.526586 0.593675
0.526975 0.559237
0.528936 0.790801
0.530112 0.429053
0.530961 0.713715
0.533144 0.779475
0.536084 0.488784
0.537523 0.604510
0.538744 0.084634
0.539355 0.615905
0.539910 0.565305
0.541199 0.343671
0.542517 0.209257
0.544215 0.680762
0.544586 0.379661
0.546234 0.362940
0.549722 0.434739
0.552296 0.364781
0.556793 0.522963
0.557009 0.231067
0.560767 0.706073
0.566557 0.530151
0.569326 0.599953
0.571201 0.152353
0.578374 0.740421
0.583521 0.427447
0.584950 0.633593
0.585069 0.553640
0.585620 0.420532
0.589313 0.576380
0.593962 0.732737
0.594690 0.376242
0.595804 0.538737
0.597169 0.611345
0.598221 0.586633
0.599039 0.599445
0.599618 0.296359
0.603108 0.352759
0.603922 0.686373
0.604789 0.577887
0.606612 0.570133
0.608446 0.504250
0.608821 0.447528
0.608860 0.514618
0.610564 0.802664
0.612489 0.721757
0.618304 0.413223
0.624475 0.635606
0.626327 0.788511
0.632448 0.627396
0.632651 0.289215
0.633022 0.610021
0.634390 0.512554
0.634495 0.603809
0.634697 0.667044
0.635288 0.945031
0.640523 0.660434
0.640585 0.534105
0.640849 0.489634
0.642590 0.393899
0.643818 0.849464
0.645297 0.662130
0.645339 0.259411
0.649135 0.489728
0.656480 0.457126
0.662108 0.545455
0.663841 0.481942
0.678749 0.549844
0.679080 0.853123
0.679885 0.770901
0.683509 0.321637
0.684330 0.655320
0.686792 0.662973
0.689493 0.368612
0.691496 0.849109
0.701594 0.661798
0.702810 0.490403
0.703320 0.556421
0.705100 0.622779
0.705539 0.658071
0.708414 0.709043
0.709577 0.670831
0.712888 0.367553
0.713306 0.675946
0.715789 0.668223
0.716430 0.653595
0.717945 0.536763
0.720918 0.530602
0.721824 0.480690
0.723775 0.727156
0.727840 0.680929
0.727841 0.582230
0.729360 0.649641
0.733774 0.489344
0.733781 0.590371
0.735562 0.324995
0.735797 0.312561
0.739930 0.760319
0.742311 0.737685
0.742862 0.494422
0.744268 0.507036
0.744465 0.349508
0.745776 0.455869
0.747595 0.712220
0.750951 0.790977
0.751629 0.812314
0.754164 0.761599
0.757551 0.650942
0.760402 0.603327
0.762097 0.603389
0.764283 0.664492
0.765664 0.398500
0.766729 0.507789
0.767790 0.179486
0.772764 0.761202
0.773589 0.503428
0.773922 0.684765
0.774208 0.541917
0.776430 0.601254
0.781861 0.808064
0.783925 0.564104
0.785159 0.601462
0.785791 0.698467
0.785943 0.507029
0.785983 0.569289
0.787266 0.493999
0.794367 0.638824
0.797707 0.638511
0.799659 0.613108
0.801798 0.820610
0.802112 0.588310
0.804250 0.711289
0.805258 0.697580
0.806030 0.618091
0.809180 0.743701
0.809473 0.182528
0.811602 0.434289
0.811771 0.532810
0.812837 0.553780
0.813477 0.563561
0.813481 0.494651
0.820386 0.326787
0.823645 0.570865
0.824318 0.180607
0.825130 0.458501
0.825767 0.714349
0.826885 0.586159
0.827770 0.690797
0.829688 0.783780
0.832035 0.795605
0.832465 0.352116
0.832829 0.739416
0.833550 0.342500
0.834783 0.544911
0.834994 0.512886
0.836584 0.701936
0.838095 0.826577
0.838450 0.596380
0.839246 0.383483
0.840111 0.742362
0.842974 0.662090
0.846626 0.424549
0.848127 0.726299
0.848768 0.594357
0.849113 0.457179
0.849839 0.772280
0.851021 0.500479
0.856584 0.831759
0.857136 0.466168
0.857171 0.517881
0.860455 0.758121
0.861282 0.523356
0.863445 0.301900
0.866723 0.527701
0.866817 0.488776
0.870268 0.431702
0.871170 0.522992
0.878089 0.575638
0.879794 0.868676
0.882382 0.636291
0.883608 0.337444
0.883742 0.601451
0.884439 0.400102
0.894008 0.596085
0.895118 0.612266
0.899542 0.590925
0.900126 0.815909
0.900789 0.776196
0.902096 0.545431
0.902971 0.578886
0.903780 0.584267
0.905268 0.485954
0.910484 0.600006
0.912229 0.863882
0.912937 0.782817
0.913789 0.670732
0.915779 0.471397
0.920813 0.482054
0.922228 0.687981
0.923757 0.649233
0.924812 0.427049
0.925912 0.682500
0.928424 0.964300
0.929005 0.897136
0.931933 0.802516
0.932332 0.731932
0.935192 0.422392
0.937215 0.799987
0.937362 0.611149
0.944428 1.000000
0.948503 0.725172
0.949169 0.526643
0.952212 0.654569
0.953188 0.500885
0.953581 0.561988
0.960853 0.469233
0.964740 0.437931
0.967480 0.649317
0.967692 0.721297
0.971426 0.686687
0.973189 0.759804
0.973207 0.418670
0.976414 0.651676
0.976823 0.840628
0.977014 0.534276
0.979095 0.812510
0.979237 0.528334
0.980589 0.636014
0.981812 0.843658
0.981957 0.550174
0.982252 0.064571
0.984583 0.703187
0.985634 0.610348
0.995127 0.651758
0.996351 0.587588
1.000000 0.495774
