0.000000 0.273865
0.000816 0.515258
0.009591 0.556655
0.012145 0.095935
0.018370 0.389850
0.044678 0.000000
0.046940 0.361212
0.051597 0.391027
0.054935 0.455565
0.056334 0.328213
0.056647 0.452505
0.065852 0.289466
0.070991 0.307583
0.072112 0.299491
0.072815 0.401932
0.088165 0.282186
0.088437 0.296960
0.089825 0.248434
0.090226 0.390987
0.091655 0.277046
0.093595 0.215165
0.094650 0.213247
0.096753 0.464862
0.097447 0.356945
0.098791 0.430027
0.100569 0.067003
0.104190 0.282484
0.109096 0.514259
0.116981 0.281452
0.126642 0.300292
0.127655 0.342930
0.128786 0.425748
0.139109 0.638171
0.145625 0.455397
0.153072 0.420452
0.157926 0.391235
0.157969 0.534289
0.163122 0.554282
0.175275 0.512183
0.178280 0.486256
0.181385 0.322858
0.182324 0.546823
0.183778 0.317529
0.188477 0.304376
0.189641 0.436458
0.191458 0.453850
0.198506 0.205569
0.199205 0.568893
0.203607 0.510644
0.204516 0.192252
0.209117 0.140377
0.212014 0.356140
0.212700 0.477904
0.216398 0.220215
0.221130 0.317251
0.226083 0.418257
0.227243 0.260669
0.227385 0.202661
0.232232 0.362500
0.234900 0.356196
0.240411 0.263162
0.245144 0.213319
0.248130 0.401262
0.249027 0.505725
0.250236 0.133028
0.252362 0.466280
0.253618 0.384751
0.257991 0.141598
0.261232 0.623711
0.265633 0.631205
0.269208 0.418368
0.271722 0.035797
0.274355 0.377723
0.274745 0.404396
0.276246 0.344606
0.276806 0.110332
0.284665 0.332528
0.285675 0.435174
0.289633 0.325888
0.290364 0.709568
0.292881 0.458230
0.293282 0.346533
0.294377 0.159242
0.298514 0.612219
0.305236 0.843338
0.306017 0.390137
0.315794 0.334349
0.315806 0.308013
0.319958 0.285803
0.323007 0.599631
0.323968 0.516771
0.324162 0.413259
0.324583 0.340945
0.325642 0.190079
0.329179 0.691318
0.329424 0.455731
0.333789 0.716464
0.341179 0.410157
0.342292 0.338735
0.344982 0.543780
0.349109 0.578656
0.350236 0.586367
0.351907 0.098938
0.353132 0.366340
0.358213 0.102698
0.359411 0.417213
0.360025 0.391249
0.362000 0.246948
0.363757 0.312248
0.363929 0.172069
0.366031 0.488828
0.372916 0.432270
0.372932 0.488286
0.377429 0.647532
0.393808 0.522105
0.395239 0.525529
0.402544 0.317984
0.406766 0.575665
0.412389 0.258502
0.415978 0.772848
0.417189 0.664801
0.419444 0.078781
0.428525 0.936627
0.428650 0.412231
0.429621 0.444333
0.430789 0.384460
0.435409 0.583467
0.449895 0.356138
0.452076 0.557022
0.452888 0.537584
0.455223 0.207546
0.455835 0.804447
0.457024 0.156132
0.458284 0.400156
0.464807 0.650262
0.465814 0.653453
0.470589 0.552675
0.475912 0.432458
0.479442 0.410869
0.491423 0.524360
0.493421 0.487978
0.494226 0.267562
0.497080 0.477263
0.503224 0.491065
0.503680 0.424014
0.503683 0.534036
0.515151 0.478868
0.520350 0.341181
0.524332 0.752099
0.538066 0.378605
0.540395 0.687177
0.544522 0.428131
0.545106 0.563210
0.554710 0.522485
0.557487 0.718026
0.561195 0.682053
0.571168 0.420213
0.571970 0.359397
0.573509 0.253705
0.573565 0.590688
0.575855 0.714081
0.579383 0.515328
0.581891 0.665486
0.586801 0.578985
0.589953 0.687583
0.594740 0.600181
0.600954 0.453792
0.601159 0.328382
0.608952 0.690092
0.611834 0.652438
0.619110 0.048716
0.623014 0.149870
0.623766 0.240634
0.625599 0.485644
0.628301 0.291473
0.631513 0.466166
0.641509 0.337169
0.653621 0.502182
0.656295 0.039574
0.671255 0.326183
0.672525 0.771633
0.676607 0.664471
0.682789 0.790252
0.684242 0.460196
0.687785 0.273710
0.695842 0.610344
0.697383 0.573149
0.703184 0.638580
0.707086 0.531483
0.707986 0.305303
0.709669 0.688991
0.716721 0.437178
0.722147 0.571819
0.726351 0.769806
0.729067 0.572500
0.730356 0.796461
0.732778 0.482534
0.736311 0.507493
0.748683 0.481990
0.752269 0.318525
0.760520 0.529945
0.772280 0.304445
0.776862 0.437946
0.780625 0.372770
0.781523 0.516918
0.782083 0.451839
0.784003 0.481461
0.790611 0.446426
0.794758 0.706265
0.795338 0.132176
0.796058 0.533254
0.796074 0.342301
0.797518 0.768930
0.798264 0.495365
0.799606 0.847401
0.800051 0.390777
0.801450 0.481535
0.804524 0.535406
0.805198 0.650389
0.805402 0.653936
0.807175 0.554990
0.808166 0.572622
0.813372 0.193491
0.825762 0.586972
0.827312 0.360871
0.832037 0.652206
0.835624 0.278772
0.846596 0.558429
0.850484 0.240075
0.851393 0.226379
0.861125 0.543832
0.862969 0.465737
0.869107 0.019417
0.875925 0.542709
0.876900 0.321939
0.879047 0.530457
0.881479 0.534381
0.882213 0.452062
0.883198 0.785517
0.886407 0.175955
0.891412 0.802367
0.897272 0.516567
0.902295 0.825302
0.903326 0.398027
0.907098 0.254924
0.910292 0.190215
0.911324 0.564822
0.912239 0.310308
0.914454 0.693722
0.918606 0.254928
0.924748 0.367068
0.930606 0.535553
0.931098 0.252227
0.932482 0.682644
0.935350 0.578271
0.936266 0.438264
0.937494 0.741191
0.937756 0.389189
0.938036 0.756493
0.940759 0.771593
0.941809 0.542456
0.949783 0.472852
0.951606 0.676402
0.953947 0.538191
0.956709 0.331773
0.960870 0.641376
0.961106 0.448182
0.963231 0.490037
0.966297 0.157242
0.966547 0.450432
0.968204 0.634830
0.973668 1.000000
0.976870 0.523955
0.976949 0.571232
0.977632 0.299164
0.980785 0.416444
0.987810 0.462933
0.988205 0.679562
0.998520 0.663940
0.998676 0.550037
1.000000 0.554359
