0.000000 0.164575
0.000828 0.144860
0.001683 0.218396
0.003845 0.424014
0.004962 0.753102
0.005358 0.231259
0.007941 0.489014
0.008883 0.146173
0.009724 0.448744
0.009812 0.616731
0.011630 0.296441
0.013339 0.606583
0.014738 0.286856
0.019524 0.548151
0.019911 0.628107
0.021567 0.559685
0.023308 0.505125
0.024802 0.662784
0.025104 0.550629
0.031419 0.728246
0.033191 0.492362
0.035200 0.205301
0.038394 0.529141
0.045815 0.038591
0.047365 0.239095
0.047744 0.539744
0.048097 0.282030
0.049166 0.558074
0.051171 0.276802
0.051837 0.742456
0.052502 0.298875
0.052851 0.485603
0.053763 0.505467
0.055135 0.377791
0.056654 0.668187
0.057262 0.281612
0.062232 0.661967
0.062556 0.567332
0.064342 0.385610
0.065157 0.141240
0.066169 0.620767
0.067565 0.225908
0.070445 0.487233
0.072136 0.292585
0.076956 0.344042
0.081957 0.486787
0.082738 0.584743
0.083625 0.450028
0.084800 0.316597
0.085824 0.455246
0.087310 0.392531
0.088826 0.419347
0.092085 0.600362
0.092477 0.502817
0.095583 0.428786
0.095982 0.659023
0.098309 0.483463
0.101103 0.477631
0.101654 0.462476
0.105119 0.610281
0.105436 0.491339
0.109068 0.697247
0.109202 0.441486
0.109565 0.725902
0.110083 0.270904
0.110389 0.470765
0.113369 0.266140
0.115963 0.334041
0.116299 0.546417
0.117256 0.195322
0.117647 0.509956
0.119362 0.497364
0.119813 0.207732
0.122217 0.134071
0.123171 0.453097
0.130874 0.558805
0.131678 0.426154
0.132952 0.524848
0.136994 0.332737
0.140175 0.309995
0.140218 0.256355
0.140392 0.243988
0.141458 0.526702
0.141809 0.518145
0.142555 0.453167
0.142611 0.340879
0.144112 0.715842
0.144173 0.696069
0.145818 0.800003
0.148315 0.358652
0.149532 0.413356
0.151633 0.637063
0.151961 0.737939
0.154399 0.459712
0.154775 0.552350
0.157001 0.540661
0.158731 0.634302
0.159621 0.225373
0.159943 0.568546
0.160677 0.535196
0.160696 0.514531
0.162443 0.467017
0.165745 0.664081
0.166697 0.680744
0.168342 0.939286
0.169386 0.502703
0.169866 0.448874
0.169904 0.486895
0.170302 0.606143
0.170632 0.423843
0.170969 0.514376
0.171113 0.561847
0.173613 0.587538
0.174198 0.520720
0.175843 0.315956
0.177215 0.490855
0.177697 0.267372
0.178773 0.286524
0.180314 0.083691
0.183558 0.499138
0.183652 0.398223
0.185438 0.547275
0.185617 0.574456
0.186558 0.463968
0.187736 0.654731
0.188712 0.786353
0.189399 0.338188
0.192230 0.166156
0.193745 0.721747
0.195995 0.234104
0.196082 0.418343
0.196992 0.347268
0.199644 0.520236
0.203123 0.300349
0.206509 0.198592
0.207085 0.255176
0.208433 0.470762
0.212293 0.603524
0.213479 0.530446
0.214222 0.472878
0.217165 0.066760
0.218039 0.364982
0.218332 0.775000
0.220047 0.813778
0.220591 0.542841
0.221940 0.551600
0.222017 0.365126
0.223401 0.704240
0.223714 0.628872
0.224277 0.057627
0.225453 0.645761
0.226911 0.759145
0.228637 0.382721
0.229573 0.150602
0.229591 0.558208
0.231510 0.617081
0.232563 0.373979
0.232585 0.444772
0.233880 0.610755
0.234028 0.416140
0.234316 0.349630
0.238030 0.382498
0.238453 0.277621
0.240053 0.513674
0.241389 0.000000
0.241809 0.667128
0.241823 0.475304
0.242162 0.449494
0.242258 0.459838
0.242377 0.375231
0.244846 0.666987
0.246963 0.394788
0.248550 0.508446
0.251867 0.656122
0.253802 0.733370
0.254622 0.444541
0.255102 0.599751
0.255264 0.339056
0.256979 0.202773
0.257298 0.399601
0.257556 0.249166
0.258577 0.253255
0.260100 0.281913
0.260799 0.477765
0.263620 0.298364
0.264655 0.468713
0.264960 0.401287
0.266454 0.350031
0.267160 0.616216
0.267323 0.380834
0.267999 0.311222
0.268962 0.608424
0.269773 0.353855
0.271491 0.365037
0.271889 0.431505
0.275445 0.568689
0.278366 0.840516
0.280536 0.554833
0.280910 0.376038
0.282635 0.452622
0.282681 0.578564
0.283259 0.589174
0.283651 0.559843
0.285378 0.395055
0.288418 0.534486
0.289769 0.531252
0.290020 0.631835
0.292191 0.659766
0.293061 0.567804
0.294138 0.608084
0.294597 0.389790
0.296275 0.646001
0.296496 0.449408
0.298734 0.568329
0.301982 0.472225
0.302548 0.710314
0.302586 0.560544
0.302664 0.440869
0.304021 0.770376
0.304653 0.312231
0.304822 0.545118
0.305509 0.444674
0.310053 0.220197
0.310709 0.229493
0.311522 0.499588
0.314265 0.641257
0.315479 0.477936
0.315978 0.488204
0.318732 0.492695
0.318993 0.272047
0.321020 0.521524
0.322109 0.451715
0.322636 0.334965
0.323337 0.485410
0.326841 0.127938
0.327720 0.613922
0.327737 0.170293
0.333496 0.679948
0.333640 0.701697
0.335176 0.382724
0.336983 0.422854
0.338430 0.533953
0.338902 0.610513
0.341813 0.275239
0.347847 0.589678
0.348004 0.212805
0.352902 0.711760
0.356764 0.196439
0.358171 0.497352
0.358705 0.450920
0.359662 0.285202
0.360431 0.683331
0.361304 0.382010
0.362062 0.499213
0.362505 0.604478
0.363049 0.681214
0.364212 0.432066
0.364281 0.543735
0.365547 0.432889
0.371593 0.764191
0.373226 0.535335
0.373964 0.773210
0.375598 0.306490
0.375956 0.621372
0.376287 0.496070
0.379720 0.444757
0.382364 0.596558
0.383916 0.237473
0.384716 0.509714
0.384917 0.619590
0.386487 0.448912
0.388807 0.779364
0.388918 0.662267
0.389436 0.750406
0.389541 0.633327
0.389570 0.387177
0.389731 0.350902
0.390880 0.390039
0.391309 0.654887
0.396304 0.475773
0.396612 0.363972
0.397685 0.159377
0.399516 0.241964
0.400005 0.297991
0.400588 0.635124
0.401225 0.177189
0.404004 0.783169
0.405001 0.822247
0.405051 0.719830
0.405804 0.548978
0.406812 0.568636
0.407031 0.985090
0.407860 0.235005
0.408007 0.540882
0.409609 0.680521
0.411640 0.669169
0.415002 0.633930
0.415099 0.308287
0.419542 0.448969
0.422059 0.573630
0.423732 0.624335
0.424121 0.393795
0.425740 0.436051
0.426706 0.548630
0.427549 0.349700
0.427861 0.473707
0.428343 0.598410
0.429693 0.532207
0.431185 0.393590
0.432487 0.579403
0.435103 0.427933
0.435875 0.290161
0.436337 0.436911
0.436544 0.472284
0.438841 0.375337
0.441293 0.581385
0.441436 0.368613
0.441595 0.347912
0.442817 0.354135
0.443036 0.576388
0.448002 0.439895
0.448287 0.363313
0.448724 0.455048
0.451884 0.723675
0.452741 0.410793
0.453287 0.217463
0.453922 0.273529
0.454507 0.729586
0.454508 0.615781
0.455935 0.612868
0.457013 0.120259
0.457723 0.344840
0.458675 0.320337
0.458829 0.414068
0.459641 0.395977
0.460678 0.505714
0.461159 0.692673
0.463504 0.732429
0.466454 0.546128
0.467476 0.420143
0.467801 0.685532
0.471331 0.066817
0.472126 0.343380
0.474311 0.715524
0.477138 0.911552
0.477795 0.268640
0.477989 0.274823
0.478918 0.706126
0.480609 0.769343
0.481907 0.724362
0.484028 0.776101
0.486697 0.489025
0.487754 0.423750
0.489506 0.516885
0.490039 0.485570
0.490744 0.581810
0.490851 0.887935
0.491616 0.269745
0.491683 0.274247
0.492468 0.530273
0.493764 0.654456
0.495581 0.469635
0.495863 0.486421
0.498867 0.314961
0.503018 0.841450
0.503739 0.530995
0.503853 0.589946
0.504656 0.685965
0.506871 0.695330
0.510422 0.275358
0.511108 0.755460
0.511852 0.578015
0.512381 0.649173
0.513086 0.413000
0.513411 0.372864
0.515866 0.349726
0.516585 0.582808
0.518980 0.565537
0.524154 0.390054
0.524998 0.493317
0.525478 0.718165
0.526195 0.447543
0.526347 0.492778
0.528228 0.761361
0.528692 0.520257
0.529421 0.403060
0.531411 0.496793
0.534811 0.363930
0.534972 0.207626
0.536241 0.869890
0.539000 0.357829
0.539673 0.538399
0.539980 0.635735
0.541684 0.724428
0.543792 0.543539
0.545023 0.556858
0.545405 0.430580
0.552562 0.433294
0.553590 0.688380
0.556845 0.695760
0.556887 0.550577
0.562609 0.295021
0.565545 0.562178
0.568107 0.802117
0.571266 0.786757
0.572178 0.170114
0.575020 0.888024
0.579139 0.294897
0.581330 0.515086
0.583741 0.350082
0.584594 0.832254
0.586279 0.696093
0.587627 0.487069
0.590243 0.991943
0.597435 0.532098
0.598784 0.654965
0.601413 0.580885
0.601427 0.194483
0.603789 0.464979
0.608600 0.704823
0.616045 0.672191
0.617190 0.625649
0.617200 0.656479
0.617397 0.691351
0.617711 0.581652
0.617721 0.432050
0.618892 0.777753
0.621080 0.578181
0.621651 0.529766
0.622290 0.514526
0.622899 0.397123
0.622937 0.479914
0.623190 0.734665
0.623382 0.852174
0.623788 0.506124
0.626769 0.439154
0.632417 0.530184
0.633118 0.840551
0.634681 0.771314
0.637402 0.565136
0.639488 0.390973
0.640927 0.622164
0.641347 0.943857
0.641840 0.723567
0.644268 0.176125
0.645770 0.798875
0.646122 0.335776
0.648375 0.484719
0.648681 0.562710
0.651920 0.200282
0.652063 0.891488
0.652491 0.516743
0.652493 0.769167
0.652596 0.618428
0.653802 0.671971
0.654421 0.558666
0.654916 0.273618
0.656256 0.582880
0.656930 0.603501
0.657677 0.476446
0.658548 0.668661
0.658549 0.832373
0.662894 0.448669
0.662951 0.608025
0.663784 0.359924
0.666935 0.375455
0.667428 0.579670
0.668261 0.701410
0.669148 0.626047
0.669330 0.664546
0.671481 0.365568
0.671809 0.652302
0.672016 0.800769
0.675787 0.615496
0.676169 0.611267
0.676705 0.671958
0.677127 0.421209
0.677160 0.536051
0.682263 0.609701
0.682584 0.592234
0.682721 0.414584
0.683226 0.421733
0.687782 0.517296
0.687917 0.713396
0.693282 0.401171
0.694831 0.836056
0.696663 0.407300
0.697053 0.483830
0.697199 0.701927
0.698388 0.817992
0.701531 0.312647
0.702641 0.654825
0.703294 0.647126
0.704030 0.580341
0.704352 0.715320
0.708644 0.752580
0.709172 0.731661
0.710122 0.776813
0.710241 0.765236
0.711716 0.303374
0.713832 0.621056
0.714304 0.598939
0.714390 0.495942
0.714943 0.426041
0.718335 0.361224
0.719809 0.499205
0.720678 0.648557
0.721878 0.508660
0.722386 0.789290
0.727245 0.726177
0.727778 0.311354
0.728417 0.280633
0.728875 0.674234
0.729065 0.418057
0.731925 0.469175
0.733650 0.839053
0.734532 0.746283
0.734621 0.318539
0.735340 0.677526
0.735446 1.000000
0.736270 0.465159
0.737795 0.475877
0.739219 0.715386
0.740316 0.725417
0.745573 0.199579
0.746533 0.492794
0.748020 0.814730
0.749646 0.723223
0.750780 0.573051
0.751214 0.656699
0.751853 0.455254
0.753449 0.371549
0.755089 0.728495
0.756816 0.447485
0.756892 0.562655
0.758375 0.317553
0.760662 0.662718
0.761838 0.349281
0.766798 0.128241
0.772314 0.779494
0.775556 0.765188
0.779055 0.295406
0.779202 0.586470
0.780508 0.914843
0.782569 0.713101
0.784510 0.476182
0.784536 0.428709
0.787121 0.399630
0.787453 0.868798
0.787927 0.791378
0.788417 0.505125
0.789015 0.543482
0.791784 0.947411
0.792936 0.692370
0.793035 0.410849
0.793737 0.546652
0.793976 0.864387
0.794367 0.655888
0.795625 0.386960
0.796746 0.327061
0.797928 0.428529
0.798309 0.670049
0.799185 0.747035
0.800012 0.536150
0.800483 0.577714
0.802189 0.689438
0.804174 0.490147
0.804248 0.722350
0.804771 0.828902
0.805394 0.647612
0.805714 0.245118
0.807832 0.423684
0.808091 0.569807
0.809729 0.562869
0.810958 0.713189
0.811310 0.433547
0.812239 0.565446
0.814551 0.465922
0.816038 0.568935
0.816241 0.605765
0.823817 0.836407
0.825031 0.825834
0.827602 0.711050
0.827718 0.587083
0.828888 0.488930
0.829311 0.587982
0.830292 0.949993
0.830455 0.419435
0.831760 0.425589
0.833017 0.600558
0.833913 0.587036
0.835761 0.781805
0.836075 0.834849
0.839405 0.681640
0.840040 0.218195
0.841009 0.658178
0.842195 0.489267
0.842658 0.637690
0.843369 0.541565
0.845174 0.606362
0.850292 0.412242
0.861878 0.606234
0.863797 0.655776
0.865423 0.659706
0.865564 0.670329
0.865741 0.313862
0.866040 0.334295
0.866257 0.627020
0.867591 0.619532
0.868164 0.856631
0.870297 0.889388
0.871988 0.440095
0.872683 0.317801
0.873030 0.904667
0.873146 0.561352
0.874617 0.493275
0.875139 0.666528
0.875911 0.606330
0.876781 0.832753
0.876819 0.923336
0.877310 0.715242
0.877679 0.662909
0.878571 0.271848
0.880969 0.583319
0.880994 0.369523
0.881458 0.277977
0.881918 0.574704
0.882023 0.722240
0.882519 0.081338
0.887669 0.772934
0.890665 0.638929
0.891029 0.359926
0.892512 0.769341
0.893305 0.933139
0.894854 0.353483
0.900544 0.495324
0.901252 0.475096
0.901809 0.831543
0.902890 0.241380
0.905864 0.541370
0.906895 0.542743
0.906946 0.761058
0.907708 0.754900
0.908741 0.999049
0.910215 0.402440
0.911240 0.742846
0.912049 0.740086
0.912244 0.610057
0.912459 0.439805
0.915415 0.361438
0.918822 0.555154
0.920800 0.771139
0.921187 0.525476
0.923184 0.704229
0.925632 0.569385
0.925816 0.680998
0.926249 0.706567
0.928463 0.601296
0.929935 0.801525
0.930224 0.423956
0.930846 0.665349
0.931836 0.627857
0.932757 0.489059
0.932832 0.768358
0.932926 0.403793
0.933137 0.566910
0.934011 0.544657
0.936458 0.669132
0.937567 0.504212
0.938888 0.309816
0.947066 0.410639
0.948522 0.372933
0.948529 0.780293
0.948975 0.583607
0.949457 0.502734
0.952985 0.690565
0.952986 0.285636
0.954408 0.110155
0.956033 0.554913
0.959917 0.240199
0.960193 0.784606
0.961373 0.411072
0.963659 0.731658
0.964413 0.953552
0.965960 0.232232
0.970641 0.732552
0.975564 0.629724
0.978148 0.438302
0.982730 0.565443
0.982974 0.602596
0.984820 0.261167
0.986519 0.193730
0.987585 0.676403
0.988020 0.829062
0.991006 0.546081
0.991792 0.485969
0.991856 0.743698
0.993296 0.457981
0.996496 0.370868
0.996557 0.367363
0.998265 0.186609
0.998482 0.405777
0.998769 0.640637
0.999391 0.558061
0.999620 0.543630
1.000000 0.390945
