0.000000 0.354654
0.008965 0.846912
0.011983 0.240244
0.015319 0.861607
0.017180 0.614341
0.020473 0.784184
0.021727 0.471676
0.023974 0.548316
0.024939 0.385231
0.031642 0.496542
0.039009 0.530212
0.041390 0.649439
0.044451 0.440497
0.045441 0.623940
0.045498 0.696846
0.047311 0.800187
0.051821 0.891719
0.051975 0.725587
0.052012 0.971355
0.052154 0.401809
0.057811 0.340182
0.060154 0.754582
0.060380 0.988986
0.060415 0.628223
0.061237 0.257230
0.062694 0.446423
0.062970 0.664062
0.062982 0.412504
0.064135 0.663753
0.065895 0.274913
0.066198 0.632382
0.066491 0.940570
0.067863 0.816114
0.069525 0.650705
0.069869 0.542039
0.070311 0.809486
0.071466 0.856341
0.072559 0.965663
0.072855 0.591730
0.073470 0.438220
0.073766 0.398895
0.075445 0.285752
0.075911 0.892290
0.075961 0.252126
0.076119 0.951192
0.076934 0.270550
0.078213 0.646194
0.078457 0.431491
0.079108 0.544425
0.079504 0.987457
0.080785 0.502689
0.081512 0.651789
0.081967 0.965273
0.082381 0.480235
0.082614 0.353139
0.082648 0.668806
0.082734 0.714712
0.083990 0.712847
0.084858 0.315718
0.086536 0.602564
0.087197 0.518281
0.087584 0.851934
0.087780 0.313886
0.088305 0.542913
0.088645 0.325002
0.089650 0.733440
0.089831 0.908180
0.089992 0.271849
0.090605 0.605575
0.091471 0.637112
0.091649 0.629767
0.091868 0.739870
0.091962 0.989205
0.093366 0.393353
0.093519 0.912405
0.095273 0.753450
0.095466 0.285562
0.095526 0.229175
0.096668 0.551963
0.097199 0.246754
0.097691 0.554487
0.097909 0.829056
0.098340 0.483463
0.098524 0.748317
0.098527 0.468829
0.099132 0.266953
0.099376 0.633059
0.100105 0.810797
0.100419 0.367787
0.100863 0.669832
0.101087 0.744794
0.101772 0.922466
0.102157 0.425324
0.103943 0.764998
0.104104 0.261242
0.104216 0.956782
0.105007 0.962424
0.107338 0.574371
0.107381 0.430690
0.109372 0.419832
0.109875 0.585345
0.110271 0.985875
0.110621 0.498858
0.111028 0.818695
0.111189 0.333363
0.111996 0.658853
0.112028 0.701976
0.113068 0.853282
0.113819 0.663946
0.114457 0.889885
0.114895 0.615939
0.115012 0.593932
0.115426 0.824898
0.115956 0.783891
0.116125 0.303434
0.116395 0.592230
0.116698 0.550204
0.117307 0.366272
0.118113 0.493811
0.120914 0.737939
0.121330 0.453312
0.121376 0.424021
0.122184 0.805855
0.123075 0.620301
0.123372 0.429100
0.124553 0.629988
0.124824 0.593608
0.124847 0.681214
0.124879 0.317077
0.127002 0.980018
0.127008 0.504544
0.127610 0.428760
0.127727 0.587565
0.129225 0.665604
0.130606 0.999979
0.130649 0.722990
0.131190 0.520391
0.131255 0.935962
0.132318 0.346640
0.133444 0.554327
0.133756 0.728339
0.134071 0.416428
0.134138 0.483300
0.135237 0.658769
0.135806 0.258210
0.135936 0.435099
0.136076 0.657843
0.136499 0.314788
0.136566 0.525315
0.139713 0.325692
0.139929 0.415168
0.140020 0.822647
0.140068 0.419446
0.140513 0.811292
0.140759 0.345823
0.141838 0.716769
0.142109 0.861043
0.142596 0.853335
0.142817 0.276363
0.143621 0.259213
0.146448 0.522238
0.146531 0.309726
0.147039 0.823561
0.147147 0.770952
0.147184 0.346397
0.147823 0.798219
0.147917 0.420199
0.148010 0.524439
0.148032 0.843627
0.149418 0.497795
0.149428 0.441901
0.150048 0.372291
0.150583 0.262710
0.150922 0.252753
0.151706 0.569025
0.152386 0.560543
0.152814 0.533295
0.153160 0.415590
0.153611 0.532092
0.154153 0.599050
0.154805 0.666231
0.154890 0.986551
0.155113 0.889363
0.156402 0.666504
0.156525 0.626121
0.156631 0.262097
0.157564 0.628437
0.157720 0.853176
0.157927 0.657311
0.157944 0.780372
0.158337 0.309046
0.159550 0.871840
0.160330 0.722062
0.161314 0.754962
0.161379 0.872873
0.163742 0.837348
0.163989 0.704437
0.164616 0.428320
0.165597 0.740116
0.166497 0.422817
0.166532 0.408612
0.166638 0.787067
0.167174 0.347028
0.167234 0.781216
0.168334 0.246850
0.169358 0.940480
0.169771 0.684330
0.169779 0.949049
0.169856 0.817390
0.170864 0.264003
0.171773 0.662949
0.171955 0.422793
0.172523 0.472987
0.172706 0.799325
0.173234 0.736457
0.173253 0.262527
0.173303 0.257437
0.173339 0.331574
0.174885 0.952603
0.174965 0.581350
0.175514 0.913447
0.176488 0.619446
0.177008 0.876839
0.177976 0.946146
0.178132 0.508498
0.178214 0.556496
0.178390 0.809741
0.179328 0.392712
0.179527 0.334534
0.180681 0.695282
0.180961 0.915128
0.181124 1.000000
0.181888 0.906918
0.182042 0.959283
0.182105 0.985996
0.182446 0.794935
0.182579 0.425042
0.182618 0.573266
0.182901 0.523140
0.182977 0.384738
0.183239 0.697216
0.183342 0.400124
0.183509 0.643272
0.183909 0.422903
0.184846 0.619742
0.184862 0.524334
0.184954 0.646866
0.185377 0.393612
0.185578 0.695596
0.187253 0.276907
0.187646 0.711029
0.190565 0.452803
0.191278 0.974166
0.191493 0.910660
0.191658 0.537492
0.191839 0.482477
0.192272 0.285021
0.192476 0.507303
0.192534 0.809836
0.192585 0.289870
0.192608 0.343670
0.195183 0.695291
0.195194 0.814573
0.196340 0.866854
0.196595 0.408310
0.196955 0.516007
0.198364 0.404194
0.199559 0.748308
0.200766 0.459424
0.201563 0.426060
0.201622 0.661588
0.201903 0.461257
0.203146 0.378337
0.203475 0.605719
0.203536 0.275756
0.203752 0.478371
0.204716 0.460599
0.204974 0.962881
0.205576 0.769248
0.206408 0.903296
0.206749 0.742819
0.206779 0.834294
0.206927 0.624238
0.206991 0.516738
0.207183 0.485357
0.207511 0.237963
0.207577 0.804492
0.207968 0.820077
0.208131 0.515347
0.209019 0.460510
0.209247 0.308923
0.209591 0.263215
0.210175 0.836455
0.210564 0.326039
0.210952 0.919595
0.211061 0.867760
0.211144 0.921510
0.211574 0.523696
0.212125 0.774973
0.212322 0.761486
0.213858 0.396487
0.214290 0.892022
0.214328 0.238110
0.214749 0.430822
0.214864 0.719908
0.215524 0.292384
0.216362 0.357317
0.216821 0.646504
0.216966 0.701116
0.217315 0.527305
0.217486 0.990832
0.217995 0.927571
0.220716 0.913496
0.220794 0.670732
0.221264 0.456705
0.222501 0.456076
0.222546 0.240300
0.223051 0.733866
0.223444 0.623470
0.223767 0.582779
0.224032 0.627789
0.224244 0.798088
0.224629 0.306780
0.225373 0.903991
0.225377 0.547796
0.225458 0.570086
0.225548 0.245959
0.226205 0.780418
0.226418 0.859643
0.227139 0.434302
0.227844 0.303737
0.228831 0.894420
0.228989 0.825568
0.229112 0.631681
0.229151 0.712144
0.229758 0.339870
0.230421 0.831799
0.230850 0.255739
0.230947 0.373653
0.231271 0.673789
0.231649 0.787975
0.232247 0.319981
0.232534 0.863765
0.232671 0.601486
0.232791 0.441907
0.233317 0.577037
0.233620 0.914298
0.234133 0.949095
0.235188 0.701737
0.235735 0.908183
0.236874 0.843800
0.236885 0.261174
0.237109 0.776348
0.237621 0.279797
0.237719 0.891012
0.238669 0.790371
0.238829 0.946863
0.239058 0.826071
0.240591 0.480885
0.241062 0.669800
0.241606 0.336151
0.241698 0.560891
0.241879 0.708879
0.242585 0.891009
0.242646 0.512681
0.242856 0.729277
0.243608 0.958591
0.243752 0.649420
0.245260 0.529756
0.245320 0.331142
0.245450 0.830328
0.247456 0.753448
0.247642 0.401982
0.248881 0.289747
0.249488 0.350371
0.250093 0.733764
0.250151 0.856649
0.250796 0.259317
0.250811 0.328697
0.253000 0.583257
0.253367 0.589037
0.253542 0.633290
0.253823 0.830795
0.255079 0.841585
0.255154 0.470489
0.256583 0.274845
0.257980 0.872882
0.258138 0.832195
0.258699 0.763620
0.258974 0.519181
0.260161 0.312577
0.260420 0.624100
0.261340 0.219862
0.261750 0.658817
0.262693 0.517687
0.263180 0.435622
0.263486 0.383263
0.263504 0.685006
0.263611 0.282608
0.263925 0.349964
0.264025 0.353431
0.264027 0.884003
0.264272 0.765683
0.265334 0.946029
0.265699 0.524193
0.266168 0.332257
0.268042 0.858540
0.268314 0.357077
0.268405 0.602526
0.268810 0.765440
0.270405 0.665851
0.270455 0.374749
0.270954 0.467336
0.271295 0.448050
0.271834 0.314319
0.272303 0.425577
0.272743 0.918051
0.272762 0.444444
0.273181 0.651160
0.273253 0.847841
0.273304 0.333982
0.273631 0.314730
0.273639 0.475615
0.273874 0.727686
0.273930 0.835474
0.274167 0.568152
0.274705 0.287850
0.274938 0.226433
0.275122 0.875843
0.275992 0.824454
0.276394 0.662344
0.276688 0.936499
0.276845 0.267170
0.277409 0.443902
0.277850 0.389208
0.277875 0.233320
0.278675 0.271928
0.278721 0.844874
0.279620 0.902284
0.279689 0.494871
0.280045 0.627528
0.280266 0.229334
0.280483 0.657370
0.280985 0.600299
0.281080 0.240902
0.281247 0.546675
0.281601 0.605436
0.281779 0.824312
0.282002 0.273511
0.282611 0.540658
0.284082 0.580892
0.284173 0.196888
0.285184 0.840003
0.285975 0.840821
0.286444 0.560401
0.286624 0.486193
0.287118 0.744995
0.287388 0.616706
0.287530 0.509748
0.287813 0.653766
0.288763 0.361941
0.289458 0.490304
0.290773 0.850424
0.290837 0.653592
0.290920 0.541014
0.290928 0.924090
0.291584 0.526904
0.292082 0.730412
0.292679 0.785440
0.292800 0.892524
0.293401 0.209281
0.293497 0.273691
0.293595 0.315826
0.293676 0.239105
0.294014 0.420509
0.294101 0.350215
0.294409 0.307672
0.294478 0.304520
0.295173 0.690763
0.296754 0.879802
0.296912 0.839067
0.297559 0.572624
0.298241 0.627990
0.299058 0.581397
0.299230 0.660120
0.299255 0.451819
0.299311 0.858829
0.299338 0.904487
0.299887 0.604194
0.300370 0.430521
0.301199 0.692134
0.301594 0.181107
0.301599 0.545879
0.301784 0.628674
0.302485 0.560764
0.302891 0.537949
0.303045 0.283842
0.303049 0.588400
0.303310 0.546676
0.303323 0.322480
0.303615 0.619110
0.303784 0.257905
0.303977 0.269159
0.304351 0.873325
0.304506 0.296447
0.305056 0.268941
0.306271 0.753005
0.306559 0.311967
0.307464 0.437341
0.307942 0.810520
0.308733 0.406814
0.308999 0.628308
0.309121 0.735463
0.309768 0.616176
0.310088 0.819398
0.310329 0.575494
0.310663 0.405326
0.311204 0.271909
0.311276 0.579599
0.311656 0.369793
0.312046 0.780062
0.312095 0.257117
0.312630 0.385901
0.313098 0.262376
0.313901 0.253630
0.314094 0.499266
0.314728 0.854792
0.314796 0.353164
0.315015 0.581144
0.315823 0.571340
0.316122 0.636692
0.316208 0.547097
0.317162 0.876271
0.317245 0.542489
0.317456 0.175288
0.318313 0.745521
0.318497 0.717519
0.318596 0.796591
0.319658 0.181311
0.319842 0.289858
0.320286 0.377202
0.320841 0.470704
0.321551 0.821504
0.321739 0.729134
0.321760 0.399776
0.322251 0.840588
0.324949 0.479398
0.324950 0.350931
0.325262 0.254459
0.325589 0.381154
0.327649 0.842664
0.327990 0.775569
0.329361 0.852928
0.330507 0.415800
0.331217 0.283116
0.331467 0.404339
0.331489 0.739445
0.331592 0.493250
0.331698 0.433257
0.332757 0.778818
0.333496 0.821744
0.333581 0.158649
0.333931 0.310738
0.334032 0.833399
0.334283 0.260249
0.334863 0.686343
0.335363 0.418290
0.335641 0.716700
0.335965 0.816056
0.336470 0.177556
0.336662 0.492776
0.336676 0.694551
0.338046 0.386579
0.339212 0.366543
0.339343 0.569214
0.339960 0.673417
0.340916 0.501140
0.342998 0.279456
0.343054 0.781855
0.343499 0.610862
0.344102 0.238239
0.344835 0.556864
0.344974 0.851993
0.345411 0.730958
0.346007 0.590230
0.346185 0.565130
0.346398 0.329066
0.346744 0.594179
0.346810 0.716822
0.347187 0.344599
0.347976 0.391182
0.348132 0.686727
0.348200 0.623303
0.348295 0.830437
0.349010 0.854536
0.349160 0.456280
0.349239 0.464617
0.350135 0.662704
0.350955 0.251392
0.351218 0.537415
0.351256 0.502285
0.351458 0.218541
0.351483 0.671272
0.351514 0.449751
0.352772 0.382338
0.352819 0.457660
0.353298 0.717964
0.353812 0.440501
0.354509 0.599822
0.357021 0.214590
0.357120 0.726636
0.357714 0.277544
0.358262 0.729786
0.358820 0.293224
0.359438 0.556127
0.359698 0.287828
0.360774 0.666367
0.362172 0.135402
0.362293 0.395924
0.362872 0.810005
0.362908 0.297707
0.363303 0.562727
0.364033 0.202908
0.365158 0.370661
0.365492 0.143892
0.365746 0.732415
0.366267 0.667466
0.366417 0.540016
0.367400 0.679772
0.368581 0.421847
0.368791 0.633279
0.369054 0.863998
0.369096 0.415962
0.369488 0.655549
0.369651 0.768803
0.369663 0.220505
0.370442 0.634072
0.370800 0.225181
0.370944 0.155853
0.371145 0.718590
0.371560 0.473060
0.372943 0.302990
0.373066 0.596843
0.374609 0.385855
0.374665 0.332360
0.374779 0.748456
0.376117 0.345495
0.376678 0.643052
0.377041 0.430310
0.377566 0.527759
0.377766 0.533930
0.378438 0.653630
0.379339 0.613917
0.380266 0.449570
0.380277 0.513690
0.380450 0.819413
0.381040 0.452794
0.381417 0.497109
0.381534 0.329482
0.381602 0.274129
0.381857 0.535390
0.382005 0.277059
0.382787 0.317158
0.383305 0.648569
0.384563 0.467031
0.384710 0.379191
0.385035 0.196784
0.385039 0.130135
0.386437 0.695656
0.386896 0.837622
0.387071 0.742797
0.387310 0.759458
0.388504 0.285809
0.388811 0.122550
0.389950 0.352346
0.390032 0.353072
0.390114 0.220867
0.391095 0.440242
0.391199 0.747151
0.391895 0.751030
0.392896 0.334571
0.393223 0.824670
0.394227 0.593248
0.394323 0.298645
0.394598 0.736690
0.394651 0.475375
0.396476 0.524153
0.396528 0.699133
0.398416 0.787366
0.399147 0.465792
0.399693 0.303423
0.399887 0.633808
0.402603 0.126699
0.402745 0.234513
0.403012 0.739923
0.403843 0.567928
0.404215 0.612892
0.404477 0.317066
0.404719 0.571077
0.405015 0.710870
0.405416 0.724057
0.405629 0.443422
0.405797 0.184542
0.406413 0.640673
0.406472 0.563552
0.406938 0.632321
0.408075 0.174348
0.408546 0.514824
0.409662 0.115466
0.410179 0.772591
0.411248 0.613104
0.411719 0.682695
0.412018 0.600181
0.412185 0.589548
0.412531 0.124670
0.412782 0.184089
0.414372 0.545634
0.414528 0.379015
0.414629 0.775320
0.415135 0.150223
0.415342 0.142110
0.415780 0.763388
0.415816 0.215266
0.416741 0.614215
0.417593 0.609765
0.418478 0.364308
0.418496 0.546696
0.419027 0.332379
0.419362 0.830999
0.420035 0.794810
0.420516 0.418133
0.421418 0.677424
0.421444 0.714537
0.422037 0.833087
0.422152 0.165473
0.422580 0.642510
0.422702 0.332215
0.423146 0.347225
0.423688 0.442035
0.424013 0.113621
0.424892 0.410562
0.424900 0.469493
0.425102 0.226911
0.425290 0.713700
0.425410 0.114287
0.425863 0.234226
0.427658 0.482931
0.428504 0.553231
0.428740 0.719451
0.428954 0.536416
0.429053 0.524415
0.429311 0.773241
0.429625 0.590892
0.430158 0.274441
0.432081 0.359063
0.432452 0.687723
0.433445 0.212627
0.434131 0.515456
0.435391 0.296517
0.437252 0.534354
0.439317 0.812653
0.440379 0.509721
0.440869 0.223964
0.441720 0.811827
0.441995 0.302296
0.442349 0.235002
0.442855 0.123853
0.443327 0.722419
0.443619 0.667110
0.444516 0.692731
0.446067 0.641834
0.446378 0.436869
0.447858 0.093218
0.448510 0.417976
0.448807 0.205376
0.449229 0.699419
0.449680 0.453285
0.450339 0.418726
0.450418 0.742688
0.451049 0.119030
0.451310 0.432457
0.451492 0.222345
0.452370 0.755639
0.453042 0.525281
0.453220 0.683980
0.453873 0.366649
0.453963 0.318838
0.455092 0.710347
0.455698 0.383516
0.455895 0.435549
0.455958 0.653908
0.456993 0.597629
0.457908 0.517806
0.458116 0.765784
0.459121 0.660835
0.459293 0.275958
0.460670 0.702826
0.461219 0.368437
0.462060 0.695820
0.463291 0.302237
0.464025 0.414099
0.464430 0.400314
0.464524 0.092985
0.465150 0.327258
0.466359 0.231336
0.467873 0.174788
0.468336 0.770546
0.468799 0.522545
0.468894 0.732554
0.471065 0.790150
0.472917 0.552657
0.473708 0.522569
0.475492 0.320814
0.475738 0.584567
0.476142 0.320422
0.476531 0.347396
0.476539 0.567756
0.477963 0.108614
0.478269 0.744468
0.478535 0.440336
0.480930 0.761969
0.482292 0.124862
0.483435 0.267183
0.483746 0.157769
0.485111 0.586415
0.486111 0.636072
0.486301 0.691878
0.487119 0.491025
0.487345 0.240886
0.487400 0.364907
0.487657 0.251677
0.487948 0.133353
0.488182 0.515293
0.488858 0.090355
0.490500 0.403319
0.491347 0.376418
0.492858 0.203937
0.494378 0.752536
0.494994 0.354589
0.495020 0.323684
0.495907 0.676202
0.497144 0.260118
0.497791 0.161077
0.498188 0.351929
0.500936 0.621415
0.501127 0.306049
0.501688 0.761321
0.502255 0.691776
0.502256 0.743009
0.502365 0.198111
0.505118 0.081275
0.506504 0.694827
0.506549 0.218605
0.506566 0.532834
0.506611 0.410286
0.507472 0.634555
0.508016 0.585816
0.508790 0.761934
0.509557 0.736141
0.510891 0.185145
0.511203 0.585721
0.512312 0.116419
0.512920 0.631556
0.513880 0.240702
0.513962 0.424932
0.514254 0.649548
0.516187 0.325022
0.516768 0.633626
0.519139 0.114939
0.519510 0.294393
0.519897 0.345888
0.520086 0.398893
0.521072 0.334161
0.521796 0.756789
0.521934 0.365316
0.522668 0.421756
0.522861 0.569760
0.523243 0.548339
0.523970 0.164962
0.524074 0.426576
0.527821 0.643334
0.528130 0.578201
0.528185 0.639467
0.530430 0.569355
0.532892 0.692306
0.533404 0.402301
0.533752 0.346626
0.535181 0.597619
0.538750 0.452814
0.539209 0.613169
0.539686 0.640177
0.540642 0.695163
0.542064 0.131830
0.543089 0.557882
0.543641 0.456304
0.544851 0.614940
0.545893 0.431280
0.547906 0.554167
0.548640 0.610944
0.548861 0.179492
0.550751 0.702393
0.550933 0.424333
0.550967 0.275120
0.551006 0.413276
0.552007 0.468018
0.552761 0.356645
0.554106 0.689206
0.554862 0.553635
0.555436 0.110345
0.555668 0.524578
0.557100 0.592832
0.557962 0.675339
0.558099 0.583996
0.558245 0.260288
0.560852 0.062861
0.562160 0.148969
0.562310 0.302059
0.563145 0.069456
0.564352 0.459913
0.567921 0.129071
0.568121 0.640889
0.572000 0.212932
0.573501 0.233723
0.573700 0.630258
0.575114 0.210848
0.576045 0.124676
0.576884 0.048810
0.577410 0.689558
0.578007 0.235504
0.578199 0.161114
0.579103 0.137633
0.579951 0.174859
0.581253 0.228847
0.582897 0.251527
0.584083 0.592862
0.585830 0.364073
0.587070 0.513271
0.588099 0.634494
0.588491 0.509436
0.590781 0.327523
0.591341 0.317944
0.593630 0.151504
0.594127 0.619625
0.596339 0.303978
0.598486 0.466800
0.599407 0.429304
0.601332 0.592978
0.602242 0.440669
0.602292 0.482277
0.602349 0.248636
0.604558 0.241945
0.605212 0.280965
0.606377 0.050598
0.607042 0.630197
0.607675 0.486823
0.608108 0.668287
0.610198 0.204921
0.610301 0.677094
0.610338 0.490773
0.611316 0.716773
0.611403 0.418379
0.612152 0.454589
0.612576 0.486814
0.612603 0.215224
0.614113 0.507547
0.614440 0.101320
0.617631 0.463364
0.620342 0.353038
0.621794 0.132905
0.622964 0.224471
0.623396 0.732267
0.625603 0.351929
0.626456 0.201916
0.627486 0.516024
0.630589 0.518997
0.631808 0.489514
0.635859 0.444254
0.637580 0.071639
0.637864 0.400427
0.638363 0.608829
0.640552 0.643010
0.640821 0.139706
0.644158 0.400598
0.645709 0.413596
0.647081 0.539111
0.649964 0.427466
0.650602 0.365100
0.651623 0.195207
0.654230 0.729904
0.654449 0.144367
0.655028 0.343439
0.655726 0.742387
0.658771 0.680917
0.659422 0.081152
0.660184 0.725022
0.661744 0.511377
0.662188 0.476042
0.662372 0.243258
0.663976 0.287901
0.665937 0.679013
0.666438 0.231251
0.666446 0.487143
0.672612 0.323010
0.672624 0.287724
0.673564 0.298677
0.674847 0.174642
0.677105 0.421064
0.677665 0.143535
0.678812 0.403976
0.680662 0.468346
0.681085 0.109468
0.686901 0.119018
0.687659 0.423718
0.688124 0.196897
0.688877 0.374626
0.691459 0.104998
0.692323 0.327260
0.697286 0.402363
0.698669 0.164685
0.703331 0.436976
0.703734 0.258510
0.707735 0.127155
0.708574 0.458602
0.712898 0.701717
0.718758 0.221512
0.721233 0.645053
0.724011 0.515275
0.726275 0.532872
0.728981 0.310683
0.731770 0.346085
0.733144 0.712544
0.736697 0.527113
0.738046 0.437466
0.738871 0.484135
0.746475 0.194586
0.749502 0.578328
0.751711 0.287265
0.751887 0.637315
0.756109 0.501562
0.759240 0.246293
0.767672 0.597458
0.771406 0.316434
0.772156 0.124093
0.772238 0.301599
0.773103 0.397122
0.778633 0.101890
0.782399 0.174083
0.800382 0.316041
0.800868 0.523178
0.821621 0.070646
0.822942 0.000000
0.825128 0.157701
0.829670 0.433351
0.830051 0.535584
0.830206 0.329479
0.830255 0.091833
0.844480 0.615912
0.847168 0.033358
0.866189 0.303270
0.889462 0.025046
0.896985 0.269225
0.906483 0.009610
0.910162 0.283820
0.946602 0.527963
0.960554 0.340678
1.000000 0.321185
