0.000000 0.202475
0.000730 0.078452
0.009173 0.421298
0.009902 0.222332
0.011140 0.375875
0.011288 0.070824
0.011961 0.056479
0.012956 0.062948
0.013910 0.373653
0.014159 0.167707
0.016451 0.077094
0.017652 0.099239
0.018478 0.138900
0.020078 0.384777
0.021193 0.663085
0.021231 0.110483
0.023280 0.509595
0.025876 0.147337
0.028118 0.419335
0.029524 0.242710
0.031074 0.419628
0.031535 0.144916
0.032276 0.318113
0.033862 0.150485
0.036351 0.109089
0.037560 0.151554
0.038164 0.226501
0.038911 0.130060
0.039258 0.481169
0.039511 0.341883
0.041527 0.180543
0.042209 0.378046
0.042387 0.130563
0.043394 0.030364
0.044252 0.057930
0.044796 0.132238
0.045440 0.079493
0.046298 0.156852
0.046304 0.116802
0.046892 0.177040
0.047216 0.264393
0.047738 0.055584
0.047910 0.091899
0.048304 0.300781
0.049161 0.091193
0.049279 0.318556
0.049738 0.352910
0.049827 0.099800
0.050783 0.159450
0.051187 0.345260
0.051943 0.095489
0.051985 0.169968
0.052942 1.000000
0.056808 0.139471
0.057589 0.038580
0.058060 0.106936
0.066802 0.067514
0.066988 0.040476
0.067087 0.149013
0.067164 0.029524
0.067201 0.206959
0.067332 0.412021
0.067515 0.067292
0.068121 0.550211
0.068862 0.288606
0.069036 0.111960
0.069097 0.095680
0.069673 0.042435
0.072241 0.127142
0.072850 0.078665
0.073508 0.098782
0.074102 0.089618
0.074265 0.581513
0.074538 0.232388
0.075193 0.094519
0.076000 0.101151
0.076128 0.031238
0.076161 0.079302
0.076437 0.123069
0.077117 0.306552
0.080898 0.159347
0.082153 0.113094
0.083028 0.072491
0.083680 0.061148
0.084072 0.091909
0.084080 0.462137
0.084151 0.040765
0.085795 0.058797
0.086259 0.036671
0.086977 0.228865
0.088739 0.092902
0.088767 0.073393
0.088807 0.085223
0.090429 0.319774
0.090598 0.127368
0.094722 0.185776
0.096340 0.111862
0.097147 0.038026
0.097997 0.079754
0.099656 0.263990
0.101718 0.126395
0.104080 0.058489
0.104585 0.053042
0.104755 0.041590
0.105409 0.039258
0.108790 0.032835
0.109063 0.161521
0.109122 0.057476
0.109488 0.048006
0.110180 0.096424
0.112756 0.128358
0.113731 0.095280
0.114451 0.046882
0.114523 0.041936
0.114747 0.051231
0.115150 0.136834
0.115449 0.107328
0.117366 0.046278
0.118318 0.111541
0.120603 0.197049
0.120849 0.304111
0.121767 0.123391
0.123268 0.047739
0.126555 0.115474
0.129165 0.103761
0.130003 0.173117
0.133695 0.125745
0.134072 0.039266
0.135208 0.155204
0.135668 0.052010
0.136343 0.057415
0.138800 0.088773
0.139701 0.026818
0.144401 0.044283
0.144492 0.057265
0.144766 0.084510
0.145339 0.120395
0.146557 0.127636
0.146933 0.119090
0.148983 0.028780
0.149428 0.047598
0.151217 0.109642
0.153165 0.093211
0.153995 0.090049
0.154774 0.084564
0.156242 0.090103
0.156795 0.083485
0.156883 0.039978
0.157315 0.080927
0.158442 0.235030
0.158889 0.081386
0.159562 0.076880
0.160154 0.081332
0.161693 0.076646
0.161919 0.053527
0.162375 0.045307
0.163274 0.041946
0.163454 0.083942
0.163619 0.066471
0.164988 0.028834
0.165709 0.099839
0.166320 0.036924
0.166873 0.064775
0.168831 0.127961
0.169744 0.046150
0.169924 0.059850
0.171708 0.134915
0.172168 0.122047
0.172788 0.050763
0.175461 0.272103
0.176153 0.049604
0.178526 0.040076
0.179665 0.116248
0.180242 0.046556
0.180617 0.073928
0.180974 0.058174
0.181481 0.060885
0.182635 0.024998
0.183992 0.054969
0.184202 0.039806
0.184486 0.056768
0.185451 0.052895
0.185966 0.054763
0.186110 0.190640
0.186347 0.049857
0.186365 0.090368
0.187341 0.043115
0.187524 0.028181
0.190560 0.117256
0.191528 0.054166
0.192144 0.041731
0.192545 0.045696
0.192988 0.066753
0.194539 0.060278
0.195195 0.053783
0.196424 0.022850
0.198009 0.067515
0.198218 0.017911
0.198467 0.172687
0.198999 0.143296
0.199394 0.030926
0.201113 0.055486
0.203595 0.017610
0.205363 0.043539
0.206209 0.095274
0.206345 0.014098
0.207219 0.065805
0.208387 0.053439
0.208669 0.028134
0.208958 0.054121
0.209083 0.092856
0.209442 0.080541
0.209807 0.037463
0.211836 0.083653
0.212635 0.095790
0.213509 0.173609
0.214511 0.085047
0.215829 0.028299
0.216624 0.046663
0.217969 0.045816
0.218430 0.015437
0.220250 0.030485
0.220924 0.076563
0.222371 0.073274
0.223481 0.052464
0.224201 0.046373
0.225895 0.063254
0.226244 0.057965
0.226290 0.048549
0.227864 0.040475
0.229294 0.058523
0.230872 0.032371
0.231508 0.133084
0.232752 0.023092
0.234093 0.068201
0.234808 0.063458
0.235425 0.074118
0.235488 0.072404
0.237809 0.089858
0.238108 0.147146
0.238971 0.014572
0.239256 0.090333
0.239738 0.031334
0.240640 0.038099
0.240716 0.024286
0.241384 0.042540
0.243594 0.034201
0.243797 0.045718
0.244593 0.053531
0.244962 0.024127
0.246815 0.043488
0.248761 0.045458
0.248858 0.093703
0.249573 0.024947
0.251323 0.043916
0.251585 0.032935
0.253324 0.014671
0.253327 0.057211
0.253464 0.052838
0.256864 0.017023
0.256893 0.073422
0.257000 0.034334
0.258929 0.056988
0.260125 0.024933
0.260361 0.028876
0.260723 0.058824
0.260881 0.117488
0.261197 0.041597
0.263491 0.034924
0.263500 0.037207
0.264852 0.106546
0.265842 0.054745
0.266205 0.022007
0.266274 0.089575
0.267429 0.039286
0.268018 0.052938
0.269005 0.057212
0.269563 0.102623
0.270738 0.029598
0.271339 0.063322
0.271897 0.024805
0.271897 0.050364
0.272077 0.038956
0.274314 0.022369
0.274581 0.042754
0.275722 0.057924
0.277276 0.041888
0.277778 0.087706
0.280550 0.055330
0.281776 0.065875
0.281865 0.039864
0.281877 0.012299
0.282119 0.123980
0.282257 0.062951
0.282635 0.053855
0.283804 0.050303
0.284208 0.066254
0.285857 0.034580
0.286528 0.082839
0.286538 0.030966
0.287578 0.053977
0.287624 0.012739
0.289384 0.017666
0.290931 0.048797
0.291169 0.052119
0.291770 0.042323
0.292688 0.010937
0.292829 0.034534
0.296622 0.038260
0.296860 0.009491
0.297088 0.049699
0.298160 0.043066
0.298485 0.012774
0.299038 0.057518
0.301259 0.024065
0.301424 0.009333
0.302203 0.033884
0.302497 0.049228
0.304325 0.057181
0.304594 0.095727
0.304972 0.030155
0.305600 0.026975
0.306001 0.020507
0.306185 0.041928
0.306218 0.035095
0.306774 0.019915
0.306775 0.047760
0.307674 0.016265
0.309479 0.027033
0.310084 0.032729
0.310143 0.032147
0.310161 0.039861
0.310628 0.037880
0.311769 0.034009
0.313188 0.024584
0.313240 0.017292
0.315346 0.051499
0.316399 0.033039
0.316643 0.016996
0.318412 0.041977
0.320962 0.023355
0.321297 0.039108
0.323340 0.033975
0.324485 0.031884
0.325087 0.030145
0.328583 0.014624
0.328587 0.048660
0.329441 0.036873
0.330121 0.021421
0.331345 0.017911
0.332879 0.019699
0.333071 0.033732
0.333986 0.046797
0.334683 0.023841
0.335349 0.049210
0.340581 0.031333
0.340850 0.011097
0.341195 0.046240
0.341507 0.036775
0.343089 0.022696
0.345886 0.015581
0.346542 0.013730
0.346679 0.042576
0.347369 0.057707
0.347965 0.011818
0.348251 0.036613
0.350434 0.056918
0.354348 0.029981
0.355084 0.024079
0.355188 0.031621
0.355867 0.029824
0.356097 0.033316
0.356187 0.022031
0.356258 0.012211
0.356647 0.015915
0.356861 0.017919
0.357826 0.040078
0.357836 0.024410
0.360194 0.048386
0.360198 0.032456
0.360334 0.028522
0.362096 0.038264
0.364333 0.018392
0.365528 0.042309
0.365753 0.047425
0.367090 0.027847
0.367864 0.038126
0.368125 0.025823
0.368245 0.015793
0.369665 0.017421
0.369686 0.059213
0.369714 0.033634
0.369793 0.011056
0.370020 0.027988
0.370545 0.048399
0.371273 0.030109
0.371650 0.027838
0.373728 0.024101
0.374012 0.042015
0.374725 0.077660
0.374882 0.015683
0.374950 0.041063
0.376783 0.044896
0.377861 0.046455
0.380161 0.023650
0.380429 0.022042
0.381803 0.023150
0.382035 0.033715
0.382425 0.006915
0.386905 0.008885
0.387939 0.008443
0.387959 0.023090
0.387987 0.024008
0.389198 0.012232
0.390143 0.031172
0.390421 0.021770
0.390928 0.016965
0.391045 0.015396
0.392272 0.013767
0.392317 0.011532
0.392844 0.014400
0.393104 0.009767
0.393570 0.026510
0.395507 0.018553
0.396194 0.033137
0.396580 0.019871
0.396864 0.025018
0.396932 0.017830
0.397187 0.020852
0.398170 0.028570
0.399039 0.038877
0.400019 0.010855
0.402937 0.011365
0.403138 0.034904
0.403538 0.015624
0.403860 0.009220
0.404229 0.016809
0.406385 0.031861
0.408193 0.014236
0.410962 0.015830
0.411064 0.024468
0.412259 0.020132
0.412752 0.024563
0.412991 0.012368
0.413579 0.025455
0.414147 0.022387
0.415834 0.032505
0.416662 0.023963
0.419108 0.009589
0.420778 0.028914
0.422288 0.006279
0.424605 0.021733
0.427591 0.019736
0.427674 0.028067
0.428071 0.015083
0.428151 0.026178
0.428613 0.024495
0.428978 0.012500
0.429447 0.015553
0.431888 0.014877
0.432865 0.015530
0.432988 0.013744
0.433095 0.013949
0.435053 0.014581
0.435163 0.010278
0.436382 0.027687
0.437157 0.032141
0.438385 0.007166
0.438399 0.009873
0.438590 0.030124
0.438652 0.019451
0.438691 0.017823
0.441601 0.018488
0.441992 0.006940
0.442373 0.020084
0.443014 0.008520
0.443700 0.014346
0.444853 0.011443
0.446534 0.031686
0.446957 0.012700
0.447885 0.028963
0.449814 0.018924
0.449962 0.019060
0.450567 0.009234
0.451379 0.025625
0.451586 0.016125
0.452298 0.014631
0.453320 0.030258
0.453524 0.017398
0.456323 0.009271
0.458265 0.014110
0.458333 0.014160
0.459473 0.009126
0.459609 0.024460
0.462613 0.010831
0.463115 0.012632
0.466144 0.012544
0.466611 0.020891
0.467908 0.013355
0.468182 0.020430
0.472516 0.024966
0.474211 0.016638
0.480661 0.023143
0.481157 0.009681
0.481801 0.013809
0.482135 0.013687
0.485658 0.011934
0.487274 0.009754
0.487721 0.016110
0.488344 0.012629
0.488494 0.012054
0.489188 0.018668
0.489227 0.029362
0.489969 0.017013
0.492565 0.013243
0.493184 0.004551
0.494066 0.010316
0.496353 0.014912
0.496394 0.009116
0.496931 0.011921
0.496978 0.010109
0.497451 0.020312
0.497900 0.010190
0.500142 0.018880
0.501039 0.011305
0.501931 0.014152
0.504621 0.013111
0.504959 0.015312
0.505021 0.007704
0.507460 0.009231
0.507735 0.021840
0.512800 0.008316
0.516645 0.011386
0.520539 0.012950
0.520822 0.006700
0.524660 0.014012
0.524759 0.011622
0.526351 0.013767
0.526649 0.013189
0.529907 0.014281
0.533660 0.027205
0.535590 0.016128
0.538207 0.006484
0.538351 0.016953
0.542858 0.009264
0.543250 0.012934
0.545198 0.013514
0.545485 0.014110
0.548434 0.015094
0.548446 0.009415
0.548669 0.010785
0.550244 0.005831
0.551788 0.008711
0.553095 0.013031
0.554506 0.011470
0.555083 0.013557
0.556741 0.012653
0.556826 0.010557
0.557251 0.005998
0.558768 0.009224
0.559904 0.002764
0.561880 0.008395
0.562512 0.007192
0.562615 0.008938
0.565031 0.012346
0.565497 0.008923
0.565523 0.008869
0.566268 0.005616
0.567220 0.012261
0.570715 0.011841
0.572364 0.009743
0.572381 0.006972
0.572979 0.011115
0.573462 0.006629
0.573922 0.008660
0.574867 0.024362
0.576795 0.007412
0.578360 0.015323
0.579279 0.009931
0.579862 0.006656
0.581612 0.007293
0.583149 0.006902
0.585472 0.004681
0.586038 0.008389
0.586841 0.014745
0.587119 0.014152
0.587220 0.003988
0.588522 0.010991
0.590301 0.006972
0.592147 0.003492
0.592380 0.006820
0.594529 0.009924
0.594700 0.008848
0.595573 0.011378
0.596037 0.007953
0.597055 0.012413
0.597614 0.007783
0.597757 0.004372
0.597858 0.007923
0.597907 0.008607
0.599640 0.013294
0.599818 0.005619
0.603858 0.008901
0.604106 0.008314
0.604722 0.004527
0.605339 0.005589
0.605472 0.005498
0.605632 0.017466
0.606235 0.005267
0.606352 0.005679
0.608915 0.006483
0.611346 0.004198
0.611566 0.009422
0.611833 0.006622
0.612820 0.010990
0.614215 0.006213
0.614530 0.008659
0.614600 0.002706
0.615846 0.006627
0.616634 0.007574
0.617948 0.010270
0.619414 0.004059
0.622263 0.010798
0.622661 0.006716
0.622753 0.005104
0.623674 0.004619
0.624427 0.006605
0.624448 0.007416
0.625596 0.008798
0.631531 0.006650
0.631532 0.004469
0.632314 0.004804
0.634831 0.002890
0.634847 0.008918
0.634967 0.003784
0.634999 0.004556
0.636923 0.005210
0.637619 0.008721
0.638512 0.004186
0.638699 0.005108
0.638766 0.005197
0.639457 0.004831
0.640416 0.006423
0.641623 0.007061
0.642821 0.005430
0.645357 0.006363
0.645914 0.005012
0.646412 0.004360
0.647665 0.004433
0.647679 0.006034
0.648262 0.007936
0.650956 0.011646
0.651097 0.004707
0.652071 0.006245
0.652310 0.005199
0.653174 0.005371
0.654842 0.008096
0.654905 0.004163
0.655469 0.005455
0.656834 0.005110
0.657411 0.006384
0.657419 0.005358
0.659680 0.010151
0.662053 0.007081
0.662182 0.008367
0.663046 0.007329
0.663202 0.006392
0.663354 0.004235
0.666281 0.009253
0.666775 0.006135
0.666880 0.006398
0.667209 0.006216
0.667250 0.006329
0.670157 0.004220
0.670847 0.006449
0.671018 0.006963
0.671123 0.005706
0.671423 0.004662
0.671704 0.004733
0.672088 0.004779
0.673419 0.003961
0.673705 0.003140
0.676441 0.004713
0.676663 0.006422
0.676744 0.005721
0.676869 0.003750
0.677495 0.004488
0.677629 0.005988
0.679649 0.006469
0.680746 0.006814
0.681665 0.001928
0.685994 0.003934
0.686944 0.003458
0.687059 0.004555
0.687441 0.004898
0.687450 0.002724
0.692872 0.001964
0.694244 0.008052
0.695913 0.005365
0.696643 0.007072
0.698328 0.007400
0.700474 0.004102
0.700549 0.005333
0.701284 0.004935
0.702154 0.001967
0.702297 0.004843
0.703727 0.002289
0.705215 0.004776
0.705974 0.004678
0.706117 0.005015
0.706684 0.005007
0.708458 0.004825
0.708547 0.002221
0.709068 0.003502
0.709403 0.006622
0.709795 0.005103
0.711352 0.004359
0.711453 0.008026
0.711517 0.002784
0.712729 0.005052
0.712952 0.005824
0.713773 0.004732
0.715172 0.003075
0.718437 0.003902
0.718986 0.003941
0.719512 0.007539
0.719921 0.005088
0.720001 0.005096
0.722055 0.003660
0.722772 0.003275
0.723206 0.002226
0.723208 0.006563
0.723799 0.003560
0.723933 0.005067
0.724212 0.004135
0.724373 0.005028
0.724461 0.004759
0.724585 0.002679
0.724868 0.004757
0.724889 0.003699
0.725539 0.003563
0.726376 0.003811
0.728719 0.003121
0.728839 0.005072
0.729582 0.004347
0.732869 0.004945
0.736255 0.003242
0.736334 0.001664
0.736589 0.004077
0.737651 0.003442
0.738332 0.003132
0.739272 0.004521
0.739466 0.004340
0.740370 0.002539
0.741243 0.004491
0.741579 0.002190
0.742650 0.004097
0.742672 0.002537
0.744127 0.002529
0.745128 0.003641
0.745965 0.003738
0.746986 0.004104
0.747108 0.004928
0.747399 0.002821
0.748396 0.002513
0.749369 0.003741
0.749380 0.003474
0.749421 0.003467
0.750519 0.003183
0.751250 0.004296
0.751841 0.002145
0.753314 0.004241
0.753700 0.002905
0.755409 0.005138
0.756020 0.002327
0.756614 0.002503
0.757191 0.004109
0.757646 0.003890
0.757999 0.002510
0.759436 0.004106
0.760456 0.003171
0.760789 0.001796
0.760878 0.004523
0.761509 0.002287
0.762188 0.003023
0.763398 0.003473
0.763799 0.003030
0.764066 0.003975
0.765689 0.002470
0.765875 0.004511
0.766617 0.003695
0.767093 0.003596
0.767940 0.003009
0.767961 0.003487
0.768431 0.002918
0.769161 0.002825
0.769547 0.002301
0.771913 0.004227
0.772201 0.003580
0.772417 0.003964
0.772786 0.001741
0.773975 0.002095
0.775584 0.004275
0.776107 0.003532
0.776794 0.002942
0.777204 0.002781
0.777262 0.003698
0.779078 0.003715
0.779449 0.001596
0.779811 0.003757
0.781442 0.001950
0.781492 0.002635
0.783458 0.002964
0.784612 0.003724
0.785595 0.002243
0.785602 0.003257
0.785701 0.003931
0.787310 0.003947
0.792194 0.002157
0.793035 0.002169
0.793375 0.002033
0.796689 0.002584
0.797894 0.003900
0.799350 0.002604
0.800862 0.003492
0.802664 0.002696
0.803471 0.001971
0.805092 0.003007
0.805121 0.003594
0.805447 0.001466
0.806571 0.002016
0.806661 0.002625
0.808907 0.002451
0.809561 0.003725
0.810567 0.001860
0.810969 0.002402
0.812295 0.002266
0.812626 0.002227
0.813289 0.004016
0.813565 0.001408
0.813712 0.002674
0.815950 0.003920
0.816013 0.001359
0.817133 0.002419
0.823195 0.001674
0.824559 0.002753
0.825113 0.002010
0.825333 0.003058
0.825880 0.001486
0.826879 0.002848
0.828513 0.002467
0.829351 0.001762
0.829695 0.001722
0.829715 0.002016
0.829888 0.002545
0.830767 0.002673
0.833956 0.002811
0.834345 0.002732
0.835695 0.003261
0.835857 0.003489
0.836014 0.000896
0.836323 0.002096
0.836955 0.003530
0.837684 0.000521
0.838456 0.002358
0.839279 0.000889
0.840025 0.001769
0.843589 0.000647
0.844430 0.003799
0.844669 0.004037
0.845696 0.004006
0.847590 0.001843
0.848029 0.003175
0.848374 0.002119
0.849903 0.002161
0.852471 0.001642
0.853158 0.002083
0.853913 0.001859
0.854126 0.001951
0.854130 0.002125
0.856393 0.003037
0.857124 0.001453
0.857171 0.001918
0.857423 0.002082
0.857891 0.002679
0.858440 0.001434
0.859155 0.001754
0.859363 0.001381
0.861678 0.001164
0.861699 0.001824
0.861717 0.002411
0.862230 0.002552
0.862780 0.002395
0.862985 0.001992
0.863887 0.001874
0.864731 0.001937
0.865082 0.001579
0.871169 0.002865
0.872018 0.000790
0.872325 0.001294
0.873257 0.001579
0.875001 0.001492
0.875529 0.002378
0.875552 0.001377
0.876917 0.002530
0.877404 0.001101
0.877879 0.000959
0.878283 0.001614
0.878565 0.002088
0.879070 0.002076
0.881667 0.001082
0.882597 0.001589
0.884492 0.002193
0.887010 0.000418
0.888346 0.001961
0.889316 0.001747
0.889892 0.001625
0.890374 0.001575
0.891819 0.000469
0.891990 0.001591
0.892714 0.001791
0.893722 0.001749
0.895499 0.000738
0.896606 0.001652
0.898025 0.001012
0.898089 0.001739
0.898424 0.000692
0.899190 0.002391
0.899204 0.000411
0.899566 0.001924
0.899628 0.001485
0.900930 0.000512
0.900977 0.001576
0.900986 0.000773
0.904449 0.002669
0.904978 0.001073
0.909621 0.001520
0.912410 0.000399
0.912796 0.000725
0.913449 0.000049
0.913920 0.000556
0.914084 0.000763
0.914166 0.000250
0.915489 0.001730
0.915563 0.001403
0.916034 0.000970
0.916421 0.000730
0.916904 0.001558
0.916990 0.001080
0.917317 0.000798
0.919309 0.000876
0.919670 0.001122
0.920864 0.001190
0.922084 0.000865
0.922416 0.000648
0.927576 0.000940
0.929225 0.000997
0.929930 0.001688
0.930617 0.000773
0.931767 0.000461
0.933399 0.000596
0.933571 0.000450
0.934059 0.001159
0.934185 0.000806
0.935180 0.000341
0.936685 0.000236
0.937949 0.000572
0.938422 0.000588
0.938874 0.001025
0.939206 0.000670
0.939830 0.001204
0.939869 0.000946
0.940906 0.000748
0.941678 0.001115
0.941807 0.000856
0.941833 0.000915
0.943477 0.000472
0.943793 0.000383
0.943932 0.000592
0.944715 0.001079
0.946661 0.000614
0.947623 0.000918
0.948091 0.000401
0.951064 0.000553
0.951636 0.000670
0.953085 0.000923
0.955107 0.000834
0.956485 0.001244
0.956485 0.000625
0.958037 0.000357
0.958484 0.000013
0.959305 0.000587
0.959828 0.000662
0.959902 0.000465
0.960300 0.001034
0.960823 0.000902
0.961133 0.000702
0.961800 0.000359
0.962443 0.000308
0.963891 0.000595
0.964519 0.000879
0.964686 0.000069
0.964783 0.000394
0.965448 0.000488
0.967269 0.000876
0.967542 0.000086
0.968237 0.000899
0.968762 0.000695
0.968842 0.000561
0.970528 0.000430
0.971836 0.000098
0.972617 0.000578
0.973328 0.000138
0.973858 0.000639
0.974715 0.000109
0.976702 0.000000
0.977416 0.000637
0.977657 0.000360
0.978247 0.000199
0.978976 0.000775
0.980468 0.000698
0.980653 0.000292
0.981721 0.000096
0.982488 0.000233
0.983288 0.000376
0.983360 0.000282
0.985088 0.000155
0.987314 0.000441
0.987662 0.000155
0.988307 0.000535
0.988696 0.000532
0.991435 0.000192
0.992651 0.000131
0.994257 0.000005
0.996182 0.000218
0.996688 0.000130
0.996744 0.000539
0.997958 0.000269
0.998135 0.000166
0.998270 0.000379
1.000000 0.000339
