0.000000 0.009750
0.002281 0.005980
0.009236 0.037770
0.010546 0.036934
0.010887 0.102134
0.012419 0.015356
0.013854 0.030695
0.029861 0.128566
0.035368 0.028917
0.040156 0.026281
0.048604 0.077139
0.053605 0.029467
0.056144 0.080974
0.056811 0.104430
0.058020 0.000000
0.066832 0.034727
0.069525 0.110151
0.074760 0.045346
0.077223 0.022059
0.080187 0.031166
0.084163 0.029559
0.084471 0.027635
0.091442 0.009879
0.092433 0.021367
0.093054 0.004091
0.097565 0.168487
0.097630 0.020895
0.104021 0.241588
0.105886 0.011250
0.106379 0.200345
0.108706 0.029298
0.109608 0.072426
0.118944 0.152402
0.121762 0.073329
0.122023 0.115873
0.133558 0.055613
0.142182 0.026899
0.145062 0.034217
0.147711 0.079052
0.151495 0.036517
0.158199 0.017936
0.160149 0.119274
0.160984 0.012469
0.161526 0.219814
0.169697 0.017557
0.173695 0.025464
0.186233 0.025921
0.187382 0.015823
0.187993 0.022922
0.190418 0.180248
0.193602 0.058992
0.197933 0.016062
0.201981 0.054602
0.206643 0.109180
0.218937 0.022103
0.219076 0.030459
0.220483 0.195928
0.222443 0.082496
0.223704 0.035125
0.224569 0.143497
0.225634 0.039284
0.229541 0.092362
0.230893 0.028051
0.232096 0.020441
0.232518 0.025429
0.232661 0.132501
0.233207 0.028851
0.235092 0.019842
0.235760 0.018511
0.236608 0.007170
0.237434 0.021733
0.239275 0.016142
0.240647 0.022709
0.242377 0.027725
0.243023 0.027092
0.244969 0.038181
0.248992 0.258415
0.251698 0.018576
0.251880 0.115262
0.263049 0.010024
0.263132 0.022548
0.269495 0.062594
0.274342 0.062349
0.276294 0.035906
0.276797 0.109529
0.277274 0.185365
0.278724 0.035159
0.283466 0.054237
0.284108 0.030317
0.290418 0.019170
0.291692 0.081820
0.291993 0.009494
0.296308 0.166443
0.299615 0.061205
0.300013 0.012152
0.300864 0.120507
0.303118 0.036128
0.306969 0.022397
0.313224 0.398141
0.313932 0.012846
0.313975 0.024132
0.314306 0.053006
0.318991 0.104554
0.319075 0.098735
0.320885 0.025009
0.328891 0.051404
0.330544 0.043696
0.331574 0.042151
0.334089 0.012466
0.334308 0.307326
0.334494 0.034442
0.334979 0.018169
0.335236 0.081657
0.337274 0.033035
0.337808 0.036047
0.339441 0.114987
0.341536 0.054829
0.344759 0.149637
0.351572 0.089438
0.352009 0.036248
0.353471 0.061910
0.355707 0.047546
0.360472 0.058005
0.369347 0.032331
0.373283 0.044762
0.377409 0.287576
0.381754 0.042125
0.384328 0.030958
0.394612 0.028808
0.395112 0.029583
0.399109 0.111400
0.400012 0.029932
0.400069 0.027721
0.400767 0.167388
0.402730 0.042561
0.404929 0.081882
0.406085 0.011744
0.407345 0.019647
0.413175 0.058656
0.414060 0.080042
0.419663 0.046242
0.421130 0.048238
0.423388 0.056850
0.423639 0.049447
0.423837 0.222373
0.424222 0.180620
0.427065 0.127334
0.434782 0.122862
0.436004 0.036652
0.438014 0.091894
0.444237 0.052058
0.445916 0.020788
0.448174 0.041469
0.448270 0.054649
0.449547 0.063060
0.454322 0.030566
0.459455 0.113672
0.463711 0.142553
0.466150 0.069454
0.469193 0.049998
0.470554 0.068349
0.471472 0.117778
0.477022 0.033013
0.482109 0.529949
0.484427 0.053149
0.485480 0.014269
0.489091 0.054148
0.491933 0.030792
0.492539 0.023379
0.492961 1.000000
0.495444 0.056822
0.496817 0.229467
0.501905 0.299968
0.505477 0.155405
0.507101 0.183086
0.508512 0.055605
0.513119 0.215585
0.519987 0.095223
0.520544 0.067608
0.522352 0.071130
0.523745 0.112259
0.524045 0.083673
0.526716 0.142210
0.531100 0.093223
0.531981 0.080838
0.532137 0.050283
0.532337 0.389984
0.535311 0.079932
0.536834 0.089713
0.541365 0.054349
0.542273 0.142936
0.544986 0.125633
0.545131 0.015271
0.547038 0.069007
0.556987 0.182947
0.559291 0.246550
0.559499 0.080005
0.569058 0.025874
0.569563 0.034617
0.571416 0.100455
0.571532 0.113593
0.575629 0.032818
0.581840 0.037662
0.585002 0.419117
0.585442 0.068179
0.592814 0.155831
0.594489 0.101915
0.596973 0.043558
0.598081 0.037350
0.600607 0.099623
0.610694 0.082524
0.612212 0.201912
0.614908 0.066948
0.616784 0.055848
0.624461 0.021706
0.628361 0.031016
0.629185 0.092050
0.630172 0.041949
0.630366 0.293980
0.633679 0.159012
0.634094 0.212777
0.634243 0.455298
0.636326 0.139245
0.650121 0.070280
0.651086 0.036004
0.651711 0.118533
0.652778 0.112638
0.658624 0.064889
0.659501 0.082267
0.664239 0.015105
0.665772 0.426482
0.667518 0.283790
0.675124 0.373062
0.676377 0.274855
0.680683 0.156792
0.685069 0.082406
0.685591 0.068201
0.687787 0.065338
0.688958 0.629590
0.690167 0.112988
0.697124 0.055668
0.699473 0.136996
0.702886 0.053386
0.705985 0.122660
0.706479 0.188263
0.707277 0.096668
0.713392 0.061404
0.714036 0.287347
0.714650 0.108033
0.716903 0.216222
0.718689 0.029621
0.718719 0.130038
0.719089 0.293210
0.719115 0.142173
0.724288 0.073318
0.726276 0.249831
0.735630 0.266353
0.736588 0.345732
0.740654 0.240898
0.740815 0.112585
0.741382 0.044174
0.742341 0.081629
0.742779 0.089830
0.744646 0.072170
0.744902 0.235388
0.749012 0.367504
0.751452 0.421471
0.755804 0.075022
0.755821 0.237163
0.773510 0.049446
0.777502 0.066671
0.779173 0.149034
0.780193 0.269450
0.783399 0.375208
0.791469 0.189202
0.791569 0.059045
0.798552 0.164769
0.801231 0.174100
0.805029 0.050542
0.806710 0.105801
0.809333 0.156835
0.814580 0.274655
0.814861 0.114751
0.816831 0.114213
0.826825 0.234392
0.831591 0.054585
0.841314 0.084261
0.842161 0.266472
0.845263 0.232791
0.849036 0.258608
0.862511 0.485065
0.863231 0.022764
0.871659 0.169463
0.872910 0.094610
0.881145 0.177146
0.886641 0.174851
0.888923 0.154196
0.897583 0.133136
0.898606 0.183895
0.905372 0.053530
0.905459 0.128699
0.913778 0.323061
0.915689 0.107855
0.916015 0.116846
0.916518 0.074291
0.918653 0.143621
0.920846 0.233958
0.921252 0.073637
0.925927 0.149545
0.925954 0.398011
0.928750 0.051089
0.929178 0.221204
0.929635 0.154055
0.932327 0.114803
0.934178 0.196715
0.935267 0.063529
0.937464 0.093059
0.948011 0.093473
0.950135 0.181782
0.951413 0.171865
0.951912 0.119213
0.952607 0.401961
0.957641 0.181243
0.961586 0.148789
0.965474 0.153233
0.966073 0.150770
0.969453 0.221561
0.977018 0.174025
0.983617 0.344821
0.983872 0.179281
0.986889 0.090367
0.990979 0.040342
0.994228 0.149382
0.995996 0.177205
0.998326 0.077998
0.999234 0.084923
1.000000 0.130301
