0.000000 0.064668
0.001826 0.161826
0.010682 0.317167
0.011947 0.194365
0.015874 0.350124
0.015888 0.046607
0.018444 0.210927
0.018580 0.081942
0.022663 0.351265
0.023496 0.054717
0.024220 0.183994
0.032626 0.064417
0.045813 0.059906
0.046658 0.396530
0.047703 0.067391
0.051737 0.392049
0.052826 0.110827
0.052967 0.272322
0.056818 0.081234
0.059396 0.095043
0.061582 0.000000
0.070544 0.126098
0.075272 0.016490
0.077445 0.250434
0.077680 0.035288
0.090455 0.104573
0.091536 0.016636
0.092332 0.231877
0.093910 0.472825
0.096655 0.208743
0.102062 0.186634
0.105029 0.100014
0.106762 0.422821
0.115535 0.363718
0.116230 0.088832
0.117045 0.231127
0.118578 0.220417
0.123628 0.116890
0.124454 0.112239
0.125078 0.410069
0.128108 0.285507
0.129242 0.051940
0.133705 0.096581
0.143601 0.172298
0.146847 0.050364
0.148663 0.158675
0.148799 0.747141
0.150495 0.363107
0.157484 0.205341
0.161041 0.243692
0.164134 0.423808
0.165827 0.194366
0.166409 0.064580
0.173624 0.270439
0.174598 0.381551
0.177642 0.438229
0.178506 0.164525
0.178687 0.290541
0.181781 0.663946
0.183198 0.260329
0.185849 0.311130
0.186663 0.114022
0.188203 0.472913
0.193281 0.591670
0.193377 0.270531
0.194762 0.607511
0.195495 0.190832
0.203012 0.317360
0.214935 0.145306
0.219394 0.263151
0.223067 0.289190
0.223801 0.388699
0.224384 0.457727
0.229699 0.305509
0.229865 0.158723
0.231738 0.252219
0.236292 0.182368
0.239852 0.287457
0.241063 0.572906
0.241095 0.233283
0.250682 0.386675
0.255688 0.526641
0.256509 0.419107
0.257936 0.577206
0.262240 0.205682
0.263901 0.122227
0.266100 0.151943
0.284319 0.277967
0.285899 0.397064
0.286409 0.118492
0.286869 0.218985
0.289530 0.213194
0.290277 0.439415
0.295489 0.185382
0.296042 0.318470
0.301142 0.346778
0.306500 0.227538
0.306742 0.356959
0.307613 0.221600
0.309740 0.235334
0.314857 0.252769
0.314929 0.253343
0.316094 0.131959
0.325468 0.447645
0.328124 0.409319
0.329293 0.587220
0.331757 0.420547
0.338373 0.416028
0.341460 0.799252
0.344364 0.190154
0.346354 0.184983
0.355346 0.258609
0.358637 0.385550
0.360335 0.394094
0.363313 0.116524
0.363529 0.164458
0.368241 0.540426
0.369034 0.518646
0.373522 0.337043
0.375223 0.279349
0.379743 0.319198
0.379768 0.277928
0.380659 0.730101
0.383812 0.235691
0.384501 0.160161
0.388998 0.292161
0.389074 0.398578
0.389411 0.232324
0.393178 0.196816
0.395782 0.605027
0.396726 0.236253
0.402616 0.212746
0.404214 0.213471
0.412102 0.400351
0.415449 0.098622
0.418005 0.299875
0.419627 0.248426
0.419954 0.265710
0.419956 0.429098
0.420631 0.711502
0.425455 0.365151
0.430085 0.427013
0.430820 0.413226
0.433583 0.300280
0.434690 0.422360
0.435375 0.333301
0.440291 0.371642
0.441073 0.336475
0.445044 0.566743
0.445673 0.347874
0.453913 0.574406
0.462300 0.595043
0.465375 0.364061
0.465731 0.397080
0.467904 0.607360
0.481473 0.535013
0.486016 0.169125
0.494168 0.387253
0.495055 0.255118
0.497646 0.585262
0.499055 0.234595
0.501062 0.573121
0.505058 0.342096
0.505768 0.259140
0.518233 0.548708
0.519234 0.314054
0.523948 0.309058
0.528241 0.330929
0.529253 0.414428
0.529398 0.223920
0.531462 0.566023
0.537973 0.496855
0.538093 0.505970
0.558233 0.366421
0.561841 0.472010
0.563859 0.239668
0.568071 0.459311
0.568436 0.312709
0.573164 0.477265
0.574948 0.336900
0.581452 0.329501
0.582474 0.355687
0.584418 0.510734
0.591233 0.936372
0.593049 0.479687
0.608312 0.586395
0.608510 0.303322
0.608898 0.256646
0.614885 0.653170
0.616002 0.429778
0.617537 0.443275
0.627040 0.421024
0.629395 0.303727
0.630443 0.436179
0.632635 0.379843
0.633730 0.492859
0.633797 0.312471
0.633838 0.456967
0.645439 0.374400
0.649578 0.375786
0.655450 0.736454
0.656048 0.553439
0.656489 0.505318
0.662595 0.634411
0.665442 0.613417
0.665614 0.313462
0.671251 0.430524
0.677941 0.248798
0.683299 0.375746
0.686324 0.805281
0.694338 0.649519
0.710248 0.516210
0.716759 0.727084
0.717613 0.458320
0.718050 0.487001
0.722581 0.422176
0.726016 0.485217
0.726121 0.592236
0.726455 0.426321
0.731037 0.514495
0.731341 0.666698
0.732993 0.798970
0.737662 0.591272
0.738160 0.470492
0.740442 0.426401
0.741017 0.793567
0.747075 0.593513
0.750795 0.428327
0.751200 0.356578
0.751400 0.563402
0.751950 0.470152
0.756957 0.507392
0.761905 0.568536
0.763654 0.343906
0.764998 0.430705
0.765084 0.463848
0.769283 0.493433
0.788984 0.412168
0.791075 0.639819
0.793580 0.479308
0.794394 0.577784
0.795481 0.592372
0.804699 0.555885
0.805677 0.639895
0.813643 0.540607
0.825696 0.520525
0.827306 0.377414
0.828067 0.402595
0.829011 0.619961
0.833381 0.328143
0.839391 0.562402
0.841384 0.379799
0.844375 0.501042
0.847973 0.418346
0.849621 0.438081
0.851993 0.673953
0.853969 0.586297
0.854293 0.638032
0.855560 0.521058
0.862356 0.481691
0.872315 0.437566
0.876016 0.606895
0.878293 1.000000
0.882789 0.529511
0.886738 0.502538
0.891226 0.516262
0.901966 0.683987
0.903003 0.613268
0.904031 0.540360
0.904451 0.496805
0.908522 0.573203
0.909603 0.477184
0.911846 0.478706
0.911852 0.577277
0.913386 0.529127
0.915609 0.840198
0.921069 0.506799
0.923273 0.534026
0.923406 0.588068
0.929866 0.660120
0.936272 0.585747
0.936580 0.618613
0.941051 0.400783
0.942866 0.591554
0.944507 0.741519
0.946528 0.402558
0.946560 0.626931
0.949166 0.499113
0.951740 0.510165
0.955721 0.663180
0.956037 0.813782
0.956407 0.702269
0.957870 0.584705
0.958300 0.559611
0.960703 0.847113
0.961940 0.580176
0.963288 0.561568
0.967006 0.682543
0.969304 0.575253
0.969564 0.550692
0.983755 0.618893
0.986153 0.724318
0.986259 0.565205
0.986952 0.632842
0.991564 0.665132
1.000000 0.411962
