0.000000 0.069210
0.000424 0.175466
0.000960 0.193736
0.001747 0.142008
0.001921 0.283921
0.002780 0.179444
0.003197 0.094138
0.003636 0.106178
0.004827 0.091552
0.005660 0.098615
0.006707 0.136753
0.007959 0.072968
0.007983 0.366915
0.009218 0.155358
0.009642 0.181928
0.009750 0.227514
0.014488 0.175055
0.014948 0.141490
0.014977 0.009953
0.015574 0.206814
0.015599 0.350426
0.016658 0.319402
0.017109 0.148889
0.017976 0.017550
0.018507 0.080272
0.019332 0.094558
0.019622 0.201126
0.020156 0.420021
0.020701 0.043849
0.021404 0.062329
0.021621 0.171709
0.023010 0.171953
0.023071 0.100456
0.024889 0.238609
0.026386 0.093342
0.027084 0.186353
0.027488 0.174205
0.028938 0.098241
0.031188 0.050848
0.031405 0.089010
0.033572 0.029115
0.034302 0.147906
0.034727 0.256979
0.036747 0.193605
0.037364 0.637532
0.037586 0.181543
0.038480 0.079951
0.038739 0.027401
0.038766 0.184631
0.039275 0.218670
0.040689 0.088747
0.040704 0.095067
0.043020 0.189419
0.045083 0.029287
0.045210 0.372335
0.046113 0.108258
0.046766 0.066536
0.047799 0.239225
0.048448 0.205779
0.051456 0.100664
0.053651 0.543487
0.054383 0.047723
0.054429 0.139453
0.055484 0.094269
0.059696 0.135936
0.060496 0.257471
0.060925 0.296137
0.061422 0.115763
0.062391 0.115916
0.062596 0.291968
0.062896 0.258376
0.064776 0.210743
0.068161 0.115741
0.068288 0.294744
0.069229 0.004114
0.069630 0.253165
0.071007 0.443035
0.072495 0.000000
0.072511 0.543317
0.072801 0.121543
0.073033 0.016097
0.075119 0.000688
0.075438 0.316740
0.075521 0.414783
0.076658 0.314842
0.080093 0.176131
0.080131 0.105670
0.080663 0.149985
0.081342 0.188126
0.081369 0.123593
0.082523 0.091816
0.082874 0.159191
0.084237 0.036426
0.087740 0.104049
0.088734 0.117228
0.091484 0.167025
0.091677 0.313971
0.091987 0.139024
0.093265 0.226109
0.093553 0.133778
0.094381 0.295034
0.096818 0.316128
0.097119 0.216258
0.097679 0.230944
0.097958 0.068926
0.098653 0.311688
0.098925 0.017826
0.100206 0.227963
0.100314 0.194709
0.100548 0.307673
0.104341 0.141016
0.104999 0.079020
0.106414 0.060467
0.106919 0.191061
0.107357 0.165268
0.109354 0.135463
0.110313 0.218344
0.110948 0.230808
0.111936 0.400203
0.113305 0.402321
0.114823 0.117417
0.115108 0.114020
0.116218 0.174537
0.117022 0.131747
0.120157 0.194812
0.121627 0.157350
0.122425 0.339181
0.122644 0.241365
0.124495 0.218041
0.129065 0.272655
0.129232 0.142410
0.129691 0.269830
0.130295 0.152076
0.131608 0.106609
0.133989 0.136171
0.134009 0.131259
0.134391 0.215475
0.139080 0.178041
0.141572 0.128167
0.141791 0.438044
0.141899 0.100338
0.145423 0.217455
0.145484 0.156817
0.146960 0.228054
0.147316 0.234256
0.148276 0.296558
0.148302 0.427580
0.149113 0.201375
0.149962 0.128284
0.150722 0.067275
0.151026 0.214932
0.151131 0.166387
0.154169 0.057055
0.154868 0.180406
0.157868 0.183840
0.158286 0.292540
0.158317 0.155200
0.158517 0.260841
0.160411 0.203524
0.162432 0.314430
0.163731 0.241658
0.165278 0.747906
0.165543 0.205666
0.166139 0.359133
0.168822 0.273422
0.169169 0.193849
0.170440 0.171210
0.170722 0.143004
0.170834 0.318180
0.172885 0.394523
0.174100 0.139455
0.175645 0.128143
0.178292 0.213321
0.179782 0.292660
0.181293 0.237912
0.181302 0.294156
0.182375 0.199438
0.182740 0.168771
0.183092 0.123413
0.184311 0.309544
0.187352 0.086919
0.188586 0.280617
0.189516 0.174586
0.191736 0.170598
0.192354 0.117033
0.193108 0.114984
0.194341 0.229928
0.194972 0.220545
0.195706 0.684115
0.196150 0.322716
0.196375 0.471567
0.198116 0.183969
0.198631 0.356017
0.199083 0.275049
0.201779 0.208613
0.203191 0.349078
0.204732 0.276534
0.205674 0.376701
0.210514 0.272624
0.213016 0.402664
0.213444 0.544895
0.214760 0.389079
0.217858 0.412125
0.220295 0.183378
0.224901 0.374134
0.225193 0.214934
0.227344 0.245066
0.227387 0.293220
0.228630 0.158394
0.229067 0.219976
0.229291 0.213005
0.230077 0.308016
0.230181 0.313538
0.231565 0.343111
0.232257 0.196308
0.232523 0.230589
0.232708 0.268986
0.232832 0.152005
0.235752 0.280869
0.236311 0.179215
0.238535 0.127679
0.240654 0.453619
0.242400 0.313983
0.243461 0.148621
0.243912 0.310417
0.244281 0.306745
0.245146 0.181438
0.248227 0.205304
0.250545 0.166051
0.253698 0.288254
0.254998 0.214460
0.255234 0.261223
0.256011 0.501957
0.256797 0.258835
0.257006 0.171210
0.260512 0.187209
0.261489 0.205782
0.262207 0.194720
0.263097 0.181503
0.263102 0.140441
0.266829 0.258087
0.268470 0.228523
0.269417 0.367757
0.270003 0.283902
0.271047 0.193775
0.274372 0.280283
0.274862 0.475617
0.278119 0.440818
0.279360 0.273861
0.279367 0.236128
0.282853 0.191664
0.283500 0.283452
0.283518 0.258998
0.283685 0.184837
0.283850 0.213152
0.286498 0.313496
0.286528 0.228892
0.286877 0.226187
0.288699 0.405831
0.289608 0.518558
0.289916 0.083294
0.290063 0.312341
0.291234 0.381637
0.291717 0.193614
0.293468 0.233707
0.293598 0.214469
0.295818 0.368013
0.298177 0.252983
0.298876 0.375729
0.300383 0.356243
0.300664 0.339791
0.301174 0.258644
0.301712 0.222636
0.304374 0.178247
0.304410 0.383184
0.305160 0.405236
0.305884 0.311363
0.306507 0.188200
0.307035 0.344994
0.307648 0.199072
0.308744 0.146759
0.309856 0.581737
0.310292 0.299184
0.310319 0.326593
0.310923 0.324306
0.311601 0.447393
0.313495 0.238280
0.316359 0.223102
0.317227 0.540663
0.317583 0.257575
0.318369 0.260563
0.318369 0.364056
0.318600 0.409653
0.319534 0.655262
0.319659 0.212849
0.320694 0.184441
0.321005 0.203567
0.321711 0.315034
0.323937 0.259676
0.325436 0.394910
0.325815 0.235891
0.326090 0.489113
0.326899 0.434466
0.327674 0.638545
0.327704 0.459256
0.328338 0.326100
0.328698 0.411992
0.331654 0.334732
0.332168 0.500731
0.332518 0.253235
0.333805 0.342438
0.334641 0.391282
0.335370 0.613326
0.337380 0.631816
0.338500 0.355994
0.338984 0.359432
0.339010 0.313273
0.339942 0.399266
0.340961 0.232286
0.341934 0.198925
0.344519 0.516647
0.344632 0.761258
0.344888 0.168956
0.345490 0.204959
0.345652 0.383664
0.346582 0.523142
0.346827 0.417981
0.347270 0.249126
0.348382 0.448542
0.349672 0.242013
0.351569 0.312095
0.353093 0.514723
0.353308 0.155825
0.354628 0.177359
0.355874 0.567455
0.356542 0.305081
0.359332 0.600636
0.360427 0.315800
0.362891 0.231713
0.364684 0.433998
0.366827 0.581100
0.367046 0.444568
0.372113 0.110354
0.372621 0.513288
0.374217 0.396136
0.374239 0.572125
0.374550 0.254540
0.375571 0.268756
0.376212 0.318638
0.376657 0.317518
0.378698 0.422361
0.379628 0.342339
0.381036 0.490553
0.383347 0.367614
0.384366 0.320761
0.388828 0.408042
0.389787 0.479710
0.390061 0.267376
0.390443 0.352871
0.390627 0.361178
0.395593 0.321601
0.395818 0.436209
0.396032 0.387655
0.396225 0.246412
0.396232 0.356278
0.396390 0.456479
0.398226 0.513850
0.399102 0.339187
0.399401 0.329902
0.399803 0.414719
0.402227 0.420737
0.402313 0.456868
0.403245 0.377421
0.403602 0.613971
0.404926 0.238164
0.405727 0.195289
0.407746 0.480083
0.407924 0.454539
0.408747 0.263509
0.410320 0.614446
0.410700 0.293873
0.414033 0.387046
0.414389 0.330645
0.415271 0.247445
0.418265 0.520516
0.419278 0.320590
0.419644 0.462029
0.421448 0.338907
0.422340 0.351863
0.423516 0.405092
0.425950 0.370187
0.428714 0.300593
0.430348 0.433524
0.430657 0.276128
0.431828 0.460555
0.432941 0.442318
0.434742 0.434430
0.435834 0.309921
0.436591 0.418676
0.436849 0.348220
0.437711 0.277497
0.439611 0.337255
0.440921 0.318141
0.442816 0.314367
0.442995 0.264979
0.444866 0.361001
0.446097 0.280967
0.446256 0.611067
0.447678 0.425486
0.448311 0.464761
0.450682 0.698447
0.452748 0.316867
0.453831 0.508160
0.454114 0.603580
0.454833 0.555056
0.455291 0.491192
0.456455 0.323563
0.457085 0.302341
0.459057 0.488025
0.459613 0.564327
0.460621 0.443346
0.461113 0.176071
0.461771 0.444086
0.462524 0.318637
0.462890 0.564522
0.464596 0.513816
0.464798 0.565588
0.465218 0.473639
0.469118 0.481530
0.469498 0.456254
0.472391 0.397832
0.472922 0.483373
0.473005 0.245959
0.473690 0.386777
0.475831 0.441314
0.476356 0.427721
0.476606 0.334754
0.479568 0.423700
0.479646 0.440694
0.480124 0.281506
0.480967 0.629657
0.481373 0.422071
0.481492 0.323504
0.482833 0.447874
0.484171 0.331074
0.484229 0.403840
0.484809 0.299803
0.486769 0.310049
0.487044 0.452995
0.487464 0.407453
0.487659 0.370158
0.488771 0.604852
0.488922 0.398464
0.488942 0.470653
0.492836 0.730657
0.494823 0.396141
0.495779 0.702173
0.497276 0.366936
0.497800 0.358435
0.499607 0.477008
0.501183 0.493166
0.502758 0.539206
0.503894 0.594018
0.504013 0.658554
0.507799 0.419073
0.507884 0.575158
0.510650 0.456222
0.512211 0.476662
0.513862 0.451467
0.514713 0.488454
0.515647 0.475225
0.516699 0.453200
0.517061 0.552687
0.517677 0.507586
0.520215 0.445572
0.520410 0.470785
0.522767 0.425575
0.526293 0.515616
0.528243 0.353629
0.529323 0.534986
0.529660 0.381473
0.530554 0.491326
0.533493 0.490013
0.535300 0.576715
0.536391 0.375188
0.538426 0.626600
0.539990 0.594341
0.540250 0.598076
0.540538 0.409773
0.541149 0.454784
0.541424 0.524621
0.542122 0.564114
0.544610 0.447676
0.544758 0.318207
0.545249 0.540853
0.546619 0.524617
0.546634 0.424619
0.547197 0.731268
0.548944 0.564720
0.549069 0.535293
0.551131 0.522642
0.551671 0.681138
0.553247 0.305016
0.553404 0.609071
0.553434 0.468915
0.553449 0.587644
0.555455 0.372679
0.555687 0.519937
0.556962 0.446887
0.558439 0.612968
0.562496 0.651539
0.563344 0.512588
0.563388 0.649028
0.563509 0.448776
0.563859 0.631495
0.564168 0.593093
0.564827 0.675830
0.565333 0.332537
0.565563 0.513120
0.565638 0.485586
0.567064 0.338078
0.567753 0.475254
0.568058 0.560299
0.569138 0.610619
0.569195 0.510330
0.569483 0.545770
0.569529 0.600440
0.570663 0.672196
0.571106 0.505140
0.571309 0.430795
0.572976 0.507010
0.573224 0.503601
0.573294 0.306271
0.576233 0.435620
0.576468 0.612108
0.579149 0.440843
0.580145 0.519143
0.583083 0.566922
0.584546 0.380268
0.584586 0.592002
0.584712 0.438094
0.586284 0.387395
0.586519 0.350931
0.586570 0.580365
0.587247 0.437279
0.588687 0.587224
0.589502 0.600532
0.590129 0.570186
0.597066 0.507575
0.598346 0.424694
0.600610 0.381223
0.602597 0.364382
0.607019 0.628541
0.607464 0.703379
0.608460 0.348784
0.608840 0.403002
0.610898 0.595230
0.613007 0.531176
0.617098 0.683128
0.617673 0.451284
0.617985 0.519691
0.618440 0.734825
0.619007 0.486948
0.619128 0.483785
0.619248 0.729405
0.620042 0.620297
0.626646 0.453896
0.626926 0.559306
0.627005 0.535567
0.627176 0.428562
0.628189 0.544982
0.629240 0.604961
0.629362 0.570381
0.629469 0.707332
0.630233 0.630086
0.631114 0.534683
0.632255 0.471677
0.632545 0.432894
0.633220 0.549342
0.633240 0.599939
0.637733 0.579751
0.638904 0.355014
0.639002 0.612203
0.639907 0.460995
0.642184 0.528233
0.642394 0.382261
0.642958 0.440510
0.644944 0.626929
0.645650 0.757671
0.645821 0.465439
0.647728 0.606100
0.648007 0.501899
0.651679 0.397669
0.652466 0.491161
0.652688 0.587700
0.652984 0.505106
0.653171 0.493201
0.653428 0.721861
0.653773 0.643573
0.654751 0.732016
0.655713 0.532334
0.656075 0.654682
0.662369 0.707918
0.663152 0.670288
0.665169 0.676255
0.667109 0.593122
0.667793 0.607081
0.668360 0.415860
0.668536 0.711499
0.669222 0.551551
0.671676 0.603785
0.674210 0.582013
0.675382 0.496027
0.675626 0.598624
0.676475 0.579478
0.679260 0.317284
0.680080 0.732863
0.681143 0.438569
0.683459 0.681015
0.685786 0.494947
0.686030 0.704743
0.686499 0.580427
0.687571 0.925027
0.689042 0.399573
0.689089 0.431596
0.689312 0.488639
0.689449 0.547730
0.689453 0.602334
0.690206 0.715620
0.692503 0.586263
0.695165 0.576436
0.696334 0.734996
0.696628 0.636986
0.696651 0.599426
0.698625 0.735374
0.699092 0.480849
0.701042 0.667559
0.702462 0.604642
0.705055 0.534445
0.709396 0.553024
0.710009 0.479646
0.711886 0.908491
0.712022 0.540402
0.715726 0.601827
0.718124 0.591908
0.719338 0.534846
0.720883 0.622565
0.720975 0.581161
0.721136 0.600443
0.722229 0.591661
0.722514 0.709233
0.722915 0.614830
0.722997 0.606178
0.723394 0.644507
0.726166 0.516332
0.727313 0.572863
0.727378 0.688099
0.727907 0.609722
0.734774 0.669973
0.738656 0.571798
0.739858 0.630555
0.740847 0.721348
0.742477 0.536399
0.742551 0.505805
0.743454 0.536849
0.744947 0.531780
0.745267 0.683169
0.745277 0.465524
0.746253 0.677536
0.747073 0.930544
0.752786 0.652135
0.753112 0.551346
0.758495 0.745216
0.761455 0.794531
0.766062 0.614951
0.767791 0.552805
0.768845 0.458600
0.769022 0.775108
0.772223 0.718013
0.772943 0.514502
0.772995 0.598655
0.775523 0.671393
0.775569 0.569486
0.776445 0.706188
0.776503 0.622177
0.777716 0.764379
0.781540 0.841571
0.782658 0.610377
0.783591 0.585507
0.786837 0.688809
0.787391 0.526164
0.788859 0.754727
0.788885 0.705917
0.788919 0.585917
0.790011 0.633231
0.791614 0.663843
0.795141 0.660323
0.795273 0.654066
0.796034 0.664187
0.796117 0.645365
0.796157 0.630273
0.796315 0.544474
0.797167 0.887127
0.798036 0.812997
0.798169 0.733461
0.798879 0.821747
0.800965 0.584763
0.801176 0.638322
0.801494 0.785693
0.801962 0.527678
0.802514 0.756894
0.802814 0.726058
0.803515 0.649249
0.803950 0.667203
0.805820 0.632007
0.806149 0.884419
0.807712 0.740639
0.810121 1.000000
0.811019 0.632472
0.812844 0.657982
0.815168 0.898939
0.815353 0.775071
0.815683 0.696850
0.817421 0.672054
0.817584 0.666516
0.818178 0.642079
0.819709 0.565548
0.820143 0.773046
0.820727 0.669345
0.822561 0.682467
0.824705 0.630827
0.825473 0.713088
0.826611 0.760451
0.827745 0.565085
0.828610 0.704477
0.829780 0.771926
0.829836 0.618298
0.829865 0.670172
0.830086 0.492314
0.833034 0.835922
0.834200 0.763577
0.834336 0.695023
0.837676 0.859536
0.838069 0.715087
0.838222 0.701369
0.841541 0.679769
0.841593 0.628075
0.842835 0.628631
0.843637 0.697045
0.847586 0.654093
0.847788 0.783514
0.847814 0.685075
0.848833 0.812811
0.849891 0.908964
0.852091 0.740806
0.852629 0.736388
0.853304 0.606363
0.855894 0.592187
0.856619 0.973865
0.856752 0.787275
0.857447 0.635713
0.859971 0.534947
0.861319 0.923431
0.861708 0.709103
0.863268 0.792544
0.864162 0.647888
0.865415 0.731612
0.865821 0.670285
0.869005 0.674425
0.870935 0.722552
0.872690 0.709232
0.873119 0.812452
0.873199 0.572834
0.874698 0.731945
0.874713 0.715240
0.875631 0.708875
0.878310 0.801470
0.879959 0.657566
0.883558 0.634164
0.886380 0.825805
0.886504 0.633174
0.888016 0.658471
0.891155 0.873340
0.891535 0.743750
0.893511 0.706624
0.895303 0.724366
0.895380 0.777805
0.895729 0.726443
0.896629 0.838094
0.901271 0.701961
0.903549 0.758859
0.904150 0.777656
0.906714 0.791371
0.907046 0.622915
0.907473 0.681809
0.911594 0.811265
0.912030 0.801341
0.912437 0.811494
0.913850 0.702190
0.914021 0.770167
0.914335 0.955463
0.915663 0.789157
0.924461 0.803859
0.925156 0.596926
0.929058 0.695199
0.929788 0.845451
0.929909 0.736951
0.929925 0.776416
0.930161 0.893914
0.930408 0.759570
0.930564 0.971710
0.930650 0.800494
0.931119 0.754043
0.931688 0.633308
0.932578 0.760816
0.932913 0.837182
0.934226 0.729820
0.935336 0.728344
0.935897 0.854655
0.936062 0.872106
0.936455 0.746232
0.937297 0.853347
0.940553 0.748320
0.941514 0.671455
0.941667 0.833234
0.942028 0.704458
0.942167 0.836855
0.945401 0.750052
0.945622 0.600904
0.946149 0.777396
0.946451 0.634027
0.946986 0.788141
0.948500 0.811975
0.949483 0.672521
0.955033 0.690990
0.955864 0.869245
0.956620 0.877747
0.961341 0.751451
0.961826 0.811818
0.961866 0.759375
0.962633 0.793381
0.964199 0.797381
0.969780 0.826072
0.971793 0.701592
0.972427 0.760152
0.972492 0.818941
0.972660 0.728714
0.973089 0.827588
0.973992 0.691049
0.974157 0.786252
0.975618 0.861424
0.975687 0.785330
0.976249 0.923401
0.977473 0.834316
0.977543 0.871635
0.977963 0.849850
0.978045 0.856318
0.980850 0.804791
0.980918 0.794330
0.982399 0.761377
0.982425 0.852984
0.987632 0.781892
0.988392 0.927631
0.989441 0.953137
0.990185 0.774523
0.990389 0.750114
0.991441 0.825396
0.991529 0.886878
0.991692 0.808618
0.992253 0.857701
0.993048 0.769838
0.994880 0.809492
0.994895 0.765998
0.995972 0.770724
0.996374 0.928543
0.996755 0.852052
1.000000 0.815542
