0.000000 0.000000
0.039975 0.411642
0.041396 0.210178
0.046707 0.046873
0.082604 0.429682
0.083618 0.473258
0.110332 0.487865
0.131936 0.457598
0.151402 0.406499
0.172251 0.137872
0.180086 0.265224
0.180831 0.241771
0.186394 0.394332
0.187042 0.316957
0.203309 0.197515
0.205721 0.215536
0.214672 0.211998
0.215722 0.477767
0.218745 0.456929
0.221878 0.670210
0.222439 0.565916
0.222572 0.559563
0.227436 0.273416
0.229981 0.619554
0.231342 0.274010
0.237986 0.559186
0.243327 0.352079
0.243330 0.404187
0.244908 0.382937
0.245457 0.289501
0.247541 0.433929
0.250920 0.584136
0.251692 0.305320
0.253608 0.221753
0.254099 0.291771
0.256310 0.464062
0.256771 0.692967
0.271344 0.652541
0.276058 0.675319
0.276895 0.715951
0.277263 0.360075
0.277438 0.258911
0.278322 0.324145
0.279072 0.706564
0.281784 0.480038
0.282512 0.663848
0.282773 0.415630
0.283220 0.645787
0.286044 0.479729
0.286790 0.643042
0.292376 0.356730
0.292752 0.349590
0.295369 0.628718
0.297548 0.557455
0.300511 0.288571
0.302093 0.472209
0.304754 0.607111
0.311395 0.309730
0.313034 0.296747
0.314440 0.713332
0.314482 0.275289
0.314830 0.620135
0.315149 0.370516
0.315331 0.667650
0.317149 0.362888
0.317668 0.530495
0.319398 0.397405
0.320155 0.433296
0.322082 0.578685
0.323151 0.383289
0.323240 0.637124
0.326030 0.415638
0.326500 0.315200
0.328397 0.677925
0.329396 0.452532
0.329519 0.726496
0.330953 0.743225
0.334026 0.321345
0.336583 0.319390
0.339367 0.500292
0.341395 0.688091
0.341888 0.396015
0.342532 0.690354
0.343160 0.531362
0.343284 0.421320
0.343886 0.481508
0.345172 0.652891
0.345793 0.683324
0.347771 0.326706
0.348187 0.649495
0.357190 0.613237
0.359742 0.631846
0.360494 0.634600
0.362029 0.421232
0.363804 0.344066
0.365845 0.738346
0.366998 0.723853
0.367106 0.655928
0.367601 0.420774
0.367642 0.733965
0.368816 0.447991
0.369645 0.508648
0.370252 0.496019
0.370469 0.478074
0.371313 0.552386
0.371377 0.337196
0.372855 0.422059
0.374555 0.359294
0.374985 0.728384
0.375961 0.502057
0.375965 0.778950
0.378287 0.743115
0.378413 0.509525
0.379532 0.532372
0.380745 0.370567
0.381332 0.584625
0.382447 0.767205
0.383254 0.800423
0.383542 0.321588
0.385572 0.745837
0.385578 0.369885
0.385912 0.484805
0.387070 0.503714
0.387232 0.701724
0.394324 0.430976
0.395457 0.722024
0.397985 0.472576
0.398563 0.734556
0.399955 0.803339
0.400512 0.747813
0.401217 0.530360
0.402385 0.423193
0.403655 0.499254
0.405364 0.469214
0.406662 0.705929
0.407737 0.465032
0.408183 0.602499
0.408352 0.440340
0.408965 0.486957
0.409052 0.332411
0.409498 0.550973
0.409539 0.812376
0.409991 0.735849
0.410311 0.511181
0.410328 0.499469
0.414754 0.490946
0.415493 0.440167
0.415511 0.665253
0.416513 0.435968
0.419663 0.452519
0.420424 0.793591
0.422140 0.727673
0.424814 0.813830
0.425351 0.427997
0.426340 0.462744
0.426590 0.667534
0.427506 0.726986
0.427782 0.399942
0.428197 0.790455
0.429420 0.590340
0.430297 0.519892
0.430630 0.649282
0.430677 0.400981
0.430911 0.587611
0.432584 0.439653
0.433005 0.398021
0.433806 0.727866
0.435029 0.530225
0.435092 0.358684
0.435396 0.392892
0.435523 0.362907
0.436625 0.347599
0.438355 0.690278
0.438647 0.392820
0.438650 0.406072
0.439086 0.821369
0.439765 0.595150
0.440660 0.675940
0.442832 0.572640
0.442876 0.595568
0.443170 0.465314
0.443603 0.459445
0.447089 0.822389
0.447204 0.529173
0.447369 0.738159
0.447771 0.672528
0.448083 0.677932
0.450019 0.448934
0.450466 0.753399
0.450525 0.770064
0.451027 0.544885
0.452083 0.548159
0.452502 0.792954
0.455823 0.582178
0.455988 0.793472
0.457847 0.599636
0.458429 0.424644
0.459033 0.520728
0.459244 0.635767
0.459346 0.717044
0.459491 0.632283
0.460761 0.501836
0.461730 0.668498
0.462634 0.360280
0.465118 0.435470
0.465282 0.794010
0.465449 0.488766
0.467880 0.607016
0.467907 0.765469
0.468731 0.714655
0.470916 0.446123
0.472073 0.372787
0.472809 0.498123
0.475996 0.785221
0.477072 0.846191
0.477689 0.439417
0.478737 0.778448
0.479951 0.397332
0.480776 0.538338
0.480921 0.372992
0.482088 0.717575
0.482392 0.460379
0.482460 0.590304
0.486303 0.647897
0.486346 0.651789
0.487551 0.530706
0.487585 0.843325
0.489989 0.677472
0.490745 0.545620
0.491110 0.788841
0.491337 0.562525
0.491432 0.466024
0.494602 0.419300
0.495737 0.861055
0.496086 0.710795
0.497691 0.821642
0.498124 0.646062
0.498688 0.762389
0.499387 0.452567
0.502030 0.390917
0.502767 0.843724
0.503929 0.400961
0.504745 0.841086
0.507171 0.546657
0.508368 0.406694
0.509117 0.789623
0.510169 0.648976
0.510525 0.830408
0.511662 0.583817
0.512120 0.719872
0.512857 0.527350
0.514073 0.684005
0.515378 0.678473
0.515626 0.676668
0.515720 0.802414
0.516744 0.632799
0.516915 0.540937
0.517221 0.794212
0.517820 0.480858
0.519506 0.748909
0.521681 0.687595
0.523739 0.505185
0.525483 0.403817
0.525541 0.607716
0.527370 0.584754
0.529582 0.752204
0.530511 0.852185
0.530703 0.614548
0.534150 0.689418
0.535083 0.407860
0.535318 0.623310
0.535834 0.759916
0.535996 0.596414
0.538747 0.869011
0.539905 0.609978
0.540210 0.818249
0.540773 0.711109
0.540852 0.482820
0.541167 0.769759
0.541913 0.412891
0.544212 0.773361
0.544556 0.608063
0.546469 0.424754
0.548290 0.799850
0.549157 0.844181
0.549223 0.559727
0.549270 0.857301
0.551196 0.596610
0.551868 0.528764
0.552554 0.828325
0.552593 0.718028
0.553495 0.801196
0.559473 0.721545
0.559491 0.717269
0.560200 0.691006
0.560234 0.693489
0.561286 0.706125
0.562547 0.799401
0.563496 0.790991
0.563971 0.749032
0.564584 0.474543
0.564676 0.801034
0.564880 0.609125
0.564910 0.407424
0.565494 0.498987
0.565975 0.500947
0.568789 0.574161
0.569094 0.741985
0.570576 0.814177
0.571406 0.777330
0.572767 0.579794
0.573268 0.760240
0.573775 0.894382
0.574952 0.450286
0.575768 0.716831
0.577581 0.670078
0.578382 0.801304
0.578750 0.638551
0.579365 0.526207
0.580818 0.472296
0.580980 0.845207
0.582826 0.715307
0.583058 0.830929
0.583253 0.665755
0.584357 0.412277
0.584665 0.530856
0.586578 0.791352
0.587029 0.687681
0.587178 0.547422
0.587761 0.449472
0.588678 0.534138
0.590955 0.655669
0.592405 0.472932
0.592845 0.805425
0.593096 0.550930
0.593542 0.674943
0.596304 0.859134
0.596910 0.434657
0.599229 0.908723
0.600287 0.888715
0.600525 0.898398
0.602078 0.671658
0.603339 0.833981
0.605196 0.726489
0.606140 0.431443
0.606683 0.785722
0.606767 0.778987
0.606852 0.745673
0.607157 0.650267
0.608890 0.759367
0.609753 0.482768
0.610451 0.666294
0.610511 0.588781
0.611639 0.515579
0.613728 0.800207
0.614867 0.566942
0.615263 0.574689
0.618260 0.572401
0.619941 0.896013
0.620093 0.880508
0.622789 0.763917
0.623094 0.446741
0.625062 0.492040
0.625881 0.479720
0.625902 0.435562
0.625907 0.655660
0.626889 0.813816
0.628283 0.516734
0.630010 0.747449
0.631705 0.641913
0.632095 0.799411
0.634820 0.908306
0.636258 0.704686
0.638708 0.856150
0.639311 0.503365
0.639896 0.585339
0.641328 0.519143
0.642510 0.535015
0.642852 0.727857
0.643126 0.703124
0.643812 0.718742
0.644280 0.572088
0.644350 0.875769
0.644397 0.673997
0.644673 0.902230
0.646321 0.578644
0.648057 0.792725
0.648310 0.773552
0.648363 0.907227
0.648543 0.483750
0.648694 0.770248
0.649067 0.778326
0.649240 0.750362
0.651251 0.564536
0.651461 0.615580
0.653334 0.849695
0.654314 0.489619
0.655273 0.574147
0.658390 0.625775
0.659222 0.738250
0.660165 0.726534
0.661750 0.732977
0.662775 0.732463
0.663180 0.787921
0.663361 0.739367
0.663551 0.794372
0.665480 0.781487
0.665660 0.494377
0.666018 0.770496
0.668634 0.622771
0.669357 0.788898
0.670053 0.534773
0.672159 0.524316
0.673738 0.651866
0.674731 0.581771
0.677148 0.609266
0.677760 0.554804
0.677978 0.752478
0.679197 0.868883
0.679837 0.457970
0.683839 0.867211
0.686367 0.667031
0.686552 0.803575
0.687176 0.580849
0.687230 0.523441
0.687657 0.707097
0.688051 0.583145
0.689638 0.491329
0.690057 0.532210
0.690701 0.577117
0.693417 0.698502
0.693483 0.940053
0.693494 0.645438
0.693510 0.503142
0.694030 0.687275
0.696445 0.588956
0.699996 0.932404
0.701892 0.466276
0.704096 0.764953
0.704105 0.786821
0.709256 0.911014
0.709406 0.541390
0.712523 0.901413
0.714176 0.533153
0.714757 0.726464
0.715353 0.723334
0.716125 0.723289
0.716898 0.949873
0.720876 0.665551
0.721610 0.710431
0.721745 0.791021
0.725939 0.810626
0.729609 0.733177
0.730714 0.534758
0.731765 0.662223
0.732673 0.612837
0.738086 0.515824
0.738836 0.786016
0.742687 0.809585
0.743721 0.549303
0.750497 0.793818
0.750503 0.942972
0.752017 0.597585
0.754864 0.840150
0.755005 0.670915
0.755807 0.925692
0.756908 0.780859
0.757895 0.681694
0.758369 0.560410
0.762310 0.636285
0.765693 0.777533
0.765932 0.629509
0.773539 0.844986
0.778322 0.796733
0.783888 0.562192
0.790385 0.698593
0.792899 0.733298
0.794644 0.841920
0.796864 0.932456
0.797687 0.829626
0.797721 0.882245
0.799845 0.739349
0.801069 0.489191
0.805334 0.890666
0.805566 0.593350
0.808310 0.725614
0.809942 0.524107
0.810855 0.527711
0.813151 0.667808
0.826255 0.495126
0.826746 0.950718
0.827065 0.979522
0.840118 0.661178
0.840716 0.793730
0.856045 0.619902
0.861318 0.778927
0.862700 0.651341
0.864654 0.908066
0.868499 0.526632
0.869787 0.780136
0.908951 0.628464
0.910211 0.970679
0.913473 0.838384
0.916625 1.000000
0.918274 0.859124
0.931620 0.545136
0.942075 0.650381
0.944807 0.859697
1.000000 0.860154
