0.000000 1.000000
0.012772 0.879339
0.116323 0.520982
0.137338 0.403034
0.164553 0.458192
0.194897 0.397131
0.211745 0.264515
0.212841 0.300480
0.219132 0.314777
0.224248 0.386879
0.225578 0.249891
0.226757 0.278037
0.229203 0.296523
0.229764 0.282637
0.233780 0.265125
0.235346 0.241278
0.236938 0.340419
0.239206 0.352705
0.240107 0.242190
0.245015 0.305369
0.246456 0.355623
0.248651 0.358424
0.256908 0.220907
0.261121 0.240417
0.267199 0.320475
0.280823 0.316991
0.281941 0.324584
0.283357 0.260418
0.285743 0.255498
0.288490 0.232817
0.290205 0.198854
0.295598 0.233423
0.295668 0.260406
0.301840 0.232576
0.302645 0.188060
0.302770 0.294869
0.306821 0.286976
0.307854 0.318181
0.309896 0.251081
0.313757 0.180069
0.314214 0.229813
0.320711 0.307798
0.321622 0.207875
0.321647 0.227735
0.325118 0.203510
0.327441 0.271479
0.328030 0.239874
0.328418 0.301470
0.329711 0.229853
0.329853 0.187318
0.329968 0.195984
0.333521 0.212937
0.334950 0.157712
0.337290 0.258513
0.339118 0.214183
0.341932 0.191395
0.342427 0.224649
0.343555 0.193557
0.345411 0.155315
0.345713 0.201630
0.347512 0.211437
0.348292 0.206618
0.349883 0.216857
0.351389 0.151272
0.353306 0.151609
0.353455 0.150491
0.353692 0.157226
0.355673 0.180150
0.356038 0.241524
0.356719 0.216785
0.357266 0.233115
0.360285 0.231357
0.362058 0.245652
0.365895 0.257488
0.366388 0.176275
0.370742 0.190718
0.372146 0.250084
0.375428 0.211944
0.375771 0.132011
0.377105 0.139591
0.377132 0.141454
0.378251 0.147690
0.379127 0.184589
0.379518 0.240579
0.382202 0.222386
0.382536 0.206185
0.382914 0.128474
0.389854 0.235450
0.390775 0.228514
0.392556 0.234863
0.392954 0.242179
0.395656 0.163158
0.395855 0.231711
0.396051 0.179865
0.397368 0.197810
0.398341 0.140913
0.401078 0.240590
0.401151 0.227880
0.402561 0.214267
0.403041 0.208890
0.404774 0.198593
0.405159 0.240783
0.406066 0.207139
0.407993 0.124295
0.408633 0.144816
0.409135 0.161066
0.410799 0.186705
0.412172 0.163267
0.412417 0.178026
0.412484 0.205206
0.414162 0.176058
0.414870 0.183740
0.415759 0.217876
0.415867 0.230355
0.417772 0.144193
0.418688 0.114363
0.419072 0.241256
0.419604 0.232890
0.419650 0.132930
0.419836 0.127777
0.420115 0.202742
0.421779 0.168489
0.421825 0.184704
0.422152 0.118337
0.423019 0.149407
0.423199 0.244881
0.423848 0.146784
0.424550 0.139742
0.425710 0.238488
0.427227 0.197796
0.430886 0.136871
0.435863 0.198949
0.436557 0.191025
0.436851 0.158726
0.436998 0.199939
0.437002 0.220473
0.437369 0.145517
0.437405 0.125849
0.438060 0.152033
0.438367 0.129904
0.439135 0.178602
0.440165 0.138139
0.440662 0.106454
0.440884 0.171515
0.442564 0.185855
0.442592 0.161863
0.442967 0.112580
0.444010 0.152191
0.444664 0.112752
0.444730 0.118793
0.448337 0.193649
0.449080 0.193059
0.450583 0.199202
0.450717 0.143432
0.451231 0.179168
0.451904 0.196103
0.452146 0.111644
0.452228 0.167357
0.452512 0.104579
0.452847 0.207898
0.453690 0.154984
0.454610 0.105568
0.456118 0.196236
0.456532 0.164503
0.456784 0.217388
0.457409 0.232280
0.457421 0.190329
0.458940 0.168664
0.460994 0.219958
0.462280 0.210461
0.462641 0.156090
0.462862 0.101953
0.462868 0.179666
0.463955 0.115146
0.465354 0.110609
0.465630 0.131424
0.467294 0.104732
0.467420 0.105353
0.467526 0.229604
0.468475 0.146354
0.468852 0.120898
0.469752 0.137265
0.469852 0.169512
0.469912 0.162886
0.470935 0.178366
0.471873 0.215793
0.472316 0.222548
0.473068 0.164379
0.473179 0.225370
0.473276 0.218676
0.473965 0.225791
0.474557 0.087165
0.476519 0.145912
0.476910 0.225351
0.477055 0.115977
0.477364 0.101773
0.477505 0.191152
0.477880 0.133882
0.478004 0.190447
0.478051 0.208565
0.479384 0.218036
0.479663 0.166102
0.480534 0.125589
0.480966 0.115964
0.481552 0.088728
0.482240 0.183970
0.482493 0.149842
0.483240 0.114738
0.483661 0.083574
0.484225 0.127928
0.485676 0.132875
0.485907 0.169555
0.485921 0.201001
0.486069 0.198377
0.486679 0.154647
0.487543 0.220041
0.488113 0.226873
0.488140 0.179349
0.488626 0.117057
0.489577 0.134695
0.490198 0.147402
0.490627 0.170027
0.491088 0.162370
0.491821 0.150693
0.491980 0.121853
0.492260 0.216014
0.492716 0.105688
0.492888 0.117037
0.492960 0.186966
0.493555 0.110894
0.494116 0.140327
0.495239 0.202618
0.495647 0.126525
0.495972 0.209756
0.496067 0.178516
0.496322 0.095845
0.496956 0.127566
0.497486 0.116996
0.497662 0.112686
0.498020 0.079877
0.499446 0.212161
0.499557 0.117949
0.500865 0.119737
0.501654 0.099533
0.502520 0.197376
0.502822 0.152327
0.503197 0.143196
0.503229 0.218851
0.503496 0.179681
0.504951 0.104020
0.505680 0.140878
0.506204 0.116674
0.506214 0.192416
0.506429 0.079306
0.506456 0.203917
0.507234 0.164081
0.508022 0.145882
0.508289 0.113324
0.510379 0.199578
0.511277 0.211436
0.512609 0.096399
0.513049 0.184480
0.514393 0.198781
0.514638 0.109222
0.514942 0.124051
0.514944 0.162093
0.515131 0.171545
0.517412 0.134014
0.517498 0.098021
0.518100 0.179912
0.518343 0.175377
0.519245 0.092095
0.522049 0.116394
0.523073 0.106469
0.523531 0.092568
0.523534 0.170954
0.524405 0.082984
0.524594 0.103740
0.524772 0.076575
0.524970 0.145807
0.524975 0.202002
0.525030 0.146924
0.525346 0.204819
0.527065 0.094289
0.528124 0.081811
0.529053 0.152179
0.529268 0.204153
0.529699 0.116912
0.530317 0.103565
0.530961 0.172293
0.531668 0.087980
0.532306 0.076139
0.532360 0.076943
0.533100 0.156838
0.533237 0.213232
0.533777 0.106344
0.533921 0.093045
0.533977 0.155916
0.535136 0.184561
0.535170 0.185887
0.535765 0.154783
0.536333 0.210978
0.537210 0.113369
0.537315 0.134879
0.538661 0.114215
0.539244 0.167959
0.540339 0.138772
0.540421 0.080722
0.541576 0.119538
0.542732 0.101679
0.542907 0.171342
0.543110 0.074670
0.544199 0.187082
0.545430 0.189533
0.545445 0.119554
0.546227 0.067762
0.547080 0.103389
0.547571 0.131006
0.547709 0.104412
0.547785 0.131069
0.550092 0.062450
0.550508 0.189236
0.550627 0.121532
0.551250 0.065852
0.551618 0.136488
0.552013 0.105172
0.552134 0.150518
0.553191 0.073462
0.553412 0.094527
0.553938 0.128330
0.553942 0.162814
0.554114 0.201735
0.554465 0.116426
0.554562 0.140915
0.554864 0.132280
0.555889 0.203743
0.555924 0.106029
0.557220 0.178060
0.557363 0.198564
0.557442 0.204225
0.557494 0.070814
0.557948 0.119826
0.558047 0.103177
0.558715 0.139817
0.559393 0.177177
0.560044 0.077757
0.560889 0.128061
0.561840 0.189648
0.561951 0.089658
0.562205 0.196043
0.562744 0.140746
0.562948 0.159402
0.563817 0.073987
0.564188 0.141529
0.564439 0.097731
0.564440 0.137953
0.564503 0.140827
0.564560 0.114490
0.564840 0.169326
0.564868 0.202665
0.566068 0.058448
0.566776 0.092209
0.567127 0.186172
0.568191 0.155281
0.568351 0.068568
0.568959 0.075017
0.569269 0.161904
0.569385 0.199398
0.569458 0.197347
0.569515 0.125830
0.569562 0.201562
0.569876 0.090674
0.569939 0.198057
0.570179 0.058940
0.570270 0.181445
0.570303 0.110359
0.571491 0.113224
0.572002 0.101096
0.572988 0.138617
0.573450 0.130834
0.574156 0.069556
0.574596 0.200203
0.574710 0.087325
0.574954 0.071547
0.575818 0.119319
0.576246 0.146737
0.576549 0.140971
0.577465 0.073236
0.579241 0.200872
0.579680 0.056855
0.579902 0.102789
0.580306 0.163827
0.580437 0.064822
0.580575 0.161510
0.580640 0.090168
0.580751 0.154761
0.580759 0.132811
0.581068 0.118606
0.581478 0.056909
0.582667 0.186252
0.584195 0.126379
0.584207 0.141023
0.585477 0.073425
0.585727 0.142919
0.585867 0.165534
0.586049 0.099890
0.586695 0.109092
0.586879 0.056438
0.587031 0.095751
0.587395 0.118625
0.588083 0.146918
0.588949 0.067897
0.591266 0.145882
0.591324 0.134090
0.591337 0.152759
0.591675 0.098867
0.591778 0.053574
0.592381 0.140047
0.592605 0.086452
0.593297 0.101899
0.593776 0.050608
0.594167 0.146705
0.594323 0.069980
0.594724 0.093247
0.596981 0.169306
0.598107 0.078257
0.599647 0.114642
0.599836 0.130879
0.600074 0.168194
0.600188 0.069020
0.600256 0.183145
0.600752 0.153761
0.600802 0.147451
0.601657 0.142552
0.603852 0.138398
0.604333 0.163554
0.604925 0.098034
0.605561 0.124503
0.605918 0.102682
0.606194 0.107494
0.606605 0.122816
0.608013 0.098057
0.608440 0.172680
0.609327 0.054170
0.609337 0.115741
0.609447 0.070131
0.610032 0.064371
0.610312 0.048338
0.610604 0.183287
0.611704 0.143178
0.612597 0.055692
0.612774 0.084396
0.613822 0.157840
0.614128 0.183754
0.614129 0.174989
0.614584 0.177010
0.615015 0.138783
0.616212 0.088602
0.617446 0.147673
0.617792 0.190755
0.617945 0.175595
0.618025 0.148859
0.618453 0.047584
0.619362 0.086251
0.619384 0.065683
0.619563 0.078419
0.619794 0.171188
0.619965 0.098876
0.620772 0.144325
0.620990 0.189966
0.621170 0.111610
0.621223 0.104303
0.622369 0.141653
0.622559 0.165500
0.624508 0.183691
0.624954 0.140316
0.625398 0.064385
0.625764 0.134599
0.626024 0.125498
0.626500 0.066299
0.626751 0.118559
0.627238 0.047971
0.627421 0.058333
0.628498 0.079837
0.628589 0.071650
0.628985 0.107332
0.629407 0.135641
0.629893 0.071059
0.630110 0.151239
0.631351 0.127262
0.632516 0.139490
0.633182 0.104318
0.633749 0.188519
0.634460 0.153607
0.634885 0.133290
0.634939 0.098902
0.635884 0.187660
0.636223 0.121204
0.637222 0.142017
0.637336 0.157132
0.638320 0.060301
0.639110 0.110000
0.639165 0.172238
0.639348 0.055200
0.639995 0.148883
0.641232 0.085940
0.641847 0.039001
0.642152 0.105606
0.642434 0.159341
0.645488 0.119120
0.645703 0.136473
0.646780 0.086650
0.646843 0.070762
0.647611 0.109598
0.648377 0.127110
0.648421 0.142650
0.649760 0.037908
0.649851 0.084823
0.651203 0.162685
0.651541 0.068386
0.651682 0.122685
0.652280 0.086537
0.652922 0.138123
0.653021 0.108321
0.653182 0.119699
0.653500 0.095092
0.653849 0.064697
0.654560 0.127022
0.654604 0.107529
0.655146 0.179696
0.655380 0.159289
0.655555 0.070534
0.655678 0.131631
0.655781 0.076865
0.655959 0.108441
0.656432 0.057557
0.657002 0.054142
0.657862 0.119627
0.658708 0.044595
0.661643 0.068821
0.662112 0.133184
0.662207 0.112789
0.662339 0.096248
0.662889 0.122631
0.662949 0.066348
0.663220 0.168505
0.663375 0.181841
0.663578 0.086690
0.664033 0.117590
0.664919 0.093592
0.665296 0.059953
0.665875 0.102505
0.666095 0.113922
0.666222 0.151792
0.666316 0.074043
0.666670 0.101388
0.667031 0.060886
0.667428 0.157509
0.667535 0.072272
0.668430 0.080469
0.668485 0.123921
0.668797 0.099961
0.669903 0.078001
0.670081 0.040518
0.670243 0.120356
0.670367 0.170959
0.670589 0.107099
0.670709 0.036952
0.670988 0.174279
0.671604 0.050823
0.672326 0.050848
0.672548 0.132205
0.672813 0.138041
0.673479 0.178619
0.674005 0.077448
0.674062 0.145570
0.674068 0.162967
0.674408 0.055383
0.675609 0.054533
0.676746 0.072800
0.677444 0.112337
0.677529 0.163146
0.678129 0.035353
0.679796 0.087751
0.679990 0.096615
0.680223 0.125598
0.680548 0.081522
0.680994 0.075268
0.681056 0.086254
0.682191 0.101579
0.683106 0.031446
0.684321 0.110995
0.685826 0.047816
0.685864 0.069274
0.687270 0.070708
0.687787 0.044440
0.688092 0.083699
0.688206 0.057490
0.688504 0.153633
0.689419 0.101829
0.689991 0.115270
0.691483 0.064174
0.691615 0.158837
0.692184 0.111561
0.692327 0.167623
0.692644 0.061678
0.692929 0.152118
0.693415 0.169093
0.693472 0.134477
0.696202 0.113481
0.698948 0.034889
0.700036 0.091563
0.701230 0.154124
0.701453 0.035860
0.701910 0.035059
0.702630 0.148368
0.702796 0.173623
0.702970 0.028388
0.703828 0.161609
0.704320 0.129539
0.705132 0.086589
0.706691 0.029647
0.706923 0.144893
0.707054 0.120137
0.707097 0.139252
0.709705 0.026549
0.710614 0.039549
0.710851 0.057096
0.711549 0.062223
0.716275 0.024725
0.716699 0.137785
0.717562 0.050658
0.718197 0.046826
0.718621 0.121703
0.718962 0.160263
0.719226 0.156382
0.719653 0.109032
0.719897 0.118531
0.720397 0.110877
0.720456 0.133657
0.720830 0.031383
0.721005 0.112460
0.723062 0.067326
0.723137 0.092132
0.724851 0.119759
0.725434 0.127610
0.725570 0.132520
0.726260 0.083416
0.726872 0.036341
0.727258 0.068431
0.727822 0.141116
0.728658 0.136034
0.729044 0.152715
0.729117 0.075838
0.729149 0.159388
0.729653 0.107122
0.730525 0.128610
0.731422 0.166170
0.731639 0.148758
0.732471 0.164292
0.732855 0.092182
0.733097 0.043116
0.734870 0.127955
0.735651 0.096417
0.736363 0.142309
0.737666 0.117747
0.738030 0.038866
0.738140 0.064723
0.738432 0.140294
0.738576 0.158288
0.739072 0.111661
0.739573 0.127376
0.740153 0.061878
0.740862 0.159100
0.741507 0.113023
0.742121 0.162272
0.742630 0.037670
0.743585 0.077940
0.743745 0.052954
0.745199 0.077459
0.745736 0.117091
0.746357 0.050786
0.747211 0.081823
0.747422 0.108280
0.748482 0.151508
0.750284 0.031542
0.750605 0.097880
0.751355 0.125992
0.751991 0.058978
0.753943 0.022613
0.754255 0.095571
0.754314 0.093373
0.754495 0.133581
0.754545 0.046653
0.754590 0.114092
0.755588 0.127466
0.755798 0.121364
0.756429 0.032968
0.756907 0.021094
0.758083 0.151780
0.758814 0.069639
0.759829 0.127997
0.761428 0.124861
0.761716 0.098615
0.762793 0.121052
0.763069 0.039588
0.763190 0.062835
0.763819 0.053735
0.763828 0.080431
0.764543 0.036682
0.764569 0.019796
0.765518 0.029016
0.765529 0.104774
0.766082 0.141745
0.766918 0.118940
0.767090 0.105897
0.768910 0.082782
0.769342 0.155064
0.771445 0.145760
0.773102 0.063581
0.773251 0.078070
0.773994 0.062826
0.775484 0.124403
0.778725 0.069897
0.779278 0.061458
0.780632 0.104594
0.780808 0.031757
0.781022 0.153682
0.781866 0.106825
0.781929 0.138971
0.782223 0.034133
0.783022 0.043129
0.785122 0.138848
0.785412 0.026621
0.786898 0.012925
0.787051 0.069318
0.787839 0.086366
0.789478 0.137949
0.790309 0.112801
0.790495 0.012844
0.790806 0.132285
0.791590 0.026866
0.792160 0.105246
0.792440 0.068604
0.794287 0.026445
0.794699 0.012606
0.795161 0.036872
0.798670 0.038268
0.798776 0.125145
0.800202 0.150198
0.802431 0.063307
0.802867 0.029967
0.803019 0.049415
0.804156 0.036489
0.804180 0.143960
0.805895 0.059643
0.806850 0.123538
0.808540 0.148386
0.809227 0.153841
0.811133 0.045886
0.811747 0.052557
0.812118 0.015954
0.813341 0.138966
0.813995 0.065189
0.814098 0.154416
0.817130 0.040015
0.818674 0.136812
0.819139 0.101439
0.820898 0.073371
0.820969 0.069108
0.822338 0.049587
0.823044 0.058970
0.825035 0.010441
0.825511 0.132871
0.825634 0.150499
0.828217 0.117877
0.828669 0.048979
0.829900 0.057331
0.831658 0.107023
0.832309 0.103507
0.834143 0.131715
0.837839 0.131402
0.838754 0.130479
0.839581 0.029666
0.840045 0.098826
0.840424 0.150609
0.843871 0.036501
0.844151 0.033224
0.845116 0.004146
0.846219 0.087208
0.847076 0.142349
0.847542 0.079015
0.848893 0.144256
0.849455 0.088840
0.851699 0.065794
0.856980 0.127127
0.860167 0.112920
0.861770 0.043090
0.865715 0.027866
0.867489 0.078392
0.871418 0.142353
0.872437 0.046868
0.874432 0.100685
0.876265 0.041760
0.877996 0.014790
0.880499 0.130595
0.883669 0.023750
0.887059 0.038452
0.890708 0.009419
0.894439 0.048857
0.900903 0.019428
0.902431 0.098525
0.904550 0.056187
0.910745 0.117587
0.915337 0.006080
0.924484 0.056742
0.927227 0.029722
0.934179 0.033253
0.934845 0.049331
0.946078 0.012767
0.958973 0.136309
0.959617 0.006203
0.973289 0.012848
0.976980 0.123582
0.995280 0.000000
1.000000 0.128008
