0.000000 0.000000
0.101698 0.081390
0.153863 0.328660
0.163501 0.292918
0.186959 0.464798
0.192948 0.487214
0.195973 0.400103
0.227651 0.658980
0.257630 0.160215
0.259006 0.395709
0.261770 0.301595
0.263211 0.273969
0.277098 0.717598
0.286263 0.325261
0.286877 0.297806
0.323784 0.601685
0.344710 0.382715
0.361744 0.719825
0.362215 0.386881
0.368939 0.255275
0.378632 0.482197
0.380257 0.306420
0.398103 0.596782
0.407491 0.511502
0.407964 0.358524
0.420805 0.757910
0.431423 0.215102
0.433974 0.484859
0.435672 0.750604
0.439530 0.313371
0.439651 0.685868
0.440692 0.659620
0.442749 0.569986
0.445492 0.516073
0.447282 0.328448
0.454045 0.761260
0.456435 0.310294
0.460691 0.649173
0.462836 0.447389
0.468667 0.418091
0.471449 0.539080
0.472634 0.292863
0.474723 0.510520
0.478489 0.493310
0.482920 0.435984
0.483656 0.578538
0.484659 0.735430
0.484684 0.354938
0.487177 0.727886
0.487934 0.511253
0.489412 0.429596
0.491105 0.559583
0.491230 0.541467
0.497316 0.767923
0.504558 0.698241
0.508133 0.570696
0.510650 0.640439
0.511699 0.706508
0.514905 0.282031
0.515892 0.312232
0.517288 0.683668
0.522138 0.350719
0.525615 0.759004
0.529966 0.707666
0.531364 0.625436
0.533072 0.262539
0.536541 0.529657
0.541044 0.445094
0.542878 0.447587
0.543699 0.494022
0.544271 0.469426
0.545224 1.000000
0.547330 0.657958
0.548465 0.783141
0.549469 0.662829
0.549956 0.707260
0.552964 0.559364
0.554913 0.423914
0.563353 0.721639
0.565110 0.402510
0.565609 0.301024
0.566691 0.574099
0.566899 0.874026
0.567119 0.659830
0.570066 0.677044
0.570137 0.380671
0.571032 0.439930
0.571812 0.140395
0.573097 0.472573
0.574266 0.782363
0.574420 0.577974
0.574669 0.575168
0.575046 0.405420
0.581057 0.511678
0.583336 0.663812
0.583567 0.613280
0.584932 0.470216
0.589654 0.485947
0.590831 0.672588
0.592671 0.406039
0.595275 0.361010
0.598872 0.602092
0.607588 0.679188
0.608949 0.553269
0.611711 0.596791
0.614893 0.287250
0.615691 0.355487
0.616142 0.688801
0.623127 0.569165
0.629243 0.474635
0.637036 0.526495
0.639774 0.705710
0.644295 0.881977
0.649431 0.558215
0.650166 0.695356
0.652647 0.415519
0.653791 0.662845
0.658684 0.409154
0.662452 0.672899
0.662929 0.396565
0.665872 0.705233
0.667357 0.481633
0.671713 0.593223
0.680578 0.827731
0.682427 0.745010
0.682854 0.525388
0.685613 0.965374
0.691769 0.723217
0.702098 0.651898
0.704232 0.498611
0.710676 0.260597
0.722410 0.604196
0.722895 0.294667
0.732664 0.394012
0.739117 0.199267
0.739187 0.680648
0.750258 0.510732
0.754178 0.632854
0.754218 0.635834
0.756186 0.629260
0.811806 0.545553
0.813559 0.367480
0.843925 0.867911
0.844808 0.536329
0.859392 0.705397
1.000000 0.615899
