0.000000 1.000000
0.075440 0.691981
0.145485 0.392638
0.158159 0.393057
0.174781 0.377186
0.175893 0.440138
0.182877 0.445835
0.183010 0.362468
0.201705 0.395217
0.204707 0.358562
0.208501 0.347035
0.223605 0.295845
0.227461 0.372806
0.245984 0.241163
0.263967 0.237331
0.268191 0.268750
0.270721 0.224541
0.272427 0.297981
0.275888 0.221818
0.275953 0.277393
0.288094 0.224045
0.293432 0.247455
0.293652 0.252336
0.295461 0.269984
0.298230 0.212280
0.300388 0.252539
0.309184 0.274483
0.312947 0.200569
0.313347 0.311410
0.316820 0.197927
0.326670 0.214083
0.328284 0.231221
0.331303 0.237322
0.332518 0.178511
0.332798 0.167347
0.343707 0.193973
0.345074 0.197939
0.345769 0.250449
0.352476 0.191875
0.356204 0.247559
0.356985 0.173382
0.358374 0.274299
0.358882 0.254635
0.362255 0.239571
0.371866 0.248155
0.375140 0.184730
0.377709 0.241719
0.377965 0.128492
0.378863 0.143591
0.379184 0.206265
0.380780 0.214974
0.381124 0.133217
0.381178 0.226484
0.387552 0.131781
0.388740 0.191940
0.389161 0.215541
0.390152 0.220818
0.396953 0.226371
0.397512 0.192126
0.397809 0.187558
0.400384 0.110220
0.405124 0.224336
0.407536 0.240764
0.408343 0.203965
0.412019 0.117480
0.412580 0.118951
0.412815 0.170787
0.413858 0.163047
0.415106 0.241243
0.418212 0.237779
0.418776 0.199793
0.420900 0.199167
0.421225 0.142736
0.422261 0.156408
0.423553 0.176994
0.426051 0.169222
0.427186 0.120926
0.429829 0.091358
0.432078 0.160071
0.433300 0.150463
0.433337 0.170257
0.439750 0.176225
0.441384 0.207291
0.445758 0.138219
0.446743 0.207363
0.449058 0.138631
0.449715 0.129603
0.449901 0.283570
0.450831 0.111377
0.454308 0.098329
0.455311 0.125908
0.456879 0.195899
0.457098 0.247196
0.460128 0.147867
0.467241 0.100636
0.467797 0.182052
0.468631 0.194892
0.473442 0.039084
0.478762 0.169535
0.479157 0.089116
0.479382 0.125927
0.480647 0.105038
0.482013 0.201766
0.484121 0.095811
0.486602 0.180586
0.487454 0.088906
0.491399 0.151291
0.491404 0.078185
0.495947 0.141784
0.496394 0.193984
0.499215 0.145457
0.505513 0.100588
0.505974 0.171378
0.506240 0.136710
0.506360 0.189944
0.507945 0.059818
0.512700 0.114192
0.514035 0.164996
0.515994 0.131258
0.520321 0.178076
0.521084 0.134583
0.525357 0.148144
0.526845 0.179549
0.528222 0.078694
0.528533 0.120281
0.528987 0.171616
0.529435 0.123079
0.531337 0.126448
0.534358 0.137109
0.534895 0.176091
0.537236 0.142124
0.540147 0.096329
0.541886 0.182237
0.547423 0.092315
0.548461 0.093366
0.549913 0.234031
0.550176 0.139552
0.551734 0.058709
0.555589 0.117199
0.556181 0.086128
0.559291 0.155635
0.566602 0.128074
0.569810 0.145368
0.570155 0.114701
0.578329 0.088100
0.581767 0.101381
0.591251 0.133042
0.593146 0.166068
0.603792 0.198385
0.612643 0.089587
0.614265 0.111172
0.614529 0.081350
0.616559 0.085564
0.620146 0.087036
0.622612 0.050592
0.625492 0.064739
0.625735 0.082263
0.626550 0.066912
0.633791 0.117110
0.635056 0.180195
0.635942 0.103560
0.636415 0.230702
0.637170 0.099873
0.650303 0.116890
0.652147 0.137941
0.653026 0.146825
0.653133 0.101794
0.664643 0.090049
0.666417 0.128437
0.667103 0.132895
0.677702 0.062281
0.681246 0.011713
0.682776 0.136224
0.692174 0.071192
0.697902 0.122256
0.699744 0.095739
0.701938 0.091497
0.708428 0.050230
0.709805 0.030345
0.718797 0.058986
0.720714 0.081872
0.735559 0.039194
0.739906 0.148072
0.744715 0.097308
0.755070 0.048957
0.760187 0.088493
0.761154 0.075037
0.762522 0.000000
0.770952 0.054170
0.772293 0.017184
0.780440 0.131328
0.796619 0.085014
0.800863 0.062117
0.863170 0.149742
1.000000 0.038764
