0.000000 0.014367
0.016631 0.000000
0.020999 0.058807
0.026298 0.166591
0.028414 0.167390
0.030417 0.016388
0.040348 0.177572
0.054061 0.168364
0.054279 0.222421
0.063150 0.229019
0.067068 0.282200
0.084365 0.316471
0.109062 0.444879
0.113287 0.427293
0.128860 0.379802
0.141548 0.492064
0.147716 0.423527
0.154061 0.392457
0.154167 0.370352
0.154402 0.491448
0.154511 0.348487
0.156079 0.484289
0.160570 0.502824
0.163061 0.423878
0.172561 0.475844
0.176038 0.516102
0.176533 0.558139
0.177416 0.552010
0.177421 0.550248
0.181942 0.465191
0.182277 0.337582
0.184727 0.512394
0.189351 0.439668
0.195727 0.426742
0.198831 0.480983
0.200166 0.622088
0.201961 0.468002
0.203603 0.560155
0.204387 0.539414
0.206433 0.369354
0.207938 0.521592
0.209471 0.413737
0.210737 0.428361
0.211627 0.524428
0.214134 0.534353
0.216183 0.427024
0.216426 0.612915
0.218855 0.583418
0.220377 0.487984
0.220613 0.545813
0.222490 0.411114
0.222597 0.677689
0.224239 0.517127
0.224725 0.487727
0.224961 0.608217
0.226178 0.476967
0.232827 0.583275
0.235302 0.560883
0.235678 0.542311
0.235683 0.567669
0.238736 0.566113
0.239780 0.579000
0.240399 0.628240
0.242619 0.588268
0.243844 0.640733
0.244427 0.619761
0.244914 0.621223
0.245802 0.565061
0.246157 0.572307
0.246661 0.522788
0.248040 0.601184
0.249076 0.539415
0.249981 0.573822
0.250366 0.569303
0.252670 0.482376
0.253074 0.579545
0.253351 0.470985
0.253865 0.602755
0.256766 0.543497
0.259303 0.523922
0.260525 0.561675
0.260635 0.545201
0.264750 0.537620
0.267601 0.550115
0.267896 0.533245
0.269748 0.466677
0.270118 0.661566
0.271779 0.644709
0.271956 0.602935
0.275203 0.777060
0.276274 0.541175
0.276467 0.603508
0.277089 0.687458
0.278385 0.636327
0.279855 0.713789
0.280041 0.677490
0.280107 0.730743
0.281209 0.569828
0.281888 0.642326
0.284265 0.584264
0.284733 0.643240
0.285935 0.669681
0.285949 0.577203
0.286448 0.581086
0.287425 0.574426
0.289261 0.622446
0.290921 0.646486
0.291674 0.616195
0.292486 0.562590
0.292688 0.613611
0.297360 0.727430
0.297428 0.744730
0.298235 0.682573
0.298346 0.632970
0.298647 0.723980
0.298748 0.651888
0.299279 0.491025
0.299964 0.667018
0.305802 0.577111
0.307314 0.498080
0.308068 0.581716
0.308497 0.647708
0.308914 0.522438
0.309051 0.730537
0.309743 0.697234
0.310279 0.679571
0.312057 0.666455
0.312296 0.530870
0.312488 0.729005
0.312783 0.704282
0.312837 0.612795
0.313585 0.602238
0.313678 0.638591
0.314019 0.689915
0.314336 0.549473
0.314807 0.615242
0.315101 0.628775
0.316095 0.677107
0.316250 0.553973
0.318640 0.694373
0.321022 0.663239
0.322727 0.732016
0.323231 0.692446
0.323304 0.695714
0.323354 0.622870
0.324249 0.656528
0.324293 0.744453
0.324434 0.501202
0.324688 0.634076
0.325498 0.511297
0.326143 0.600885
0.326613 0.705198
0.328138 0.691974
0.329185 0.548379
0.329947 0.614083
0.330734 0.645142
0.331376 0.610241
0.331904 0.616916
0.332881 0.732916
0.333071 0.715918
0.335107 0.724461
0.335143 0.665331
0.336024 0.722390
0.337406 0.732134
0.337777 0.644385
0.337814 0.587212
0.338241 0.559919
0.338541 0.454272
0.339392 0.651901
0.339502 0.715089
0.340757 0.643493
0.340982 0.605984
0.341310 0.583143
0.341998 0.583554
0.343598 0.581752
0.343609 0.664143
0.344350 0.637751
0.344602 0.770963
0.345218 0.747628
0.345625 0.747871
0.347142 0.703961
0.347364 0.672294
0.347368 0.598846
0.348917 0.513910
0.348975 0.572837
0.350293 0.709425
0.350439 0.555741
0.351715 0.528508
0.352412 0.552320
0.353257 0.810775
0.353510 0.519419
0.355929 0.639491
0.356404 0.656029
0.356615 0.679252
0.356870 0.699968
0.358450 0.656016
0.358635 0.742877
0.358946 0.772602
0.361528 0.639830
0.361828 0.712091
0.363266 0.595312
0.364072 0.683438
0.364189 0.721169
0.364481 0.637816
0.364540 0.751668
0.364810 0.686935
0.365132 0.746967
0.365549 0.857802
0.367592 0.613545
0.368827 0.796207
0.369706 0.682407
0.371033 0.747294
0.371415 0.827979
0.372656 0.714316
0.373794 0.643168
0.374981 0.733925
0.375228 0.758402
0.375943 0.723946
0.376040 0.732727
0.377856 0.823525
0.380052 0.487780
0.380305 0.807932
0.380494 0.704504
0.381171 0.699561
0.382446 0.616924
0.382617 0.605309
0.382918 0.740726
0.383771 0.661147
0.384432 0.800762
0.384468 0.615115
0.385079 0.780396
0.385095 0.732486
0.385421 0.723049
0.385916 0.779600
0.386297 0.761802
0.386326 0.587770
0.386458 0.606076
0.386470 0.684386
0.387325 0.666305
0.387575 0.799007
0.389022 0.897228
0.389670 0.857518
0.390201 0.593129
0.390416 0.775061
0.390883 0.740486
0.391627 0.642364
0.392101 0.675837
0.392225 0.769591
0.393117 0.665440
0.393535 0.836704
0.394275 0.771558
0.394672 0.552222
0.395789 0.759197
0.397531 0.837874
0.397650 0.724852
0.397974 0.661441
0.399187 0.801515
0.400154 0.646518
0.400983 0.735746
0.401490 0.600736
0.401614 0.484298
0.402319 0.564913
0.402708 0.824743
0.403497 0.730587
0.403916 0.705286
0.405434 0.753575
0.405491 0.736471
0.406173 0.591544
0.406574 0.573178
0.407894 0.725354
0.408048 0.792075
0.408296 0.836890
0.408823 0.763951
0.409514 0.814671
0.410325 0.731099
0.410363 0.776186
0.410804 0.736925
0.410889 0.691853
0.410972 0.737380
0.411232 0.820890
0.411803 0.779223
0.411859 0.652599
0.412317 0.685168
0.412619 0.743051
0.413326 0.693392
0.414080 0.631772
0.414846 0.706598
0.415366 0.807445
0.415955 0.619704
0.416131 0.608389
0.418418 0.762892
0.418879 0.707402
0.420870 0.640238
0.421842 0.694440
0.422176 0.612456
0.422659 0.740953
0.423051 0.605941
0.423901 0.660390
0.424065 0.726222
0.424113 0.678973
0.425082 0.817096
0.425527 0.617148
0.426131 0.730509
0.428521 0.680528
0.428814 0.639040
0.428983 0.709683
0.429841 0.743154
0.430178 0.684451
0.430456 0.744478
0.430471 0.736634
0.430505 0.761743
0.430656 0.761807
0.430806 0.661001
0.431071 0.855461
0.431566 0.787127
0.431586 0.742105
0.431649 0.775183
0.432035 0.678877
0.433267 0.766776
0.433542 0.803471
0.433856 0.894988
0.434671 0.684828
0.434930 0.736282
0.436901 0.672393
0.436971 0.600031
0.439575 0.846139
0.440254 0.755107
0.440433 0.737738
0.443610 0.728512
0.443709 0.875154
0.443742 0.722362
0.443913 0.774787
0.444249 0.676465
0.445481 0.751697
0.445712 0.814572
0.446485 0.718971
0.446705 0.733605
0.447425 0.666917
0.447722 0.695089
0.447843 0.702598
0.448703 0.723066
0.448914 0.693882
0.449234 0.803974
0.452209 0.761012
0.452218 0.783357
0.452724 0.710221
0.453729 0.574964
0.453787 0.703664
0.454013 0.881009
0.454243 0.841254
0.455070 0.711391
0.455642 0.627494
0.455742 0.665754
0.456540 0.798017
0.457153 0.623448
0.459311 0.851065
0.459350 0.862670
0.459767 0.591626
0.460726 0.671806
0.460753 0.880994
0.460807 0.768938
0.461168 0.644109
0.461235 0.749758
0.461595 0.727061
0.463398 0.652232
0.463614 0.843583
0.464073 0.690362
0.467105 0.702876
0.467135 0.651681
0.467443 0.674329
0.467824 0.810432
0.468733 0.882782
0.469688 0.761107
0.470091 0.625247
0.470296 0.677012
0.470769 0.808001
0.472466 0.768318
0.472466 0.868429
0.473385 0.697887
0.473765 0.624420
0.474279 0.689681
0.474895 0.672471
0.478576 0.729331
0.479795 0.726290
0.479890 0.768692
0.480477 0.713281
0.480614 0.649833
0.481215 0.731180
0.481348 0.732158
0.481474 0.736513
0.481493 0.785789
0.481772 0.739708
0.482145 0.691611
0.483586 0.749969
0.485213 0.832521
0.485439 0.687068
0.487453 0.721102
0.488274 0.686013
0.488374 0.675991
0.488948 0.757475
0.489532 0.713376
0.490692 0.689844
0.490850 0.782814
0.491232 0.655851
0.491318 0.753721
0.491459 0.772013
0.492255 0.772240
0.492479 0.920278
0.492523 0.716874
0.493382 0.735514
0.493675 0.603216
0.494705 0.771295
0.496113 0.851838
0.496116 0.698679
0.496402 0.748665
0.496804 0.797054
0.497503 0.792860
0.497506 0.759122
0.497575 0.809831
0.497924 0.861371
0.498498 0.804446
0.498571 0.719207
0.500255 0.611546
0.500385 0.807367
0.500404 0.751830
0.500565 0.875287
0.501379 0.751736
0.501741 0.968116
0.502431 0.688002
0.502442 0.710828
0.503124 0.778745
0.504095 0.757109
0.504439 0.691767
0.504903 0.853469
0.504935 0.851528
0.505585 0.697027
0.505968 0.725890
0.507081 0.794361
0.507707 0.796809
0.508157 0.657079
0.509527 0.842155
0.509913 0.843566
0.510366 0.587281
0.511683 0.718231
0.511755 0.829780
0.513407 0.844250
0.513774 0.803809
0.514335 0.576284
0.514340 0.725665
0.515038 0.814327
0.516220 0.689554
0.516579 0.859133
0.516642 0.776965
0.516894 0.703907
0.517212 0.629297
0.518530 0.634075
0.519598 0.844127
0.520297 0.771426
0.521515 0.904724
0.522587 0.728134
0.523453 0.786326
0.523659 0.933024
0.524108 0.860067
0.524978 0.757402
0.525152 0.736254
0.525915 0.680614
0.525948 0.696248
0.526337 0.758994
0.527448 0.854910
0.527486 0.762294
0.528496 0.748019
0.528932 0.879754
0.528957 0.747899
0.529954 0.775055
0.530087 0.737490
0.532306 0.760148
0.532332 0.693142
0.533198 0.747644
0.533342 0.783717
0.533954 0.724053
0.534063 0.792815
0.535363 0.892205
0.536638 0.679493
0.537235 0.777149
0.537662 0.738588
0.537806 0.629732
0.537811 0.834211
0.537989 0.669292
0.539729 0.634501
0.539947 0.764870
0.540489 0.859606
0.540742 0.824614
0.543094 0.650998
0.543221 0.796878
0.543576 0.602674
0.544736 0.836145
0.544736 0.906797
0.544903 0.833731
0.547268 0.891660
0.548469 0.585873
0.549317 0.746845
0.551256 0.898842
0.552426 0.621593
0.553559 0.858107
0.553722 0.677924
0.553930 0.834380
0.554479 0.877934
0.555466 0.725436
0.555951 0.873925
0.556415 0.701319
0.557445 0.632052
0.557958 0.776356
0.558150 0.858128
0.561012 0.884842
0.562162 0.790392
0.565735 0.795337
0.566071 0.667140
0.567366 0.856806
0.567384 0.739486
0.567409 0.675805
0.567887 0.807045
0.568352 0.840186
0.568605 0.737951
0.570134 0.707193
0.570576 0.694379
0.570673 0.677988
0.571687 0.725674
0.571921 0.645220
0.572157 0.794644
0.572417 0.844813
0.573241 0.722685
0.573411 0.769170
0.573509 0.860498
0.573790 0.762375
0.574078 0.594026
0.574434 0.771201
0.574957 0.784611
0.575059 0.746329
0.576105 0.692202
0.576935 0.882562
0.577658 0.718787
0.577802 0.843066
0.578766 0.876587
0.581199 0.727661
0.581421 0.811388
0.581937 0.776615
0.582219 0.713229
0.582392 0.723940
0.583863 0.904476
0.583918 0.676811
0.584313 0.800474
0.584495 0.811701
0.585762 0.628286
0.586140 0.776038
0.586194 0.746390
0.587460 0.751094
0.587912 0.735871
0.588516 0.851797
0.588618 0.799302
0.589158 0.921745
0.589976 0.866741
0.591653 0.832199
0.591843 0.811707
0.592086 0.664962
0.592345 0.721551
0.592486 0.787147
0.596802 0.900298
0.598719 0.738492
0.599440 0.754178
0.599847 0.852651
0.603359 0.734241
0.604295 0.769843
0.606041 0.714895
0.606611 0.731512
0.606698 0.914079
0.609084 0.741186
0.609778 0.879598
0.610554 0.897088
0.611358 0.539987
0.611635 0.793822
0.613028 0.722871
0.613086 0.691919
0.615552 0.913074
0.616642 0.886405
0.621441 0.696521
0.624135 0.745857
0.624339 0.728903
0.624507 0.728190
0.627070 0.787645
0.628109 0.664596
0.628201 0.766475
0.630524 0.821879
0.631235 0.954070
0.635228 0.793220
0.636864 0.748086
0.637423 0.864242
0.637425 0.885071
0.637786 0.647617
0.637912 0.937681
0.638077 0.872986
0.638267 0.775127
0.638355 0.863033
0.638830 0.904192
0.639000 0.723976
0.639024 0.738014
0.639115 0.694478
0.640198 0.917224
0.642223 0.736916
0.642848 0.697720
0.645033 0.637777
0.649054 0.800335
0.651990 0.752151
0.655197 0.686726
0.656392 0.756333
0.656575 0.709849
0.657006 0.618387
0.657334 0.943360
0.657606 0.793302
0.658013 0.882834
0.660070 0.723310
0.660185 0.698597
0.661178 0.847599
0.664869 0.853381
0.665956 0.691817
0.666377 0.769736
0.666635 0.730680
0.667568 0.795425
0.667792 0.698696
0.667834 0.790776
0.668028 0.905067
0.673485 0.846728
0.673946 0.883715
0.675719 0.772496
0.677232 0.906140
0.678777 0.685148
0.682281 0.822844
0.682781 0.818434
0.684472 0.831282
0.685293 0.913835
0.685643 0.791711
0.686969 0.755408
0.689523 0.888558
0.690883 0.809993
0.692954 0.819706
0.697507 0.872695
0.697650 0.845151
0.698588 0.933042
0.703842 0.743031
0.703956 0.895958
0.706026 0.790141
0.710598 0.763322
0.712573 0.783873
0.715501 0.816720
0.723553 0.841963
0.728514 0.903752
0.730268 0.777044
0.731219 0.819261
0.733342 0.854478
0.736084 0.794791
0.739302 0.802724
0.745099 0.832345
0.745627 0.921318
0.752560 1.000000
0.758354 0.827359
0.760647 0.864676
0.772294 0.809519
0.772483 0.840708
0.775393 0.828202
0.776181 0.858500
0.787367 0.786239
0.792162 0.764062
0.792448 0.842093
0.797080 0.963639
0.800678 0.909096
0.820293 0.968381
0.840283 0.924908
0.848153 0.882486
0.918814 0.866053
1.000000 0.762608
