0.000000 0.938655
0.004316 0.927096
0.010337 0.639239
0.013463 0.940854
0.015919 1.000000
0.021612 0.899729
0.032318 0.620964
0.036191 0.691629
0.038276 0.803568
0.040542 0.880619
0.041865 0.515425
0.042485 0.477362
0.042969 0.919476
0.043388 0.947461
0.046321 0.862545
0.046937 0.739375
0.048305 0.764973
0.054717 0.630678
0.055691 0.801689
0.057148 0.837427
0.058508 0.908882
0.058642 0.747579
0.059938 0.796571
0.065191 0.878339
0.068588 0.811232
0.070009 0.713066
0.071876 0.696776
0.075535 0.700946
0.076354 0.829875
0.076768 0.785777
0.086709 0.959178
0.086728 0.885634
0.088967 0.519459
0.092147 0.832960
0.096892 0.672280
0.097703 0.840709
0.102444 0.650016
0.104420 0.740919
0.109551 0.611378
0.109953 0.572885
0.110766 0.759843
0.111163 0.512660
0.116332 0.733918
0.118004 0.650387
0.118402 0.670243
0.121812 0.645901
0.129882 0.824184
0.129957 0.901840
0.131721 0.665810
0.134527 0.391726
0.135246 0.696890
0.140157 0.553274
0.140494 0.789919
0.140842 0.698757
0.141327 0.514241
0.143754 0.393486
0.145254 0.909614
0.147158 0.729117
0.148291 0.703430
0.148319 0.812524
0.149099 0.628899
0.149798 0.827416
0.151810 0.736734
0.152486 0.826465
0.153434 0.779184
0.156303 0.670075
0.158100 0.735536
0.158208 0.597725
0.159003 0.775119
0.159844 0.593852
0.160188 0.686592
0.160968 0.683496
0.161091 0.659406
0.163391 0.744288
0.166832 0.388459
0.167083 0.600777
0.167696 0.733846
0.169443 0.761589
0.170653 0.707484
0.172303 0.612340
0.172857 0.800493
0.174023 0.426868
0.175291 0.798903
0.175721 0.717899
0.175761 0.795064
0.177962 0.662531
0.178393 0.808442
0.180360 0.676681
0.182124 0.708761
0.183401 0.641143
0.186944 0.865868
0.188246 0.695735
0.188667 0.739668
0.191845 0.548613
0.191862 0.632923
0.193026 0.798856
0.193048 0.783821
0.193401 0.877829
0.193521 0.560559
0.196820 0.508309
0.197362 0.716728
0.198488 0.555144
0.199053 0.513582
0.201304 0.673804
0.202424 0.323573
0.202426 0.477747
0.202477 0.564545
0.204357 0.635117
0.204476 0.551921
0.205074 0.787738
0.205703 0.683223
0.206739 0.649598
0.209240 0.664176
0.209636 0.740418
0.212210 0.569782
0.212663 0.728758
0.215746 0.477688
0.216276 0.730175
0.217989 0.617656
0.218595 0.732448
0.218649 0.826377
0.219711 0.735072
0.221376 0.822562
0.225011 0.623970
0.228950 0.616576
0.229821 0.779816
0.230464 0.692374
0.231304 0.616975
0.235858 0.701974
0.236811 0.453012
0.237059 0.480791
0.237132 0.626536
0.239367 0.522493
0.239661 0.715645
0.240933 0.471370
0.241667 0.548865
0.242408 0.468410
0.245523 0.598222
0.246030 0.613795
0.247088 0.464781
0.248282 0.746116
0.248773 0.594833
0.248900 0.690552
0.249828 0.507456
0.250392 0.726781
0.251903 0.799545
0.252218 0.580618
0.253514 0.743323
0.255819 0.441885
0.257617 0.463492
0.261304 0.444459
0.262121 0.454275
0.263649 0.388290
0.265122 0.668064
0.267432 0.735382
0.267497 0.588412
0.268065 0.539402
0.270109 0.719186
0.271776 0.458295
0.272631 0.404696
0.277046 0.293263
0.278422 0.592439
0.278980 0.724240
0.279103 0.660647
0.280877 0.467281
0.281285 0.235096
0.287001 0.541799
0.289401 0.435745
0.289561 0.703998
0.289927 0.414768
0.290833 0.690476
0.291001 0.653630
0.291889 0.598347
0.294272 0.644985
0.294945 0.489186
0.294972 0.555489
0.299455 0.749877
0.299822 0.664251
0.299846 0.562036
0.300923 0.661231
0.301210 0.649932
0.302055 0.653840
0.302810 0.359247
0.304091 0.667671
0.304531 0.640495
0.306366 0.199095
0.309384 0.518204
0.310700 0.640115
0.312377 0.635883
0.312563 0.672761
0.315014 0.598298
0.315443 0.701942
0.315758 0.561877
0.316222 0.457504
0.316450 0.467207
0.316640 0.451918
0.317065 0.593330
0.319652 0.641229
0.320533 0.597582
0.321067 0.749211
0.321177 0.559106
0.322201 0.431464
0.322961 0.739939
0.325298 0.500074
0.325935 0.601000
0.326387 0.622132
0.326409 0.622228
0.327185 0.715099
0.327580 0.395280
0.327790 0.558054
0.330019 0.468924
0.330479 0.608125
0.331112 0.412549
0.332181 0.620787
0.333239 0.707451
0.335874 0.409451
0.340146 0.499262
0.341496 0.341700
0.342606 0.555724
0.344687 0.529964
0.344787 0.678987
0.346652 0.520443
0.347267 0.475870
0.350225 0.379198
0.350469 0.407927
0.351723 0.519831
0.352460 0.486205
0.352972 0.690242
0.353286 0.602394
0.353516 0.533838
0.354203 0.446835
0.354424 0.587130
0.354495 0.517415
0.354912 0.675852
0.355390 0.583793
0.355907 0.394769
0.358017 0.577520
0.360468 0.561920
0.361103 0.560173
0.362749 0.411514
0.362858 0.571732
0.368836 0.622498
0.370116 0.347353
0.370943 0.663778
0.374514 0.429296
0.374611 0.365476
0.375989 0.655204
0.376019 0.475815
0.376245 0.580886
0.377369 0.441450
0.377499 0.348599
0.378078 0.568117
0.378180 0.601752
0.378591 0.552731
0.378684 0.434731
0.379218 0.459466
0.381720 0.463369
0.382714 0.551802
0.384144 0.412739
0.384583 0.527712
0.384957 0.295761
0.388117 0.518386
0.388414 0.519402
0.388688 0.471354
0.389595 0.635157
0.390439 0.517624
0.392519 0.421817
0.393820 0.533274
0.394766 0.411471
0.395054 0.466726
0.395779 0.228714
0.396373 0.317506
0.398664 0.085754
0.399760 0.572603
0.402082 0.662510
0.405124 0.599493
0.406190 0.484526
0.409725 0.324216
0.410919 0.556184
0.411607 0.509471
0.413262 0.495069
0.415991 0.351799
0.416086 0.532653
0.416456 0.417814
0.419871 0.386040
0.420417 0.561259
0.424275 0.514763
0.424371 0.478995
0.426554 0.512264
0.426815 0.377887
0.426903 0.258320
0.431363 0.574315
0.436183 0.474389
0.436982 0.523917
0.437450 0.262718
0.437631 0.474160
0.440851 0.367663
0.442485 0.348051
0.442551 0.406181
0.444606 0.410966
0.446129 0.429917
0.446833 0.607369
0.449262 0.565740
0.450186 0.382176
0.450474 0.480532
0.452606 0.380464
0.456702 0.608493
0.456929 0.400849
0.457667 0.600642
0.458160 0.414641
0.458392 0.445975
0.458479 0.297636
0.461083 0.163426
0.461166 0.327990
0.461534 0.570785
0.462095 0.585952
0.464911 0.415654
0.465352 0.381059
0.468053 0.559879
0.468237 0.523345
0.469887 0.570062
0.472294 0.427510
0.472651 0.550554
0.473346 0.518449
0.473742 0.178186
0.473967 0.362277
0.479918 0.408195
0.479956 0.546730
0.480417 0.127694
0.481867 0.437734
0.483011 0.562361
0.483483 0.201649
0.483694 0.547766
0.483932 0.500967
0.484015 0.315092
0.486633 0.485014
0.488031 0.433657
0.490803 0.025002
0.492428 0.160690
0.493089 0.527380
0.494009 0.587259
0.494562 0.399094
0.495404 0.392027
0.495569 0.521426
0.496712 0.437052
0.497848 0.211445
0.498182 0.102899
0.499560 0.538407
0.500928 0.142102
0.501960 0.297913
0.504646 0.374185
0.505867 0.334633
0.507508 0.371880
0.508559 0.260883
0.508955 0.412628
0.513272 0.408797
0.513548 0.517893
0.513944 0.181865
0.514113 0.244333
0.514609 0.187672
0.515217 0.523612
0.518596 0.418081
0.519262 0.359365
0.524428 0.226599
0.524919 0.563029
0.526786 0.396132
0.530505 0.490991
0.535417 0.253053
0.538687 0.460194
0.538721 0.368305
0.538865 0.289688
0.541590 0.348714
0.541645 0.429784
0.543262 0.428723
0.543456 0.301635
0.551181 0.364870
0.553411 0.387181
0.553984 0.118977
0.554473 0.140179
0.554736 0.460184
0.556398 0.269070
0.560450 0.288331
0.561542 0.210238
0.572807 0.278744
0.576912 0.348083
0.577784 0.188993
0.580679 0.439039
0.581920 0.339948
0.582240 0.349429
0.582430 0.253180
0.583141 0.446964
0.586238 0.447192
0.586942 0.228282
0.588474 0.034292
0.590371 0.232143
0.592178 0.270954
0.592243 0.304081
0.592705 0.251145
0.595806 0.220601
0.598758 0.232392
0.601568 0.366180
0.603122 0.230719
0.604524 0.383862
0.607563 0.336137
0.612764 0.188608
0.613300 0.283676
0.629160 0.211161
0.629348 0.228382
0.635594 0.388004
0.645945 0.311981
0.650395 0.125255
0.652466 0.230344
0.654134 0.295322
0.654657 0.144049
0.659777 0.348744
0.660145 0.170615
0.666415 0.382023
0.673721 0.391754
0.681353 0.209704
0.690656 0.107379
0.693217 0.209571
0.693419 0.215062
0.700131 0.222770
0.724954 0.231997
0.732020 0.375851
0.741842 0.000000
0.761057 0.243053
0.772113 0.124708
0.779438 0.221748
0.781558 0.114689
0.788970 0.248361
0.813076 0.173454
0.832482 0.130524
0.865052 0.215579
0.881818 0.215549
0.892789 0.048435
0.952205 0.077272
1.000000 0.007881
