0.000000 0.670099
0.007438 0.134395
0.013047 0.266712
0.019809 0.128630
0.028619 0.516113
0.029849 0.233719
0.037538 0.277314
0.044407 0.600213
0.046063 0.075917
0.046069 0.339978
0.049846 0.248727
0.050834 0.093957
0.054065 0.284682
0.057349 0.120187
0.066122 0.628071
0.067380 0.377401
0.070554 0.020279
0.080641 0.448379
0.084855 0.492212
0.085866 0.410354
0.087214 0.203668
0.089312 0.254354
0.091811 0.423268
0.092139 0.376226
0.092157 0.580275
0.094591 0.424081
0.097653 0.294993
0.098547 0.394495
0.098769 0.173150
0.099461 0.273370
0.099472 0.487471
0.103236 0.076794
0.104717 0.373861
0.112534 0.657605
0.112628 0.039715
0.122341 0.830508
0.126690 0.167461
0.128482 0.569305
0.130853 0.252938
0.131397 0.342324
0.132061 0.324746
0.133450 0.227973
0.133684 0.087175
0.136632 0.548556
0.143245 0.479626
0.145031 0.113165
0.145249 0.177394
0.146077 0.151587
0.146240 0.346310
0.146350 0.145961
0.146823 0.593081
0.147842 0.478531
0.148494 0.308150
0.152888 0.295355
0.153970 0.509349
0.154587 0.193891
0.154618 0.047574
0.155106 0.308385
0.156434 0.442618
0.156991 0.419388
0.156997 0.204745
0.157906 0.297620
0.161192 0.424654
0.163324 0.419236
0.164475 0.202745
0.166076 0.484558
0.166479 0.414866
0.166601 0.251979
0.167802 0.467383
0.171454 0.090193
0.172706 0.813097
0.172735 0.173614
0.174551 0.564548
0.176597 0.389857
0.179815 0.317969
0.180838 0.257993
0.182028 0.411909
0.182245 0.186367
0.182912 0.442763
0.183646 0.317008
0.183951 0.114252
0.186474 0.856100
0.187243 0.034662
0.187314 0.669446
0.189064 0.266037
0.189427 0.116815
0.191180 0.711136
0.191999 0.509320
0.192773 0.409533
0.193561 0.404661
0.194831 0.267548
0.197209 0.017635
0.197491 0.468354
0.197652 0.125496
0.197839 0.452880
0.198273 0.523530
0.199597 0.378599
0.199858 0.311949
0.201907 0.330758
0.203053 0.552598
0.204980 0.166355
0.207053 0.379697
0.207202 0.337216
0.207484 0.000000
0.208287 0.361088
0.210543 0.263652
0.211913 0.256127
0.212118 0.284708
0.212908 0.461147
0.213127 0.476737
0.213261 0.693501
0.213362 0.495996
0.213569 0.153692
0.215719 0.215696
0.216065 0.207221
0.216518 0.060230
0.217043 0.181779
0.217405 0.083069
0.218431 0.296414
0.220718 0.163781
0.221333 0.310690
0.221624 0.508461
0.222249 0.594714
0.225098 0.524027
0.225932 0.214128
0.226566 0.102359
0.226674 0.061173
0.227688 0.113208
0.228877 0.602141
0.229437 0.201426
0.229449 0.177928
0.231461 0.489190
0.231790 0.148105
0.234754 0.239669
0.235102 0.341334
0.235135 0.089125
0.236119 0.138566
0.236485 0.197694
0.237892 0.457056
0.238041 0.135935
0.241061 0.147288
0.241764 0.211982
0.241955 0.256846
0.241959 0.180064
0.243231 0.505897
0.244229 0.168226
0.244670 0.340875
0.244898 0.436689
0.245874 0.281263
0.247406 0.048492
0.248036 0.239135
0.248660 0.074979
0.249348 0.479904
0.249486 0.457626
0.249610 0.246577
0.250809 0.273047
0.250989 0.401677
0.252166 0.129431
0.252824 0.537966
0.253504 0.351696
0.254441 0.365918
0.256723 0.607115
0.257743 0.089843
0.258505 0.093851
0.259527 0.064711
0.262526 0.096555
0.262648 0.488178
0.263981 0.178413
0.268791 0.414028
0.269920 0.201516
0.270321 0.655988
0.271032 0.217296
0.271143 0.186319
0.272632 0.132646
0.272992 0.533872
0.273744 0.154138
0.274232 0.444802
0.274283 0.387001
0.276516 0.310930
0.277261 0.708607
0.279017 0.141176
0.279964 0.660769
0.280407 0.265564
0.282336 0.228829
0.282924 0.627262
0.284901 0.045249
0.286007 0.512501
0.286602 0.207440
0.288091 0.454476
0.288111 0.370994
0.292515 0.524530
0.292558 0.164982
0.293496 0.464841
0.293972 0.539664
0.294034 0.361433
0.294419 0.365755
0.294543 0.290878
0.297498 0.243290
0.299229 0.501925
0.300297 0.481527
0.302394 0.246507
0.303769 0.082736
0.304336 0.202978
0.304861 0.357858
0.305432 0.445407
0.305625 0.288044
0.305813 0.701217
0.306505 0.536636
0.307538 0.375428
0.307850 0.331412
0.310872 0.250799
0.312897 0.796457
0.312906 0.221826
0.314567 0.225744
0.314834 0.420012
0.317081 0.476273
0.317305 0.508190
0.317580 0.522929
0.317939 0.375235
0.318844 0.782436
0.319066 0.381936
0.320078 0.774116
0.320275 0.649558
0.320382 0.532838
0.320527 0.455436
0.322243 0.659297
0.324778 0.323709
0.325344 0.064769
0.325370 0.161482
0.325799 0.665024
0.326297 0.430189
0.327108 0.246075
0.327385 0.404743
0.327584 0.061068
0.327989 0.012853
0.328987 0.426121
0.330032 0.496074
0.332481 0.366737
0.333597 0.206763
0.334642 0.351248
0.334882 0.474917
0.336802 0.480171
0.336823 0.019761
0.336884 0.792598
0.337763 0.239641
0.337823 0.392090
0.338192 0.318045
0.339177 0.322419
0.339538 0.274247
0.339696 0.274328
0.341442 0.666032
0.342249 0.215590
0.342624 0.348413
0.343098 0.388014
0.346155 0.342087
0.346514 0.376103
0.347141 0.369351
0.349339 0.363874
0.350750 0.595983
0.353750 0.921599
0.356602 0.180696
0.357567 0.234211
0.358232 0.533368
0.358600 0.773783
0.359263 0.693604
0.360331 0.068399
0.360400 0.538681
0.361028 0.274699
0.365908 0.185899
0.367270 0.355037
0.368277 0.680998
0.368717 0.458020
0.368921 0.097309
0.373093 0.259825
0.373413 0.502536
0.373906 0.187480
0.373991 0.487261
0.376420 0.159602
0.380050 0.494442
0.380254 0.230208
0.380299 0.507786
0.380370 0.314545
0.381288 0.106607
0.381581 0.248704
0.385967 0.250068
0.386329 0.046136
0.386330 0.170123
0.386353 0.190889
0.386447 0.263633
0.389874 0.540997
0.390043 0.577486
0.392133 0.227722
0.394523 0.207426
0.396674 0.075115
0.397848 0.345946
0.400439 0.806320
0.400946 0.188748
0.401637 0.386299
0.403486 0.530158
0.405441 0.127523
0.405567 0.597975
0.406564 0.185401
0.409638 0.568984
0.410162 0.251768
0.410543 0.085238
0.410746 0.276217
0.412170 0.257613
0.413583 0.012640
0.413693 0.091225
0.414071 0.473857
0.415669 0.628451
0.415694 0.192715
0.420421 0.090599
0.422492 0.524689
0.424468 0.222731
0.426307 0.681706
0.428439 0.566055
0.430911 0.449078
0.431543 0.353452
0.431866 0.870778
0.433216 0.312132
0.434980 0.036133
0.436035 0.408236
0.438162 0.555746
0.439046 0.606993
0.443226 0.446881
0.444235 0.730535
0.448623 0.512166
0.448863 0.308376
0.451729 0.261426
0.455478 0.719100
0.456343 0.379130
0.457582 1.000000
0.457939 0.431605
0.458393 0.834978
0.459542 0.352619
0.461473 0.447590
0.464445 0.176667
0.465112 0.199459
0.465216 0.809494
0.466163 0.138284
0.470445 0.692786
0.472829 0.170325
0.472987 0.741981
0.473811 0.623749
0.475808 0.318579
0.476796 0.219676
0.477666 0.393391
0.480076 0.027134
0.482369 0.829254
0.483461 0.186463
0.483708 0.573606
0.485845 0.110237
0.486662 0.397486
0.487514 0.452741
0.488598 0.513004
0.490891 0.179374
0.491023 0.080295
0.491184 0.293649
0.493875 0.206221
0.495881 0.607195
0.496377 0.449116
0.497747 0.684910
0.499188 0.669308
0.499705 0.397215
0.501893 0.435938
0.503341 0.044489
0.505115 0.309100
0.515090 0.701141
0.517105 0.565708
0.522399 0.281004
0.526846 0.387572
0.528351 0.496738
0.529864 0.507762
0.532040 0.153178
0.539299 0.475629
0.540866 0.350447
0.544053 0.722222
0.546949 0.197734
0.547076 0.332096
0.549075 0.528507
0.557589 0.541717
0.558049 0.275334
0.561126 0.147736
0.564351 0.301283
0.568355 0.084406
0.568821 0.338560
0.569472 0.174523
0.573456 0.468071
0.575342 0.404419
0.575522 0.231180
0.575889 0.136950
0.576130 0.373743
0.577526 0.038493
0.578550 0.485489
0.582066 0.035907
0.584395 0.420295
0.584614 0.349233
0.586678 0.239377
0.587444 0.050545
0.588448 0.664252
0.591469 0.227355
0.592682 0.141140
0.593161 0.864460
0.597234 0.324079
0.598114 0.331872
0.598478 0.461381
0.602349 0.641799
0.604430 0.428425
0.606411 0.330560
0.607008 0.106066
0.610290 0.149817
0.617103 0.598120
0.617464 0.489868
0.621843 0.892774
0.622655 0.367850
0.623414 0.405858
0.628329 0.231098
0.629651 0.469624
0.630865 0.143221
0.632765 0.187107
0.632767 0.526180
0.640721 0.376727
0.643468 0.392240
0.646083 0.697654
0.648969 0.109498
0.649252 0.704174
0.666589 0.115403
0.668808 0.321229
0.675452 0.324554
0.681470 0.293082
0.682427 0.295539
0.688176 0.298009
0.688558 0.563140
0.691665 0.506446
0.692744 0.465946
0.699612 0.598596
0.703846 0.092105
0.709044 0.615688
0.716713 0.111591
0.724124 0.458163
0.742233 0.230716
0.757533 0.453242
0.762090 0.618379
0.768319 0.491731
0.774786 0.823444
0.784158 0.086451
0.784914 0.553591
0.790107 0.788447
0.816668 0.679299
0.817454 0.535254
0.822733 0.539038
0.834759 0.399957
0.929990 0.691120
1.000000 0.207944
