0.000000 0.597415
0.006888 0.812582
0.009424 0.923698
0.012663 0.401816
0.013359 0.792237
0.016330 0.391182
0.016801 0.680513
0.023602 0.611744
0.023793 0.636558
0.033861 0.705350
0.037195 0.501105
0.041865 0.994033
0.042217 0.621013
0.049190 0.772685
0.051080 0.868792
0.051283 0.846157
0.052839 0.406884
0.052909 0.497671
0.057857 0.740663
0.058459 0.419541
0.059092 0.410754
0.059514 0.416916
0.067357 0.406043
0.077192 0.605048
0.079134 0.713979
0.079716 0.579159
0.082817 0.933071
0.083408 0.767885
0.083447 0.605327
0.085791 0.686442
0.085848 0.442086
0.088123 0.841393
0.090549 0.814408
0.091212 0.510978
0.093140 0.867087
0.095825 0.952776
0.098118 0.749955
0.098537 0.907028
0.098935 0.674428
0.104133 0.566134
0.105624 0.776886
0.107840 0.659345
0.110029 0.468600
0.110597 0.419560
0.112215 0.460353
0.114578 0.528938
0.114800 0.867349
0.115697 0.452129
0.115841 0.526962
0.117462 1.000000
0.119940 0.696733
0.120803 0.726332
0.121103 0.722321
0.124065 0.510198
0.124086 0.920729
0.124191 0.836834
0.124355 0.999506
0.124878 0.569666
0.125259 0.815750
0.125593 0.478759
0.126750 0.802008
0.133246 0.758749
0.135246 0.592548
0.135614 0.428604
0.138191 0.986416
0.139196 0.933167
0.140591 0.548166
0.143798 0.498747
0.145605 0.745567
0.146460 0.527711
0.149823 0.631923
0.150506 0.934147
0.150550 0.427101
0.152560 0.883220
0.152782 0.507859
0.153098 0.829251
0.153761 0.931390
0.155084 0.718553
0.155393 0.668481
0.157623 0.898091
0.158618 0.800682
0.159155 0.787314
0.161791 0.671807
0.161805 0.612547
0.163192 0.637356
0.163594 0.751933
0.163965 0.872713
0.164500 0.838134
0.164830 0.496077
0.166684 0.921104
0.168826 0.714861
0.168962 0.765027
0.169268 0.879666
0.172342 0.697861
0.173424 0.696653
0.173734 0.818999
0.176012 0.848583
0.176334 0.764055
0.176791 0.660019
0.176934 0.903736
0.177727 0.913959
0.177915 0.493791
0.178026 0.840827
0.178750 0.386717
0.179599 0.915254
0.182531 0.553544
0.183579 0.644667
0.185109 0.797013
0.185271 0.421417
0.185417 0.690691
0.186563 0.426806
0.187054 0.554735
0.187227 0.537818
0.189800 0.416758
0.190120 0.428866
0.190361 0.372330
0.190742 0.496721
0.191176 0.641944
0.191385 0.761549
0.192913 0.384925
0.193847 0.490038
0.194395 0.789580
0.195048 0.597423
0.195094 0.618331
0.195202 0.798757
0.196571 0.496921
0.197721 0.624459
0.199159 0.519574
0.200298 0.680645
0.200876 0.680283
0.201979 0.836652
0.202797 0.895499
0.203909 0.683614
0.204007 0.479927
0.204828 0.393652
0.205165 0.598153
0.205432 0.821907
0.205813 0.782249
0.206081 0.715539
0.206579 0.834623
0.207184 0.927911
0.208569 0.393460
0.209304 0.974901
0.209461 0.371526
0.209688 0.400618
0.210878 0.626180
0.212525 0.573915
0.213325 0.890111
0.214806 0.682076
0.215191 0.481178
0.216082 0.892684
0.218158 0.593144
0.222644 0.871849
0.224873 0.617917
0.225660 0.476026
0.227940 0.773726
0.228516 0.731276
0.228602 0.953127
0.229544 0.529518
0.230988 0.627143
0.231722 0.866296
0.231922 0.956774
0.234882 0.774902
0.235147 0.864575
0.235899 0.725225
0.236343 0.808459
0.238452 0.429559
0.238763 0.447429
0.241874 0.693468
0.243332 0.603617
0.245607 0.642151
0.248453 0.545018
0.249021 0.488184
0.250056 0.409288
0.251104 0.896306
0.251207 0.555428
0.251591 0.453553
0.251811 0.376711
0.251913 0.874077
0.254548 0.537635
0.255361 0.680779
0.255443 0.615585
0.255825 0.842470
0.258359 0.451376
0.258808 0.856514
0.260953 0.522766
0.261241 0.781761
0.262786 0.784403
0.263522 0.420748
0.263662 0.895625
0.269344 0.486620
0.271636 0.809407
0.273631 0.957219
0.274911 0.938283
0.274925 0.531115
0.275242 0.623590
0.277133 0.416299
0.277146 0.628633
0.277542 0.769943
0.277798 0.771870
0.283123 0.682648
0.283145 0.916398
0.283617 0.574885
0.284169 0.910448
0.284495 0.412907
0.286984 0.672067
0.287125 0.506798
0.287257 0.435604
0.288126 0.413372
0.289070 0.777668
0.291685 0.868188
0.291995 0.409410
0.294204 0.612771
0.296961 0.688501
0.296976 0.542073
0.297551 0.633376
0.298232 0.583525
0.299173 0.433176
0.300842 0.451097
0.301801 0.557521
0.302348 0.753716
0.303113 0.452242
0.305576 0.715303
0.306238 0.574038
0.308066 0.741019
0.308727 0.427013
0.309565 0.540751
0.309757 0.678736
0.310067 0.670938
0.310185 0.895640
0.311617 0.540165
0.311694 0.799521
0.312688 0.909206
0.312904 0.567669
0.312960 0.830973
0.313820 0.547588
0.317663 0.539744
0.318906 0.556061
0.318961 0.916628
0.319899 0.391151
0.320847 0.897395
0.323514 0.494577
0.327305 0.587420
0.328327 0.615017
0.331682 0.593462
0.334261 0.814184
0.335871 0.862606
0.336084 0.868028
0.336274 0.868255
0.336913 0.901586
0.338865 0.613697
0.339066 0.466494
0.339193 0.703800
0.339689 0.825279
0.341348 0.549013
0.342378 0.679048
0.342423 0.581201
0.344901 0.783753
0.346334 0.794694
0.346667 0.877939
0.347433 0.903189
0.350432 0.739152
0.353703 0.698518
0.353940 0.775345
0.358898 0.731013
0.361222 0.863261
0.361347 0.445973
0.362166 0.919096
0.363321 0.778118
0.364762 0.937297
0.364835 0.616937
0.366041 0.495615
0.366061 0.474161
0.366225 0.719252
0.367202 0.548974
0.368043 0.430679
0.368911 0.445343
0.372311 0.480734
0.372356 0.877573
0.373785 0.868725
0.376793 0.639429
0.377870 0.442947
0.378040 0.714592
0.379228 0.485594
0.380134 0.469856
0.380526 0.869503
0.381290 0.755309
0.385676 0.938241
0.385835 0.561361
0.387025 0.728702
0.387897 0.600095
0.388468 0.726999
0.388839 0.605907
0.390106 0.429463
0.390293 0.963240
0.390520 0.769228
0.391084 0.841013
0.391320 0.760293
0.391544 0.723432
0.398198 0.722197
0.399376 0.565075
0.400176 0.834672
0.400552 0.648755
0.400910 0.484623
0.400965 0.676637
0.405434 0.856821
0.406935 0.854222
0.406997 0.519905
0.411608 0.921080
0.412065 0.680759
0.413948 0.687137
0.414414 0.952106
0.415192 0.758652
0.417645 0.929978
0.420582 0.820724
0.421297 0.563515
0.422237 0.929859
0.423496 0.535314
0.423984 0.449547
0.427576 0.535489
0.430825 0.731021
0.431461 0.639423
0.433874 0.681802
0.437225 0.865438
0.439574 0.777692
0.446836 0.430508
0.447150 0.893712
0.448702 0.680184
0.453157 0.665617
0.453652 0.704733
0.454669 0.918187
0.458223 0.753037
0.462298 0.880663
0.464096 0.462162
0.465026 0.710574
0.465998 0.742620
0.466649 0.900386
0.468396 0.751879
0.468554 0.443261
0.476510 0.820018
0.479426 0.427240
0.480014 0.463109
0.481488 0.805845
0.482324 0.597248
0.482629 0.549278
0.484837 0.701704
0.484920 0.449170
0.485367 0.468373
0.492868 0.512945
0.496333 0.838922
0.497172 0.796592
0.499469 0.550264
0.500749 0.827956
0.502384 0.867451
0.510130 0.916346
0.510370 0.928639
0.510817 0.495920
0.511183 0.436102
0.511740 0.488167
0.511814 0.815557
0.512286 0.858112
0.513563 0.582534
0.515339 0.760413
0.517919 0.462555
0.521480 0.931513
0.523903 0.644760
0.525235 0.599594
0.526241 0.658233
0.529112 0.896791
0.533163 0.578918
0.540892 0.392449
0.541945 0.415740
0.543569 0.423643
0.545680 0.701159
0.547673 0.756166
0.550947 0.443527
0.558085 0.728527
0.558172 0.837892
0.560181 0.658259
0.565009 0.438708
0.569780 0.416767
0.572689 0.471827
0.585206 0.735953
0.599213 0.601652
0.611563 0.336974
0.614626 0.579944
0.632342 0.547425
0.657050 0.779949
0.681104 0.600553
0.681777 0.501301
0.723574 0.411732
0.732679 0.518816
0.754165 0.442565
0.788918 0.265762
0.800069 0.226827
0.952492 0.378092
1.000000 0.000000
