0.000000 0.061932
0.002118 0.391331
0.009160 0.007637
0.009804 0.207439
0.015125 0.161178
0.016058 0.150839
0.017172 0.245563
0.017277 0.387282
0.017301 0.433765
0.020027 0.351930
0.022284 0.106156
0.022928 0.048343
0.023426 0.370442
0.023599 0.218253
0.025022 0.324799
0.026226 0.311256
0.026387 0.256624
0.028638 0.042165
0.029349 0.016559
0.031201 0.314444
0.032920 0.087825
0.044028 0.329652
0.044076 0.124501
0.044430 0.379850
0.046605 0.010152
0.047204 0.000000
0.047868 0.042725
0.049162 0.174145
0.049399 0.313803
0.050826 0.331171
0.051273 0.134939
0.051982 0.329361
0.053438 0.363117
0.053889 0.388396
0.054692 0.318366
0.057642 0.031736
0.058149 0.168696
0.059475 0.185065
0.059540 0.349835
0.062230 0.342288
0.062277 0.030011
0.063414 0.367985
0.063786 0.079847
0.064142 0.222258
0.064305 0.340561
0.064390 0.181528
0.064408 0.402776
0.065464 0.084613
0.065659 0.006324
0.066667 0.336399
0.069400 0.200495
0.069639 0.120608
0.069978 0.282036
0.073125 0.249195
0.074295 0.264430
0.074547 0.288305
0.076287 0.260241
0.076434 0.070100
0.078705 0.382814
0.078915 0.313440
0.078948 0.372395
0.079222 0.100259
0.079895 0.436948
0.081405 0.170048
0.082141 0.024684
0.082674 0.076917
0.082776 0.328415
0.083849 0.317150
0.084745 0.298593
0.084803 0.259553
0.086190 0.427811
0.086731 0.400407
0.087361 0.123496
0.088044 0.245552
0.088291 0.242264
0.089431 0.330863
0.089762 0.364719
0.090011 0.090866
0.092930 0.063498
0.094198 0.424265
0.095336 0.370328
0.096049 0.142045
0.097128 0.273255
0.097235 0.173479
0.097645 0.071374
0.097780 0.014835
0.098149 0.216748
0.098735 0.292044
0.099025 0.064726
0.099523 0.144486
0.099867 0.179439
0.100395 0.334488
0.102548 0.381011
0.102913 0.066918
0.104066 0.300587
0.104697 0.027213
0.105129 0.419196
0.105700 0.201195
0.106973 0.272880
0.107530 0.294791
0.107559 0.124365
0.107794 0.342958
0.108406 0.217106
0.108738 0.432456
0.108889 0.428615
0.110739 0.245753
0.112235 0.044193
0.113705 0.405863
0.113893 0.179404
0.115175 0.112424
0.118850 0.266310
0.120276 0.229964
0.120974 0.022786
0.121971 0.457558
0.123954 0.181870
0.124745 0.308966
0.125047 0.470076
0.125101 0.053069
0.125281 0.286474
0.125293 0.450440
0.125624 0.446594
0.125916 0.050390
0.126795 0.405751
0.127384 0.075236
0.127533 0.348155
0.127824 0.186650
0.130001 0.166707
0.130033 0.344065
0.130156 0.231116
0.130642 0.017524
0.131183 0.417759
0.131338 0.323337
0.131702 0.469545
0.131803 0.214831
0.132271 0.276228
0.133265 0.362226
0.134404 0.229534
0.134492 0.049487
0.134495 0.150353
0.134878 0.335717
0.135482 0.263081
0.135489 0.283220
0.135550 0.440298
0.136762 0.410328
0.136996 0.440326
0.138707 0.052613
0.138912 0.282586
0.138943 0.100674
0.140359 0.455683
0.141064 0.427221
0.141576 0.347551
0.142600 0.474702
0.143465 0.320574
0.143884 0.028505
0.144834 0.137136
0.145475 0.084817
0.145579 0.442177
0.145672 0.038292
0.147312 0.368427
0.147782 0.400807
0.148246 0.336226
0.150319 0.069847
0.151264 0.334454
0.151395 0.263844
0.151596 0.374913
0.153056 0.164125
0.153215 0.038096
0.153368 0.271956
0.153610 0.339514
0.154423 0.461486
0.154747 0.108566
0.154960 0.053599
0.155032 0.417307
0.155568 0.377935
0.155902 0.404216
0.156567 0.296408
0.157132 0.255275
0.157280 0.329569
0.157525 0.410203
0.157896 0.311142
0.159061 0.234676
0.159270 0.163834
0.160811 0.468628
0.161267 0.055646
0.161477 0.385502
0.162026 0.271629
0.162833 0.312944
0.163172 0.408570
0.163276 0.300045
0.163543 0.261795
0.164807 0.429912
0.165164 0.072543
0.165764 0.171051
0.165835 0.130166
0.165875 0.358444
0.166246 0.338710
0.166426 0.236760
0.167214 0.369742
0.167344 0.082578
0.167827 0.239182
0.168271 0.415379
0.169819 0.418759
0.169946 0.065674
0.170526 0.424839
0.170980 0.457905
0.171222 0.261389
0.171678 0.185557
0.172081 0.400811
0.172163 0.211864
0.172192 0.089802
0.172496 0.387745
0.172557 0.091430
0.173447 0.473479
0.174030 0.471026
0.174488 0.359320
0.175411 0.044809
0.175677 0.356422
0.176909 0.342986
0.177357 0.180751
0.178160 0.253328
0.178801 0.286088
0.179734 0.208565
0.180573 0.334204
0.180675 0.314139
0.180944 0.330117
0.181024 0.395920
0.181129 0.430355
0.181392 0.024590
0.181843 0.085633
0.182018 0.434725
0.182672 0.060276
0.184295 0.323982
0.184551 0.148547
0.184822 0.113162
0.184994 0.123631
0.185168 0.296692
0.185828 0.371398
0.185997 0.099095
0.186043 0.347242
0.186326 0.166172
0.186506 0.472159
0.186605 0.251855
0.187126 0.320468
0.187320 0.213421
0.187463 0.116032
0.187777 0.120672
0.187997 0.139366
0.188660 0.422934
0.188689 0.291248
0.188721 0.055799
0.188988 0.235097
0.189181 0.478820
0.189380 0.180839
0.189809 0.025447
0.190099 0.449078
0.190362 0.191004
0.190553 0.441343
0.190894 0.101056
0.191575 0.144326
0.191582 0.188136
0.191931 0.042082
0.192749 0.065130
0.193213 0.469528
0.194420 0.101879
0.195780 0.188687
0.196409 0.103398
0.196579 0.297061
0.196789 0.301012
0.197426 0.400279
0.198935 0.474176
0.199062 0.406791
0.200356 0.242662
0.200970 0.224032
0.201313 0.424319
0.201866 0.106271
0.202790 0.155214
0.202884 0.080314
0.202897 0.134462
0.205044 0.048980
0.205702 0.054668
0.206040 0.290371
0.206276 0.173098
0.207254 0.440768
0.207294 0.476433
0.207652 0.115573
0.207762 0.107679
0.208420 0.339671
0.209384 0.277591
0.210275 0.311340
0.211892 0.055880
0.214726 0.249256
0.214921 0.073207
0.215628 0.155164
0.216044 0.397115
0.216089 0.463016
0.216237 0.465065
0.217011 0.323459
0.217179 0.457356
0.217194 0.038800
0.217828 0.381772
0.218324 0.341018
0.218358 0.435204
0.218399 0.461429
0.219438 0.387464
0.220264 0.374511
0.220353 0.398847
0.220418 0.204074
0.220468 0.481347
0.221089 0.296653
0.221540 0.135439
0.221976 0.446195
0.222188 0.106070
0.222201 0.098549
0.222815 0.307853
0.223807 0.085283
0.223905 0.073739
0.224385 0.225528
0.225247 0.032177
0.225492 0.199510
0.225508 0.172055
0.225591 0.412781
0.225629 0.267101
0.225645 0.383444
0.225768 0.421133
0.225950 0.219416
0.226333 0.162558
0.227013 0.378219
0.227184 0.111721
0.227229 0.257289
0.227373 0.049471
0.227808 0.232404
0.227862 0.180726
0.228326 0.041241
0.228369 0.340166
0.229064 0.325400
0.229278 0.369200
0.230405 0.048495
0.231510 0.248931
0.231662 0.272444
0.233616 0.186484
0.233678 0.285397
0.233857 0.344079
0.234265 0.427326
0.234703 0.427441
0.236736 0.432021
0.236798 0.133037
0.237134 0.043785
0.237201 0.178475
0.237461 0.030475
0.237867 0.314176
0.239134 0.364861
0.239442 0.130656
0.239553 0.303228
0.239577 0.127583
0.240470 0.224867
0.240685 0.138422
0.241001 0.236683
0.242341 0.370221
0.242494 0.166688
0.242550 0.387612
0.242849 0.151183
0.243028 0.474683
0.243566 0.404269
0.243744 0.289838
0.243896 0.446870
0.244147 0.294109
0.244298 0.090783
0.244351 0.097462
0.244492 0.264342
0.244672 0.275233
0.245730 0.245930
0.245744 0.281172
0.245891 0.447486
0.245999 0.269254
0.246137 0.371557
0.246389 0.182582
0.246478 0.383493
0.246768 0.405118
0.247029 0.431829
0.247803 0.390479
0.247832 0.306124
0.247893 0.321129
0.248124 0.238120
0.248424 0.463765
0.248611 0.039289
0.249312 0.137545
0.250485 0.363806
0.250738 0.111944
0.250767 0.311652
0.251718 0.115159
0.252367 0.114044
0.253150 0.351287
0.253456 0.154813
0.253958 0.139989
0.254009 0.421090
0.254059 0.285981
0.254245 0.299567
0.255171 0.284820
0.255566 0.055778
0.255950 0.238429
0.256126 0.317618
0.256825 0.292530
0.257619 0.320142
0.257870 0.228232
0.257895 0.214782
0.258107 0.113012
0.259188 0.212105
0.259422 0.091486
0.260065 0.469066
0.260694 0.457791
0.260751 0.452044
0.260791 0.471646
0.261341 0.330635
0.262222 0.176121
0.262294 0.443421
0.263136 0.069127
0.263157 0.368601
0.264521 0.047073
0.264686 0.072139
0.264790 0.171245
0.265043 0.416204
0.265067 0.325793
0.265309 0.060705
0.265712 0.129187
0.265817 0.045143
0.266121 0.134692
0.266409 0.189922
0.266774 0.126542
0.266947 0.045442
0.267533 0.197260
0.267719 0.463850
0.268008 0.094758
0.268218 0.137550
0.269610 0.088156
0.269793 0.487369
0.269847 0.433613
0.270109 0.078654
0.270113 0.462852
0.271566 0.201327
0.271735 0.398211
0.272054 0.316930
0.272733 0.099190
0.273278 0.085397
0.273404 0.064716
0.275374 0.185770
0.275430 0.476398
0.276411 0.445880
0.276695 0.480606
0.277450 0.360309
0.278326 0.083115
0.278887 0.204281
0.279257 0.146354
0.280050 0.366524
0.280144 0.490341
0.280604 0.103012
0.280672 0.362432
0.281893 0.501350
0.282139 0.063576
0.282287 0.271350
0.282427 0.242286
0.282573 0.181672
0.282630 0.483936
0.283165 0.397965
0.283959 0.073070
0.284937 0.218909
0.286044 0.334822
0.286247 0.462150
0.287231 0.390262
0.287567 0.165029
0.289038 0.163688
0.289590 0.384482
0.290377 0.110858
0.291725 0.209384
0.292194 0.466952
0.292291 0.191887
0.292601 0.284840
0.292711 0.362701
0.292787 0.166383
0.293326 0.370059
0.293787 0.165179
0.294270 0.352919
0.294996 0.302870
0.295011 0.248151
0.296264 0.361340
0.296749 0.469174
0.297195 0.065152
0.297514 0.226587
0.297678 0.079114
0.297958 0.157702
0.298249 0.376806
0.298278 0.245195
0.298646 0.332171
0.298968 0.266499
0.299162 0.179196
0.299354 0.308840
0.300000 0.486296
0.300871 0.296310
0.301399 0.374999
0.301467 0.344941
0.301861 0.347654
0.301921 0.416381
0.302056 0.253834
0.302250 0.278974
0.302660 0.088803
0.302786 0.125497
0.303404 0.285990
0.303777 0.101898
0.304165 0.452626
0.304495 0.484889
0.304591 0.334951
0.304832 0.103524
0.304900 0.084131
0.306081 0.358767
0.306396 0.195629
0.306640 0.199399
0.307186 0.398008
0.307655 0.093517
0.307807 0.209773
0.308085 0.174039
0.308114 0.401872
0.308543 0.427401
0.308643 0.252945
0.309296 0.130988
0.309362 0.206171
0.310601 0.092110
0.310666 0.141568
0.312303 0.459457
0.312600 0.442120
0.313047 0.387340
0.313507 0.198730
0.313550 0.361547
0.313736 0.303203
0.313834 0.326024
0.313870 0.328615
0.314117 0.350371
0.314964 0.518201
0.315680 0.306607
0.315872 0.473072
0.316275 0.124147
0.316550 0.178631
0.317209 0.434550
0.318032 0.101398
0.318148 0.186823
0.320358 0.078132
0.320776 0.123507
0.321172 0.502530
0.321232 0.161349
0.322281 0.071180
0.322740 0.421840
0.322968 0.527608
0.323972 0.080067
0.323987 0.448731
0.324178 0.413346
0.324534 0.399673
0.324640 0.241464
0.324839 0.273504
0.326118 0.442215
0.326145 0.088504
0.326242 0.315145
0.326301 0.210735
0.326720 0.510730
0.326888 0.380740
0.327187 0.450328
0.328036 0.482998
0.329140 0.434810
0.329212 0.241358
0.330005 0.411305
0.330308 0.089377
0.331651 0.339284
0.332175 0.232028
0.332232 0.189302
0.332472 0.087020
0.332844 0.133935
0.333290 0.132185
0.333315 0.153736
0.334352 0.305494
0.334569 0.233842
0.334995 0.104454
0.335287 0.111141
0.335340 0.390680
0.335789 0.475241
0.336785 0.448036
0.338088 0.394707
0.338202 0.483730
0.339526 0.418748
0.339595 0.265701
0.339799 0.279523
0.340564 0.122546
0.341441 0.256200
0.341503 0.261877
0.343085 0.371400
0.343205 0.128611
0.344107 0.254592
0.346059 0.233716
0.346749 0.523036
0.346877 0.351928
0.347301 0.091452
0.348214 0.367830
0.349059 0.187917
0.349138 0.471821
0.349386 0.185261
0.349847 0.474131
0.349932 0.378886
0.351242 0.331299
0.352808 0.369496
0.353341 0.223954
0.354364 0.224437
0.354554 0.144789
0.354690 0.383206
0.354967 0.115184
0.355039 0.077091
0.355375 0.171712
0.355696 0.071379
0.355968 0.534680
0.356344 0.506989
0.356780 0.542916
0.356988 0.377155
0.357214 0.402511
0.357963 0.340070
0.358435 0.339374
0.358902 0.502324
0.360243 0.364838
0.361567 0.490520
0.361647 0.120159
0.362145 0.176564
0.362414 0.390042
0.363936 0.520214
0.363962 0.472791
0.364043 0.167187
0.364733 0.295895
0.364765 0.281731
0.365932 0.528671
0.366211 0.327462
0.366692 0.362898
0.367563 0.467778
0.369625 0.208283
0.370185 0.296333
0.371516 0.391183
0.371702 0.302130
0.373374 0.222884
0.373638 0.522739
0.375225 0.508510
0.376060 0.362498
0.376241 0.172751
0.376430 0.272820
0.376850 0.274391
0.378002 0.145972
0.378265 0.405788
0.379260 0.104964
0.379353 0.352852
0.379494 0.410402
0.379625 0.438698
0.380179 0.360838
0.380254 0.155903
0.380618 0.127979
0.381170 0.341006
0.381302 0.176480
0.381820 0.541368
0.382184 0.362886
0.383021 0.458832
0.383107 0.377555
0.383253 0.463445
0.384110 0.240586
0.384135 0.466177
0.384299 0.122477
0.385414 0.261024
0.385475 0.419737
0.385889 0.081866
0.385971 0.434672
0.386836 0.354318
0.387050 0.091376
0.387384 0.400739
0.389455 0.293468
0.389578 0.425312
0.390124 0.289564
0.390982 0.348562
0.391762 0.491486
0.391812 0.120507
0.393894 0.474462
0.394022 0.130148
0.394782 0.503816
0.395008 0.259948
0.396851 0.086864
0.397049 0.102370
0.397176 0.362171
0.398084 0.080437
0.399918 0.167106
0.400300 0.432948
0.400326 0.119046
0.400844 0.411956
0.401603 0.112764
0.402855 0.137812
0.406114 0.231604
0.406122 0.542013
0.406505 0.190180
0.407103 0.570735
0.407342 0.184116
0.407918 0.345588
0.408674 0.531506
0.408931 0.385734
0.409211 0.543250
0.410699 0.276725
0.410926 0.316631
0.411301 0.115014
0.411462 0.505934
0.412517 0.348195
0.416282 0.169359
0.416713 0.140482
0.417174 0.565900
0.417475 0.302572
0.418014 0.435288
0.419550 0.373763
0.421383 0.562159
0.421550 0.247657
0.422724 0.323154
0.423213 0.204281
0.424219 0.135173
0.424835 0.101249
0.424982 0.185322
0.425860 0.304654
0.425970 0.372090
0.427890 0.244217
0.428202 0.278867
0.428720 0.244857
0.429456 0.213751
0.430126 0.520330
0.430232 0.107914
0.430284 0.245034
0.430439 0.293005
0.431040 0.499902
0.432852 0.556692
0.433423 0.520064
0.433870 0.560244
0.434705 0.520561
0.436448 0.161471
0.437588 0.210454
0.437907 0.244899
0.437933 0.375016
0.438284 0.575863
0.438592 0.249025
0.439931 0.506401
0.439961 0.475277
0.441975 0.414811
0.442506 0.328528
0.443629 0.474947
0.443899 0.446997
0.444316 0.271166
0.445414 0.566768
0.446348 0.257580
0.448102 0.446108
0.449079 0.421697
0.449702 0.604467
0.450217 0.483435
0.450444 0.371910
0.451691 0.422297
0.452262 0.296935
0.452618 0.176535
0.452740 0.489213
0.454836 0.566085
0.455335 0.433993
0.457565 0.531276
0.458002 0.447888
0.458745 0.523552
0.460001 0.344057
0.460292 0.298459
0.462968 0.446010
0.463327 0.453093
0.464448 0.465579
0.464580 0.417006
0.465743 0.326551
0.466780 0.464689
0.467404 0.377719
0.469138 0.187236
0.469232 0.411885
0.470833 0.209891
0.471259 0.421085
0.471924 0.620690
0.472387 0.394244
0.474782 0.501486
0.476368 0.593764
0.477788 0.634337
0.477941 0.530776
0.478908 0.574347
0.479006 0.237562
0.479109 0.310033
0.480257 0.518551
0.482263 0.311190
0.482510 0.617108
0.483214 0.228500
0.483374 0.330012
0.484526 0.158601
0.484841 0.309280
0.485188 0.506514
0.486327 0.253829
0.486477 0.599224
0.487236 0.381282
0.487847 0.312931
0.490433 0.519848
0.491397 0.309672
0.491861 0.662143
0.492933 0.258654
0.493320 0.576352
0.500705 0.272572
0.503590 0.499868
0.503837 0.551706
0.504061 0.410802
0.507112 0.387084
0.507476 0.242734
0.507614 0.277178
0.508545 0.317245
0.510399 0.411171
0.513513 0.405174
0.513578 0.295736
0.513764 0.499123
0.513919 0.262612
0.515455 0.335960
0.516435 0.237115
0.516725 0.276775
0.517119 0.634936
0.518063 0.500081
0.522617 0.481345
0.524464 0.620573
0.525543 0.334072
0.526915 0.524762
0.528063 0.533050
0.528436 0.386259
0.531558 0.363279
0.536282 0.427131
0.539091 0.442389
0.539870 0.547282
0.541255 0.384588
0.542689 0.651288
0.542915 0.556002
0.545172 0.470187
0.546426 0.675421
0.546427 0.255439
0.547501 0.598200
0.549184 0.504383
0.550300 0.464095
0.551231 0.303787
0.551969 0.576724
0.552342 0.666867
0.553972 0.474428
0.554776 0.560514
0.555164 0.436263
0.555561 0.288247
0.555816 0.244186
0.556763 0.579540
0.558305 0.534605
0.560202 0.299439
0.561364 0.757986
0.562920 0.234609
0.563156 0.305771
0.564542 0.328613
0.564543 0.773417
0.566006 0.587895
0.568752 0.349811
0.572719 0.284593
0.574371 0.732384
0.575594 0.537054
0.576822 0.707688
0.579150 0.250619
0.579796 0.366790
0.581191 0.623928
0.584755 0.628162
0.586084 0.599675
0.587486 0.740134
0.588317 0.463695
0.588599 0.382280
0.590251 0.735790
0.593095 0.473627
0.594686 0.720834
0.597658 0.641013
0.598236 0.653269
0.599048 0.774943
0.599196 0.746825
0.601233 0.289325
0.602079 0.676173
0.607648 0.568821
0.608415 0.726051
0.608884 0.255683
0.613755 0.426893
0.615175 0.479724
0.617081 0.600627
0.618591 0.513898
0.624021 0.435276
0.624749 0.776093
0.628724 0.500113
0.628820 0.723905
0.631696 0.488803
0.631827 0.301185
0.632588 0.616020
0.639008 0.662208
0.653224 0.288194
0.658062 0.857725
0.658716 0.692047
0.668542 0.685128
0.674714 0.879258
0.683032 0.628269
0.688973 0.790148
0.689040 0.380649
0.693989 0.461342
0.696640 0.948218
0.697133 0.664936
0.697291 0.863025
0.697848 0.820671
0.700378 0.773518
0.702562 0.894974
0.711892 0.706316
0.723668 0.808881
0.730472 0.579298
0.736024 0.925650
0.741500 0.454823
0.752628 0.430616
0.760475 0.687136
0.793908 0.480170
0.833303 0.617472
0.859482 0.506917
0.862311 0.613531
1.000000 1.000000
