0.000000 0.953144
0.005049 0.748915
0.007824 0.902784
0.007891 0.860227
0.009141 1.000000
0.012400 0.866652
0.012728 0.906935
0.015697 0.870501
0.015976 0.983024
0.017857 0.833031
0.020106 0.740680
0.022115 0.729742
0.023170 0.973977
0.024316 0.980016
0.024731 0.911514
0.028840 0.833141
0.031052 0.927405
0.031065 0.902536
0.032494 0.864885
0.032623 0.914489
0.037323 0.805304
0.038046 0.730063
0.040119 0.731122
0.040608 0.784382
0.041605 0.839242
0.043693 0.853776
0.044622 0.950022
0.046064 0.732360
0.046636 0.732202
0.048273 0.740091
0.050287 0.866341
0.050667 0.968035
0.051222 0.983182
0.051900 0.741585
0.058938 0.840221
0.059171 0.789656
0.061703 0.863476
0.062279 0.916470
0.062524 0.783505
0.062703 0.942831
0.062959 0.749656
0.062962 0.967413
0.066316 0.952636
0.067463 0.763945
0.067521 0.890080
0.070615 0.774364
0.070656 0.905227
0.070929 0.866704
0.072526 0.898608
0.073075 0.777276
0.074541 0.865266
0.076537 0.980636
0.076813 0.898722
0.076942 0.865682
0.077059 0.811069
0.081106 0.843872
0.081918 0.920876
0.083069 0.783010
0.083717 0.876350
0.084086 0.798141
0.085366 0.804721
0.086702 0.838881
0.087063 0.961359
0.091011 0.767917
0.093533 0.771184
0.093875 0.958995
0.094407 0.794457
0.095240 0.758183
0.095384 0.879289
0.095555 0.895583
0.096117 0.877564
0.097845 0.971089
0.097862 0.847880
0.099613 0.820186
0.100114 0.964560
0.100209 0.832821
0.101282 0.931424
0.101694 0.890550
0.102008 0.795559
0.102052 0.890170
0.102154 0.729234
0.102436 0.814161
0.102702 0.882876
0.103577 0.941674
0.104047 0.923225
0.104604 0.861140
0.108195 0.841743
0.108793 0.733178
0.110021 0.747131
0.110248 0.893573
0.110450 0.900369
0.110986 0.810242
0.111950 0.799863
0.112083 0.731537
0.112756 0.777985
0.117251 0.774597
0.117422 0.965987
0.117433 0.752778
0.118055 0.897286
0.118473 0.939969
0.121657 0.973822
0.122837 0.787660
0.124278 0.901473
0.124477 0.811059
0.125121 0.926504
0.127556 0.736846
0.129480 0.786421
0.130175 0.962432
0.130491 0.760368
0.130739 0.852145
0.133284 0.881203
0.134875 0.796113
0.135080 0.957769
0.135185 0.803541
0.135389 0.864471
0.136054 0.833330
0.137209 0.916702
0.137284 0.948404
0.137988 0.926888
0.137999 0.766902
0.138117 0.836878
0.138400 0.864737
0.138937 0.759874
0.142162 0.746556
0.143264 0.768771
0.144507 0.869428
0.145054 0.751844
0.146055 0.730999
0.146093 0.865515
0.146138 0.841155
0.146336 0.770959
0.146488 0.898536
0.147114 0.757631
0.147609 0.851976
0.148155 0.921161
0.148227 0.802694
0.148424 0.864943
0.149853 0.749458
0.150176 0.873396
0.150655 0.775825
0.151021 0.927692
0.151553 0.826688
0.151714 0.927888
0.152878 0.900655
0.154028 0.781090
0.154267 0.873106
0.155093 0.777159
0.156493 0.755506
0.156672 0.902870
0.158697 0.852646
0.159665 0.889765
0.159762 0.888180
0.160669 0.904345
0.161010 0.936694
0.161412 0.958554
0.161513 0.878296
0.162892 0.777039
0.163276 0.978721
0.163890 0.883569
0.164464 0.900414
0.165115 0.981449
0.165136 0.893413
0.165656 0.813154
0.166236 0.920680
0.166333 0.947441
0.166595 0.784251
0.166880 0.769276
0.167527 0.966609
0.169868 0.914744
0.170326 0.902310
0.172230 0.967839
0.172847 0.768700
0.174723 0.893325
0.174939 0.866419
0.175242 0.932099
0.175311 0.837132
0.175462 0.853107
0.176896 0.805886
0.177663 0.901047
0.178047 0.988703
0.178505 0.824901
0.179158 0.903308
0.179577 0.953355
0.179695 0.862720
0.179723 0.748062
0.179932 0.971698
0.180519 0.945777
0.180857 0.823493
0.181337 0.834188
0.181458 0.805663
0.181758 0.800027
0.182669 0.887811
0.182802 0.900409
0.182852 0.811765
0.184173 0.928837
0.184482 0.879382
0.184748 0.815753
0.185031 0.858303
0.185452 0.891054
0.185932 0.987317
0.186869 0.833809
0.187106 0.824660
0.187854 0.803319
0.187899 0.830725
0.188011 0.755117
0.188768 0.953171
0.189124 0.917576
0.189564 0.869316
0.189808 0.885594
0.190636 0.864168
0.191000 0.882063
0.191323 0.773980
0.191889 0.932541
0.192313 0.802662
0.192379 0.961829
0.192554 0.889517
0.192814 0.852595
0.193046 0.939832
0.193850 0.743945
0.193924 0.971643
0.193992 0.982941
0.194417 0.941337
0.194656 0.799556
0.194728 0.853812
0.195114 0.864122
0.196275 0.809613
0.196413 0.774467
0.197279 0.895156
0.197955 0.841254
0.198254 0.812914
0.198335 0.976676
0.199197 0.874130
0.199206 0.984571
0.199653 0.787393
0.200190 0.843963
0.201012 0.986826
0.201262 0.940597
0.201306 0.904570
0.202667 0.827380
0.203185 0.952173
0.203375 0.900603
0.203865 0.815732
0.204039 0.800409
0.205272 0.832343
0.205735 0.839538
0.205789 0.867017
0.205922 0.742990
0.206246 0.755806
0.206428 0.925176
0.206447 0.901816
0.207602 0.919705
0.208570 0.910744
0.209947 0.940189
0.209960 0.810664
0.210301 0.956015
0.210409 0.959691
0.211319 0.841603
0.211547 0.898729
0.211930 0.868639
0.212457 0.785773
0.212759 0.940223
0.213525 0.761396
0.215064 0.769934
0.215125 0.868653
0.215682 0.742515
0.215706 0.830722
0.216573 0.782184
0.216920 0.823807
0.217057 0.844831
0.218517 0.772914
0.218886 0.761343
0.219040 0.816231
0.219436 0.821854
0.220063 0.930781
0.220484 0.863559
0.220638 0.792260
0.220877 0.901264
0.221090 0.889677
0.221293 0.869541
0.221355 0.739370
0.221431 0.902996
0.221795 0.968739
0.222261 0.910273
0.222304 0.741820
0.222407 0.923083
0.222634 0.804385
0.223018 0.860440
0.223432 0.799364
0.224209 0.920039
0.224343 0.884148
0.225062 0.737182
0.225967 0.888210
0.226288 0.849613
0.226380 0.943327
0.226509 0.737231
0.227300 0.946621
0.227513 0.934267
0.228141 0.752184
0.228709 0.944893
0.229003 0.893589
0.229220 0.901587
0.229585 0.879465
0.231256 0.942135
0.232734 0.950211
0.233593 0.808689
0.233635 0.943123
0.233804 0.868254
0.234427 0.933598
0.234542 0.828244
0.234682 0.845875
0.234740 0.906126
0.235149 0.889638
0.235186 0.833513
0.235317 0.837260
0.236273 0.857792
0.237367 0.912222
0.237383 0.760786
0.237394 0.911247
0.238051 0.840318
0.238602 0.836372
0.239720 0.824214
0.239992 0.845720
0.240171 0.806180
0.241295 0.778924
0.242128 0.887576
0.242670 0.849591
0.243001 0.933403
0.243420 0.774881
0.245570 0.898484
0.245641 0.754804
0.245825 0.946240
0.246910 0.891690
0.247612 0.938386
0.247822 0.756493
0.248270 0.910938
0.248657 0.822109
0.248751 0.787328
0.249876 0.803403
0.250185 0.881117
0.250322 0.779413
0.250850 0.778116
0.252234 0.862826
0.252385 0.940576
0.253785 0.793174
0.253907 0.931074
0.254166 0.966080
0.254434 0.813669
0.254988 0.829838
0.255245 0.871792
0.255342 0.962024
0.256067 0.926243
0.256562 0.805826
0.257497 0.890960
0.258113 0.734294
0.258163 0.919871
0.259638 0.790945
0.259786 0.772807
0.260116 0.883691
0.260304 0.739169
0.260537 0.826819
0.260765 0.794825
0.261129 0.792824
0.262175 0.802471
0.262714 0.851238
0.263267 0.750222
0.265028 0.910503
0.265126 0.890345
0.265575 0.746449
0.266054 0.875499
0.266738 0.781986
0.266839 0.887218
0.267422 0.891718
0.267605 0.781372
0.267606 0.858189
0.267894 0.827217
0.269411 0.892562
0.269830 0.843990
0.269943 0.771686
0.270506 0.852557
0.272343 0.809381
0.272694 0.964183
0.273042 0.910578
0.273298 0.885618
0.273737 0.736194
0.273899 0.889698
0.273914 0.787112
0.273988 0.742383
0.274006 0.919742
0.274709 0.962914
0.275313 0.732432
0.275741 0.841253
0.275786 0.773360
0.276581 0.743029
0.278468 0.783821
0.278571 0.918499
0.279684 0.737256
0.279993 0.767706
0.280490 0.897725
0.280498 0.891366
0.280500 0.895993
0.280526 0.797835
0.281235 0.812846
0.281933 0.876411
0.282084 0.894086
0.282350 0.818964
0.282381 0.941806
0.282873 0.865646
0.283562 0.753071
0.283563 0.746337
0.283869 0.907242
0.283916 0.884753
0.284411 0.896217
0.284909 0.898210
0.285035 0.771902
0.285353 0.949536
0.285517 0.897642
0.286031 0.725266
0.286702 0.845057
0.286959 0.840425
0.287154 0.819308
0.287994 0.858118
0.288161 0.890585
0.288267 0.911389
0.288791 0.888015
0.289312 0.910049
0.289503 0.885664
0.289579 0.944018
0.290045 0.905745
0.290467 0.748280
0.291073 0.810237
0.291597 0.936936
0.291810 0.776874
0.291875 0.813677
0.292388 0.923642
0.292608 0.814521
0.293029 0.782859
0.293689 0.944750
0.293889 0.847372
0.294010 0.806639
0.294534 0.847047
0.294829 0.773545
0.295361 0.761984
0.295864 0.902394
0.296208 0.927078
0.296678 0.952771
0.296791 0.824082
0.297064 0.931274
0.297291 0.943498
0.297724 0.770674
0.297800 0.907289
0.297989 0.925358
0.298094 0.933963
0.298310 0.893547
0.298620 0.842162
0.298717 0.926453
0.299193 0.916562
0.299464 0.919827
0.299508 0.887234
0.299510 0.886823
0.300290 0.787837
0.302070 0.834782
0.303081 0.850105
0.303428 0.789577
0.304335 0.790571
0.304461 0.941327
0.304597 0.838060
0.304724 0.905914
0.304877 0.872834
0.307949 0.821043
0.307961 0.928489
0.309160 0.776537
0.309413 0.853736
0.310086 0.890347
0.310514 0.893923
0.311402 0.884698
0.312107 0.896912
0.312245 0.813871
0.313138 0.756177
0.313334 0.867559
0.313450 0.881501
0.313580 0.854884
0.313900 0.907477
0.314464 0.727139
0.315142 0.752049
0.315167 0.877822
0.315169 0.799754
0.315228 0.809344
0.315436 0.877734
0.316576 0.790472
0.317006 0.903813
0.317140 0.851145
0.317302 0.903240
0.318770 0.798611
0.319433 0.855716
0.319547 0.782624
0.319663 0.838817
0.319893 0.756876
0.320064 0.755933
0.320094 0.862347
0.320665 0.827889
0.320682 0.917254
0.320710 0.861264
0.320932 0.852978
0.321888 0.818981
0.322848 0.801798
0.323187 0.911854
0.323722 0.854331
0.323781 0.930203
0.324427 0.791870
0.325315 0.833124
0.325543 0.915920
0.325846 0.911650
0.325926 0.718674
0.326103 0.741450
0.326389 0.852902
0.326869 0.765103
0.327287 0.940844
0.328047 0.806106
0.328544 0.931348
0.328890 0.782443
0.329165 0.864280
0.329227 0.797643
0.330531 0.792444
0.331765 0.915675
0.333184 0.858189
0.333296 0.783005
0.334525 0.813634
0.335443 0.816474
0.335461 0.835758
0.335794 0.899953
0.336693 0.919441
0.336979 0.750853
0.337469 0.912300
0.337874 0.901804
0.338420 0.767131
0.339127 0.840057
0.341670 0.711112
0.341899 0.896038
0.342654 0.869448
0.342971 0.897361
0.344233 0.811952
0.344622 0.789288
0.344972 0.923066
0.345823 0.791224
0.345948 0.916678
0.346587 0.732910
0.347223 0.934924
0.347574 0.787227
0.349231 0.875552
0.349442 0.868657
0.350202 0.742657
0.350376 0.807066
0.350606 0.848250
0.350713 0.919767
0.351558 0.793792
0.351864 0.715210
0.352132 0.763205
0.353276 0.834806
0.353415 0.921411
0.353991 0.710553
0.354217 0.868449
0.354355 0.770269
0.354669 0.923268
0.355784 0.785455
0.356353 0.886620
0.356359 0.869979
0.356534 0.890163
0.357717 0.825238
0.358471 0.850921
0.359356 0.718012
0.359862 0.830394
0.360081 0.826124
0.360614 0.926521
0.360952 0.824562
0.361687 0.830892
0.361990 0.765251
0.361992 0.842726
0.362638 0.827869
0.362815 0.864584
0.364272 0.758406
0.364526 0.761501
0.364623 0.842418
0.364626 0.833895
0.365203 0.738617
0.366620 0.831695
0.366689 0.752995
0.367277 0.850007
0.367509 0.807399
0.368110 0.844282
0.368213 0.733630
0.368851 0.733269
0.369365 0.844816
0.369808 0.825000
0.371241 0.871528
0.371454 0.880583
0.371707 0.704727
0.372416 0.735387
0.372485 0.859112
0.372592 0.840429
0.373099 0.737268
0.373258 0.849821
0.373325 0.756748
0.373967 0.805637
0.374449 0.921567
0.374880 0.778946
0.376609 0.701750
0.376655 0.881474
0.376815 0.785105
0.377962 0.875036
0.377970 0.897410
0.378832 0.716403
0.379088 0.857891
0.379228 0.903348
0.379952 0.915871
0.380661 0.763496
0.381849 0.866205
0.382164 0.910226
0.383634 0.911041
0.383726 0.841785
0.385216 0.903285
0.385255 0.736317
0.385308 0.844130
0.385733 0.731702
0.385815 0.725186
0.386033 0.908105
0.386049 0.730515
0.386113 0.857025
0.386510 0.886104
0.386563 0.883050
0.387579 0.906534
0.387647 0.758458
0.388211 0.781818
0.388553 0.775317
0.389424 0.837706
0.389696 0.840181
0.389975 0.867744
0.390043 0.902407
0.390487 0.811115
0.390996 0.808062
0.391068 0.881609
0.392261 0.700091
0.392974 0.887042
0.393421 0.869089
0.394228 0.783861
0.394822 0.793401
0.394829 0.806495
0.394870 0.810926
0.394995 0.784673
0.395131 0.905620
0.395991 0.743859
0.396407 0.803607
0.396926 0.797907
0.397626 0.875183
0.398089 0.756729
0.398419 0.688649
0.398504 0.800084
0.399282 0.847470
0.400032 0.738696
0.400968 0.717626
0.401254 0.745043
0.402060 0.768164
0.402217 0.742351
0.402999 0.692945
0.403571 0.897085
0.404391 0.713968
0.404972 0.686574
0.404976 0.740192
0.405367 0.807294
0.406685 0.875449
0.406868 0.727604
0.409474 0.800888
0.409912 0.748420
0.410169 0.788893
0.411144 0.720416
0.412149 0.744932
0.412270 0.776756
0.412333 0.768410
0.412341 0.722174
0.412654 0.753411
0.412799 0.822037
0.413215 0.854110
0.413548 0.805458
0.413568 0.682569
0.415467 0.716511
0.415613 0.691038
0.416187 0.702483
0.416238 0.877525
0.416838 0.822883
0.417103 0.805931
0.417234 0.750298
0.418108 0.827151
0.418976 0.820815
0.419096 0.823008
0.420002 0.784434
0.420341 0.878844
0.422557 0.792459
0.422780 0.848718
0.422965 0.698410
0.423686 0.833359
0.424133 0.711460
0.424415 0.728161
0.424513 0.820233
0.424884 0.828946
0.425226 0.791502
0.425351 0.884993
0.425482 0.748633
0.426870 0.780107
0.426900 0.705647
0.427988 0.804410
0.429050 0.798533
0.429506 0.682395
0.430185 0.703219
0.430836 0.783586
0.431223 0.792918
0.432293 0.872768
0.432584 0.755985
0.433308 0.711040
0.433520 0.800248
0.434279 0.832180
0.435213 0.722407
0.436193 0.673118
0.436766 0.682838
0.436785 0.776126
0.438480 0.790102
0.439105 0.761787
0.439143 0.703972
0.439207 0.798702
0.439909 0.736040
0.440093 0.759468
0.440185 0.802507
0.440729 0.670550
0.441260 0.779699
0.441438 0.848416
0.442492 0.769041
0.444332 0.874044
0.445786 0.683501
0.446695 0.805574
0.447284 0.826761
0.447764 0.674982
0.447826 0.817045
0.448153 0.783588
0.448690 0.703385
0.448752 0.698193
0.449623 0.804292
0.449848 0.683763
0.450048 0.703724
0.450896 0.767343
0.451009 0.806991
0.451747 0.771572
0.451952 0.817760
0.452793 0.734932
0.454000 0.856465
0.454205 0.829687
0.455327 0.817873
0.455833 0.705857
0.456204 0.687014
0.456243 0.682690
0.457028 0.712907
0.457482 0.704529
0.457557 0.861819
0.457809 0.726652
0.457873 0.743090
0.458492 0.679417
0.458571 0.779614
0.459997 0.745337
0.460325 0.778781
0.460413 0.803255
0.460466 0.850567
0.461046 0.850875
0.462382 0.734684
0.462997 0.791300
0.463431 0.833376
0.463567 0.792096
0.464428 0.737776
0.464980 0.738251
0.465621 0.685538
0.465974 0.749415
0.466069 0.675133
0.466262 0.692925
0.466331 0.696354
0.468112 0.737966
0.468652 0.780793
0.468684 0.817215
0.469041 0.769508
0.470252 0.790938
0.470333 0.801536
0.471495 0.821078
0.472225 0.743451
0.472404 0.748128
0.473579 0.695600
0.474437 0.768963
0.474793 0.705038
0.475897 0.717117
0.476958 0.810313
0.476982 0.790375
0.477012 0.738702
0.477021 0.667603
0.477041 0.693877
0.477729 0.793377
0.478183 0.672140
0.478277 0.748174
0.479583 0.852418
0.480206 0.782907
0.480568 0.709915
0.480690 0.760054
0.482326 0.764186
0.483227 0.785383
0.483550 0.668740
0.483857 0.832224
0.484240 0.684169
0.484586 0.664308
0.486769 0.838943
0.486901 0.842837
0.487438 0.747237
0.488256 0.691470
0.489197 0.779138
0.489441 0.832368
0.489606 0.773780
0.489769 0.744038
0.490007 0.748812
0.490858 0.783807
0.490871 0.823513
0.490919 0.696078
0.494947 0.826197
0.496254 0.752492
0.496520 0.792067
0.497211 0.671510
0.497617 0.715999
0.497788 0.694000
0.498017 0.720348
0.499952 0.630199
0.501222 0.650762
0.503227 0.757058
0.504128 0.676526
0.507134 0.647874
0.507405 0.777594
0.507601 0.804838
0.507602 0.735801
0.507618 0.671078
0.508432 0.712459
0.511693 0.747368
0.514125 0.748417
0.517167 0.798608
0.517320 0.715776
0.517623 0.730272
0.517636 0.740839
0.517669 0.682780
0.518406 0.648424
0.519421 0.634392
0.519482 0.684579
0.519856 0.691268
0.520066 0.704860
0.520101 0.626226
0.520495 0.672428
0.520978 0.637716
0.521354 0.687980
0.521739 0.814771
0.521809 0.681732
0.522848 0.775917
0.523540 0.665336
0.524936 0.683520
0.527611 0.621033
0.527674 0.625872
0.530105 0.799644
0.530791 0.781098
0.531020 0.765907
0.531119 0.784958
0.531879 0.768728
0.531924 0.626631
0.532141 0.619020
0.532286 0.737885
0.533623 0.644814
0.534304 0.628875
0.535401 0.623436
0.535632 0.750064
0.535697 0.748097
0.536215 0.787461
0.536434 0.768102
0.538923 0.691955
0.540484 0.786909
0.541635 0.769434
0.542327 0.683864
0.542918 0.671130
0.544346 0.688815
0.544564 0.615224
0.547579 0.614044
0.548173 0.658302
0.550444 0.728294
0.552160 0.674470
0.552686 0.742347
0.554031 0.734504
0.555232 0.702397
0.555495 0.736726
0.559223 0.592929
0.559243 0.694465
0.559798 0.654248
0.559997 0.781078
0.561399 0.729442
0.561885 0.777655
0.562474 0.683283
0.563174 0.744318
0.563544 0.758986
0.565170 0.700253
0.565886 0.656823
0.565951 0.780385
0.567767 0.582273
0.568577 0.756294
0.568952 0.629708
0.569143 0.649512
0.570057 0.691097
0.571006 0.582084
0.572545 0.624306
0.573671 0.589175
0.574192 0.599899
0.575006 0.667108
0.577306 0.612559
0.577455 0.575463
0.578468 0.678056
0.580264 0.652956
0.581270 0.660102
0.582026 0.755463
0.584191 0.563146
0.584537 0.595202
0.588329 0.700201
0.589215 0.561589
0.589313 0.606738
0.589745 0.651032
0.590216 0.599009
0.591122 0.733463
0.591743 0.576028
0.594289 0.616406
0.595570 0.640540
0.596542 0.693070
0.596636 0.751560
0.597336 0.550895
0.597396 0.634661
0.597423 0.630651
0.598315 0.613448
0.598650 0.655696
0.598886 0.571887
0.601913 0.595652
0.602096 0.600870
0.602223 0.688754
0.603271 0.602366
0.604626 0.550675
0.606879 0.604060
0.606954 0.652652
0.607193 0.745357
0.607211 0.692715
0.607372 0.690025
0.607611 0.582522
0.608164 0.741827
0.608643 0.665763
0.608699 0.721515
0.609836 0.710327
0.609961 0.707522
0.610799 0.703575
0.613124 0.723849
0.613282 0.687225
0.617032 0.709451
0.620321 0.653192
0.623835 0.560898
0.624140 0.681219
0.625280 0.719459
0.626125 0.718519
0.627319 0.606333
0.627594 0.550663
0.628434 0.577440
0.632202 0.718408
0.633090 0.652236
0.635584 0.594785
0.637911 0.697576
0.638348 0.567315
0.642215 0.612721
0.643557 0.585139
0.645268 0.588618
0.647275 0.547123
0.648194 0.598756
0.649028 0.510897
0.652610 0.640811
0.654917 0.659414
0.657274 0.540935
0.660313 0.600911
0.665733 0.613176
0.668994 0.588814
0.671162 0.613854
0.672894 0.528172
0.675356 0.572892
0.677400 0.635339
0.678150 0.473707
0.678499 0.589117
0.678921 0.665891
0.681516 0.509098
0.688040 0.465414
0.689117 0.574160
0.689200 0.480120
0.690945 0.467816
0.699586 0.486117
0.702423 0.614146
0.703087 0.570905
0.703297 0.550573
0.703731 0.527004
0.705805 0.547145
0.709976 0.521819
0.715950 0.528766
0.716400 0.520636
0.718154 0.536733
0.722252 0.421455
0.723243 0.569785
0.725523 0.554556
0.725919 0.564920
0.733257 0.578631
0.733735 0.586450
0.734310 0.575387
0.737735 0.520492
0.738073 0.588428
0.739654 0.438138
0.741413 0.559229
0.741731 0.491278
0.745644 0.533564
0.747214 0.469587
0.750743 0.376891
0.752950 0.516008
0.753509 0.511984
0.754825 0.406187
0.757514 0.553036
0.765467 0.392557
0.787676 0.376625
0.787970 0.375727
0.796435 0.385119
0.797303 0.334674
0.799388 0.417568
0.807290 0.440923
0.809388 0.345277
0.821245 0.452709
0.825151 0.398114
0.827505 0.255826
0.828605 0.359604
0.830849 0.365088
0.832619 0.256775
0.833028 0.279991
0.834620 0.291106
0.835788 0.344128
0.838628 0.224287
0.841792 0.217129
0.842552 0.276428
0.846978 0.299179
0.853204 0.299231
0.869164 0.184089
0.869383 0.307628
0.878518 0.200467
0.880189 0.296278
0.892269 0.209455
0.932540 0.150105
0.946711 0.236816
0.985642 0.170749
1.000000 0.000000
