0.000000 0.399522
0.035711 0.371575
0.036910 0.022640
0.044134 0.157061
0.045672 0.386135
0.047597 0.128046
0.049097 0.377142
0.054271 0.453478
0.057541 0.327708
0.059079 0.173861
0.062367 0.122574
0.065580 0.447769
0.065836 0.076411
0.067582 0.315884
0.077967 0.362343
0.078407 0.390221
0.079777 0.453823
0.083627 0.137973
0.088649 0.302828
0.090294 0.345975
0.096021 0.500766
0.098605 0.192051
0.103490 0.441114
0.108447 0.189686
0.114728 0.291550
0.120649 0.179347
0.120990 0.030618
0.121514 0.132767
0.122022 0.349594
0.124453 0.387546
0.127469 0.000000
0.129089 0.059043
0.132675 0.111796
0.133617 0.162299
0.149551 0.482614
0.149630 0.339114
0.149913 0.002178
0.150503 0.126562
0.154074 0.202965
0.155270 0.195887
0.156442 0.353120
0.157967 0.236467
0.158110 0.467564
0.158760 0.115055
0.159621 0.105006
0.162357 0.027271
0.163437 0.098858
0.164440 0.006502
0.167925 0.466848
0.169047 0.229987
0.170525 0.178325
0.173284 0.306843
0.174106 0.099985
0.185683 0.463077
0.188207 0.147418
0.188585 0.044586
0.189697 0.357049
0.191717 0.356437
0.192370 0.015486
0.194089 0.443592
0.194499 0.484988
0.196305 0.161725
0.199458 0.319474
0.199822 0.440989
0.202683 0.047513
0.204089 0.175823
0.206036 0.478257
0.206753 0.283809
0.207519 0.494242
0.212402 0.140046
0.217336 0.208384
0.225247 0.227851
0.225602 0.278444
0.226057 0.177702
0.227069 0.404975
0.227311 0.338718
0.229722 0.201709
0.233324 0.126947
0.236218 0.272264
0.241349 0.275032
0.245397 0.238038
0.250371 0.507660
0.250481 0.313821
0.251790 0.301375
0.252537 0.408735
0.253011 0.183750
0.257918 0.131841
0.258424 0.366761
0.260909 0.465682
0.263104 0.054619
0.263607 0.054282
0.264228 0.392256
0.266982 0.522416
0.270359 0.272465
0.270585 0.500058
0.272152 0.357620
0.273751 0.394150
0.273921 0.518823
0.274907 0.074496
0.276760 0.360452
0.279209 0.210075
0.281565 0.520478
0.285018 0.526338
0.287136 0.500031
0.294293 0.367705
0.295017 0.450710
0.299338 0.515913
0.306635 0.423723
0.308182 0.141102
0.309126 0.382006
0.309327 0.345311
0.313531 0.398476
0.313596 0.328897
0.313620 0.453126
0.317766 0.254508
0.317924 0.351452
0.318671 0.200567
0.319510 0.412212
0.319920 0.465602
0.323133 0.379199
0.323566 0.331355
0.324582 0.210020
0.332013 0.340190
0.333184 0.447239
0.333449 0.519052
0.337623 0.318095
0.338993 0.276249
0.340306 0.466523
0.343298 0.354071
0.344079 0.208889
0.346203 0.515067
0.351196 0.336376
0.351511 0.161093
0.355760 0.542517
0.357470 0.092865
0.361062 0.520698
0.361557 0.342642
0.361770 0.132237
0.361865 0.235874
0.362986 0.438051
0.362996 0.364651
0.363741 0.088522
0.364163 0.405963
0.365932 0.184899
0.367880 0.261776
0.368346 0.209165
0.368431 0.268806
0.368533 0.497730
0.369154 0.256790
0.369984 0.291942
0.371713 0.392939
0.373297 0.377842
0.374112 0.488470
0.375057 0.417588
0.375458 0.233057
0.375459 0.156767
0.376576 0.220616
0.377895 0.295000
0.381849 0.180323
0.382177 0.335639
0.384640 0.270796
0.385150 0.106434
0.387164 0.234857
0.388197 0.130669
0.389863 0.374595
0.389893 0.210131
0.390152 0.118572
0.390203 0.306745
0.390349 0.453004
0.390896 0.126744
0.401827 0.300698
0.403231 0.274234
0.404380 0.134941
0.404395 0.432144
0.404820 0.266319
0.405045 0.160211
0.406256 0.382673
0.407212 0.237149
0.408363 0.343637
0.411225 0.514792
0.411391 0.501534
0.424453 0.295327
0.424716 0.442763
0.425026 0.223612
0.427113 0.380212
0.430213 0.517258
0.430514 0.254168
0.437593 0.543759
0.439571 0.512124
0.439720 0.245421
0.439865 0.145469
0.440366 0.348717
0.444598 0.281148
0.448147 0.514461
0.448517 0.205219
0.448548 0.363938
0.449268 0.259655
0.450756 0.322135
0.453539 0.396498
0.458938 0.417271
0.460817 0.193486
0.460936 0.413444
0.462392 0.253922
0.462904 0.200087
0.465832 0.534377
0.470188 0.173865
0.473136 0.281154
0.473577 0.375409
0.477489 0.533171
0.477619 0.259490
0.479799 0.564561
0.480367 0.376190
0.480816 0.184063
0.481949 0.566956
0.484485 0.437601
0.484613 0.298327
0.486103 0.185191
0.486728 0.294362
0.488776 0.544604
0.491860 0.396758
0.492076 0.588356
0.494591 0.533095
0.496025 0.283796
0.499583 0.358122
0.502353 0.289868
0.504905 0.296966
0.509277 0.578856
0.510140 0.329953
0.512034 0.464603
0.518614 0.401132
0.519569 0.412592
0.522739 0.232123
0.524649 0.333786
0.529136 0.420980
0.532743 0.617219
0.533262 0.361081
0.533685 0.451351
0.540164 0.504760
0.540786 0.336765
0.542719 0.587993
0.543600 0.471220
0.549380 0.650083
0.550636 0.471098
0.552835 0.273645
0.558600 0.436124
0.560443 0.615238
0.561903 0.614057
0.564390 0.619082
0.565349 0.590687
0.565790 0.609417
0.569970 0.493199
0.575987 0.650662
0.582540 0.374176
0.585537 0.614854
0.586642 0.243989
0.587956 0.297824
0.593336 0.594053
0.594114 0.553867
0.595142 0.669790
0.599722 0.394449
0.601119 0.509742
0.608883 0.578461
0.609821 0.504297
0.610838 0.674528
0.613226 0.344437
0.618719 0.586393
0.621197 0.530048
0.622068 0.436625
0.622427 0.338241
0.622968 0.427496
0.625766 0.521725
0.629685 0.572031
0.632632 0.449467
0.633894 0.339978
0.645361 0.436494
0.646978 0.307752
0.651772 0.460854
0.653644 0.493654
0.655024 0.465258
0.656588 0.549910
0.660180 0.469156
0.660584 0.567530
0.665040 0.501952
0.674827 0.304392
0.681466 0.478147
0.684582 0.562700
0.686151 0.344003
0.688034 0.714960
0.688273 0.715746
0.698825 0.341413
0.701652 0.495389
0.705208 0.532761
0.709766 0.491013
0.712134 0.339723
0.723922 0.738428
0.730448 0.666259
0.739317 0.711670
0.757654 0.517244
0.760025 0.779324
0.763051 0.399500
0.793728 0.819578
0.799668 0.475024
0.834450 0.480570
0.839759 0.828451
0.850041 0.594917
0.868745 0.788064
0.930870 0.822183
0.942049 0.893956
0.942216 0.842890
0.959091 0.823953
0.963103 0.693335
0.986248 1.000000
0.986378 0.718675
1.000000 0.925015
