0.000000 0.400507
0.031407 0.709710
0.096411 0.370637
0.104445 0.736261
0.107260 0.558692
0.171407 0.728306
0.174941 0.844360
0.181037 0.882739
0.183059 0.686443
0.194867 0.590916
0.196252 0.399462
0.198922 0.621025
0.206028 0.452348
0.207542 0.634277
0.227118 0.494363
0.240311 0.803967
0.243038 0.709653
0.244527 0.335793
0.247450 0.311534
0.250767 0.491951
0.251312 0.291612
0.255115 0.407475
0.255311 0.402740
0.256739 0.763743
0.258260 0.666528
0.262696 0.419367
0.267191 0.782193
0.268180 0.346346
0.270918 0.557451
0.272322 0.579051
0.275821 0.719310
0.276515 0.450339
0.279616 0.389453
0.280391 0.572194
0.280709 0.284500
0.284721 0.674491
0.285856 0.583969
0.286026 0.408335
0.288555 0.528234
0.295323 0.305000
0.296086 0.395603
0.300676 0.576249
0.301658 0.718936
0.304515 0.349340
0.308739 0.589532
0.310746 0.264265
0.313365 0.610770
0.318477 0.556459
0.319223 0.340938
0.319513 0.383224
0.319882 0.327947
0.320575 0.511353
0.321836 0.572597
0.322339 0.817282
0.323159 0.414292
0.324207 0.399149
0.324895 0.498336
0.325797 0.641724
0.326654 0.654993
0.327401 0.398282
0.327428 0.697150
0.328374 0.521363
0.331681 0.355892
0.332083 0.721773
0.333350 0.322456
0.334221 0.563038
0.335059 0.242143
0.336701 0.616611
0.337892 0.656377
0.338016 0.270642
0.338081 0.651246
0.338906 0.592418
0.342689 0.254893
0.344249 0.556919
0.344334 0.353363
0.346436 0.353436
0.346974 0.333151
0.348744 0.321908
0.348774 0.240230
0.349137 0.610549
0.349706 0.633814
0.349796 0.341837
0.353668 0.759275
0.354155 0.753023
0.355057 0.761391
0.355649 0.545299
0.357217 0.626395
0.357759 0.781931
0.358782 0.768406
0.359400 0.755912
0.359644 0.603956
0.361354 0.647750
0.361804 0.308807
0.361816 0.352325
0.363129 0.666942
0.364353 0.402278
0.364611 0.795976
0.366003 0.815894
0.366065 0.301199
0.366164 0.295080
0.370251 0.456663
0.372500 0.620138
0.373963 0.442396
0.375210 0.773628
0.375658 0.813740
0.376118 0.582891
0.376518 0.533061
0.376616 0.393803
0.377030 0.297593
0.377755 0.727448
0.379007 0.541261
0.379366 0.614118
0.379993 0.703134
0.381023 0.357696
0.384001 0.818602
0.384153 0.574298
0.385336 0.628384
0.385359 0.281583
0.386438 0.277584
0.386898 0.243482
0.386955 0.255186
0.387460 0.325792
0.387513 0.318103
0.387839 0.554749
0.388631 0.743707
0.390227 0.317384
0.393141 0.673507
0.395628 0.488432
0.395683 0.800807
0.396868 0.376371
0.397698 0.217693
0.398694 0.713812
0.399103 0.809521
0.399500 0.512241
0.399793 0.642184
0.400971 0.364701
0.401545 0.750912
0.402584 0.416807
0.402752 0.296057
0.402972 0.263599
0.403524 0.209208
0.404457 0.438924
0.404949 0.533573
0.408068 0.418858
0.409531 0.605372
0.410212 0.483009
0.410726 0.268171
0.410758 0.591217
0.411439 0.558505
0.411465 0.360700
0.412135 0.561588
0.412511 0.327553
0.412633 0.545372
0.412852 0.571735
0.414795 0.536112
0.415622 0.805653
0.415798 0.476288
0.416039 0.493969
0.417499 0.671662
0.419204 0.267094
0.419610 0.414769
0.419836 0.731571
0.420699 0.605024
0.422717 0.776263
0.422777 0.767248
0.423207 0.530543
0.423340 0.261137
0.423982 0.360711
0.424174 0.385672
0.424769 0.492672
0.424771 0.557111
0.425118 0.378049
0.426620 0.804068
0.426621 0.162011
0.427260 0.371559
0.427786 0.318209
0.428115 0.738694
0.429945 0.628165
0.430081 0.254774
0.430459 0.759753
0.430535 0.303262
0.430739 0.551085
0.430746 0.389469
0.431235 0.261637
0.431607 0.168373
0.432254 0.437243
0.432285 0.233672
0.432748 0.673852
0.433537 0.482067
0.434018 0.765138
0.434558 0.402562
0.434750 0.581738
0.437569 0.412224
0.438466 0.374478
0.438665 0.592495
0.439002 0.581372
0.441425 0.489061
0.443493 0.150423
0.443598 0.526832
0.444799 0.740938
0.445377 0.655682
0.445439 0.746715
0.446585 0.171790
0.448053 0.202892
0.448372 0.571440
0.448493 0.157167
0.448764 0.281918
0.449319 0.494280
0.450252 0.555822
0.450748 0.476889
0.452607 0.639108
0.452630 0.683120
0.453189 0.526582
0.453431 0.743223
0.454081 0.806975
0.456338 0.656787
0.456401 0.429638
0.456993 0.738996
0.457851 0.401182
0.458038 0.185077
0.458685 0.411250
0.458764 0.740660
0.458795 0.428830
0.459376 0.165644
0.459403 0.384674
0.459935 0.248757
0.462535 0.197717
0.462588 0.266329
0.463166 0.632439
0.464369 0.770961
0.464927 0.551530
0.465236 0.422268
0.465819 0.554373
0.467576 0.494677
0.468361 0.622317
0.468406 0.723156
0.468566 0.724450
0.470087 0.557886
0.470476 0.563663
0.471254 0.311526
0.471652 0.441826
0.472348 0.160878
0.472377 0.273252
0.472823 0.412223
0.473108 0.666386
0.473467 0.214900
0.473490 0.376034
0.473616 0.439947
0.473631 0.229967
0.473893 0.574108
0.474443 0.647154
0.475033 0.409663
0.475292 0.773827
0.475672 0.393440
0.476827 0.411041
0.477017 0.619078
0.477864 0.325811
0.478020 0.670274
0.478884 0.328804
0.479546 0.196872
0.479600 0.587631
0.479959 0.674881
0.479960 0.711270
0.480413 0.614379
0.481732 0.310261
0.483290 0.350665
0.484077 0.627107
0.484322 0.759229
0.485285 0.122056
0.486374 0.715940
0.488108 0.746496
0.488522 0.523868
0.488815 0.302352
0.489317 0.461909
0.491228 0.152859
0.491551 0.491493
0.492076 0.693503
0.492307 0.605353
0.493086 0.117018
0.493582 0.375712
0.494161 0.732940
0.494468 0.566803
0.496458 0.446415
0.496614 0.750774
0.497472 0.397674
0.498308 0.615102
0.499562 0.109625
0.500532 0.472077
0.501148 0.105333
0.502829 0.434636
0.504182 0.280547
0.504361 0.448391
0.504715 0.226187
0.505064 0.561243
0.505622 0.691519
0.506917 0.107298
0.507011 0.587484
0.507443 0.711699
0.507496 0.615486
0.508724 0.517923
0.509028 0.679612
0.509194 0.218416
0.509627 0.777250
0.509730 0.268568
0.509788 0.573459
0.511185 0.701078
0.511611 0.762858
0.512404 0.726439
0.512525 0.314364
0.513265 0.225725
0.513592 0.489003
0.514000 0.770237
0.514239 0.276403
0.514468 0.144085
0.514749 0.115406
0.515131 0.157177
0.515421 0.673770
0.517902 0.105975
0.518232 0.793540
0.518364 0.433906
0.518708 0.568003
0.518714 0.089547
0.520238 0.278333
0.520394 0.278699
0.520602 0.599698
0.520737 0.745736
0.521360 0.493893
0.521540 0.214589
0.522148 0.768758
0.523125 0.339064
0.523681 0.611893
0.525230 0.582692
0.525457 0.384376
0.526095 0.717606
0.527742 0.139138
0.527771 0.669000
0.527868 0.397491
0.528293 0.136461
0.528749 0.146441
0.530460 0.508100
0.530661 0.565752
0.530969 0.785370
0.531444 0.799758
0.531621 0.768830
0.532864 0.221316
0.534125 0.353097
0.534334 0.332160
0.534532 0.574611
0.534743 0.699263
0.534766 0.756791
0.535662 0.762461
0.535952 0.391487
0.536431 0.482630
0.536810 0.199104
0.536878 0.574003
0.537699 0.547112
0.539003 0.181722
0.539671 0.719052
0.540568 0.748897
0.541393 0.322835
0.541760 0.379915
0.542624 0.746237
0.542843 0.148532
0.543164 0.319959
0.545881 0.756468
0.546940 0.234288
0.547269 0.615743
0.547442 0.511577
0.547518 0.172682
0.548999 0.695225
0.549389 0.631299
0.549768 0.623143
0.550067 0.771557
0.551175 0.544515
0.551303 0.504629
0.551353 0.656370
0.552581 0.512812
0.552939 0.799319
0.553688 0.473265
0.555959 0.247533
0.556258 0.182790
0.557278 0.241130
0.558136 0.167269
0.558544 0.396352
0.558586 0.112985
0.558985 0.737093
0.560263 0.299461
0.560410 0.191813
0.560825 0.807916
0.560856 0.718291
0.561106 0.293668
0.561662 0.681677
0.561977 0.203892
0.562110 0.178150
0.562235 0.542248
0.562852 0.762976
0.563035 0.263079
0.563044 0.557311
0.563065 0.455550
0.564854 0.572402
0.565860 0.393162
0.567329 0.171182
0.567734 0.508956
0.568675 0.674250
0.569482 0.528216
0.569819 0.335360
0.569832 0.774354
0.570898 0.624373
0.573531 0.179997
0.573663 0.627484
0.574546 0.729862
0.574950 0.499238
0.575373 0.427932
0.576279 0.149565
0.576436 0.626198
0.576639 0.705351
0.577280 0.186033
0.577876 0.619681
0.577988 0.806412
0.579121 0.441885
0.579633 0.146551
0.579850 0.479612
0.579998 0.181557
0.580172 0.653514
0.580569 0.682177
0.580825 0.378618
0.581075 0.620973
0.581498 0.394126
0.582766 0.606897
0.583078 0.564747
0.584298 0.640834
0.585812 0.585152
0.586160 0.706339
0.587308 0.225933
0.588109 0.793308
0.589786 0.417431
0.589942 0.280042
0.591573 0.626715
0.592924 0.508790
0.594996 0.752304
0.595632 0.261072
0.595990 0.150576
0.596389 0.326107
0.597082 0.114723
0.597926 0.698429
0.599819 0.120968
0.599917 0.572091
0.601030 0.414022
0.601813 0.457361
0.602368 0.800346
0.602582 0.664902
0.602937 0.340446
0.603179 0.694595
0.603658 0.829087
0.604240 0.282043
0.605714 0.706942
0.606203 0.736332
0.606447 0.840433
0.606457 0.402003
0.606517 0.517414
0.608392 0.216133
0.608900 0.449862
0.609511 0.295000
0.613187 0.742964
0.614830 0.809759
0.614939 0.828061
0.617037 0.743847
0.618558 0.635247
0.619131 0.780502
0.619399 0.396212
0.619713 0.343243
0.622456 0.481840
0.622575 0.649549
0.623181 0.557671
0.624653 0.702020
0.625400 0.494462
0.627131 0.237607
0.627157 0.584449
0.627988 0.650742
0.628465 0.590588
0.628769 0.395406
0.629017 0.232030
0.632399 0.338042
0.634156 0.686231
0.636643 0.254813
0.636673 0.746388
0.637356 0.268716
0.639296 0.723805
0.641374 0.558153
0.641845 0.636544
0.642323 0.629344
0.642710 0.399782
0.643449 0.188166
0.643702 0.582528
0.643840 0.674342
0.646503 0.505886
0.646698 0.347505
0.647328 0.645165
0.649036 0.561461
0.649490 0.697490
0.650666 0.330257
0.650669 0.667962
0.651299 0.262075
0.651370 0.132259
0.651427 0.781158
0.651589 0.384746
0.651915 0.276336
0.652033 0.624972
0.652652 0.823685
0.653295 0.420363
0.653726 0.659634
0.654073 0.214147
0.655078 0.250607
0.655523 0.270828
0.656129 0.640200
0.656589 0.324169
0.657029 0.081271
0.657547 0.281330
0.659636 0.245264
0.660423 0.506770
0.661666 0.388386
0.661905 0.445238
0.663409 0.738882
0.665570 0.573823
0.667474 0.433988
0.667503 0.396138
0.669279 0.683710
0.669723 0.690887
0.670895 0.484586
0.673295 0.628980
0.673410 0.556650
0.673638 0.220836
0.677860 0.100189
0.678853 0.774841
0.680182 0.695245
0.681399 0.775990
0.681457 0.810837
0.683197 0.604108
0.683632 0.566824
0.683816 0.434602
0.685410 0.646994
0.690320 0.240409
0.690453 0.140427
0.690810 0.670527
0.692052 0.194459
0.692403 0.565695
0.692725 0.647258
0.694892 0.104650
0.695093 0.331704
0.695118 0.320752
0.695564 0.789447
0.696310 0.689432
0.696499 0.690222
0.697150 0.067867
0.698215 0.529187
0.698376 0.713883
0.698453 0.573223
0.701064 0.675675
0.702136 0.581819
0.704601 0.105801
0.705416 0.092215
0.707289 0.167758
0.708941 0.186084
0.709860 0.205930
0.709944 0.116145
0.712206 0.455139
0.712585 0.714783
0.712741 0.530695
0.712917 0.351540
0.713039 0.030422
0.715215 0.687625
0.716427 0.291074
0.716468 0.539965
0.720138 0.693259
0.723185 0.204848
0.725395 0.598049
0.725544 0.242125
0.728591 0.080257
0.728732 0.756439
0.731214 0.126242
0.733866 0.775162
0.734131 0.270844
0.737105 0.710726
0.737210 0.797264
0.739463 0.088262
0.739707 0.812346
0.740799 0.643065
0.741153 0.403758
0.742101 0.819460
0.742168 0.407572
0.742579 0.018035
0.743557 0.662083
0.746124 0.284828
0.746138 0.279631
0.746714 0.478698
0.748905 0.509293
0.750329 0.011389
0.751949 0.459656
0.752919 0.057370
0.756922 0.676588
0.760079 0.178181
0.760365 0.565795
0.761108 0.461173
0.761211 0.484316
0.763328 0.425957
0.767098 0.125176
0.768618 0.620111
0.769578 0.254373
0.772289 0.442443
0.773783 0.430190
0.775666 0.585941
0.780706 0.685385
0.784166 0.000000
0.784252 0.289903
0.784925 0.674256
0.786364 0.256753
0.788904 0.428596
0.802710 0.536844
0.807374 0.692153
0.814108 0.252161
0.815702 0.303091
0.841756 0.160999
0.845424 0.615810
0.847145 0.145655
0.847981 0.275532
0.849575 0.436339
0.850455 0.492699
0.853804 0.819986
0.861199 0.544360
0.865043 0.234597
0.881689 0.358435
0.883425 0.108147
0.906894 0.432291
0.907386 0.116275
0.976228 0.905538
1.000000 1.000000
