0.000000 0.293700
0.002402 0.283416
0.024587 0.573435
0.037260 0.497831
0.079856 0.241237
0.117746 0.312276
0.125278 0.561113
0.136321 0.446163
0.142811 0.556735
0.147304 0.308762
0.157562 0.247829
0.159849 0.566286
0.165489 0.349974
0.169625 0.399666
0.183410 0.315493
0.184554 0.343893
0.195710 0.419660
0.197145 0.449340
0.199229 0.329854
0.201909 0.351393
0.203720 0.402971
0.205888 0.222527
0.207713 0.283260
0.209627 0.253856
0.212739 0.518128
0.216333 0.510419
0.222912 0.306740
0.223371 0.252141
0.225833 0.369221
0.229661 0.615059
0.230540 0.469059
0.231301 0.587316
0.231546 0.279095
0.247752 0.591246
0.252443 0.317342
0.252969 0.567491
0.258601 0.532863
0.261980 0.494676
0.271307 0.381570
0.271584 0.456126
0.283341 0.440713
0.287137 0.419637
0.291725 0.296684
0.293329 0.412585
0.297990 0.615458
0.299079 0.344835
0.299612 0.312154
0.300213 0.600597
0.301589 0.436546
0.301773 0.272701
0.304665 0.361399
0.306816 0.266057
0.309989 0.789612
0.314154 0.545506
0.315420 0.501470
0.318828 0.192692
0.319556 0.445867
0.320671 0.476823
0.324485 0.282297
0.327105 0.400144
0.327635 0.172962
0.329681 0.650790
0.329827 0.639019
0.333458 0.226121
0.333765 0.668725
0.333855 0.181932
0.334002 0.267264
0.336638 0.598529
0.340055 0.579130
0.340592 0.154031
0.342185 0.622729
0.345151 0.519413
0.349991 0.218453
0.351698 0.278523
0.352990 0.295522
0.356123 0.484245
0.357731 0.503804
0.357980 0.419275
0.358929 0.331622
0.363933 0.344886
0.364164 0.649941
0.366480 0.374545
0.366575 0.467875
0.368736 0.565194
0.369108 0.365793
0.373346 0.302646
0.373994 0.408459
0.380207 0.503989
0.381233 0.314213
0.381630 0.635066
0.381675 0.304537
0.383657 0.517290
0.383753 0.545959
0.384141 0.313502
0.386222 0.555688
0.388252 0.442426
0.389400 0.203884
0.390282 0.333548
0.390682 0.501804
0.392760 0.364430
0.393310 0.138317
0.394092 0.677129
0.395888 0.504145
0.395969 0.426448
0.396145 0.801653
0.396904 0.578480
0.398110 0.526399
0.398825 0.470268
0.401418 0.367548
0.402348 0.379088
0.402397 0.559629
0.404458 0.607209
0.404870 0.367034
0.406572 0.260911
0.407327 0.253862
0.407824 0.269631
0.407885 0.416206
0.410322 0.453873
0.411204 0.469366
0.413084 0.458114
0.413565 0.494422
0.413684 0.601270
0.414046 0.486856
0.416355 0.332668
0.416932 0.207868
0.417348 0.298666
0.417392 0.600804
0.417669 0.153098
0.418401 0.336762
0.419364 0.704648
0.419876 0.339984
0.420503 0.470163
0.420716 0.612500
0.421384 0.454057
0.421476 0.376904
0.423437 0.699474
0.423485 0.534885
0.424804 0.445989
0.425551 0.598677
0.430532 0.560625
0.435562 0.673725
0.435990 0.475001
0.438664 0.605511
0.438993 0.484155
0.440434 0.604843
0.442880 0.245061
0.443389 0.160966
0.447612 0.235493
0.448377 0.205848
0.451725 0.748242
0.451791 0.481252
0.454144 0.555553
0.455513 0.503630
0.456861 0.377800
0.457376 0.285657
0.461853 0.494161
0.462324 0.658265
0.462837 0.203000
0.463455 0.368077
0.464344 0.289269
0.464873 0.455712
0.465696 0.393669
0.466407 0.544322
0.471885 0.333763
0.471935 0.553267
0.472759 0.659764
0.472847 0.396201
0.474241 0.663476
0.474323 0.521954
0.475142 0.677514
0.475609 0.556981
0.475682 0.226566
0.476504 0.453929
0.478694 0.810772
0.479524 0.499364
0.479736 0.455566
0.479775 0.383778
0.480312 0.366889
0.481746 0.471711
0.481903 0.502031
0.485197 0.374637
0.485332 0.577818
0.486232 0.559206
0.487678 0.338246
0.488948 0.603058
0.489522 0.357827
0.490527 0.409591
0.490847 0.491774
0.492706 0.126478
0.493043 0.451468
0.493833 0.433780
0.494199 0.504595
0.494904 0.426664
0.497165 0.527267
0.498692 0.606346
0.502208 0.347061
0.502227 0.608216
0.503206 0.619321
0.503722 0.513743
0.503825 0.455274
0.504599 0.549385
0.507779 0.396017
0.509133 0.796031
0.509579 0.341742
0.511538 0.453038
0.513301 0.656596
0.516596 0.418589
0.520290 0.566413
0.522520 0.543061
0.523862 0.218219
0.525280 0.623326
0.526982 0.645995
0.527849 0.468180
0.528152 0.414537
0.528784 0.216114
0.529297 0.720012
0.529565 0.356735
0.529859 0.369493
0.530277 0.820666
0.532029 0.450857
0.536009 0.359022
0.536299 0.722821
0.536423 0.747802
0.536692 0.412775
0.536865 0.698275
0.537410 0.800428
0.537816 0.544818
0.537869 0.652047
0.539134 0.420311
0.539406 0.435570
0.541763 0.260138
0.542807 0.359085
0.543566 0.293667
0.543736 0.390622
0.544215 0.150238
0.544496 0.358381
0.544883 0.745930
0.546067 0.486116
0.546199 0.594057
0.548052 0.354406
0.548814 0.386506
0.549531 0.542840
0.549581 0.532546
0.550525 0.261882
0.551415 0.342763
0.552592 0.496328
0.554940 0.453193
0.555164 0.455274
0.556127 0.529817
0.561544 0.621589
0.561703 0.343239
0.563880 0.513000
0.568363 0.470779
0.570044 0.401591
0.571400 0.359511
0.572031 0.645585
0.574363 0.481506
0.575246 0.595185
0.576150 0.289114
0.580132 0.491047
0.580565 0.622608
0.584334 0.627632
0.584443 0.654608
0.584802 0.506465
0.586049 0.770486
0.587470 0.596361
0.589038 0.270879
0.589628 0.289848
0.590451 0.295059
0.591053 0.000000
0.591130 0.413031
0.591353 0.465717
0.591406 0.290688
0.597791 0.490872
0.597891 0.480927
0.598206 0.575374
0.599017 0.484369
0.601413 0.539453
0.602830 0.537605
0.604554 0.543047
0.605648 0.488459
0.606077 0.320353
0.608541 0.426522
0.610791 0.150174
0.611898 0.782903
0.612339 0.517575
0.612916 0.553333
0.613625 0.601344
0.614477 0.582941
0.615655 0.466755
0.616736 0.623704
0.617460 0.735967
0.617816 0.402840
0.623272 0.290491
0.624382 1.000000
0.624524 0.253692
0.626398 0.425732
0.626711 0.411972
0.628651 0.494835
0.628873 0.629628
0.629160 0.752733
0.631822 0.346650
0.633198 0.387279
0.633321 0.471880
0.634078 0.537695
0.634457 0.302735
0.634744 0.620164
0.636416 0.553690
0.640553 0.298028
0.641872 0.531084
0.644231 0.166293
0.648200 0.504874
0.651048 0.482624
0.651369 0.450262
0.651865 0.365519
0.651875 0.606291
0.653369 0.268691
0.653402 0.513181
0.654300 0.182457
0.655720 0.492509
0.656322 0.352771
0.657849 0.256198
0.660093 0.035403
0.660642 0.616164
0.661039 0.400817
0.662952 0.464348
0.663832 0.388177
0.664742 0.671115
0.665920 0.528851
0.666240 0.161892
0.667081 0.445827
0.669735 0.516684
0.671814 0.406303
0.672150 0.727609
0.672297 0.453001
0.672876 0.478706
0.674919 0.565324
0.676631 0.689480
0.677521 0.707799
0.677847 0.340832
0.677971 0.503036
0.678719 0.357908
0.679699 0.429422
0.680434 0.338074
0.681691 0.447684
0.685418 0.451860
0.685930 0.399479
0.688864 0.715224
0.689191 0.405463
0.692226 0.322288
0.695205 0.675722
0.695350 0.200227
0.698006 0.483827
0.700977 0.754694
0.706544 0.569384
0.708251 0.493431
0.708600 0.365967
0.708933 0.536738
0.710801 0.247912
0.714538 0.407421
0.719971 0.140746
0.721962 0.406580
0.724312 0.602258
0.730608 0.767699
0.733816 0.286716
0.739564 0.709923
0.739881 0.582610
0.741704 0.577891
0.741849 0.673686
0.746200 0.257721
0.751767 0.796850
0.759369 0.808846
0.761628 0.752924
0.766625 0.364748
0.773770 0.675656
0.775869 0.661570
0.776734 0.519528
0.779435 0.444205
0.780423 0.483161
0.784415 0.887972
0.790958 0.805818
0.793477 0.440838
0.795523 0.289713
0.797651 0.324317
0.799427 0.456685
0.812539 0.507991
0.822169 0.700710
0.826580 0.767059
0.828749 0.380229
0.832166 0.643735
0.848372 0.594415
0.850295 0.546299
0.850687 0.604007
0.857605 0.387863
0.869043 0.941184
0.880536 0.172663
0.921363 0.624719
0.954808 0.435299
0.964536 0.162895
1.000000 0.525750
