0.000000 0.172465
0.002756 0.492011
0.007723 0.296157
0.011517 0.212555
0.011531 0.168183
0.014335 0.079580
0.026930 0.434805
0.030921 0.210806
0.037721 0.555203
0.044955 0.708904
0.046597 0.138767
0.054024 0.350968
0.054624 0.188849
0.055964 0.761098
0.057655 0.397932
0.059273 0.323245
0.059912 0.559257
0.063326 0.556761
0.064233 0.398383
0.069262 0.574466
0.069947 0.321739
0.070457 0.584632
0.081238 0.093768
0.081462 0.372144
0.086633 0.485551
0.087188 0.350376
0.095606 0.362303
0.099316 0.046034
0.103004 0.622673
0.106128 0.516017
0.107184 0.539010
0.109301 0.418867
0.113029 0.288634
0.125524 0.602833
0.126083 0.406550
0.128096 0.633228
0.133981 0.690594
0.134020 0.652847
0.136977 0.460140
0.140308 0.122234
0.142682 0.530195
0.144019 0.239284
0.146347 0.601856
0.147191 0.326408
0.148992 0.493039
0.149662 0.298729
0.152549 0.099197
0.155225 0.253525
0.162619 0.458280
0.162718 0.071383
0.163449 0.626710
0.165675 0.532032
0.166558 0.000000
0.168972 0.049645
0.171920 0.236909
0.176674 0.193850
0.178175 0.381613
0.180051 0.143167
0.190267 0.317342
0.192456 0.379997
0.199138 0.615164
0.204316 0.743214
0.205511 0.552855
0.210386 0.629296
0.220501 0.218804
0.221982 0.615889
0.223122 0.158143
0.228352 0.619682
0.229608 0.725462
0.230132 0.651231
0.231306 0.628812
0.231356 0.423578
0.233719 0.241706
0.234195 0.452786
0.240768 0.456288
0.246589 0.208628
0.246761 0.583074
0.248546 0.621465
0.252662 0.528914
0.253450 0.516185
0.256621 0.365766
0.261295 0.847280
0.266338 0.413249
0.267920 0.651733
0.269426 0.506769
0.270753 0.497509
0.278940 0.331882
0.284116 0.834995
0.284150 0.739122
0.284850 0.512890
0.296376 0.705755
0.296904 0.429689
0.298661 0.279398
0.300977 0.594003
0.300991 0.646697
0.302471 0.480521
0.302506 0.469556
0.303579 0.671292
0.305548 0.555192
0.307509 0.855629
0.312724 0.226386
0.313878 0.759339
0.313887 0.605260
0.315793 0.731117
0.317771 0.679331
0.331232 0.777753
0.335083 0.751594
0.339675 0.639962
0.341696 0.540676
0.346687 0.484061
0.349007 0.762321
0.358683 0.628900
0.360986 0.458461
0.364796 0.554153
0.369499 0.422203
0.370530 0.756297
0.375333 0.462668
0.378658 0.497936
0.378715 0.480672
0.388121 0.534183
0.396774 0.691805
0.397235 0.691776
0.400272 0.676808
0.403810 0.531366
0.407016 0.526067
0.413315 0.664468
0.414927 0.587013
0.415937 0.660361
0.415966 0.235421
0.418294 0.660572
0.419127 0.702176
0.420026 0.532637
0.439352 0.545572
0.443847 0.816554
0.444111 0.500264
0.444325 0.583122
0.444902 0.830022
0.446133 0.427831
0.447438 0.649089
0.449371 0.548936
0.450609 0.548896
0.451603 0.823088
0.454266 0.526864
0.475037 0.617840
0.479581 0.468855
0.484363 0.579916
0.487885 0.436438
0.489611 0.616898
0.494270 0.510927
0.500063 0.716740
0.500615 0.633639
0.503647 0.551693
0.511729 0.617224
0.511976 0.486367
0.520942 0.704032
0.524124 0.549948
0.526438 0.549688
0.527364 0.460164
0.529151 0.518682
0.529768 0.624597
0.531043 0.704662
0.536009 0.530846
0.537291 0.773935
0.545319 0.679388
0.550088 0.531924
0.558766 0.846929
0.562377 0.668797
0.571213 0.836818
0.572801 0.864911
0.573380 0.629717
0.573610 0.645672
0.576920 0.367518
0.579855 0.695719
0.579980 0.658795
0.580331 0.715610
0.580779 0.587572
0.581431 0.445651
0.589907 0.832371
0.591468 0.564318
0.591580 0.889156
0.594537 0.494047
0.595070 0.669041
0.596120 0.615614
0.596821 0.666733
0.598818 0.736839
0.600565 0.781308
0.604542 0.398320
0.614368 0.804254
0.619145 0.717166
0.622260 0.751623
0.623941 0.706394
0.627776 0.611333
0.633489 0.587542
0.644970 0.775727
0.645115 0.342041
0.648279 0.898062
0.654008 0.853421
0.657274 0.768997
0.658512 0.655092
0.660507 0.573036
0.663983 0.552819
0.666037 0.732817
0.666723 0.703075
0.670806 0.782146
0.671199 0.944378
0.679117 0.767592
0.681447 0.590606
0.682652 0.653988
0.695499 0.692972
0.705084 0.660801
0.708007 0.772878
0.709518 0.835850
0.715803 0.766632
0.716671 0.752155
0.717443 0.776225
0.719233 0.783771
0.722520 0.830204
0.722726 0.830639
0.723690 0.801667
0.723739 0.719387
0.728832 0.938524
0.730250 0.748230
0.734823 0.700633
0.738554 0.886235
0.739357 0.671542
0.742238 0.938100
0.743746 0.854834
0.747479 0.888322
0.749760 0.603581
0.755188 0.901217
0.756014 0.800795
0.761286 0.629947
0.762283 0.825223
0.762378 0.865792
0.763753 0.529790
0.765508 0.854380
0.768475 0.849761
0.771183 0.643850
0.771237 0.792585
0.773522 0.875091
0.781548 0.915938
0.787960 0.853143
0.789633 0.877348
0.796452 0.903848
0.810462 0.813282
0.815998 0.663659
0.816030 0.853737
0.817760 0.914068
0.819242 0.886605
0.821002 0.749633
0.832245 0.901325
0.832316 0.895484
0.836053 0.745617
0.836394 0.862000
0.836978 0.781894
0.838378 0.986723
0.847806 0.860375
0.848111 0.826415
0.854387 0.833413
0.856713 0.827412
0.859588 0.836798
0.860453 0.833224
0.870710 0.960425
0.871576 0.874544
0.872328 0.760158
0.876361 0.806689
0.879293 0.807367
0.883939 0.746354
0.888724 0.750712
0.897089 0.934528
0.898579 0.881619
0.898645 0.902781
0.899923 0.846871
0.901675 0.909796
0.904694 0.989546
0.905674 0.920771
0.912887 0.889012
0.924279 0.947890
0.926805 0.889985
0.927643 0.920695
0.934195 0.883467
0.935919 0.937242
0.937538 0.864587
0.938204 0.842342
0.939709 0.837805
0.941968 0.802884
0.942086 0.842966
0.946164 0.951626
0.956120 0.941513
0.959266 0.829464
0.959509 0.924182
0.961278 0.901117
0.962391 0.928886
0.962925 0.823079
0.965256 0.814916
0.968043 0.916122
0.968137 0.864470
0.968559 1.000000
0.968569 0.951662
0.968936 0.899379
0.977492 0.948044
0.978485 0.887536
0.985207 0.962173
0.996469 0.916622
1.000000 0.945203
