0.000000 0.273422
0.018282 0.248202
0.033457 0.344712
0.079143 0.417611
0.103918 0.463288
0.134199 0.566377
0.136925 0.323599
0.137276 0.435434
0.158123 0.341183
0.159135 0.559585
0.167967 0.521326
0.175365 0.589065
0.175831 0.609332
0.190393 0.407086
0.193382 0.540992
0.203967 0.267222
0.206780 0.502431
0.207625 0.324435
0.210472 0.525128
0.217443 0.618521
0.222628 0.565187
0.228095 0.382967
0.228194 0.516830
0.235172 0.574810
0.240133 0.000000
0.240848 0.160210
0.241552 0.455470
0.241711 0.614942
0.247805 0.471274
0.254735 0.642411
0.255695 0.536035
0.261556 0.070924
0.262816 0.682187
0.265623 0.579517
0.266056 0.692571
0.266836 0.337148
0.272731 0.629434
0.272746 0.766274
0.274236 0.677858
0.275928 0.715765
0.279403 0.481382
0.279929 0.584485
0.280768 0.494237
0.286754 0.697284
0.294976 0.551697
0.296074 0.682557
0.299917 0.686147
0.300013 0.667332
0.306054 0.617266
0.308086 0.395493
0.309959 0.771798
0.312405 0.590990
0.312607 0.728856
0.312882 0.273737
0.313188 0.654925
0.317964 0.810182
0.321560 0.746893
0.322977 0.552412
0.323866 0.604027
0.324172 0.503014
0.325927 0.661096
0.326642 0.510509
0.327093 0.484486
0.328793 0.637306
0.331554 0.740324
0.333400 0.705285
0.335113 0.676894
0.338550 0.741828
0.340855 0.734633
0.342916 0.594229
0.344245 0.773541
0.344621 0.602242
0.345430 0.658482
0.345760 0.797850
0.347099 0.648692
0.347902 0.407704
0.351696 0.391315
0.358122 0.592688
0.358557 0.481204
0.359155 0.768091
0.360942 0.725383
0.362919 0.297898
0.371352 0.680592
0.372269 0.766619
0.375960 0.620079
0.376348 0.775228
0.376555 0.751709
0.378251 0.827206
0.380491 0.713371
0.381347 0.468107
0.382154 0.728874
0.382218 0.511714
0.384463 0.599643
0.385214 0.422161
0.386885 0.633298
0.388795 0.398715
0.389536 0.644542
0.389854 0.702746
0.389894 0.359494
0.389985 0.459840
0.393476 0.666807
0.398411 0.574046
0.400251 0.601443
0.400258 0.878793
0.400606 0.532680
0.402049 0.866023
0.403790 0.633417
0.407118 0.719117
0.409766 0.781956
0.410065 0.814720
0.410158 0.540197
0.414769 0.424046
0.415962 0.474006
0.416446 0.641141
0.419047 0.851794
0.419131 0.748996
0.420114 0.617223
0.420695 0.517207
0.421579 0.568185
0.422171 0.728907
0.425110 0.599708
0.425128 0.793035
0.427792 0.754057
0.428232 0.489810
0.428370 0.472503
0.429112 0.278370
0.432204 0.831666
0.432286 0.460838
0.433251 0.467590
0.434902 0.591872
0.435346 0.458817
0.435579 0.625338
0.436321 0.525040
0.437171 0.670152
0.437323 0.497858
0.437815 0.617123
0.438496 0.552345
0.438629 0.528289
0.438893 0.593449
0.438903 0.555796
0.440458 0.854011
0.443705 0.487659
0.445835 0.865231
0.446634 0.765345
0.447566 0.609801
0.450712 0.297443
0.450926 0.650165
0.451739 0.439212
0.454748 0.472439
0.456636 0.488311
0.460360 0.609252
0.460686 0.529268
0.463381 0.871525
0.463385 0.785878
0.463746 0.474250
0.467010 0.586563
0.471099 0.658019
0.473199 0.205595
0.475702 0.796643
0.476509 0.329056
0.476529 0.656683
0.478694 0.562709
0.478820 0.429829
0.478889 0.311909
0.479451 0.573000
0.480320 0.455577
0.480697 0.231779
0.481115 0.568646
0.483430 0.528053
0.484734 0.767404
0.489846 0.788173
0.490164 0.362669
0.490248 0.536899
0.492315 0.780613
0.496154 0.839870
0.496352 0.701830
0.497807 0.734026
0.498222 0.808494
0.498336 0.631777
0.498762 0.877837
0.500333 0.859607
0.500575 0.822935
0.504892 0.707170
0.505498 0.735308
0.505607 0.722722
0.506886 0.662434
0.508161 0.829485
0.510461 0.698661
0.510500 0.834429
0.512580 0.734183
0.513335 0.835302
0.513930 0.421947
0.514488 0.590075
0.515776 0.601243
0.516117 0.425639
0.518850 0.731955
0.519467 0.395073
0.520126 0.788454
0.520662 0.670451
0.521015 0.886207
0.522112 0.938157
0.522648 0.481796
0.523262 0.637599
0.524518 0.772661
0.525609 0.731753
0.527776 0.882893
0.528725 0.856923
0.529293 0.574597
0.529374 0.837113
0.529815 0.552195
0.530072 0.939867
0.530500 0.612050
0.531244 0.694962
0.531697 0.750801
0.533925 0.419904
0.535470 0.437725
0.535668 0.399403
0.537210 0.908986
0.538988 0.566479
0.540520 0.552510
0.541433 0.776535
0.541715 0.645424
0.542232 0.335974
0.542570 0.759493
0.548962 0.678314
0.549991 0.839960
0.550090 0.891280
0.551949 0.558508
0.552436 0.640338
0.554456 0.740783
0.554827 0.823521
0.556563 0.744314
0.557606 0.813472
0.558678 0.930522
0.560246 0.786366
0.561070 0.483951
0.563034 0.844233
0.568775 0.757731
0.569890 0.872778
0.570379 0.729496
0.573058 0.655524
0.573085 0.913279
0.574953 0.434021
0.578766 0.679225
0.581494 0.887963
0.582823 0.779977
0.583313 0.814178
0.587637 0.631879
0.587878 0.824470
0.590466 0.768339
0.591025 0.775997
0.591224 0.743702
0.591875 0.917329
0.592326 0.671688
0.594126 0.639807
0.594601 0.816673
0.596026 0.865264
0.597019 0.863547
0.601036 0.890350
0.601590 0.875295
0.603563 0.817565
0.604306 0.844782
0.608381 0.935383
0.608417 0.749653
0.610236 0.875059
0.610263 0.759962
0.611265 0.600416
0.612629 0.735261
0.612719 0.678977
0.612941 0.652671
0.614353 0.551260
0.614699 0.793481
0.616132 0.595221
0.620241 0.947594
0.621505 0.672185
0.623841 0.832889
0.624897 0.754993
0.626132 0.560785
0.627062 0.756779
0.627315 0.647598
0.628519 0.565416
0.628764 0.606325
0.629199 0.803785
0.631197 0.714790
0.631810 0.711971
0.634444 0.683451
0.634791 0.332984
0.635267 0.605361
0.635414 0.393552
0.635652 0.512216
0.635684 0.790932
0.637552 0.793271
0.637882 0.914485
0.638254 0.841927
0.639519 0.929761
0.640938 0.997385
0.643439 0.696056
0.645202 0.654110
0.647451 0.882505
0.647664 0.800034
0.648588 0.746243
0.649272 0.835763
0.654200 0.889109
0.655812 0.814987
0.656682 0.633885
0.658114 0.618047
0.658849 0.499422
0.659697 0.774567
0.662216 0.709684
0.664116 0.405296
0.664778 0.760942
0.665156 0.816687
0.666533 0.913636
0.667983 0.582847
0.668584 0.616550
0.670471 0.815823
0.677715 0.752235
0.678629 0.446221
0.679474 0.523818
0.683979 0.949184
0.684397 0.628360
0.685255 0.918843
0.687280 0.858530
0.689465 0.721995
0.689988 0.856520
0.693201 0.830112
0.694271 0.770093
0.694407 0.777979
0.696120 0.571308
0.696217 0.961589
0.697033 0.349406
0.697450 0.764215
0.699009 0.803438
0.699042 0.599200
0.700097 0.846675
0.700111 0.773315
0.701818 0.556028
0.708094 0.927593
0.711015 0.873669
0.711318 0.188415
0.712933 0.716556
0.714834 0.445114
0.715310 0.446638
0.717479 0.812815
0.719719 0.626734
0.720854 0.945414
0.723835 0.985122
0.729896 0.827050
0.733929 0.719292
0.734003 0.697724
0.735661 0.883708
0.738080 0.977738
0.742477 0.685064
0.746375 0.811981
0.746601 0.935064
0.746770 0.929048
0.753991 0.617614
0.759343 0.673319
0.764958 0.628781
0.767694 0.911950
0.771103 0.797700
0.772216 0.727254
0.773858 0.892677
0.777370 0.856106
0.777641 0.808308
0.777752 0.724628
0.784535 0.582370
0.784698 0.522031
0.785006 0.791905
0.786086 0.966331
0.796798 0.771238
0.802660 0.944541
0.813515 0.841022
0.814203 0.831985
0.818057 0.665244
0.822071 1.000000
0.823280 0.464463
0.827337 0.937732
0.827884 0.604406
0.830197 0.883372
0.838973 0.949012
0.840498 0.723067
0.845649 0.897697
0.845905 0.746420
0.848105 0.749306
0.849500 0.816180
0.860964 0.969970
0.862809 0.875276
0.869461 0.789109
0.874145 0.900330
0.877166 0.687171
0.891704 0.790917
0.899088 0.787026
0.922089 0.868488
0.925917 0.830620
0.948607 0.964126
0.992276 0.758715
0.995971 0.805833
0.996903 0.950255
1.000000 0.889280
