0.000000 0.574016
0.004189 0.556816
0.005381 0.557309
0.006464 0.592720
0.007260 0.429594
0.007364 0.411879
0.007747 0.266727
0.011162 0.437585
0.017486 0.503881
0.021657 0.501760
0.022255 0.267704
0.025217 0.276767
0.026087 0.406250
0.035883 0.333412
0.036205 0.384917
0.045020 0.496411
0.046625 0.662614
0.053120 0.436153
0.055413 0.343021
0.055447 0.482434
0.056307 0.427208
0.059660 0.332087
0.060717 0.194721
0.067273 0.301197
0.069050 0.672420
0.069555 0.383098
0.070212 0.627025
0.070429 0.506139
0.071218 0.364913
0.071543 0.503967
0.073188 0.583505
0.074737 0.397252
0.075946 0.572036
0.079915 0.359016
0.083666 0.356971
0.087260 0.406093
0.087617 0.488008
0.088164 0.319502
0.090362 0.553786
0.091230 0.436394
0.091746 0.584155
0.091954 0.601879
0.095679 0.435521
0.099177 0.534585
0.099281 0.392907
0.103460 0.403062
0.106160 0.362920
0.110491 0.589402
0.113931 0.418902
0.114364 0.488724
0.117909 0.336282
0.120254 0.434780
0.126249 0.503029
0.126395 0.619625
0.128483 0.486502
0.136745 0.399865
0.140386 0.585730
0.140829 0.597125
0.141114 0.146476
0.141206 0.321637
0.142213 0.600262
0.150709 0.426826
0.157833 0.562238
0.159127 0.434712
0.159557 0.350600
0.160913 0.321122
0.165518 0.463788
0.167176 0.452825
0.169719 0.496981
0.170783 0.553645
0.172467 0.361843
0.172667 0.348127
0.174069 0.420395
0.175621 0.296914
0.180216 0.401458
0.181202 0.418380
0.183584 0.304164
0.184912 0.396321
0.186043 0.286239
0.188792 0.448662
0.196980 0.300445
0.198738 0.590016
0.199313 0.508635
0.199588 0.405445
0.205093 0.675158
0.209712 0.147922
0.210707 0.601058
0.212938 0.181502
0.215657 0.321484
0.216454 0.370942
0.221993 0.590117
0.224302 0.436309
0.226300 0.500959
0.226818 0.493273
0.228065 0.208388
0.235915 0.397657
0.239326 0.534100
0.241003 0.427850
0.246038 0.241182
0.246193 0.289225
0.247305 0.476854
0.248263 0.411077
0.251517 0.543184
0.254565 0.408117
0.256849 0.330360
0.258892 0.438268
0.259895 0.542523
0.263420 0.263329
0.263556 0.306550
0.270072 0.385819
0.271797 0.405533
0.271998 0.491399
0.276881 0.386447
0.281242 0.413847
0.282178 0.420345
0.285944 0.545482
0.287421 0.414894
0.287580 0.340598
0.288582 0.385536
0.288775 0.408011
0.292567 0.504820
0.293548 0.422523
0.294809 0.489222
0.295587 0.543602
0.295690 0.487277
0.297922 0.486146
0.300158 0.304960
0.302265 0.414487
0.307351 0.451550
0.311019 0.554997
0.312876 0.328525
0.315052 0.342183
0.317530 0.506129
0.322168 0.376072
0.324686 0.574507
0.329652 0.199565
0.334996 0.425694
0.335768 0.479236
0.336594 0.641894
0.337683 0.372020
0.339883 0.359052
0.345416 0.203853
0.345944 0.324578
0.347692 0.330961
0.350526 0.343120
0.351444 0.445856
0.355701 0.763167
0.355885 0.182585
0.357138 0.376961
0.357921 0.324243
0.364892 0.122634
0.365196 0.598911
0.369682 0.642141
0.370711 0.473390
0.371648 0.391104
0.379175 0.536539
0.381915 0.584327
0.382834 0.483834
0.382893 0.527725
0.385959 0.455409
0.393573 0.380154
0.393667 0.464756
0.393712 0.352498
0.394504 0.586149
0.395362 0.257890
0.399434 0.218076
0.402357 0.482278
0.405317 0.493413
0.406784 0.365402
0.411284 0.223571
0.412218 0.000000
0.415067 0.363652
0.419726 0.717027
0.419920 0.246799
0.420997 0.742702
0.425651 0.419008
0.430420 0.625706
0.434375 0.257087
0.436154 0.388213
0.436914 0.498515
0.437505 0.454825
0.439161 0.429792
0.440902 0.603042
0.441515 0.596726
0.445450 0.369677
0.446589 0.205006
0.446889 0.277824
0.449507 0.588890
0.452423 0.379011
0.454543 0.377709
0.454626 0.347082
0.456387 0.386194
0.460203 0.602190
0.460877 0.453751
0.460936 0.567995
0.461811 0.473667
0.463711 0.369915
0.463802 0.428206
0.465043 0.636440
0.465592 0.358574
0.468903 0.594426
0.470716 0.580897
0.471777 0.415262
0.472614 0.400755
0.475838 0.399915
0.476402 0.473742
0.478549 0.672735
0.478794 0.385147
0.482165 0.416061
0.482579 0.394275
0.483233 0.626161
0.490347 0.555536
0.506029 0.590410
0.508780 0.473584
0.512428 0.485575
0.513183 0.502332
0.514202 0.321723
0.516449 0.328098
0.520327 0.211874
0.520485 0.476584
0.520912 0.534314
0.522468 0.507534
0.524471 0.602642
0.525212 0.456682
0.526200 0.402185
0.526847 0.126937
0.527983 0.262301
0.528651 0.272823
0.532913 0.392147
0.537478 0.648371
0.539293 0.408490
0.542699 0.771959
0.545407 0.685929
0.546168 0.415859
0.550885 0.481556
0.554080 0.478958
0.555695 0.458165
0.560596 0.324328
0.562870 0.243827
0.563051 0.456544
0.568913 0.494931
0.574261 0.557882
0.576532 0.283071
0.580576 0.317723
0.582681 0.523089
0.587146 0.331992
0.589952 0.603654
0.592254 0.517534
0.592502 0.554671
0.593779 0.428178
0.596333 0.547022
0.606047 0.676137
0.606405 0.518031
0.608541 0.423574
0.613209 0.444840
0.613810 0.548915
0.614342 0.472905
0.614434 0.450299
0.615110 0.523594
0.616720 0.359815
0.617202 0.371239
0.619986 0.599537
0.620501 0.370685
0.621829 0.685273
0.630771 0.538296
0.631131 0.411531
0.632743 0.620637
0.635986 0.598242
0.636950 0.589589
0.639565 0.459609
0.647948 0.478480
0.650356 0.351259
0.653799 0.498244
0.655995 0.611303
0.656733 0.419195
0.659016 0.301471
0.659858 0.367726
0.660450 0.418177
0.662324 0.522586
0.666036 0.596306
0.669699 0.700894
0.669834 0.455130
0.672293 0.571773
0.674102 0.495724
0.674588 0.438348
0.680780 0.342185
0.680895 0.569264
0.681961 0.145220
0.683869 0.431819
0.686521 0.515616
0.698034 0.574666
0.699197 0.628592
0.699375 0.751858
0.703758 0.691205
0.704968 0.485543
0.705303 0.481455
0.723112 0.681861
0.728001 0.522871
0.729366 0.400591
0.731471 0.421099
0.731600 0.603971
0.732939 0.538447
0.735389 0.300235
0.746150 0.452761
0.746910 0.598662
0.748123 0.675007
0.748143 0.723709
0.749026 0.537549
0.755203 0.886171
0.756320 0.462278
0.756559 0.787862
0.758791 0.643396
0.762243 0.765413
0.764549 0.416894
0.766469 0.820528
0.769672 0.489226
0.771021 0.395243
0.771146 0.471408
0.772279 0.545874
0.772760 0.688033
0.778133 0.619670
0.785328 0.495216
0.786958 0.739202
0.788156 0.257767
0.789771 0.708897
0.791224 0.619069
0.794706 0.486312
0.794724 0.624185
0.795227 0.574175
0.797757 0.618945
0.798477 0.859586
0.803851 0.744354
0.811979 0.741933
0.812617 0.573078
0.813263 0.678366
0.813798 0.580107
0.817863 0.398732
0.828923 0.610767
0.831683 0.726406
0.831894 0.610126
0.835492 0.546599
0.836823 0.583147
0.839993 0.726192
0.842517 0.643412
0.842878 0.666363
0.843024 0.608589
0.848471 0.465036
0.849115 0.667857
0.850767 0.795467
0.853371 0.846624
0.857193 0.554792
0.858053 0.598269
0.862583 0.601614
0.862759 0.612156
0.867990 0.740910
0.873661 0.718094
0.874057 0.388991
0.878745 0.659978
0.880944 0.677343
0.881380 0.614100
0.882189 0.742131
0.891486 0.793298
0.892920 0.565168
0.895682 0.787098
0.898826 0.490237
0.901108 0.570971
0.901906 0.668525
0.903958 0.972718
0.904680 0.605844
0.907121 0.435946
0.913306 0.664061
0.914962 0.688932
0.916571 0.565062
0.942444 0.446407
0.952416 0.628766
0.953477 0.488105
0.958185 0.524007
0.958674 0.703633
0.965816 0.853492
0.967789 0.568772
0.970173 0.577738
0.973349 0.689710
0.975740 0.857728
0.976854 0.500661
0.977081 1.000000
0.980497 0.636471
0.983120 0.642020
0.984970 0.895768
0.985611 0.617129
0.985832 0.740138
0.987002 0.437378
0.987622 0.677317
0.989537 0.634631
0.993014 0.632851
0.993836 0.553343
0.994777 0.689012
1.000000 0.629024
