0.000000 0.093338
0.001090 0.253692
0.004884 0.404533
0.005430 0.265711
0.005490 0.459165
0.007827 0.579043
0.008764 0.305450
0.011776 0.383192
0.016627 0.614300
0.017034 0.765836
0.017627 0.081923
0.018510 0.395045
0.022750 0.342691
0.023166 0.344271
0.024246 0.394879
0.024913 0.424706
0.025998 0.284673
0.028850 0.358428
0.031543 0.118394
0.033120 0.151989
0.037237 0.303122
0.039336 0.317169
0.040570 0.560827
0.040984 0.647116
0.041955 0.322347
0.045327 0.377027
0.048868 0.772819
0.049426 0.259788
0.052314 0.350304
0.054761 0.389923
0.055462 0.495646
0.056576 0.114095
0.057293 0.562722
0.062556 0.121625
0.068737 0.554686
0.077914 0.436369
0.080725 0.513643
0.083811 0.319435
0.086023 0.449425
0.095338 0.295605
0.096445 0.312885
0.107560 0.620529
0.109077 0.438473
0.119859 0.367046
0.119990 0.651912
0.142424 0.457461
0.146099 0.379860
0.148510 0.770550
0.149222 0.828927
0.149399 0.661674
0.149798 0.363472
0.150999 0.460338
0.158232 0.292147
0.161180 0.166645
0.161504 0.556772
0.168539 0.500302
0.169659 0.622490
0.174697 0.453036
0.178530 0.284502
0.180103 0.483722
0.180178 0.282562
0.183904 0.546590
0.186157 0.566308
0.192304 0.670131
0.196282 0.684985
0.198367 0.492549
0.198413 0.398075
0.204448 0.690419
0.212558 0.414189
0.214858 0.225239
0.217535 0.332247
0.218836 0.481985
0.222104 0.417779
0.225479 0.510345
0.225991 0.000000
0.229980 0.443564
0.235679 0.557160
0.239568 0.058723
0.241922 0.387366
0.245015 0.762596
0.247322 0.141761
0.253217 0.151443
0.255324 0.351115
0.267269 0.823022
0.271104 0.426150
0.271278 0.473091
0.276490 0.310215
0.277075 0.348507
0.281386 0.910404
0.283465 0.544523
0.284665 0.593284
0.284844 0.528327
0.287932 0.713714
0.289829 0.798550
0.293256 0.315366
0.298293 0.744045
0.302025 0.504803
0.302648 0.115874
0.304241 0.717004
0.304346 0.512374
0.306045 0.712264
0.310553 0.529946
0.311841 0.185213
0.312521 0.475225
0.332954 0.405631
0.336049 0.395460
0.339419 0.248962
0.350638 0.217011
0.350706 0.670110
0.358153 0.330371
0.359660 0.566617
0.361554 0.809192
0.362348 0.510535
0.362577 0.350749
0.369093 0.655549
0.369349 0.108050
0.370379 0.426774
0.379956 0.576446
0.380955 0.223208
0.382684 0.396317
0.395150 0.614411
0.396813 0.354699
0.398173 0.472257
0.399773 0.221799
0.399822 0.492974
0.401503 0.286231
0.407678 0.412910
0.408347 0.399883
0.411707 0.342109
0.411807 0.549934
0.415030 0.557808
0.416152 0.413350
0.416773 0.340901
0.419390 0.661871
0.421181 0.538797
0.422040 0.573146
0.423180 0.520924
0.425255 0.409116
0.425313 0.228749
0.429103 0.480250
0.429674 0.543207
0.431382 0.020769
0.431622 0.513095
0.438696 0.488542
0.440202 0.649920
0.447492 0.512325
0.449537 0.471096
0.464938 0.143742
0.466836 0.605201
0.468916 0.253084
0.473288 0.822257
0.484088 0.500616
0.488773 0.586068
0.490818 0.515917
0.494516 0.421154
0.495262 0.586928
0.497131 0.500864
0.497944 0.784772
0.499944 0.295373
0.505073 0.177131
0.507177 0.351911
0.519556 0.486155
0.520029 0.426267
0.520465 0.480499
0.520695 0.465672
0.523914 0.605625
0.535391 0.334299
0.536441 0.682638
0.543297 0.308517
0.545947 0.407089
0.547248 0.504667
0.555713 0.239365
0.557643 0.291851
0.564346 0.094972
0.564969 0.469939
0.565706 0.679147
0.566979 0.545788
0.567746 0.274048
0.568150 0.374984
0.572652 0.169401
0.574821 0.387111
0.575368 0.363371
0.580362 0.646487
0.582127 0.513153
0.595855 0.187420
0.605193 0.538414
0.606227 0.495954
0.608644 0.266532
0.609780 0.579487
0.615216 0.459808
0.616763 0.226948
0.621295 0.226595
0.622499 0.186042
0.641489 0.426765
0.645055 0.088450
0.650236 0.581519
0.652423 0.413636
0.652442 0.380443
0.655215 0.497608
0.656528 0.336335
0.665122 0.233583
0.665511 0.412578
0.668305 0.349605
0.673915 0.358249
0.675619 0.440889
0.679088 0.323769
0.679181 0.179939
0.683082 0.165561
0.691473 0.262456
0.691689 0.238096
0.692347 0.678789
0.707790 0.489093
0.713087 0.241599
0.713849 0.263498
0.714911 0.224520
0.715387 0.542994
0.716798 0.278637
0.727666 0.420946
0.728818 0.353833
0.734985 0.357536
0.741189 0.628483
0.742438 0.683886
0.743417 0.595078
0.750857 0.261351
0.751203 0.611189
0.753584 0.294771
0.753885 0.258961
0.764189 0.620948
0.766045 0.735437
0.766235 0.635764
0.775708 0.572149
0.776508 0.439788
0.785641 0.325795
0.788117 0.670758
0.789055 0.405692
0.792920 0.785001
0.794086 0.334083
0.818724 0.677517
0.824072 0.568445
0.825129 0.593565
0.832952 0.662406
0.837793 0.531233
0.839018 0.524329
0.839063 0.523643
0.844040 1.000000
0.845612 0.398912
0.851747 0.375130
0.851834 0.636005
0.876716 0.628389
0.888198 0.325777
0.889369 0.469132
0.889626 0.399708
0.890011 0.632760
0.894147 0.378641
0.901361 0.210487
0.904957 0.324192
0.906484 0.713792
0.909305 0.702980
0.909724 0.647528
0.910875 0.554738
0.915660 0.644930
0.916364 0.349132
0.920281 0.567206
0.920931 0.392794
0.923484 0.776769
0.925130 0.489552
0.925325 0.397772
0.925531 0.899371
0.935111 0.827920
0.936808 0.457736
0.938834 0.491502
0.942364 0.617201
0.944420 0.694573
0.947463 0.253914
0.948993 0.713002
0.951997 0.478904
0.954433 0.469685
0.957768 0.214314
0.962241 0.668558
0.962734 0.572214
0.968105 0.838940
0.969057 0.675028
0.970340 0.612936
0.975124 0.672335
0.976296 0.287902
0.976559 0.417124
0.979067 0.716020
0.979857 0.262197
0.980430 0.476902
0.984973 0.712247
0.989391 0.306928
0.998306 0.877235
1.000000 0.484543
