0.000000 0.255458
0.001204 0.290048
0.001626 0.277142
0.003509 0.486877
0.003660 0.000000
0.004320 0.258297
0.007206 0.078837
0.008056 0.280444
0.008630 0.555381
0.009909 0.636213
0.010999 0.582584
0.013402 0.656812
0.014366 0.228090
0.014403 0.397359
0.018457 0.653156
0.030918 0.111299
0.034367 0.260754
0.036289 0.655174
0.036806 0.664020
0.042949 0.241666
0.045736 0.101078
0.049585 0.109637
0.050628 0.081063
0.055253 0.336062
0.057960 0.670000
0.058062 0.639061
0.058560 0.415370
0.059868 0.016440
0.064811 0.302311
0.068296 0.338082
0.069805 0.626323
0.072565 0.138748
0.072725 0.658463
0.072844 0.348337
0.073662 0.132842
0.075314 0.386652
0.079800 0.104043
0.084492 0.295544
0.085294 0.489780
0.087278 0.116448
0.088914 0.272755
0.089820 0.007230
0.098094 0.207627
0.098808 0.137370
0.099492 0.094622
0.099590 0.285938
0.101102 0.481617
0.101456 0.619849
0.103824 0.474095
0.108831 0.132388
0.112666 0.334174
0.115381 0.540441
0.117562 0.597357
0.121351 0.692468
0.121591 0.323365
0.125337 0.034531
0.129712 0.446651
0.132228 0.378401
0.132989 0.206742
0.136097 0.108459
0.136420 0.482838
0.138992 0.586039
0.139640 0.471601
0.150487 0.209300
0.153589 0.703028
0.155387 0.147905
0.159045 0.263780
0.170687 0.524972
0.172077 0.632462
0.178208 0.083968
0.178442 0.693265
0.178986 0.232805
0.180143 0.254828
0.181069 0.369796
0.182094 0.446297
0.184463 0.608679
0.187351 0.689542
0.189634 0.193180
0.190464 0.383933
0.191773 0.645625
0.191790 0.266465
0.196848 0.359347
0.198453 0.405080
0.201948 0.710425
0.203493 0.263114
0.203506 0.356552
0.205893 0.699802
0.213846 0.418938
0.214671 0.164096
0.216027 0.101458
0.216299 0.614888
0.217778 0.487383
0.221249 0.591911
0.230075 0.271587
0.231420 0.503515
0.235263 0.153309
0.235322 0.577906
0.235747 0.289001
0.235926 0.193395
0.237675 0.723474
0.237705 0.656861
0.239954 0.650295
0.240071 0.709567
0.244372 0.714571
0.251581 0.198076
0.257822 0.610395
0.259393 0.487143
0.265184 0.675624
0.268958 0.566914
0.269759 0.459086
0.272961 0.658567
0.273434 0.657444
0.273548 0.436138
0.276635 0.756289
0.277484 0.204832
0.277731 0.230932
0.280860 0.550958
0.282088 0.346020
0.282845 0.523018
0.284499 0.617598
0.284907 0.252130
0.286610 0.516829
0.290539 0.623849
0.291124 0.301187
0.291328 0.403158
0.291437 0.706970
0.292516 0.440132
0.293587 0.184244
0.298780 0.770548
0.300099 0.371287
0.300245 0.436671
0.307267 0.467672
0.309557 0.271393
0.310607 0.299004
0.315270 0.568797
0.319253 0.173373
0.324254 0.251182
0.324328 0.423274
0.324971 0.236873
0.329598 0.489392
0.332715 0.325934
0.337350 0.184423
0.339577 0.692694
0.341464 0.742269
0.342080 0.231798
0.342314 0.396665
0.346020 0.521451
0.351589 0.310826
0.353183 0.432659
0.353837 0.710741
0.354175 0.526565
0.356531 0.562257
0.357961 0.323578
0.360630 0.491367
0.361916 0.626812
0.364059 0.539541
0.364677 0.274991
0.365754 0.792934
0.367048 0.206406
0.367309 0.476284
0.367750 0.765737
0.370072 0.723882
0.372141 0.675033
0.372541 0.221387
0.374272 0.520149
0.374544 0.455151
0.374742 0.653717
0.376150 0.591795
0.382010 0.716525
0.383670 0.341502
0.385081 0.541465
0.389976 0.225347
0.390864 0.723136
0.392339 0.704640
0.401568 0.774350
0.401966 0.458889
0.403104 0.674946
0.403630 0.439151
0.410319 0.669598
0.412727 0.266063
0.421703 0.347890
0.429945 0.719058
0.432365 0.707423
0.434514 0.316100
0.438464 0.276557
0.440532 0.644890
0.440704 0.696241
0.446013 0.583033
0.446600 0.265756
0.446882 0.724201
0.449332 0.420459
0.449590 0.786449
0.450205 0.725756
0.451069 0.596459
0.456764 0.553296
0.456920 0.367967
0.462192 0.364421
0.462383 0.703027
0.467262 0.598637
0.470031 0.447394
0.474520 0.558004
0.476631 0.694820
0.476677 0.494633
0.478045 0.818080
0.481308 0.498125
0.481403 0.595085
0.482793 0.578112
0.487854 0.529651
0.490770 0.826576
0.493235 0.311179
0.494436 0.635026
0.495496 0.732366
0.497675 0.501955
0.498982 0.359087
0.499584 0.327410
0.502271 0.654331
0.503149 0.406627
0.510984 0.554198
0.511167 0.628179
0.511570 0.762441
0.522153 0.509558
0.529384 0.516329
0.529545 0.349148
0.534557 0.770783
0.536145 0.496807
0.536269 0.768050
0.548488 0.722048
0.549172 0.334188
0.555737 0.774295
0.557361 0.768282
0.560479 0.672746
0.560869 0.387058
0.564363 0.548054
0.564650 0.831349
0.568469 0.622057
0.569897 0.432778
0.572222 0.829360
0.580245 0.603595
0.581656 0.465255
0.594031 0.453649
0.594214 0.598944
0.595188 0.627721
0.595929 0.555792
0.599388 0.615302
0.603788 0.438700
0.605581 0.802316
0.605776 0.390872
0.607707 0.870426
0.608079 0.540404
0.608873 0.773085
0.609478 0.364225
0.612086 0.747057
0.612748 0.831749
0.612983 0.387898
0.619356 0.488022
0.622830 0.864388
0.626830 0.502644
0.627314 0.829114
0.629174 0.722534
0.630136 0.645291
0.632175 0.864757
0.632263 0.859003
0.632833 0.502221
0.636867 0.577701
0.638747 0.388012
0.643787 0.617961
0.648336 0.809865
0.652053 0.401761
0.655787 0.411237
0.658589 0.557740
0.662438 0.803071
0.663383 0.583481
0.668787 0.489207
0.669080 0.409778
0.669361 0.839053
0.676283 0.812930
0.676444 0.493636
0.678524 0.443019
0.697645 0.843414
0.698646 0.421963
0.700470 0.518171
0.704068 0.772685
0.707380 0.439387
0.710269 0.449400
0.711670 0.740171
0.715620 0.432274
0.716943 0.756964
0.717753 0.430563
0.725006 0.895090
0.725843 0.469605
0.727831 0.616232
0.731897 0.450600
0.731923 0.532342
0.735779 0.569401
0.738332 0.806810
0.740299 0.878187
0.743789 0.635969
0.744152 0.485687
0.744227 0.644735
0.746123 0.895095
0.749605 0.803850
0.750700 0.458300
0.751029 0.892679
0.754175 0.569464
0.755008 0.603715
0.758498 0.574066
0.760515 0.596622
0.760633 0.568046
0.760907 0.868550
0.764919 0.838072
0.774440 0.868159
0.776059 0.706855
0.778546 0.747457
0.778800 0.731103
0.780577 0.728512
0.788672 0.620007
0.789576 0.834460
0.789836 0.854506
0.790777 0.643703
0.791590 0.542768
0.801473 0.814013
0.801494 0.618203
0.808195 0.801313
0.808420 0.736788
0.808995 0.903371
0.814146 0.853637
0.822146 0.868064
0.822466 0.948093
0.825845 0.891981
0.829596 0.843449
0.830025 0.676762
0.834498 0.790411
0.840935 0.840361
0.843100 0.859251
0.844272 0.942147
0.848260 0.787012
0.848769 0.576606
0.850082 0.700474
0.850508 0.586826
0.853119 0.702195
0.853568 0.760834
0.854960 0.812498
0.855006 0.899779
0.855112 0.863100
0.857695 0.640875
0.859725 0.847966
0.859744 0.828771
0.863440 0.600390
0.864200 0.582547
0.865232 0.866716
0.865941 0.551000
0.868840 0.841516
0.871176 0.595958
0.873821 0.948032
0.878692 0.592245
0.879198 0.754704
0.879858 0.662415
0.881265 0.956169
0.886339 0.953285
0.887494 0.856928
0.889103 0.840323
0.898096 0.983917
0.898754 0.556947
0.898845 0.642333
0.900542 0.981593
0.901666 0.840053
0.913845 0.634741
0.917372 0.620462
0.924170 0.646725
0.924355 0.676175
0.926537 0.851334
0.928267 0.816158
0.931496 0.648485
0.931944 0.618740
0.933918 0.645569
0.936165 0.982433
0.937500 0.624491
0.951878 0.908874
0.953867 0.732558
0.954016 0.869706
0.963600 0.810384
0.965380 0.994297
0.966876 0.645663
0.968554 0.776388
0.968933 0.810191
0.969942 0.715999
0.971516 0.635250
0.973060 0.932030
0.978023 0.993209
0.978536 1.000000
0.980214 0.886603
0.980804 0.933446
0.981234 0.706380
0.983110 0.708138
0.984732 0.922643
0.990877 0.634505
0.991130 0.904361
0.991391 0.688187
0.994443 0.745866
1.000000 0.884933
