0.000000 0.064060
0.002791 0.107165
0.003461 0.562971
0.004000 0.146011
0.009163 0.423970
0.011578 0.312022
0.011849 0.364264
0.012562 0.020186
0.017725 0.263684
0.018370 0.130305
0.018794 0.338136
0.023552 0.381025
0.023843 0.468405
0.024096 0.518985
0.039412 0.264453
0.042040 0.299754
0.042822 0.237643
0.045699 0.119918
0.048312 0.168420
0.050399 0.447582
0.056204 0.473032
0.057061 0.410409
0.064600 0.449070
0.067987 0.253233
0.068537 0.059210
0.070369 0.566565
0.071133 0.064976
0.072815 0.347074
0.074701 0.000000
0.076580 0.271797
0.084482 0.164408
0.088291 0.089454
0.088967 0.519419
0.091040 0.274785
0.092895 0.418767
0.095505 0.575740
0.096608 0.120746
0.096873 0.345858
0.097799 0.088463
0.099885 0.486504
0.100212 0.141442
0.102288 0.457712
0.103286 0.121528
0.104702 0.492097
0.107782 0.537775
0.122698 0.296103
0.126534 0.052005
0.132850 0.353697
0.134088 0.555524
0.139638 0.477289
0.144902 0.286350
0.145753 0.204346
0.153069 0.082455
0.157651 0.528116
0.160941 0.364316
0.162649 0.246612
0.163342 0.219166
0.164726 0.465202
0.165973 0.092187
0.168591 0.492816
0.169419 0.593171
0.170729 0.398533
0.174800 0.406551
0.174996 0.551028
0.176869 0.374452
0.177662 0.371823
0.179865 0.393741
0.184427 0.465772
0.190117 0.653594
0.205604 0.277369
0.208296 0.105445
0.209631 0.146422
0.210012 0.375290
0.211453 0.285500
0.212727 0.182776
0.213384 0.455057
0.215592 0.132356
0.217223 0.651578
0.225458 0.230052
0.226580 0.086065
0.231399 0.640761
0.232724 0.086110
0.233049 0.666806
0.237346 0.063113
0.239703 0.188866
0.240196 0.578318
0.240629 0.437991
0.241689 0.520976
0.242613 0.580630
0.242791 0.340810
0.242965 0.534395
0.243161 0.491823
0.244921 0.509253
0.253074 0.325958
0.256871 0.569289
0.258474 0.536127
0.260800 0.263722
0.263935 0.597432
0.266994 0.482332
0.268619 0.091922
0.272553 0.451051
0.277852 0.130051
0.281630 0.313810
0.288397 0.507549
0.290326 0.332379
0.293782 0.350796
0.294030 0.236971
0.295635 0.580187
0.296462 0.639406
0.298161 0.201158
0.298989 0.567663
0.301748 0.550655
0.302165 0.510049
0.306723 0.431228
0.307370 0.599118
0.310123 0.425960
0.310511 0.299708
0.312207 0.340741
0.317745 0.716128
0.320300 0.299231
0.328064 0.173667
0.329277 0.276096
0.332112 0.267402
0.332301 0.581925
0.336682 0.099506
0.338621 0.612584
0.339145 0.707303
0.340338 0.546766
0.341159 0.230723
0.342677 0.302459
0.355882 0.649254
0.357573 0.356214
0.359219 0.166571
0.361607 0.575845
0.363316 0.419421
0.370889 0.529947
0.376192 0.612160
0.379060 0.483919
0.381809 0.413083
0.385343 0.459630
0.390427 0.301380
0.391211 0.312219
0.391371 0.189029
0.395366 0.445367
0.400554 0.373737
0.400913 0.390693
0.401836 0.132220
0.403049 0.548019
0.403105 0.647358
0.407529 0.244232
0.413322 0.711704
0.413521 0.648143
0.413837 0.155293
0.414686 0.542159
0.415156 0.268311
0.415295 0.321440
0.416465 0.691867
0.419160 0.185286
0.429985 0.301102
0.431003 0.379336
0.433230 0.501231
0.433244 0.680226
0.433434 0.183856
0.435324 0.237899
0.435845 0.670928
0.438586 0.775297
0.459077 0.452499
0.459620 0.378032
0.459974 0.348047
0.468347 0.434362
0.470382 0.665958
0.474774 0.562116
0.476853 0.298607
0.477508 0.686311
0.481429 0.251028
0.483918 0.735866
0.485146 0.727577
0.489734 0.666750
0.490042 0.542041
0.493186 0.401508
0.493193 0.584383
0.496348 0.339692
0.503385 0.419920
0.504856 0.211138
0.506210 0.473204
0.507480 0.539291
0.508722 0.512665
0.512474 0.582564
0.512676 0.335997
0.515904 0.289613
0.522291 0.630918
0.522405 0.773429
0.525147 0.171787
0.525202 0.439548
0.525245 0.787448
0.530064 0.527948
0.535521 0.527259
0.536327 0.622298
0.537025 0.705276
0.538783 0.367563
0.540303 0.463048
0.540528 0.348701
0.543077 0.185407
0.547047 0.295900
0.548848 0.578683
0.550066 0.239169
0.551785 0.824805
0.554574 0.403145
0.555184 0.494998
0.556610 0.412563
0.561982 0.385195
0.562007 0.610717
0.567337 0.689183
0.574967 0.418904
0.584812 0.278964
0.586943 0.261997
0.591148 0.828159
0.591979 0.451226
0.596731 0.818015
0.597233 0.442012
0.600674 0.709170
0.601451 0.392721
0.602090 0.801909
0.604542 0.208364
0.605486 0.199790
0.606291 0.614352
0.608411 0.640988
0.608602 0.582765
0.608778 0.359685
0.608988 0.774045
0.611489 0.670413
0.612707 0.253584
0.613096 0.477989
0.616173 0.484269
0.618577 0.668012
0.624291 0.740056
0.625037 0.564906
0.626329 0.322053
0.628940 0.457692
0.630084 0.745219
0.630523 0.360897
0.635452 0.261150
0.637315 0.563307
0.638448 0.600747
0.641247 0.298210
0.642550 0.372466
0.643131 0.545104
0.647801 0.635178
0.649743 0.772906
0.651907 0.806128
0.653154 0.771015
0.653641 0.858663
0.653993 0.431508
0.654219 0.642300
0.654607 0.833998
0.655083 0.351344
0.657472 0.218314
0.659119 0.309642
0.659874 0.866189
0.660153 0.803679
0.662180 0.841842
0.662725 0.497466
0.662830 0.597770
0.662979 0.296666
0.664178 0.825745
0.664534 0.814816
0.666158 0.342976
0.666772 0.322047
0.671086 0.303699
0.672061 0.862626
0.672358 0.630385
0.678993 0.675966
0.682132 0.370087
0.687915 0.465160
0.697841 0.509845
0.698631 0.725024
0.702578 0.682507
0.704648 0.284325
0.707769 0.591699
0.707770 0.399781
0.715376 0.274428
0.725414 0.610830
0.727961 0.379892
0.734898 0.535372
0.736348 0.752396
0.736963 0.460460
0.743379 0.846208
0.744221 0.650504
0.748955 0.653596
0.751082 0.906860
0.754673 0.847108
0.756905 0.606674
0.761067 0.309365
0.761931 0.811228
0.764327 0.503268
0.767868 0.467961
0.768614 0.316997
0.773409 0.574395
0.774549 0.323540
0.776810 0.291490
0.777594 0.631613
0.780026 0.567176
0.781840 0.593889
0.786636 0.441626
0.787462 0.736240
0.790354 0.589670
0.791254 0.642638
0.791544 0.835770
0.797263 0.747970
0.798266 0.709463
0.798341 0.651092
0.800555 0.935340
0.803063 0.455726
0.803239 0.569871
0.807969 0.410751
0.809838 0.768069
0.810431 0.865608
0.817097 0.921612
0.823095 0.576204
0.823373 0.415594
0.826410 0.642042
0.838851 0.933804
0.839034 0.550896
0.839193 0.426730
0.839853 0.894057
0.845058 0.725757
0.857750 0.382443
0.857766 0.644356
0.858003 0.677719
0.859880 0.450947
0.860847 0.422834
0.860871 0.430733
0.862395 0.725931
0.866751 0.405641
0.867764 0.542552
0.867767 0.380672
0.870044 0.423027
0.871924 0.842026
0.873592 0.638681
0.874394 0.376789
0.876361 0.919015
0.881199 0.561754
0.882377 0.504209
0.883056 0.969073
0.885792 0.774216
0.889304 0.328856
0.891180 0.464349
0.892416 0.660538
0.892890 0.480778
0.893697 0.378450
0.894282 0.551685
0.894712 0.595581
0.896517 0.545105
0.904161 0.551539
0.907723 0.595621
0.912495 0.507850
0.914201 0.526672
0.914310 0.866963
0.914450 0.869339
0.917064 0.595757
0.920583 0.567656
0.923346 0.469628
0.923554 0.666876
0.926391 1.000000
0.927039 0.451114
0.928562 0.827422
0.929298 0.782049
0.930923 0.410358
0.932264 0.590342
0.935361 0.422507
0.937367 0.339122
0.938752 0.944686
0.942111 0.912340
0.942515 0.483355
0.943579 0.677316
0.947186 0.962691
0.947210 0.450424
0.947233 0.673336
0.947438 0.791658
0.951728 0.807068
0.952945 0.754776
0.954046 0.841410
0.954610 0.857945
0.956453 0.928851
0.958803 0.834796
0.961425 0.330707
0.968300 0.689965
0.968472 0.718176
0.973519 0.629762
0.975395 0.423774
0.976189 0.580077
0.977989 0.819934
0.978668 0.668138
0.982267 0.855502
0.985068 0.739382
0.985857 0.452652
0.988310 0.442968
0.990848 0.453960
0.997080 0.475083
1.000000 0.774669
