0.000000 0.839481
0.112263 0.941766
0.117400 0.988437
0.155847 0.982657
0.163901 0.844582
0.176986 0.977629
0.178823 0.907437
0.184493 0.822330
0.191826 0.847861
0.197406 0.949657
0.203726 0.770950
0.206199 0.904237
0.222338 0.904665
0.223800 1.000000
0.225062 0.866269
0.226209 0.566347
0.229703 0.872078
0.229885 0.754734
0.235836 0.919942
0.239149 0.914510
0.242391 0.811489
0.251124 0.997641
0.257775 0.866241
0.262479 0.873076
0.265132 0.809331
0.269945 0.871915
0.279630 0.798363
0.282788 0.814065
0.283765 0.917692
0.284105 0.823669
0.288361 0.867222
0.289566 0.903187
0.291079 0.808894
0.291241 0.792867
0.293854 0.855281
0.302351 0.859697
0.304188 0.792370
0.305775 0.709572
0.310218 0.741345
0.313908 0.829376
0.314215 0.842036
0.317196 0.912863
0.317288 0.724119
0.317806 0.820171
0.322131 0.892357
0.328938 0.874337
0.330376 0.554740
0.331427 0.871037
0.332425 0.890254
0.332607 0.895383
0.334102 0.820803
0.334697 0.870621
0.335113 0.811531
0.337178 0.894295
0.337514 0.823885
0.340978 0.862465
0.341938 0.774376
0.342555 0.668225
0.344174 0.733882
0.344873 0.873827
0.346320 0.719742
0.347694 0.785857
0.349409 0.617901
0.350167 0.911753
0.353329 0.878611
0.353937 0.721076
0.354540 0.784291
0.360640 0.933312
0.361822 0.780892
0.362508 0.646569
0.366467 0.962464
0.366815 0.763910
0.366870 0.712640
0.367370 0.889862
0.367851 0.957232
0.370771 0.840772
0.370856 0.843006
0.372177 0.863931
0.372504 0.784613
0.373126 0.805608
0.374634 0.746401
0.374853 0.891927
0.377157 0.842478
0.378496 0.855056
0.379012 0.868836
0.383330 0.779175
0.386359 0.761917
0.387077 0.855678
0.388412 0.743993
0.388585 0.792870
0.389849 0.917780
0.390146 0.749732
0.391267 0.869599
0.394355 0.797029
0.394901 0.896039
0.395057 0.895885
0.399715 0.804923
0.400003 0.878117
0.400693 0.794564
0.401186 0.777674
0.401846 0.878190
0.402901 0.787052
0.403546 0.815818
0.403781 0.816704
0.405106 0.593295
0.405299 0.888398
0.406409 0.754309
0.407137 0.846951
0.408843 0.824993
0.410285 0.662019
0.411102 0.811951
0.411367 0.831141
0.411411 0.779253
0.411499 0.732578
0.413688 0.812695
0.414281 0.595458
0.415186 0.856377
0.415793 0.787743
0.420222 0.707174
0.421552 0.781878
0.421782 0.650231
0.422527 0.740403
0.422536 0.851023
0.427961 0.778069
0.428377 0.757606
0.430452 0.894050
0.430496 0.745026
0.431622 0.843339
0.434072 0.774299
0.438675 0.597839
0.439450 0.606972
0.439699 0.803253
0.440591 0.700215
0.441180 0.608779
0.441710 0.580130
0.442734 0.800226
0.443351 0.871930
0.445793 0.838321
0.446338 0.698555
0.446423 0.830639
0.447287 0.862192
0.448299 0.566186
0.448623 0.605902
0.448637 0.764638
0.448951 0.812003
0.449099 0.634050
0.449161 0.776270
0.451518 0.672212
0.452431 0.829925
0.452464 0.793846
0.455441 0.846863
0.456248 0.674919
0.457352 0.723327
0.459217 0.720734
0.459282 0.823584
0.459386 0.714159
0.459518 0.768477
0.459954 0.789027
0.460586 0.762579
0.461209 0.818980
0.461377 0.684006
0.463171 0.784879
0.463759 0.649147
0.463778 0.767022
0.465117 0.798944
0.467224 0.590724
0.467415 0.655847
0.467993 0.486738
0.469305 0.856379
0.471632 0.655222
0.471881 0.613194
0.471890 0.760312
0.472723 0.719082
0.473719 0.669863
0.475149 0.630145
0.476251 0.697181
0.477824 0.511756
0.478406 0.778692
0.480304 0.784903
0.480322 0.717500
0.480464 0.828276
0.481138 0.640523
0.481586 0.807876
0.482552 0.838723
0.482796 0.734984
0.483004 0.885511
0.483232 0.763593
0.484917 0.617516
0.485792 0.726596
0.487494 0.480410
0.487775 0.710191
0.488475 0.750228
0.488624 0.699371
0.489494 0.720496
0.490931 0.708670
0.491762 0.795957
0.492543 0.710885
0.492855 0.727795
0.493147 0.784390
0.493784 0.721115
0.495694 0.661691
0.497963 0.743029
0.499237 0.708422
0.500259 0.666697
0.500425 0.795351
0.500905 0.663998
0.503043 0.715943
0.504593 0.618073
0.504779 0.663208
0.505960 0.816632
0.507671 0.766589
0.508687 0.734801
0.512636 0.614412
0.512844 0.709473
0.512937 0.644703
0.513039 0.633339
0.513195 0.791333
0.513631 0.656710
0.514327 0.780184
0.515431 0.700042
0.516500 0.702878
0.516843 0.560834
0.517906 0.642170
0.520098 0.698641
0.520965 0.642315
0.521585 0.753697
0.521635 0.723713
0.521747 0.667660
0.522686 0.686921
0.522897 0.746977
0.523628 0.701669
0.524286 0.604324
0.526834 0.705370
0.529052 0.729574
0.529060 0.620783
0.529925 0.701127
0.530695 0.656650
0.531530 0.685228
0.531625 0.839838
0.532756 0.689618
0.533134 0.689132
0.536101 0.737145
0.536722 0.685852
0.538827 0.744595
0.539097 0.680026
0.539650 0.711060
0.540585 0.644940
0.541422 0.645360
0.541503 0.603132
0.543583 0.718076
0.543815 0.600840
0.544110 0.644325
0.544203 0.707105
0.546409 0.753644
0.547829 0.689160
0.548362 0.801146
0.549071 0.615196
0.550995 0.775040
0.551462 0.479147
0.551979 0.663874
0.552316 0.780173
0.552913 0.574897
0.553404 0.756505
0.553661 0.774171
0.555076 0.673719
0.555616 0.673817
0.555916 0.629923
0.556554 0.653053
0.557053 0.558686
0.557203 0.612176
0.557377 0.625855
0.557472 0.626178
0.557608 0.728581
0.558084 0.634415
0.558755 0.683285
0.560143 0.814123
0.560611 0.638847
0.560707 0.788681
0.560939 0.758003
0.561965 0.658969
0.563050 0.766867
0.564035 0.572698
0.565964 0.694286
0.566163 0.702035
0.567901 0.727251
0.572044 0.762559
0.573103 0.654867
0.573785 0.778594
0.573903 0.749786
0.574051 0.646335
0.577027 0.704851
0.577249 0.704099
0.577908 0.549209
0.578288 0.651568
0.578535 0.728548
0.578670 0.698307
0.579286 0.579106
0.582149 0.711159
0.582192 0.580311
0.584995 0.662542
0.585358 0.571671
0.586922 0.692504
0.587679 0.725909
0.587697 0.561728
0.589541 0.532079
0.590288 0.665705
0.591246 0.666022
0.591558 0.779742
0.591689 0.665817
0.592576 0.712229
0.592793 0.590643
0.594423 0.600359
0.594543 0.597243
0.594833 0.658232
0.595583 0.635324
0.595760 0.715297
0.596411 0.701541
0.596509 0.641402
0.596887 0.632647
0.597654 0.692115
0.597839 0.718459
0.598819 0.673474
0.599197 0.752288
0.601446 0.466630
0.602174 0.465051
0.602375 0.672466
0.602910 0.534138
0.602931 0.661209
0.603538 0.667188
0.605930 0.753755
0.606186 0.714561
0.606785 0.696205
0.608217 0.679759
0.609032 0.322075
0.609286 0.562731
0.610584 0.582808
0.610867 0.717637
0.611243 0.666070
0.611262 0.682560
0.611485 0.714795
0.612346 0.767883
0.612460 0.586429
0.612529 0.577909
0.612769 0.743513
0.615475 0.557604
0.616856 0.496826
0.616907 0.527157
0.618474 0.669147
0.619843 0.517379
0.619909 0.573888
0.620281 0.591256
0.620931 0.571266
0.621668 0.651674
0.622277 0.611626
0.622804 0.602826
0.623191 0.566871
0.623351 0.489146
0.625412 0.625478
0.625789 0.602883
0.626703 0.641352
0.626788 0.624538
0.627204 0.705557
0.627653 0.582928
0.627687 0.646672
0.628308 0.661325
0.629505 0.668908
0.631098 0.550924
0.631333 0.578806
0.631589 0.624421
0.631748 0.592243
0.631971 0.642881
0.631986 0.534608
0.632223 0.578945
0.633242 0.706205
0.633884 0.662454
0.636253 0.596745
0.636568 0.639393
0.638070 0.623944
0.640401 0.540324
0.642645 0.626301
0.643001 0.538990
0.643021 0.616945
0.643112 0.653586
0.644521 0.692542
0.644898 0.687002
0.646156 0.398123
0.646659 0.538320
0.646671 0.522379
0.650313 0.466745
0.651958 0.602059
0.652692 0.672065
0.653226 0.648727
0.653677 0.557286
0.654801 0.462080
0.654930 0.498547
0.654992 0.712085
0.655558 0.517697
0.660340 0.579542
0.661164 0.442102
0.661257 0.556422
0.661596 0.405702
0.664841 0.417432
0.666332 0.525673
0.666487 0.558466
0.666920 0.681212
0.667461 0.534836
0.670015 0.601131
0.670419 0.597336
0.670465 0.622399
0.671634 0.584643
0.673091 0.576727
0.673202 0.512166
0.674611 0.447872
0.674939 0.561626
0.675042 0.533958
0.676948 0.569506
0.678054 0.635612
0.679878 0.617741
0.683970 0.488339
0.684618 0.523578
0.685183 0.538975
0.687255 0.547826
0.690143 0.462893
0.690516 0.550200
0.692004 0.669919
0.693597 0.609939
0.694061 0.486182
0.694823 0.561689
0.695670 0.491966
0.696096 0.525031
0.701345 0.437796
0.705088 0.619114
0.706314 0.524004
0.706554 0.452322
0.707041 0.524008
0.708425 0.491265
0.712401 0.524519
0.713539 0.496685
0.716553 0.438289
0.718585 0.506650
0.719047 0.554879
0.719186 0.514137
0.722614 0.453126
0.723869 0.587483
0.727120 0.526652
0.727177 0.593189
0.730843 0.441691
0.732122 0.294799
0.733587 0.502267
0.735329 0.540689
0.737446 0.449411
0.739581 0.388526
0.741603 0.348041
0.741943 0.624636
0.744643 0.306318
0.751730 0.401844
0.751982 0.508702
0.753215 0.515377
0.756491 0.428437
0.758974 0.392716
0.760196 0.401742
0.760279 0.477327
0.762539 0.333017
0.766056 0.437129
0.770205 0.368127
0.775676 0.418643
0.777257 0.380991
0.778416 0.464100
0.778878 0.437557
0.778931 0.428341
0.779525 0.374339
0.780510 0.346227
0.782755 0.393999
0.782848 0.295521
0.783574 0.448682
0.783614 0.450823
0.785167 0.394969
0.785555 0.339794
0.787138 0.316840
0.789299 0.367150
0.789840 0.463599
0.791168 0.386106
0.791706 0.485203
0.796143 0.428918
0.801251 0.363424
0.803078 0.284141
0.804194 0.310934
0.809558 0.419625
0.814127 0.374816
0.816002 0.265366
0.816539 0.294612
0.818394 0.349039
0.819358 0.317945
0.821304 0.294626
0.821884 0.279118
0.823186 0.279957
0.824682 0.288894
0.827071 0.405217
0.833691 0.323073
0.834126 0.289873
0.834732 0.310418
0.834800 0.369182
0.837749 0.286379
0.842426 0.277165
0.843099 0.204366
0.847736 0.360220
0.853345 0.306975
0.858914 0.186527
0.872834 0.263811
0.877079 0.266807
0.882195 0.248546
0.884808 0.270579
0.907554 0.183572
0.912811 0.159785
0.919648 0.131089
0.937835 0.140047
0.948126 0.118946
0.971095 0.063529
0.971474 0.062836
0.977637 0.044475
0.998728 0.020013
0.998891 0.017034
1.000000 0.000000
