0.000000 0.148997
0.000881 0.322040
0.004673 0.087259
0.008778 0.235690
0.010192 0.348411
0.015857 0.053883
0.017128 0.090131
0.026339 0.214900
0.029687 0.202231
0.030961 0.271415
0.032171 0.197294
0.034594 0.346277
0.035942 0.263729
0.045559 0.321207
0.047485 0.176547
0.053271 0.010494
0.056755 0.201549
0.061887 0.300908
0.068303 0.207313
0.069577 0.251330
0.069813 0.337387
0.072048 0.336466
0.073595 0.272192
0.073782 0.334703
0.077545 0.166334
0.085917 0.349768
0.087303 0.316614
0.091999 0.174408
0.095183 0.364514
0.096326 0.136208
0.105208 0.156486
0.111954 0.210600
0.112358 0.220173
0.120236 0.245236
0.123787 0.354439
0.124453 0.284150
0.126020 0.245058
0.126657 0.134841
0.133747 0.241895
0.136656 0.402945
0.138885 0.361479
0.139485 0.000000
0.139805 0.221019
0.141083 0.338692
0.143459 0.205496
0.144930 0.384576
0.146608 0.354873
0.147009 0.326572
0.155952 0.343953
0.165091 0.284510
0.168238 0.369264
0.171075 0.177855
0.171593 0.232137
0.174443 0.495441
0.176195 0.338528
0.178747 0.333991
0.181566 0.128341
0.183826 0.389929
0.186748 0.306748
0.192822 0.460605
0.195934 0.171088
0.203320 0.474874
0.205345 0.468853
0.213556 0.149924
0.218938 0.329168
0.225342 0.392013
0.229585 0.301973
0.234620 0.568933
0.253891 0.440369
0.254102 0.599647
0.256336 0.507159
0.266371 0.415514
0.267287 0.357966
0.267832 0.550743
0.269058 0.374449
0.273894 0.393386
0.274824 0.410735
0.279295 0.382852
0.284259 0.389989
0.285171 0.399041
0.286059 0.273711
0.293187 0.547570
0.296098 0.259969
0.297683 0.404592
0.316492 0.473721
0.327171 0.552780
0.331827 0.313443
0.347001 0.276214
0.350738 0.383375
0.353434 0.463361
0.354059 0.444536
0.368517 0.566869
0.369733 0.518460
0.370243 0.344683
0.371003 0.183828
0.372780 0.536714
0.378877 0.625246
0.379974 0.363017
0.385649 0.407174
0.390967 0.238652
0.393658 0.615132
0.396742 0.464848
0.401980 0.459308
0.412723 0.638787
0.415244 0.210157
0.415852 0.681224
0.417972 0.485752
0.418210 0.347858
0.424317 0.367285
0.424769 0.539774
0.431791 0.356162
0.433106 0.565788
0.433657 0.523402
0.433903 0.553236
0.437704 0.205677
0.438664 0.472686
0.440583 0.351840
0.442119 0.548365
0.442151 0.602869
0.442462 0.502066
0.447227 0.581610
0.448433 0.533073
0.450461 0.485482
0.451387 0.793869
0.455579 0.419188
0.456731 0.654199
0.459133 0.248606
0.460822 0.351551
0.462030 0.603272
0.467802 0.513376
0.467889 0.409752
0.468322 0.369643
0.472296 0.400778
0.476732 0.508725
0.489537 0.403544
0.495190 0.695726
0.506519 0.351066
0.515132 0.395700
0.516601 0.530145
0.518138 0.623173
0.518391 0.472497
0.520805 0.627812
0.523360 0.532597
0.525090 0.527442
0.526132 0.652470
0.527312 0.506711
0.533778 0.556614
0.535139 0.620208
0.542900 0.496649
0.546983 0.615437
0.549492 0.657139
0.549699 0.531508
0.553431 0.563123
0.556378 0.538993
0.556478 0.489466
0.556729 0.582667
0.565217 0.481499
0.569526 0.698853
0.569548 0.641176
0.570405 0.471274
0.575213 0.419751
0.576255 0.379592
0.577093 0.602621
0.577673 0.547949
0.579314 0.710862
0.584149 0.597375
0.586956 0.653201
0.588043 0.488681
0.590912 0.544254
0.596229 0.520012
0.599550 0.519559
0.600867 0.719311
0.600949 0.669057
0.609610 0.491007
0.610487 0.552518
0.613447 0.484581
0.614195 0.509157
0.615002 0.630207
0.620665 0.686300
0.626466 0.562584
0.631927 0.591407
0.632520 0.619084
0.632655 0.188178
0.634056 0.643383
0.634931 0.697740
0.639482 0.415300
0.640877 0.378928
0.643794 0.562367
0.646493 0.492145
0.648734 0.586929
0.656778 0.589755
0.662450 0.328863
0.663203 0.627655
0.665801 0.536640
0.666632 0.551819
0.668373 0.646821
0.672744 0.700233
0.672914 0.718357
0.678277 0.652791
0.679217 0.455286
0.687321 0.505172
0.690547 0.706989
0.696496 0.609428
0.697149 0.516698
0.706235 0.621257
0.706714 0.815449
0.711893 0.667854
0.712350 0.646656
0.714343 0.622448
0.718985 0.476730
0.725492 0.435900
0.726275 0.757840
0.728933 0.704788
0.730329 0.858911
0.736672 0.616093
0.737404 0.654253
0.741463 0.606041
0.742346 0.672250
0.752420 0.548945
0.753201 0.560912
0.755650 0.613653
0.757658 0.649466
0.758514 0.671550
0.762232 0.616401
0.774453 0.802873
0.778808 0.338185
0.779839 0.332889
0.788401 0.677486
0.789719 0.760046
0.795442 0.630665
0.797655 0.600012
0.798198 0.643025
0.799120 0.857161
0.800158 0.353949
0.807002 0.695568
0.809134 0.790906
0.812077 0.752406
0.812762 0.740698
0.815849 0.586253
0.815913 0.635232
0.818916 0.547206
0.819514 0.439150
0.819771 0.670383
0.820451 0.686482
0.823528 0.737166
0.824848 0.651805
0.829602 0.637558
0.837139 0.529304
0.842901 0.690422
0.843414 0.791690
0.848263 0.671870
0.850763 0.692630
0.850802 0.789476
0.853960 0.874592
0.854644 0.660640
0.856358 0.736517
0.866474 0.763233
0.875902 0.627211
0.880079 0.819505
0.885852 0.800546
0.886674 0.924541
0.887447 0.687814
0.894735 0.810957
0.896751 0.835570
0.897759 0.487131
0.898090 0.798676
0.898211 0.820311
0.898613 0.599923
0.903041 0.780956
0.910082 0.778619
0.910260 0.649706
0.914922 0.829638
0.917989 0.807083
0.919155 0.837344
0.920937 0.517028
0.922050 0.577504
0.924095 0.846144
0.924436 0.825012
0.930574 0.696605
0.932573 0.772292
0.932671 0.879394
0.939657 0.781523
0.940880 0.912752
0.949657 0.887333
0.951356 0.843761
0.958088 0.649495
0.958214 0.847758
0.963437 0.689383
0.965242 0.824776
0.969679 1.000000
0.969941 0.804358
0.970106 0.869728
0.972352 0.904996
0.974976 0.724742
1.000000 0.904029
