0.000000 0.387275
0.000547 0.506656
0.001055 0.353306
0.001684 0.423842
0.004908 0.429390
0.006390 0.650763
0.008148 0.892596
0.013614 0.512278
0.013684 0.512671
0.018544 0.550069
0.026218 0.404495
0.031481 0.385118
0.037604 0.489019
0.042415 0.389162
0.043223 0.469273
0.046690 0.559731
0.053002 0.391774
0.067351 0.381185
0.067636 0.650301
0.074476 0.624781
0.079647 0.411167
0.080291 0.709738
0.084997 0.493518
0.086451 0.387772
0.086472 0.661983
0.087267 0.538298
0.091226 0.458845
0.092104 0.567502
0.097373 0.226000
0.099797 0.303625
0.101316 0.589052
0.101956 0.569798
0.103049 0.475630
0.104852 0.406491
0.112707 0.238581
0.118660 0.764249
0.119124 0.502756
0.122347 0.401092
0.125033 0.436138
0.126719 0.498421
0.127794 0.806230
0.128778 0.767803
0.131084 0.422505
0.132908 0.595861
0.135271 0.144225
0.138184 0.413668
0.142963 0.604165
0.145824 0.520823
0.153757 0.502943
0.155194 0.634221
0.155630 0.691111
0.161782 0.451651
0.168818 0.379637
0.185592 0.501591
0.186041 0.393231
0.186394 0.669794
0.186706 0.528354
0.190865 0.417348
0.191134 0.538105
0.192743 0.650318
0.193008 0.536913
0.201022 0.688652
0.201429 0.369788
0.201766 0.619252
0.206149 0.349993
0.207641 0.415104
0.212639 0.541000
0.213116 0.567480
0.216818 0.457303
0.219759 0.474856
0.223527 0.366520
0.225912 0.732160
0.226000 0.392587
0.228452 0.700229
0.229969 0.496590
0.230705 0.627644
0.234238 0.497379
0.234356 0.470712
0.237831 0.399278
0.255323 0.528408
0.257015 0.542496
0.259393 0.669145
0.264991 0.566510
0.265467 0.621961
0.266662 0.563786
0.272354 0.697197
0.285204 0.367192
0.287355 0.420973
0.287978 0.682435
0.292256 0.580591
0.292918 0.790431
0.294365 0.530359
0.295416 0.480982
0.297352 0.509934
0.297639 0.502123
0.298167 0.413837
0.298650 0.593716
0.304712 0.455396
0.307159 0.655169
0.308284 0.319049
0.313037 0.372009
0.319252 0.237145
0.321185 0.410175
0.322708 0.799402
0.325738 0.570036
0.325848 0.340306
0.326623 0.670843
0.328649 0.466535
0.333165 0.792246
0.340789 0.417410
0.341820 0.286065
0.346105 0.381880
0.346443 0.819221
0.353675 0.657656
0.355470 0.687815
0.357486 0.529554
0.357666 0.640216
0.358866 0.503885
0.362717 0.426825
0.365152 0.288815
0.374693 0.464059
0.375764 0.553992
0.381119 0.446921
0.384416 0.558591
0.385350 0.470514
0.386113 0.671941
0.393224 0.389536
0.394847 0.329021
0.397110 0.722158
0.401649 0.561889
0.407858 0.305146
0.414099 0.302510
0.417934 0.558618
0.418977 0.407542
0.422300 0.446582
0.423335 0.476422
0.424712 0.537095
0.428105 0.530994
0.428736 0.182358
0.437727 0.698614
0.441413 0.348121
0.453966 0.407750
0.456023 0.609068
0.457003 0.394354
0.463138 0.493773
0.465524 0.512315
0.472361 0.873306
0.472867 0.363141
0.473310 0.579474
0.473743 0.394583
0.477768 0.888273
0.481009 0.325189
0.483247 0.000000
0.483420 0.715381
0.488238 0.643016
0.490261 0.364435
0.494865 0.798153
0.495413 0.505831
0.495751 0.594310
0.498314 0.258694
0.501057 0.605691
0.507107 0.583148
0.509114 0.514715
0.514669 0.312543
0.521038 0.607562
0.523015 0.295640
0.523657 0.171537
0.524655 0.488825
0.526911 0.500063
0.529812 0.371063
0.532363 0.292790
0.533030 0.493005
0.545508 0.623926
0.547964 0.089348
0.560708 0.705817
0.564533 0.532301
0.566530 0.467688
0.569518 0.656051
0.577283 0.527693
0.578655 0.407136
0.579951 0.735662
0.589487 0.394367
0.590333 0.452295
0.600395 0.394371
0.601647 0.852198
0.604404 0.516404
0.608908 0.541688
0.610541 0.471278
0.616808 0.649940
0.617151 0.289230
0.619869 0.294776
0.620421 0.521284
0.622287 0.484976
0.624234 0.479812
0.625922 0.552295
0.627505 0.565177
0.628843 0.346428
0.628894 0.646985
0.631556 0.632986
0.632708 0.449530
0.635977 0.614086
0.641745 0.383614
0.641755 0.271658
0.642191 0.638226
0.642514 0.615361
0.664818 0.449292
0.665238 0.436704
0.669657 0.425881
0.673510 0.742856
0.675525 0.418478
0.678121 0.587946
0.680446 0.719585
0.682952 0.604063
0.686680 0.213852
0.686929 0.514820
0.687637 0.412171
0.688444 0.493477
0.692812 0.645439
0.715327 0.720919
0.716687 0.454672
0.717775 0.505597
0.717944 0.308074
0.721139 0.474155
0.721511 0.368810
0.722897 0.713601
0.724012 0.518192
0.727998 0.522361
0.729135 0.579787
0.734249 0.686162
0.734249 0.157667
0.737669 0.448965
0.739918 0.486630
0.746482 0.511854
0.749736 0.448993
0.749777 0.132162
0.764846 0.750853
0.767830 0.506830
0.773017 0.603244
0.775471 0.468741
0.778800 0.473905
0.779422 0.616126
0.782896 0.422126
0.785798 0.446756
0.794106 0.447671
0.794221 0.592069
0.804997 0.864338
0.806807 0.580756
0.812769 0.548622
0.812949 0.857764
0.816537 0.570508
0.817123 0.492307
0.817658 0.696326
0.820416 0.791212
0.825463 0.610160
0.828732 0.580873
0.831489 1.000000
0.832114 0.612486
0.842782 0.450949
0.845435 0.600250
0.846567 0.506011
0.848744 0.359764
0.849695 0.531930
0.853241 0.330989
0.855008 0.527597
0.856951 0.713673
0.859192 0.693851
0.871590 0.478477
0.876898 0.832404
0.877117 0.301982
0.877261 0.674364
0.886384 0.474626
0.887044 0.695245
0.893350 0.418467
0.894256 0.634203
0.895270 0.422384
0.895825 0.439099
0.901693 0.707493
0.901829 0.602517
0.907854 0.532368
0.908184 0.785036
0.908743 0.516375
0.909460 0.468986
0.910099 0.666826
0.912048 0.547319
0.916289 0.652133
0.916899 0.591753
0.918072 0.455197
0.920577 0.636269
0.921083 0.500660
0.921828 0.699391
0.925882 0.457191
0.926079 0.471759
0.929768 0.688782
0.934254 0.718705
0.935513 0.549857
0.936434 0.625708
0.937149 0.583751
0.944223 0.310712
0.945841 0.518488
0.946482 0.552672
0.948005 0.731736
0.957074 0.731977
0.959531 0.617561
0.964594 0.439672
0.964917 0.772116
0.967315 0.657454
0.968318 0.584435
0.975158 0.582091
0.976252 0.511861
0.983086 0.548564
0.984941 0.461814
0.985059 0.416901
0.985931 0.711632
0.988914 0.448956
0.991208 0.725602
0.994185 0.541825
0.996549 0.550929
1.000000 0.762939
