0.000000 0.583651
0.007201 0.502781
0.015120 0.300057
0.016838 0.512237
0.019865 0.270567
0.023376 0.321605
0.023950 0.564051
0.025670 0.339115
0.027094 0.475966
0.027503 0.118041
0.029002 0.576716
0.032153 0.327643
0.034428 0.294790
0.034780 0.631507
0.035070 0.650342
0.038410 0.534956
0.039283 0.087253
0.045600 0.432914
0.047083 0.270390
0.050081 0.454040
0.050219 0.468376
0.050267 0.182692
0.052041 0.228027
0.052886 0.244469
0.053221 0.405594
0.056549 0.427280
0.056661 0.508069
0.059696 0.246741
0.060677 0.247062
0.062869 0.199672
0.064471 0.125763
0.066039 0.302178
0.068246 0.478964
0.068657 0.451157
0.072378 0.733383
0.073580 0.415786
0.074040 0.305324
0.074224 0.267739
0.076078 0.506092
0.077656 0.125652
0.078255 0.557892
0.079282 0.624811
0.079750 0.191748
0.080105 0.225215
0.081253 0.102120
0.082278 0.455567
0.082374 0.598152
0.082751 0.580706
0.083568 0.360705
0.083622 0.274652
0.085600 0.337049
0.086877 0.580778
0.087700 0.765284
0.088129 0.414592
0.088550 0.236535
0.088771 0.237138
0.096069 0.676396
0.096137 0.665824
0.096883 0.610785
0.096959 0.271203
0.097207 0.244160
0.097464 0.380365
0.098402 0.512272
0.098665 0.657172
0.099112 0.541936
0.100152 0.668696
0.100268 0.872066
0.101440 0.503166
0.101593 0.364248
0.103782 0.329423
0.103938 0.034188
0.104380 0.325657
0.105347 0.489402
0.105396 0.525517
0.108490 0.453962
0.108595 0.150998
0.109292 0.316287
0.109794 0.264968
0.110700 0.489142
0.111485 0.402190
0.112012 0.218375
0.112522 0.728534
0.113022 0.322448
0.113913 0.467444
0.114196 0.101553
0.115679 0.625037
0.116602 0.370436
0.117530 0.493647
0.117755 0.308008
0.118923 0.698285
0.119648 0.926300
0.120708 0.386019
0.121228 0.340423
0.121432 0.613507
0.121725 0.281892
0.121995 0.823822
0.122016 0.267679
0.122394 0.708739
0.123830 0.451088
0.125053 0.050083
0.125658 0.281403
0.126779 0.374400
0.127686 0.184984
0.128336 0.290758
0.128456 0.499136
0.129362 0.225075
0.130145 0.370563
0.131354 0.412721
0.132449 0.753210
0.133777 0.548318
0.134430 0.407498
0.134814 0.385960
0.136165 0.260834
0.138502 0.228836
0.138506 0.151494
0.139342 0.263169
0.139476 0.372983
0.139961 0.494654
0.140004 0.332176
0.140879 0.713153
0.141468 0.274528
0.141543 0.615105
0.142369 0.430195
0.142543 0.332773
0.143725 0.637961
0.145237 0.519599
0.145438 0.467831
0.145510 0.388702
0.145515 0.417810
0.145906 0.199650
0.147048 0.556015
0.147815 0.413194
0.147871 0.363414
0.149312 0.355469
0.149640 0.552937
0.149910 0.106940
0.150245 0.384034
0.152270 0.481451
0.152891 0.647631
0.153951 0.449838
0.155019 0.300573
0.155246 0.219570
0.155750 0.515749
0.155936 0.294842
0.156180 0.124444
0.156428 0.318874
0.157416 0.566136
0.158679 0.512606
0.158792 0.718594
0.159228 0.324473
0.161937 0.776718
0.162079 0.177912
0.163086 0.072207
0.164187 0.263933
0.164259 0.298201
0.164718 0.538020
0.165474 0.389755
0.165767 0.549956
0.166904 0.260231
0.167287 0.521149
0.167624 0.348156
0.168717 0.481244
0.168855 0.228756
0.171315 0.479228
0.171427 0.409184
0.171652 0.262484
0.172879 0.453906
0.175354 0.417018
0.176431 0.370818
0.176641 0.093895
0.176790 0.392514
0.177857 0.445755
0.178032 0.511016
0.179142 0.475729
0.179884 0.568801
0.180189 0.500643
0.180511 0.349424
0.180645 0.777541
0.181085 0.174013
0.181645 0.470835
0.182273 0.452795
0.182994 0.563564
0.183399 0.457384
0.184048 0.146035
0.185384 0.461712
0.185753 0.609844
0.185892 0.444064
0.187562 0.565599
0.187640 0.738879
0.187776 0.431995
0.189157 0.726241
0.189728 0.544544
0.189992 0.172394
0.190815 0.223840
0.190965 0.508274
0.191924 0.516665
0.192082 0.176872
0.192865 0.395870
0.192876 0.406941
0.192970 0.407880
0.193497 0.533607
0.193939 0.213880
0.194307 0.035293
0.194320 0.154230
0.194476 0.333948
0.195036 0.782316
0.195184 0.762480
0.195971 0.683466
0.196100 0.505207
0.196676 0.666441
0.196863 0.435136
0.198332 0.188185
0.199300 0.223794
0.199654 0.253400
0.200008 0.501753
0.200051 0.729963
0.200291 0.441568
0.201422 0.765457
0.201898 0.477640
0.202076 0.177026
0.202163 0.294943
0.202281 0.376404
0.202484 0.537134
0.202505 0.644206
0.202711 0.583057
0.202869 0.617454
0.203002 0.030544
0.204468 0.336494
0.204539 0.000000
0.204556 0.451144
0.204805 0.446220
0.205029 0.248705
0.205158 0.506899
0.205305 0.523750
0.206067 0.630165
0.206155 0.718485
0.206687 0.424403
0.207464 0.336183
0.207609 0.313608
0.208080 0.735971
0.208179 0.273424
0.208317 0.673991
0.208589 0.605150
0.209224 0.707437
0.211137 0.381096
0.211625 0.156095
0.211721 0.581642
0.212171 0.785873
0.213352 0.591676
0.215763 0.500147
0.215774 0.553709
0.217398 0.506036
0.218201 0.355631
0.218354 0.517308
0.218950 0.525265
0.220681 0.037830
0.220896 0.321096
0.220977 0.443880
0.221500 0.321333
0.221582 0.553349
0.221719 0.467853
0.221922 0.485210
0.221927 0.573473
0.222521 0.303375
0.223651 0.497802
0.223703 0.803632
0.224381 0.609361
0.224610 0.445546
0.226583 0.498266
0.226613 0.063820
0.227303 0.144178
0.228729 0.099948
0.228874 0.931081
0.231693 0.391729
0.232822 0.387913
0.233049 0.554466
0.233287 0.731551
0.233678 0.345192
0.233690 0.686236
0.233749 0.597611
0.234342 0.392026
0.234348 0.551365
0.235012 0.167412
0.235026 0.490350
0.235102 0.615091
0.235414 0.590287
0.235430 0.344351
0.236278 0.668929
0.236634 0.320962
0.236740 0.245168
0.237293 0.382797
0.237644 0.233966
0.237652 0.454689
0.238259 0.487558
0.240650 0.500284
0.241403 0.625203
0.242860 0.527349
0.242995 0.260886
0.243320 0.479905
0.245162 0.507493
0.245236 0.432229
0.245510 0.420651
0.245537 0.588925
0.246661 0.652452
0.247712 0.027961
0.248599 0.744831
0.249266 0.478180
0.249331 0.435305
0.250556 0.479830
0.251167 0.301355
0.251481 0.596354
0.251606 0.560242
0.251880 0.748382
0.252496 0.390350
0.255682 0.669090
0.255749 0.399453
0.256461 0.398115
0.259462 0.600967
0.259513 0.463976
0.259931 0.672513
0.262156 0.600228
0.262998 0.594076
0.264041 0.608879
0.264228 0.609927
0.264600 0.875940
0.264696 0.689437
0.265616 0.354406
0.266593 0.615687
0.268436 0.302038
0.269280 0.419440
0.269803 0.534867
0.270130 0.454051
0.274264 0.585810
0.274532 0.289181
0.274912 0.433665
0.275816 0.601024
0.276044 0.493498
0.276539 0.548735
0.276631 0.472895
0.276650 0.312404
0.276832 0.569894
0.276906 0.671790
0.276977 0.532207
0.277404 0.631272
0.278287 0.346088
0.278772 0.510184
0.279237 0.327831
0.279653 0.589671
0.280601 0.618927
0.281477 0.653293
0.281718 0.592067
0.282294 0.152234
0.282660 0.317273
0.282986 0.418400
0.283774 0.174105
0.283891 0.711034
0.284087 0.617901
0.284156 0.612159
0.285105 0.232489
0.286480 0.615892
0.286784 0.611587
0.287944 0.670241
0.288370 0.449612
0.288627 0.687600
0.288883 0.525742
0.291016 0.587294
0.291453 0.675093
0.292712 0.506977
0.293371 0.611712
0.293403 0.491249
0.294890 0.555975
0.296166 0.685396
0.297071 0.466697
0.297986 0.516341
0.298111 0.711521
0.298405 0.384796
0.299445 0.852630
0.299825 0.427858
0.299992 0.340192
0.300972 0.614016
0.302227 0.474318
0.304633 0.262408
0.304642 0.483333
0.304722 0.565211
0.304866 0.848292
0.305639 0.787461
0.305884 0.597186
0.306204 0.727277
0.306212 0.327296
0.306479 0.712242
0.306775 0.099722
0.307028 0.512557
0.308539 0.728311
0.311960 0.310922
0.312087 0.540056
0.312589 0.887147
0.313011 0.588446
0.313624 0.603360
0.313980 0.074344
0.314308 0.764752
0.314495 0.481008
0.314791 0.667114
0.315088 0.537267
0.315267 0.518515
0.316144 0.617719
0.316465 0.845805
0.317056 0.351332
0.318055 0.699169
0.318300 0.594168
0.318841 0.338995
0.318989 0.488466
0.319426 0.535729
0.319597 0.178707
0.319786 0.414142
0.319957 0.543474
0.321599 0.434866
0.322322 0.528343
0.322552 0.523148
0.322901 0.319754
0.323847 0.529133
0.324070 0.285774
0.325391 0.406083
0.325525 0.416344
0.326074 0.883838
0.326833 0.560845
0.327611 0.248826
0.329987 0.301935
0.331022 0.623650
0.331350 0.476923
0.331367 0.555746
0.331400 0.499551
0.331637 0.687811
0.331739 0.695309
0.331940 0.503283
0.332127 0.322335
0.333998 0.504175
0.334057 0.789227
0.338958 0.667940
0.339450 0.690122
0.339499 0.472309
0.340400 0.334783
0.340802 0.306905
0.341336 0.715888
0.341489 0.384411
0.341510 0.819568
0.341820 0.366973
0.342020 0.525247
0.344015 0.734003
0.344962 0.709104
0.345102 0.602271
0.345531 0.740017
0.346607 0.800681
0.347565 0.499299
0.349597 0.287671
0.350904 0.451158
0.351746 0.413999
0.351916 0.761197
0.352352 0.570282
0.352992 0.493812
0.355404 0.643293
0.356506 0.645934
0.357013 0.365735
0.357592 0.410870
0.358667 0.667652
0.360859 0.566178
0.360944 0.548439
0.361755 0.718558
0.361877 0.493949
0.362374 0.680961
0.362428 0.784737
0.362439 0.424342
0.362573 0.508200
0.363301 0.198260
0.363503 0.745643
0.363672 0.470486
0.364817 0.772020
0.365906 0.334803
0.366516 0.436088
0.368250 0.610758
0.368487 0.685394
0.370028 0.564087
0.370902 0.600058
0.372968 0.516602
0.373877 0.274656
0.374112 0.183041
0.374238 0.676615
0.374241 0.876168
0.374370 0.570311
0.374914 0.431904
0.375740 0.364941
0.378555 0.661995
0.378632 0.482248
0.378663 0.315242
0.379762 0.554212
0.381394 0.374968
0.381585 0.811559
0.381697 0.742394
0.382305 0.399438
0.382569 0.833253
0.383554 0.640385
0.383717 0.524539
0.383812 0.407779
0.384659 0.354319
0.385861 0.563972
0.386768 0.436028
0.386922 0.649846
0.389032 0.431032
0.389445 0.493924
0.390482 0.472358
0.390866 0.611348
0.392332 0.471751
0.393630 0.803143
0.396076 0.710675
0.396183 0.416707
0.397570 0.494961
0.399034 0.397546
0.399524 0.608029
0.401756 0.639436
0.401793 0.432756
0.402440 0.537255
0.402625 0.592447
0.404191 0.578580
0.404753 0.604015
0.409859 0.432924
0.410084 0.525079
0.410370 0.604152
0.410602 0.713137
0.411726 0.538705
0.411961 0.423978
0.412106 0.662567
0.412186 0.535118
0.412254 0.423275
0.413184 0.793642
0.413550 1.000000
0.416667 0.572724
0.417924 0.749109
0.419385 0.496810
0.422081 0.716274
0.423381 0.639429
0.423894 0.336497
0.424239 0.470706
0.425154 0.573780
0.425269 0.509410
0.425958 0.622199
0.429135 0.310082
0.429301 0.771779
0.431393 0.533460
0.431753 0.670650
0.432672 0.663340
0.433416 0.658922
0.434017 0.425793
0.434410 0.584859
0.437203 0.651125
0.439172 0.762571
0.440886 0.659614
0.441581 0.496999
0.441648 0.792611
0.442874 0.692757
0.443751 0.349198
0.444208 0.588015
0.446118 0.894746
0.447385 0.779208
0.447671 0.518447
0.447727 0.582593
0.448232 0.692410
0.448580 0.297126
0.450243 0.667851
0.451322 0.273236
0.451953 0.922606
0.452689 0.295073
0.453390 0.393033
0.454716 0.452232
0.454757 0.437938
0.455221 0.606661
0.460358 0.499739
0.460402 0.643498
0.461125 0.894150
0.462534 0.623743
0.463113 0.424558
0.463940 0.527733
0.464235 0.497778
0.464427 0.519978
0.465090 0.702297
0.466289 0.728298
0.466928 0.632612
0.467791 0.477972
0.468095 0.573140
0.470890 0.383033
0.471682 0.580506
0.472343 0.041022
0.476546 0.656932
0.478892 0.480416
0.479553 0.799005
0.482538 0.765545
0.483242 0.627477
0.484241 0.744286
0.484942 0.425394
0.485213 0.628486
0.486773 0.230988
0.490293 0.671612
0.491255 0.435171
0.492971 0.785399
0.492979 0.395216
0.495362 0.767485
0.497385 0.771494
0.503988 0.557344
0.504464 0.760496
0.507487 0.617727
0.511094 0.862527
0.513382 0.514109
0.513503 0.786083
0.514646 0.823028
0.516466 0.410162
0.522033 0.708986
0.522491 0.674375
0.523516 0.891359
0.524936 0.405841
0.526625 0.625953
0.528508 0.803201
0.528748 0.392715
0.530104 0.695928
0.530736 0.981441
0.533549 0.442811
0.536278 0.558546
0.536406 0.493139
0.537080 0.570631
0.538586 0.434714
0.539521 0.797371
0.543655 0.377890
0.544057 0.659256
0.545215 0.564063
0.547817 0.670846
0.548918 0.538687
0.549661 0.430634
0.553421 0.453126
0.556459 0.443265
0.557512 0.473846
0.560729 0.580081
0.562547 0.647811
0.565118 0.604764
0.575755 0.673678
0.576243 0.768808
0.577218 0.732715
0.578858 0.588123
0.578901 0.428381
0.585278 0.848046
0.585485 0.799515
0.588699 0.756781
0.588756 0.844500
0.589182 0.549217
0.603278 0.625114
0.606522 0.531651
0.606927 0.691600
0.607205 0.646142
0.608096 0.429278
0.611553 0.600343
0.613696 0.618085
0.615460 0.678014
0.616512 0.690108
0.619922 0.672746
0.620442 0.753450
0.625618 0.948135
0.626020 0.650510
0.634776 0.644505
0.634945 0.605351
0.635581 0.409556
0.638283 0.651048
0.643330 0.514682
0.646054 0.721659
0.653047 0.501174
0.655556 0.542015
0.656366 0.589830
0.657910 0.566265
0.659234 0.479927
0.684860 0.516120
0.691011 0.879683
0.711729 0.589877
0.723975 0.552032
0.761125 0.708128
0.796973 0.798492
0.805155 0.475775
0.824829 0.859210
0.827214 0.507391
0.918260 0.874295
0.935686 0.517102
1.000000 0.848402
