0.000000 0.637873
0.054517 0.700189
0.111543 0.601501
0.116635 0.767441
0.131537 1.000000
0.150454 0.383692
0.157561 0.833354
0.187407 0.855583
0.192176 0.550007
0.192226 0.609620
0.212719 0.218300
0.224528 0.198798
0.233790 0.548800
0.237785 0.545825
0.252615 0.235105
0.261059 0.183998
0.264132 0.575284
0.271218 0.432153
0.273828 0.514616
0.275642 0.396642
0.275880 0.513342
0.289277 0.496720
0.295917 0.294807
0.298587 0.222605
0.305151 0.395757
0.310890 0.418270
0.311277 0.318380
0.315137 0.628392
0.315849 0.622467
0.316621 0.428467
0.317898 0.441657
0.318866 0.552447
0.319412 0.338556
0.321014 0.696021
0.324382 0.656261
0.324602 0.290543
0.325173 0.222076
0.336485 0.065189
0.336891 0.309415
0.339580 0.563005
0.343843 0.631510
0.344206 0.563698
0.345333 0.216077
0.345705 0.590603
0.351226 0.659819
0.352278 0.572017
0.359389 0.133081
0.360850 0.345238
0.368620 0.239063
0.370235 0.425811
0.373854 0.417787
0.380390 0.557951
0.384869 0.475802
0.385980 0.242050
0.388492 0.210450
0.389168 0.450261
0.391556 0.182814
0.404687 0.461839
0.409529 0.076467
0.412083 0.308762
0.416844 0.291825
0.417639 0.349985
0.418134 0.142732
0.422041 0.458507
0.422980 0.299345
0.426028 0.267507
0.426694 0.394413
0.428665 0.114291
0.429794 0.496766
0.430162 0.342284
0.433684 0.264384
0.433806 0.332528
0.435089 0.337029
0.439862 0.273185
0.440982 0.471854
0.441207 0.231563
0.443898 0.300003
0.446925 0.335046
0.450998 0.466489
0.458072 0.545438
0.463506 0.417982
0.468845 0.395051
0.468857 0.344272
0.472936 0.481409
0.477000 0.250496
0.477972 0.380932
0.479555 0.312105
0.480765 0.172440
0.487822 0.361479
0.489440 0.339065
0.490473 0.296981
0.496168 0.238357
0.496460 0.421491
0.496486 0.503153
0.497913 0.242339
0.498403 0.505500
0.499109 0.277161
0.501407 0.338965
0.503737 0.329963
0.505215 0.139246
0.505947 0.461074
0.511397 0.476406
0.512221 0.447549
0.516604 0.391977
0.525176 0.454576
0.525673 0.398093
0.527833 0.495478
0.528633 0.279797
0.529608 0.360058
0.534067 0.338558
0.536570 0.184915
0.537528 0.145522
0.542846 0.487860
0.543172 0.428477
0.547995 0.422414
0.553212 0.242035
0.554727 0.382104
0.554995 0.284486
0.555025 0.384051
0.564814 0.436152
0.564933 0.411602
0.566034 0.353457
0.581125 0.435168
0.581989 0.223143
0.588189 0.262495
0.588857 0.262340
0.589022 0.142066
0.589154 0.328991
0.589269 0.328750
0.590497 0.324562
0.594669 0.056226
0.598389 0.192330
0.601737 0.197357
0.602141 0.137302
0.602409 0.363178
0.603800 0.423077
0.604816 0.205251
0.617150 0.399345
0.619013 0.330041
0.624580 0.390307
0.628808 0.301659
0.629060 0.185425
0.645061 0.091430
0.648723 0.042388
0.651642 0.131489
0.667015 0.228113
0.668632 0.300666
0.670917 0.312812
0.699825 0.324912
0.702050 0.085182
0.703795 0.264222
0.707155 0.202576
0.712617 0.329220
0.714597 0.172603
0.730548 0.189543
0.734886 0.106783
0.739475 0.217237
0.742821 0.225675
0.771327 0.000000
0.792108 0.203530
0.801462 0.224102
0.846658 0.249540
0.867140 0.147987
0.903416 0.260072
0.977082 0.076587
1.000000 0.203461
