0.000000 1.000000
0.044221 0.625834
0.056060 0.372408
0.095060 0.285273
0.126689 0.244719
0.144836 0.341346
0.158996 0.255687
0.166510 0.401659
0.168887 0.370113
0.178889 0.321070
0.192661 0.283770
0.218471 0.259072
0.232830 0.210045
0.236655 0.242248
0.236995 0.324179
0.238247 0.294629
0.238986 0.259876
0.241010 0.269012
0.263693 0.211584
0.269461 0.222116
0.272532 0.195093
0.274432 0.288067
0.275090 0.285928
0.275626 0.259097
0.276389 0.200802
0.276688 0.169968
0.280793 0.239772
0.281559 0.252547
0.288635 0.262992
0.291975 0.253573
0.317671 0.213777
0.318479 0.157923
0.318722 0.184729
0.328179 0.126142
0.328312 0.259702
0.335143 0.224809
0.337000 0.167599
0.340065 0.094723
0.340550 0.224110
0.347331 0.083835
0.348848 0.136916
0.349337 0.228201
0.360631 0.107051
0.365556 0.132421
0.365616 0.197631
0.366844 0.188324
0.367010 0.203563
0.375137 0.227824
0.379285 0.167823
0.380849 0.190841
0.381929 0.218311
0.384491 0.179263
0.385166 0.207939
0.387255 0.153172
0.388165 0.196114
0.390832 0.203221
0.390881 0.221401
0.393123 0.229940
0.395717 0.193584
0.399397 0.205578
0.399526 0.215887
0.399815 0.165267
0.404330 0.113143
0.406423 0.219133
0.407452 0.171849
0.407667 0.172876
0.408935 0.174646
0.415620 0.205896
0.420551 0.203647
0.428336 0.169387
0.429141 0.117748
0.431849 0.071608
0.434919 0.115519
0.435956 0.114471
0.437538 0.100740
0.438800 0.066471
0.443031 0.201103
0.449088 0.148526
0.450829 0.152211
0.452674 0.093221
0.460620 0.147285
0.462428 0.069826
0.462967 0.180260
0.466593 0.158718
0.473582 0.072996
0.481043 0.134252
0.481972 0.166830
0.483601 0.138679
0.485061 0.120226
0.486223 0.099970
0.491955 0.169381
0.493910 0.162285
0.495177 0.133012
0.498240 0.143101
0.500676 0.134456
0.503338 0.067148
0.503461 0.073950
0.504187 0.172487
0.505798 0.067382
0.506697 0.063294
0.508179 0.124391
0.509819 0.170784
0.510379 0.117331
0.510578 0.090983
0.510813 0.116173
0.512584 0.109520
0.516010 0.124502
0.516799 0.105353
0.525057 0.137646
0.529811 0.124703
0.530907 0.067301
0.537477 0.090719
0.538747 0.132205
0.541273 0.137939
0.543640 0.079358
0.543865 0.146392
0.545994 0.095797
0.550948 0.037045
0.551509 0.148986
0.554286 0.152702
0.556733 0.052694
0.561177 0.134982
0.563683 0.145546
0.566602 0.036850
0.569264 0.107438
0.573026 0.144883
0.576498 0.106543
0.581222 0.079747
0.582684 0.119337
0.585096 0.142520
0.585539 0.088812
0.587480 0.118863
0.590145 0.127603
0.590520 0.020058
0.596802 0.091684
0.597807 0.108917
0.605038 0.120624
0.607333 0.091335
0.615290 0.087450
0.616749 0.115317
0.618054 0.123443
0.619020 0.065892
0.619432 0.128449
0.619894 0.125634
0.627168 0.099242
0.628473 0.060936
0.630252 0.110932
0.638607 0.115845
0.642123 0.109542
0.648239 0.064385
0.649242 0.061206
0.649747 0.047663
0.658481 0.102223
0.658940 0.078012
0.662313 0.082850
0.665693 0.094960
0.667518 0.054025
0.668257 0.082773
0.668724 0.097320
0.677213 0.071448
0.680340 0.085939
0.682243 0.097808
0.704564 0.088850
0.707635 0.022936
0.713441 0.085468
0.716479 0.062336
0.732406 0.049654
0.739928 0.061351
0.740826 0.069296
0.746780 0.089932
0.751435 0.082113
0.753223 0.086031
0.756663 0.058890
0.766623 0.078245
0.776600 0.077273
0.797484 0.060469
0.812083 0.036973
0.836238 0.031079
0.876644 0.051888
0.877989 0.013878
0.881787 0.028540
0.921553 0.005479
0.925253 0.000000
1.000000 0.008396
