0.000000 0.541347
0.000066 0.489174
0.000261 0.544527
0.001914 0.680323
0.002033 0.600206
0.002210 0.677920
0.004169 0.553010
0.004267 0.451719
0.005295 0.635381
0.006425 0.608365
0.007934 0.000000
0.008804 0.466135
0.010477 0.506212
0.013453 0.510307
0.016670 0.579085
0.022816 0.395441
0.024292 0.566591
0.032719 0.455576
0.033600 0.705698
0.035205 0.633546
0.035420 0.507377
0.035514 0.536224
0.035631 0.632055
0.037402 0.633659
0.037470 0.386204
0.038084 0.442672
0.039749 0.654780
0.041174 0.522977
0.041933 0.562525
0.043749 0.343189
0.045390 0.672637
0.046356 0.580593
0.047795 0.670919
0.048575 0.410600
0.051957 0.593760
0.052216 0.348407
0.052437 0.541117
0.052466 0.593607
0.052978 0.527213
0.053266 0.732750
0.053878 0.575284
0.054469 0.491715
0.055707 0.490427
0.056049 0.627806
0.058003 0.673188
0.059496 0.563673
0.059832 0.533428
0.060168 0.422314
0.060268 0.682813
0.061336 0.713590
0.061731 0.385242
0.062846 0.612943
0.066137 0.677781
0.067271 0.717216
0.067792 0.688593
0.067854 0.594637
0.071357 0.663352
0.071811 0.585595
0.072560 0.681367
0.073260 0.605536
0.074824 0.504037
0.074906 0.625207
0.075628 0.566046
0.076799 0.516890
0.077197 0.568139
0.079199 0.254593
0.079865 0.570006
0.080556 0.498206
0.081156 0.546357
0.082158 0.546827
0.082283 0.518633
0.083699 0.657221
0.085531 0.546705
0.087950 0.720448
0.088267 0.630905
0.090583 0.648808
0.090690 0.597978
0.091059 0.538039
0.091111 0.570060
0.091496 0.644667
0.093240 0.483611
0.100397 0.709081
0.100663 0.526074
0.101266 0.628834
0.102714 0.685116
0.103528 0.564475
0.105088 0.526113
0.106576 0.538366
0.107124 0.589933
0.109199 0.411483
0.109559 0.445832
0.111675 0.417471
0.112390 0.409374
0.112395 0.604452
0.115359 0.717138
0.115468 0.513124
0.116230 0.412360
0.116483 0.616259
0.117771 0.552756
0.118454 0.635102
0.118659 0.547415
0.121933 0.565619
0.122554 0.651568
0.125861 0.594800
0.125949 0.504392
0.126788 0.473781
0.128919 0.409205
0.129531 0.658749
0.130870 0.546339
0.131828 0.722356
0.132716 0.224077
0.133451 0.561238
0.133930 0.578902
0.134841 0.376546
0.138502 0.598474
0.138674 0.589095
0.138933 0.446939
0.139292 0.599067
0.140308 0.785612
0.140368 0.395814
0.140640 0.503028
0.141251 0.689206
0.141595 0.585850
0.141783 0.677043
0.142884 0.532675
0.144596 0.440752
0.145145 0.668728
0.149617 0.421898
0.150958 0.545149
0.151284 0.586830
0.151961 0.466076
0.152165 0.495597
0.155918 0.752831
0.156481 0.559364
0.158361 0.542625
0.158995 0.510279
0.159826 0.531236
0.160250 0.689081
0.160590 0.509807
0.160706 0.713362
0.161450 0.434033
0.162993 0.741325
0.163260 0.558131
0.164902 0.649250
0.165887 0.652804
0.166108 0.669767
0.166576 0.742394
0.168160 0.665788
0.168274 0.736701
0.168853 0.655258
0.170034 0.685801
0.171676 0.745252
0.173169 0.642983
0.174734 0.583144
0.175632 0.460409
0.176471 0.389635
0.176937 0.437068
0.176959 0.532683
0.177199 0.554646
0.177432 0.186517
0.177513 0.678568
0.178266 0.705050
0.178586 0.679026
0.178749 0.447750
0.179008 0.569317
0.181441 0.627398
0.181693 0.642636
0.182283 0.597550
0.183373 0.459555
0.184082 0.465974
0.187261 0.615608
0.187788 0.720636
0.189115 0.485507
0.189201 0.481012
0.189654 0.635895
0.189887 0.700030
0.190753 0.627398
0.191001 0.677094
0.192021 0.686920
0.192428 0.606331
0.192726 0.642469
0.193311 0.795949
0.193576 0.659866
0.194666 0.587898
0.196297 0.647495
0.196461 0.483379
0.198101 0.791635
0.198540 0.713760
0.200142 0.620594
0.200536 0.527300
0.201566 0.234363
0.202496 0.486311
0.202786 0.678697
0.203606 0.596915
0.203804 0.470045
0.204471 0.714844
0.205154 0.385144
0.205186 0.653263
0.205483 0.764270
0.205809 0.661004
0.206421 0.589334
0.208409 0.648369
0.209458 0.656809
0.209593 0.615980
0.210400 0.696971
0.213370 0.725811
0.214403 0.430728
0.216827 0.722426
0.217429 0.781909
0.218452 0.619199
0.220102 0.364269
0.222203 0.534587
0.224436 0.617822
0.224501 0.639284
0.225037 0.582179
0.225686 0.556534
0.226063 0.605071
0.226911 0.720827
0.228118 0.349038
0.228769 0.547994
0.228872 0.610042
0.228887 0.765684
0.229145 0.584195
0.229809 0.544484
0.230254 0.725797
0.230481 0.574126
0.232524 0.721024
0.234762 0.804606
0.237004 0.658292
0.237708 0.285053
0.237840 0.602096
0.238040 0.647581
0.238272 0.505074
0.238410 0.472416
0.239104 0.812506
0.239835 0.521838
0.243113 0.564691
0.245321 0.468879
0.245437 0.525798
0.246075 0.561617
0.246304 0.610031
0.246749 0.654791
0.247039 0.686991
0.247322 0.593079
0.249725 0.623368
0.249867 0.506164
0.250238 0.724149
0.255601 0.399531
0.256757 0.687478
0.258463 0.747425
0.259711 0.694308
0.262560 0.543585
0.263115 0.577777
0.265626 0.676115
0.266447 0.675765
0.266542 0.544050
0.267011 0.624629
0.267355 0.551038
0.268163 0.714276
0.268431 0.650194
0.269516 0.572248
0.270132 0.715390
0.271519 0.685272
0.273442 0.691227
0.274289 0.728614
0.274939 0.670464
0.275615 0.626605
0.276654 0.619169
0.277915 0.492285
0.277985 0.595993
0.281717 0.682920
0.283001 0.496242
0.283235 0.768012
0.283330 0.493249
0.284102 0.621729
0.284411 0.539411
0.287238 0.738218
0.289789 0.771131
0.289866 0.630309
0.290647 0.758913
0.292122 0.561408
0.292249 0.747160
0.292350 0.705605
0.292727 0.707271
0.293204 0.752990
0.293492 0.593348
0.294240 0.694421
0.295274 0.841201
0.295334 0.495306
0.299686 0.618989
0.300106 0.824311
0.300148 0.771369
0.300646 0.662294
0.300803 0.645687
0.303376 0.763589
0.304176 0.713953
0.304528 0.669325
0.304776 0.631655
0.304923 0.554872
0.305438 0.697487
0.306310 0.487606
0.306387 0.517246
0.306855 0.655755
0.307999 0.437544
0.308360 0.756885
0.308429 0.662371
0.309734 0.774851
0.310347 0.679690
0.311504 0.697877
0.311725 0.427433
0.311854 0.603962
0.312002 0.615051
0.312669 0.576041
0.314365 0.715118
0.314876 0.259826
0.316668 0.637708
0.318463 0.601788
0.319106 0.656253
0.319429 0.561907
0.320125 0.638180
0.321357 0.746972
0.322347 0.636198
0.322917 0.812763
0.323350 0.697887
0.324608 0.796274
0.324689 0.472424
0.325044 0.754655
0.326709 0.810217
0.327964 0.649821
0.328285 0.636394
0.331135 0.741202
0.331344 0.607688
0.331373 0.738212
0.331767 0.459226
0.334704 0.456111
0.334796 0.687490
0.335649 0.641518
0.337487 0.661392
0.338688 0.443695
0.339603 0.437874
0.340563 0.735010
0.342278 0.621297
0.343595 0.688457
0.346018 0.737964
0.346299 0.579411
0.347248 0.569326
0.347730 0.750036
0.349373 0.674281
0.349455 0.692199
0.350505 0.658396
0.351188 0.510641
0.352150 0.661023
0.353114 0.705598
0.353884 0.639923
0.353964 0.688109
0.354608 0.554254
0.354846 0.395764
0.355143 0.777397
0.355382 0.699408
0.357181 0.590803
0.357396 0.770377
0.357403 0.814965
0.359088 0.483145
0.360545 0.731597
0.361581 0.733359
0.362098 0.726741
0.365219 0.814643
0.367518 0.412015
0.369078 0.509685
0.378212 0.563372
0.379928 0.484481
0.380053 0.472898
0.380961 0.819074
0.381103 0.633692
0.383680 0.568757
0.384321 0.766484
0.385749 0.401017
0.385945 0.815518
0.386864 0.686207
0.387625 0.692466
0.387706 0.848824
0.389093 0.607042
0.390378 0.643415
0.391043 0.782741
0.391552 0.781610
0.392978 0.759164
0.395765 0.656293
0.396930 0.383055
0.398549 0.835917
0.398587 0.548502
0.398729 0.637925
0.400583 0.703404
0.401076 0.704867
0.403148 0.584614
0.404294 0.607008
0.404711 0.524351
0.406656 0.578380
0.408613 0.666264
0.409139 0.348136
0.410752 0.592925
0.412571 0.523516
0.413288 0.848240
0.415493 0.884064
0.415645 0.832703
0.415826 0.684286
0.417453 0.608050
0.417665 0.645703
0.420259 0.644189
0.423057 0.820167
0.423074 0.682864
0.424034 0.633066
0.424823 0.788504
0.425774 0.666420
0.426005 0.673191
0.426117 0.649859
0.428009 0.764949
0.428148 0.800992
0.428393 0.769480
0.434806 0.678281
0.434933 0.476083
0.439649 0.844328
0.440055 0.757013
0.440557 0.670617
0.441837 0.734945
0.444999 0.705830
0.447519 0.638119
0.451782 0.561171
0.451969 0.656240
0.452507 0.589060
0.454055 0.838506
0.454525 0.713568
0.454995 0.860346
0.457136 0.384440
0.458901 0.535799
0.460125 0.801069
0.460263 0.542734
0.460486 0.836262
0.461559 0.760120
0.462225 0.817284
0.463576 0.388859
0.464845 0.649998
0.465117 0.811777
0.467216 0.559157
0.468951 0.768477
0.469930 0.791984
0.471045 0.829375
0.472623 0.894371
0.473379 0.694495
0.474665 0.830806
0.474693 0.863170
0.474751 0.660257
0.477360 0.823688
0.477987 0.675451
0.479187 0.838326
0.480515 0.672711
0.482428 0.785401
0.484788 0.786594
0.488917 0.830968
0.490587 0.892307
0.492673 0.643599
0.493413 0.888268
0.493531 0.691941
0.495172 0.838083
0.495576 0.735487
0.495833 0.653267
0.496399 0.711985
0.497751 0.695962
0.498296 0.610122
0.498329 0.496001
0.498531 0.668608
0.499598 0.792820
0.500358 0.843309
0.501153 0.850623
0.501780 0.745904
0.505121 0.573993
0.509829 0.865216
0.510672 0.878257
0.510787 0.815336
0.511834 0.706003
0.512069 0.860200
0.512161 0.714008
0.512791 0.824306
0.513110 0.812202
0.515197 0.818881
0.517722 0.648131
0.518912 0.780479
0.518986 0.693537
0.519778 0.816208
0.521787 0.674522
0.524785 0.738359
0.525267 0.854857
0.525445 0.728332
0.527313 0.774595
0.528803 0.660277
0.530006 0.778546
0.530617 0.532055
0.532120 0.853186
0.532602 0.784015
0.532824 0.799638
0.533629 0.686552
0.534438 0.827962
0.534811 0.700032
0.535379 0.853494
0.536167 0.653052
0.536500 0.669298
0.536695 0.595275
0.537492 0.522018
0.537936 0.640054
0.542439 0.647500
0.546047 0.858401
0.547264 0.824278
0.547684 0.880458
0.547699 0.869836
0.548199 0.737493
0.552194 0.812218
0.553258 0.521250
0.553992 0.841469
0.555189 0.585219
0.555586 0.655399
0.556206 0.756230
0.556415 0.855479
0.556848 0.882849
0.557182 0.879068
0.557765 0.740723
0.561703 0.808738
0.561954 0.614002
0.563198 0.826515
0.563971 0.736728
0.564401 0.704035
0.566701 0.507211
0.567269 0.567720
0.567921 0.712367
0.571263 0.735976
0.571685 0.829416
0.571859 0.459046
0.572143 0.728135
0.572757 0.634493
0.573738 0.795135
0.574090 0.764126
0.574163 0.648129
0.574803 0.607855
0.576656 0.733742
0.576956 0.622997
0.578417 0.668314
0.580152 0.785410
0.580335 0.753622
0.582512 0.776488
0.582872 0.690422
0.583323 0.683966
0.584932 0.874685
0.585190 0.786842
0.585236 0.665219
0.586164 0.857780
0.590512 0.826174
0.593843 0.821206
0.594285 0.699957
0.595557 0.334861
0.597221 0.728870
0.599075 0.845145
0.599849 0.458175
0.600470 0.862546
0.601132 0.737110
0.602990 0.788464
0.604457 0.746640
0.604573 0.739331
0.605364 0.665846
0.605379 0.836879
0.608341 0.836000
0.608812 0.611594
0.609858 0.761390
0.613628 0.720256
0.614504 0.599011
0.616848 0.761832
0.617860 0.659024
0.617917 0.468419
0.618934 0.880161
0.621888 0.665174
0.622747 0.762118
0.624190 0.796142
0.626122 0.670212
0.626989 0.871582
0.628262 0.531489
0.629727 0.640528
0.630683 0.493418
0.632291 0.601678
0.632875 0.914433
0.635802 0.882314
0.636815 0.689125
0.637928 0.787239
0.638245 0.739928
0.640721 0.629483
0.640889 0.593724
0.642265 0.776916
0.646139 0.813080
0.647331 0.872488
0.647616 0.828036
0.648527 0.841247
0.648648 0.835970
0.648686 0.607242
0.649904 0.848034
0.650663 0.567876
0.652299 0.819608
0.652304 0.688417
0.653792 0.591243
0.654988 0.888109
0.659382 0.800548
0.659658 0.843063
0.660794 0.713436
0.661106 0.531136
0.661439 0.617687
0.661822 0.813697
0.661929 0.937523
0.663168 0.805833
0.664245 0.589439
0.664946 0.875976
0.665021 0.727384
0.665285 0.727380
0.665499 0.641929
0.666647 0.816108
0.666965 0.781106
0.667612 0.778214
0.667614 0.726624
0.667880 0.778209
0.668067 0.660865
0.668209 0.534834
0.668817 0.834136
0.669527 0.581309
0.669540 0.814984
0.670660 0.642380
0.670750 0.743936
0.671242 0.613441
0.672656 0.710366
0.672916 0.769156
0.674543 0.710965
0.674601 0.802216
0.675342 0.767163
0.675382 0.706438
0.676111 0.742569
0.676912 0.602515
0.677066 0.637159
0.678802 0.631385
0.681422 0.796653
0.681477 0.673683
0.682743 0.834198
0.682861 0.581389
0.684452 0.654104
0.684461 0.809436
0.684554 0.814650
0.684703 0.627793
0.685296 0.760180
0.685769 0.483441
0.687013 0.729425
0.687490 0.747600
0.687626 0.831878
0.689221 0.804308
0.689831 0.624376
0.689977 0.704793
0.694573 0.842557
0.695277 0.716216
0.695524 0.803972
0.695818 0.745144
0.696142 0.843060
0.696505 0.790829
0.697635 0.746633
0.698504 0.880451
0.698835 0.794749
0.700045 0.750669
0.700283 0.660037
0.700321 0.779297
0.700323 0.570939
0.701975 0.653094
0.702228 0.643146
0.702360 0.558959
0.703097 0.866568
0.704952 0.821961
0.705287 0.733333
0.705466 0.756599
0.706093 0.638754
0.706912 0.821975
0.707936 0.862583
0.710571 0.788426
0.711504 0.731414
0.711780 0.699493
0.714485 0.657315
0.714785 0.824696
0.715348 0.856706
0.715361 0.897553
0.715659 0.575222
0.717181 0.840281
0.718733 0.954575
0.719510 0.900104
0.719664 0.886542
0.724072 0.836168
0.725712 0.727095
0.727758 0.703956
0.729743 0.876493
0.729925 0.919654
0.729968 0.748961
0.731816 0.931429
0.732157 0.645651
0.732459 0.871884
0.736922 0.676303
0.737080 0.597620
0.737251 0.760149
0.740851 0.821951
0.741299 0.825229
0.742725 0.785353
0.743015 0.754407
0.743446 0.575816
0.747445 0.842773
0.747771 0.753460
0.749527 0.732675
0.751723 0.833402
0.752319 0.657456
0.752926 0.725634
0.754588 0.509629
0.755207 0.729743
0.756062 0.792070
0.756640 0.788618
0.757362 0.917195
0.758253 0.681334
0.760412 0.721497
0.760433 0.881053
0.764858 0.745407
0.765096 0.788527
0.765117 0.732263
0.766511 0.851661
0.767473 0.574459
0.767680 0.650396
0.768226 0.535906
0.771115 0.656306
0.771470 0.710504
0.772925 0.665301
0.773382 0.611153
0.774114 0.588703
0.774873 0.724604
0.776320 0.868432
0.776558 0.668786
0.777974 0.769442
0.779674 0.846949
0.779894 0.811936
0.779902 0.879525
0.779923 0.880650
0.781498 0.881417
0.782981 0.756536
0.785900 0.758657
0.787182 0.902266
0.787275 0.791004
0.787592 0.623256
0.788554 0.850642
0.788700 0.892097
0.790827 0.811279
0.791040 0.630131
0.791145 0.737859
0.791377 0.641499
0.792146 0.892400
0.794216 0.891815
0.795835 0.576120
0.797138 0.882241
0.797905 0.609562
0.798343 0.911271
0.798938 0.592312
0.799405 0.698571
0.799480 0.725597
0.799537 0.864613
0.799974 0.805708
0.800332 0.751621
0.800621 0.871388
0.800710 0.557512
0.801335 0.749692
0.801490 0.808699
0.801821 0.801978
0.806055 0.891863
0.806421 0.944621
0.807518 0.609586
0.808057 0.842828
0.809906 0.824826
0.811040 0.715840
0.811562 0.777129
0.811638 0.531677
0.812757 0.814567
0.814611 0.882748
0.814639 0.868507
0.814979 0.638205
0.815589 0.732182
0.816124 0.601072
0.817115 0.929623
0.817366 0.532575
0.818160 0.962487
0.820022 0.917109
0.821221 0.799919
0.821731 0.744743
0.822712 0.831016
0.823278 0.972776
0.823792 0.604674
0.824120 0.465343
0.827170 0.701294
0.827355 0.761935
0.828662 0.732763
0.828840 0.632465
0.830243 0.703823
0.830380 0.739777
0.830658 0.695154
0.831292 0.832905
0.833012 0.816148
0.833435 0.734501
0.833478 0.746633
0.834817 0.745345
0.836685 0.872401
0.837680 0.901111
0.837914 0.822268
0.839029 0.755950
0.839984 0.770507
0.841942 0.819021
0.842594 0.780836
0.844342 0.788537
0.844528 0.675014
0.845402 0.977794
0.845431 0.857885
0.846806 0.793476
0.846835 0.526208
0.848172 0.756696
0.850783 0.795829
0.851437 0.658888
0.853453 0.639296
0.853557 0.587941
0.855151 0.748459
0.855832 0.748135
0.857720 0.713059
0.857954 0.689742
0.858068 0.889649
0.858155 0.824300
0.859201 0.971901
0.860155 0.841514
0.861064 0.711928
0.862407 0.643730
0.863135 0.679788
0.863438 0.875341
0.863723 0.860297
0.867066 0.623702
0.867531 0.961733
0.869541 0.639506
0.869617 0.690991
0.869813 0.611754
0.871009 0.703678
0.874634 0.533426
0.875766 0.800041
0.875879 0.828220
0.877102 0.817503
0.879039 0.848643
0.879588 0.549174
0.880590 0.684994
0.881319 0.785414
0.881884 0.864122
0.882034 0.714593
0.882886 0.483976
0.883066 0.781478
0.883966 0.637523
0.885929 0.692863
0.887271 0.715709
0.889085 0.820200
0.889861 0.629037
0.890645 0.767587
0.891026 0.929935
0.892061 0.519270
0.892645 0.595602
0.893233 0.739308
0.893592 0.840691
0.893888 0.608440
0.896914 0.794370
0.897306 0.909815
0.900226 0.817739
0.900633 0.759894
0.900764 0.638236
0.902706 0.868807
0.905431 0.987092
0.906379 0.640080
0.906510 0.898564
0.906628 0.890901
0.907227 0.651970
0.908026 0.734306
0.908051 0.725571
0.908894 0.813462
0.909005 0.892576
0.909488 0.832910
0.910966 0.737898
0.912927 0.689966
0.913568 0.706045
0.917130 0.836812
0.917339 0.847122
0.917591 0.775672
0.917626 0.605447
0.918548 0.823894
0.919229 0.844382
0.919524 0.752001
0.922044 0.925246
0.923158 0.742765
0.925465 0.804438
0.926092 0.929083
0.927307 0.794248
0.927966 0.597741
0.928165 0.967565
0.928325 0.773440
0.928363 0.813697
0.928948 0.953504
0.931678 0.864886
0.931700 0.645077
0.932562 0.910649
0.933331 0.798864
0.934715 0.558488
0.935869 0.849079
0.936250 0.686743
0.937187 0.893370
0.938194 0.821825
0.938208 0.635712
0.940002 0.741245
0.941826 0.726495
0.943630 0.947954
0.944106 0.631923
0.944320 0.790391
0.945596 0.574413
0.947513 0.911578
0.947972 0.881920
0.948359 0.681181
0.950978 0.932563
0.953946 0.865300
0.954492 0.942065
0.956627 0.784722
0.956830 0.683744
0.959790 0.762956
0.960250 0.688592
0.960623 0.776168
0.960719 0.844779
0.961087 0.815679
0.962208 0.810436
0.962233 0.738410
0.964409 0.940600
0.964956 0.753048
0.965055 0.949382
0.966654 0.743982
0.966772 0.810643
0.969252 0.794315
0.971549 0.837355
0.971704 0.876739
0.971909 0.735291
0.972596 0.875523
0.973460 0.819869
0.973539 0.699458
0.975072 0.807123
0.975086 0.768382
0.975367 0.859210
0.975945 0.793131
0.977442 0.590743
0.978914 0.609243
0.978982 0.809619
0.979527 0.939471
0.980638 0.721007
0.981338 0.800116
0.981593 0.878551
0.982436 0.787176
0.982477 0.677491
0.982859 0.826949
0.982968 0.849514
0.984277 0.707737
0.985061 0.810530
0.986425 0.754022
0.988670 0.540043
0.990067 0.898816
0.990457 0.908786
0.991758 0.656870
0.994061 0.787613
0.994645 0.882230
0.994675 0.619416
0.994768 0.758744
0.995696 0.847901
0.995724 0.865317
0.996352 0.699708
0.997035 0.839437
0.997186 0.666234
0.997783 1.000000
1.000000 0.797155
