0.000000 0.681795
0.022690 0.815715
0.025217 0.831041
0.067907 0.811061
0.068371 0.764501
0.077301 0.725458
0.096961 0.843311
0.105127 0.606250
0.105532 0.731402
0.108366 0.707656
0.124086 0.856158
0.127535 0.681153
0.127786 0.749171
0.128302 0.697022
0.129436 0.793668
0.130833 0.630280
0.130948 0.669916
0.135541 0.815000
0.137081 0.698448
0.138972 0.719087
0.143711 0.707750
0.150845 0.621650
0.158183 0.766175
0.159525 0.721385
0.160046 0.640378
0.161527 0.826387
0.161966 0.883858
0.163073 0.727652
0.163085 0.773966
0.169093 0.818781
0.171152 0.800356
0.172643 0.642844
0.172876 0.780125
0.173618 0.710527
0.177726 0.812603
0.178574 0.574130
0.186257 0.746917
0.187730 0.856189
0.190623 0.827551
0.192159 0.843218
0.198701 0.689083
0.200413 0.757244
0.203218 0.722669
0.205704 0.667886
0.208271 0.881404
0.211643 0.586147
0.215038 0.678114
0.216604 0.866729
0.217782 0.848553
0.217788 0.809653
0.222057 0.693444
0.223691 0.881757
0.225071 0.802811
0.228936 0.691862
0.229366 1.000000
0.230389 0.668849
0.236927 0.736308
0.238839 0.584669
0.241690 0.748479
0.244640 0.701253
0.246439 0.722518
0.247308 0.760236
0.249876 0.562038
0.251636 0.728465
0.252722 0.729071
0.253317 0.769460
0.253849 0.764736
0.257438 0.728214
0.260685 0.667541
0.262695 0.528368
0.264909 0.641638
0.265731 0.818284
0.266470 0.759662
0.267170 0.615569
0.267317 0.812985
0.270682 0.624244
0.275208 0.631301
0.277665 0.893016
0.279407 0.766043
0.281647 0.562174
0.282825 0.781888
0.283920 0.767500
0.286834 0.834532
0.289176 0.856124
0.295694 0.825279
0.297009 0.892094
0.299301 0.758302
0.301672 0.771514
0.301904 0.654158
0.303977 0.902983
0.304516 0.514069
0.305689 0.771798
0.307452 0.902210
0.308869 0.660727
0.310880 0.624614
0.311578 0.681774
0.312425 0.832856
0.316408 0.866519
0.319715 0.767271
0.321357 0.864566
0.321846 0.682310
0.322050 0.681135
0.324013 0.737923
0.328468 0.631096
0.331910 0.697674
0.332351 0.764685
0.332499 0.771259
0.333374 0.527131
0.333963 0.708513
0.335335 0.653819
0.336719 0.901158
0.338161 0.714003
0.338716 0.859265
0.339008 0.757708
0.339313 0.879117
0.340471 0.988734
0.341167 0.869365
0.351541 0.721615
0.353041 0.736191
0.355314 0.926766
0.357601 0.847056
0.359631 0.726178
0.360614 0.735939
0.360803 0.732117
0.364746 0.691708
0.364920 0.649124
0.365881 0.610702
0.367317 0.582709
0.367730 0.729166
0.372910 0.579655
0.373620 0.844640
0.373855 0.673960
0.374674 0.653149
0.375419 0.908058
0.379774 0.719885
0.380748 0.785837
0.381742 0.694557
0.383053 0.695647
0.385081 0.626463
0.385794 0.599272
0.386395 0.715805
0.387139 0.691674
0.387295 0.747809
0.387449 0.645811
0.388763 0.622991
0.389204 0.642521
0.389353 0.705360
0.389950 0.612682
0.391076 0.894228
0.391184 0.668862
0.392102 0.841906
0.392156 0.660459
0.392967 0.708960
0.393414 0.754336
0.395478 0.814210
0.398148 0.643384
0.398994 0.926380
0.399355 0.795637
0.399755 0.664090
0.400098 0.828306
0.402792 0.750399
0.403288 0.722838
0.403828 0.696802
0.403894 0.636696
0.404059 0.624405
0.404905 0.657181
0.404988 0.654776
0.406494 0.736939
0.407370 0.798685
0.408278 0.661004
0.409352 0.708691
0.409895 0.708381
0.412769 0.729255
0.416322 0.814717
0.418511 0.772589
0.419990 0.578191
0.421217 0.632982
0.421325 0.550860
0.422788 0.909198
0.423316 0.693440
0.427027 0.632386
0.428967 0.589373
0.429657 0.568801
0.431114 0.580568
0.431469 0.614466
0.434930 0.721022
0.435620 0.638673
0.436316 0.553798
0.437214 0.629378
0.437522 0.479615
0.438770 0.631119
0.439413 0.692431
0.440221 0.491153
0.442729 0.847096
0.444929 0.832259
0.445586 0.596782
0.449343 0.627621
0.449684 0.885039
0.450982 0.440943
0.451560 0.699841
0.452927 0.678649
0.453433 0.799015
0.454848 0.659810
0.456543 0.774141
0.457314 0.653545
0.457374 0.697784
0.460289 0.564177
0.461028 0.805259
0.462812 0.874727
0.464508 0.729658
0.465887 0.630825
0.466751 0.646288
0.467310 0.726843
0.467484 0.699388
0.467579 0.588338
0.469935 0.747742
0.470146 0.602350
0.471377 0.660990
0.472469 0.884373
0.473494 0.687109
0.474196 0.760297
0.474539 0.643271
0.475416 0.628973
0.475760 0.729703
0.476040 0.706384
0.481093 0.662366
0.481600 0.509583
0.484682 0.684908
0.485079 0.648450
0.485229 0.727833
0.485354 0.748738
0.485675 0.569266
0.486386 0.759369
0.487344 0.718681
0.490230 0.838833
0.490680 0.715951
0.492650 0.588203
0.493006 0.609222
0.495133 0.656625
0.495751 0.694259
0.496502 0.658738
0.498219 0.692708
0.501501 0.389746
0.503064 0.549902
0.507073 0.594703
0.507344 0.479667
0.507953 0.660757
0.509876 0.632165
0.511727 0.750585
0.512499 0.640611
0.512590 0.633579
0.513337 0.673367
0.514782 0.523629
0.515088 0.593833
0.515132 0.470605
0.517335 0.652045
0.518743 0.641832
0.518874 0.593989
0.519886 0.756919
0.519951 0.678345
0.520652 0.683148
0.525976 0.434085
0.526635 0.480473
0.528196 0.636966
0.528671 0.556473
0.532571 0.605517
0.534019 0.717979
0.537013 0.811945
0.537200 0.559361
0.537207 0.725286
0.541577 0.639661
0.543103 0.731349
0.544129 0.512020
0.546581 0.516854
0.546856 0.527395
0.553790 0.767878
0.554053 0.543609
0.555178 0.621070
0.555493 0.544462
0.559375 0.536948
0.560047 0.520989
0.561643 0.516865
0.562627 0.404253
0.566260 0.483846
0.570533 0.590433
0.572871 0.596152
0.582333 0.528431
0.582752 0.566580
0.583822 0.596918
0.586717 0.545860
0.589987 0.430759
0.590357 0.688163
0.590788 0.533341
0.590807 0.436122
0.591222 0.523468
0.591279 0.557747
0.592742 0.690214
0.594872 0.645723
0.598686 0.687943
0.601201 0.671329
0.602344 0.608790
0.603169 0.474636
0.604712 0.623684
0.606475 0.428572
0.610183 0.449100
0.611820 0.457986
0.613747 0.524352
0.614231 0.549682
0.615447 0.495070
0.615654 0.454967
0.616444 0.635616
0.616741 0.569303
0.621114 0.422452
0.623834 0.502868
0.624794 0.492730
0.624850 0.560691
0.634323 0.321034
0.639151 0.483322
0.641503 0.385784
0.641966 0.614870
0.653716 0.463862
0.669908 0.539424
0.675119 0.502502
0.684522 0.648114
0.685482 0.334245
0.685647 0.293265
0.694795 0.586212
0.697259 0.492423
0.698882 0.401307
0.700749 0.389002
0.705507 0.557620
0.715836 0.339885
0.719552 0.575064
0.725171 0.415695
0.729472 0.669663
0.731004 0.394902
0.731316 0.496435
0.748790 0.328438
0.752385 0.334112
0.756074 0.485879
0.761987 0.362640
0.767180 0.477100
0.772510 0.360339
0.780273 0.554022
0.809796 0.444045
0.861142 0.411183
0.884656 0.256369
1.000000 0.000000
