0.000000 0.010865
0.008515 0.638307
0.009606 0.511405
0.024338 0.162829
0.025502 0.374713
0.026422 0.420340
0.029238 0.064189
0.032591 0.010039
0.033178 0.323382
0.033523 0.173413
0.034521 0.527379
0.035300 0.071124
0.039747 0.565317
0.040926 0.146701
0.041241 0.401409
0.041780 0.365320
0.044686 0.065370
0.047140 0.034056
0.054338 0.170548
0.054452 0.228784
0.061083 0.428000
0.061350 0.077071
0.062550 0.252424
0.066248 0.121256
0.068748 0.413278
0.071943 0.307353
0.073820 0.245233
0.073976 0.310974
0.074486 0.380184
0.074636 0.565702
0.074910 0.586713
0.076067 0.460259
0.076978 0.151994
0.079605 0.542341
0.081420 0.218902
0.084374 0.447675
0.085458 0.221475
0.086314 0.075651
0.088179 0.057091
0.088436 0.269533
0.088460 0.544648
0.089418 0.120467
0.089515 0.101620
0.091792 0.637929
0.092251 0.465499
0.094623 0.376180
0.095020 0.192045
0.095124 0.306660
0.095413 0.151062
0.097487 0.362695
0.099977 0.591214
0.100454 0.374961
0.102164 0.310656
0.102668 0.072569
0.104198 0.069480
0.108409 0.365714
0.108636 0.424112
0.109453 0.079903
0.109454 0.486160
0.110488 0.407765
0.111777 0.041224
0.111850 0.098141
0.113660 0.341855
0.113841 0.018726
0.114713 0.165002
0.115352 0.325607
0.115581 0.355981
0.116195 0.262989
0.118016 0.417596
0.119653 0.161211
0.120599 0.446534
0.121729 0.549484
0.122247 0.424723
0.126583 0.628198
0.128066 0.610823
0.131152 0.105789
0.133140 0.008308
0.133285 0.319602
0.133636 0.479774
0.134381 0.210158
0.134603 0.497596
0.136557 0.055450
0.136693 0.092338
0.137415 0.022697
0.137921 0.179664
0.138248 0.316153
0.139333 0.019598
0.145312 0.153199
0.145794 0.016846
0.146180 0.235972
0.146719 0.562370
0.147124 0.432758
0.148518 0.228316
0.148618 0.474603
0.148630 0.500451
0.148879 0.349164
0.148889 0.295467
0.150282 0.566423
0.150912 0.206438
0.154167 0.496037
0.156685 0.288923
0.157878 0.395311
0.160155 0.480089
0.161808 0.430020
0.163886 0.431142
0.164185 0.009879
0.164609 0.285847
0.165127 0.099685
0.165244 0.394823
0.165940 0.367119
0.165979 0.111672
0.166311 0.133477
0.168620 0.135486
0.169542 0.544900
0.169933 0.063496
0.171916 0.241140
0.171986 0.140133
0.176396 0.070844
0.176785 0.149308
0.177266 0.087291
0.177561 0.315393
0.177703 0.520262
0.178937 0.356954
0.180616 0.528321
0.181186 0.497196
0.181988 0.142535
0.182712 0.105755
0.183662 0.618775
0.184045 0.083262
0.185807 0.166412
0.185995 0.392997
0.186091 0.635418
0.187640 0.190515
0.188335 0.095479
0.188705 0.219611
0.189161 0.256619
0.189169 0.180729
0.189642 0.099392
0.189766 0.325129
0.191481 0.484053
0.195384 0.036944
0.196222 0.073258
0.197022 0.048501
0.197539 0.181373
0.198184 0.138801
0.198762 0.490136
0.199117 0.046658
0.199277 0.199522
0.200360 0.549939
0.200795 0.313075
0.200996 0.436657
0.201309 0.256784
0.201409 0.223326
0.202084 0.505312
0.203688 0.236648
0.204038 0.599280
0.204123 0.078629
0.204400 0.385403
0.209152 0.609128
0.211167 0.573923
0.211384 0.000982
0.211669 0.069011
0.212244 0.090621
0.213650 0.399131
0.214221 0.554317
0.215754 0.262086
0.216417 0.362069
0.217578 0.401511
0.218147 0.393140
0.218382 0.043271
0.220619 0.461445
0.221655 0.433874
0.221781 0.037432
0.222543 0.136711
0.222560 0.021998
0.223188 0.016139
0.223436 0.242219
0.224096 0.353321
0.226270 0.362309
0.226291 0.255252
0.227973 0.297128
0.228957 0.032166
0.229191 0.080669
0.229242 0.608560
0.229763 0.288184
0.230432 0.594172
0.234058 0.231775
0.234200 0.175897
0.235061 0.203098
0.236180 0.536022
0.236243 0.502181
0.237351 0.552606
0.237887 0.512572
0.237944 0.585715
0.238874 0.438465
0.239274 0.286040
0.240223 0.481620
0.240226 0.292087
0.240629 0.446551
0.240836 0.273803
0.241064 0.535756
0.241145 0.355698
0.241245 0.193566
0.241465 0.182246
0.241661 0.139400
0.241879 0.079764
0.242698 0.082538
0.243917 0.327486
0.244526 0.554836
0.244816 0.240055
0.245208 0.254703
0.245241 0.466534
0.246167 0.233327
0.246301 0.624630
0.247395 0.098116
0.248971 0.590298
0.249025 0.290270
0.249168 0.494543
0.249254 0.520709
0.249263 0.000000
0.250894 0.089150
0.250928 0.465887
0.251825 0.159906
0.252275 0.488447
0.252397 0.347164
0.252884 0.098790
0.253628 0.037954
0.253858 0.305414
0.254085 0.407161
0.254736 0.626212
0.255410 0.126418
0.255711 0.344198
0.256182 0.108405
0.256537 0.242188
0.259049 0.039148
0.259159 0.324162
0.259690 0.549787
0.259880 0.088123
0.260448 0.383848
0.260578 0.558886
0.260682 0.460974
0.260812 0.604760
0.262837 0.610232
0.263940 0.070062
0.265617 0.147627
0.266092 0.215270
0.266200 0.377304
0.267983 0.630826
0.268273 0.139487
0.268293 0.096255
0.268918 0.057353
0.270326 0.236223
0.270544 0.586267
0.271147 0.602928
0.271502 0.097633
0.272144 0.321978
0.272342 0.177500
0.272411 0.224134
0.272431 0.617679
0.274356 0.101390
0.274640 0.554857
0.275433 0.214834
0.275684 0.388481
0.276074 0.537776
0.278301 0.558757
0.279726 0.535221
0.280162 0.438657
0.280753 0.206037
0.280877 0.594651
0.281602 0.412054
0.281903 0.432281
0.283515 0.593344
0.283937 0.170715
0.285017 0.145754
0.285725 0.186447
0.286089 0.333297
0.287000 0.335271
0.289640 0.102708
0.290614 0.517342
0.291338 0.366942
0.291533 0.019183
0.291963 0.374947
0.292008 0.111413
0.292259 0.577212
0.292328 0.627208
0.292426 0.240631
0.293466 0.546881
0.293928 0.523762
0.294912 0.546384
0.295836 0.106450
0.296080 0.458361
0.296298 0.279361
0.298307 0.319509
0.298475 0.158102
0.299168 0.195476
0.299650 0.629180
0.299717 0.380785
0.299740 0.632742
0.301027 0.009141
0.301426 0.180327
0.301568 0.197946
0.303122 0.181773
0.304459 0.390141
0.305139 0.284005
0.305647 0.318034
0.305860 0.244411
0.305950 0.423276
0.306384 0.391087
0.306901 0.259754
0.307781 0.038616
0.308429 0.521644
0.308679 0.331561
0.309419 0.438890
0.309783 0.319369
0.310173 0.241597
0.310687 0.017883
0.311144 0.286134
0.312235 0.569689
0.312333 0.621699
0.312356 0.594778
0.312732 0.379465
0.313290 0.574251
0.313324 0.026635
0.313412 0.123152
0.314085 0.005928
0.314348 0.437905
0.314519 0.399703
0.314621 0.383955
0.314951 0.124205
0.315048 0.250456
0.315415 0.530494
0.316239 0.364382
0.316259 0.378666
0.317741 0.060502
0.318186 0.373057
0.318736 0.514443
0.318739 0.224270
0.319331 0.068230
0.320221 0.404680
0.320606 0.413350
0.320748 0.127032
0.321499 0.287121
0.322176 0.182433
0.323513 0.594559
0.323829 0.556472
0.324071 0.524928
0.324173 0.625200
0.324264 0.574308
0.324395 0.206358
0.327437 0.423643
0.327654 0.270911
0.327915 0.030408
0.329006 0.418230
0.329601 0.327397
0.329762 0.309787
0.331195 0.355622
0.331197 0.473007
0.331450 0.104553
0.331951 0.133365
0.332377 0.162640
0.332437 0.021759
0.332843 0.284488
0.333058 0.270576
0.334385 0.007812
0.335722 0.229855
0.335737 0.362861
0.335811 0.552598
0.339573 0.455048
0.341899 0.169960
0.342600 0.572663
0.343051 0.295770
0.344712 0.099109
0.345181 0.453364
0.345614 0.574296
0.345640 0.354508
0.345861 0.437817
0.346055 0.658438
0.346743 0.164097
0.346749 0.263092
0.347328 0.245589
0.347362 0.356126
0.348306 0.361650
0.349315 0.406652
0.349746 0.593334
0.349886 0.310597
0.350314 0.157959
0.350644 0.642622
0.352180 0.023848
0.352279 0.187209
0.352564 0.352780
0.352706 0.622908
0.352970 0.554594
0.353546 0.644410
0.353838 0.599057
0.354624 0.652685
0.354769 0.104211
0.355049 0.300773
0.357835 0.253876
0.357845 0.104171
0.358086 0.527088
0.359430 0.076316
0.359472 0.154345
0.360707 0.281431
0.362961 0.633237
0.363513 0.257742
0.364116 0.453608
0.365216 0.034981
0.366133 0.372632
0.366176 0.490341
0.366435 0.601470
0.367340 0.254258
0.367712 0.171296
0.368063 0.480356
0.370718 0.379333
0.371020 0.228106
0.371299 0.659417
0.371354 0.101088
0.371574 0.379521
0.371922 0.636705
0.372622 0.387114
0.372627 0.101357
0.372771 0.370903
0.372938 0.109824
0.373398 0.280765
0.374122 0.091381
0.375766 0.572060
0.376243 0.370101
0.377888 0.136705
0.378601 0.585628
0.380160 0.588739
0.380531 0.455256
0.380601 0.625351
0.380781 0.304498
0.381114 0.146303
0.383089 0.609107
0.383695 0.209107
0.383698 0.423720
0.384095 0.559371
0.384685 0.278030
0.384847 0.095114
0.385072 0.152792
0.385164 0.612413
0.386353 0.526739
0.386772 0.363574
0.387249 0.665941
0.390957 0.414631
0.392088 0.528496
0.392204 0.101938
0.394656 0.639520
0.394955 0.092862
0.395376 0.235471
0.396046 0.195341
0.396439 0.194880
0.396461 0.589660
0.396523 0.664435
0.397124 0.442796
0.397159 0.137337
0.397926 0.515513
0.398134 0.179350
0.398710 0.199358
0.398837 0.433763
0.399994 0.455606
0.400675 0.087356
0.401854 0.464915
0.401873 0.656222
0.402064 0.253775
0.402235 0.224290
0.402725 0.306515
0.403022 0.075011
0.403112 0.382347
0.403844 0.693463
0.405215 0.541733
0.407028 0.607925
0.408657 0.442433
0.408960 0.175208
0.409717 0.537050
0.409719 0.246278
0.409738 0.583565
0.409921 0.584354
0.410086 0.463592
0.410286 0.664671
0.413372 0.653212
0.414020 0.302588
0.415086 0.347290
0.415641 0.356369
0.416418 0.526416
0.417330 0.502649
0.417563 0.406372
0.418007 0.194494
0.418171 0.217804
0.418235 0.702130
0.418563 0.234195
0.420298 0.179564
0.420949 0.679071
0.421245 0.199719
0.421337 0.599570
0.422872 0.077064
0.423473 0.147082
0.423509 0.633891
0.425095 0.176586
0.425511 0.685224
0.425719 0.417226
0.426395 0.088416
0.428340 0.460329
0.428477 0.641609
0.429455 0.654552
0.430817 0.457058
0.431998 0.382600
0.432654 0.086583
0.434235 0.265535
0.435676 0.443917
0.435780 0.404718
0.437838 0.535337
0.437866 0.597970
0.439020 0.707402
0.439672 0.305116
0.441063 0.513795
0.442324 0.455345
0.443725 0.675052
0.445463 0.390996
0.446198 0.702558
0.446402 0.562488
0.446639 0.643128
0.446734 0.165710
0.448547 0.413295
0.449994 0.114726
0.450218 0.156534
0.450678 0.564897
0.451383 0.434349
0.452196 0.163200
0.453631 0.101416
0.453975 0.280370
0.454611 0.565596
0.455148 0.392955
0.455361 0.645517
0.456707 0.357880
0.456991 0.521034
0.457409 0.720626
0.457565 0.430500
0.457619 0.530673
0.457997 0.128315
0.458154 0.212329
0.458774 0.268226
0.459974 0.630675
0.461717 0.317586
0.462761 0.398037
0.463248 0.130867
0.464543 0.587649
0.464750 0.450046
0.465269 0.236261
0.465505 0.489359
0.465673 0.460108
0.465926 0.513252
0.468385 0.579454
0.469620 0.278999
0.470126 0.296265
0.471764 0.609676
0.472086 0.370991
0.473490 0.362545
0.474370 0.629675
0.474872 0.140133
0.477647 0.184578
0.482303 0.483627
0.482348 0.335650
0.484285 0.561005
0.485211 0.689441
0.485556 0.560463
0.486202 0.605417
0.487122 0.684016
0.487314 0.486287
0.487595 0.461295
0.487661 0.237450
0.488199 0.489196
0.488966 0.123336
0.492103 0.493767
0.494532 0.397847
0.494653 0.654981
0.496775 0.487475
0.500508 0.661833
0.503266 0.459684
0.504926 0.336426
0.505035 0.421918
0.505617 0.752614
0.506519 0.305362
0.507749 0.584173
0.507793 0.177942
0.507880 0.712640
0.508622 0.382610
0.509586 0.698503
0.512558 0.729096
0.512799 0.663357
0.513001 0.744279
0.517233 0.617083
0.519637 0.667906
0.520895 0.212437
0.523558 0.489434
0.524663 0.308113
0.524868 0.213141
0.525283 0.489145
0.525987 0.270795
0.526946 0.321003
0.527148 0.327561
0.529605 0.288591
0.531078 0.179437
0.533889 0.250542
0.533999 0.548513
0.534740 0.660204
0.535155 0.632136
0.536412 0.482050
0.537825 0.324534
0.538085 0.191480
0.539549 0.666186
0.542029 0.532479
0.542747 0.246582
0.543652 0.560568
0.543802 0.678788
0.544583 0.734513
0.545890 0.169512
0.545922 0.750040
0.546062 0.673468
0.548160 0.664563
0.550042 0.734443
0.550444 0.279679
0.551173 0.644601
0.551762 0.603042
0.553220 0.319448
0.560813 0.429353
0.563252 0.589978
0.564441 0.532138
0.565465 0.473870
0.565912 0.528101
0.566509 0.583037
0.566918 0.268151
0.569531 0.431150
0.570140 0.633385
0.571037 0.731476
0.573455 0.496164
0.581171 0.587829
0.586830 0.343188
0.587548 0.412009
0.588725 0.798233
0.589059 0.408700
0.590091 0.637608
0.590375 0.752217
0.590456 0.401518
0.591255 0.537393
0.591387 0.637401
0.592539 0.613240
0.592673 0.570676
0.594032 0.290737
0.594329 0.416954
0.594674 0.792035
0.600640 0.482359
0.602652 0.355463
0.602827 0.459297
0.605159 0.639834
0.606831 0.360502
0.607524 0.522859
0.610214 0.705851
0.613102 0.811612
0.613247 0.227600
0.613337 0.268270
0.613602 0.678179
0.615104 0.729861
0.617927 0.403891
0.619266 0.724258
0.620716 0.448614
0.620800 0.541714
0.623306 0.534254
0.628246 0.392789
0.633639 0.483724
0.633894 0.664400
0.637924 0.814977
0.640498 0.310812
0.641522 0.832629
0.642404 0.298691
0.644208 0.399639
0.644665 0.589785
0.649196 0.778644
0.650884 0.539702
0.651925 0.463744
0.654057 0.828758
0.657216 0.505068
0.658362 0.592271
0.669478 0.646622
0.669725 0.448492
0.670299 0.336006
0.676995 0.804437
0.677359 0.420937
0.686114 0.632935
0.686726 0.430135
0.687026 0.672892
0.687876 0.483787
0.688051 0.843949
0.689675 0.419449
0.692736 0.788863
0.698441 0.498359
0.699319 0.743158
0.700231 0.803499
0.700293 0.509133
0.702429 0.634863
0.702797 0.504281
0.713285 0.734688
0.714867 0.844474
0.715278 0.825593
0.715290 0.362852
0.717458 0.717407
0.717792 0.451346
0.729819 0.355097
0.733397 0.659109
0.735781 0.417545
0.737595 0.556923
0.747822 0.342093
0.749297 0.648268
0.762830 0.498130
0.770309 0.906984
0.773171 0.515791
0.778857 0.698945
0.780035 0.494919
0.789147 0.501646
0.800601 0.410912
0.802073 0.442764
0.814688 0.378469
0.819475 0.387512
0.831944 0.853097
0.835313 0.548292
0.847896 0.945437
0.861586 0.391673
0.868402 0.919616
0.872507 0.524460
0.881893 0.603436
0.895837 0.851006
0.936410 1.000000
0.940227 0.599149
0.948491 0.767634
1.000000 0.807659
