0.000000 0.645460
0.001566 0.431536
0.005369 0.591639
0.008066 0.176333
0.009644 0.254994
0.020734 0.218908
0.026035 0.218113
0.027409 0.608123
0.030317 0.058974
0.041049 0.348793
0.043124 0.581738
0.046467 0.226539
0.048306 0.482297
0.054683 0.322881
0.055350 0.031697
0.056463 0.580195
0.061259 0.349736
0.063398 0.104369
0.064895 0.331699
0.065657 0.010100
0.066049 0.032949
0.067178 0.607098
0.070809 0.012552
0.078952 0.696154
0.081636 0.393418
0.082256 0.679650
0.083172 0.244588
0.086202 0.133638
0.090144 0.299584
0.091312 0.257105
0.091436 0.230862
0.096966 0.033539
0.097355 0.000000
0.098018 0.556739
0.099034 0.239199
0.099271 0.338946
0.104118 0.560813
0.104439 0.219404
0.104475 0.034487
0.104761 0.684052
0.104949 0.216428
0.106003 0.164623
0.111400 0.724432
0.112037 0.720294
0.112244 0.298511
0.112523 0.168942
0.113756 0.013861
0.117008 0.125147
0.119680 0.174750
0.120385 0.330023
0.122079 0.236262
0.123246 0.470908
0.127122 0.149601
0.130890 0.322213
0.131561 0.499004
0.131827 0.190342
0.132167 0.265478
0.133855 0.399284
0.134490 0.203220
0.134606 0.004250
0.135417 0.121742
0.136017 0.125806
0.138973 0.678963
0.139560 0.239233
0.141923 0.366856
0.142942 0.187930
0.143018 0.340422
0.143368 0.067562
0.144674 0.380162
0.145583 0.221425
0.147132 0.438748
0.147594 0.165663
0.147671 0.696816
0.147740 0.416464
0.149375 0.219701
0.149883 0.385392
0.151803 0.104695
0.151935 0.734398
0.152155 0.257637
0.152715 0.527161
0.154907 0.335547
0.155069 0.151144
0.156172 0.276350
0.162297 0.579068
0.164800 0.514091
0.165370 0.056683
0.167014 0.342804
0.167192 0.398869
0.169546 0.691920
0.170104 0.685104
0.174627 0.609914
0.175765 0.285938
0.177238 0.209232
0.177620 0.672323
0.180067 0.510515
0.180585 0.336824
0.184560 0.230927
0.187637 0.093085
0.187816 0.172315
0.188342 0.235963
0.190604 0.508986
0.191372 0.672953
0.191726 0.607185
0.192825 0.596305
0.193080 0.392092
0.196334 0.525661
0.200005 0.616206
0.200037 0.222237
0.202047 0.682718
0.205438 0.150697
0.205619 0.159162
0.206382 0.342928
0.206405 0.591158
0.207458 0.300481
0.207902 0.467220
0.208513 0.100589
0.208714 0.323884
0.209685 0.607788
0.212968 0.239806
0.216818 0.647098
0.218145 0.423141
0.218368 0.226806
0.218901 0.011802
0.219164 0.415318
0.219760 0.422302
0.219948 0.594748
0.220300 0.161990
0.221058 0.086730
0.222551 0.107525
0.224571 0.423767
0.225300 0.211863
0.225773 0.202618
0.227610 0.522367
0.229228 0.115999
0.235575 0.713236
0.236589 0.524342
0.236652 0.615101
0.237569 0.667332
0.237812 0.360057
0.238011 0.112496
0.241998 0.197172
0.242794 0.236464
0.244258 0.297498
0.244601 0.116513
0.248051 0.215743
0.249221 0.701000
0.250926 0.331257
0.251825 0.025901
0.253336 0.517287
0.253514 0.144011
0.254374 0.491779
0.254983 0.623533
0.255052 0.654880
0.258399 0.065350
0.260051 0.029065
0.260432 0.694266
0.260742 0.244609
0.261360 0.743142
0.262367 0.300450
0.263972 0.201911
0.264387 0.377032
0.265966 0.706684
0.267117 0.138649
0.267542 0.472952
0.267724 0.441122
0.269543 0.327420
0.270212 0.308783
0.270690 0.479775
0.273912 0.060403
0.274342 0.201908
0.275670 0.172832
0.276337 0.095804
0.278961 0.282881
0.279000 0.704592
0.279417 0.196724
0.279895 0.033252
0.280258 0.756040
0.280342 0.737252
0.282032 0.365761
0.282090 0.302319
0.283812 0.451714
0.284018 0.372344
0.287636 0.508150
0.292830 0.217876
0.294122 0.222536
0.295760 0.590462
0.296246 0.327673
0.297730 0.493628
0.300621 0.085069
0.302121 0.202724
0.302431 0.418028
0.303028 0.717459
0.305617 0.334868
0.306912 0.116085
0.306968 0.127857
0.310446 0.364959
0.313560 0.133025
0.314469 0.397167
0.314494 0.343889
0.314757 0.720418
0.314969 0.124603
0.316472 0.718063
0.317397 0.493758
0.317529 0.452754
0.318055 0.193440
0.320106 0.181117
0.320893 0.612278
0.323498 0.491723
0.324862 0.081322
0.328976 0.656460
0.330092 0.761790
0.332458 0.525845
0.332695 0.411300
0.333544 0.253012
0.336140 0.666552
0.336474 0.671749
0.338583 0.643105
0.340951 0.262914
0.341028 0.643898
0.342352 0.481100
0.344028 0.529920
0.345146 0.634310
0.345159 0.584726
0.346228 0.494334
0.349998 0.416054
0.350808 0.401391
0.351241 0.265812
0.352020 0.099530
0.352784 0.042892
0.354707 0.412444
0.355654 0.648549
0.361232 0.291327
0.361660 0.232098
0.362374 0.513273
0.362642 0.254195
0.362853 0.156586
0.364588 0.428217
0.365077 0.188557
0.372473 0.755394
0.374377 0.174904
0.374601 0.314011
0.376039 0.625379
0.376195 0.374563
0.378944 0.559888
0.379133 0.114962
0.386948 0.662423
0.388096 0.338427
0.392115 0.603046
0.393449 0.767782
0.395623 0.369474
0.396955 0.678226
0.399219 0.546431
0.399691 0.183285
0.400245 0.243444
0.400874 0.216913
0.401831 0.670755
0.402724 0.142526
0.403286 0.110258
0.408568 0.659043
0.409601 0.720038
0.410455 0.624340
0.415979 0.165364
0.416547 0.177324
0.418406 0.319314
0.418848 0.086955
0.420574 0.503098
0.422062 0.330184
0.422085 0.700269
0.426129 0.139917
0.426279 0.402557
0.430256 0.106055
0.434418 0.738240
0.435196 0.449465
0.437406 0.678170
0.441149 0.096244
0.443781 0.326922
0.445365 0.198153
0.445824 0.663562
0.446035 0.303475
0.448488 0.523610
0.450858 0.282203
0.451059 0.080974
0.455138 0.371647
0.455396 0.102102
0.460751 0.577533
0.464348 0.615804
0.466044 0.253477
0.466641 0.457057
0.467362 0.473026
0.467582 0.362442
0.468633 0.509069
0.469108 0.709575
0.471748 0.192579
0.472223 0.546091
0.472263 0.420939
0.473870 0.241352
0.477500 0.390172
0.479455 0.629283
0.479902 0.590107
0.480390 0.185203
0.483006 0.273000
0.484760 0.176195
0.485167 0.771450
0.490096 0.579983
0.491759 0.334626
0.491972 0.381897
0.493419 0.111457
0.496990 0.301710
0.498748 0.076878
0.500353 0.699885
0.506477 0.500441
0.507417 0.813720
0.512181 0.143957
0.513012 0.597223
0.522944 0.345071
0.525211 0.722266
0.532704 0.362775
0.533244 0.614459
0.534632 0.815818
0.538074 0.708580
0.544180 0.238037
0.544763 0.435239
0.552973 0.404830
0.553733 0.416269
0.554085 0.642516
0.554516 0.837355
0.557785 0.791587
0.560506 0.429541
0.562987 0.215903
0.569487 0.531114
0.570189 0.293845
0.575712 0.329637
0.576401 0.598084
0.576653 0.258315
0.580852 0.569120
0.589429 0.821705
0.594932 0.435495
0.597545 0.521128
0.599929 0.550014
0.601135 0.881070
0.616654 0.448060
0.619088 0.628835
0.634767 0.302272
0.637599 0.691443
0.670649 0.269474
0.678621 0.817507
0.699745 0.590157
0.727623 0.507028
0.758402 0.292879
0.760563 0.266562
0.788774 0.306984
0.798086 0.736134
0.811920 1.000000
0.821665 0.253448
0.846364 0.760675
0.926343 0.653039
0.992425 0.929387
1.000000 0.933216
