0.000000 0.291120
0.001220 0.045228
0.003571 0.308724
0.008109 0.062017
0.008750 0.038316
0.016710 0.154439
0.019515 0.000000
0.027073 0.094143
0.029626 0.231708
0.035764 0.108293
0.041689 0.066518
0.049324 0.286698
0.052450 0.201418
0.053366 0.144838
0.057104 0.033648
0.057649 0.173176
0.061328 0.212342
0.066262 0.098753
0.067647 0.096187
0.067914 0.033594
0.070437 0.329277
0.076114 0.174535
0.080212 0.153304
0.083100 0.110512
0.089420 0.353352
0.089737 0.350898
0.096332 0.218834
0.096831 0.258537
0.099508 0.294190
0.103125 0.229365
0.103542 0.353826
0.104065 0.151411
0.104144 0.330791
0.104502 0.142613
0.106343 0.153748
0.110600 0.160064
0.117282 0.232002
0.117830 0.166017
0.122087 0.172981
0.124927 0.135533
0.125931 0.251468
0.129136 0.284340
0.132108 0.237451
0.133436 0.317301
0.134126 0.194616
0.134546 0.181406
0.135785 0.050863
0.137651 0.238733
0.138516 0.136786
0.139710 0.225902
0.140181 0.080380
0.142177 0.124163
0.142913 0.051949
0.146023 0.033631
0.146346 0.208593
0.153022 0.252618
0.157739 0.312353
0.160498 0.286950
0.163210 0.192754
0.163656 0.344498
0.164529 0.055281
0.164845 0.346393
0.165976 0.123974
0.171965 0.035073
0.173206 0.219114
0.174227 0.355828
0.175167 0.340937
0.176283 0.209852
0.176585 0.252190
0.177271 0.341188
0.182566 0.109799
0.183699 0.367247
0.184080 0.094592
0.185274 0.045219
0.185880 0.379885
0.186034 0.389639
0.186796 0.053800
0.186818 0.117730
0.188099 0.074887
0.188264 0.390567
0.188312 0.345153
0.193206 0.307984
0.197591 0.094735
0.200638 0.129262
0.200702 0.242993
0.201055 0.145730
0.202938 0.194398
0.204416 0.103173
0.205595 0.352481
0.210516 0.291540
0.210530 0.379457
0.211259 0.293851
0.212391 0.143139
0.212869 0.357430
0.220311 0.345389
0.224746 0.279081
0.225144 0.193946
0.225737 0.311600
0.227429 0.248521
0.227872 0.277886
0.229057 0.420593
0.229069 0.186219
0.229660 0.362537
0.230060 0.188049
0.231528 0.193452
0.232354 0.160925
0.232481 0.150578
0.235041 0.208069
0.236259 0.424624
0.236745 0.371115
0.238917 0.165083
0.239342 0.392803
0.242548 0.335014
0.244718 0.209401
0.245712 0.102059
0.247162 0.447099
0.249928 0.266114
0.250584 0.172426
0.251908 0.367659
0.252689 0.441082
0.254983 0.116703
0.255749 0.155485
0.256449 0.191456
0.257497 0.353039
0.257680 0.262987
0.259538 0.220960
0.263327 0.348004
0.265092 0.258982
0.265868 0.125916
0.267400 0.114816
0.268378 0.191122
0.268405 0.442867
0.269563 0.251028
0.272419 0.381785
0.272861 0.190698
0.274311 0.257521
0.276615 0.428253
0.276622 0.212456
0.276726 0.443022
0.278619 0.447872
0.279332 0.475076
0.279487 0.344942
0.279524 0.343819
0.279607 0.440170
0.281172 0.247424
0.281764 0.481955
0.282788 0.296964
0.285408 0.144863
0.286112 0.375807
0.286925 0.336900
0.287176 0.450635
0.287526 0.154051
0.288146 0.380265
0.288225 0.480541
0.288513 0.323302
0.289869 0.219811
0.291124 0.135259
0.291369 0.446823
0.292936 0.307208
0.293861 0.474852
0.297064 0.442277
0.297362 0.179231
0.298452 0.414057
0.300068 0.467730
0.300473 0.293824
0.301282 0.301907
0.301297 0.402383
0.302043 0.318186
0.302469 0.343645
0.303039 0.316050
0.304215 0.188926
0.305627 0.219080
0.310088 0.268465
0.310592 0.252933
0.312502 0.272362
0.312934 0.317104
0.320277 0.462366
0.321827 0.504796
0.322017 0.263051
0.323853 0.264301
0.327897 0.229601
0.328153 0.415786
0.329259 0.497704
0.329595 0.267366
0.330007 0.493448
0.330212 0.405423
0.330507 0.403366
0.332219 0.484526
0.334362 0.258912
0.334456 0.433027
0.335010 0.364779
0.335244 0.489565
0.335586 0.193400
0.336192 0.464404
0.337884 0.204461
0.338170 0.190069
0.338615 0.229300
0.340488 0.467788
0.340617 0.294003
0.343030 0.491084
0.343124 0.371600
0.346817 0.286252
0.348533 0.238636
0.349151 0.304251
0.349308 0.422076
0.352974 0.461937
0.355116 0.429136
0.358117 0.192341
0.358392 0.289610
0.360680 0.544801
0.361014 0.410429
0.362328 0.231730
0.363338 0.520298
0.365256 0.500893
0.365840 0.536286
0.368492 0.453930
0.368518 0.437295
0.368947 0.495124
0.369464 0.430241
0.373146 0.390149
0.373444 0.276424
0.378142 0.566236
0.378462 0.252533
0.378964 0.462102
0.380116 0.440679
0.381083 0.348975
0.382402 0.552253
0.383634 0.446318
0.383654 0.299456
0.383733 0.522617
0.384054 0.221622
0.388303 0.270613
0.393853 0.243380
0.394674 0.549799
0.395181 0.233793
0.399010 0.270512
0.400114 0.463925
0.402502 0.421206
0.403413 0.287635
0.403872 0.347389
0.403974 0.295698
0.404099 0.274192
0.404493 0.254091
0.407598 0.309736
0.409516 0.533245
0.411546 0.538532
0.411605 0.429876
0.412128 0.593262
0.412412 0.372740
0.412435 0.534659
0.412872 0.478120
0.413193 0.499281
0.418145 0.408546
0.418496 0.509275
0.418514 0.302994
0.423320 0.529009
0.425163 0.463060
0.426561 0.356511
0.429605 0.344287
0.430601 0.617873
0.430830 0.629441
0.432127 0.559120
0.434998 0.525391
0.435973 0.534064
0.438779 0.459890
0.438881 0.269571
0.439330 0.383956
0.440141 0.298965
0.440991 0.400382
0.441426 0.529409
0.442399 0.587602
0.444276 0.546044
0.445607 0.570863
0.446548 0.619445
0.448577 0.576637
0.450298 0.485305
0.452301 0.529244
0.456265 0.617994
0.457094 0.369474
0.460076 0.583409
0.460717 0.570142
0.460954 0.370228
0.462919 0.470433
0.463110 0.359231
0.465031 0.371397
0.466180 0.303260
0.466323 0.582297
0.466715 0.312238
0.472321 0.402755
0.474815 0.363756
0.478815 0.432898
0.479746 0.337700
0.480065 0.567328
0.482296 0.594787
0.484799 0.352985
0.485890 0.327671
0.487429 0.649269
0.488203 0.422749
0.488955 0.592856
0.490105 0.369674
0.491614 0.540129
0.494581 0.520221
0.495026 0.601159
0.498268 0.512259
0.499361 0.639957
0.503377 0.426691
0.504349 0.610648
0.505589 0.640414
0.508048 0.381054
0.509299 0.473099
0.509665 0.506572
0.516123 0.592819
0.516464 0.391260
0.517322 0.505580
0.517545 0.407673
0.518012 0.528958
0.524919 0.671113
0.524933 0.447333
0.526688 0.642388
0.527426 0.726439
0.527801 0.372872
0.529324 0.616989
0.535701 0.606714
0.537431 0.645608
0.538377 0.573508
0.538613 0.394329
0.540275 0.362924
0.542463 0.729992
0.547589 0.622820
0.548690 0.443437
0.549155 0.454038
0.552596 0.474765
0.554890 0.514546
0.557235 0.485747
0.566840 0.455336
0.567348 0.396624
0.572050 0.597945
0.572387 0.557330
0.573401 0.634008
0.574163 0.682550
0.576619 0.503949
0.579844 0.436799
0.579974 0.566751
0.580279 0.550590
0.582491 0.539722
0.584430 0.519826
0.584811 0.555805
0.585622 0.492886
0.594318 0.482273
0.596760 0.422502
0.599430 0.581109
0.600404 0.529726
0.601258 0.670686
0.603769 0.661943
0.603818 0.553919
0.605552 0.768482
0.611251 0.579796
0.612157 0.655746
0.623016 0.793251
0.626707 0.758750
0.630796 0.714725
0.631912 0.672775
0.633305 0.615888
0.637939 0.460313
0.639775 0.590666
0.642627 0.531099
0.643526 0.471984
0.644575 0.596933
0.646234 0.706664
0.655662 0.823885
0.659156 0.562420
0.663526 0.580358
0.664529 0.671722
0.666689 0.760495
0.666793 0.671805
0.676318 0.570151
0.679340 0.701158
0.687735 0.842087
0.689945 0.522338
0.704936 0.708626
0.709839 0.726744
0.711995 0.854000
0.723814 0.890915
0.731154 0.901595
0.731173 0.599947
0.750084 0.584627
0.750350 0.829605
0.751769 0.713631
0.764025 0.889485
0.777774 0.714188
0.789358 0.667240
0.790555 0.740941
0.790866 0.727454
0.796348 0.908692
0.802900 0.673711
0.807660 0.708144
0.813546 0.834359
0.820944 1.000000
0.821775 0.956905
0.858370 0.732921
0.865783 0.699349
0.869719 0.822511
0.871875 0.790807
0.878777 0.701274
0.884458 0.827928
0.893220 0.934134
0.930166 0.922901
0.930462 0.844989
0.970924 0.781001
0.983961 0.842291
1.000000 0.792399
