0.000000 0.314342
0.003057 0.054442
0.003544 0.000000
0.008474 0.234093
0.016075 0.262634
0.018219 0.398877
0.022801 0.363710
0.025806 0.016915
0.026286 0.207715
0.026807 0.261529
0.030368 0.294668
0.030909 0.340112
0.033199 0.135341
0.036443 0.365411
0.037137 0.240789
0.038471 0.421986
0.040052 0.396163
0.040321 0.350420
0.040516 0.085682
0.041048 0.181042
0.043601 0.251429
0.045603 0.034011
0.048024 0.146012
0.049391 0.452616
0.050426 0.379648
0.050831 0.155992
0.052593 0.488214
0.052912 0.311966
0.055958 0.503698
0.056121 0.023714
0.059874 0.322409
0.060216 0.094956
0.061769 0.140213
0.067323 0.065653
0.068271 0.434921
0.068792 0.494834
0.072535 0.385634
0.075649 0.216002
0.080404 0.166479
0.086941 0.184065
0.087671 0.320491
0.093973 0.289653
0.100737 0.339902
0.106811 0.220776
0.108619 0.265321
0.109730 0.476895
0.112477 0.377690
0.114872 0.373635
0.118320 0.300029
0.124819 0.395815
0.127672 0.214679
0.139132 0.115640
0.145680 0.140646
0.149606 0.132167
0.151450 0.292711
0.153157 0.527334
0.154639 0.081990
0.158274 0.166251
0.159847 0.495060
0.164620 0.526170
0.166818 0.084568
0.170651 0.508759
0.172806 0.066463
0.183859 0.422424
0.186517 0.386929
0.186812 0.257236
0.187061 0.398394
0.192206 0.330939
0.192803 0.458887
0.195582 0.334811
0.199125 0.143030
0.201894 0.434731
0.201948 0.362961
0.202049 0.080905
0.203455 0.177831
0.204676 0.402313
0.206053 0.132124
0.207811 0.300127
0.213252 0.330263
0.214096 0.197189
0.214406 0.499703
0.215466 0.457714
0.218994 0.481689
0.224050 0.584290
0.227071 0.388326
0.229169 0.368588
0.231410 0.397144
0.234563 0.576816
0.243150 0.431904
0.246129 0.469889
0.247372 0.281824
0.247532 0.427513
0.247889 0.291871
0.250974 0.071147
0.251261 0.123622
0.254394 0.299125
0.258203 0.195763
0.258420 0.271299
0.263636 0.484079
0.264438 0.138168
0.273382 0.552914
0.274801 0.257109
0.276418 0.485350
0.276437 0.265817
0.280371 0.239250
0.281157 0.199714
0.284313 0.321083
0.288018 0.111920
0.289352 0.563047
0.292481 0.525310
0.297094 0.379514
0.299819 0.594782
0.300965 0.212950
0.305305 0.505241
0.307206 0.568045
0.308221 0.277934
0.310955 0.568346
0.311910 0.547448
0.312507 0.189734
0.313417 0.395925
0.313918 0.194509
0.320992 0.094674
0.322658 0.185957
0.324495 0.502474
0.327978 0.442473
0.330523 0.417346
0.335862 0.536323
0.337708 0.157783
0.342370 0.168486
0.344707 0.261634
0.345418 0.370209
0.350583 0.322376
0.350861 0.094090
0.351691 0.066537
0.354553 0.228696
0.359057 0.171222
0.359240 0.176961
0.359321 0.381912
0.361732 0.458496
0.362936 0.289038
0.363244 0.232578
0.363478 0.115018
0.369949 0.264362
0.372479 0.550493
0.376815 0.252874
0.381429 0.595716
0.383837 0.255579
0.388470 0.503213
0.393619 0.385009
0.395841 0.159988
0.396968 0.546670
0.403544 0.181245
0.403708 0.122594
0.404946 0.311430
0.408844 0.473802
0.412329 0.233388
0.413231 0.296446
0.413646 0.078114
0.414030 0.395127
0.414748 0.082157
0.417947 0.563233
0.418251 0.555646
0.420582 0.445648
0.421983 0.438925
0.422733 0.159931
0.424096 0.176119
0.428423 0.223345
0.430224 0.115147
0.432328 0.298012
0.432555 0.508482
0.434543 0.286280
0.436560 0.139792
0.437460 0.139351
0.441187 0.423170
0.447878 0.386489
0.452513 0.069230
0.452544 0.286533
0.454921 0.306915
0.459288 0.536081
0.462339 0.148689
0.463135 0.409998
0.464062 0.259131
0.464671 0.124248
0.465099 0.360448
0.465810 0.367953
0.466788 0.099947
0.467411 0.183917
0.467664 0.235392
0.471010 0.073976
0.471399 0.361615
0.473087 0.438767
0.474849 0.193922
0.475435 0.532078
0.475939 0.584643
0.479837 0.413231
0.486951 0.207989
0.487519 0.497946
0.488909 0.230081
0.489431 0.450134
0.490342 0.153706
0.492773 0.298013
0.494346 0.636516
0.494497 0.135447
0.495211 0.429811
0.497436 0.599717
0.497532 0.110549
0.498239 0.626001
0.499840 0.464797
0.500586 0.460600
0.504069 0.127168
0.505223 0.245990
0.507025 0.354402
0.511504 0.442170
0.512434 0.226199
0.512548 0.347978
0.512700 0.613276
0.514077 0.319591
0.517132 0.331305
0.520408 0.418679
0.523219 0.413224
0.526674 0.408121
0.528587 0.107585
0.532281 0.585675
0.533688 0.232568
0.540314 0.341215
0.540456 0.610190
0.541006 0.568730
0.544580 0.402112
0.553312 0.633424
0.554847 0.320171
0.556220 0.406014
0.561638 0.441242
0.562311 0.115827
0.566648 0.344387
0.567255 0.645452
0.572203 0.507109
0.572634 0.610998
0.573824 0.629218
0.575556 0.407001
0.582011 0.561141
0.583941 0.502811
0.583948 0.391047
0.585480 0.300515
0.590761 0.547366
0.591745 0.366139
0.592143 0.221535
0.592159 0.603081
0.594074 0.394724
0.594079 0.499892
0.596923 0.177619
0.601413 0.385002
0.603587 0.258052
0.604994 0.261167
0.605066 0.423675
0.607973 0.659473
0.609070 0.405951
0.611029 0.600045
0.611991 0.543956
0.616456 0.536241
0.616953 0.194417
0.618317 0.353808
0.621066 0.592238
0.625933 0.384496
0.627146 0.476344
0.629812 0.364726
0.633158 0.539597
0.640221 0.521666
0.642964 0.261671
0.644193 0.288575
0.644371 0.595920
0.644686 0.644121
0.656882 0.318319
0.665053 0.647697
0.666952 0.543425
0.667211 0.487128
0.671604 0.541306
0.672282 0.246795
0.676808 0.412368
0.676839 0.407539
0.677506 0.651924
0.679221 0.595475
0.679882 0.194965
0.681274 0.234365
0.685937 0.330785
0.692537 0.670626
0.693349 0.444294
0.695307 0.667730
0.699783 0.190734
0.702502 0.288863
0.710052 0.585181
0.712497 0.336131
0.712620 0.577514
0.713712 0.654523
0.714517 0.675970
0.717628 0.706987
0.718043 0.212221
0.719510 0.388132
0.721503 0.636551
0.721577 0.354618
0.721648 0.673368
0.725741 0.692229
0.726931 0.735269
0.727672 0.692678
0.730090 0.445070
0.736556 0.588024
0.738080 0.722125
0.747332 0.535161
0.750557 0.570833
0.753278 0.286608
0.754276 0.672894
0.760036 0.567676
0.769012 0.748034
0.769244 0.718478
0.769959 0.764514
0.771684 0.456824
0.772187 0.703587
0.779478 0.782041
0.780080 0.586759
0.780878 0.774043
0.793877 0.518200
0.794197 0.286667
0.797428 0.689561
0.798574 0.331730
0.800285 0.439682
0.800428 0.639304
0.808467 0.491597
0.809468 0.511850
0.810021 0.317534
0.811735 0.679444
0.813268 0.400873
0.813963 0.356585
0.817060 0.781999
0.818892 0.498708
0.819360 0.704336
0.821832 0.469799
0.822455 0.823433
0.825467 0.336676
0.828722 0.589149
0.830366 0.660257
0.830990 0.641425
0.831381 0.699453
0.850107 0.480197
0.851758 0.706905
0.853570 0.369156
0.854814 0.802272
0.856807 0.726366
0.857049 0.780674
0.862650 0.722986
0.863544 0.840297
0.865781 0.704015
0.867049 0.790437
0.867230 0.620464
0.869014 0.542078
0.869705 0.867741
0.870169 0.875236
0.871109 0.663745
0.872177 0.562548
0.876410 0.519977
0.876465 0.465086
0.879254 0.716217
0.884025 0.466783
0.885944 0.552139
0.894013 0.644953
0.894978 0.718294
0.903975 0.691750
0.904249 0.719722
0.906363 0.458900
0.906548 0.722251
0.908002 0.762331
0.919632 0.619515
0.925456 0.830384
0.929975 0.535483
0.935927 0.573857
0.939378 0.554494
0.942141 0.927312
0.944231 0.551757
0.945942 0.814941
0.947872 0.809546
0.953438 0.592974
0.960656 0.889303
0.961105 0.652815
0.961751 0.680057
0.962616 0.613962
0.967662 0.735957
0.971803 0.639740
0.971885 0.767902
0.974008 0.593302
0.974696 0.941049
0.983880 0.643617
0.985985 0.723823
0.988791 0.777005
0.989280 1.000000
0.990704 0.632163
0.991035 0.655790
0.991597 0.874141
0.993092 0.680441
0.993567 0.749272
0.996021 0.845823
0.998974 0.747269
1.000000 0.746320
