0.000000 0.000000
0.030254 0.174631
0.048255 0.014664
0.060535 0.098800
0.106535 0.160435
0.112114 0.081543
0.120751 0.176549
0.124333 0.168667
0.124815 0.121014
0.126973 0.136047
0.138593 0.163681
0.143070 0.180710
0.143477 0.090220
0.151792 0.154722
0.156499 0.063547
0.166855 0.140064
0.168031 0.163048
0.174304 0.046305
0.177978 0.076919
0.179361 0.108557
0.188285 0.133149
0.190333 0.114563
0.199632 0.108254
0.200304 0.103313
0.203689 0.158094
0.204899 0.126780
0.205214 0.178215
0.206722 0.056671
0.207744 0.206584
0.209039 0.056098
0.211700 0.069290
0.213963 0.078908
0.214407 0.047085
0.215821 0.147151
0.216125 0.118357
0.217974 0.158731
0.218865 0.088125
0.218887 0.063174
0.221867 0.157375
0.222457 0.095842
0.225248 0.250425
0.226394 0.277777
0.227674 0.117990
0.228658 0.246041
0.229009 0.130674
0.229897 0.132294
0.230829 0.083484
0.235669 0.232722
0.238111 0.149690
0.238576 0.063968
0.238942 0.022188
0.241658 0.199835
0.245726 0.214787
0.245738 0.298901
0.247267 0.098994
0.250032 0.280727
0.252289 0.208397
0.252327 0.126461
0.252746 0.232361
0.255139 0.193248
0.256976 0.160361
0.257052 0.302301
0.257163 0.126976
0.258558 0.293907
0.258834 0.088870
0.259409 0.061828
0.260125 0.178141
0.260223 0.118134
0.261764 0.277713
0.263057 0.103995
0.264481 0.085082
0.264956 0.054595
0.265247 0.109394
0.265917 0.228826
0.265988 0.114423
0.266321 0.190597
0.266595 0.088379
0.266609 0.120498
0.269792 0.071373
0.271656 0.069265
0.272731 0.159790
0.273167 0.245225
0.275926 0.126890
0.277293 0.123692
0.277497 0.239944
0.277614 0.162908
0.279198 0.144868
0.279403 0.148634
0.280284 0.246891
0.281188 0.231865
0.282254 0.108559
0.283009 0.118742
0.283268 0.160964
0.283633 0.156566
0.284835 0.178210
0.286424 0.230141
0.286499 0.126328
0.287237 0.065847
0.287711 0.205764
0.287964 0.200924
0.289155 0.250762
0.291349 0.131427
0.293521 0.179071
0.295329 0.136307
0.296558 0.059711
0.296955 0.088091
0.297552 0.191078
0.297864 0.103643
0.298670 0.159024
0.300440 0.142935
0.300858 0.190198
0.300938 0.130107
0.303890 0.312092
0.304061 0.106333
0.306063 0.047974
0.307582 0.142358
0.309087 0.052824
0.309102 0.148231
0.309763 0.284955
0.309790 0.149607
0.310157 0.240195
0.310158 0.079208
0.311890 0.161699
0.313399 0.144699
0.314062 0.114779
0.315268 0.231590
0.315377 0.320412
0.315791 0.242209
0.317410 0.177547
0.317621 0.133457
0.317887 0.085199
0.318100 0.276813
0.318182 0.161343
0.318715 0.117680
0.318770 0.111900
0.318899 0.210693
0.318985 0.279886
0.319047 0.233209
0.319864 0.090045
0.320405 0.123502
0.320759 0.208095
0.321245 0.151767
0.321506 0.152798
0.321977 0.136228
0.322085 0.095954
0.323471 0.155486
0.323983 0.226718
0.325267 0.189154
0.328170 0.177535
0.328667 0.269963
0.329442 0.126793
0.329557 0.173106
0.330885 0.085778
0.331493 0.092086
0.332150 0.223304
0.332771 0.298426
0.332868 0.160536
0.332892 0.190426
0.333289 0.160469
0.333478 0.233699
0.334234 0.166618
0.334937 0.303204
0.336298 0.112496
0.336323 0.086121
0.337808 0.175308
0.339410 0.244091
0.340050 0.166700
0.340307 0.124065
0.340490 0.178118
0.340530 0.173915
0.341106 0.122299
0.342340 0.163513
0.342621 0.168781
0.342739 0.212849
0.343404 0.155309
0.344579 0.169674
0.344593 0.190925
0.346039 0.275040
0.346090 0.130275
0.346577 0.117447
0.347673 0.203473
0.347967 0.339504
0.349939 0.189567
0.351178 0.179023
0.351810 0.186452
0.352147 0.272218
0.353714 0.221661
0.353928 0.200472
0.354877 0.205645
0.354888 0.269523
0.354952 0.188086
0.355760 0.168364
0.356106 0.101754
0.356728 0.185710
0.357087 0.236238
0.357157 0.207941
0.357194 0.156799
0.357424 0.312929
0.360332 0.119851
0.360917 0.249265
0.361319 0.309287
0.362002 0.085137
0.362057 0.372389
0.362326 0.188279
0.362487 0.280771
0.362903 0.250899
0.362970 0.251389
0.364078 0.223783
0.364112 0.360705
0.364129 0.127981
0.364279 0.099609
0.364599 0.259351
0.364634 0.242544
0.365536 0.306010
0.366019 0.134668
0.366367 0.183466
0.366395 0.351220
0.366523 0.299502
0.366597 0.163264
0.366952 0.185414
0.367026 0.184411
0.368894 0.302317
0.369532 0.199133
0.369909 0.225525
0.370443 0.117197
0.370821 0.223344
0.370913 0.189332
0.370953 0.232454
0.371243 0.204303
0.371300 0.386717
0.371384 0.270033
0.373188 0.137722
0.374047 0.278739
0.375194 0.226354
0.375196 0.220838
0.375338 0.257176
0.376912 0.216363
0.377408 0.190460
0.377761 0.161956
0.378383 0.175989
0.378818 0.266066
0.379367 0.218116
0.379798 0.257826
0.379833 0.257306
0.380182 0.242188
0.380358 0.159989
0.380361 0.266879
0.380370 0.197196
0.380452 0.160736
0.380608 0.286754
0.381015 0.222886
0.381169 0.255117
0.381181 0.187112
0.381756 0.239250
0.381800 0.163377
0.381932 0.379160
0.382167 0.219992
0.382695 0.296323
0.382914 0.126515
0.383813 0.375710
0.384242 0.229433
0.384374 0.249670
0.384398 0.190363
0.384480 0.334192
0.384875 0.203151
0.384976 0.146796
0.387043 0.187260
0.387105 0.274627
0.387222 0.218814
0.387561 0.304621
0.388283 0.243797
0.388594 0.125120
0.388648 0.148944
0.390110 0.164086
0.390174 0.250020
0.390917 0.150247
0.391028 0.128124
0.391764 0.282989
0.391986 0.201484
0.392199 0.197316
0.392676 0.211316
0.392786 0.185659
0.392852 0.319664
0.393078 0.158467
0.393200 0.289785
0.393418 0.316749
0.393458 0.213161
0.394123 0.202062
0.395033 0.266127
0.395466 0.241475
0.396615 0.138486
0.396684 0.363638
0.396726 0.163551
0.397010 0.138584
0.397128 0.166949
0.397426 0.226934
0.399251 0.195555
0.399452 0.312604
0.399585 0.140938
0.399706 0.238807
0.400018 0.157186
0.400396 0.182185
0.400562 0.188879
0.400666 0.190196
0.401457 0.354828
0.401478 0.170433
0.401795 0.177991
0.402681 0.247152
0.403638 0.228005
0.403850 0.273507
0.404299 0.211795
0.404546 0.297825
0.405243 0.338500
0.405686 0.161037
0.405818 0.273414
0.406056 0.178007
0.406696 0.435001
0.406836 0.307767
0.407115 0.248841
0.407822 0.203905
0.408010 0.257431
0.408032 0.286374
0.408458 0.357425
0.408583 0.281710
0.408884 0.333496
0.409009 0.131905
0.409328 0.188702
0.409533 0.233462
0.409775 0.260053
0.410031 0.212327
0.410345 0.196607
0.412088 0.214368
0.412199 0.172241
0.412506 0.147945
0.413324 0.272388
0.413777 0.340534
0.413889 0.206235
0.413956 0.345878
0.414007 0.275096
0.414093 0.245272
0.414269 0.194514
0.416242 0.330624
0.416948 0.317664
0.416978 0.214306
0.417005 0.182298
0.417159 0.292824
0.417306 0.168874
0.417532 0.286183
0.417633 0.327219
0.417824 0.279160
0.418096 0.190518
0.418149 0.155313
0.418228 0.269801
0.418419 0.275769
0.419015 0.237499
0.419700 0.203263
0.420005 0.337789
0.420074 0.219543
0.420444 0.302974
0.420521 0.283120
0.420610 0.240108
0.421871 0.339421
0.422463 0.232639
0.423165 0.250909
0.423418 0.215130
0.423575 0.163950
0.423721 0.298714
0.424112 0.315740
0.424121 0.312843
0.424321 0.324686
0.424739 0.316336
0.425699 0.173578
0.426048 0.289923
0.427190 0.209993
0.427495 0.280639
0.427630 0.314143
0.428070 0.256488
0.428339 0.203401
0.428638 0.286308
0.429241 0.320641
0.431585 0.267861
0.431657 0.204608
0.431735 0.200917
0.431789 0.214583
0.432188 0.194295
0.433150 0.476882
0.433233 0.176197
0.433550 0.282696
0.433639 0.396732
0.433662 0.406879
0.433816 0.361923
0.434390 0.372585
0.434793 0.204056
0.435833 0.289948
0.436847 0.262579
0.436951 0.444065
0.437240 0.268618
0.437720 0.259191
0.437865 0.324607
0.438276 0.367877
0.439166 0.305872
0.439190 0.220193
0.439379 0.250279
0.439501 0.372514
0.439522 0.264581
0.439692 0.524652
0.439924 0.394344
0.440292 0.327339
0.441080 0.303880
0.441554 0.183281
0.441882 0.246721
0.442142 0.301264
0.442249 0.249457
0.442269 0.170751
0.442358 0.312670
0.442664 0.263522
0.443245 0.247104
0.443293 0.275251
0.443489 0.348412
0.443554 0.189301
0.444209 0.339993
0.444650 0.265721
0.446604 0.260510
0.446625 0.237223
0.447252 0.251440
0.447379 0.327481
0.448015 0.209861
0.448094 0.296806
0.448958 0.208069
0.448968 0.301780
0.449368 0.208503
0.449429 0.239558
0.449444 0.202806
0.450087 0.238520
0.450305 0.421002
0.451572 0.369338
0.451613 0.289209
0.451836 0.253226
0.452860 0.291761
0.453063 0.524823
0.453344 0.376287
0.453645 0.300976
0.453885 0.303296
0.454336 0.396943
0.454635 0.282825
0.454656 0.324277
0.456229 0.289127
0.456273 0.280055
0.456588 0.268933
0.457165 0.274061
0.457462 0.227908
0.457508 0.225441
0.457675 0.296550
0.458282 0.344504
0.459136 0.301615
0.459308 0.246486
0.459334 0.275004
0.459419 0.249206
0.459564 0.318877
0.460079 0.339997
0.460620 0.205274
0.460776 0.368990
0.461008 0.282285
0.461120 0.194532
0.461194 0.303791
0.461539 0.283834
0.461925 0.389667
0.462466 0.243550
0.462693 0.216898
0.462705 0.338817
0.463969 0.245154
0.464754 0.406705
0.464759 0.239625
0.465246 0.325191
0.465332 0.247523
0.466004 0.349138
0.466422 0.284901
0.466427 0.261098
0.466598 0.306656
0.467350 0.359845
0.468332 0.339802
0.469251 0.358528
0.469263 0.435244
0.469480 0.451850
0.469598 0.383680
0.469840 0.297963
0.469979 0.329519
0.471467 0.306281
0.472257 0.399222
0.472624 0.254154
0.472698 0.315625
0.473019 0.289934
0.473204 0.296265
0.473587 0.324805
0.474660 0.310095
0.475046 0.265772
0.475253 0.299434
0.475681 0.330888
0.476080 0.253016
0.476911 0.315434
0.477277 0.381945
0.477669 0.453420
0.477796 0.367867
0.478005 0.328807
0.478265 0.474320
0.478316 0.334024
0.478552 0.379805
0.478585 0.209716
0.478936 0.301666
0.478937 0.433268
0.478953 0.290885
0.479112 0.237148
0.479345 0.515828
0.480387 0.244665
0.480492 0.287438
0.481113 0.308437
0.481810 0.466300
0.483204 0.278325
0.483244 0.547392
0.483404 0.304795
0.483446 0.263206
0.483536 0.348488
0.483939 0.407834
0.484158 0.312392
0.484531 0.365720
0.484671 0.265655
0.485230 0.289661
0.485601 0.580336
0.486934 0.296648
0.487000 0.467504
0.487404 0.234769
0.488641 0.212418
0.488646 0.218713
0.488840 0.366678
0.488844 0.403554
0.489533 0.333763
0.489700 0.353517
0.490355 0.436765
0.490486 0.274083
0.490593 0.379894
0.490614 0.354503
0.491398 0.403067
0.492025 0.309451
0.492576 0.421230
0.492971 0.350246
0.493203 0.381653
0.493208 0.483647
0.493425 0.288910
0.493733 0.334744
0.493747 0.582098
0.494591 0.259404
0.494803 0.399340
0.494900 0.462807
0.495179 0.292520
0.495538 0.311313
0.495605 0.355560
0.495625 0.297741
0.495931 0.374280
0.496565 0.431893
0.496972 0.282501
0.497197 0.367068
0.497724 0.388615
0.498170 0.401369
0.498456 0.451026
0.498665 0.243658
0.498705 0.554321
0.499463 0.343029
0.499939 0.322353
0.500181 0.303619
0.500301 0.394019
0.500349 0.389877
0.500433 0.252552
0.500513 0.361655
0.500570 0.397541
0.500650 0.310188
0.501277 0.397905
0.501396 0.273461
0.502477 0.332762
0.502638 0.313903
0.502778 0.252396
0.503118 0.354832
0.503335 0.413487
0.504017 0.383146
0.504304 0.409415
0.504465 0.482300
0.504524 0.525486
0.505577 0.319325
0.505617 0.276690
0.505712 0.353522
0.506116 0.453325
0.506768 0.334479
0.506792 0.352632
0.506946 0.554134
0.507287 0.347612
0.507829 0.309999
0.507829 0.379691
0.508918 0.325298
0.509877 0.341136
0.510277 0.349097
0.511212 0.341803
0.511547 0.450894
0.511610 0.431860
0.511794 0.316626
0.512618 0.384344
0.512690 0.337503
0.512945 0.502068
0.513040 0.336649
0.513210 0.502907
0.513852 0.295641
0.514077 0.418731
0.514338 0.426803
0.514345 0.303501
0.514347 0.294193
0.514469 0.462242
0.514574 0.316240
0.514907 0.285043
0.515230 0.300849
0.515729 0.346862
0.516748 0.373881
0.516819 0.425789
0.516867 0.377368
0.517049 0.296844
0.518188 0.328635
0.518986 0.404685
0.519008 0.467430
0.519085 0.427666
0.519087 0.589719
0.519944 0.323071
0.520318 0.483814
0.521983 0.308852
0.522505 0.368496
0.522818 0.434379
0.522953 0.365917
0.523172 0.560528
0.523354 0.289115
0.524261 0.438937
0.524324 0.324255
0.524953 0.512754
0.524958 0.445001
0.525657 0.327588
0.525964 0.435240
0.526159 0.298639
0.527299 0.284590
0.527396 0.363142
0.527652 0.362264
0.527751 0.470124
0.528410 0.280600
0.528715 0.342996
0.528986 0.368942
0.530757 0.329588
0.531559 0.345396
0.532329 0.342341
0.533672 0.438266
0.534080 0.334498
0.534089 0.417461
0.535581 0.351171
0.536424 0.546328
0.537310 0.382123
0.537838 0.480542
0.538700 0.353777
0.538833 0.421387
0.539245 0.333724
0.539760 0.463426
0.539894 0.296478
0.541042 0.328477
0.542121 0.405935
0.542951 0.406818
0.542977 0.754715
0.543055 0.586028
0.543994 0.359859
0.545049 0.439568
0.546038 0.400565
0.546135 0.484756
0.546185 0.390890
0.546850 0.305892
0.546895 0.324770
0.546941 0.546935
0.546986 0.387022
0.547409 0.518877
0.547805 0.464810
0.548801 0.314946
0.549210 0.378600
0.551250 0.461468
0.551465 0.531091
0.551885 0.482264
0.552064 0.571588
0.552098 0.361144
0.552266 0.362149
0.552534 0.423033
0.552536 0.499624
0.552674 0.455485
0.553520 0.588071
0.553531 0.516767
0.553753 0.528086
0.553926 0.369100
0.554352 0.568440
0.554354 0.347132
0.554440 0.445810
0.554637 0.457428
0.555198 0.359984
0.555915 0.426227
0.556106 0.357646
0.556431 0.408469
0.556619 0.612646
0.557241 0.346923
0.558035 0.431318
0.558436 0.567894
0.558442 0.415666
0.558576 0.372069
0.559015 0.516224
0.559368 0.434632
0.559530 0.644580
0.559892 0.400811
0.561498 0.516657
0.561693 0.358158
0.561773 0.382425
0.561807 0.507886
0.562744 0.492011
0.563290 0.415638
0.563351 0.403211
0.563909 0.390382
0.564023 0.445796
0.564504 0.401800
0.564541 0.438166
0.564906 0.464469
0.565130 0.559488
0.565477 0.458170
0.565524 0.583128
0.565534 0.443311
0.568053 0.379237
0.568294 0.557108
0.568364 0.562940
0.568656 0.630535
0.568752 0.425797
0.569164 0.426447
0.569294 0.430955
0.569298 0.474462
0.569999 0.426811
0.570401 0.450918
0.571251 0.389709
0.571371 0.375849
0.571439 0.360216
0.571709 0.402980
0.571726 0.635142
0.571834 0.510117
0.573059 0.582763
0.573490 0.450241
0.573519 0.602933
0.573794 0.438900
0.574502 0.430339
0.574879 0.481192
0.574993 0.488558
0.575222 0.449572
0.575315 0.557807
0.575599 0.505460
0.575820 0.462357
0.576620 0.443335
0.578828 0.459017
0.579038 0.455441
0.579325 0.477229
0.579793 0.456272
0.580986 0.430364
0.582238 0.600500
0.582469 0.475536
0.582740 0.341402
0.582777 0.448224
0.582966 0.444409
0.582986 0.417287
0.583701 0.427573
0.583741 0.571361
0.586830 0.487695
0.586896 0.473893
0.587411 0.584706
0.587615 0.611431
0.587981 0.375778
0.588254 0.453850
0.588343 0.413915
0.588970 0.498423
0.589311 0.552121
0.589367 0.499835
0.589544 0.436633
0.590242 0.399950
0.590325 0.571453
0.590396 0.436454
0.590635 0.409293
0.590671 0.430742
0.590775 0.444172
0.590876 0.512964
0.591462 0.405734
0.591835 0.350836
0.592681 0.648930
0.592741 0.424974
0.593779 0.442875
0.595580 0.584369
0.596627 0.573642
0.596902 0.461210
0.597462 0.480509
0.597867 0.706681
0.598569 0.417466
0.599008 0.698649
0.599148 0.451637
0.602268 0.515505
0.602430 0.459655
0.603320 0.406680
0.603416 0.547202
0.604251 0.705689
0.604267 0.507161
0.605140 0.514455
0.606297 0.548874
0.606611 0.570615
0.606867 0.443669
0.607149 0.536455
0.608126 0.479040
0.609301 0.587446
0.610075 0.726222
0.611196 0.551645
0.611232 0.623280
0.611300 0.461919
0.612111 0.541797
0.612421 0.604395
0.612604 0.518240
0.612849 0.550884
0.614127 0.525787
0.614154 0.453530
0.614476 0.474703
0.615397 0.451725
0.615689 0.495587
0.616324 0.531002
0.616971 0.551199
0.617688 0.622087
0.618704 0.629677
0.619565 0.480868
0.620102 0.518854
0.620168 0.569873
0.620431 0.609470
0.620918 0.542879
0.621103 0.615511
0.621179 0.496269
0.623330 0.745647
0.623693 0.580895
0.624231 0.551204
0.626059 0.500822
0.626635 0.441685
0.626749 0.555601
0.628596 0.487139
0.628688 0.480703
0.629155 0.500530
0.629848 0.500510
0.630227 0.578789
0.630271 0.746918
0.631998 0.524563
0.633040 0.480410
0.633281 0.581623
0.633540 0.484594
0.633586 0.489474
0.633776 0.458392
0.633916 0.571451
0.634327 0.612649
0.635913 0.526964
0.636088 0.534418
0.636657 0.534194
0.638523 0.677825
0.639367 0.541677
0.639624 0.485505
0.640066 0.637765
0.640164 0.624641
0.640240 0.628962
0.640433 0.685578
0.641270 0.599842
0.641621 0.569964
0.642464 0.602772
0.642610 0.623919
0.643209 0.585677
0.643990 0.850527
0.644044 0.510211
0.644802 0.742902
0.644831 0.768131
0.644998 0.476992
0.645133 0.530335
0.646262 0.691996
0.646332 0.603751
0.646365 0.487204
0.647191 0.633840
0.647663 0.559502
0.648194 0.737182
0.648526 0.532711
0.649943 0.537573
0.650247 0.582234
0.650254 0.739592
0.650256 0.521319
0.651068 0.544501
0.653195 0.492161
0.653386 0.515096
0.653873 0.774861
0.654401 0.641001
0.654735 0.574714
0.654794 0.529960
0.655063 0.503556
0.656394 0.822982
0.657976 0.637307
0.658792 0.773812
0.660219 0.709499
0.661141 0.772881
0.661437 0.563076
0.661523 0.589921
0.661574 0.556010
0.661855 0.592109
0.661947 0.737961
0.661967 0.621060
0.663440 0.531368
0.663598 0.751379
0.663645 0.625123
0.664440 0.671651
0.664984 0.780755
0.665643 0.541411
0.666028 0.623239
0.667006 0.544334
0.668339 0.556570
0.668732 0.542570
0.669222 0.596927
0.669477 0.586711
0.671991 0.588909
0.673058 0.623093
0.673230 0.628158
0.673332 0.580883
0.673531 0.492418
0.673534 0.537737
0.674263 0.672185
0.674279 0.587446
0.674459 0.569101
0.674522 0.581013
0.675120 0.660381
0.675397 0.716773
0.675571 0.776953
0.675680 0.599565
0.677667 0.579180
0.677716 0.542393
0.677952 0.592549
0.678705 0.756738
0.679550 0.558923
0.681075 0.624052
0.681165 0.514240
0.681602 0.525608
0.683037 0.618741
0.683182 0.594210
0.683537 0.590599
0.684057 0.630035
0.684082 0.638470
0.686504 0.608702
0.686753 0.838269
0.689182 0.596417
0.690527 0.512320
0.690773 0.628430
0.694721 0.544527
0.695388 0.660886
0.696578 0.685394
0.696992 0.549527
0.697836 0.605028
0.698065 0.524378
0.698224 0.576037
0.699117 0.800281
0.699377 0.572361
0.701321 0.654265
0.702380 0.588957
0.703252 0.677401
0.703368 0.707463
0.703557 0.724792
0.703681 0.502254
0.704473 0.644669
0.712058 0.648959
0.712612 0.733678
0.713431 0.620419
0.713992 0.565019
0.714635 0.615427
0.714916 0.576912
0.715150 0.585261
0.715187 0.677152
0.715745 0.683891
0.715754 0.584768
0.716413 0.616863
0.717949 0.589217
0.718031 0.567440
0.718123 0.660988
0.722121 0.816250
0.723959 0.593170
0.724962 0.686562
0.725309 0.719481
0.725595 0.752213
0.728358 0.610050
0.728397 0.857891
0.731311 0.664123
0.734272 0.705029
0.734766 0.629448
0.734919 0.598363
0.734952 0.688940
0.736062 0.684965
0.736866 0.661028
0.738481 0.676235
0.739371 0.655436
0.741896 0.602337
0.742360 0.629789
0.745070 0.640610
0.745651 0.706939
0.746663 0.712595
0.746995 0.668672
0.747008 0.592734
0.747665 0.706999
0.747962 0.613615
0.748225 0.751751
0.748428 0.734078
0.749558 0.670187
0.750673 0.748722
0.751998 0.907126
0.752899 0.662761
0.756684 0.886950
0.757511 0.763132
0.757785 0.867128
0.758481 0.719082
0.764591 0.696793
0.765798 0.689274
0.766914 1.000000
0.770766 0.585291
0.771626 0.606391
0.775382 0.730295
0.782770 0.672113
0.782863 0.843515
0.784383 0.707015
0.787074 0.813859
0.788648 0.666621
0.789033 0.913386
0.790668 0.728104
0.791087 0.649890
0.794495 0.718138
0.796337 0.795771
0.796510 0.655969
0.797831 0.660971
0.798126 0.652415
0.799162 0.608601
0.800947 0.757568
0.812256 0.868826
0.820235 0.748574
0.824346 0.677924
0.837522 0.668953
0.839510 0.733659
0.851774 0.708999
0.852033 0.830706
0.853492 0.693485
0.858035 0.662109
0.863467 0.600986
0.865682 0.634301
0.865815 0.784383
0.882988 0.519093
0.891202 0.555867
0.897217 0.522604
0.924006 0.649542
0.937128 0.604173
0.955341 0.468087
0.973978 0.334190
0.981493 0.253783
0.991801 0.211349
1.000000 0.151965
