0.000000 0.257519
0.150888 0.188966
0.159824 0.268007
0.161306 0.280079
0.181024 0.436730
0.196211 0.062772
0.214238 0.187507
0.221398 0.054065
0.240755 0.336233
0.247439 0.196249
0.260341 0.247195
0.261552 0.131175
0.263131 0.182558
0.277605 0.350705
0.282638 0.059140
0.287445 0.440810
0.316686 0.253878
0.318494 0.000000
0.320918 0.199476
0.355617 0.189533
0.364820 0.066752
0.368990 0.440299
0.378800 0.192747
0.383719 0.228266
0.405278 0.278643
0.412165 0.437694
0.416104 0.602608
0.419070 0.366377
0.425580 0.411245
0.435789 0.558125
0.436040 0.237506
0.449878 0.319851
0.455530 0.304416
0.459709 0.080307
0.466716 0.465689
0.467868 0.091740
0.469074 0.370913
0.469710 0.406919
0.470033 0.184928
0.471461 0.501101
0.474926 0.078669
0.475450 0.377850
0.475629 0.588955
0.475688 0.076375
0.477849 0.298626
0.483463 0.411904
0.484073 0.425752
0.486574 0.166128
0.492355 0.505455
0.493111 0.419326
0.496739 0.416689
0.503952 0.042368
0.507946 0.697273
0.508224 0.648319
0.508368 0.101316
0.513155 0.358809
0.522267 0.356620
0.526146 0.146873
0.540491 0.353480
0.540593 0.422924
0.542726 0.269990
0.551218 0.385339
0.552774 0.117170
0.561818 0.642600
0.567143 0.143709
0.567453 0.299152
0.577865 0.568457
0.587891 0.328369
0.598185 0.288098
0.609502 0.220797
0.616163 0.500733
0.618290 0.412904
0.623395 0.111123
0.629491 0.211189
0.630589 0.478433
0.635243 0.371992
0.635571 0.539247
0.646973 0.479898
0.659150 0.472132
0.660980 0.812134
0.664553 0.593780
0.670613 0.754513
0.672666 0.533205
0.672915 0.562329
0.705751 0.236169
0.715418 0.582773
0.717300 0.526665
0.724050 0.259533
0.725662 0.299334
0.734845 0.657597
0.756954 0.906675
0.758931 0.409156
0.781466 0.974594
0.796490 0.532063
0.800218 0.215640
0.815738 0.549154
0.826720 0.430982
0.857571 0.556393
0.859211 1.000000
0.879816 0.339825
0.924497 0.628476
1.000000 0.995052
