0.000000 0.000000
0.077737 0.218608
0.079233 0.159853
0.141483 0.168141
0.148703 0.266019
0.154647 0.074633
0.155632 0.047761
0.163740 0.292092
0.170981 0.402290
0.193504 0.260616
0.199530 0.209414
0.204432 0.228568
0.205776 0.222992
0.210223 0.200378
0.216273 0.464556
0.226453 0.307481
0.236245 0.420515
0.246268 0.512670
0.251781 0.284036
0.255760 0.280134
0.256504 0.411106
0.256999 0.277262
0.259378 0.284519
0.264713 0.266481
0.265050 0.366262
0.265124 0.393916
0.269990 0.461376
0.273643 0.473845
0.273908 0.468768
0.281089 0.163716
0.285537 0.148321
0.287565 0.416310
0.289341 0.185073
0.290775 0.402603
0.300441 0.600504
0.302404 0.660285
0.302912 0.362892
0.308944 0.219250
0.311617 0.434004
0.313525 0.389217
0.321001 0.488717
0.322734 0.745009
0.324205 0.380485
0.327002 0.255369
0.327101 0.789477
0.327916 0.650305
0.330828 0.516080
0.332690 0.460628
0.334768 0.623127
0.339388 0.640277
0.340590 0.442242
0.340603 0.875271
0.340995 0.497818
0.344670 0.200881
0.347702 0.318020
0.348877 0.728024
0.349345 0.632691
0.350127 0.551905
0.352448 0.509835
0.353621 0.654208
0.355987 0.385669
0.360732 0.508072
0.361314 0.213521
0.361347 0.359558
0.365478 0.517914
0.367945 0.584246
0.369952 0.296709
0.370972 0.553220
0.371244 0.485101
0.374744 0.684089
0.374943 0.280657
0.377336 0.640133
0.379875 0.749608
0.381395 0.254196
0.382787 0.543396
0.383188 0.397820
0.384382 0.833566
0.387776 0.321989
0.390480 0.488866
0.391466 0.283566
0.391924 0.426222
0.392323 0.558124
0.394260 0.240772
0.395109 0.456470
0.397076 0.726516
0.403201 0.495791
0.404823 0.380497
0.406176 0.366151
0.407601 0.256113
0.408685 0.750399
0.408980 0.704766
0.409763 0.666622
0.410699 0.352504
0.411221 0.281950
0.421517 0.710916
0.421894 0.305088
0.422312 0.636452
0.422870 0.500343
0.423099 0.436184
0.426049 0.408077
0.426429 0.689934
0.426806 0.520970
0.428823 0.616633
0.431292 0.444139
0.434922 0.578520
0.435297 0.611932
0.436555 0.199422
0.437927 0.227814
0.438488 0.605265
0.439281 0.569143
0.439977 0.373119
0.440046 0.571616
0.440206 0.590116
0.440905 0.638321
0.441691 0.681194
0.442979 0.562281
0.443527 0.707793
0.443595 0.355734
0.446036 0.420418
0.449196 0.715179
0.451635 0.329444
0.451696 0.450854
0.458621 0.536158
0.459025 0.228485
0.462229 0.984189
0.462821 0.322004
0.463628 0.705097
0.464589 0.333338
0.465488 0.683535
0.466676 0.312629
0.469358 0.218089
0.476914 0.416658
0.482359 0.450461
0.482553 0.940159
0.484245 0.421424
0.486278 0.357267
0.486863 0.724398
0.487086 0.246026
0.488484 0.396290
0.490848 0.399337
0.491024 0.488557
0.496746 0.474181
0.497243 0.201230
0.501315 0.445222
0.504769 0.893882
0.506000 0.438772
0.508141 0.408834
0.508392 0.540219
0.509827 0.393924
0.510254 0.346209
0.513104 0.592021
0.513560 1.000000
0.515487 0.940705
0.518988 0.235676
0.520172 0.439469
0.521483 0.967263
0.522632 0.489828
0.527629 0.494918
0.529841 0.484256
0.529871 0.830113
0.531856 0.598296
0.532435 0.637861
0.532759 0.478381
0.536181 0.556989
0.536480 0.398630
0.539014 0.415879
0.539183 0.402561
0.541144 0.508368
0.541503 0.447636
0.542169 0.590215
0.543555 0.442284
0.546298 0.311482
0.546508 0.159246
0.547390 0.726544
0.547616 0.334978
0.547663 0.699987
0.547728 0.530072
0.547997 0.451016
0.550041 0.648718
0.553651 0.664284
0.554595 0.281512
0.555751 0.199258
0.557341 0.353343
0.558476 0.343007
0.559114 0.560377
0.561322 0.585052
0.563139 0.297803
0.563565 0.627310
0.564444 0.414570
0.564524 0.694579
0.565238 0.447129
0.565803 0.416653
0.566382 0.339744
0.569098 0.315377
0.571828 0.348929
0.573274 0.725274
0.574637 0.772049
0.574741 0.273512
0.576495 0.317996
0.576580 0.278092
0.584210 0.276789
0.586089 0.329798
0.587451 0.170438
0.596559 0.896769
0.601939 0.321270
0.602149 0.613765
0.602150 0.499590
0.602404 0.458867
0.602968 0.755693
0.604191 0.263747
0.604802 0.144443
0.608096 0.443748
0.608177 0.636670
0.616866 0.585141
0.618156 0.661776
0.625411 0.325092
0.627263 0.456335
0.627687 0.310994
0.627811 0.438649
0.632082 0.883780
0.634893 0.560027
0.636376 0.380506
0.638950 0.271016
0.648410 0.314705
0.652305 0.558204
0.654509 0.321943
0.654994 0.290244
0.656961 0.437086
0.661316 0.294932
0.667242 0.157755
0.667428 0.251325
0.669423 0.444965
0.669491 0.607974
0.674764 0.281734
0.675233 0.367798
0.676034 0.246294
0.681440 0.316940
0.683521 0.241523
0.685590 0.400412
0.687523 0.146356
0.690653 0.367929
0.692229 0.429357
0.694441 0.436370
0.696564 0.179913
0.701934 0.482804
0.705351 0.835469
0.708132 0.481738
0.708366 0.317234
0.710839 0.317275
0.712402 0.404096
0.712447 0.581926
0.714923 0.761871
0.732342 0.761927
0.735462 0.378039
0.736927 0.528858
0.737143 0.414581
0.739003 0.238417
0.742587 0.453144
0.742748 0.515982
0.748733 0.194943
0.757863 0.487091
0.791606 0.300402
0.793097 0.618860
0.836475 0.326899
0.839762 0.290484
0.843672 0.519004
0.862165 0.605552
0.863732 0.271907
0.977451 0.644677
1.000000 0.516715
