0.000000 0.421176
0.038278 0.326074
0.076553 0.552344
0.110143 0.505661
0.112063 0.382297
0.114755 0.409643
0.116086 0.360193
0.139591 0.515195
0.140678 0.278461
0.145208 0.196989
0.146102 0.442807
0.149021 0.000000
0.150043 0.420221
0.152651 0.461360
0.153153 0.317313
0.155334 0.281794
0.155740 0.501088
0.163640 0.283063
0.167909 0.300271
0.170279 0.388473
0.171451 0.226825
0.172807 0.176887
0.175617 0.068756
0.176648 0.130215
0.177044 0.325725
0.179171 0.288239
0.182812 0.492039
0.184548 0.466292
0.184839 0.366023
0.194458 0.715014
0.197002 0.304113
0.202620 0.193487
0.204238 0.325146
0.204883 0.199081
0.208151 0.495261
0.208222 0.329401
0.211196 0.304609
0.212393 0.125528
0.213612 0.252650
0.215125 0.277559
0.219415 0.185165
0.219950 0.345915
0.219972 0.416363
0.220942 0.339311
0.222823 0.064548
0.228301 0.285412
0.228680 0.240839
0.228729 0.549172
0.234652 0.540464
0.236297 0.415455
0.236693 0.334875
0.242766 0.492377
0.243445 0.292802
0.244110 0.340476
0.246076 0.600512
0.246468 0.402686
0.249598 0.249144
0.252047 0.321772
0.258314 0.271092
0.262557 0.338555
0.262774 0.331474
0.265210 0.085335
0.265875 0.253679
0.268411 0.221041
0.268562 0.322523
0.269312 0.372876
0.271880 0.326616
0.271990 0.105773
0.272494 0.631981
0.273470 0.284181
0.273484 0.311591
0.273776 0.219859
0.275044 0.581707
0.275090 0.329019
0.275958 0.636073
0.281976 0.239809
0.283472 0.585877
0.285892 0.581814
0.286706 0.315102
0.286925 0.680526
0.292644 0.301965
0.294141 0.421932
0.294271 0.319276
0.295623 0.326345
0.297005 0.311652
0.297199 0.406528
0.299174 0.512271
0.299840 0.348080
0.299943 0.212220
0.302257 0.618071
0.304387 0.435247
0.306932 0.664110
0.308563 0.263219
0.308688 0.590455
0.309783 0.219538
0.312303 0.345470
0.316374 0.381730
0.316496 0.271754
0.318196 0.348401
0.319216 0.499968
0.319912 0.455468
0.320478 0.379083
0.325012 0.409739
0.325271 0.178002
0.325318 0.298527
0.327778 0.461605
0.329552 0.550303
0.330916 0.338352
0.332639 0.449232
0.334644 0.344752
0.336487 0.356047
0.336845 0.554299
0.337101 0.245150
0.339641 0.395674
0.342653 0.707901
0.345860 0.299042
0.349250 0.133531
0.350457 0.379195
0.351593 0.390885
0.352826 0.185006
0.353633 0.540931
0.354720 0.344010
0.356168 0.491720
0.357938 0.545712
0.358296 0.213414
0.358658 0.360043
0.359018 0.504371
0.359250 0.243935
0.359984 0.456285
0.361476 0.312703
0.362318 0.253496
0.363682 0.464313
0.364305 0.603208
0.364439 0.323328
0.364518 0.390847
0.364682 0.339363
0.365419 0.359363
0.368024 0.342356
0.368045 0.460408
0.368183 0.384249
0.368437 0.084521
0.369924 0.268377
0.370540 0.426421
0.370681 0.333114
0.372031 0.384252
0.372702 0.388090
0.373634 0.487643
0.373836 0.357332
0.374235 0.512892
0.374849 0.525676
0.375582 0.363386
0.376495 0.320156
0.378415 0.269358
0.379902 0.590789
0.384049 0.401781
0.384930 0.512882
0.385960 0.360868
0.387302 0.425960
0.387833 0.352406
0.387968 0.800353
0.388645 0.474915
0.389385 0.551704
0.389922 0.562475
0.390397 0.333152
0.390469 0.391510
0.392820 0.400761
0.393539 0.583482
0.395650 0.152827
0.395899 0.549610
0.399960 0.279744
0.401678 0.438476
0.401971 0.413589
0.405873 0.444861
0.405892 0.606232
0.406093 0.274165
0.406711 0.380383
0.406913 0.649451
0.408525 0.458308
0.408877 0.505910
0.410285 0.248801
0.416239 0.376125
0.416256 0.472783
0.416304 0.331954
0.416879 0.523828
0.417659 0.550177
0.419866 0.450205
0.420386 0.598079
0.420479 0.449127
0.421126 0.557088
0.422919 0.298455
0.424299 0.215942
0.425537 0.490311
0.426518 0.358303
0.427029 0.473428
0.427335 0.408905
0.428099 0.431702
0.428155 0.714879
0.429440 0.587526
0.430578 0.375175
0.431005 0.423426
0.431167 0.327735
0.431802 0.433477
0.431940 0.564217
0.432557 0.360469
0.434698 0.479422
0.435384 0.487519
0.435586 0.464674
0.436361 0.407374
0.437085 0.582528
0.438894 0.446928
0.439202 0.429495
0.439418 0.496236
0.440237 0.292353
0.440238 0.442349
0.440319 0.472833
0.441321 0.312225
0.442981 0.482786
0.442995 0.244175
0.443362 0.320047
0.443980 0.349057
0.444032 0.570272
0.445570 0.370430
0.446290 0.494688
0.448062 0.398129
0.448937 0.274351
0.449467 0.306302
0.451260 0.582423
0.451430 0.513664
0.456425 0.294588
0.457589 0.296075
0.460202 0.460013
0.460607 0.448740
0.460878 0.297743
0.461963 0.479767
0.464208 0.574117
0.464276 0.219949
0.464993 0.349416
0.465165 0.399096
0.465542 0.279000
0.466334 0.469761
0.466666 0.678683
0.468883 0.417791
0.468958 0.486614
0.469966 0.268014
0.471153 0.419208
0.471506 0.334260
0.472291 0.369442
0.472914 0.441148
0.473968 0.465668
0.477263 0.369421
0.478933 0.468169
0.479336 0.466266
0.479347 0.318989
0.479584 0.540689
0.479977 0.310083
0.480351 0.485507
0.482226 0.393708
0.482863 0.381660
0.483851 0.462907
0.484436 0.549386
0.484558 0.424253
0.485194 0.226110
0.485510 0.340243
0.485857 0.427255
0.485928 0.345180
0.487019 0.608484
0.488184 0.462629
0.491021 0.660753
0.491364 0.444232
0.491741 0.610219
0.492041 0.310191
0.492442 0.751051
0.493043 0.287157
0.493594 0.425554
0.496368 0.432053
0.496767 0.298293
0.497308 0.560975
0.498834 0.546143
0.499760 0.379290
0.499864 0.433100
0.501043 0.523983
0.501886 0.354035
0.502826 0.360816
0.502912 0.417518
0.503602 0.379891
0.504371 0.525754
0.504465 0.171487
0.504545 0.439594
0.504866 0.346541
0.504891 0.665491
0.505246 0.519183
0.506075 0.427428
0.506779 0.468592
0.510757 0.389979
0.510970 0.654512
0.511535 0.219369
0.511877 0.343879
0.512334 0.627986
0.512790 0.430856
0.513625 0.309129
0.513995 0.407917
0.515132 0.545128
0.515137 0.544318
0.516061 0.454946
0.516122 0.463803
0.516370 0.252003
0.516766 0.468754
0.516806 0.401596
0.517010 0.486923
0.517053 0.439486
0.517197 0.317002
0.517224 0.741604
0.518939 0.255231
0.520095 0.562427
0.520276 0.520167
0.520401 0.414326
0.520571 0.471114
0.522639 0.546742
0.525278 0.783650
0.525559 0.663997
0.527021 0.392627
0.527467 0.363044
0.527734 0.488233
0.527779 0.443309
0.529170 0.404931
0.530415 0.132897
0.530520 0.374330
0.531651 0.502293
0.532202 0.600572
0.532838 0.646273
0.533795 0.566330
0.534183 0.800773
0.536997 0.491282
0.537736 0.367795
0.538976 0.164548
0.540128 0.285488
0.540613 0.508707
0.542591 0.420472
0.543565 0.370809
0.544638 0.475674
0.545035 0.643659
0.545154 0.380483
0.545190 0.358267
0.550968 0.333797
0.551346 0.299500
0.553238 0.475233
0.555709 0.307873
0.556699 0.470246
0.557820 0.334930
0.558823 0.372828
0.559175 0.572451
0.559545 0.411735
0.560020 0.457679
0.560219 0.526994
0.560685 0.431899
0.560956 0.475641
0.561317 0.430768
0.562470 0.383685
0.563582 0.681205
0.564086 0.584658
0.564559 0.474963
0.564565 0.639202
0.565224 0.546478
0.565787 0.399358
0.567631 0.495305
0.567814 0.392545
0.567974 0.468039
0.568228 0.511271
0.568549 0.466361
0.569785 0.667045
0.570708 0.595335
0.571075 0.485222
0.571710 0.426070
0.571919 0.562470
0.573262 0.361870
0.574330 0.398495
0.576693 0.585257
0.577054 0.738206
0.578705 0.557644
0.580950 0.426119
0.584189 0.631623
0.584661 0.583917
0.585276 0.559273
0.586956 0.410900
0.587200 0.727507
0.587868 0.630856
0.588740 0.576561
0.589708 0.501026
0.590097 0.452031
0.590387 0.538372
0.591775 0.475653
0.592360 0.578421
0.592572 0.605723
0.592727 0.312282
0.593004 0.633278
0.593131 0.678929
0.593972 0.467537
0.594357 0.471984
0.594401 0.538766
0.595270 0.596828
0.596494 0.616890
0.596593 0.536674
0.596596 0.499000
0.598052 0.706791
0.598225 0.525231
0.598802 0.503468
0.599026 0.505441
0.599121 0.435986
0.600137 0.590508
0.601299 0.524999
0.601853 0.483603
0.603098 0.511779
0.603236 0.496924
0.603439 0.522312
0.603652 0.554364
0.606487 0.459616
0.607340 0.452419
0.607681 0.450015
0.607919 0.490344
0.608615 0.522687
0.611785 0.741905
0.612167 0.521810
0.614119 0.194801
0.614155 0.311784
0.616872 0.558528
0.618942 0.541787
0.619117 0.551806
0.620139 0.553471
0.620387 0.447814
0.621875 0.575835
0.622832 0.577321
0.623578 0.539915
0.624179 0.594209
0.624273 0.431461
0.627004 0.450120
0.628035 0.528960
0.629698 0.658688
0.629894 0.370402
0.630602 0.697400
0.634120 0.740051
0.634398 0.514952
0.634632 0.571059
0.634838 0.306507
0.635975 0.611552
0.637033 0.351432
0.638224 0.532965
0.639297 0.637186
0.639437 0.507245
0.641985 0.454930
0.642356 0.460700
0.642541 0.557146
0.643126 0.762848
0.643254 0.770807
0.643753 0.605327
0.643775 0.329451
0.644016 0.407811
0.647148 0.530592
0.649238 0.554093
0.650787 0.605930
0.652999 0.799273
0.653135 0.664169
0.655267 0.636205
0.657280 0.599980
0.657884 0.522543
0.659140 0.662685
0.662680 0.507384
0.662855 0.713723
0.665705 0.461252
0.665772 0.472749
0.668677 0.776235
0.673041 0.592108
0.673259 0.518750
0.674054 0.327218
0.674084 0.609835
0.674930 0.572154
0.678823 0.362087
0.683151 0.514551
0.684587 0.557949
0.684806 0.753154
0.686121 0.671305
0.686660 0.526048
0.688943 0.814907
0.689179 0.542167
0.692336 0.555625
0.692566 0.632984
0.693299 0.559332
0.694523 0.595058
0.696427 0.536053
0.698036 0.570046
0.698868 0.530215
0.701653 0.500446
0.702484 0.572839
0.704067 0.663523
0.704618 0.463503
0.706120 0.761405
0.706882 0.440195
0.710218 0.732545
0.710922 0.548873
0.711652 0.522489
0.711657 0.584071
0.712061 0.638781
0.713444 0.523470
0.713451 0.525722
0.716592 0.564684
0.717807 0.545622
0.718225 0.606110
0.719049 0.747761
0.724221 0.319669
0.724463 0.612525
0.725040 0.419681
0.726402 0.585051
0.733071 0.460792
0.733185 0.586555
0.734481 0.650250
0.735680 0.664016
0.735816 0.527017
0.737132 0.541006
0.737365 0.482397
0.738462 0.505784
0.739418 0.732773
0.739889 0.482929
0.740357 0.676753
0.740428 0.505245
0.747129 0.752423
0.748783 0.588062
0.754058 0.569184
0.754310 0.747443
0.755327 0.564221
0.763625 0.419992
0.764345 0.491131
0.767642 0.525090
0.768224 0.496698
0.768255 0.705271
0.777211 0.512505
0.779624 0.591429
0.781961 0.496892
0.782955 0.630762
0.782984 0.549522
0.783395 0.684266
0.783434 0.833360
0.784757 0.630309
0.788881 1.000000
0.792814 0.740853
0.793637 0.728149
0.794175 0.377593
0.795291 0.655934
0.803041 0.679921
0.807799 0.453170
0.814230 0.493496
0.824059 0.477385
0.824245 0.609032
0.825638 0.743510
0.826042 0.316705
0.832552 0.620332
0.841116 0.572706
0.846023 0.732176
0.848599 0.583528
0.850617 0.492656
0.870023 0.771947
0.874074 0.710314
0.892528 0.769011
0.897327 0.854399
0.897679 0.638905
0.924884 0.687985
0.930783 0.604438
0.942837 0.781225
0.948552 0.904840
0.978806 0.609666
0.985619 0.723727
1.000000 0.782967
