0.000000 0.996003
0.005019 0.995748
0.011414 0.991909
0.021688 0.996306
0.024215 0.990787
0.025657 0.975709
0.027126 0.946398
0.033695 0.984098
0.038045 0.972504
0.039274 0.980607
0.039435 1.000000
0.040096 0.980916
0.048523 0.947867
0.050046 0.974759
0.053861 0.985856
0.054550 0.965335
0.055725 0.988121
0.056147 0.990745
0.057270 0.956523
0.058659 0.963444
0.058960 0.968068
0.060943 0.958373
0.064071 0.993105
0.067868 0.952320
0.069128 0.973342
0.071030 0.962139
0.071541 0.973696
0.071611 0.986037
0.075497 0.987673
0.076277 0.930936
0.080908 0.939408
0.083414 0.992194
0.088128 0.959680
0.088299 0.994906
0.089245 0.985628
0.091773 0.960552
0.094113 0.988723
0.095809 0.939084
0.096022 0.996448
0.098854 0.945006
0.105014 0.962250
0.105600 0.988908
0.106654 0.924776
0.107201 0.965906
0.107574 0.995393
0.112002 0.944416
0.112423 0.994065
0.114311 0.951814
0.114448 0.956081
0.115610 0.937731
0.118821 0.940409
0.120587 0.939011
0.120887 0.980586
0.122982 0.965487
0.123299 0.991343
0.123777 0.978026
0.123815 0.978245
0.124976 0.982600
0.125564 0.927558
0.126143 0.977635
0.128659 0.928594
0.130141 0.948877
0.130179 0.963716
0.131757 0.978147
0.131818 0.990845
0.132380 0.936386
0.132422 0.994964
0.133208 0.985148
0.134981 0.917156
0.137572 0.987457
0.138987 0.983069
0.139234 0.983346
0.139527 0.972707
0.140317 0.974223
0.141578 0.983298
0.141708 0.941659
0.141824 0.940753
0.143727 0.966913
0.144553 0.973506
0.144815 0.955025
0.150369 0.952288
0.150854 0.980795
0.151226 0.990315
0.154183 0.913330
0.156875 0.979962
0.157090 0.980616
0.157636 0.975701
0.158860 0.932737
0.160781 0.925801
0.163289 0.991455
0.163425 0.955322
0.163947 0.967544
0.165256 0.970559
0.166674 0.908193
0.169373 0.989583
0.170156 0.979790
0.171049 0.991220
0.171298 0.990522
0.172196 0.954826
0.172842 0.988168
0.176094 0.905537
0.180034 0.980309
0.181187 0.956964
0.181393 0.956173
0.181751 0.989009
0.182143 0.917168
0.185308 0.932409
0.185313 0.966302
0.186447 0.967477
0.188175 0.985840
0.188195 0.920070
0.189168 0.941441
0.189430 0.958056
0.191784 0.921842
0.193396 0.971822
0.194338 0.925193
0.198080 0.951548
0.198399 0.913487
0.198580 0.980136
0.199191 0.988555
0.199566 0.983383
0.200679 0.986491
0.202338 0.985034
0.203481 0.976858
0.203840 0.985832
0.203845 0.986680
0.205108 0.939645
0.205777 0.952437
0.206062 0.971224
0.207054 0.987571
0.209849 0.943622
0.209991 0.967744
0.210327 0.949529
0.211979 0.925262
0.213596 0.959582
0.213852 0.919013
0.216134 0.950131
0.216511 0.962715
0.218037 0.897673
0.221969 0.923210
0.222229 0.957904
0.222682 0.969447
0.223701 0.963268
0.224870 0.948718
0.227848 0.921035
0.228353 0.970857
0.229174 0.982293
0.229939 0.937014
0.230040 0.971353
0.230344 0.982661
0.232178 0.963748
0.232761 0.912080
0.233537 0.963286
0.234049 0.901715
0.235746 0.927133
0.236152 0.937724
0.236530 0.899732
0.236558 0.902630
0.236943 0.982136
0.237178 0.934528
0.237186 0.984258
0.237419 0.971572
0.238042 0.955645
0.239868 0.976343
0.240072 0.945953
0.244306 0.952154
0.244980 0.966941
0.246473 0.975975
0.247103 0.941658
0.247299 0.927519
0.247875 0.971335
0.252559 0.942398
0.253790 0.882394
0.254029 0.881554
0.255009 0.923632
0.255698 0.932637
0.256024 0.976148
0.256935 0.910196
0.257296 0.955920
0.258575 0.921288
0.259067 0.897158
0.260298 0.976126
0.260654 0.972433
0.260760 0.954627
0.261081 0.958493
0.261781 0.875442
0.261908 0.976280
0.262916 0.885189
0.263380 0.934175
0.263638 0.917110
0.263869 0.962981
0.264533 0.954593
0.267008 0.949418
0.267746 0.957643
0.267799 0.975563
0.269350 0.977942
0.269769 0.968825
0.270792 0.972430
0.272307 0.878947
0.272353 0.976316
0.277169 0.880910
0.278215 0.931404
0.278702 0.967246
0.278732 0.882192
0.279281 0.956189
0.280610 0.883157
0.281182 0.937471
0.281413 0.957193
0.281668 0.902116
0.281697 0.971614
0.282288 0.963527
0.282687 0.922640
0.283475 0.934891
0.284088 0.962182
0.284311 0.928421
0.285428 0.973472
0.285716 0.915986
0.285728 0.928574
0.285753 0.973435
0.286873 0.929718
0.287636 0.942531
0.288891 0.956076
0.289065 0.921649
0.289381 0.920320
0.289842 0.887748
0.289880 0.890763
0.290466 0.921323
0.291244 0.906510
0.297741 0.972648
0.299193 0.899182
0.299341 0.973263
0.300223 0.897989
0.301773 0.938087
0.303501 0.972848
0.304547 0.948630
0.304950 0.871908
0.306440 0.958181
0.307659 0.928872
0.308136 0.885400
0.308875 0.971715
0.312374 0.891985
0.313086 0.906423
0.313434 0.969993
0.313846 0.971902
0.314470 0.903353
0.314870 0.955463
0.315756 0.926199
0.316697 0.967236
0.317507 0.954555
0.318330 0.906985
0.319682 0.954844
0.321224 0.875368
0.321918 0.960935
0.322099 0.958696
0.323165 0.945952
0.323381 0.934482
0.323777 0.908596
0.325667 0.944422
0.326824 0.965088
0.330794 0.942356
0.331584 0.966779
0.331639 0.956661
0.331814 0.959978
0.332317 0.891045
0.332412 0.926419
0.333451 0.906331
0.334093 0.913042
0.335312 0.939528
0.336310 0.861179
0.337281 0.851107
0.338358 0.931056
0.338656 0.894809
0.339186 0.883075
0.339639 0.921867
0.339819 0.950841
0.339830 0.862122
0.340016 0.957056
0.341104 0.952906
0.341429 0.922073
0.341652 0.944157
0.343362 0.849387
0.345470 0.917388
0.346008 0.951478
0.347261 0.851211
0.348439 0.944698
0.349666 0.961762
0.350299 0.957512
0.350455 0.928881
0.350624 0.888141
0.350793 0.947557
0.350983 0.874881
0.352302 0.841131
0.352668 0.929413
0.353129 0.886111
0.353136 0.954025
0.353874 0.964206
0.353941 0.931499
0.354124 0.921730
0.355358 0.928260
0.356713 0.962405
0.356743 0.887080
0.357350 0.879735
0.357906 0.918145
0.358041 0.928691
0.361181 0.959362
0.361730 0.855556
0.363969 0.955875
0.364249 0.920207
0.365204 0.845250
0.366129 0.843598
0.366737 0.952078
0.367509 0.845533
0.368126 0.954726
0.369107 0.921766
0.369406 0.935008
0.369518 0.922570
0.369535 0.926472
0.370340 0.882731
0.371167 0.957567
0.372100 0.960413
0.373225 0.835646
0.373334 0.872364
0.373428 0.925645
0.373785 0.935762
0.376581 0.829030
0.376923 0.906916
0.378048 0.870238
0.378147 0.929229
0.378977 0.867064
0.379877 0.915467
0.379943 0.949311
0.380909 0.953416
0.383639 0.943007
0.384972 0.918104
0.385790 0.925990
0.385906 0.866938
0.386362 0.864494
0.387664 0.949023
0.387720 0.844922
0.387725 0.916090
0.392308 0.949689
0.392491 0.899528
0.393736 0.934387
0.394050 0.946886
0.394070 0.871705
0.394853 0.906010
0.399180 0.929056
0.400090 0.922191
0.400125 0.881989
0.400491 0.848923
0.401389 0.907623
0.403058 0.941758
0.403565 0.933861
0.404407 0.933126
0.404752 0.928707
0.405096 0.877961
0.405688 0.909939
0.407696 0.915109
0.409824 0.874741
0.410013 0.887658
0.410930 0.849711
0.411323 0.868703
0.418200 0.866219
0.419269 0.872469
0.420460 0.930317
0.420696 0.816579
0.421767 0.841344
0.421931 0.873144
0.422095 0.854833
0.422104 0.871697
0.424331 0.931222
0.425333 0.943930
0.425500 0.930440
0.426153 0.872842
0.426383 0.811537
0.426795 0.918176
0.428848 0.899551
0.430139 0.912723
0.432479 0.934463
0.432921 0.891213
0.433806 0.943062
0.434545 0.846517
0.435776 0.900685
0.437979 0.916117
0.440623 0.828305
0.443084 0.849939
0.443828 0.921725
0.444430 0.887999
0.447011 0.938611
0.448488 0.834532
0.449237 0.813822
0.450011 0.927884
0.451949 0.817759
0.452213 0.900381
0.455328 0.812075
0.455896 0.928395
0.456111 0.918482
0.456223 0.930724
0.457729 0.819923
0.457807 0.876722
0.457860 0.865144
0.460864 0.861337
0.461934 0.884511
0.462248 0.838947
0.463067 0.815693
0.463932 0.846636
0.468021 0.922850
0.469310 0.865258
0.470183 0.905134
0.470404 0.915117
0.472697 0.851645
0.475223 0.857390
0.477167 0.806753
0.477909 0.879804
0.479169 0.925716
0.481453 0.925232
0.481967 0.905929
0.482317 0.817155
0.484949 0.825008
0.485656 0.845761
0.485737 0.906962
0.486233 0.804094
0.486245 0.828132
0.489493 0.914989
0.489541 0.891291
0.490095 0.897832
0.493562 0.794159
0.493727 0.908374
0.496237 0.877280
0.497598 0.817636
0.497811 0.868027
0.499899 0.874129
0.502300 0.858563
0.504433 0.915693
0.506649 0.762767
0.509231 0.824778
0.510121 0.877863
0.510920 0.901191
0.514740 0.891139
0.516921 0.865803
0.517421 0.745813
0.518576 0.871972
0.521135 0.807455
0.521588 0.767862
0.521684 0.889536
0.522214 0.897732
0.522386 0.878791
0.522551 0.800447
0.523389 0.850606
0.523694 0.780057
0.525081 0.896472
0.525627 0.761911
0.527929 0.733942
0.528068 0.806161
0.529503 0.812422
0.532518 0.854587
0.533749 0.785797
0.537343 0.798108
0.539219 0.803664
0.539985 0.848470
0.540130 0.872365
0.541001 0.881971
0.542545 0.802179
0.543395 0.765133
0.543492 0.779993
0.544214 0.866889
0.544652 0.879084
0.545432 0.857328
0.546098 0.801948
0.546266 0.890383
0.547640 0.738875
0.548184 0.802537
0.549198 0.868571
0.549630 0.725281
0.550412 0.754756
0.551439 0.785012
0.553001 0.807107
0.554547 0.830849
0.557546 0.845794
0.557616 0.815222
0.562849 0.763421
0.563688 0.882145
0.563778 0.709161
0.565048 0.770030
0.565118 0.741474
0.565743 0.796593
0.568206 0.725904
0.568799 0.852417
0.571295 0.842273
0.572792 0.846956
0.573208 0.873073
0.575074 0.813098
0.575294 0.757350
0.575398 0.721472
0.577950 0.724234
0.581472 0.820759
0.581884 0.725446
0.583502 0.787990
0.585241 0.859343
0.585504 0.747686
0.587539 0.840682
0.589304 0.823028
0.591707 0.849642
0.598587 0.813095
0.600488 0.687321
0.601207 0.716810
0.601359 0.744027
0.602227 0.828260
0.603094 0.731681
0.603522 0.688229
0.604426 0.770371
0.609884 0.756010
0.613958 0.792366
0.616365 0.805885
0.619417 0.824568
0.620277 0.659824
0.621616 0.666218
0.622552 0.699509
0.622942 0.772354
0.623815 0.734664
0.624039 0.727846
0.625274 0.813571
0.625306 0.814050
0.628368 0.797375
0.635368 0.733881
0.637591 0.812785
0.645607 0.636037
0.646551 0.741590
0.649649 0.758238
0.652376 0.802714
0.660558 0.688842
0.660686 0.680607
0.661295 0.674764
0.665413 0.637313
0.666872 0.636681
0.668079 0.725134
0.669416 0.724986
0.670193 0.666018
0.676420 0.601103
0.676645 0.718477
0.684116 0.786581
0.684668 0.781099
0.699335 0.733561
0.707945 0.691510
0.715992 0.572538
0.716246 0.551073
0.716418 0.727842
0.717595 0.732350
0.721566 0.704695
0.726027 0.699738
0.741996 0.522136
0.742672 0.649729
0.748118 0.530997
0.749944 0.680090
0.750881 0.629953
0.755080 0.535365
0.764742 0.589474
0.769952 0.637258
0.773988 0.611811
0.789057 0.545820
0.798230 0.510193
0.806641 0.560898
0.810731 0.573312
0.838620 0.518689
0.839874 0.535599
0.847032 0.424748
0.882251 0.295731
0.895533 0.399475
0.934508 0.215679
0.941579 0.250789
0.999996 0.000000
1.000000 0.008024
