0.000000 0.453611
0.139459 0.338320
0.176239 0.486271
0.177889 0.328288
0.183053 0.532619
0.198451 0.422165
0.229722 0.178693
0.234613 0.295948
0.238059 0.572532
0.238927 0.461909
0.241923 0.417224
0.247126 0.270689
0.251379 0.220790
0.256128 0.429624
0.272799 0.254268
0.274823 0.388153
0.277653 0.305845
0.280408 0.301570
0.281142 0.486014
0.287675 0.085866
0.295244 0.274770
0.300301 0.542087
0.301633 0.229557
0.302109 0.866366
0.302655 0.228626
0.303483 0.415647
0.307242 0.539287
0.310132 0.560530
0.313696 0.272460
0.315391 0.376327
0.323369 0.141187
0.323971 0.401956
0.328068 0.420645
0.329516 0.299024
0.331190 0.332416
0.333359 0.326021
0.334052 0.650568
0.335089 0.408705
0.335743 0.830002
0.337179 1.000000
0.344654 0.209504
0.345143 0.403813
0.345432 0.233308
0.346470 0.308488
0.348415 0.388233
0.348684 0.282015
0.351475 0.524418
0.352809 0.584598
0.355139 0.281339
0.360211 0.128659
0.364027 0.406312
0.364708 0.326340
0.366329 0.092567
0.368228 0.330498
0.375147 0.298549
0.375160 0.644648
0.375533 0.269031
0.376838 0.378763
0.377416 0.216259
0.382635 0.468145
0.385326 0.271950
0.387811 0.297736
0.387867 0.235448
0.391490 0.250826
0.391541 0.194527
0.392412 0.291917
0.393617 0.179951
0.394281 0.230529
0.395178 0.311728
0.395196 0.199340
0.396092 0.281812
0.398415 0.303779
0.400966 0.437881
0.401264 0.287357
0.401699 0.132431
0.402875 0.307092
0.403585 0.544437
0.404745 0.163609
0.405496 0.323280
0.409256 0.485574
0.409628 0.440474
0.413592 0.262705
0.413632 0.279573
0.414879 0.324199
0.418266 0.431123
0.418816 0.385075
0.422964 0.080297
0.425657 0.580732
0.428476 0.540683
0.432930 0.271674
0.433215 0.366182
0.434615 0.213109
0.436994 0.299498
0.438557 0.118006
0.440518 0.181135
0.444925 0.418549
0.445818 0.450506
0.446709 0.259233
0.447215 0.175987
0.447622 0.147651
0.448446 0.268504
0.449487 0.236953
0.449502 0.190536
0.450677 0.188188
0.451039 0.183645
0.451388 0.291975
0.451454 0.114510
0.451509 0.152705
0.452447 0.172835
0.454113 0.062536
0.454234 0.210362
0.455785 0.207222
0.456159 0.388750
0.457297 0.205029
0.458105 0.248244
0.458533 0.146352
0.458918 0.477013
0.461769 0.193003
0.462495 0.165440
0.462555 0.295435
0.463353 0.182429
0.463479 0.350841
0.465339 0.338932
0.465490 0.087496
0.465936 0.178347
0.466226 0.286048
0.466630 0.113554
0.466715 0.126193
0.467018 0.296420
0.468823 0.406826
0.470270 0.394083
0.473546 0.324773
0.475684 0.323883
0.476202 0.133517
0.476652 0.253206
0.477222 0.182429
0.477960 0.560350
0.482054 0.208443
0.482179 0.226713
0.482807 0.305954
0.484067 0.272338
0.484946 0.276316
0.485401 0.268135
0.485692 0.147642
0.486830 0.228483
0.487076 0.117145
0.487745 0.184208
0.488967 0.066363
0.489526 0.145779
0.489686 0.358141
0.490199 0.327280
0.491382 0.164974
0.492409 0.209720
0.492780 0.026183
0.494433 0.126665
0.494843 0.208573
0.496362 0.184923
0.496748 0.365584
0.497868 0.323871
0.499383 0.193735
0.499589 0.180454
0.499990 0.189774
0.500216 0.295659
0.500463 0.173500
0.501198 0.290660
0.501975 0.131163
0.502325 0.113774
0.502409 0.171368
0.505541 0.149428
0.506596 0.247347
0.507987 0.154289
0.508537 0.145985
0.510115 0.350596
0.510470 0.210457
0.510499 0.088956
0.510500 0.201431
0.510766 0.183381
0.510986 0.268756
0.511284 0.185423
0.513640 0.221802
0.515853 0.191745
0.516627 0.112917
0.517562 0.224951
0.517734 0.293998
0.517765 0.223425
0.518694 0.235816
0.519230 0.178066
0.520494 0.398854
0.520794 0.122324
0.522443 0.126778
0.522668 0.203184
0.524167 0.059931
0.524627 0.128509
0.525307 0.231977
0.526415 0.203320
0.527148 0.185995
0.527721 0.184220
0.527914 0.271793
0.528199 0.215378
0.528696 0.129376
0.530769 0.166611
0.532902 0.174608
0.533187 0.131659
0.533755 0.255841
0.535826 0.197707
0.535865 0.111799
0.536509 0.024021
0.536852 0.138137
0.539659 0.121805
0.540700 0.230050
0.541147 0.153338
0.541160 0.187730
0.541668 0.085393
0.542164 0.191578
0.543849 0.137700
0.544377 0.145395
0.546050 0.199166
0.547713 0.098237
0.547815 0.169017
0.548019 0.131412
0.548089 0.139556
0.548671 0.237620
0.549814 0.178699
0.550251 0.163976
0.550403 0.173167
0.551773 0.150351
0.551898 0.183815
0.552440 0.154671
0.552555 0.142983
0.553598 0.106593
0.554326 0.195210
0.554433 0.319163
0.554755 0.196639
0.557010 0.168527
0.557178 0.233642
0.557266 0.199114
0.557797 0.138186
0.558514 0.185645
0.560474 0.121597
0.562479 0.115446
0.563656 0.260640
0.564894 0.139208
0.566136 0.237607
0.566386 0.128111
0.568099 0.191959
0.568990 0.034559
0.571009 0.116249
0.572612 0.133093
0.572777 0.215199
0.572806 0.161327
0.574156 0.115238
0.574722 0.111890
0.575867 0.129731
0.576476 0.036987
0.577386 0.190781
0.578073 0.154867
0.579816 0.125281
0.580475 0.194786
0.581238 0.230850
0.581488 0.119968
0.583938 0.146415
0.584142 0.084545
0.584678 0.132277
0.584930 0.226601
0.585175 0.152051
0.586551 0.072753
0.588421 0.218370
0.588804 0.067216
0.588828 0.309356
0.589582 0.261502
0.590293 0.151083
0.591584 0.158241
0.591590 0.159244
0.592069 0.183665
0.593230 0.117873
0.595050 0.141662
0.596045 0.275467
0.596290 0.125151
0.598040 0.153721
0.599053 0.172981
0.599512 0.057583
0.599909 0.208661
0.599933 0.061448
0.600691 0.132985
0.601307 0.209398
0.602125 0.130252
0.604283 0.098964
0.604503 0.085947
0.604592 0.191664
0.608814 0.114988
0.609500 0.176823
0.610216 0.126636
0.611903 0.142746
0.613082 0.155075
0.613109 0.183557
0.613486 0.062882
0.613900 0.071154
0.614776 0.182829
0.614891 0.128824
0.615392 0.052523
0.615440 0.099915
0.615951 0.144146
0.616016 0.168976
0.616415 0.224856
0.616963 0.051372
0.618016 0.118612
0.618467 0.142905
0.618887 0.091489
0.620000 0.154176
0.621641 0.156075
0.621727 0.047164
0.622747 0.114016
0.623954 0.190957
0.624349 0.109901
0.625909 0.211353
0.627262 0.135015
0.629404 0.096588
0.629471 0.092277
0.629728 0.062035
0.630474 0.177705
0.630708 0.117033
0.634916 0.102178
0.636307 0.130415
0.636364 0.143833
0.636717 0.142362
0.640138 0.079411
0.640864 0.132734
0.643077 0.116514
0.644440 0.202720
0.645706 0.145493
0.645733 0.157340
0.647192 0.150357
0.647783 0.310123
0.648929 0.000000
0.649270 0.103865
0.649397 0.142670
0.650877 0.204570
0.652091 0.129632
0.655677 0.102461
0.657032 0.109250
0.657978 0.031903
0.658039 0.275236
0.659029 0.143768
0.659267 0.169509
0.659410 0.059904
0.659487 0.096231
0.660279 0.091421
0.661029 0.109649
0.661102 0.046907
0.661215 0.199275
0.662386 0.163341
0.662423 0.081544
0.662542 0.175203
0.663883 0.215605
0.664465 0.187279
0.664780 0.112315
0.666227 0.093810
0.666614 0.158575
0.668209 0.198311
0.670854 0.183877
0.671207 0.119559
0.672258 0.091809
0.674810 0.119092
0.675411 0.030815
0.676354 0.081688
0.677431 0.111084
0.680582 0.022431
0.681532 0.088272
0.683256 0.161973
0.685630 0.090832
0.686154 0.119148
0.686262 0.082726
0.686508 0.058635
0.687414 0.073698
0.687824 0.098944
0.688750 0.093003
0.689695 0.164421
0.690468 0.159580
0.690586 0.089679
0.693704 0.055613
0.695779 0.065936
0.696724 0.114977
0.696858 0.068682
0.698463 0.068761
0.698471 0.069815
0.698803 0.109618
0.699118 0.097063
0.700748 0.087210
0.700872 0.140846
0.701162 0.110761
0.701340 0.092408
0.701460 0.174569
0.702116 0.085700
0.703717 0.206493
0.703845 0.169359
0.704893 0.096511
0.704981 0.071205
0.705621 0.054839
0.705752 0.182180
0.707086 0.059176
0.708163 0.131932
0.714575 0.103275
0.715129 0.089724
0.716832 0.065440
0.717220 0.125183
0.717425 0.111618
0.717935 0.055933
0.719313 0.110953
0.719791 0.066327
0.720592 0.072666
0.720689 0.143631
0.721876 0.060560
0.724114 0.135640
0.725206 0.138335
0.726142 0.042501
0.727169 0.115708
0.728766 0.052330
0.732486 0.070543
0.734423 0.133032
0.735802 0.054829
0.737019 0.061442
0.738586 0.088602
0.742279 0.059407
0.742756 0.122613
0.743159 0.131707
0.746494 0.071430
0.746716 0.107863
0.747931 0.130325
0.748081 0.046635
0.748301 0.053918
0.748870 0.075868
0.750166 0.104555
0.752633 0.103339
0.753130 0.042831
0.753389 0.135203
0.754277 0.059596
0.755955 0.066347
0.757554 0.111304
0.759795 0.046897
0.761415 0.068204
0.764058 0.060774
0.764062 0.089636
0.764856 0.176855
0.765781 0.047642
0.771180 0.115496
0.771526 0.091245
0.773639 0.039360
0.773753 0.033472
0.775703 0.057907
0.781465 0.048565
0.783180 0.063752
0.783855 0.093333
0.786910 0.081657
0.788799 0.036932
0.788867 0.087296
0.789146 0.047999
0.789389 0.101304
0.789521 0.048563
0.791168 0.072173
0.791230 0.082746
0.792991 0.141176
0.795785 0.054911
0.796278 0.069100
0.798034 0.059956
0.799350 0.070463
0.801391 0.023058
0.812626 0.074488
0.812716 0.079198
0.813094 0.066934
0.816033 0.058194
0.817732 0.088840
0.818335 0.075235
0.829996 0.080294
0.832485 0.070763
0.834415 0.047384
0.838560 0.080330
0.840719 0.038698
0.840767 0.072292
0.853269 0.055598
0.871119 0.030393
0.874863 0.038143
0.877645 0.047786
0.889662 0.045331
0.892483 0.034117
0.902605 0.056194
0.903718 0.036192
0.926307 0.030883
0.931317 0.027418
0.936135 0.029930
0.947952 0.038554
0.973720 0.022930
0.995350 0.015286
1.000000 0.006465
