0.000000 0.657222
0.093115 1.000000
0.109344 0.619639
0.133366 0.562361
0.136465 0.789482
0.149386 0.719681
0.169137 0.565201
0.173513 0.652366
0.181107 0.726214
0.182802 0.807736
0.199748 0.618895
0.200778 0.627413
0.207815 0.767684
0.224547 0.725846
0.229944 0.549376
0.230069 0.698854
0.252381 0.649428
0.254240 0.710160
0.257341 0.766880
0.257916 0.708080
0.258025 0.646780
0.258731 0.643877
0.259328 0.616049
0.262781 0.685648
0.268706 0.759283
0.281194 0.744529
0.286056 0.746586
0.287969 0.605017
0.288416 0.734710
0.292155 0.623071
0.293235 0.716446
0.298649 0.537596
0.303423 0.578064
0.307629 0.640453
0.310417 0.732314
0.313775 0.557387
0.315661 0.493547
0.316421 0.736894
0.320481 0.530411
0.320743 0.735654
0.323995 0.752972
0.327215 0.838215
0.327466 0.649688
0.330296 0.815714
0.331081 0.599289
0.333163 0.505766
0.334308 0.603028
0.334796 0.687935
0.335549 0.593344
0.339294 0.874189
0.341858 0.597568
0.342238 0.686309
0.344210 0.528796
0.345608 0.584410
0.349772 0.634903
0.353111 0.783573
0.354521 0.597570
0.354910 0.631318
0.355772 0.604392
0.359575 0.548246
0.361696 0.890061
0.361894 0.445323
0.365232 0.659701
0.365267 0.891228
0.366354 0.692100
0.366527 0.679346
0.370283 0.801703
0.372248 0.448218
0.372818 0.574712
0.373813 0.711001
0.374108 0.747381
0.374153 0.662299
0.377541 0.472846
0.377811 0.545065
0.378024 0.690913
0.379299 0.772394
0.379865 0.545195
0.380370 0.664896
0.380829 0.671814
0.383127 0.500926
0.383300 0.596616
0.386084 0.646057
0.389486 0.792974
0.390149 0.640932
0.390182 0.646672
0.392181 0.757344
0.394965 0.784622
0.395220 0.566134
0.396493 0.529927
0.396911 0.561955
0.398158 0.575945
0.398166 0.531384
0.398864 0.701020
0.401146 0.647892
0.401468 0.765625
0.402117 0.548022
0.402199 0.727216
0.403257 0.714470
0.403533 0.630189
0.404142 0.549982
0.405840 0.510323
0.406585 0.693662
0.407615 0.521556
0.409173 0.923868
0.409294 0.658385
0.410351 0.723428
0.410648 0.708249
0.412828 0.650233
0.413403 0.590502
0.416460 0.805794
0.419083 0.844258
0.419512 0.550964
0.421966 0.703706
0.425307 0.635913
0.425704 0.600071
0.426762 0.618343
0.430288 0.653784
0.431616 0.641781
0.432592 0.632242
0.434919 0.682617
0.435903 0.763970
0.436834 0.853967
0.438271 0.550604
0.440252 0.447166
0.440974 0.675294
0.442344 0.699157
0.444649 0.636894
0.445158 0.581799
0.445293 0.541448
0.446540 0.734377
0.446610 0.555809
0.447087 0.583973
0.448487 0.762296
0.449444 0.596689
0.450441 0.551289
0.454849 0.488774
0.455478 0.642593
0.456270 0.599158
0.456843 0.868229
0.456954 0.629829
0.457419 0.717511
0.457534 0.579883
0.457659 0.784232
0.458522 0.768251
0.459160 0.615441
0.460692 0.769648
0.461296 0.722542
0.462288 0.647919
0.462490 0.799497
0.463320 0.481887
0.464755 0.571941
0.465487 0.633619
0.466115 0.581303
0.469840 0.451133
0.471111 0.547307
0.471382 0.440154
0.471530 0.378260
0.471875 0.674081
0.472751 0.676543
0.472850 0.592338
0.474251 0.542569
0.475189 0.656286
0.475467 0.634067
0.476785 0.708498
0.477191 0.657062
0.478424 0.752309
0.478661 0.650632
0.478712 0.694816
0.480685 0.684155
0.481456 0.450203
0.481486 0.622721
0.481505 0.614580
0.481808 0.636685
0.482874 0.611187
0.484122 0.769929
0.484603 0.694576
0.486244 0.497116
0.487941 0.754124
0.490194 0.723241
0.491618 0.547220
0.491889 0.543716
0.492831 0.808171
0.493004 0.873046
0.494787 0.519807
0.495100 0.645362
0.496375 0.755288
0.498469 0.536641
0.499343 0.372650
0.499825 0.559901
0.500944 0.612042
0.501437 0.632637
0.502056 0.444837
0.502125 0.512423
0.503679 0.746626
0.506724 0.639504
0.507052 0.393865
0.507722 0.548952
0.510789 0.697849
0.511111 0.474155
0.511586 0.545093
0.513259 0.676561
0.513456 0.806067
0.513869 0.397825
0.513898 0.695516
0.515761 0.600623
0.516684 0.640343
0.516742 0.471038
0.517537 0.703165
0.517647 0.570938
0.518306 0.727971
0.519170 0.453952
0.520334 0.674408
0.523931 0.616922
0.526918 0.531803
0.527478 0.537036
0.529154 0.612809
0.529912 0.419302
0.531823 0.534716
0.531909 0.573730
0.534057 0.710577
0.534521 0.598334
0.536256 0.933478
0.537530 0.927015
0.537548 0.719600
0.539123 0.525701
0.539462 0.542509
0.541157 0.369396
0.542896 0.651932
0.543973 0.697917
0.546708 0.600531
0.547557 0.723111
0.549793 0.457797
0.552573 0.582636
0.553393 0.647698
0.553588 0.417198
0.554436 0.502878
0.554441 0.458022
0.554477 0.694091
0.556636 0.466233
0.557327 0.790689
0.559119 0.889732
0.559520 0.552255
0.559924 0.564388
0.560713 0.525692
0.560758 0.657316
0.563697 0.557028
0.563851 0.834837
0.566700 0.671645
0.566857 0.373663
0.566918 0.351139
0.567360 0.267304
0.568296 0.541476
0.569502 0.779708
0.570602 0.500657
0.571518 0.888876
0.572998 0.699578
0.573128 0.584169
0.574782 0.272904
0.582552 0.568344
0.586052 0.741695
0.586581 0.574389
0.587059 0.957601
0.591628 0.498887
0.591764 0.312581
0.592662 0.381194
0.594020 0.461730
0.594077 0.386507
0.594185 0.482108
0.594308 0.906347
0.594354 0.411484
0.594748 0.636475
0.594957 0.464646
0.595279 0.597622
0.595507 0.455798
0.595792 0.412463
0.596492 0.620347
0.599573 0.367208
0.600585 0.371359
0.600832 0.644224
0.603154 0.847542
0.603863 0.485943
0.607534 0.506344
0.608191 0.590547
0.609314 0.708803
0.609919 0.371272
0.611342 0.739585
0.611594 0.652508
0.613679 0.872863
0.614807 0.561626
0.617861 0.560143
0.619111 0.423847
0.620573 0.573107
0.625550 0.577838
0.625838 0.754092
0.625930 0.392003
0.627405 0.577947
0.628225 0.410262
0.629046 0.451874
0.630336 0.688376
0.631758 0.585887
0.633978 0.621183
0.635147 0.527402
0.637627 0.290646
0.641759 0.493883
0.642165 0.600180
0.642871 0.613252
0.643271 0.370030
0.646179 0.297521
0.647107 0.563894
0.647581 0.431986
0.647639 0.506122
0.648558 0.664438
0.650180 0.822589
0.651953 0.848048
0.653246 0.383107
0.654095 0.487116
0.655394 0.525759
0.655607 0.338918
0.656805 0.357068
0.657709 0.310804
0.659921 0.677071
0.661119 0.403183
0.667763 0.547136
0.668310 0.338764
0.670151 0.395522
0.670506 0.465708
0.670742 0.472289
0.677620 0.538331
0.680340 0.393122
0.680801 0.387260
0.681019 0.567610
0.681996 0.550975
0.683572 0.215840
0.685086 0.566708
0.689178 0.341479
0.689293 0.328963
0.693544 0.762057
0.697835 0.790747
0.698236 0.655899
0.698853 0.631928
0.699255 0.397295
0.700562 0.617433
0.704710 0.476871
0.705495 0.201753
0.709718 0.567795
0.711854 0.133042
0.715129 0.592393
0.715177 0.535325
0.717695 0.570035
0.721899 0.475146
0.722694 0.578676
0.723507 0.780278
0.724083 0.527631
0.727318 0.409204
0.729788 0.704212
0.732714 0.608536
0.734474 0.222478
0.735666 0.504784
0.736438 0.408360
0.737631 0.492284
0.743028 0.305283
0.749453 0.145442
0.754575 0.369448
0.757185 0.279997
0.758223 0.375783
0.760127 0.502752
0.768190 0.165001
0.769113 0.872971
0.773908 0.191900
0.775683 0.665435
0.778082 0.478282
0.782859 0.486812
0.784940 0.758846
0.785431 0.794082
0.786348 0.363644
0.787203 0.650689
0.787974 0.349943
0.790138 0.730449
0.791461 0.175236
0.793223 0.697468
0.803820 0.762516
0.805042 0.657924
0.808144 0.250582
0.823528 0.913152
0.823589 0.252627
0.827205 0.158362
0.835781 0.508732
0.836321 0.372526
0.836798 0.491326
0.840918 0.232177
0.849903 0.993385
0.851882 0.113249
0.870493 0.301372
0.885439 0.000000
0.889951 0.592627
0.891560 0.920187
0.913850 0.093202
0.924943 0.723001
0.973173 0.432824
1.000000 0.016615
