0.000000 0.513402
0.042252 0.524256
0.073781 0.473243
0.105113 0.618366
0.122949 0.681637
0.152896 0.322720
0.156913 0.367487
0.198487 0.493350
0.203628 0.356327
0.204879 0.382548
0.209950 0.534364
0.225836 0.605754
0.229594 0.403023
0.232571 0.423960
0.236594 0.540566
0.245179 0.676641
0.247633 0.657568
0.248201 0.375168
0.252876 0.463235
0.253204 0.509564
0.257018 0.519961
0.258127 0.566662
0.258369 0.493727
0.265900 0.522732
0.272422 0.414020
0.276554 0.415892
0.278885 0.683743
0.295598 0.896755
0.297289 0.534629
0.299312 0.554247
0.301629 0.449986
0.301759 0.402318
0.306099 0.260282
0.308200 0.671414
0.308762 0.441903
0.309220 0.628630
0.311230 0.348850
0.315232 0.587639
0.316149 0.332849
0.319253 0.581936
0.326152 0.613303
0.326248 0.746446
0.330292 0.362055
0.334403 0.439835
0.334662 0.569119
0.335642 0.621042
0.336329 0.427438
0.337002 0.545358
0.338563 0.584690
0.345089 0.361625
0.347261 0.591030
0.347326 0.370302
0.348471 0.608701
0.348573 0.532271
0.350237 0.394118
0.350372 0.732984
0.350949 0.481752
0.351307 0.401887
0.352105 0.765112
0.352441 0.408628
0.353851 0.320899
0.355763 0.590738
0.357369 0.596869
0.358393 0.430155
0.361523 0.486965
0.365423 0.331590
0.365660 0.493541
0.367094 0.498601
0.367587 0.657518
0.367627 0.509815
0.367656 0.415718
0.370744 0.379882
0.371708 0.476982
0.371885 0.630911
0.373304 0.591295
0.374985 0.362534
0.375184 0.437649
0.381135 0.369754
0.382462 0.757229
0.383122 0.528658
0.385714 0.551801
0.389390 0.569201
0.390526 0.427437
0.391343 0.406251
0.397120 0.564159
0.397922 0.660095
0.398381 0.587297
0.399052 0.364395
0.400836 0.630289
0.401488 0.538117
0.402343 0.398711
0.403512 0.415460
0.405995 0.442028
0.409424 0.529496
0.409775 0.366858
0.410749 0.461313
0.413783 0.425832
0.415406 0.624798
0.416618 0.593328
0.417424 0.506942
0.417584 0.645634
0.417803 0.559445
0.419268 0.599787
0.421677 0.630912
0.421995 0.327042
0.422634 0.349740
0.425058 0.890260
0.426496 0.377701
0.426829 0.297337
0.427275 0.498744
0.428132 0.584528
0.429180 0.596921
0.430007 0.633101
0.430413 0.375974
0.430637 0.555604
0.433491 0.593669
0.433845 0.599689
0.434560 0.705607
0.435060 0.586037
0.435116 0.296126
0.435626 0.463770
0.436790 0.640631
0.436996 0.590431
0.437407 0.348368
0.438265 0.479045
0.438288 0.500413
0.438490 0.504975
0.438962 0.418909
0.441583 0.372929
0.442283 0.510922
0.442660 0.460493
0.443408 0.246915
0.443644 0.574281
0.446038 0.436186
0.448892 0.444778
0.449580 0.512421
0.452162 0.713239
0.452381 0.590283
0.452665 0.545553
0.454686 0.483985
0.455825 0.512959
0.455970 0.486896
0.457998 0.413471
0.458755 0.707370
0.462891 0.705133
0.463461 0.606163
0.463759 0.608519
0.464280 0.385834
0.465009 0.532025
0.467284 0.499430
0.467595 0.672456
0.468161 0.381128
0.470385 0.601406
0.472931 0.585836
0.475285 0.455577
0.475997 0.500893
0.477304 0.293126
0.478996 0.735595
0.480201 0.547275
0.481329 0.407911
0.481490 0.323576
0.482399 0.728531
0.482594 0.497001
0.484028 0.616714
0.484091 0.517054
0.485480 0.779980
0.486459 0.653796
0.490360 0.502391
0.491258 0.638419
0.492353 0.432583
0.492803 0.379005
0.493066 0.330306
0.493130 0.347830
0.495894 0.657910
0.497052 0.445030
0.497093 0.571075
0.498044 0.690357
0.498708 0.453768
0.498743 0.598816
0.500878 0.725718
0.502129 0.509155
0.502596 0.311353
0.503031 0.447241
0.503342 0.474224
0.503657 0.613370
0.503705 0.386476
0.504704 0.444671
0.505496 0.436221
0.505991 0.407330
0.506721 0.549652
0.508287 0.344550
0.509261 0.391182
0.509421 0.611254
0.509911 0.658280
0.510183 0.387755
0.510435 0.637549
0.510690 0.311347
0.511878 0.420433
0.513172 0.653121
0.516568 0.421616
0.516609 0.542305
0.516647 0.568658
0.522503 0.381576
0.522997 0.440115
0.523749 0.462478
0.523755 0.723541
0.524234 0.519365
0.524948 0.522407
0.525132 0.287341
0.526554 0.376609
0.526739 0.528546
0.527226 0.375285
0.530091 0.540122
0.531038 0.478213
0.531354 0.560016
0.532301 0.451607
0.532422 0.451818
0.532665 0.452264
0.534191 0.582036
0.535170 0.608660
0.536911 0.485321
0.538515 0.648658
0.539791 0.406010
0.540161 0.542056
0.540422 0.443917
0.541467 0.500627
0.544984 0.721565
0.548005 0.475813
0.552789 0.512256
0.554656 0.733510
0.554871 0.539598
0.558936 0.545206
0.560708 0.495119
0.561035 0.699194
0.563596 0.496938
0.564758 0.413933
0.568478 0.309564
0.569538 0.536094
0.573632 0.756264
0.577662 0.450936
0.579147 0.671949
0.579295 0.415339
0.579442 0.521792
0.579804 0.554442
0.584048 0.328297
0.584884 0.424237
0.586103 0.302166
0.587804 0.474327
0.589231 0.470157
0.589353 0.612766
0.590609 0.293522
0.590768 0.670171
0.590814 0.426094
0.591525 0.413851
0.592207 0.279079
0.592439 0.351468
0.592862 0.376302
0.594332 0.403956
0.596009 0.328867
0.596024 0.320575
0.596057 0.361751
0.596762 0.430621
0.597518 0.295447
0.602076 0.171666
0.602755 0.639974
0.603069 0.319520
0.604095 0.663956
0.607773 0.480291
0.607812 0.452291
0.608177 0.569954
0.612022 0.492065
0.613185 0.305387
0.614308 0.585390
0.616662 0.300366
0.618983 0.705374
0.620652 0.345151
0.622121 0.508486
0.623226 0.284642
0.624327 0.490857
0.625181 0.550187
0.627364 0.526891
0.628035 0.417440
0.633015 0.519395
0.633572 0.513147
0.635053 0.430961
0.635391 0.414641
0.636086 0.542669
0.637246 0.679822
0.637346 0.546988
0.642689 0.588740
0.644077 0.342324
0.644711 0.336618
0.645462 0.559823
0.646838 0.267679
0.650142 0.333319
0.650435 0.545054
0.650929 0.594515
0.652345 0.331064
0.654519 0.578109
0.655240 0.702385
0.656047 0.557284
0.656678 0.536667
0.658861 0.506283
0.659719 0.373878
0.661175 0.285864
0.661335 0.490080
0.661745 0.506149
0.662036 0.376762
0.665709 0.568829
0.665729 0.320267
0.669326 0.582104
0.670976 0.435938
0.672739 0.591549
0.673286 0.248490
0.673656 0.276501
0.673801 0.498135
0.674687 0.371433
0.674728 0.674721
0.675395 0.669467
0.680431 0.521354
0.680592 0.767913
0.681101 0.705029
0.682606 0.344577
0.684865 0.515209
0.685105 0.749100
0.685203 0.535998
0.686737 0.386303
0.687391 0.226335
0.688966 0.756440
0.690670 0.269812
0.693246 0.224428
0.693909 0.409148
0.694277 0.450363
0.697685 0.407464
0.701488 0.530530
0.701745 0.732101
0.702130 0.360222
0.702720 0.475096
0.707543 0.494214
0.710603 0.391923
0.711858 0.291059
0.714181 0.305652
0.718029 0.474208
0.724453 0.806429
0.728325 0.493036
0.731641 0.418688
0.732599 0.503401
0.736771 0.703322
0.737882 0.500285
0.738717 0.407508
0.738893 0.762106
0.739377 0.705567
0.743606 0.501348
0.745980 0.601062
0.752299 0.370997
0.752907 0.270085
0.754029 0.235797
0.758578 0.438357
0.759193 0.445055
0.763990 0.341069
0.764302 0.541781
0.765620 0.416445
0.766458 0.470651
0.767536 0.647284
0.767548 0.672961
0.769397 0.834466
0.771825 0.794161
0.772611 0.203990
0.775750 0.354652
0.776119 0.835432
0.777276 0.710206
0.777303 0.602712
0.781518 0.291715
0.786420 0.291405
0.787046 0.686199
0.793069 0.645189
0.796587 0.413165
0.797550 0.403513
0.800473 1.000000
0.807683 0.637308
0.815732 0.300053
0.842101 0.093078
0.843987 0.229805
0.844410 0.131955
0.848812 0.581657
0.850818 0.375205
0.858658 0.391732
0.858967 0.166394
0.903952 0.377161
0.906718 0.380286
0.908442 0.257747
0.909358 0.903116
0.916062 0.491863
0.935112 0.336439
0.950600 0.613032
0.953449 0.712057
0.956558 0.237172
0.981055 0.190994
0.993189 0.000000
1.000000 0.681320
