0.000000 0.320557
0.001195 0.167561
0.002887 0.217770
0.016075 0.318489
0.020099 0.221749
0.025167 0.340896
0.026374 0.146149
0.028130 0.113558
0.028512 0.519986
0.030699 0.180568
0.033997 0.142632
0.036219 0.372784
0.043088 0.127236
0.046523 0.192460
0.046806 0.440162
0.051471 0.345788
0.052912 0.357963
0.054569 0.290270
0.055977 0.075412
0.057055 0.029640
0.060504 0.341571
0.061951 0.514638
0.063227 0.122198
0.066399 0.130356
0.074672 0.000000
0.075892 0.055370
0.083522 0.070693
0.086143 0.313589
0.087281 0.359599
0.087394 0.224708
0.089460 0.299776
0.089507 0.451223
0.090684 0.462061
0.094213 0.231359
0.094992 0.012625
0.097754 0.256700
0.099137 0.509481
0.100111 0.354283
0.102347 0.175360
0.106601 0.366641
0.109187 0.050308
0.109280 0.090711
0.110494 0.116040
0.112212 0.143498
0.113107 0.491892
0.116829 0.091379
0.117012 0.080440
0.118200 0.153866
0.119658 0.215946
0.122237 0.151582
0.124055 0.221038
0.126512 0.068336
0.127229 0.588679
0.127518 0.304694
0.128897 0.421472
0.132722 0.161607
0.133305 0.126436
0.134219 0.437821
0.134630 0.420337
0.137501 0.337463
0.140582 0.351573
0.142319 0.112221
0.144037 0.420272
0.144682 0.124738
0.146320 0.362115
0.147009 0.165845
0.148969 0.087879
0.150190 0.118322
0.150577 0.096753
0.155326 0.427304
0.156634 0.389403
0.162889 0.350000
0.163137 0.119909
0.164885 0.288605
0.165577 0.519537
0.166959 0.404985
0.168320 0.106133
0.169432 0.327065
0.169935 0.433971
0.170333 0.239816
0.170897 0.172016
0.172085 0.461545
0.173770 0.348403
0.174190 0.234240
0.176963 0.267571
0.177507 0.139633
0.178207 0.394542
0.179907 0.364164
0.183212 0.318034
0.183526 0.309537
0.189294 0.140763
0.190560 0.152256
0.191088 0.011538
0.192083 0.131247
0.192943 0.267849
0.194522 0.361160
0.195664 0.137183
0.197358 0.410335
0.200748 0.412773
0.201106 0.253994
0.202276 0.201959
0.204341 0.158607
0.205508 0.602048
0.206398 0.185029
0.206438 0.354919
0.206937 0.114147
0.207097 0.266104
0.207454 0.555600
0.207959 0.189261
0.210403 0.339550
0.214343 0.137558
0.214503 0.099716
0.215772 0.392864
0.215826 0.191424
0.216874 0.304940
0.217108 0.270183
0.218564 0.160350
0.219755 0.264166
0.220119 0.329089
0.221367 0.425676
0.225118 0.518831
0.228309 0.440403
0.231417 0.439482
0.232131 0.131459
0.232972 0.286452
0.233076 0.071572
0.233667 0.546030
0.237932 0.272664
0.238794 0.125354
0.240017 0.472206
0.240474 0.219842
0.240512 0.358423
0.242449 0.730453
0.246044 0.494183
0.247333 0.310461
0.248183 0.200581
0.249164 0.196614
0.251262 0.219168
0.251610 0.352977
0.254280 0.364837
0.255689 0.302091
0.257100 0.545475
0.257357 0.160169
0.260030 0.177421
0.260488 0.185746
0.261570 0.653796
0.261902 0.290097
0.262249 0.496417
0.263272 0.098921
0.264265 0.430699
0.264380 0.764565
0.266456 0.239213
0.268678 0.367157
0.269168 0.237715
0.270245 0.080407
0.270512 0.331030
0.273591 0.132454
0.274294 0.658330
0.274682 0.714270
0.275006 0.513785
0.276642 0.218500
0.276759 0.424716
0.278162 0.451054
0.278459 0.350951
0.280331 0.542640
0.280761 0.346454
0.281320 0.272061
0.282381 0.332524
0.282459 0.178391
0.282814 0.281147
0.283056 0.243524
0.285074 0.201435
0.287078 0.547451
0.288527 0.341652
0.290075 0.188101
0.290655 0.333421
0.290762 0.361034
0.291249 0.274149
0.292899 0.713410
0.294209 0.116133
0.296951 0.752525
0.298984 0.195900
0.300594 0.185561
0.304033 0.279150
0.306262 0.367161
0.306951 0.244243
0.307097 0.103982
0.307921 0.294522
0.308452 0.543459
0.310948 0.102908
0.312211 0.676200
0.317414 0.215225
0.318310 0.443636
0.319019 0.168140
0.319051 0.371042
0.319689 0.039489
0.319821 0.204415
0.320530 0.334157
0.321398 0.521434
0.321698 0.168019
0.322932 0.279889
0.326218 0.406770
0.326804 0.406787
0.326822 0.673715
0.326872 0.389965
0.329983 0.045249
0.330319 0.334458
0.331701 0.256691
0.331995 0.447258
0.332996 0.443785
0.334035 0.070158
0.334835 0.515545
0.335341 0.413616
0.338805 0.574056
0.341752 0.501704
0.346724 0.209158
0.346760 0.226570
0.349593 0.484129
0.350305 0.350015
0.353608 0.148746
0.354147 0.157679
0.355192 0.317937
0.355222 0.149420
0.355544 0.238082
0.355686 0.226316
0.357647 0.513662
0.357716 0.536546
0.359473 0.447897
0.362136 0.785693
0.362373 0.371093
0.365328 0.082825
0.368116 0.577171
0.368271 0.553169
0.368276 0.553065
0.368479 0.381139
0.368538 0.324827
0.368631 0.249267
0.371828 0.431209
0.372086 0.332445
0.372602 0.248139
0.374474 0.435208
0.376960 0.422488
0.381482 0.454574
0.383484 0.328245
0.384537 0.159963
0.384898 0.604644
0.387435 0.099140
0.387713 0.902610
0.387982 0.298302
0.388774 0.611104
0.389544 0.286903
0.392774 0.578757
0.392951 0.384229
0.395193 0.407968
0.396654 0.095186
0.398521 0.375265
0.402299 0.242051
0.402726 0.384608
0.403552 0.327536
0.403751 0.247108
0.404804 0.431035
0.408360 0.351586
0.411156 0.308450
0.412789 0.316386
0.413177 0.296060
0.414442 0.213541
0.414731 0.398367
0.416719 0.577102
0.417313 0.371656
0.418328 0.364049
0.419152 0.185026
0.419223 0.110030
0.421889 0.627644
0.424445 0.256955
0.425039 0.259196
0.426656 0.378378
0.428232 0.277020
0.428376 0.110938
0.429621 0.300612
0.430741 0.354643
0.431512 0.383526
0.432006 0.375883
0.432237 0.318559
0.432955 0.374919
0.434088 0.830405
0.434516 0.315981
0.435257 0.708342
0.437288 0.696416
0.439065 0.296745
0.440232 0.807661
0.443105 0.298774
0.444867 0.459897
0.448235 0.278892
0.448626 0.341210
0.453802 0.578852
0.453948 0.356211
0.455317 0.250276
0.456817 0.255959
0.456850 0.333917
0.459281 0.278132
0.464383 0.311598
0.466485 0.219591
0.467701 0.338342
0.468825 0.264913
0.469203 0.179949
0.469949 0.463878
0.471056 0.348420
0.478512 0.234731
0.480027 0.428678
0.480433 0.146475
0.481472 0.409783
0.484400 0.278615
0.485913 0.418471
0.489101 0.338483
0.494898 0.231541
0.496408 0.603397
0.496728 0.210992
0.496943 0.284542
0.500148 1.000000
0.504351 0.442442
0.506717 0.250561
0.511185 0.823760
0.511249 0.182563
0.511700 0.308638
0.518010 0.409328
0.519536 0.839287
0.521278 0.564128
0.522084 0.210852
0.523358 0.334852
0.525306 0.228331
0.528259 0.639060
0.529662 0.789780
0.538641 0.222608
0.540646 0.505232
0.544184 0.383216
0.544434 0.443566
0.547228 0.361232
0.548509 0.238592
0.549722 0.321845
0.555868 0.539971
0.559664 0.250875
0.562155 0.303354
0.563241 0.229642
0.563580 0.335004
0.565242 0.307780
0.568473 0.314548
0.570736 0.374538
0.575857 0.345863
0.580458 0.214214
0.581041 0.282362
0.582005 0.387931
0.582045 0.416940
0.586140 0.451262
0.588400 0.359553
0.588480 0.476318
0.591486 0.852601
0.592894 0.287362
0.596654 0.470993
0.611296 0.704687
0.611725 0.227587
0.620465 0.500957
0.622394 0.738007
0.622545 0.411563
0.627135 0.474221
0.628737 0.577269
0.629408 0.833207
0.630671 0.807542
0.630812 0.320468
0.651293 0.716204
0.653554 0.722349
0.654524 0.441681
0.657725 0.755126
0.668987 0.670965
0.673056 0.389356
0.678147 0.561512
0.682956 0.623835
0.683996 0.626337
0.688516 0.302777
0.690072 0.492431
0.690507 0.772782
0.695593 0.480418
0.702639 0.560010
0.703114 0.327761
0.709405 0.413202
0.731309 0.465697
0.734933 0.663626
0.741075 0.360907
0.752659 0.256863
0.788740 0.770081
0.795859 0.487707
0.797657 0.408702
0.817072 0.912976
0.825084 0.757336
0.839677 0.776053
0.847505 0.424508
0.867275 0.572585
0.875713 0.463585
0.892588 0.743657
0.898423 0.922038
1.000000 0.586084
