0.000000 0.108119
0.000077 0.209963
0.000386 0.073204
0.001056 0.493415
0.003364 0.240260
0.003514 0.041795
0.005446 0.000000
0.007997 0.186685
0.011731 0.585998
0.011922 0.068794
0.012735 0.469789
0.014776 0.136123
0.015500 0.587028
0.017024 0.530728
0.017731 0.222986
0.018537 0.264074
0.023338 0.263541
0.024193 0.262321
0.024417 0.251842
0.025672 0.512533
0.026335 0.196448
0.028661 0.241365
0.030382 0.070632
0.030481 0.496259
0.032638 0.375794
0.032689 0.377099
0.034294 0.115794
0.035353 0.376321
0.036860 0.268092
0.037781 0.512050
0.039384 0.204620
0.041490 0.364314
0.041589 0.307128
0.042057 0.585036
0.042213 0.587297
0.042703 0.359848
0.043000 0.528517
0.045334 0.161360
0.045774 0.227711
0.049027 0.294746
0.049537 0.091628
0.050512 0.254704
0.053223 0.543941
0.055463 0.516554
0.062960 0.271089
0.065043 0.058631
0.065957 0.384508
0.069224 0.232948
0.071260 0.216334
0.072547 0.084454
0.072699 0.377153
0.072927 0.249384
0.073302 0.375647
0.075430 0.398137
0.076937 0.284728
0.077307 0.236161
0.077699 0.488924
0.077823 0.061056
0.078681 0.254185
0.078818 0.597012
0.081511 0.349333
0.082183 0.499862
0.082826 0.184806
0.084203 0.289932
0.085799 0.095763
0.086309 0.158643
0.086472 0.295694
0.086641 0.329898
0.089348 0.517709
0.092461 0.446656
0.096941 0.452967
0.100350 0.228405
0.101992 0.438018
0.106366 0.381677
0.106890 0.471964
0.107227 0.170276
0.109352 0.562608
0.109356 0.644181
0.109836 0.383357
0.110556 0.419643
0.110632 0.488104
0.112477 0.114316
0.112884 0.560080
0.115415 0.452529
0.117005 0.292752
0.118694 0.137544
0.121478 0.336451
0.121566 0.367946
0.123002 0.603245
0.126166 0.188760
0.129360 0.310923
0.136743 0.410347
0.139078 0.566841
0.139185 0.427469
0.140330 0.466905
0.141923 0.145878
0.142163 0.550496
0.143456 0.355836
0.145765 0.365182
0.147175 0.482427
0.147385 0.310054
0.150199 0.269148
0.151946 0.652831
0.152043 0.191423
0.155060 0.438288
0.155224 0.312265
0.156629 0.174698
0.159875 0.407672
0.160210 0.503392
0.163485 0.225113
0.166172 0.521760
0.167096 0.687935
0.167491 0.144115
0.167562 0.212930
0.169519 0.450467
0.169918 0.656952
0.170694 0.515496
0.174218 0.271491
0.174714 0.246537
0.176265 0.251650
0.182465 0.321021
0.183687 0.282859
0.183778 0.374503
0.184776 0.226146
0.185826 0.358764
0.188157 0.181636
0.189222 0.225187
0.190725 0.361272
0.191580 0.231174
0.191893 0.656672
0.193773 0.403886
0.195655 0.161338
0.195656 0.211549
0.196318 0.342873
0.200490 0.454875
0.201340 0.523613
0.203038 0.377693
0.203882 0.187939
0.203956 0.303968
0.205441 0.567263
0.205889 0.459558
0.207980 0.407417
0.209550 0.433903
0.210396 0.206005
0.214552 0.631523
0.214826 0.586121
0.216993 0.268174
0.218554 0.568619
0.223488 0.450656
0.224121 0.214647
0.225797 0.474267
0.225892 0.363432
0.226014 0.481984
0.226135 0.506350
0.226588 0.223383
0.227216 0.374973
0.227401 0.478254
0.227735 0.684060
0.227950 0.345727
0.228097 0.710434
0.230352 0.173155
0.238242 0.731206
0.243920 0.549437
0.246412 0.348392
0.247354 0.312879
0.248497 0.356793
0.249456 0.471582
0.249646 0.447937
0.251542 0.729394
0.253192 0.446479
0.257162 0.438227
0.257454 0.680386
0.259506 0.476434
0.261584 0.197347
0.262802 0.527530
0.265324 0.473468
0.265517 0.444546
0.270442 0.647037
0.271129 0.211137
0.273552 0.315228
0.273715 0.355278
0.277824 0.256986
0.278190 0.338336
0.282974 0.304314
0.283743 0.479724
0.284649 0.578794
0.285194 0.211385
0.287685 0.390293
0.289662 0.370659
0.290105 0.456988
0.290330 0.605536
0.292567 0.353708
0.293224 0.691390
0.293280 0.323785
0.294522 0.690848
0.295338 0.636883
0.296392 0.629283
0.297779 0.705882
0.298435 0.660175
0.298700 0.481174
0.301020 0.323818
0.301200 0.459047
0.302479 0.294888
0.304060 0.698977
0.305988 0.564796
0.306742 0.374248
0.307330 0.557896
0.307680 0.531622
0.308169 0.469278
0.309267 0.679816
0.310027 0.700552
0.310575 0.687913
0.311002 0.529819
0.311077 0.511717
0.311159 0.252818
0.319548 0.294120
0.321099 0.622615
0.321833 0.491974
0.322121 0.506139
0.322398 0.647468
0.323394 0.454478
0.323999 0.238379
0.324158 0.592168
0.324581 0.304202
0.326031 0.437288
0.326899 0.473466
0.326944 0.616504
0.327916 0.653270
0.329167 0.369694
0.330750 0.763673
0.331506 0.351746
0.340294 0.604206
0.341664 0.691867
0.343739 0.366077
0.345811 0.681748
0.347760 0.516134
0.348292 0.280672
0.348858 0.627991
0.350132 0.404424
0.354381 0.273567
0.357799 0.756831
0.359670 0.426874
0.360644 0.411888
0.363983 0.650653
0.366599 0.797709
0.367840 0.770104
0.367976 0.342298
0.372247 0.428441
0.372370 0.340466
0.373434 0.486643
0.375474 0.576596
0.377482 0.666228
0.377706 0.510617
0.379242 0.533865
0.379558 0.668604
0.381812 0.786821
0.385378 0.789921
0.390707 0.290996
0.393168 0.366921
0.394612 0.445011
0.400739 0.780831
0.402522 0.503337
0.404087 0.551368
0.404417 0.530104
0.405097 0.604942
0.409505 0.803481
0.411681 0.676407
0.415097 0.841816
0.416512 0.482960
0.417760 0.677851
0.418750 0.757569
0.419939 0.638848
0.422432 0.705068
0.423413 0.508983
0.426649 0.500965
0.432080 0.353944
0.433392 0.810631
0.442725 0.605763
0.443074 0.674662
0.445680 0.419779
0.449555 0.608534
0.449672 0.663407
0.450465 0.357912
0.451404 0.478846
0.453350 0.817347
0.455419 0.879097
0.457160 0.421012
0.458137 0.352270
0.459047 0.562992
0.459762 0.663458
0.461848 0.401527
0.464163 0.622502
0.464437 0.446648
0.465423 0.883247
0.466874 0.437828
0.473193 0.389753
0.473790 0.493658
0.475006 0.821370
0.476054 0.499260
0.476162 0.556129
0.477921 0.492929
0.479711 0.814579
0.484078 0.526648
0.484188 0.469617
0.486349 0.889649
0.488635 0.583946
0.489570 0.505721
0.491818 0.396018
0.494733 0.529017
0.498515 0.563758
0.499647 0.707407
0.502273 0.852216
0.505090 0.792409
0.505687 0.419517
0.505924 0.474591
0.505996 0.715284
0.514151 0.642691
0.515530 0.903186
0.517253 0.892110
0.518780 0.876710
0.521405 0.645298
0.524044 0.723200
0.524507 0.774938
0.525468 0.664308
0.528052 0.493417
0.528765 0.925497
0.529033 0.912201
0.529746 0.579896
0.529982 0.712654
0.530742 0.391815
0.532178 0.459178
0.533706 0.538638
0.533874 0.405676
0.535851 0.473945
0.538638 0.454266
0.542114 0.411270
0.543117 0.601478
0.544472 0.852372
0.545142 0.849696
0.545630 0.671283
0.548327 0.547903
0.548527 0.443611
0.550699 0.856223
0.550953 0.477607
0.551696 0.471203
0.553095 0.936521
0.553683 0.449987
0.554411 0.508606
0.556132 0.700427
0.557553 0.573541
0.558197 0.490749
0.564088 0.884164
0.564551 0.672965
0.565182 0.463911
0.565254 0.817893
0.566274 0.480760
0.571881 0.900234
0.575558 0.486922
0.577737 0.657034
0.579123 0.738510
0.583188 0.555725
0.583722 0.963357
0.583896 0.763758
0.585120 0.884097
0.586627 0.626294
0.586756 0.749137
0.586821 0.815155
0.589932 0.618553
0.590277 0.552526
0.590517 0.773149
0.590675 0.750272
0.592808 0.543424
0.594007 0.571683
0.594152 0.853394
0.597797 0.576832
0.598361 0.821962
0.598722 0.648670
0.599453 0.565336
0.599911 0.619538
0.600020 0.870345
0.601012 0.513954
0.602773 0.587375
0.603855 0.783089
0.604371 0.807048
0.605104 0.597762
0.606776 0.880395
0.608964 0.729861
0.611741 0.952200
0.613631 0.489196
0.614066 0.440562
0.618169 0.460158
0.618232 0.855965
0.620639 0.605341
0.621440 0.757655
0.622155 0.890552
0.624187 0.678815
0.626455 0.675877
0.630664 0.838923
0.631594 0.748889
0.634915 0.455811
0.634947 0.884267
0.634963 0.450516
0.635366 0.562088
0.636143 0.571690
0.636535 0.567510
0.637455 0.668561
0.640646 0.843512
0.642708 0.575594
0.648144 0.784584
0.650804 0.900219
0.651903 0.829701
0.656170 0.899986
0.660028 0.871664
0.665034 0.574744
0.670562 0.892535
0.671000 0.840120
0.672821 0.772875
0.674114 0.784963
0.678484 0.896001
0.681451 0.976044
0.684636 0.906415
0.685401 0.937782
0.687134 0.611784
0.689715 0.479225
0.691302 0.844346
0.693805 0.815186
0.694758 0.800649
0.694837 0.521156
0.696794 0.721610
0.699318 0.939681
0.699381 0.668373
0.699600 0.706672
0.699629 0.927033
0.702350 0.790949
0.703483 0.456026
0.704813 0.801100
0.706199 0.935509
0.707709 0.930865
0.709769 0.939125
0.713687 0.555708
0.713697 0.613682
0.715208 0.968345
0.715282 0.644788
0.718509 0.797072
0.718823 0.567135
0.718964 0.744374
0.719155 0.605564
0.719528 0.891637
0.721840 0.618824
0.724456 0.952511
0.725437 0.459642
0.726079 0.546050
0.727040 0.669722
0.729553 0.804912
0.729911 0.934803
0.730281 0.475069
0.732882 0.492217
0.734167 0.797115
0.738017 0.927019
0.739359 0.799410
0.742188 0.641089
0.742495 0.443947
0.743347 0.666714
0.744081 0.803280
0.744109 0.520270
0.745127 0.447987
0.745244 0.950815
0.749380 0.528580
0.750822 0.686264
0.751495 0.917371
0.751924 0.775174
0.752238 0.808091
0.753466 0.928989
0.753715 0.627662
0.753764 0.688927
0.754107 0.810903
0.754211 0.919863
0.754949 0.747671
0.755177 0.700250
0.762340 0.649062
0.762409 0.768744
0.765966 0.803945
0.765974 0.845118
0.773365 0.796300
0.774964 0.518037
0.778386 0.731601
0.778938 0.630788
0.779265 0.915832
0.779504 0.880437
0.780042 0.811680
0.781387 0.967883
0.783056 0.507024
0.787448 0.969989
0.790075 0.700272
0.791157 0.948848
0.791479 0.924102
0.793244 0.517051
0.795678 0.480205
0.800825 0.704731
0.801791 0.516018
0.807934 0.830037
0.808216 0.455501
0.808714 0.811319
0.809883 0.732463
0.811321 0.635229
0.812583 0.876108
0.812841 0.442809
0.814195 0.783474
0.816830 0.640441
0.818224 0.537320
0.821081 0.502057
0.821736 0.709353
0.821842 0.886912
0.821868 0.926428
0.822926 0.459511
0.824586 0.746459
0.829305 0.687327
0.829684 0.572628
0.832748 0.726147
0.833029 0.562778
0.833328 0.769147
0.838375 0.504287
0.840226 0.497107
0.842738 0.602061
0.842990 0.946483
0.843172 0.789715
0.844432 0.505767
0.845024 0.582993
0.847456 0.841874
0.849677 0.882924
0.850521 0.960536
0.851865 0.657065
0.852838 0.495460
0.853943 0.968584
0.857315 0.880192
0.857924 0.780080
0.858979 0.762270
0.861049 0.741291
0.863065 0.904526
0.864940 0.601094
0.868751 0.904073
0.869810 0.957452
0.872955 0.609513
0.873977 0.728778
0.874996 0.510959
0.875508 0.730521
0.876387 0.899152
0.878150 0.504692
0.880217 0.775238
0.881359 0.449415
0.887301 0.877088
0.887498 0.678484
0.888779 0.803883
0.888882 0.960908
0.889119 0.841279
0.889195 0.878760
0.889427 0.829197
0.891687 0.611470
0.892458 0.485062
0.894313 0.795442
0.894462 0.641430
0.895185 0.819641
0.898168 0.666500
0.898350 0.847677
0.899631 0.674919
0.900078 0.539759
0.902239 0.784430
0.904926 0.447548
0.906171 0.902721
0.906286 0.927818
0.906350 0.901089
0.910694 0.687227
0.911692 0.852328
0.911780 0.757895
0.913028 0.744761
0.913686 0.769793
0.914030 0.717283
0.916278 0.747700
0.916438 0.883191
0.916943 0.804629
0.917094 0.648750
0.917628 0.718164
0.917796 0.482488
0.919006 0.549888
0.920252 0.563463
0.920352 0.487345
0.921672 0.632597
0.922263 0.495571
0.923312 0.977088
0.924505 0.702036
0.925854 0.716477
0.925934 0.951451
0.928814 0.599357
0.931362 0.714142
0.931542 0.727480
0.932272 0.735695
0.933205 0.987690
0.934329 0.682853
0.934954 0.596679
0.935802 0.551992
0.938189 0.835631
0.941127 0.756701
0.941616 0.984431
0.941891 0.951044
0.942312 0.950105
0.944355 0.435931
0.946219 0.934008
0.946432 0.740554
0.948867 0.626883
0.950017 0.670765
0.952662 0.747681
0.953215 0.854063
0.956081 0.934362
0.956683 0.532410
0.956981 0.997278
0.957793 0.626021
0.958708 0.492453
0.959808 0.899042
0.961447 0.580335
0.964031 0.685352
0.964498 0.491760
0.965530 0.935652
0.966125 0.680614
0.966575 0.484542
0.966881 0.580873
0.967103 0.835688
0.967935 0.694899
0.968061 0.527551
0.968691 0.479391
0.970527 0.802127
0.970537 0.671474
0.971449 0.648982
0.973375 0.901053
0.973759 0.502928
0.978301 0.535788
0.979243 0.713802
0.982968 0.437336
0.983064 0.994049
0.983685 0.960401
0.986230 0.856097
0.988299 0.813813
0.989978 0.882515
0.990000 0.886669
0.990653 0.531219
0.994252 0.906164
0.996496 0.513858
0.996971 0.946654
0.998698 0.820073
1.000000 1.000000
