0.000000 0.123453
0.016677 0.201982
0.030418 0.237934
0.036107 0.196278
0.044868 0.483882
0.048884 0.194317
0.079080 0.474677
0.080267 0.517157
0.082326 0.844119
0.086803 0.884033
0.093984 0.996497
0.103462 0.870984
0.116279 0.737443
0.143974 0.221111
0.145455 0.663563
0.151697 0.218114
0.157686 0.716306
0.166635 0.992195
0.181601 0.931572
0.183547 0.704788
0.184304 0.632669
0.184564 0.357531
0.196550 0.345957
0.203154 0.999027
0.204458 0.714964
0.205047 0.984422
0.207032 0.772220
0.211502 0.419170
0.211964 0.393778
0.212205 0.339628
0.218708 1.000000
0.222389 0.740190
0.235941 0.332385
0.246411 0.202918
0.253141 0.864085
0.264379 0.162887
0.265641 0.676260
0.292148 0.507585
0.315478 0.873154
0.317722 0.549606
0.323855 0.619508
0.325288 0.310865
0.345513 0.772920
0.353105 0.232351
0.355689 0.176779
0.356292 0.461413
0.357155 0.334328
0.361439 0.946819
0.361440 0.754917
0.386038 0.687906
0.386412 0.345518
0.388109 0.457621
0.394631 0.602583
0.399789 0.149544
0.402158 0.867793
0.403582 0.461928
0.408574 0.081934
0.412448 0.803481
0.413230 0.327719
0.422446 0.949260
0.424152 0.881197
0.433851 0.278294
0.443020 0.468154
0.463997 0.355933
0.468129 0.490255
0.468162 0.315101
0.468354 0.662431
0.469312 0.731567
0.476006 0.584694
0.481514 0.431781
0.500504 0.608220
0.517041 0.767357
0.524225 0.207776
0.542201 0.138954
0.544539 0.140288
0.545773 0.772274
0.560566 0.370502
0.560667 0.050726
0.563289 0.531025
0.563574 0.869188
0.564989 0.115900
0.570490 0.589442
0.571707 0.524445
0.576101 0.593890
0.581338 0.532411
0.592950 0.566518
0.619115 0.021169
0.637278 0.715437
0.642651 0.231034
0.649722 0.404553
0.661076 0.379132
0.661922 0.316250
0.668303 0.822866
0.681517 0.439219
0.690178 0.576898
0.698170 0.541794
0.707819 0.812817
0.710997 0.317703
0.742081 0.136592
0.746741 0.333452
0.748963 0.661638
0.752989 0.693200
0.801802 0.304109
0.822400 0.420960
0.837298 0.622528
0.847243 0.122322
0.847754 0.601139
0.870804 0.000000
0.881997 0.783729
0.883857 0.688274
0.898485 0.203871
0.905626 0.674975
0.906337 0.241121
0.927155 0.050142
0.928195 0.111112
0.933842 0.076937
0.937550 0.102133
0.947193 0.189654
0.951046 0.612744
0.965672 0.111652
0.974575 0.488152
0.974671 0.201988
0.975052 0.134707
0.978038 0.659628
0.986295 0.017017
0.987802 0.521103
0.989422 0.765908
0.995555 0.572104
0.997534 0.257032
0.998411 0.240246
0.999361 0.525224
1.000000 0.061035
