0.000000 0.044340
0.001185 0.032542
0.001904 0.241154
0.002544 0.312350
0.005360 0.257479
0.006319 0.326853
0.006924 0.041448
0.008890 0.022811
0.009079 0.178532
0.010792 0.276344
0.011118 0.027400
0.013241 0.171827
0.013900 0.015323
0.014848 0.335331
0.017008 0.171269
0.018178 0.099445
0.019134 0.210152
0.021509 0.033949
0.021555 0.195115
0.022522 0.301196
0.022981 0.034016
0.024941 0.170362
0.026626 0.134072
0.028116 0.182366
0.030116 0.018492
0.031414 0.000000
0.031766 0.162905
0.032137 0.146086
0.033135 0.317278
0.035564 0.309664
0.039260 0.079001
0.039621 0.225659
0.041665 0.282989
0.041993 0.115452
0.042404 0.291652
0.042938 0.162449
0.043329 0.033000
0.044280 0.287388
0.044539 0.298120
0.045055 0.289108
0.047280 0.029196
0.047356 0.089816
0.050054 0.190775
0.050138 0.222857
0.051741 0.369635
0.052397 0.371866
0.053564 0.311611
0.053821 0.333898
0.055221 0.291638
0.055867 0.142221
0.056545 0.184393
0.057643 0.057312
0.063628 0.294295
0.063873 0.135329
0.066715 0.365678
0.068219 0.108286
0.070322 0.377849
0.070538 0.039772
0.071826 0.092085
0.074579 0.122638
0.077173 0.324316
0.077386 0.382598
0.078423 0.299566
0.079136 0.191423
0.079156 0.100984
0.079889 0.403276
0.080035 0.240598
0.081392 0.300151
0.084185 0.381315
0.086618 0.341221
0.089957 0.048965
0.091483 0.199202
0.091809 0.200052
0.094604 0.403395
0.095863 0.164937
0.096330 0.326481
0.102514 0.081253
0.104255 0.340668
0.104587 0.406077
0.105875 0.106348
0.105964 0.091232
0.106073 0.341665
0.107629 0.057106
0.107651 0.373532
0.109831 0.243897
0.110708 0.135322
0.111120 0.249498
0.112154 0.400636
0.112550 0.225298
0.113012 0.082744
0.113369 0.356812
0.114507 0.390002
0.114967 0.314437
0.115342 0.390600
0.116458 0.313928
0.116508 0.298285
0.117896 0.415016
0.118077 0.076797
0.121334 0.265055
0.121477 0.181477
0.121616 0.393265
0.122255 0.240426
0.122457 0.330236
0.124571 0.383251
0.124695 0.291932
0.126072 0.072161
0.126313 0.198068
0.127715 0.415091
0.128497 0.310403
0.128514 0.147451
0.130483 0.298756
0.130730 0.204570
0.131287 0.075516
0.132976 0.110745
0.134768 0.381227
0.137227 0.379863
0.137525 0.115443
0.139565 0.247866
0.140668 0.413875
0.141157 0.159941
0.145685 0.259137
0.148757 0.220450
0.151012 0.441450
0.151593 0.208262
0.154331 0.180012
0.155253 0.384618
0.158808 0.436618
0.159284 0.217845
0.159872 0.368641
0.160566 0.109706
0.160683 0.193401
0.160798 0.444744
0.163676 0.415941
0.164074 0.320119
0.165186 0.283495
0.166227 0.168987
0.168969 0.409828
0.170367 0.287507
0.170894 0.308515
0.173120 0.254583
0.175874 0.323722
0.176148 0.497854
0.178370 0.309360
0.180323 0.133074
0.182005 0.195375
0.182020 0.123221
0.184147 0.163992
0.186486 0.143762
0.187084 0.267902
0.188107 0.396141
0.188666 0.199697
0.192477 0.404316
0.193010 0.175153
0.193090 0.438928
0.195062 0.280705
0.196208 0.184263
0.197919 0.132612
0.199021 0.493745
0.199260 0.506737
0.200470 0.411971
0.207492 0.172285
0.207835 0.145205
0.208563 0.159997
0.209102 0.314904
0.209284 0.243923
0.211237 0.402275
0.211621 0.361964
0.212579 0.276668
0.213381 0.149915
0.213496 0.446767
0.218022 0.426828
0.219481 0.451115
0.220298 0.400940
0.221941 0.312693
0.225435 0.477757
0.225709 0.509252
0.228062 0.169979
0.228067 0.369677
0.228385 0.469323
0.229488 0.439414
0.229532 0.451184
0.230774 0.437449
0.233062 0.444922
0.235535 0.354568
0.238710 0.545854
0.242392 0.375280
0.247902 0.174492
0.248097 0.454889
0.249415 0.332322
0.251510 0.172335
0.252915 0.251979
0.253831 0.521879
0.257049 0.325963
0.257232 0.441109
0.257781 0.442600
0.257943 0.190189
0.261783 0.462673
0.264241 0.260738
0.265034 0.472982
0.266070 0.584876
0.267498 0.357220
0.268868 0.278901
0.269782 0.231740
0.270080 0.341035
0.271608 0.295774
0.271713 0.361008
0.272956 0.540849
0.273748 0.233570
0.274893 0.583770
0.275230 0.260890
0.276753 0.399476
0.278805 0.421150
0.280242 0.501396
0.281589 0.573202
0.282076 0.357096
0.282164 0.322862
0.291201 0.425392
0.291646 0.349747
0.293056 0.303498
0.295239 0.467725
0.298522 0.608079
0.299829 0.592739
0.303445 0.370602
0.306181 0.255770
0.311756 0.248890
0.311909 0.267018
0.312926 0.353735
0.315520 0.608477
0.316782 0.491857
0.317565 0.230247
0.317613 0.451512
0.317646 0.452652
0.318711 0.597004
0.319247 0.454828
0.320876 0.587716
0.321504 0.395084
0.322146 0.408285
0.325331 0.467621
0.325431 0.553490
0.327303 0.443422
0.328311 0.590845
0.328655 0.595627
0.329253 0.237634
0.329602 0.327022
0.329778 0.441428
0.331903 0.243331
0.333138 0.349569
0.334352 0.503781
0.334720 0.533834
0.336802 0.598601
0.336929 0.496351
0.338419 0.594949
0.340756 0.432726
0.341532 0.529847
0.344383 0.297851
0.345686 0.515220
0.347337 0.299262
0.347913 0.421972
0.349338 0.657385
0.349349 0.310965
0.350058 0.475212
0.353293 0.539832
0.356991 0.254341
0.358233 0.381408
0.360453 0.409330
0.360891 0.466129
0.361108 0.351923
0.361646 0.580862
0.363149 0.556568
0.363652 0.631039
0.363725 0.558365
0.364683 0.297651
0.366244 0.340501
0.366258 0.311150
0.367430 0.407548
0.368096 0.329992
0.368231 0.412848
0.368561 0.354149
0.369724 0.456657
0.369876 0.393304
0.370254 0.661928
0.371697 0.650188
0.375340 0.354071
0.378922 0.603793
0.379825 0.355586
0.379876 0.564292
0.380463 0.617089
0.380505 0.369184
0.381785 0.604385
0.386074 0.345155
0.392867 0.389853
0.395523 0.524033
0.397320 0.519946
0.397519 0.658644
0.397857 0.627106
0.402597 0.438208
0.405932 0.714067
0.406493 0.562021
0.406893 0.631058
0.407859 0.567417
0.408293 0.511812
0.409906 0.287978
0.410696 0.731738
0.411700 0.535400
0.412112 0.587973
0.413927 0.615638
0.414017 0.674561
0.416691 0.576257
0.418081 0.302292
0.419287 0.327216
0.419558 0.453814
0.422264 0.579956
0.422816 0.647031
0.422961 0.736692
0.424074 0.452492
0.426326 0.306056
0.428009 0.402661
0.432614 0.346309
0.432694 0.756630
0.439797 0.455277
0.440034 0.569606
0.440450 0.434574
0.440587 0.539486
0.441820 0.514085
0.442401 0.554617
0.442913 0.591924
0.444853 0.575258
0.445427 0.358125
0.446698 0.763712
0.447847 0.623433
0.449416 0.587196
0.452763 0.424818
0.454429 0.474165
0.455136 0.401013
0.459701 0.762565
0.460667 0.453059
0.463247 0.516644
0.463600 0.750849
0.466414 0.499894
0.467048 0.413906
0.468521 0.528089
0.469556 0.715316
0.469653 0.727936
0.470035 0.658742
0.471579 0.507841
0.473021 0.647284
0.473802 0.747358
0.477549 0.528670
0.478898 0.341215
0.480667 0.711696
0.481190 0.791603
0.481532 0.373708
0.482266 0.409364
0.483108 0.448568
0.483569 0.482726
0.483933 0.522046
0.486497 0.782231
0.490567 0.358373
0.491611 0.786185
0.494437 0.392384
0.494854 0.520092
0.497459 0.573188
0.497810 0.646890
0.497911 0.488693
0.498113 0.737895
0.501195 0.651778
0.501220 0.801862
0.502559 0.587428
0.502623 0.727279
0.505153 0.531541
0.507794 0.699791
0.508205 0.836252
0.509319 0.403560
0.510018 0.430359
0.511345 0.710078
0.511730 0.548466
0.515493 0.548763
0.515954 0.410285
0.516795 0.434728
0.517120 0.725364
0.518799 0.383112
0.518922 0.645593
0.519132 0.414425
0.521164 0.638310
0.522020 0.657068
0.523367 0.707900
0.523734 0.706839
0.524582 0.447997
0.524634 0.525921
0.525185 0.505763
0.527204 0.517720
0.529541 0.602300
0.532658 0.804804
0.532741 0.435575
0.535646 0.799915
0.535736 0.434848
0.538705 0.803069
0.540390 0.627015
0.544447 0.463547
0.547169 0.711836
0.548269 0.763738
0.552074 0.631023
0.552149 0.568740
0.553539 0.768444
0.555811 0.479003
0.555989 0.713916
0.559443 0.787306
0.561560 0.750840
0.562206 0.484539
0.563791 0.776354
0.563978 0.863580
0.570412 0.781106
0.577036 0.830501
0.578588 0.656357
0.579745 0.835101
0.579828 0.778646
0.580256 0.487132
0.581937 0.599730
0.582031 0.492050
0.583424 0.560704
0.585962 0.701330
0.586996 0.476991
0.587086 0.508303
0.587543 0.664034
0.587556 0.707380
0.588576 0.611455
0.592429 0.828318
0.592852 0.823263
0.596245 0.541611
0.598719 0.750524
0.600014 0.446652
0.600509 0.805278
0.602558 0.603197
0.602782 0.530165
0.602950 0.560375
0.603224 0.492841
0.604175 0.605202
0.604924 0.572436
0.604967 0.516003
0.605700 0.875607
0.606302 0.889735
0.607062 0.906112
0.609577 0.663713
0.610339 0.625804
0.612064 0.658624
0.612156 0.896507
0.613022 0.592170
0.613162 0.746873
0.614349 0.575813
0.614944 0.899960
0.618301 0.712577
0.618494 0.470955
0.618597 0.812841
0.618839 0.475507
0.623789 0.576660
0.625336 0.778088
0.626568 0.843975
0.628331 0.487855
0.628922 0.636037
0.628957 0.887346
0.629037 0.522291
0.629333 0.484882
0.630066 0.895124
0.631795 0.804967
0.632986 0.731256
0.633619 0.863258
0.635176 0.900226
0.636127 0.646836
0.637440 0.819747
0.638099 0.568329
0.641482 0.540517
0.642148 0.778417
0.642818 0.777570
0.645013 0.469222
0.646381 0.752571
0.650168 0.521347
0.652990 0.670407
0.653954 0.847963
0.654748 0.833695
0.656434 0.892077
0.660355 0.436565
0.661861 0.896695
0.662302 0.525756
0.664512 0.716441
0.664582 0.526464
0.664593 0.922100
0.665578 0.916009
0.666834 0.613629
0.668064 0.791900
0.670933 0.661407
0.671865 0.667719
0.672068 0.566572
0.672507 0.778847
0.674103 0.869672
0.675079 0.930340
0.675159 0.465033
0.677289 0.462558
0.677708 0.759376
0.677875 0.584959
0.681174 0.780654
0.684231 0.504348
0.687263 0.819206
0.687474 0.883353
0.687665 0.815736
0.689753 0.626372
0.692172 0.479782
0.693291 0.730467
0.695648 0.613967
0.698068 0.539576
0.698627 0.599341
0.702247 0.761246
0.705441 0.747867
0.706485 0.554867
0.708325 0.921908
0.709589 0.527405
0.709736 0.498778
0.709930 0.651590
0.713518 0.640341
0.714063 0.615344
0.714418 0.486214
0.714477 0.607581
0.714963 0.493186
0.715729 0.915749
0.716102 0.738539
0.719194 0.614932
0.722360 0.557972
0.725682 0.630586
0.731379 0.838806
0.734274 0.828034
0.737427 0.520154
0.737730 0.459796
0.739386 0.692209
0.741526 0.545913
0.743064 0.708042
0.744548 0.872176
0.745025 0.763963
0.747374 0.490211
0.748097 0.860255
0.751495 0.929640
0.751906 0.781099
0.751930 0.917512
0.752047 0.706140
0.752110 0.542600
0.752624 0.790976
0.755242 0.827894
0.755377 0.465727
0.756403 0.652920
0.756772 0.482616
0.757343 0.673237
0.757921 0.920114
0.761626 0.726993
0.761881 0.604945
0.762038 0.948904
0.762291 0.933164
0.762723 0.897077
0.763058 0.670161
0.765454 0.532200
0.765514 0.932913
0.765523 0.908519
0.768587 0.938690
0.768743 0.952990
0.770106 0.598296
0.770525 0.821390
0.771140 0.509292
0.774099 0.618290
0.779737 0.800483
0.780376 0.568919
0.780779 0.581537
0.782803 0.588046
0.783325 0.639743
0.783809 0.732822
0.788013 0.478969
0.788279 0.773785
0.788725 0.610545
0.789833 0.588482
0.790329 0.608914
0.796226 0.819896
0.797917 0.714102
0.798800 0.854711
0.804019 0.824446
0.806818 0.648234
0.808053 0.517418
0.808403 0.688410
0.811132 0.715740
0.812241 0.520262
0.812677 0.817473
0.812957 0.731025
0.813604 0.564050
0.813660 0.870527
0.814109 0.622721
0.814924 0.953591
0.815435 0.775266
0.817317 0.483665
0.817985 0.600486
0.818529 0.588003
0.820217 0.678452
0.821329 0.565904
0.822674 0.563470
0.824112 0.591340
0.827387 0.958211
0.827537 0.901958
0.828116 0.811177
0.828237 0.699613
0.828798 0.898161
0.828808 0.946765
0.830806 0.665971
0.832168 0.829172
0.834515 0.713135
0.837913 0.603132
0.841861 0.853070
0.842058 0.518556
0.842517 0.565006
0.846809 0.853823
0.849841 0.807962
0.852829 0.566146
0.855922 0.549817
0.856975 0.933952
0.863647 0.947559
0.865199 0.630103
0.865473 0.906546
0.866051 0.503787
0.867968 0.870519
0.868453 0.760614
0.868950 0.703438
0.870373 0.571863
0.870909 0.927925
0.873272 0.608250
0.875089 0.583554
0.875464 0.769317
0.876196 0.780069
0.876968 0.590134
0.877082 0.960221
0.878437 0.863573
0.879056 0.715074
0.879559 0.532023
0.881854 0.910463
0.882421 0.705579
0.883674 0.880831
0.883894 0.915768
0.884257 0.963715
0.886018 0.962044
0.886369 0.865174
0.887674 0.602765
0.888487 0.845694
0.890961 0.936695
0.893022 0.862808
0.894092 0.664766
0.894102 0.632868
0.894396 0.521481
0.894570 0.826166
0.894887 0.679151
0.894941 0.789568
0.895847 0.963228
0.897679 0.650721
0.898800 0.582812
0.899810 0.570341
0.900770 0.915985
0.901192 0.895580
0.902372 0.881962
0.903049 0.646450
0.905249 0.758950
0.905923 0.677088
0.906666 0.638169
0.907962 0.557006
0.910810 0.849668
0.910854 0.724707
0.914276 0.969903
0.914766 0.714042
0.915469 0.682647
0.916074 0.756620
0.916680 0.657477
0.917246 0.657728
0.918951 0.539883
0.927121 0.705735
0.931344 0.677912
0.934644 0.850669
0.936254 0.626526
0.941709 0.889650
0.942074 0.887077
0.942449 0.831900
0.943908 0.885319
0.944700 0.535897
0.944791 0.596254
0.945001 0.767623
0.946005 0.792998
0.946023 0.799038
0.947140 0.835627
0.948216 0.987032
0.948707 0.861342
0.953014 0.811827
0.953854 0.647962
0.954308 0.739479
0.955169 0.657624
0.956048 0.614131
0.957212 0.596482
0.957581 0.940033
0.958700 0.607835
0.959405 0.747794
0.961093 0.562227
0.961332 0.965559
0.961898 0.819442
0.966326 0.560449
0.966847 0.667760
0.968458 0.689537
0.970946 0.756185
0.973287 0.910659
0.973288 0.689687
0.976026 0.945902
0.976393 0.658592
0.978445 0.783215
0.978713 0.793490
0.979165 1.000000
0.979270 0.674584
0.979808 0.716186
0.980018 0.726360
0.980891 0.771388
0.980949 0.699910
0.981673 0.763569
0.982039 0.710827
0.983131 0.887386
0.983909 0.879769
0.984879 0.749569
0.985641 0.788731
0.986237 0.808102
0.987243 0.681498
0.988215 0.929352
0.989145 0.797428
0.989994 0.898172
0.991195 0.893682
0.991409 0.853395
0.991907 0.739753
0.992097 0.625703
0.996698 0.762982
1.000000 0.565879
