0.000000 0.160621
0.009663 0.101676
0.019182 0.038515
0.023239 0.119333
0.039392 0.093781
0.039924 0.036406
0.041761 0.032435
0.043828 0.312427
0.058268 0.182230
0.058747 0.040064
0.068677 0.211937
0.073564 0.229633
0.076738 0.127848
0.077407 0.116617
0.078198 0.294468
0.082399 0.238907
0.087223 0.273934
0.088377 0.148082
0.089100 0.052118
0.090307 0.241785
0.092390 0.059032
0.093119 0.057569
0.095736 0.217206
0.097602 0.096986
0.099802 0.115521
0.100005 0.134330
0.101947 0.200482
0.102752 0.155399
0.103470 0.182959
0.103903 0.265087
0.105573 0.153269
0.106311 0.140437
0.107014 0.097007
0.107556 0.342377
0.112289 0.072835
0.112690 0.130422
0.117025 0.104496
0.117659 0.176201
0.125382 0.264823
0.131984 0.085780
0.133410 0.169827
0.136050 0.000000
0.136194 0.242148
0.138296 0.097514
0.144922 0.152686
0.145282 0.187576
0.146632 0.101069
0.148151 0.118604
0.149710 0.165734
0.149801 0.108961
0.156746 0.382376
0.157492 0.215597
0.159743 0.157051
0.159853 0.229247
0.160105 0.184013
0.160276 0.164014
0.162132 0.074857
0.162680 0.259748
0.166031 0.320005
0.167364 0.191799
0.167597 0.184307
0.170148 0.192693
0.171478 0.276385
0.172250 0.141835
0.172593 0.219108
0.176918 0.448972
0.178726 0.266499
0.180695 0.242143
0.182634 0.211168
0.183391 0.191187
0.186000 0.180938
0.186252 0.268234
0.186693 0.260334
0.189487 0.210517
0.190137 0.129580
0.192164 0.293870
0.192689 0.257072
0.193110 0.187047
0.194092 0.225400
0.196348 0.306150
0.198606 0.208316
0.199124 0.545297
0.203899 0.294854
0.205650 0.201772
0.205870 0.230963
0.208379 0.250380
0.208626 0.305413
0.209684 0.106086
0.210135 0.135374
0.212213 0.306715
0.216148 0.318788
0.216859 0.112511
0.219245 0.179924
0.219592 0.313460
0.219746 0.331635
0.221827 0.250244
0.222258 0.333276
0.224951 0.318659
0.225909 0.177038
0.226933 0.186498
0.227274 0.094170
0.227312 0.142118
0.229000 0.218808
0.230021 0.182721
0.234287 0.151127
0.236678 0.252658
0.237129 0.165166
0.237795 0.173004
0.239289 0.287990
0.240444 0.155623
0.241311 0.326614
0.245844 0.334983
0.248641 0.231825
0.249214 0.229771
0.250272 0.325978
0.251273 0.314882
0.252638 0.239008
0.254790 0.316125
0.256229 0.253172
0.261072 0.409516
0.261275 0.315601
0.261726 0.304318
0.264673 0.314143
0.270973 0.278379
0.271782 0.235488
0.272970 0.431810
0.273935 0.339871
0.274114 0.201071
0.276728 0.253982
0.279106 0.218327
0.283994 0.328394
0.285829 0.311390
0.287963 0.162057
0.289068 0.349465
0.290711 0.160506
0.292609 0.309937
0.294853 0.208817
0.296205 0.338409
0.298575 0.229795
0.300159 0.287458
0.300632 0.200133
0.300911 0.443666
0.302995 0.217891
0.307746 0.343652
0.308234 0.218097
0.308715 0.266343
0.308809 0.358929
0.309277 0.294184
0.309652 0.232660
0.310273 0.250674
0.315326 0.253087
0.317768 0.310330
0.319234 0.280090
0.320037 0.303241
0.320234 0.301384
0.326708 0.406779
0.327688 0.252972
0.328220 0.246688
0.331653 0.308458
0.332102 0.222588
0.332899 0.203004
0.341168 0.336675
0.341374 0.311705
0.341443 0.291080
0.341646 0.333427
0.342952 0.252357
0.343400 0.148808
0.344123 0.278753
0.345019 0.299912
0.345556 0.241148
0.346802 0.243582
0.347292 0.322517
0.348231 0.291337
0.349132 0.344265
0.350800 0.181073
0.354012 0.306469
0.355038 0.389162
0.356141 0.281285
0.362429 0.189455
0.362808 0.297682
0.363521 0.232751
0.363531 0.197070
0.368823 0.490522
0.369735 0.338848
0.371626 0.226036
0.373736 0.211018
0.375162 0.367068
0.376438 0.334199
0.378216 0.433589
0.378360 0.294138
0.378637 0.306361
0.379623 0.348992
0.380410 0.463206
0.380906 0.509483
0.382373 0.273272
0.384933 0.278994
0.385022 0.246117
0.386165 0.422260
0.386390 0.424638
0.388189 0.369344
0.389086 0.357472
0.389765 0.283746
0.390109 0.333279
0.390297 0.256101
0.390885 0.317163
0.393591 0.456372
0.394730 0.424781
0.398920 0.438833
0.402190 0.273204
0.403849 0.483262
0.410804 0.341804
0.412002 0.378164
0.414886 0.288716
0.415741 0.213828
0.418098 0.483619
0.418902 0.396051
0.422292 0.373537
0.423631 0.408137
0.423657 0.272904
0.427433 0.378388
0.427485 0.385803
0.429167 0.343409
0.429579 0.475346
0.429814 0.408209
0.433196 0.484944
0.435610 0.349166
0.438170 0.396166
0.440010 0.294928
0.444737 0.309982
0.447271 0.296244
0.447387 0.449860
0.450027 0.451938
0.450194 0.353984
0.451390 0.413800
0.451601 0.447878
0.452338 0.253502
0.452561 0.383251
0.453257 0.426807
0.456513 0.382376
0.457698 0.436901
0.458465 0.313031
0.466859 0.303311
0.467617 0.642948
0.468538 0.380034
0.470446 0.450235
0.474179 0.462374
0.475191 0.310382
0.475993 0.327086
0.477155 0.443316
0.477965 0.596063
0.480188 0.514495
0.481598 0.563124
0.482874 0.437544
0.485374 0.462840
0.488936 0.380591
0.492290 0.341458
0.493783 0.688773
0.494253 0.365238
0.495240 0.453486
0.495830 0.383895
0.496673 0.445224
0.500582 0.390563
0.503476 0.392943
0.507800 0.393206
0.512173 0.468250
0.516322 0.415386
0.518261 0.392920
0.518371 0.595408
0.519780 0.498973
0.523554 0.523472
0.524352 0.393426
0.526322 0.324307
0.527249 0.426929
0.529408 0.455394
0.530050 0.473980
0.534103 0.496639
0.546546 0.448332
0.548780 0.534660
0.549474 0.493898
0.549917 0.473046
0.551213 0.445129
0.552012 0.504172
0.561209 0.488515
0.561451 0.463083
0.561873 0.431291
0.562863 0.477225
0.568379 0.459497
0.568468 0.548567
0.569298 0.729504
0.570146 0.586773
0.575570 0.587119
0.579143 0.445379
0.581856 0.542936
0.583209 0.443610
0.586990 0.407494
0.587921 0.427486
0.591315 0.434835
0.593500 0.479895
0.597633 0.480075
0.598401 0.418288
0.598916 0.528758
0.602081 0.516053
0.602266 0.552112
0.609133 0.408374
0.610726 0.416395
0.610883 0.433576
0.614150 0.561627
0.615731 0.423839
0.619716 0.557096
0.622994 0.618959
0.627331 0.510323
0.637102 0.501892
0.637579 0.389482
0.642625 0.677430
0.644443 0.562278
0.656577 0.454853
0.663054 0.563427
0.676677 0.500415
0.684275 0.586700
0.685256 0.612533
0.693691 0.593440
0.717106 0.615054
0.724285 0.538387
0.728004 0.646010
0.738338 0.692229
0.750396 0.698257
0.753949 0.575301
0.786558 0.662128
0.802546 0.728848
0.808172 0.639029
0.822374 0.623814
0.829470 0.696601
0.834797 0.640830
0.835827 0.687483
0.844726 0.681811
0.844795 0.736441
0.870473 0.812874
0.886120 0.845143
0.915856 0.773046
0.977840 0.911269
1.000000 1.000000
