0.000000 0.389322
0.009545 0.093948
0.014908 0.267022
0.017540 0.343266
0.019038 1.000000
0.019912 0.160143
0.023520 0.194002
0.024677 0.403430
0.028305 0.925376
0.031010 0.192410
0.031340 0.365538
0.040197 0.288798
0.041536 0.212473
0.044818 0.466516
0.058054 0.176888
0.059528 0.379464
0.066741 0.268613
0.067622 0.286777
0.069793 0.607664
0.069987 0.167737
0.070769 0.194182
0.071275 0.073414
0.072811 0.376968
0.073877 0.050410
0.075626 0.077369
0.077803 0.195685
0.078461 0.071546
0.079311 0.477797
0.080142 0.322531
0.081890 0.095343
0.083056 0.472857
0.083222 0.144047
0.084053 0.152291
0.084740 0.084049
0.085724 0.263466
0.088593 0.192758
0.089890 0.145218
0.092447 0.166672
0.092821 0.225796
0.094773 0.285418
0.094809 0.089097
0.097898 0.138499
0.099644 0.196038
0.099904 0.122710
0.100246 0.039185
0.100535 0.145124
0.100925 0.168666
0.100951 0.104252
0.101167 0.064856
0.101889 0.199127
0.102244 0.111776
0.106231 0.324982
0.113499 0.102513
0.114403 0.046896
0.117933 0.322383
0.121472 0.255257
0.122559 0.216555
0.124213 0.081994
0.124907 0.064906
0.124932 0.128907
0.125648 0.203549
0.125918 0.463140
0.131861 0.071123
0.136412 0.263784
0.139131 0.068201
0.140293 0.016591
0.140974 0.078698
0.141930 0.076689
0.144274 0.120342
0.144616 0.165182
0.145850 0.086177
0.146950 0.167986
0.147000 0.142500
0.147189 0.127262
0.147606 0.085262
0.147985 0.102855
0.149859 0.266457
0.150133 0.105175
0.150912 0.459728
0.151055 0.086175
0.153685 0.134740
0.154749 0.187427
0.155826 0.182771
0.156124 0.082941
0.157511 0.050927
0.157715 0.106002
0.158675 0.437793
0.160311 0.049395
0.161727 0.095540
0.162822 0.192060
0.164276 0.116940
0.166739 0.053385
0.166901 0.050681
0.171696 0.112710
0.172471 0.157111
0.172555 0.198325
0.172879 0.235899
0.173283 0.271124
0.174119 0.131442
0.174130 0.077162
0.174592 0.133012
0.175029 0.057924
0.175614 0.068560
0.178402 0.081218
0.179696 0.220892
0.179913 0.100491
0.181863 0.164708
0.183517 0.315759
0.184847 0.110866
0.185066 0.103636
0.186371 0.066926
0.186456 0.075019
0.186781 0.027204
0.187886 0.048462
0.188269 0.048759
0.188437 0.059790
0.189155 0.132396
0.190892 0.067426
0.191107 0.288153
0.192016 0.082610
0.192227 0.109276
0.193140 0.105660
0.195144 0.072815
0.196249 0.083581
0.196547 0.246616
0.197479 0.160045
0.197711 0.049974
0.199120 0.083670
0.199329 0.225750
0.200142 0.043440
0.200249 0.085461
0.201004 0.116054
0.201379 0.039134
0.202376 0.158219
0.203985 0.073801
0.204826 0.121398
0.205051 0.136590
0.205160 0.059619
0.205899 0.188170
0.205932 0.133363
0.206157 0.055691
0.207160 0.065834
0.207232 0.126385
0.208273 0.091455
0.208647 0.102365
0.209953 0.075581
0.210071 0.119929
0.210132 0.129704
0.211724 0.194162
0.212104 0.072754
0.214298 0.094203
0.218099 0.055449
0.219341 0.089656
0.219804 0.100752
0.220230 0.034612
0.221413 0.062795
0.222887 0.048733
0.223053 0.065448
0.223593 0.098594
0.227456 0.037973
0.228114 0.076222
0.229100 0.047447
0.229715 0.102314
0.229863 0.224967
0.230355 0.066691
0.232776 0.129010
0.234430 0.143209
0.234542 0.240967
0.234615 0.079762
0.234912 0.185721
0.236221 0.065190
0.237543 0.151169
0.238010 0.172525
0.239168 0.157397
0.239924 0.126516
0.243441 0.071566
0.246255 0.137792
0.246403 0.045852
0.247581 0.107613
0.248706 0.096700
0.248929 0.092468
0.249379 0.057744
0.250024 0.039588
0.250431 0.097821
0.251432 0.054137
0.254313 0.097339
0.256070 0.095726
0.256087 0.069616
0.256111 0.095964
0.257019 0.085618
0.257188 0.081006
0.257324 0.064495
0.261118 0.080712
0.261596 0.082056
0.262492 0.090772
0.263045 0.055204
0.263906 0.079789
0.264484 0.085686
0.266757 0.152998
0.268596 0.071899
0.269018 0.027250
0.269106 0.073411
0.269988 0.064149
0.270655 0.054616
0.270899 0.058789
0.271781 0.065928
0.272618 0.122264
0.273855 0.075792
0.274244 0.073635
0.274823 0.062594
0.276653 0.058477
0.277644 0.057049
0.280041 0.047766
0.280104 0.086066
0.280512 0.077143
0.280898 0.056395
0.281373 0.045354
0.282573 0.035905
0.283372 0.044156
0.284177 0.027989
0.285286 0.087431
0.285542 0.089591
0.287304 0.111947
0.289359 0.068736
0.289437 0.058988
0.289955 0.126839
0.290040 0.053242
0.291050 0.059814
0.292884 0.098363
0.292995 0.071025
0.293059 0.042704
0.294007 0.054563
0.294192 0.050013
0.294612 0.073511
0.294825 0.038282
0.297939 0.071007
0.298091 0.117106
0.300120 0.068542
0.300193 0.041509
0.301083 0.068769
0.301360 0.023399
0.302199 0.033220
0.302784 0.079992
0.306348 0.102031
0.307672 0.048576
0.308273 0.034444
0.309429 0.065033
0.312163 0.056979
0.313170 0.073714
0.314160 0.043205
0.314332 0.053977
0.314344 0.034289
0.314353 0.067772
0.314702 0.029603
0.316360 0.055961
0.317767 0.127442
0.317913 0.043433
0.318268 0.071445
0.319184 0.113746
0.319267 0.043246
0.320670 0.052717
0.321055 0.102164
0.323189 0.059428
0.324224 0.042826
0.324515 0.049288
0.324618 0.024507
0.325239 0.054375
0.327219 0.047134
0.328735 0.065898
0.330425 0.059807
0.332285 0.023216
0.332331 0.040696
0.332391 0.041095
0.333153 0.060073
0.333162 0.069472
0.336093 0.046171
0.336669 0.037644
0.336919 0.064291
0.344060 0.046131
0.347002 0.020669
0.349716 0.032787
0.351107 0.058578
0.351309 0.112916
0.351313 0.047263
0.354615 0.097220
0.355970 0.101861
0.356013 0.031254
0.356634 0.050197
0.356847 0.039730
0.357704 0.037856
0.358067 0.111560
0.359193 0.027826
0.359326 0.057885
0.359586 0.026631
0.360425 0.094735
0.360755 0.038357
0.366269 0.081505
0.367078 0.037235
0.367605 0.042005
0.369171 0.038138
0.370529 0.031338
0.371914 0.018978
0.372811 0.033860
0.375021 0.038991
0.376234 0.036946
0.377706 0.083929
0.378904 0.051637
0.381389 0.059113
0.382370 0.038081
0.386004 0.036075
0.386461 0.059171
0.390667 0.028965
0.391783 0.027461
0.393721 0.047836
0.393873 0.035235
0.394685 0.031030
0.394850 0.063330
0.395060 0.061983
0.396732 0.020737
0.396964 0.051107
0.398345 0.040092
0.399531 0.019753
0.399922 0.054303
0.400080 0.048908
0.403247 0.039942
0.403312 0.033918
0.409165 0.068719
0.409897 0.030107
0.410209 0.055888
0.410474 0.018691
0.414490 0.042677
0.414813 0.020632
0.415035 0.034614
0.417618 0.033399
0.417878 0.032982
0.418411 0.061218
0.418823 0.053759
0.419955 0.058887
0.420701 0.032262
0.421876 0.030743
0.423226 0.024808
0.424019 0.016004
0.424984 0.018313
0.425095 0.046429
0.425335 0.036169
0.429898 0.025172
0.430347 0.029220
0.433458 0.036174
0.434050 0.019210
0.435730 0.052708
0.436114 0.040415
0.437781 0.056586
0.438973 0.037539
0.440413 0.031186
0.440991 0.023274
0.441011 0.018184
0.441764 0.029696
0.443157 0.045057
0.445206 0.026538
0.446464 0.040466
0.447629 0.030494
0.447845 0.031378
0.449343 0.026508
0.450199 0.041925
0.450539 0.046513
0.451355 0.018318
0.454587 0.043247
0.457280 0.047638
0.457566 0.028646
0.458184 0.019553
0.463129 0.031468
0.465529 0.037909
0.465916 0.019750
0.466393 0.030664
0.467248 0.026056
0.468235 0.047145
0.469295 0.022115
0.470994 0.007756
0.471134 0.030901
0.473003 0.028578
0.474483 0.039694
0.475451 0.014636
0.475473 0.016050
0.476444 0.032095
0.478740 0.037799
0.479483 0.016823
0.483325 0.042714
0.484380 0.028806
0.488427 0.018511
0.489991 0.056030
0.490859 0.028851
0.491065 0.016270
0.491881 0.025195
0.491969 0.029810
0.494234 0.016479
0.497967 0.013446
0.499036 0.022538
0.500609 0.026553
0.504170 0.026770
0.509287 0.013150
0.509845 0.020072
0.515503 0.025603
0.516358 0.024074
0.517594 0.026437
0.518319 0.026603
0.518963 0.028905
0.519235 0.014425
0.521365 0.025949
0.523961 0.022333
0.524012 0.023196
0.524885 0.037748
0.533070 0.017807
0.535952 0.012502
0.537732 0.020840
0.538648 0.025895
0.539291 0.023938
0.540652 0.017904
0.540849 0.020853
0.541431 0.020678
0.545992 0.014533
0.548218 0.016214
0.554890 0.019083
0.556865 0.026276
0.560848 0.015899
0.564429 0.015893
0.565189 0.021624
0.567727 0.023839
0.568777 0.024703
0.568987 0.034082
0.572514 0.026316
0.573355 0.009806
0.574095 0.016276
0.574802 0.013445
0.574953 0.028932
0.579666 0.022406
0.581062 0.013831
0.581291 0.016548
0.584252 0.011640
0.584664 0.011587
0.586252 0.021874
0.593025 0.016726
0.593421 0.016031
0.596148 0.024574
0.596549 0.010291
0.597125 0.013563
0.599187 0.008778
0.599426 0.016013
0.602334 0.014669
0.603423 0.017434
0.605389 0.014387
0.607663 0.009670
0.619898 0.018800
0.620264 0.025154
0.632078 0.010733
0.632814 0.013682
0.634178 0.013579
0.637187 0.020742
0.638137 0.018621
0.639542 0.011073
0.642585 0.019825
0.661517 0.019596
0.668170 0.011551
0.669322 0.009202
0.670029 0.011250
0.671752 0.011483
0.697343 0.012319
0.704633 0.012077
0.705284 0.010687
0.708292 0.013445
0.716353 0.008047
0.716859 0.014321
0.718753 0.009000
0.723933 0.010831
0.743486 0.009623
0.749967 0.011244
0.751692 0.006453
0.768738 0.005732
0.773003 0.009354
0.784327 0.005833
0.788519 0.005504
0.806303 0.005462
0.817775 0.004015
0.834656 0.005839
0.854267 0.004855
0.904595 0.001584
1.000000 0.000000
