0.000000 0.684081
0.005925 0.732127
0.006545 0.518860
0.006636 0.726306
0.008070 0.220299
0.012117 1.000000
0.014504 0.244995
0.021896 0.846361
0.023558 0.526808
0.025657 0.315122
0.026511 0.940583
0.028610 0.473923
0.029171 0.171899
0.033923 0.289174
0.034341 0.167511
0.034376 0.867377
0.039012 0.180131
0.039679 0.741753
0.040633 0.182981
0.042976 0.221086
0.048664 0.223141
0.049727 0.197379
0.050171 0.274645
0.056079 0.276396
0.060715 0.222667
0.062887 0.225832
0.063103 0.698046
0.065209 0.277151
0.065408 0.484889
0.065950 0.284278
0.068191 0.524635
0.068698 0.169929
0.069703 0.352865
0.070417 0.333477
0.073945 0.147454
0.075060 0.398782
0.075859 0.064477
0.078708 0.282273
0.079832 0.092978
0.084047 0.247158
0.088298 0.181267
0.089589 0.382201
0.091634 0.297667
0.093022 0.175588
0.094396 0.567296
0.094739 0.282340
0.096389 0.250531
0.096816 0.594620
0.097006 0.360988
0.097254 0.699782
0.098116 0.281037
0.098844 0.512053
0.099437 0.242675
0.099489 0.587045
0.103772 0.551329
0.104747 0.419278
0.106729 0.474696
0.107942 0.768243
0.108050 0.072053
0.108940 0.551975
0.109013 0.572119
0.109125 0.258774
0.109346 0.443682
0.112753 0.230858
0.112795 0.233362
0.115331 0.130507
0.115589 0.448072
0.116182 0.185975
0.119335 0.143922
0.120383 0.192157
0.123173 0.383574
0.123373 0.221714
0.123789 0.295828
0.124766 0.352949
0.127142 0.342204
0.127679 0.871787
0.128896 0.243073
0.129721 0.251598
0.130656 0.466148
0.133831 0.275554
0.134311 0.502191
0.134410 0.183885
0.134567 0.406981
0.135030 0.239757
0.135348 0.293932
0.137668 0.252180
0.137764 0.139506
0.140135 0.420203
0.141394 0.444849
0.143639 0.029363
0.144579 0.144292
0.145876 0.335580
0.146004 0.493981
0.147851 0.286978
0.149620 0.230319
0.151946 0.241574
0.154588 0.347573
0.155424 0.807642
0.157065 0.115038
0.157150 0.737833
0.157224 0.312038
0.158457 0.298166
0.159656 0.219171
0.160605 0.293687
0.161167 0.403100
0.162188 0.283977
0.162310 0.233457
0.162797 0.294627
0.163519 0.068561
0.172146 0.421026
0.173524 0.304784
0.173531 0.489832
0.174040 0.353650
0.174642 0.409323
0.175296 0.147538
0.176556 0.184849
0.176718 0.269724
0.178255 0.286136
0.179343 0.402169
0.179605 0.227756
0.180964 0.642486
0.183509 0.466659
0.183950 0.199323
0.184107 0.353289
0.184263 0.120234
0.186235 0.029386
0.186295 0.351856
0.188009 0.298299
0.188349 0.690289
0.189502 0.156727
0.190100 0.274198
0.190610 0.650021
0.190779 0.278295
0.191255 0.129246
0.193654 0.453883
0.194441 0.480510
0.194795 0.622441
0.195299 0.520984
0.196324 0.153797
0.197669 0.094998
0.198132 0.179675
0.198949 0.687492
0.199801 0.450343
0.200930 0.002125
0.202311 0.185139
0.202523 0.280656
0.206653 0.279604
0.209534 0.279149
0.210305 0.309820
0.212283 0.825438
0.212956 0.289579
0.213243 0.173835
0.213497 0.135072
0.214090 0.130477
0.214315 0.267753
0.216149 0.361206
0.217534 0.231303
0.217886 0.145145
0.217963 0.151035
0.219253 0.157049
0.219808 0.175875
0.222266 0.568169
0.222838 0.080402
0.222994 0.232988
0.223344 0.308870
0.223527 0.198961
0.223877 0.178078
0.225031 0.356009
0.225125 0.396422
0.225739 0.046936
0.226093 0.511830
0.226523 0.191212
0.226588 0.234173
0.228342 0.124421
0.228523 0.096214
0.229352 0.332100
0.229767 0.218958
0.230088 0.058350
0.230148 0.547916
0.231185 0.397817
0.232795 0.440961
0.234301 0.380547
0.234396 0.126219
0.235482 0.412186
0.237115 0.430699
0.237322 0.248761
0.237705 0.751459
0.238381 0.266230
0.238680 0.148809
0.239730 0.216574
0.241176 0.491946
0.241326 0.119486
0.241592 0.646119
0.242163 0.265084
0.242616 0.099461
0.244237 0.532389
0.246333 0.262538
0.246986 0.224452
0.249214 0.213209
0.249316 0.086080
0.252076 0.450753
0.252626 0.206860
0.253266 0.167452
0.253343 0.419770
0.254081 0.125346
0.255741 0.372261
0.256849 0.233311
0.256945 0.115169
0.263199 0.235270
0.263725 0.506091
0.265614 0.335595
0.265696 0.161344
0.266458 0.295291
0.269591 0.201829
0.270811 0.183150
0.271269 0.092704
0.274708 0.409709
0.275566 0.232859
0.276064 0.296420
0.277530 0.153275
0.278396 0.239442
0.278992 0.396516
0.281133 0.229819
0.282073 0.241164
0.282832 0.272026
0.283448 0.104272
0.283687 0.222620
0.285586 0.100870
0.286639 0.342893
0.287454 0.419229
0.289238 0.135617
0.289445 0.260125
0.291045 0.190882
0.298535 0.184779
0.300515 0.163189
0.301043 0.107826
0.303668 0.135708
0.305166 0.231818
0.305434 0.168766
0.305644 0.033518
0.306336 0.469146
0.306421 0.270444
0.306454 0.068978
0.306972 0.081693
0.310538 0.149138
0.311386 0.216251
0.311896 0.256731
0.312230 0.108147
0.312552 0.230883
0.312558 0.185997
0.312670 0.132298
0.314759 0.260887
0.315426 0.270716
0.316074 0.175763
0.316813 0.109025
0.317677 0.109484
0.318512 0.159608
0.319011 0.123561
0.319486 0.117346
0.319602 0.408168
0.319957 0.311472
0.321804 0.021030
0.324103 0.353089
0.324830 0.389038
0.325193 0.203315
0.325261 0.062708
0.328468 0.256115
0.332431 0.166800
0.334129 0.304869
0.334756 0.117626
0.336050 0.108691
0.336195 0.153724
0.336401 0.152464
0.336497 0.153592
0.336815 0.394705
0.339238 0.253292
0.339406 0.091346
0.341537 0.153614
0.345702 0.125778
0.345774 0.191609
0.346127 0.089130
0.346631 0.109512
0.347173 0.273991
0.348132 0.114110
0.352034 0.442605
0.352344 0.249595
0.352708 0.096260
0.353763 0.193538
0.356020 0.093424
0.356073 0.204931
0.356083 0.166531
0.357649 0.215956
0.359815 0.145533
0.359962 0.177037
0.360231 0.073422
0.360802 0.249399
0.360950 0.128802
0.362474 0.201790
0.363855 0.055593
0.364813 0.136059
0.366824 0.064654
0.367107 0.182565
0.368115 0.228892
0.368130 0.206281
0.369754 0.180866
0.371017 0.092013
0.371685 0.072432
0.371897 0.033757
0.372031 0.240145
0.373531 0.159159
0.373920 0.074368
0.373976 0.104590
0.374709 0.278564
0.375138 0.122905
0.377098 0.061091
0.377650 0.071237
0.377798 0.131465
0.377808 0.062390
0.379613 0.167970
0.381442 0.111854
0.381974 0.350707
0.382795 0.174150
0.383521 0.220905
0.384035 0.092156
0.385597 0.365226
0.386155 0.135727
0.390790 0.156878
0.391179 0.198550
0.391580 0.159235
0.392126 0.245177
0.392917 0.071092
0.393358 0.078047
0.394160 0.091662
0.394672 0.240968
0.398319 0.075168
0.399714 0.073587
0.400263 0.101370
0.401509 0.088959
0.402109 0.189433
0.402145 0.236283
0.402502 0.126902
0.404908 0.273211
0.406085 0.092204
0.406826 0.086454
0.407798 0.158129
0.408144 0.166131
0.409474 0.148109
0.409575 0.272434
0.409644 0.165208
0.413789 0.096648
0.414710 0.109264
0.414901 0.119341
0.414943 0.144612
0.416715 0.092007
0.419504 0.049295
0.420218 0.180319
0.420563 0.139785
0.421906 0.167113
0.421944 0.047532
0.422377 0.118085
0.423305 0.121745
0.423369 0.147072
0.424005 0.129852
0.426051 0.108049
0.426907 0.274203
0.427802 0.004119
0.428754 0.290980
0.430572 0.112456
0.433170 0.073867
0.434404 0.052783
0.434956 0.063375
0.440271 0.063783
0.443970 0.042955
0.451597 0.120003
0.451937 0.082578
0.453592 0.159935
0.460683 0.056787
0.461605 0.172769
0.466205 0.120304
0.468648 0.043097
0.470938 0.145983
0.472281 0.181501
0.472323 0.114651
0.474346 0.060671
0.474632 0.138150
0.478868 0.189393
0.482284 0.250694
0.483114 0.121895
0.483581 0.110751
0.485355 0.191727
0.485747 0.103843
0.487078 0.054656
0.487320 0.193519
0.489723 0.024867
0.491077 0.173400
0.494941 0.107303
0.495810 0.057848
0.496161 0.109731
0.496257 0.131679
0.501304 0.185293
0.501436 0.106947
0.506418 0.045655
0.507533 0.132780
0.507771 0.095244
0.508124 0.154986
0.508891 0.120304
0.511989 0.155491
0.512486 0.073995
0.513649 0.070154
0.513812 0.171245
0.515187 0.152397
0.517885 0.155350
0.517959 0.170358
0.526374 0.026065
0.527178 0.049250
0.528981 0.035893
0.532323 0.148178
0.533527 0.044050
0.536171 0.070420
0.536790 0.059875
0.539287 0.046185
0.543508 0.217200
0.546480 0.130969
0.547958 0.218595
0.548343 0.075486
0.551296 0.093776
0.552141 0.053537
0.555925 0.103491
0.563426 0.156004
0.567966 0.083150
0.568666 0.145676
0.576611 0.174322
0.578280 0.166913
0.579193 0.094420
0.585774 0.105303
0.586834 0.076875
0.588128 0.151103
0.591225 0.107666
0.596257 0.255044
0.604422 0.048817
0.624824 0.101401
0.629697 0.066458
0.637794 0.074558
0.640901 0.032410
0.644684 0.046562
0.650051 0.044397
0.652124 0.085233
0.653240 0.054429
0.653874 0.035865
0.684106 0.052536
0.687459 0.046166
0.692054 0.033790
0.693991 0.135170
0.704779 0.037570
0.714386 0.077507
0.719396 0.083765
0.719503 0.061939
0.720284 0.091883
0.737711 0.052138
0.743960 0.054137
0.748928 0.136793
0.755352 0.073050
0.784296 0.069842
0.803010 0.041822
0.915009 0.006545
1.000000 0.000000
