0.000000 0.670166
0.005108 0.553162
0.009590 0.824583
0.010909 0.541610
0.014735 0.467478
0.015943 0.557766
0.022373 0.663971
0.025516 0.824948
0.026230 0.684479
0.026776 0.751850
0.028119 0.549677
0.028457 0.779942
0.031035 1.000000
0.032978 0.613982
0.036810 0.399521
0.036850 0.726569
0.039465 0.753311
0.040791 0.452436
0.043427 0.730872
0.044920 0.843101
0.052291 0.558226
0.061783 0.863816
0.062565 0.958669
0.063570 0.711196
0.065347 0.735178
0.068641 0.673960
0.069649 0.632888
0.070245 0.717759
0.070897 0.598303
0.071334 0.531028
0.071811 0.513800
0.073240 0.658723
0.073746 0.452259
0.074663 0.485030
0.075439 0.634420
0.076995 0.588287
0.078290 0.432830
0.079923 0.612322
0.080202 0.735714
0.080589 0.727509
0.080917 0.600813
0.081742 0.390719
0.083521 0.525202
0.084196 0.483552
0.084592 0.508979
0.085426 0.685922
0.087113 0.662863
0.089186 0.592346
0.090166 0.557045
0.091473 0.402392
0.093101 0.326951
0.093121 0.521354
0.093731 0.482892
0.093973 0.521966
0.094588 0.701849
0.095006 0.662499
0.095117 0.619631
0.095239 0.577232
0.095911 0.501967
0.100370 0.774014
0.100450 0.613447
0.100925 0.606384
0.100996 0.548575
0.102769 0.628627
0.102807 0.532934
0.103130 0.657761
0.103280 0.710783
0.103337 0.457604
0.103653 0.458027
0.104927 0.577520
0.104969 0.799975
0.106387 0.756315
0.107086 0.736131
0.107446 0.774139
0.112215 0.562033
0.112447 0.776076
0.113484 0.672167
0.113516 0.350459
0.114727 0.752915
0.115650 0.634919
0.115778 0.886897
0.116231 0.561149
0.116620 0.627857
0.116934 0.723569
0.118042 0.622261
0.118350 0.727159
0.118707 0.692670
0.119116 0.605792
0.119546 0.510739
0.120867 0.786130
0.121282 0.639048
0.122386 0.576056
0.122466 0.467663
0.122958 0.487303
0.124294 0.785282
0.124499 0.534840
0.124649 0.501461
0.126508 0.590708
0.128517 0.835393
0.128619 0.628552
0.129168 0.850897
0.129661 0.717741
0.131721 0.608157
0.131862 0.540619
0.133258 0.519306
0.133911 0.518754
0.134894 0.759564
0.135570 0.573731
0.137096 0.607552
0.137404 0.563243
0.138224 0.529032
0.139782 0.462493
0.140138 0.483599
0.140321 0.681059
0.140922 0.615275
0.141954 0.635617
0.142428 0.611749
0.142829 0.724419
0.143290 0.494084
0.143333 0.684905
0.146024 0.652289
0.147347 0.726231
0.151494 0.674969
0.151595 0.812383
0.151802 0.453812
0.152209 0.597059
0.153591 0.369993
0.153916 0.719253
0.154138 0.706537
0.154620 0.549174
0.154986 0.815995
0.155509 0.508948
0.156061 0.609431
0.156271 0.384338
0.156598 0.565123
0.156733 0.516080
0.158511 0.436631
0.158560 0.584044
0.158987 0.850104
0.159051 0.379013
0.159099 0.545591
0.160445 0.832392
0.160770 0.646895
0.161282 0.691824
0.161456 0.810109
0.161584 0.550774
0.161985 0.651774
0.162106 0.624516
0.163195 0.587535
0.163326 0.987455
0.163886 0.608849
0.164517 0.810044
0.165277 0.600889
0.168268 0.677306
0.168982 0.701558
0.171194 0.690736
0.171470 0.816970
0.176175 0.628190
0.176260 0.453892
0.176474 0.600529
0.176758 0.498218
0.178064 0.666631
0.178789 0.544321
0.180350 0.602262
0.180359 0.731088
0.181121 0.679401
0.182510 0.540177
0.183185 0.688758
0.185431 0.436224
0.185580 0.836468
0.185724 0.563982
0.186069 0.917764
0.186322 0.423933
0.187309 0.778182
0.188862 0.744861
0.189795 0.608901
0.190354 0.592370
0.190886 0.469544
0.190951 0.761489
0.192227 0.489249
0.192972 0.577357
0.193234 0.657896
0.193321 0.348104
0.193874 0.727082
0.194166 0.686499
0.194629 0.552543
0.195061 0.331060
0.195622 0.584657
0.196278 0.516019
0.197202 0.786192
0.198190 0.444616
0.199184 0.838017
0.199454 0.824895
0.199547 0.601584
0.202235 0.739290
0.204076 0.367599
0.204843 0.641721
0.206971 0.472110
0.207379 0.583348
0.208051 0.537265
0.208565 0.755940
0.209386 0.543404
0.209614 0.483654
0.209830 0.437374
0.210515 0.544813
0.212090 0.352195
0.213419 0.550740
0.213693 0.803888
0.214050 0.683092
0.215541 0.569582
0.215729 0.514526
0.216473 0.629506
0.218530 0.561618
0.218741 0.728702
0.218803 0.403091
0.218971 0.384412
0.219563 0.745599
0.219745 0.634170
0.219941 0.548836
0.221311 0.725537
0.222078 0.526496
0.223128 0.830996
0.223402 0.669418
0.223761 0.618506
0.224663 0.560037
0.226112 0.506189
0.226268 0.548592
0.226485 0.681905
0.226527 0.656364
0.227538 0.570864
0.227721 0.611108
0.227788 0.706302
0.228757 0.485676
0.228848 0.706314
0.230274 0.719550
0.230704 0.455766
0.232165 0.579556
0.232353 0.648499
0.232726 0.389012
0.232754 0.586113
0.234466 0.709141
0.234665 0.731072
0.234925 0.620417
0.235065 0.526464
0.235897 0.493770
0.236674 0.697200
0.237410 0.662757
0.238361 0.558620
0.238610 0.499674
0.239837 0.490749
0.240130 0.558143
0.241188 0.569105
0.241370 0.685408
0.241586 0.607538
0.242683 0.523612
0.242981 0.531817
0.243071 0.318553
0.243401 0.476752
0.243704 0.403429
0.246954 0.482239
0.247160 0.585236
0.247278 0.601745
0.248047 0.738445
0.248083 0.541768
0.248897 0.580249
0.249826 0.898009
0.250476 0.787727
0.250672 0.753067
0.251152 0.559262
0.252243 0.575607
0.253109 0.687028
0.253534 0.424262
0.253899 0.500349
0.255263 0.610022
0.256298 0.844788
0.257506 0.659177
0.258172 0.506637
0.258379 0.494798
0.260111 0.500544
0.261758 0.519709
0.261978 0.606261
0.262071 0.511165
0.263011 0.564657
0.263405 0.491179
0.264080 0.609594
0.264984 0.615022
0.265168 0.615730
0.265191 0.627201
0.265231 0.774267
0.266406 0.512681
0.266879 0.587136
0.268048 0.524792
0.268215 0.632920
0.269631 0.600326
0.269821 0.493754
0.270026 0.871626
0.270031 0.704324
0.270913 0.433167
0.271455 0.475446
0.271539 0.844549
0.272583 0.467818
0.272831 0.563087
0.274735 0.581591
0.274816 0.746283
0.275584 0.648429
0.277669 0.751298
0.277871 0.582207
0.278235 0.913830
0.278276 0.770110
0.278949 0.628387
0.279741 0.778776
0.280237 0.889029
0.280570 0.608753
0.281307 0.549370
0.282812 0.807505
0.283363 0.665560
0.283371 0.393654
0.283848 0.731549
0.284802 0.698284
0.285887 0.679409
0.286059 0.616636
0.286378 0.419005
0.289047 0.315621
0.289048 0.505059
0.289087 0.710791
0.290592 0.395560
0.290952 0.253127
0.291791 0.561942
0.293084 0.589223
0.293531 0.552346
0.294557 0.908394
0.294568 0.817227
0.294704 0.474367
0.295301 0.448648
0.295843 0.708661
0.296225 0.381383
0.297299 0.613807
0.297955 0.718613
0.297972 0.556917
0.298071 0.489818
0.298776 0.522093
0.299863 0.729120
0.300405 0.707013
0.301097 0.555673
0.301187 0.465053
0.302752 0.785031
0.302900 0.614443
0.303894 0.534574
0.304380 0.632081
0.304545 0.598452
0.305037 0.489124
0.305550 0.591861
0.305948 0.459853
0.306423 0.519871
0.308307 0.611242
0.308828 0.432086
0.308843 0.625236
0.309563 0.393729
0.309740 0.447259
0.309823 0.669740
0.310518 0.471191
0.314376 0.653171
0.314606 0.827535
0.314958 0.521016
0.315976 0.572391
0.316743 0.658878
0.319147 0.639720
0.319726 0.413665
0.320554 0.770378
0.321407 0.684345
0.321741 0.477961
0.323431 0.625695
0.325604 0.692399
0.325941 0.516658
0.327434 0.391539
0.327544 0.404383
0.327835 0.397036
0.328473 0.491385
0.329685 0.693305
0.330427 0.559057
0.330524 0.622614
0.330744 0.415020
0.331676 0.519112
0.331728 0.443498
0.333487 0.476341
0.334255 0.564140
0.334639 0.640909
0.336552 0.637516
0.336598 0.382277
0.336715 0.490068
0.336820 0.682143
0.337977 0.484721
0.339005 0.530858
0.339752 0.644394
0.339774 0.498623
0.343568 0.505139
0.344563 0.594929
0.345435 0.446263
0.345906 0.445157
0.347369 0.669687
0.347728 0.539082
0.348145 0.784297
0.349111 0.644659
0.349177 0.733165
0.353041 0.648610
0.353717 0.447075
0.353978 0.675234
0.354556 0.651047
0.354596 0.690462
0.354893 0.615609
0.356210 0.603372
0.358304 0.692018
0.359418 0.571785
0.360451 0.499242
0.360668 0.488357
0.361332 0.640854
0.361333 0.514851
0.361661 0.602698
0.361772 0.462725
0.362334 0.456480
0.362344 0.638942
0.363269 0.562408
0.365036 0.757278
0.365190 0.465514
0.365967 0.379566
0.365998 0.709250
0.366614 0.482234
0.367934 0.521628
0.368072 0.795802
0.368174 0.794023
0.368266 0.726044
0.369160 0.464219
0.369386 0.755635
0.371152 0.567350
0.372046 0.317786
0.372117 0.542586
0.372681 0.865700
0.373007 0.693541
0.373022 0.490614
0.373567 0.417216
0.374404 0.593063
0.374587 0.641464
0.374786 0.346133
0.374912 0.450207
0.375341 0.574778
0.375561 0.683742
0.375759 0.680893
0.376061 0.489903
0.377137 0.619199
0.377560 0.507608
0.378855 0.363831
0.379270 0.274293
0.380764 0.515804
0.382397 0.376118
0.383454 0.646266
0.385182 0.574578
0.385270 0.605419
0.387742 0.431515
0.388446 0.552558
0.389846 0.307068
0.391909 0.564817
0.392687 0.473008
0.393594 0.672197
0.399274 0.480453
0.400104 0.461276
0.400132 0.775073
0.401000 0.641045
0.402500 0.399306
0.403561 0.553262
0.403729 0.722015
0.404569 0.667468
0.404949 0.475341
0.405119 0.623442
0.405432 0.743316
0.405637 0.457892
0.405702 0.631278
0.405942 0.879435
0.405967 0.713455
0.407935 0.560131
0.408929 0.812096
0.409382 0.581997
0.409762 0.397122
0.409904 0.609650
0.410695 0.646089
0.412158 0.666091
0.414592 0.687723
0.415839 0.746708
0.416535 0.426942
0.417005 0.323688
0.419334 0.689994
0.420020 0.477817
0.420944 0.621097
0.420990 0.658638
0.421062 0.565073
0.422071 0.938732
0.422955 0.390153
0.423820 0.537320
0.423822 0.573812
0.424350 0.616771
0.425267 0.324966
0.425580 0.624335
0.425741 0.604976
0.426102 0.785518
0.426388 0.588039
0.427487 0.565013
0.428822 0.632594
0.429616 0.523330
0.430024 0.503869
0.431149 0.593940
0.431463 0.671144
0.431546 0.538956
0.433082 0.589758
0.433761 0.874976
0.434342 0.439294
0.434573 0.373701
0.434592 0.605998
0.434740 0.425434
0.434961 0.431369
0.438448 0.642287
0.438513 0.836879
0.439408 0.504481
0.440996 0.612380
0.444880 0.450668
0.446057 0.575240
0.446291 0.579582
0.446477 0.623903
0.447023 0.633319
0.447441 0.513352
0.447995 0.455624
0.448197 0.464150
0.448427 0.845261
0.448620 0.664751
0.448733 0.588901
0.449073 0.684505
0.452642 0.428233
0.454058 0.824484
0.454368 0.435694
0.456250 0.538621
0.456367 0.648292
0.457993 0.584094
0.458309 0.424189
0.459669 0.528914
0.459910 0.531627
0.460526 0.591058
0.461018 0.690282
0.461652 0.373380
0.461853 0.376670
0.462514 0.663599
0.463651 0.526221
0.465334 0.435956
0.465826 0.587082
0.466776 0.694215
0.466922 0.508284
0.467411 0.614986
0.467967 0.766551
0.470035 0.582541
0.472928 0.710727
0.472931 0.491815
0.475962 0.693135
0.476455 0.522282
0.477063 0.390676
0.478560 0.450222
0.480942 0.610841
0.483572 0.421845
0.484080 0.714419
0.484819 0.346046
0.485215 0.775849
0.486657 0.219997
0.489481 0.372162
0.490990 0.286186
0.491354 0.436397
0.491628 0.376196
0.491827 0.411012
0.493890 0.672622
0.497316 0.536948
0.498075 0.551516
0.498180 0.680202
0.498305 0.541179
0.498703 0.720017
0.499556 0.416382
0.499938 0.535295
0.500773 0.445965
0.501931 0.435756
0.502734 0.581309
0.503103 0.850363
0.504215 0.517321
0.504661 0.635388
0.504667 0.820920
0.505259 0.508376
0.505570 0.439585
0.505601 0.556786
0.508457 0.224747
0.508793 0.422087
0.509746 0.430287
0.510594 0.512599
0.512038 0.436512
0.512455 0.595350
0.513027 0.626997
0.514378 0.983513
0.514379 0.508009
0.514576 0.448953
0.515835 0.430450
0.518121 0.682499
0.521698 0.669611
0.522284 0.733105
0.523482 0.630298
0.524554 0.459854
0.526965 0.652877
0.530033 0.461044
0.530379 0.482856
0.530657 0.665991
0.531647 0.665483
0.532408 0.667341
0.534081 0.571495
0.535035 0.541511
0.539721 0.617265
0.540877 0.232715
0.543031 0.426983
0.543915 0.752608
0.544593 0.527525
0.544791 0.402718
0.546334 0.661208
0.546945 0.544167
0.548429 0.851983
0.549628 0.748454
0.553216 0.635196
0.554472 0.723046
0.554862 0.244418
0.555079 0.313232
0.555232 0.475896
0.556741 0.443574
0.559950 0.233787
0.560868 0.652949
0.561510 0.706245
0.564130 0.517268
0.565277 0.764145
0.565456 0.580898
0.569826 0.487464
0.570511 0.389595
0.570518 0.375636
0.571570 0.552806
0.575027 0.349228
0.576940 0.553766
0.579445 0.558972
0.580441 0.586756
0.582052 0.505272
0.586704 0.638014
0.588812 0.483224
0.589587 0.532648
0.590081 0.664800
0.595625 0.487486
0.596456 0.552399
0.602560 0.411305
0.604210 0.316479
0.605407 0.876169
0.608498 0.701502
0.608763 0.767046
0.613494 0.630276
0.613823 0.549466
0.623278 0.544127
0.629385 0.652942
0.633597 0.556606
0.633880 0.685955
0.635198 0.387065
0.639128 0.496538
0.658033 0.477547
0.659397 0.163800
0.660763 0.629033
0.664177 0.593440
0.664859 0.290589
0.670034 0.281319
0.670618 0.748642
0.670813 0.441656
0.670980 0.609805
0.671267 0.553135
0.674763 0.547217
0.677000 0.611026
0.679321 0.265701
0.683428 0.630370
0.686863 0.455103
0.688802 0.375177
0.688834 0.118463
0.690587 0.398904
0.700506 0.414241
0.701953 0.602536
0.706832 0.620407
0.708935 0.547244
0.717718 0.413787
0.718778 0.068107
0.721944 0.584625
0.728219 0.442745
0.728354 0.283691
0.728539 0.623368
0.737566 0.428940
0.738010 0.666207
0.744630 0.821161
0.747501 0.375709
0.748587 0.508514
0.754040 0.504525
0.755342 0.261948
0.758158 0.541587
0.760731 0.614602
0.762728 0.564488
0.765093 0.490695
0.767195 0.877151
0.775950 0.633585
0.789212 0.292471
0.798624 0.561307
0.803768 0.444614
0.817471 0.342612
0.837545 0.789471
0.857395 0.605186
0.871677 0.399257
0.927555 0.237884
0.955449 0.778692
0.994299 0.230288
1.000000 0.000000
