0.000000 0.488221
0.006326 0.423973
0.022941 0.411716
0.042320 0.604007
0.047706 0.553287
0.048076 0.666873
0.049847 0.651061
0.050170 0.471660
0.056875 0.619100
0.059379 0.609858
0.059797 0.549898
0.061824 0.710135
0.062191 0.677524
0.063075 0.387332
0.065193 0.582373
0.070116 0.676185
0.070917 0.681064
0.078528 0.563671
0.080681 0.550175
0.083968 0.532598
0.088892 0.491566
0.091887 0.711341
0.092795 0.698795
0.093684 0.512357
0.095162 0.681123
0.096479 0.533921
0.101071 0.696913
0.101314 0.464785
0.101862 0.402984
0.104616 0.395635
0.106818 0.474409
0.107209 0.358435
0.108645 0.691424
0.109937 0.620017
0.109966 0.622175
0.110557 0.575986
0.113695 0.776781
0.114161 0.461724
0.119324 0.484319
0.124254 0.742245
0.124432 0.405003
0.128564 0.514310
0.129273 0.453791
0.129934 0.410375
0.130957 0.552726
0.132056 0.390172
0.132301 0.567050
0.132722 0.681262
0.133537 0.665957
0.135658 0.541792
0.137607 0.479126
0.138172 0.316365
0.138856 0.461297
0.143362 0.614762
0.146547 0.458086
0.147453 0.470947
0.147660 0.611785
0.147715 0.707964
0.148200 0.635662
0.148511 0.697810
0.150925 0.572637
0.151767 0.625550
0.152210 0.626455
0.152815 0.514602
0.153368 0.794328
0.154562 0.485894
0.155625 0.589071
0.155650 0.782807
0.156585 0.585323
0.157044 0.332185
0.157519 0.563705
0.161325 0.482821
0.161523 0.504245
0.162739 0.320574
0.164445 0.565471
0.164620 0.476556
0.167553 0.307924
0.167981 0.418710
0.170003 0.650932
0.171270 0.413126
0.173281 0.468430
0.174981 0.571396
0.176035 0.567555
0.176893 0.771006
0.178420 0.594129
0.181964 0.748700
0.182950 0.399172
0.185060 0.478111
0.185800 0.794931
0.185891 0.750788
0.186383 0.630716
0.187084 0.597116
0.187263 0.564106
0.187269 0.789357
0.187788 0.728260
0.188703 0.475580
0.191423 0.335068
0.191866 0.529393
0.192283 0.818126
0.193748 0.305945
0.194160 0.476794
0.194282 0.524841
0.195346 0.699987
0.196572 0.575258
0.197639 0.367212
0.197699 0.665101
0.198494 0.638886
0.198865 0.522781
0.200364 0.591914
0.200694 0.667781
0.201457 0.526545
0.201649 0.654822
0.203716 0.600122
0.204679 0.805945
0.204737 0.454851
0.204993 0.384318
0.205006 0.528031
0.207152 0.470903
0.208168 0.653229
0.209397 0.438800
0.209479 0.757542
0.210810 0.500634
0.212134 0.561558
0.213701 0.481828
0.213901 0.559567
0.214308 0.528920
0.214312 0.615942
0.214472 0.815157
0.214514 0.448938
0.214567 0.396918
0.215971 0.417221
0.218261 0.574048
0.227352 0.504537
0.228391 0.912503
0.229739 0.409415
0.229765 0.671662
0.230684 0.464177
0.230701 0.706224
0.231125 0.474658
0.232121 0.548013
0.232651 0.699481
0.233865 0.570755
0.236027 0.496369
0.237438 0.550111
0.237439 0.606335
0.238352 0.682045
0.239676 0.495329
0.240113 0.698733
0.240525 0.695552
0.240620 0.702540
0.240886 0.570127
0.241515 0.634493
0.241907 0.584531
0.242603 0.594184
0.242664 0.581492
0.245158 0.537688
0.246788 0.521345
0.246864 0.532952
0.248081 0.621134
0.248290 0.624073
0.249119 0.614093
0.249575 0.493189
0.250227 0.602562
0.250828 0.507504
0.250874 0.592108
0.258056 0.672402
0.259483 0.531290
0.259873 0.710995
0.262268 0.454407
0.262283 0.596446
0.262576 0.708424
0.263643 0.642093
0.263703 0.570283
0.264128 0.590078
0.264154 0.470079
0.264949 0.499780
0.265262 0.559391
0.267294 0.818195
0.267675 0.338456
0.267842 0.515191
0.269289 0.681142
0.269520 0.650397
0.269600 0.559449
0.270661 0.447911
0.271051 0.343112
0.271235 0.479836
0.271969 0.322527
0.273634 0.405281
0.273729 0.574100
0.277009 0.550446
0.280199 0.475012
0.280486 0.406666
0.281719 0.509322
0.281876 0.565908
0.283743 0.555273
0.286721 0.541694
0.287103 0.743186
0.287394 0.349217
0.287869 0.739239
0.288451 0.492122
0.288536 0.645373
0.288636 0.598057
0.291642 0.585708
0.292798 0.738543
0.293971 0.754503
0.294112 0.445874
0.295907 0.609230
0.296261 0.805423
0.297090 0.529876
0.298070 0.734612
0.298583 0.625188
0.299075 0.704476
0.300052 0.677096
0.300283 0.628258
0.301459 0.493779
0.301603 0.470279
0.303579 0.598336
0.303883 0.800342
0.304092 0.699477
0.305478 0.636066
0.305666 0.646294
0.306610 0.663965
0.306714 0.468465
0.308439 0.545902
0.308767 0.333861
0.309233 0.684171
0.309967 0.652069
0.310787 0.405573
0.312367 0.580196
0.313168 0.555553
0.313540 0.476012
0.316927 0.778424
0.317113 0.640166
0.317140 0.736388
0.318176 0.786055
0.320602 0.808944
0.321664 0.435710
0.322459 0.637142
0.322474 0.622952
0.323048 0.595096
0.323943 0.761154
0.323946 0.596706
0.324783 0.494316
0.327405 0.285649
0.327490 0.726456
0.328665 0.457934
0.330779 0.631868
0.333262 0.678312
0.335015 0.478850
0.335056 0.696387
0.336032 0.567295
0.336351 0.594799
0.336428 0.657234
0.336856 0.638001
0.337482 0.574252
0.337876 0.675467
0.338315 0.710152
0.338489 0.492205
0.341517 0.621941
0.342721 0.679458
0.343842 0.540778
0.345273 0.585307
0.345328 0.627078
0.345481 0.670435
0.346695 0.574019
0.347196 0.608629
0.347198 0.416604
0.347840 0.646800
0.351140 0.587771
0.351955 0.637627
0.353903 0.574000
0.354064 0.492696
0.355785 0.658100
0.355977 0.825006
0.356884 0.658871
0.356943 0.688586
0.359242 0.518813
0.359470 0.668522
0.360905 0.684710
0.360966 0.694626
0.361825 0.596692
0.362020 0.661758
0.362223 0.395692
0.362253 0.660043
0.363039 0.415761
0.363537 0.726197
0.363657 0.529181
0.365074 0.654892
0.365089 0.673782
0.365160 0.569071
0.368117 0.701710
0.368911 0.496356
0.370281 0.775350
0.372839 0.806253
0.372978 0.652157
0.373226 0.570055
0.374954 0.684315
0.375372 0.738418
0.375945 0.610187
0.376958 0.959323
0.377279 0.465849
0.377300 0.686044
0.377996 0.464671
0.379357 0.638502
0.379726 0.455692
0.381118 0.431973
0.381370 0.727250
0.381561 0.448151
0.381852 0.446475
0.382799 0.537536
0.384474 0.447539
0.386174 0.789229
0.386951 0.717607
0.389010 0.686558
0.389132 0.479731
0.390313 0.767744
0.390540 0.497913
0.390939 0.512404
0.391937 0.768711
0.393251 0.508791
0.393286 0.657553
0.394319 0.927915
0.395566 0.609619
0.395614 0.665242
0.395655 0.600644
0.396993 0.733513
0.399299 0.721698
0.399325 0.546887
0.399326 0.662252
0.399693 0.812390
0.400035 0.507677
0.400083 0.771979
0.400361 0.633543
0.400716 0.451118
0.401323 0.587790
0.402630 0.700709
0.403288 0.554239
0.403765 0.543183
0.404435 0.476426
0.407662 0.471088
0.407694 0.793816
0.409376 0.412153
0.409774 0.647186
0.409784 0.582140
0.410311 0.553153
0.411169 0.443094
0.415258 0.681785
0.417180 0.734439
0.418726 0.598335
0.419303 0.684948
0.419958 0.455619
0.420204 0.544909
0.421164 0.529620
0.424437 0.848782
0.424898 0.493217
0.429382 0.729688
0.429689 0.495303
0.430112 0.845016
0.430746 0.388670
0.431849 0.621308
0.432571 0.470728
0.434271 0.534371
0.437381 0.491641
0.438395 0.433430
0.441281 0.631165
0.443586 0.452048
0.444791 0.659177
0.445148 0.663149
0.445792 0.508202
0.446112 0.572941
0.446392 0.523066
0.446985 0.638462
0.448985 0.764362
0.454386 0.685925
0.455607 0.634417
0.456670 0.467493
0.456689 0.256218
0.459347 0.658236
0.460074 0.559313
0.461104 0.505095
0.461754 0.422733
0.462124 0.622531
0.462841 0.800932
0.463099 0.599227
0.465426 0.688199
0.466770 0.738038
0.466881 0.478563
0.467420 0.743407
0.468954 0.737205
0.469622 0.000000
0.472898 0.570395
0.473665 0.475456
0.475168 0.598953
0.475538 0.577701
0.478753 0.608012
0.479843 0.588674
0.479886 0.489211
0.481695 0.714117
0.483023 0.654594
0.487145 0.509764
0.487602 1.000000
0.487937 0.600561
0.487939 0.686397
0.488021 0.776608
0.488622 0.492690
0.488707 0.622592
0.488784 0.720032
0.489108 0.495817
0.490915 0.588892
0.491510 0.531917
0.493419 0.911041
0.493473 0.595296
0.495146 0.716063
0.496408 0.537287
0.497627 0.541243
0.498802 0.557673
0.500310 0.492487
0.500328 0.616480
0.500677 0.598498
0.501284 0.576756
0.501935 0.541678
0.502501 0.444527
0.503388 0.537374
0.506895 0.701116
0.506924 0.618235
0.507363 0.564719
0.509756 0.478689
0.509971 0.640368
0.510098 0.675731
0.510603 0.668059
0.511346 0.641694
0.512155 0.575807
0.513080 0.739590
0.514144 0.562308
0.515512 0.676773
0.515749 0.317296
0.516136 0.914040
0.516713 0.514579
0.517065 0.499548
0.517898 0.998716
0.518194 0.841063
0.520568 0.555359
0.522073 0.655690
0.523093 0.851334
0.527151 0.656122
0.528368 0.498138
0.529609 0.567964
0.532263 0.670520
0.533575 0.509491
0.536785 0.452108
0.538922 0.626309
0.542962 0.695717
0.543198 0.451842
0.544087 0.735835
0.545576 0.662713
0.546373 0.577236
0.546912 0.632579
0.546968 0.685146
0.548914 0.706478
0.556834 0.737604
0.558108 0.539823
0.560540 0.809494
0.561178 0.718151
0.564792 0.620034
0.565002 0.586462
0.566664 0.905566
0.567807 0.639760
0.571238 0.740617
0.575808 0.599711
0.577298 0.558926
0.578163 0.422364
0.582036 0.637113
0.585875 0.535011
0.586264 0.352026
0.587694 0.618801
0.588503 0.697145
0.589616 0.795216
0.595750 0.613246
0.596631 0.533834
0.604808 0.862250
0.606607 0.755455
0.607103 0.677269
0.610462 0.591937
0.620221 0.759167
0.627035 0.419157
0.635088 0.725939
0.637901 0.495772
0.641239 0.857528
0.645575 0.464343
0.648061 0.868416
0.648590 0.663534
0.649861 0.753530
0.650510 0.855265
0.650992 0.371144
0.654107 0.673304
0.657280 0.553752
0.662702 0.476458
0.666616 0.665649
0.668134 0.735525
0.671538 0.980767
0.681563 0.790972
0.682238 0.677891
0.687446 0.494254
0.689119 0.732165
0.693027 0.764450
0.693445 0.674428
0.693978 0.795345
0.697828 0.495957
0.702930 0.576332
0.705137 0.551892
0.706392 0.592147
0.715828 0.746146
0.726637 0.759596
0.729866 0.728220
0.730458 0.509870
0.731994 0.530980
0.733956 0.702002
0.744287 0.741029
0.755258 0.909013
0.762014 0.460029
0.763559 0.522228
0.775391 0.577676
0.779176 0.760297
0.782260 0.864616
0.784844 0.676967
0.808418 0.741996
0.817840 0.859805
0.823467 0.365996
0.825187 0.794687
0.834252 0.777133
0.877793 0.625523
0.897797 0.747126
0.923289 0.677103
0.957657 0.700063
0.963065 0.950527
1.000000 0.597438
