0.000000 0.157009
0.015712 0.476619
0.021528 0.230374
0.029885 0.525092
0.031538 0.476547
0.033480 0.678487
0.035285 0.438803
0.039979 0.281068
0.046713 0.271708
0.048762 0.629939
0.049200 0.498202
0.051378 0.457087
0.058467 0.237259
0.060687 0.232489
0.065248 0.430854
0.065999 0.746040
0.070815 0.359358
0.073811 0.405417
0.073877 0.428416
0.078076 0.414551
0.078230 0.334752
0.078741 0.432416
0.082066 0.510509
0.085088 0.770620
0.085256 0.826688
0.085534 0.464607
0.086121 0.299360
0.089862 0.435111
0.092976 0.638079
0.094221 0.349358
0.094398 0.311225
0.095996 0.399466
0.098648 0.503978
0.098724 0.456477
0.099457 0.327505
0.101223 0.475158
0.101413 0.550909
0.103849 0.566175
0.109168 0.631016
0.109187 0.580478
0.112188 0.568432
0.113595 0.452425
0.113852 0.494286
0.114750 0.449776
0.115101 0.637845
0.115727 0.331272
0.116745 0.414707
0.116901 0.336419
0.117777 0.532678
0.118817 0.393289
0.118845 0.500373
0.123904 0.570114
0.124263 0.189029
0.125130 0.345419
0.126203 0.372933
0.129880 0.456759
0.130044 0.470107
0.131364 0.394678
0.132492 0.234577
0.133867 0.262363
0.134350 0.445318
0.135606 0.302480
0.135893 0.514937
0.136111 0.525681
0.136145 0.428267
0.138130 0.544327
0.138600 0.412832
0.139342 0.447483
0.143587 0.384204
0.144865 0.431099
0.145243 0.445958
0.146813 0.616665
0.148899 0.214152
0.149833 0.432374
0.149846 0.449145
0.151490 0.371393
0.155635 0.407321
0.156175 0.474027
0.157567 0.277089
0.161331 0.560238
0.162596 0.323445
0.162730 0.616700
0.162956 0.408490
0.164097 0.284107
0.164170 0.325762
0.165460 0.607987
0.165735 0.384175
0.166091 0.443183
0.166278 0.306476
0.166434 0.625914
0.166573 0.374622
0.166680 0.410833
0.167376 0.604263
0.168399 0.347963
0.168433 0.451067
0.169627 0.376076
0.169650 0.370854
0.170785 0.409597
0.175025 0.592745
0.176955 0.474948
0.178270 0.311590
0.180374 0.241647
0.182687 0.344653
0.182856 0.568201
0.184803 0.260173
0.185032 0.527805
0.185063 0.514532
0.185240 0.578332
0.187463 0.324830
0.188440 0.519666
0.188603 0.402910
0.189640 0.452083
0.189753 0.463646
0.189850 0.249802
0.190106 0.326705
0.192037 0.402942
0.192046 0.416973
0.192617 0.613676
0.193260 0.441033
0.195629 0.457473
0.197826 0.389100
0.198052 0.512328
0.198717 0.422140
0.199027 0.238674
0.200963 0.382451
0.201670 0.459701
0.204286 0.426760
0.205477 0.219984
0.206998 0.494468
0.208057 0.439316
0.208564 0.578294
0.208794 0.583554
0.208829 0.413642
0.208987 0.522248
0.209571 0.292267
0.209599 0.436891
0.211139 0.461015
0.213712 0.643217
0.214019 0.518085
0.214487 0.236352
0.214506 0.337751
0.215182 0.338281
0.215798 0.536549
0.216747 0.450868
0.217059 0.450230
0.217806 0.596185
0.220043 0.424833
0.220808 0.392795
0.221021 0.691549
0.221022 0.361066
0.221762 0.471039
0.222651 0.564778
0.222938 0.309743
0.223013 0.594021
0.223570 0.582912
0.225129 0.318811
0.225369 0.295468
0.225744 0.494619
0.227972 0.349592
0.227997 0.475381
0.228591 0.538498
0.228939 0.321268
0.229816 0.633638
0.230721 0.211317
0.230838 0.614420
0.232633 0.283012
0.232743 0.484369
0.234029 0.215555
0.235241 0.513728
0.235496 0.349967
0.236963 0.427013
0.237245 0.567058
0.238663 0.505648
0.239287 0.278053
0.239411 0.307664
0.239536 0.245320
0.241582 0.515493
0.245037 0.440888
0.246823 0.476338
0.247747 0.457489
0.248630 0.395693
0.250483 0.592032
0.252026 0.376461
0.252340 0.434607
0.254852 0.555548
0.254966 0.533438
0.255876 0.485431
0.255969 0.377991
0.256925 0.521197
0.258322 0.450193
0.260040 0.656888
0.260107 0.681455
0.260274 0.339092
0.260524 0.410237
0.260625 0.255182
0.260844 0.546771
0.260902 0.462920
0.262023 0.505313
0.263856 0.232903
0.263869 0.441702
0.264675 0.450124
0.264924 0.651991
0.267338 0.538022
0.268123 0.514841
0.268315 0.460657
0.268986 0.386335
0.269045 0.358101
0.269390 0.430260
0.269529 0.733352
0.271234 0.382990
0.271324 0.640635
0.271766 0.497193
0.272331 0.328661
0.272466 0.319853
0.272563 0.543557
0.273200 0.186268
0.273654 0.482428
0.274286 0.293612
0.275920 0.402606
0.277080 0.467786
0.279406 0.433587
0.279495 0.354437
0.280653 0.575888
0.283203 0.579982
0.283756 0.380285
0.287364 0.753834
0.287837 0.434598
0.288593 0.332162
0.288898 0.447776
0.289234 0.622073
0.289855 0.217900
0.290589 0.505489
0.290626 0.276210
0.290719 0.439926
0.291443 0.558396
0.291489 0.574901
0.292975 0.128823
0.293141 0.285849
0.293288 0.483460
0.293455 0.673272
0.296666 0.403065
0.296814 0.461312
0.297230 0.681758
0.297318 0.525337
0.298688 0.174952
0.299628 0.370922
0.299915 0.421890
0.300476 0.575466
0.301044 0.559608
0.301594 0.486497
0.301869 0.433303
0.303336 0.613814
0.305736 0.365014
0.307058 0.492237
0.307189 0.555839
0.307846 0.424523
0.309049 0.441399
0.311046 0.371164
0.312585 0.418700
0.313260 0.183275
0.313769 0.710945
0.314100 0.461660
0.314424 0.630775
0.315130 0.678631
0.317271 0.306677
0.317826 0.359653
0.318423 0.586288
0.321298 0.389678
0.322105 0.622270
0.322375 0.493558
0.322530 0.617289
0.322967 0.303403
0.323688 0.408878
0.324525 0.342260
0.324950 0.600256
0.325222 0.406419
0.326064 0.612725
0.326397 0.493359
0.326423 0.500125
0.326873 0.411759
0.327240 0.444109
0.327812 0.366677
0.328178 0.369749
0.328621 0.336901
0.329307 0.331709
0.329595 0.431531
0.330598 0.381309
0.331719 0.348824
0.332271 0.349511
0.332588 0.503620
0.333033 0.398326
0.333064 0.734177
0.333164 0.498929
0.336322 0.368959
0.338209 0.375953
0.338525 0.266177
0.339492 0.823117
0.340710 0.475848
0.340822 0.661434
0.341064 0.430812
0.344853 0.458218
0.347526 0.748284
0.347590 0.435119
0.347665 0.666243
0.348003 0.401738
0.349023 0.705009
0.349138 0.435625
0.349480 0.392134
0.349959 0.607129
0.352668 0.537680
0.355544 0.541117
0.355645 0.791666
0.356492 0.495598
0.357012 0.563738
0.358045 0.336352
0.358220 0.484722
0.359159 0.387788
0.359883 0.256496
0.360972 0.620027
0.361523 0.411336
0.362906 0.541100
0.363024 0.343355
0.364115 0.496866
0.364424 0.662806
0.365058 0.278689
0.366527 0.409766
0.366947 0.450364
0.367212 0.398202
0.368397 0.330028
0.368564 0.295705
0.371472 0.376982
0.372974 0.729337
0.375708 0.450895
0.375756 0.499560
0.376583 0.913443
0.377365 0.612465
0.377384 0.631613
0.377484 0.484579
0.377926 0.451242
0.379455 0.261404
0.380086 0.344228
0.380622 0.478662
0.380849 0.390776
0.381047 0.570902
0.383424 0.672789
0.384926 0.450897
0.385548 0.601050
0.386056 0.283140
0.389570 0.224795
0.391255 0.816076
0.393597 0.481927
0.396136 0.458121
0.398798 0.353432
0.398952 0.494639
0.399184 0.612467
0.400798 0.432550
0.401160 0.376844
0.401403 0.476540
0.402341 0.436408
0.403000 0.020716
0.404323 0.514299
0.405488 0.481905
0.407936 0.776671
0.410422 0.346497
0.410479 0.308389
0.410984 0.365674
0.411208 0.510169
0.411285 0.427507
0.411507 0.390245
0.411539 0.475908
0.411945 0.220186
0.412226 0.412983
0.412558 0.660299
0.412750 0.000000
0.414969 0.540808
0.416692 0.158894
0.417100 0.582060
0.417187 0.349347
0.417502 0.693202
0.417872 0.326421
0.418529 0.604664
0.420022 0.243310
0.421379 0.441794
0.422435 0.461064
0.424940 0.733761
0.424966 0.301954
0.425064 0.654644
0.426466 0.137846
0.426883 0.273037
0.427139 0.263021
0.427380 0.416297
0.427982 0.492108
0.428174 0.160971
0.428927 0.361232
0.430411 0.610550
0.430421 0.327456
0.431471 0.330516
0.432130 0.452606
0.432742 0.615333
0.435622 0.547318
0.435838 0.490263
0.436403 0.342899
0.436897 0.651499
0.440302 0.578891
0.441832 0.444250
0.442518 0.515387
0.442561 0.294310
0.444065 0.350305
0.444150 0.549911
0.444258 0.678406
0.445048 0.375266
0.445986 0.323640
0.446031 0.808408
0.447252 0.215282
0.447956 0.328891
0.448561 0.636862
0.451219 0.634729
0.452802 0.274136
0.453026 0.373834
0.456397 0.585673
0.456761 0.528732
0.457573 0.593222
0.458095 0.091414
0.458304 0.413230
0.458709 0.512230
0.458811 0.328340
0.459267 0.660472
0.459309 0.453724
0.461157 0.468096
0.461377 0.416183
0.461651 0.614371
0.462581 0.279856
0.464529 0.915869
0.465046 0.234823
0.469918 0.707941
0.471458 0.626781
0.471780 0.532098
0.473589 0.533905
0.473718 0.591792
0.474175 0.221815
0.474296 0.489832
0.475311 0.574151
0.479329 0.532293
0.479651 0.119610
0.483611 0.350667
0.484440 0.419595
0.485100 0.387707
0.487953 0.350877
0.488660 0.434968
0.494343 0.658295
0.494924 0.348494
0.496368 0.867823
0.498222 0.724024
0.498477 0.190739
0.498933 0.263815
0.499898 0.041442
0.500657 0.140879
0.503248 0.749366
0.503759 0.026780
0.505438 0.754578
0.506337 0.745092
0.506983 0.537503
0.507149 0.069841
0.508039 0.791931
0.509901 0.672829
0.511373 0.572109
0.512119 0.343942
0.512631 0.530818
0.513137 0.065351
0.513224 0.437769
0.513749 0.534263
0.513914 0.357783
0.514869 0.667451
0.515049 0.498235
0.517068 0.501131
0.518394 0.267452
0.518602 0.497720
0.518697 0.297802
0.519188 0.660781
0.519730 0.702440
0.520711 0.597542
0.521383 0.286855
0.522436 0.414076
0.524192 0.518411
0.528639 0.416717
0.530164 0.328572
0.530293 0.397124
0.530781 0.183570
0.535098 0.274401
0.538917 0.501738
0.541162 0.568301
0.541734 0.773925
0.541856 0.509207
0.544418 0.432921
0.546918 0.544173
0.547519 0.548351
0.547539 0.776407
0.553823 0.190387
0.555314 0.408334
0.556488 0.599282
0.556937 0.629062
0.558503 0.491547
0.559809 0.294808
0.560142 0.035352
0.560528 0.253764
0.563477 0.622036
0.568418 0.595480
0.568740 0.410102
0.568936 0.462203
0.569395 0.514450
0.571136 0.475960
0.571557 0.513596
0.574711 0.498048
0.576472 0.546511
0.579261 0.531412
0.580045 0.509454
0.585197 0.537872
0.588524 0.744984
0.589938 0.230981
0.590730 0.416472
0.592947 0.617314
0.594136 0.267175
0.594247 0.090683
0.597728 0.254623
0.608745 0.403760
0.609223 0.634967
0.610901 0.478040
0.610995 0.671718
0.614766 0.358355
0.615440 0.629048
0.616994 0.518982
0.619663 0.422694
0.619960 0.426919
0.634910 0.501705
0.638625 0.222189
0.639416 0.697419
0.640261 0.479777
0.643715 0.784837
0.644690 0.712101
0.647484 0.278323
0.649642 0.800063
0.653921 0.406389
0.654703 0.627017
0.654789 0.720598
0.658094 0.492353
0.659236 0.285302
0.660778 0.839042
0.661083 0.486082
0.662377 0.239452
0.664841 0.420917
0.665077 0.181854
0.665834 0.145716
0.666933 0.345292
0.670987 0.610483
0.671523 0.286397
0.673302 0.238421
0.675943 0.529395
0.680015 0.303241
0.682491 1.000000
0.686351 0.161029
0.687181 0.392992
0.688940 0.770217
0.691454 0.336134
0.702350 0.485913
0.708049 0.506730
0.708638 0.340683
0.711479 0.454744
0.725088 0.417544
0.726095 0.338850
0.728455 0.811862
0.730036 0.835220
0.738822 0.232064
0.741175 0.272759
0.743439 0.339525
0.744914 0.404799
0.750646 0.923036
0.758352 0.450454
0.761091 0.670498
0.761621 0.175186
0.768755 0.283536
0.783363 0.205058
0.783864 0.627947
0.788820 0.376088
0.790220 0.458829
0.791019 0.742941
0.817899 0.385514
0.857946 0.892252
0.859815 0.370235
0.894066 0.522107
0.909555 0.494507
0.941667 0.748755
0.969150 0.454551
1.000000 0.257760
