0.000000 0.144434
0.001929 0.519449
0.003775 0.365693
0.009632 0.385934
0.016700 0.317823
0.017509 0.416996
0.021807 0.338802
0.023779 0.217530
0.026577 0.243367
0.027854 0.483745
0.030682 0.462308
0.033567 0.535150
0.036763 0.513363
0.038530 0.574283
0.038617 0.281441
0.041485 0.347464
0.044178 0.262834
0.045214 0.359373
0.047826 0.508833
0.047926 0.569529
0.048891 0.417996
0.049646 0.668851
0.050292 0.479230
0.050310 0.328323
0.050332 0.553528
0.051164 0.620780
0.051650 0.558444
0.051927 0.544516
0.052237 0.524465
0.056047 0.651261
0.056375 0.681798
0.056384 0.413940
0.057035 0.450806
0.058376 0.506229
0.058418 0.488684
0.060066 0.442182
0.060123 0.460632
0.060382 0.282977
0.064525 0.492915
0.064846 0.305253
0.067848 0.460185
0.067871 0.497546
0.068074 0.434213
0.069486 0.521203
0.070323 0.636434
0.070495 0.651415
0.070798 0.234948
0.071017 0.405139
0.071036 0.280184
0.073889 0.547375
0.074633 0.444502
0.074892 0.365858
0.076734 0.575834
0.079424 0.606458
0.079570 0.386871
0.079690 0.276350
0.079854 0.382753
0.081021 0.615608
0.081676 0.432697
0.083066 0.359221
0.083089 0.553373
0.084033 0.511210
0.084381 0.439286
0.084685 0.487647
0.084974 0.447514
0.085575 0.410960
0.086090 0.471166
0.088031 0.384097
0.088059 0.340268
0.088639 0.496166
0.089903 0.527562
0.090144 0.471341
0.090166 0.557367
0.090374 0.451240
0.090496 0.767387
0.090647 0.418450
0.091325 0.512673
0.092056 0.349654
0.092973 0.371466
0.095013 0.474719
0.095267 0.533161
0.095925 0.630785
0.096267 0.400496
0.097236 0.462306
0.097460 0.563696
0.099293 0.137943
0.103965 0.516768
0.103973 0.463501
0.104662 0.562984
0.104666 0.408829
0.104778 0.408827
0.106012 0.763479
0.106145 0.436914
0.107004 0.539882
0.107536 0.557675
0.107859 0.437932
0.108159 0.306815
0.108368 0.570492
0.108418 0.589598
0.108452 0.532761
0.109124 0.494650
0.109230 0.672599
0.110423 0.642062
0.110712 0.491039
0.110730 0.383448
0.110920 0.512529
0.111003 0.281751
0.111582 0.504536
0.111962 0.438958
0.112976 0.491862
0.113281 0.405163
0.113441 0.344691
0.115241 0.514282
0.115586 0.585505
0.116360 0.516948
0.117368 0.512526
0.117671 0.428437
0.117875 0.439406
0.118154 0.397893
0.118192 0.568216
0.119496 0.575202
0.119971 0.263183
0.120054 0.465003
0.120211 0.577030
0.120301 0.686417
0.120736 0.471909
0.120832 0.652290
0.120923 0.355780
0.121251 0.307543
0.121657 0.438197
0.121730 0.526082
0.122151 0.524937
0.123090 0.766465
0.123275 0.583931
0.123731 0.269933
0.123809 0.500070
0.125517 0.514385
0.125660 0.425189
0.125746 0.643093
0.126127 0.462136
0.126698 0.717527
0.127441 0.450875
0.127496 0.543768
0.128141 0.638007
0.128553 0.383165
0.129005 0.645350
0.130598 0.440071
0.131735 0.293291
0.132118 0.470233
0.132559 0.740143
0.132638 0.475972
0.133148 0.572780
0.133430 0.534594
0.133570 0.269933
0.133646 0.648511
0.133957 0.392467
0.134661 0.429191
0.134858 0.438670
0.135096 0.349529
0.135180 0.584198
0.135425 0.570990
0.135445 0.490457
0.135799 0.607904
0.136374 0.659941
0.136447 0.332268
0.136929 0.541421
0.137217 0.679135
0.137325 0.550980
0.137939 0.520198
0.138051 0.310120
0.138655 0.424576
0.139478 0.550964
0.139618 0.372475
0.140712 0.424637
0.141192 0.697001
0.141231 0.424272
0.141809 0.341830
0.142122 0.523732
0.144123 0.542329
0.144317 0.625535
0.144340 0.165360
0.145368 0.481902
0.146604 0.516055
0.146665 0.358427
0.146712 0.217079
0.147061 0.408168
0.147573 0.323057
0.147728 0.454764
0.147767 0.357864
0.147966 0.332799
0.148447 0.641679
0.148735 0.654449
0.148747 0.349366
0.148837 0.503508
0.149081 0.592598
0.149732 0.483024
0.149814 0.493749
0.150505 0.554836
0.150833 0.317740
0.152092 0.322481
0.153439 0.455875
0.156183 0.594078
0.157136 0.400764
0.157306 0.393205
0.157587 0.587426
0.157741 0.548052
0.158087 0.579864
0.158247 0.491361
0.158589 0.408143
0.158626 0.483370
0.158966 0.342275
0.159668 0.581242
0.159958 0.386198
0.160050 0.511338
0.160554 0.743714
0.160942 0.698936
0.161789 0.420375
0.162166 0.516524
0.162260 0.357451
0.162431 0.633828
0.162435 0.565343
0.163389 0.663231
0.163896 0.637342
0.163923 0.496513
0.164171 0.534082
0.164767 0.558257
0.164910 0.264992
0.165158 0.371230
0.165549 0.538647
0.166758 0.323319
0.167758 0.332972
0.168720 0.494969
0.168881 0.652707
0.169753 0.655985
0.170110 0.384112
0.170520 0.250415
0.170848 0.518194
0.171672 0.515620
0.171769 0.419584
0.172041 0.397257
0.172529 0.308140
0.172619 0.695566
0.172840 0.569132
0.173364 0.467515
0.173414 0.445752
0.173637 0.367260
0.173788 0.361122
0.174007 0.370470
0.174166 0.202025
0.174441 0.401994
0.174466 0.547845
0.174777 0.565046
0.175082 0.195628
0.175176 0.379247
0.176023 0.367669
0.176291 0.449752
0.176458 0.266106
0.177878 0.537144
0.178023 0.453470
0.178816 0.413600
0.179549 0.334511
0.180863 0.871043
0.181138 0.327126
0.181388 0.619342
0.181693 0.695074
0.182001 0.676959
0.182151 0.419942
0.182252 0.429667
0.182430 0.524210
0.183591 0.591191
0.183775 0.532242
0.183986 0.530373
0.184838 0.549520
0.184960 0.416018
0.185148 0.275168
0.185476 0.382717
0.185856 0.582526
0.187166 0.489106
0.187739 0.515584
0.188156 0.601999
0.188301 0.507417
0.188558 0.617632
0.188922 0.341079
0.188976 0.437235
0.189321 0.590010
0.189807 0.700916
0.190099 0.542026
0.190291 0.493178
0.190751 0.529785
0.190829 0.318267
0.191304 0.774428
0.191397 0.144925
0.192490 0.504645
0.192609 0.378050
0.192613 0.339462
0.192677 0.503679
0.192842 0.366065
0.193413 0.459352
0.194154 0.482536
0.194243 0.690278
0.194766 0.321400
0.195024 0.528451
0.196764 0.362524
0.196863 0.348299
0.196932 0.384720
0.197098 0.398227
0.197316 0.491420
0.198271 0.538562
0.198588 0.504393
0.198813 0.570558
0.199380 0.469434
0.199460 0.244715
0.200860 0.535222
0.201439 0.519597
0.201448 0.511206
0.201627 0.482891
0.201640 0.529812
0.202614 0.541112
0.203681 0.477245
0.203863 0.527062
0.204783 0.622587
0.205010 0.429780
0.205743 0.392664
0.206148 0.261193
0.206639 0.330998
0.206693 0.580533
0.207305 0.519135
0.207375 0.463960
0.207435 0.442962
0.207467 0.597694
0.207956 0.560446
0.208349 0.715666
0.208390 0.518087
0.208415 0.414102
0.208455 0.287918
0.208687 0.312966
0.210079 0.249429
0.210226 0.509009
0.210244 0.682030
0.210464 0.466522
0.210526 0.344718
0.210681 0.257258
0.210806 0.705854
0.210991 0.455041
0.211547 0.414195
0.212238 0.370074
0.213370 0.255699
0.213475 0.393998
0.213976 0.213972
0.214077 0.552391
0.214111 0.229926
0.214229 0.476436
0.214275 0.446034
0.214544 0.238343
0.214555 0.492698
0.214751 0.239813
0.214881 0.505695
0.215231 0.505331
0.215541 0.342309
0.215993 0.606178
0.216003 0.334698
0.216249 0.480416
0.216384 0.684360
0.216404 0.352602
0.216512 0.383122
0.216882 0.494614
0.217207 0.495061
0.217557 0.507267
0.217865 0.666886
0.218040 0.410544
0.218118 0.249678
0.218303 0.421904
0.218562 0.477364
0.218703 0.433040
0.218721 0.468083
0.220193 0.555377
0.220911 0.784966
0.221504 0.590883
0.221602 0.734947
0.222055 0.642595
0.222322 0.576647
0.222614 0.351904
0.222654 0.417544
0.222935 0.410392
0.223214 0.302975
0.223390 0.779279
0.223861 0.435256
0.223935 0.597291
0.223951 0.473073
0.224328 0.271026
0.224360 0.631127
0.224435 0.613810
0.224845 0.591242
0.225211 0.649945
0.225381 0.404952
0.226153 0.683867
0.227144 0.362428
0.228166 0.897127
0.228728 0.518373
0.228771 0.635236
0.229600 0.347803
0.229716 0.779005
0.230486 0.379238
0.231218 0.584198
0.231236 0.450241
0.231661 0.461485
0.232066 0.530812
0.232119 0.369845
0.232334 0.518937
0.232403 0.405408
0.232769 0.708714
0.232898 0.719262
0.233835 0.682528
0.233904 0.630001
0.234558 0.315017
0.234909 0.237232
0.235962 0.571703
0.236479 0.524994
0.237005 0.555305
0.237015 0.516423
0.238269 0.382337
0.238421 0.517362
0.238934 0.422031
0.239833 0.512418
0.240549 0.350696
0.240597 0.509878
0.241636 0.660244
0.241697 0.093007
0.242472 0.430339
0.242723 0.386810
0.243817 0.464333
0.243856 0.747154
0.243984 0.326669
0.244294 0.471994
0.244326 0.562743
0.244665 0.500114
0.245386 0.415113
0.245409 0.443286
0.245438 0.424463
0.245602 0.779180
0.245627 0.433176
0.245686 0.243015
0.246146 0.373124
0.246301 0.498512
0.246442 0.652290
0.246444 0.323856
0.246553 0.298645
0.246705 0.404590
0.246742 0.536927
0.246839 0.449209
0.247496 0.322739
0.247547 0.680281
0.247775 0.562185
0.247887 0.337374
0.248080 0.615419
0.248686 0.565629
0.248712 0.569188
0.248733 0.519999
0.248896 0.421266
0.249169 0.632225
0.249414 0.380005
0.249815 0.514344
0.250197 0.394569
0.250391 0.529184
0.250752 0.440732
0.251578 0.684632
0.251702 0.260722
0.252139 0.479283
0.252308 0.576610
0.253094 0.519835
0.253385 0.276011
0.253577 0.417707
0.254891 0.688139
0.255513 0.717312
0.255917 0.425213
0.257042 0.393576
0.257050 0.377452
0.257062 0.587640
0.257351 0.427581
0.257792 0.266053
0.257962 0.341156
0.258036 0.516796
0.258734 0.291346
0.259046 0.493049
0.259374 0.351218
0.259437 0.630072
0.260275 0.365726
0.260694 0.370010
0.260951 0.627488
0.260967 0.494481
0.261631 0.281551
0.262107 0.702529
0.262381 0.283390
0.262395 0.422726
0.262604 0.301262
0.262992 0.600596
0.263428 0.201606
0.263450 0.233323
0.263779 0.272060
0.263881 0.354336
0.264063 0.470205
0.264148 0.478241
0.264705 0.465339
0.265688 0.386901
0.265713 0.527232
0.266521 0.300847
0.267290 0.469141
0.267658 0.765461
0.268032 0.471635
0.268169 0.376009
0.268368 0.468612
0.268392 0.507700
0.268456 0.597042
0.269141 0.562042
0.269963 0.698479
0.269997 0.543574
0.270339 0.502303
0.270621 0.358341
0.270730 0.354583
0.270899 0.507594
0.271834 0.334145
0.271870 0.551094
0.271873 0.424222
0.272327 0.414198
0.272337 0.431233
0.272408 0.512679
0.272707 0.544219
0.273196 0.389815
0.273525 0.505726
0.273615 0.824463
0.274557 0.261440
0.274595 0.500056
0.274605 0.534828
0.274608 0.626093
0.274785 0.746812
0.275787 0.357847
0.276387 0.585753
0.276418 0.682916
0.276995 0.384454
0.277112 0.520214
0.277418 0.674579
0.277820 0.332293
0.278544 0.552261
0.278836 0.397670
0.279258 0.343677
0.279368 0.706155
0.279576 0.601777
0.280511 0.508280
0.280801 0.624654
0.281366 0.510257
0.281392 0.415566
0.281615 0.523066
0.282025 0.110554
0.282235 0.426872
0.282980 0.452082
0.283189 0.410574
0.283445 0.137303
0.283650 0.612858
0.284532 0.434142
0.285022 0.548225
0.285930 0.609084
0.286210 0.366366
0.286582 0.484885
0.286622 0.246513
0.286748 0.383524
0.286904 0.396018
0.287232 0.586268
0.287566 0.543600
0.287770 0.577296
0.288824 0.642921
0.288919 0.653271
0.289402 0.361022
0.289883 0.410299
0.290570 0.493883
0.291410 0.372171
0.291833 0.530127
0.291995 0.147160
0.293103 0.285534
0.293180 0.540326
0.293451 0.566783
0.293714 0.406789
0.296514 0.333304
0.296740 0.483811
0.296790 0.111434
0.296952 0.653355
0.299074 0.433590
0.299998 0.446543
0.300333 0.747628
0.300559 0.675791
0.300623 0.310647
0.300840 0.544663
0.301097 0.510794
0.301804 0.482661
0.301993 0.388410
0.302064 0.380380
0.302882 0.506408
0.303201 0.653746
0.304044 0.326775
0.304125 0.358875
0.305355 0.512655
0.305378 0.574835
0.305543 0.588718
0.305815 0.220943
0.306563 0.468756
0.306575 0.329777
0.306652 0.436663
0.307079 0.633868
0.307145 0.346585
0.307316 0.753979
0.307534 0.554672
0.307978 0.536859
0.308191 0.698758
0.308872 0.555798
0.309678 0.590880
0.309884 0.586397
0.309991 0.201417
0.310299 0.318857
0.310474 0.776130
0.310497 0.666616
0.310502 0.436034
0.310540 0.658335
0.311134 0.377436
0.312322 0.441479
0.312826 0.662865
0.312882 0.562739
0.313063 0.467825
0.313184 0.179024
0.313256 0.658605
0.313622 0.319541
0.313821 0.603875
0.314143 0.452181
0.314228 0.500006
0.314558 0.288008
0.314634 0.625940
0.314984 0.462215
0.315066 0.510885
0.315658 0.332303
0.316431 0.505208
0.316577 0.286425
0.316848 0.557569
0.317002 0.294879
0.317047 0.486615
0.317066 0.203936
0.317339 0.247413
0.317662 0.661643
0.317942 0.338825
0.318115 0.495713
0.318207 0.416633
0.318385 0.664886
0.318715 0.413949
0.318742 0.503926
0.320114 0.473212
0.320429 0.271537
0.321143 0.521032
0.321211 0.389984
0.322121 0.652467
0.322162 0.385973
0.322241 0.395822
0.322246 0.503848
0.322569 0.341772
0.323273 0.303914
0.324418 0.521752
0.324690 0.266559
0.324719 0.432710
0.324869 0.386790
0.325848 0.323298
0.325861 0.533572
0.325915 0.413626
0.326176 0.159720
0.326233 0.394894
0.326570 0.382572
0.327151 0.660666
0.328000 0.430284
0.328023 0.574429
0.328264 0.577286
0.328431 0.267155
0.328776 0.346929
0.329563 0.522996
0.330157 0.468263
0.330888 0.354859
0.331349 0.481341
0.331933 0.601048
0.331978 0.096815
0.332024 0.361012
0.332434 0.604549
0.332557 0.553358
0.332719 0.397407
0.333111 0.288189
0.333492 0.480052
0.333743 0.356645
0.334141 0.698098
0.334233 0.483824
0.334237 0.363496
0.334441 0.587861
0.334980 0.808883
0.336428 0.368323
0.336961 0.460789
0.337055 0.476061
0.338178 0.426497
0.338546 0.221354
0.339051 0.310601
0.339116 0.417266
0.339236 0.453871
0.340222 0.525688
0.340384 0.529854
0.340449 0.365723
0.341022 0.598052
0.341328 0.574794
0.341529 0.538871
0.341799 0.327053
0.342149 0.658453
0.342218 0.458759
0.343390 0.619475
0.344984 0.472336
0.345070 0.265050
0.345503 0.459782
0.345552 0.554622
0.345674 0.438841
0.346206 0.492519
0.346249 0.666193
0.346426 0.576467
0.347669 0.447040
0.348311 0.552209
0.348716 0.357130
0.349614 0.514455
0.349670 0.581984
0.349810 0.348568
0.350771 0.272486
0.351172 0.530975
0.351388 0.389973
0.351678 0.411507
0.352329 0.129632
0.352402 0.491552
0.352655 0.367935
0.353071 0.463491
0.353164 0.539802
0.353177 0.757680
0.353822 0.273736
0.354034 0.159709
0.354429 0.650236
0.354520 0.362666
0.354542 0.570152
0.354673 0.560255
0.356413 0.385789
0.356600 0.337034
0.356651 0.304895
0.356864 0.656924
0.357019 0.193031
0.359288 0.459119
0.359442 0.626020
0.360172 0.327802
0.360514 0.221023
0.360899 0.636701
0.360970 0.276636
0.362452 0.680002
0.362555 0.387837
0.362916 0.373609
0.363025 0.233975
0.363055 0.463816
0.363236 0.356249
0.363368 0.406908
0.363781 0.198034
0.364144 0.365479
0.364308 0.704171
0.364560 0.307298
0.364729 0.673415
0.364927 0.292193
0.365149 0.650920
0.365296 0.461104
0.365878 0.714251
0.366323 0.523845
0.366723 0.374591
0.366727 0.548074
0.366826 0.386749
0.367221 0.537416
0.367974 0.565250
0.368031 0.480860
0.368158 0.682500
0.368315 0.395962
0.368619 0.554110
0.369635 0.387926
0.370309 0.437850
0.370759 0.365697
0.370811 0.342898
0.370819 0.695466
0.370848 0.388069
0.371383 0.347223
0.371586 0.656767
0.371869 0.402910
0.372588 0.621831
0.372734 0.262161
0.372839 0.496767
0.372960 0.461073
0.373369 0.588410
0.373795 0.379491
0.373877 0.444463
0.374030 0.607476
0.374373 0.502263
0.374402 0.403366
0.374936 0.381875
0.375056 0.425000
0.376026 0.846636
0.377058 0.288679
0.377281 0.286750
0.377574 0.503233
0.377905 0.612631
0.378461 0.482135
0.378552 0.457556
0.379981 0.568871
0.380005 0.430819
0.380193 0.489544
0.380355 0.630685
0.380852 0.420029
0.381213 0.640352
0.381498 0.453944
0.381845 0.467965
0.382601 0.387446
0.382817 0.465430
0.382888 0.327019
0.383010 0.444432
0.383051 0.623015
0.383096 0.623292
0.383633 0.778030
0.383816 0.395158
0.383958 0.548610
0.384227 0.435624
0.384989 0.204513
0.385382 0.443946
0.385414 0.455647
0.385463 0.302482
0.385691 0.402707
0.385752 0.594696
0.385801 0.683976
0.386201 0.143754
0.386757 0.452691
0.386961 0.638953
0.386967 0.490929
0.387159 0.406583
0.387664 0.418561
0.387731 0.599423
0.388636 0.389154
0.388654 0.462653
0.389057 0.667503
0.389217 0.420947
0.390217 0.306823
0.390305 0.309245
0.390370 0.620005
0.390700 0.535780
0.390944 0.313972
0.391695 0.380636
0.393217 0.113015
0.393308 0.602944
0.393559 0.407288
0.394485 0.654002
0.394934 0.385376
0.395069 0.692829
0.395090 0.158077
0.395713 0.438901
0.396327 0.299280
0.396345 0.391459
0.396442 0.404506
0.398237 0.503587
0.398610 0.431799
0.399423 0.299582
0.399594 0.520675
0.399760 0.900920
0.399846 0.363227
0.401251 0.378225
0.401276 0.464214
0.401809 0.243144
0.402450 0.466341
0.402628 0.678405
0.402832 0.452304
0.403251 0.441515
0.404894 0.745599
0.405315 0.593222
0.405540 0.304485
0.405742 0.420594
0.405819 0.339965
0.405927 0.491308
0.406835 0.640277
0.406944 0.745271
0.406969 0.506777
0.407575 0.311065
0.407831 0.568189
0.408855 0.473082
0.408895 0.369787
0.409239 0.719340
0.409240 0.434827
0.409342 0.217426
0.409886 0.680017
0.411100 0.500255
0.411201 0.521992
0.411379 0.630071
0.412170 0.472494
0.412316 0.402448
0.412523 0.540006
0.412837 0.722838
0.412951 0.588591
0.413021 0.294247
0.413255 0.270547
0.413263 0.331659
0.413666 0.610056
0.414299 0.400892
0.414342 0.258661
0.414383 0.683506
0.416878 0.644578
0.417181 0.422426
0.417446 0.382305
0.417701 0.963730
0.417916 0.367881
0.417980 0.487125
0.418182 0.556072
0.418481 0.355204
0.419088 0.469683
0.419266 0.486659
0.419648 0.612832
0.419896 0.416620
0.420201 0.322089
0.420355 0.286565
0.421533 0.338288
0.421664 0.308989
0.422652 0.527206
0.422998 0.434813
0.423407 0.275979
0.423789 0.854856
0.423972 0.756096
0.424024 0.508031
0.424041 0.610538
0.424467 0.522742
0.424675 0.513433
0.424760 0.708418
0.425329 0.422950
0.425434 0.557534
0.425660 0.458096
0.425852 0.555832
0.425984 0.239410
0.426057 0.714985
0.426229 0.523279
0.426516 0.758230
0.426621 0.329336
0.426699 0.601989
0.426746 0.639996
0.427029 0.542591
0.427440 0.529922
0.427656 0.327159
0.427904 0.692741
0.428031 0.335300
0.428354 0.440071
0.428501 0.617767
0.429684 0.463470
0.429998 0.622442
0.430183 0.365769
0.430196 0.448760
0.431792 0.411359
0.432277 0.419974
0.433190 0.563060
0.434017 0.573107
0.434155 0.549196
0.434243 0.411390
0.434517 0.357234
0.434632 0.432880
0.434799 0.472017
0.434885 0.446305
0.435304 0.637160
0.435309 0.746473
0.435430 0.248320
0.435654 0.425900
0.436018 0.676354
0.436379 0.339635
0.437083 0.688852
0.437848 0.503793
0.438194 0.536003
0.439480 0.394907
0.439552 0.451061
0.440583 0.586691
0.440665 0.271386
0.441473 0.571882
0.441752 0.505981
0.442451 0.478815
0.442463 0.547205
0.442948 0.474373
0.443230 0.398468
0.443286 0.751384
0.443446 0.525149
0.443781 0.212871
0.444052 0.742830
0.444458 0.506720
0.444580 0.053620
0.446246 0.354448
0.446611 0.425769
0.447093 0.477260
0.447149 0.535800
0.448770 0.819821
0.449011 0.520423
0.449316 0.341018
0.449560 0.530309
0.449654 0.642693
0.452039 0.365572
0.452410 0.570195
0.453339 0.527101
0.453586 0.242538
0.454545 0.565798
0.454623 0.503214
0.455946 0.516692
0.456020 0.446979
0.456061 0.616193
0.456410 0.461110
0.457101 0.412401
0.457420 0.332030
0.457579 0.637842
0.457681 0.642392
0.457729 0.345578
0.457805 0.179698
0.457926 0.586083
0.458574 0.558182
0.460105 0.185359
0.460981 0.479944
0.461032 0.428072
0.461107 0.551314
0.462184 0.388485
0.462611 0.404183
0.463307 0.378490
0.463533 0.378890
0.464348 0.589121
0.464942 0.328625
0.465245 0.414680
0.465681 0.641285
0.465740 0.619615
0.467262 0.660077
0.467344 0.486588
0.467926 0.494850
0.468171 0.319367
0.469341 0.441052
0.469920 0.431425
0.470311 0.370979
0.470477 0.381581
0.470590 0.482782
0.470951 0.523175
0.471151 0.550600
0.471810 0.273599
0.473124 0.735817
0.473332 0.634834
0.473512 0.392709
0.473884 0.453803
0.473896 0.715794
0.474047 0.344999
0.475742 0.546198
0.475927 0.456082
0.476073 0.455744
0.477175 0.374979
0.478102 0.504663
0.478702 0.686048
0.479567 0.564823
0.479643 0.466825
0.479644 0.469915
0.481200 0.406902
0.481271 0.197606
0.481663 0.475184
0.482242 0.561048
0.482895 0.313530
0.482936 0.458058
0.483235 0.163952
0.483342 0.573464
0.483499 0.428402
0.483863 0.407092
0.484328 0.710514
0.484796 0.571422
0.485411 0.410889
0.486986 0.536662
0.487388 0.387736
0.488463 0.450938
0.488875 0.524630
0.489000 0.379512
0.489800 0.462394
0.489802 0.586769
0.490708 0.723531
0.491254 0.663445
0.492522 0.468734
0.493918 0.496480
0.494058 0.417358
0.494710 0.468234
0.494758 0.540482
0.495309 0.571840
0.495369 0.408476
0.495947 0.465643
0.496091 0.422227
0.496891 0.466335
0.496915 0.323089
0.497372 0.624397
0.498585 0.530261
0.500552 0.448360
0.500779 0.650815
0.501101 0.553755
0.502647 0.509721
0.504229 0.197863
0.504431 0.513532
0.504878 0.534996
0.505338 0.499712
0.505538 0.552352
0.505920 0.235161
0.506610 0.501832
0.508311 0.569372
0.508519 0.278853
0.508713 0.619936
0.508979 0.760491
0.510238 0.426449
0.510341 0.364752
0.510802 0.703247
0.510948 0.585541
0.511001 0.317615
0.511050 0.388594
0.512752 0.585963
0.513448 0.526014
0.513583 0.184063
0.513615 0.601316
0.513638 0.744271
0.513882 0.534188
0.514183 0.326550
0.514814 0.643432
0.514880 0.779312
0.516406 0.518869
0.516578 0.260968
0.517868 0.591993
0.519021 0.561080
0.519412 0.575561
0.519907 0.551558
0.520744 0.591778
0.521366 0.361362
0.523219 0.566720
0.524017 0.547283
0.524192 0.529556
0.525653 0.469482
0.526322 0.343698
0.526451 0.105901
0.528507 0.509520
0.529441 0.665717
0.529531 0.680864
0.530002 0.364842
0.530964 0.570526
0.533873 0.434998
0.534034 0.424612
0.534266 0.500062
0.535765 0.732867
0.535785 0.536253
0.536299 0.585568
0.537931 0.369831
0.538735 0.727243
0.539593 0.439810
0.539789 0.722029
0.544015 0.419740
0.544147 0.576562
0.544840 0.587237
0.546149 0.553147
0.546423 0.543931
0.547068 0.507750
0.548407 0.516311
0.548870 0.379700
0.549202 0.503074
0.549831 0.202548
0.549882 1.000000
0.550573 0.484921
0.551425 0.635836
0.552020 0.685694
0.553004 0.481187
0.553952 0.524186
0.554487 0.651391
0.557316 0.452769
0.561030 0.323678
0.562993 0.350647
0.563462 0.624502
0.564703 0.481980
0.565458 0.627550
0.565664 0.600114
0.565685 0.531877
0.566271 0.779448
0.567627 0.507167
0.568528 0.432915
0.569798 0.541285
0.572765 0.337451
0.573072 0.621610
0.573779 0.174275
0.574729 0.578875
0.575204 0.666106
0.575301 0.388167
0.576582 0.512699
0.577308 0.481213
0.577443 0.662474
0.577738 0.579257
0.580391 0.639130
0.580653 0.397104
0.580819 0.552589
0.581746 0.567521
0.585459 0.619982
0.585616 0.532285
0.585668 0.653392
0.586926 0.576724
0.587528 0.379227
0.589973 0.579903
0.590215 0.395939
0.590444 0.449349
0.590497 0.392194
0.590648 0.655707
0.590973 0.404093
0.591472 0.775376
0.591597 0.524250
0.592346 0.285373
0.593505 0.841052
0.594434 0.365432
0.596565 0.386243
0.597103 0.123175
0.597332 0.383833
0.598443 0.347526
0.599255 0.643496
0.601690 0.631058
0.602306 0.646502
0.602368 0.571258
0.602735 0.713156
0.603360 0.643400
0.605366 0.169091
0.605694 0.561105
0.605703 0.411133
0.605833 0.766813
0.605931 0.439799
0.606097 0.424922
0.606580 0.566832
0.607493 0.827375
0.609844 0.360949
0.610467 0.521998
0.610970 0.462504
0.611368 0.609659
0.612369 0.733163
0.612445 0.478672
0.615504 0.529713
0.615653 0.463592
0.617655 0.426403
0.618545 0.400200
0.618600 0.157228
0.618697 0.408611
0.618772 0.311191
0.618856 0.643272
0.619241 0.609666
0.619813 0.643722
0.619921 0.451622
0.621029 0.379915
0.621338 0.674436
0.622318 0.371774
0.625689 0.342749
0.625713 0.672237
0.628165 0.452072
0.629939 0.404948
0.631352 0.673271
0.631813 0.224769
0.632257 0.639370
0.635426 0.499668
0.635504 0.602210
0.638036 0.241590
0.638628 0.534960
0.639269 0.545012
0.642454 0.403023
0.644815 0.300915
0.644919 0.288936
0.645640 0.441921
0.648841 0.529556
0.649654 0.487409
0.651347 0.142193
0.652556 0.264337
0.656138 0.341366
0.656412 0.586715
0.657364 0.661038
0.661220 0.688960
0.661630 0.820800
0.662402 0.372993
0.663249 0.782759
0.663865 0.250019
0.663879 0.891404
0.664000 0.534837
0.664663 0.624789
0.667736 0.590458
0.669209 0.694990
0.669997 0.857009
0.675155 0.631842
0.683633 0.547371
0.684075 0.434625
0.687948 0.671025
0.689528 0.386283
0.690052 0.424149
0.695485 0.693752
0.698401 0.355409
0.698435 0.585284
0.699861 0.373190
0.702674 0.427637
0.703820 0.618120
0.707745 0.792215
0.709656 0.946120
0.710246 0.675393
0.714944 0.625033
0.715006 0.505583
0.715292 0.582186
0.716511 0.275161
0.716815 0.423988
0.719406 0.501579
0.719628 0.236944
0.720970 0.796157
0.721064 0.770100
0.721253 0.763205
0.723486 0.547738
0.727344 0.521144
0.727528 0.826017
0.728937 0.704294
0.730270 0.621705
0.730274 0.647363
0.736190 0.535231
0.736338 0.346256
0.737152 0.521278
0.738030 0.472133
0.738492 0.372069
0.738680 0.214461
0.739024 0.454251
0.739643 0.282177
0.740757 0.505227
0.742150 0.832505
0.743588 0.696870
0.748224 0.647128
0.752098 0.890440
0.756618 0.306543
0.762709 0.669367
0.766330 0.240675
0.771340 0.630123
0.773278 0.303777
0.775357 0.574399
0.777520 0.687894
0.780689 0.599895
0.781061 0.629441
0.782503 0.389167
0.784136 0.729886
0.786399 0.605817
0.789816 0.216799
0.793644 0.679156
0.797395 0.622664
0.800717 0.511146
0.801095 0.846530
0.805544 0.807487
0.813735 0.673744
0.818534 0.558376
0.822502 0.832760
0.822749 0.000000
0.828110 0.647933
0.842899 0.365266
0.847502 0.517344
0.854819 0.300087
0.858557 0.808069
0.863139 0.627560
0.865543 0.414846
0.875621 0.126968
0.887016 0.917785
0.890951 0.753102
0.905434 0.570976
0.922288 0.735514
0.927049 0.508972
0.933626 0.389075
0.941467 0.252582
0.997317 0.189509
1.000000 0.667368
