0.000000 0.723437
0.003094 0.388746
0.007495 0.595666
0.007793 0.537782
0.014278 0.449602
0.018837 0.770168
0.025316 0.489052
0.026996 0.514060
0.027867 0.493835
0.028598 0.471070
0.029843 0.529241
0.035942 0.531586
0.037399 0.499243
0.038319 0.673979
0.039578 0.489020
0.040165 0.573741
0.041085 0.273135
0.041731 0.636469
0.041948 0.653574
0.042053 0.697883
0.042600 0.447313
0.043111 0.350432
0.046243 0.672656
0.052725 0.694825
0.053243 0.553809
0.053279 0.497966
0.054293 0.693739
0.055485 0.535075
0.061573 0.622166
0.062749 0.428707
0.064324 0.416123
0.064771 0.436128
0.065319 0.515762
0.065663 0.423430
0.067144 0.779808
0.067196 0.638338
0.068522 0.553807
0.070486 0.528060
0.071686 0.435230
0.071758 0.632500
0.072513 0.133047
0.072517 0.624971
0.073058 0.834112
0.073499 0.710157
0.076051 0.710682
0.076229 0.463375
0.076925 0.573045
0.077105 0.603250
0.077617 0.600684
0.077849 0.673330
0.077938 0.529115
0.079249 0.397834
0.079739 0.676086
0.079951 0.811863
0.080069 0.656023
0.082098 0.666374
0.084717 0.453602
0.086148 0.518009
0.086215 0.587832
0.086275 0.441040
0.087475 0.520366
0.087489 0.766838
0.087588 0.395355
0.089899 0.616282
0.092482 0.572324
0.093121 0.497016
0.093541 0.438801
0.094619 0.545225
0.095713 0.547527
0.097125 0.823686
0.097354 0.640895
0.098217 0.524230
0.099362 0.486237
0.099601 0.583658
0.100094 0.549798
0.100923 0.551561
0.100984 0.811131
0.101050 0.676027
0.101362 0.658015
0.101761 0.577250
0.102347 0.527825
0.103463 0.386613
0.103547 0.716187
0.103605 0.584639
0.103656 0.678189
0.103897 0.512390
0.104281 0.788881
0.104343 0.559115
0.105309 0.685616
0.105732 0.654336
0.105778 0.422181
0.106662 0.588269
0.106806 0.500414
0.107400 0.652673
0.107770 0.713792
0.108443 0.555130
0.108445 0.567426
0.109472 0.585922
0.109686 0.547453
0.110378 0.541528
0.110462 0.452331
0.110541 0.718169
0.111016 0.611786
0.111776 0.488387
0.112720 0.410208
0.113298 0.480739
0.113550 0.648665
0.113853 0.783033
0.114188 0.364621
0.114479 0.471087
0.114691 0.501826
0.114904 0.610135
0.114992 0.712977
0.115246 0.389082
0.115412 0.814947
0.116390 0.362961
0.116468 0.619777
0.116523 0.524689
0.117332 0.661485
0.117794 0.782194
0.117951 0.767177
0.117978 0.583529
0.118002 0.537390
0.118354 0.517256
0.118406 0.534459
0.118428 0.536411
0.119760 0.544776
0.120854 0.622753
0.121615 0.553007
0.122241 0.403982
0.123111 0.785883
0.123115 0.549504
0.123139 0.564262
0.123583 0.594845
0.123826 0.510080
0.124192 0.547318
0.124694 0.498605
0.125186 0.475039
0.125303 0.647485
0.125979 0.637422
0.126389 0.470053
0.126491 0.557151
0.126574 0.413881
0.126627 0.486983
0.126770 0.640985
0.127812 0.554649
0.128029 0.404938
0.129229 0.502112
0.129379 0.500804
0.129388 0.436574
0.131336 0.510604
0.132312 0.302545
0.133019 0.496935
0.133475 0.686458
0.133878 0.569943
0.134303 0.477820
0.134623 0.652382
0.134946 0.513349
0.135093 0.440353
0.135288 0.478636
0.136214 0.596554
0.137376 0.352241
0.137592 0.679408
0.138281 0.771963
0.138349 0.622067
0.138677 0.348126
0.138773 0.446850
0.138890 0.434718
0.139204 0.576898
0.139216 0.811478
0.140514 0.319339
0.140778 0.642356
0.144166 0.564397
0.145474 0.587769
0.145915 0.725628
0.146051 0.456721
0.146486 0.517457
0.146789 0.693137
0.147443 0.260389
0.147990 0.644913
0.148088 0.587613
0.148337 0.689155
0.149200 0.342226
0.150128 0.287167
0.150684 0.492029
0.150747 0.716219
0.151474 0.547394
0.151489 0.538249
0.151775 0.484390
0.151809 0.586529
0.151962 0.646277
0.152045 0.356066
0.152263 0.537210
0.152699 0.489846
0.152750 0.691267
0.152947 0.619759
0.153077 0.800112
0.153414 0.669306
0.154183 0.738334
0.154255 0.416170
0.155004 0.547546
0.155219 0.601119
0.155267 0.719039
0.155372 0.649769
0.155628 0.432244
0.156009 0.574019
0.156104 0.551961
0.156119 0.869043
0.156438 0.664355
0.158048 0.616630
0.158671 0.757547
0.158771 0.495484
0.159574 0.307652
0.159680 0.518228
0.159711 0.357851
0.159907 0.512338
0.160192 0.451544
0.160687 0.721329
0.160734 0.598611
0.161298 0.688503
0.161326 0.582379
0.161621 0.429159
0.162415 0.584860
0.163607 0.567545
0.164167 0.390430
0.164463 0.829845
0.165568 0.600931
0.165683 0.521153
0.165909 0.324315
0.165912 0.572924
0.166613 0.620795
0.166620 0.568176
0.166889 0.564050
0.167932 0.687882
0.168158 0.655594
0.168270 0.358761
0.168950 0.514676
0.170529 0.658059
0.170905 0.607722
0.172030 0.680542
0.172192 0.466528
0.172694 0.427507
0.172949 0.551241
0.173159 0.785595
0.173241 0.527071
0.173417 0.526818
0.173589 0.584447
0.173924 0.557090
0.173936 0.439699
0.174443 0.658546
0.174458 0.619758
0.174505 0.533091
0.174511 0.454472
0.174553 0.552726
0.174709 0.718195
0.175521 0.462448
0.176209 0.548774
0.176403 0.438614
0.176485 0.762103
0.177264 0.676851
0.177618 0.527978
0.177959 0.669698
0.178292 0.448797
0.178492 0.676169
0.179061 0.554823
0.179477 0.544355
0.179637 0.341693
0.179897 0.542127
0.180773 0.503946
0.180818 0.780183
0.181227 0.433693
0.181572 0.861178
0.182117 0.576954
0.183124 0.652612
0.183131 0.391090
0.183617 0.299338
0.183955 0.511721
0.184665 0.706768
0.184746 0.643523
0.185273 0.447219
0.185668 0.373660
0.186197 0.610932
0.187857 0.626590
0.188161 0.620276
0.188432 0.461375
0.188592 0.418630
0.188655 0.176218
0.188723 0.567561
0.189260 0.399005
0.189271 0.685632
0.191324 0.668058
0.191690 0.733007
0.191908 0.530972
0.192384 0.324823
0.192563 0.504983
0.192679 0.371676
0.192745 0.497319
0.193028 0.433091
0.193669 0.573698
0.194159 0.536656
0.194167 0.625482
0.194550 0.386554
0.194587 0.499302
0.194727 0.619583
0.194924 0.570711
0.195419 0.399001
0.195698 0.571013
0.195949 0.666313
0.196323 0.620127
0.197432 0.363627
0.197526 0.549128
0.197615 0.436787
0.198747 0.382043
0.199380 0.341596
0.200135 0.276468
0.200350 0.485350
0.201804 0.592413
0.202024 0.587186
0.202168 0.638865
0.203899 0.539976
0.204347 0.556290
0.204722 0.490620
0.206249 0.583168
0.207462 0.518666
0.207564 0.530703
0.208252 0.379197
0.208454 0.523235
0.208590 0.432525
0.209181 0.637253
0.211216 0.383823
0.211467 0.521368
0.211499 0.457986
0.211810 0.564101
0.211844 0.497347
0.212817 0.496125
0.213080 0.541700
0.213082 0.398607
0.213427 0.504347
0.213715 0.387456
0.213791 0.463386
0.214359 0.557570
0.214432 0.307713
0.214518 0.332238
0.215468 0.506283
0.215483 0.746148
0.216008 0.531864
0.216121 0.514175
0.216480 0.533534
0.217170 0.557231
0.217333 0.717550
0.217546 0.631406
0.217769 0.529382
0.217948 0.540204
0.218305 0.346092
0.218829 0.627348
0.219309 0.603093
0.220749 0.558087
0.220756 0.594430
0.221460 0.625435
0.221681 0.338114
0.221714 0.701113
0.221887 0.263245
0.223228 0.425969
0.223298 0.348489
0.223457 0.484966
0.224067 0.447458
0.224735 0.567313
0.225383 0.619731
0.225684 0.607251
0.225730 0.397385
0.225926 0.512815
0.226286 0.523649
0.226324 0.643851
0.226827 0.425429
0.227424 0.655234
0.227466 0.615388
0.228082 0.487432
0.228108 0.245251
0.228218 0.550272
0.229294 0.587660
0.229301 0.567022
0.229747 0.643480
0.229752 0.356564
0.230275 0.510787
0.230833 0.374376
0.230844 0.520728
0.230911 0.426033
0.231184 0.391425
0.231555 0.472125
0.231683 0.458265
0.231961 0.561340
0.232273 0.569938
0.233532 0.452329
0.233740 0.676312
0.235951 0.569887
0.236237 0.308138
0.236845 0.653796
0.237070 0.418288
0.238999 0.665654
0.239924 0.295811
0.240014 0.728462
0.241175 0.398086
0.241183 0.754326
0.241305 0.373944
0.241364 0.524890
0.241559 0.252630
0.241954 0.465825
0.242042 0.715111
0.243126 0.255211
0.243296 0.755995
0.244086 0.658221
0.244510 0.353509
0.244830 0.387667
0.244837 0.265205
0.245555 0.720217
0.245697 0.454104
0.245818 0.743655
0.246501 0.461018
0.249167 0.557018
0.249364 0.478407
0.249659 0.612619
0.250017 0.514869
0.251724 0.458533
0.252024 0.634882
0.252073 0.662177
0.252489 0.494060
0.252615 0.540034
0.252898 0.565022
0.253398 0.398969
0.253456 0.372679
0.253790 0.558589
0.253889 0.578261
0.254807 0.781781
0.254911 0.661482
0.255164 0.334289
0.255417 0.304797
0.255664 0.727687
0.256378 0.543154
0.256391 0.350992
0.257179 0.406568
0.257193 0.460576
0.257373 0.883675
0.257495 0.935705
0.257880 0.680010
0.258270 0.660189
0.258401 0.800723
0.258588 0.471006
0.258598 0.695563
0.258745 0.435625
0.258990 0.381362
0.259457 0.787216
0.260508 0.500129
0.261113 0.375207
0.261351 0.645123
0.261492 0.587726
0.262036 0.615275
0.262284 0.569488
0.263001 0.451748
0.263276 0.308201
0.264485 0.357507
0.264565 0.405399
0.264575 0.519187
0.265011 0.491804
0.265490 0.311396
0.265611 0.382485
0.266141 0.567795
0.266374 0.432894
0.267309 0.658136
0.267704 0.571662
0.268778 0.871062
0.269342 0.507759
0.270005 0.608746
0.270067 0.599362
0.270378 0.534388
0.270398 0.495864
0.270947 0.411687
0.271074 0.489373
0.271520 0.563045
0.272489 0.703026
0.274541 0.425650
0.275274 0.599248
0.275798 0.732349
0.276057 0.388372
0.276372 0.437538
0.277339 0.517392
0.278323 0.540587
0.279043 0.349548
0.279758 0.586745
0.279902 0.447324
0.280044 0.528896
0.280876 0.619928
0.280876 0.553658
0.281290 0.541266
0.282026 0.524273
0.282095 0.551573
0.283053 0.313615
0.283249 1.000000
0.283814 0.438505
0.284136 0.490862
0.284155 0.611217
0.284246 0.639633
0.284747 0.746976
0.286496 0.602698
0.286560 0.370106
0.287488 0.516927
0.287723 0.810132
0.288259 0.803997
0.288320 0.483474
0.289308 0.532701
0.289954 0.541645
0.290169 0.426004
0.290621 0.593417
0.291551 0.416320
0.291917 0.578915
0.292020 0.596790
0.292721 0.647520
0.293381 0.332360
0.293838 0.387638
0.294020 0.469796
0.294772 0.553783
0.295199 0.607671
0.295313 0.669565
0.296108 0.598827
0.296699 0.473178
0.296746 0.554722
0.297284 0.572247
0.297329 0.653485
0.298100 0.664787
0.298177 0.671651
0.298717 0.227729
0.300239 0.480082
0.300848 0.498648
0.301152 0.597641
0.301866 0.579742
0.302234 0.538819
0.302911 0.549973
0.302981 0.558496
0.303603 0.666039
0.304142 0.672087
0.304198 0.658028
0.304855 0.385151
0.306067 0.571439
0.306655 0.535767
0.308233 0.883186
0.309146 0.563828
0.309566 0.434607
0.310276 0.393114
0.310302 0.587091
0.310994 0.469017
0.311866 0.586505
0.312173 0.542669
0.312420 0.497423
0.314520 0.592632
0.315139 0.558377
0.315179 0.388125
0.315678 0.564265
0.316290 0.754127
0.316335 0.722978
0.317146 0.362202
0.317661 0.565987
0.319104 0.580038
0.319548 0.674221
0.319582 0.637313
0.319591 0.696121
0.320088 0.698876
0.320701 0.517619
0.322095 0.636140
0.322665 0.481716
0.323371 0.465676
0.323492 0.392345
0.323810 0.428758
0.325074 0.518605
0.325138 0.737121
0.325528 0.428144
0.327440 0.371690
0.327540 0.343672
0.327583 0.544392
0.327872 0.346454
0.328027 0.658777
0.328515 0.436104
0.328695 0.530326
0.330527 0.879031
0.331109 0.565469
0.334000 0.853978
0.334708 0.606749
0.334843 0.333360
0.335187 0.552320
0.335454 0.509271
0.335473 0.638821
0.335988 0.571941
0.336767 0.709131
0.336947 0.151097
0.337144 0.251519
0.337482 0.699913
0.337681 0.492345
0.338199 0.243995
0.339566 0.649566
0.341968 0.227963
0.341986 0.356857
0.341999 0.402498
0.342103 0.717282
0.343065 0.645278
0.343194 0.786304
0.344110 0.713896
0.344278 0.520213
0.344929 0.354287
0.345284 0.814785
0.345593 0.369977
0.345623 0.543380
0.345698 0.443072
0.346033 0.704409
0.347269 0.600717
0.347510 0.575943
0.347835 0.658508
0.347954 0.605712
0.348044 0.507055
0.348325 0.441246
0.348496 0.506940
0.348911 0.572574
0.349027 0.250710
0.349902 0.521266
0.352165 0.644681
0.352506 0.316515
0.352657 0.582253
0.353097 0.893121
0.353815 0.962700
0.354639 0.661341
0.354727 0.793150
0.354940 0.643952
0.356182 0.320131
0.356338 0.513243
0.356349 0.593691
0.356830 0.385086
0.356945 0.563143
0.357019 0.560185
0.357381 0.397732
0.357675 0.416342
0.359193 0.666471
0.359380 0.499791
0.359539 0.584330
0.359582 0.737871
0.360411 0.631522
0.360971 0.411473
0.361099 0.520512
0.361457 0.519074
0.361514 0.575115
0.362242 0.453364
0.362352 0.743664
0.362725 0.622848
0.362888 0.449617
0.363006 0.569546
0.363145 0.544728
0.363943 0.526810
0.364038 0.489193
0.364265 0.456646
0.365068 0.613472
0.365529 0.455332
0.365705 0.858978
0.366362 0.601656
0.368300 0.529622
0.368524 0.322116
0.368825 0.491234
0.369044 0.557795
0.370735 0.443610
0.371445 0.783398
0.372026 0.416432
0.372918 0.498189
0.373208 0.427282
0.373641 0.442083
0.374157 0.525912
0.374298 0.540486
0.374632 0.601870
0.374941 0.570606
0.375342 0.135703
0.375726 0.478322
0.376098 0.421069
0.376817 0.472224
0.376845 0.434216
0.377424 0.404599
0.377470 0.575406
0.377931 0.727080
0.378075 0.728699
0.379978 0.433465
0.380087 0.276478
0.380807 0.632106
0.382034 0.861219
0.382188 0.554770
0.382233 0.766680
0.382406 0.397347
0.382554 0.568720
0.382654 0.256125
0.384185 0.515617
0.384723 0.526861
0.385202 0.287743
0.386536 0.465023
0.387600 0.484729
0.388155 0.941609
0.388351 0.496165
0.390327 0.502902
0.392033 0.638760
0.392259 0.645903
0.392369 0.574523
0.392396 0.543022
0.392517 0.403233
0.392594 0.386208
0.394276 0.463342
0.394511 0.688724
0.396094 0.644425
0.396371 0.455697
0.396473 0.521619
0.396496 0.599246
0.396689 0.520354
0.397148 0.305975
0.397188 0.393332
0.399244 0.386232
0.399592 0.729211
0.401363 0.401863
0.402243 0.764722
0.403370 0.757900
0.403585 0.559575
0.403965 0.365997
0.404149 0.743135
0.404316 0.701965
0.408386 0.609030
0.408461 0.573433
0.408984 0.653157
0.409124 0.242396
0.411860 0.411107
0.412235 0.217679
0.413339 0.543709
0.414989 0.734485
0.415075 0.331869
0.415977 0.302791
0.416516 0.732708
0.416552 0.526093
0.417186 0.471454
0.419162 0.533219
0.420001 0.687329
0.420957 0.753728
0.420998 0.353601
0.423853 0.570515
0.424508 0.639395
0.425325 0.422073
0.425338 0.583582
0.425511 0.270521
0.426361 0.529565
0.429685 0.475250
0.429881 0.237169
0.430049 0.364325
0.432948 0.481039
0.434036 0.409925
0.434680 0.422931
0.434856 0.525917
0.435302 0.551424
0.436917 0.493748
0.437124 0.473697
0.437376 0.463848
0.437758 0.000000
0.439491 0.258010
0.441487 0.701545
0.442648 0.526387
0.443643 0.441432
0.446627 0.484764
0.447150 0.832387
0.447413 0.404645
0.447760 0.287438
0.448080 0.412966
0.449445 0.471874
0.450898 0.709238
0.452029 0.607952
0.453993 0.203595
0.454117 0.465881
0.454329 0.546625
0.457054 0.462907
0.457326 0.527703
0.458098 0.562720
0.459385 0.677364
0.459483 0.333798
0.461130 0.430823
0.463673 0.498990
0.463871 0.283725
0.465057 0.612987
0.468987 0.222187
0.469020 0.654671
0.469225 0.619609
0.469576 0.858253
0.470158 0.557065
0.471019 0.630770
0.471958 0.401815
0.473450 0.434464
0.473521 0.660141
0.473943 0.426118
0.474637 0.638201
0.474867 0.500882
0.475015 0.650768
0.476764 0.429432
0.477471 0.628000
0.479499 0.858883
0.481721 0.320504
0.486767 0.561560
0.488487 0.338230
0.488877 0.293682
0.490334 0.362832
0.492827 0.413298
0.493154 0.638608
0.493652 0.554488
0.496422 0.391941
0.497891 0.252657
0.498983 0.428640
0.499310 0.342230
0.499646 0.640903
0.500705 0.520723
0.501313 0.474759
0.501743 0.387221
0.501948 0.524577
0.502426 0.579161
0.503814 0.134850
0.503838 0.386013
0.506769 0.625670
0.508348 0.685282
0.513220 0.321670
0.513266 0.265778
0.513500 0.458932
0.513962 0.063197
0.514552 0.572473
0.515784 0.374051
0.515800 0.804871
0.515855 0.585340
0.517063 0.704972
0.519560 0.498671
0.520162 0.198470
0.520192 0.456675
0.525345 0.350305
0.525457 0.197707
0.529362 0.788640
0.532033 0.457246
0.535530 0.307865
0.536554 0.418758
0.536764 0.526701
0.536808 0.603957
0.537374 0.591367
0.538314 0.359886
0.538464 0.288860
0.541129 0.538012
0.542027 0.578729
0.542610 0.557813
0.545455 0.445646
0.548564 0.666861
0.550262 0.614835
0.550289 0.669332
0.556025 0.510702
0.556274 0.597479
0.557398 0.381712
0.557627 0.590915
0.557865 0.774163
0.557898 0.568502
0.558126 0.369146
0.564682 0.580375
0.564970 0.428623
0.566811 0.668695
0.570948 0.249443
0.571546 0.588581
0.574011 0.759370
0.575975 0.525097
0.577799 0.392431
0.580992 0.573166
0.581401 0.489199
0.581407 0.384509
0.591825 0.453747
0.592025 0.630509
0.593649 0.216217
0.602085 0.372299
0.602298 0.559193
0.603907 0.585347
0.604527 0.337843
0.607219 0.671836
0.608279 0.193278
0.613547 0.385305
0.613924 0.320185
0.615381 0.641980
0.616143 0.321246
0.620411 0.212330
0.626633 0.181179
0.630810 0.254262
0.633126 0.246818
0.635053 0.451628
0.641476 0.596038
0.642445 0.708866
0.643342 0.470067
0.648555 0.508578
0.652174 0.493535
0.657759 0.394172
0.658620 0.458018
0.671427 0.500374
0.672938 0.099013
0.674230 0.907075
0.679521 0.469598
0.683479 0.353006
0.693281 0.623581
0.698289 0.671050
0.698584 0.437456
0.753545 0.532140
0.786289 0.505978
0.806177 0.686371
0.815102 0.292978
0.835250 0.507944
1.000000 0.178521
