0.000000 0.705108
0.006963 0.388447
0.009147 0.805493
0.014865 0.581935
0.019216 0.598309
0.025996 0.555773
0.028872 0.389951
0.030972 0.598357
0.032801 0.431911
0.046773 0.520988
0.052912 0.560402
0.054102 0.693496
0.058206 0.408586
0.058824 0.406758
0.061243 0.616834
0.063973 0.621917
0.064240 0.516386
0.064513 0.652547
0.066719 0.410012
0.069903 0.350638
0.078378 0.491324
0.079400 0.578572
0.086504 0.384106
0.087104 0.767384
0.087549 0.584377
0.088448 0.477995
0.089316 0.505578
0.089405 0.755671
0.091293 0.412001
0.097039 0.483082
0.097405 0.342756
0.098855 0.412595
0.099494 0.246779
0.101700 0.416966
0.103827 0.628496
0.105619 0.381671
0.110458 0.377937
0.111754 0.386147
0.112572 0.447706
0.115820 0.543048
0.116726 0.281013
0.116857 0.552983
0.116942 0.525662
0.118871 0.758659
0.118885 0.413438
0.120029 0.229766
0.122833 0.431116
0.124565 0.137153
0.125822 0.312094
0.129062 0.681630
0.129161 0.713965
0.135952 0.656477
0.138218 0.573601
0.140220 0.443663
0.142057 0.492188
0.143101 0.426607
0.148257 0.214975
0.148398 0.222574
0.148751 0.320136
0.149622 0.480378
0.149658 0.449141
0.150810 0.450491
0.151613 0.297388
0.155209 0.793732
0.158096 0.674893
0.158725 0.457456
0.159925 0.524608
0.160000 0.558991
0.160914 0.658692
0.163222 0.444560
0.164180 0.546678
0.167691 0.487416
0.168348 0.560628
0.174618 0.550458
0.176808 0.530332
0.180458 0.533558
0.181558 0.611345
0.183719 0.455339
0.185550 0.477728
0.186413 0.568995
0.187586 0.865372
0.190388 0.486090
0.193496 0.561437
0.193702 0.538154
0.195935 0.656866
0.200667 0.582907
0.203272 0.849699
0.205777 0.258723
0.205848 0.616095
0.207326 0.657876
0.207382 0.290580
0.207831 0.627878
0.208827 0.554586
0.208996 0.628409
0.210448 0.458454
0.210546 0.682771
0.211393 0.488330
0.211440 0.478558
0.211454 0.348953
0.211872 0.356607
0.212063 0.551566
0.212148 0.721671
0.212168 0.422901
0.212283 0.407526
0.212501 0.378368
0.213955 0.512216
0.214814 0.483097
0.215925 0.526860
0.218451 0.425477
0.224535 0.443246
0.224655 0.549634
0.224731 0.719723
0.225872 0.750462
0.226201 0.487521
0.226373 0.134414
0.227788 0.352325
0.228108 0.367545
0.228137 0.424167
0.229345 0.520216
0.232906 0.717416
0.233373 0.447615
0.234373 0.290443
0.234619 0.371767
0.235217 0.292799
0.235872 0.319399
0.236999 0.560701
0.238554 0.635507
0.239908 0.307681
0.240570 0.660765
0.242765 0.499568
0.246305 0.727168
0.247662 0.489682
0.250500 0.526393
0.250531 0.282328
0.252408 0.322642
0.252871 0.520163
0.254010 0.314668
0.256210 0.448536
0.256482 0.747939
0.257989 0.746345
0.258389 0.182036
0.258642 0.380253
0.259628 0.487313
0.261418 0.459642
0.261578 0.567897
0.262062 0.521391
0.263642 0.427771
0.263904 0.417259
0.264296 0.495239
0.264643 0.492780
0.264769 0.582469
0.265765 0.414434
0.267696 0.585659
0.269898 0.601573
0.270387 0.268397
0.270684 0.452133
0.271407 0.514454
0.271411 0.483122
0.274907 0.303306
0.274939 0.459304
0.280517 0.445717
0.281513 0.432651
0.281839 0.149942
0.282146 0.580412
0.282602 0.609173
0.284881 0.459861
0.284993 0.640240
0.285174 0.484355
0.287289 0.421791
0.290263 0.337415
0.292031 0.486923
0.293200 0.766535
0.294035 0.476104
0.296446 0.232585
0.298311 0.519689
0.300194 0.712888
0.302336 0.551101
0.304760 0.676951
0.306356 0.458397
0.308830 0.368998
0.311038 0.350752
0.314139 0.479350
0.314606 0.585928
0.315331 0.412957
0.318782 0.602519
0.319929 0.661925
0.320242 0.377388
0.321873 0.505774
0.322815 0.377574
0.323483 0.451174
0.325652 0.803740
0.329187 0.788199
0.332936 0.398827
0.335424 0.273957
0.335982 0.390745
0.337145 0.191617
0.343780 0.263515
0.347292 0.563644
0.347766 0.356633
0.348019 0.292135
0.349743 0.481396
0.349953 0.468600
0.349980 0.541473
0.350340 0.479765
0.355290 0.507165
0.356068 0.595447
0.358319 0.573391
0.360938 0.738557
0.363722 0.728869
0.364434 0.579289
0.367071 0.455691
0.367086 0.581730
0.371873 0.749355
0.371952 0.329720
0.376081 0.593510
0.376240 0.483749
0.376613 0.471352
0.376879 0.415279
0.378607 0.256150
0.382058 0.275033
0.382565 0.899791
0.382970 0.509527
0.383808 0.595939
0.387275 0.299309
0.389546 0.620689
0.391469 0.248808
0.394023 0.195257
0.397909 0.583403
0.399235 0.752549
0.402085 0.273376
0.402103 0.175312
0.403097 0.532741
0.405904 0.414668
0.407249 0.274327
0.407667 0.371062
0.407950 0.459968
0.411687 0.628104
0.412614 0.770605
0.413741 0.209326
0.413840 0.185573
0.413980 0.251917
0.416355 0.241514
0.423109 0.213979
0.426615 0.485121
0.430307 0.414639
0.436931 0.414378
0.440027 0.026132
0.440824 0.425013
0.444712 0.623691
0.446597 0.547230
0.447600 1.000000
0.447695 0.466774
0.449201 0.406874
0.450783 0.313220
0.453645 0.467720
0.454379 0.218378
0.455196 0.428164
0.455377 0.599640
0.456796 0.568210
0.457137 0.366085
0.457203 0.542367
0.463257 0.534212
0.463300 0.426619
0.463581 0.575098
0.464483 0.303503
0.468578 0.523797
0.470777 0.591894
0.471850 0.257787
0.475287 0.574298
0.475386 0.550985
0.475989 0.580671
0.478409 0.420652
0.481554 0.306402
0.482135 0.611186
0.483047 0.426527
0.483606 0.730159
0.483748 0.459314
0.484060 0.453675
0.484228 0.494912
0.487603 0.382534
0.487826 0.767084
0.489027 0.350364
0.490093 0.216137
0.497628 0.416665
0.499075 0.411467
0.499876 0.365053
0.500946 0.000000
0.504267 0.442844
0.513808 0.723908
0.514947 0.371967
0.520158 0.336805
0.526069 0.130957
0.530833 0.501961
0.546334 0.477185
0.548813 0.497576
0.564258 0.634045
0.574311 0.443646
0.574733 0.516441
0.576431 0.588552
0.576723 0.600102
0.577431 0.085419
0.578388 0.198881
0.579625 0.593612
0.596392 0.408460
0.603981 0.470101
0.611354 0.497384
0.626933 0.534317
0.632667 0.515994
0.643982 0.089587
0.652657 0.536974
0.666447 0.346230
0.675397 0.475595
0.687470 0.122166
0.705257 0.456725
0.705396 0.139760
0.715027 0.352389
0.715135 0.833016
0.738035 0.334003
0.749891 0.106900
0.760168 0.207521
0.804687 0.064316
0.846154 0.624201
0.860047 0.522841
0.979605 0.429246
1.000000 0.187794
