0.000000 0.462669
0.002277 0.267212
0.004782 0.235642
0.006572 0.211601
0.007385 0.310273
0.008699 0.284628
0.010819 0.307546
0.010971 0.288887
0.011050 0.325892
0.011211 0.296789
0.011714 0.181570
0.013094 0.365553
0.014013 0.343877
0.014390 0.328988
0.015223 0.206157
0.015618 0.255237
0.021456 0.302514
0.023699 0.467840
0.024355 0.186827
0.025787 0.198133
0.025943 0.333741
0.026358 0.339546
0.026691 0.337684
0.027207 0.420359
0.028151 0.316594
0.029139 0.184623
0.029545 0.316653
0.030762 0.207577
0.034187 0.126013
0.035269 0.215332
0.035385 0.161023
0.039612 0.296792
0.040447 0.348986
0.040825 0.290512
0.040842 0.257593
0.042086 0.372339
0.042692 0.315502
0.043774 0.291505
0.044391 0.378034
0.044492 0.419241
0.045389 0.265781
0.045790 0.195603
0.046183 0.211349
0.046454 0.326916
0.046956 0.144477
0.047737 0.120424
0.048109 0.177912
0.048379 0.338082
0.048916 0.261140
0.049261 0.263283
0.050613 0.219193
0.051340 0.235867
0.051612 0.219517
0.052026 0.102756
0.052253 0.316978
0.053175 0.170706
0.053520 0.256961
0.054058 0.211898
0.054244 0.285219
0.054984 0.211975
0.055832 0.325154
0.056876 0.230658
0.057900 0.357663
0.058237 0.280421
0.058317 0.343131
0.059596 0.276682
0.059657 0.065292
0.060144 0.235574
0.060541 0.298848
0.061655 0.378224
0.062000 0.281909
0.062019 0.382150
0.062763 0.180259
0.062940 0.390365
0.063216 0.249689
0.064160 0.270528
0.064667 0.295799
0.065187 0.265348
0.065343 0.308896
0.065632 0.389911
0.066281 0.430860
0.068301 0.327139
0.068319 0.287156
0.068335 0.323502
0.069235 0.239672
0.069258 0.183223
0.069282 0.133560
0.070452 0.427480
0.070949 0.188397
0.071665 0.219269
0.073023 0.354650
0.073197 0.299739
0.074108 0.285822
0.075088 0.183858
0.075181 0.326612
0.075193 0.211222
0.075531 0.275794
0.076096 0.178073
0.077576 0.131682
0.077705 0.336613
0.079364 0.226515
0.080282 0.250736
0.080698 0.300176
0.081721 0.237087
0.084009 0.221295
0.084404 0.276871
0.084789 0.278159
0.084866 0.341832
0.086996 0.315974
0.087020 0.366901
0.087063 0.248901
0.088508 0.188039
0.088731 0.340458
0.089089 0.301695
0.089339 0.263800
0.089543 0.244021
0.091318 0.388127
0.091408 0.201410
0.091789 0.309200
0.093175 0.284418
0.093414 0.279879
0.093613 0.194800
0.093753 0.265963
0.093812 0.313387
0.093888 0.331046
0.094154 0.204915
0.096247 0.352837
0.097127 0.360285
0.097469 0.216059
0.098008 0.265404
0.099570 0.338767
0.099918 0.294536
0.099942 0.340488
0.100220 0.164138
0.100316 0.326300
0.100554 0.259895
0.100717 0.346038
0.101755 0.259013
0.101958 0.270925
0.103443 0.256766
0.103760 0.365642
0.103932 0.328056
0.104641 0.378279
0.106071 0.245419
0.106891 0.324108
0.106897 0.182892
0.107286 0.225963
0.107363 0.237937
0.107367 0.292746
0.108671 0.271109
0.109016 0.286333
0.109192 0.199636
0.109393 0.126925
0.109523 0.315476
0.110538 0.134293
0.110677 0.335609
0.111336 0.279801
0.111725 0.293975
0.111767 0.275617
0.111895 0.357877
0.112371 0.163305
0.112571 0.058428
0.113468 0.401297
0.114255 0.143412
0.114825 0.353588
0.115006 0.322621
0.115184 0.318678
0.116003 0.184116
0.116024 0.273429
0.116054 0.286534
0.116800 0.333663
0.118133 0.388993
0.118161 0.294681
0.119675 0.243223
0.120096 0.447865
0.120107 0.199149
0.120908 0.322515
0.121482 0.248116
0.121911 0.095810
0.122064 0.370376
0.124011 0.104297
0.124036 0.247709
0.124134 0.275208
0.125129 0.225651
0.125232 0.319471
0.125881 0.235998
0.126302 0.364212
0.126359 0.224947
0.126373 0.166557
0.126393 0.492517
0.126511 0.242027
0.126673 0.380416
0.127062 0.278724
0.127727 0.196563
0.128661 0.295376
0.128822 0.264159
0.129043 0.288996
0.129178 0.221885
0.129303 0.282615
0.129774 0.233930
0.129883 0.389100
0.130818 0.308832
0.131203 0.131285
0.131293 0.320191
0.131460 0.326582
0.131633 0.253692
0.131687 0.188364
0.131693 0.260793
0.132317 0.294733
0.132382 0.441977
0.132487 0.257710
0.132925 0.291848
0.133048 0.268074
0.133091 0.221642
0.133261 0.252633
0.133936 0.261089
0.134284 0.336216
0.134516 0.225255
0.134627 0.287902
0.134695 0.189973
0.136094 0.384618
0.136229 0.293389
0.136304 0.384893
0.136325 0.188283
0.136374 0.246637
0.136645 0.343417
0.137474 0.316718
0.137552 0.437734
0.137943 0.267539
0.137945 0.332888
0.138300 0.382715
0.138751 0.207163
0.138911 0.238606
0.139656 0.214316
0.139661 0.240434
0.141423 0.201010
0.142948 0.298795
0.143762 0.274995
0.144157 0.346320
0.144303 0.095507
0.144312 0.182079
0.145146 0.231208
0.145502 0.270735
0.145664 0.178017
0.145991 0.264736
0.146174 0.318102
0.146256 0.326045
0.146682 0.260262
0.148243 0.224723
0.148769 0.288463
0.148976 0.260109
0.149343 0.246823
0.149411 0.248337
0.149552 0.278301
0.149922 0.206862
0.150017 0.241895
0.150080 0.292323
0.150513 0.357640
0.150816 0.283584
0.150978 0.246225
0.152188 0.222233
0.152361 0.375122
0.153193 0.459707
0.154060 0.232710
0.154253 0.239377
0.154512 0.105526
0.154525 0.201528
0.154833 0.350555
0.155202 0.169945
0.155353 0.306626
0.156729 0.346267
0.157034 0.313494
0.157452 0.288119
0.158441 0.328973
0.158664 0.266003
0.158697 0.382106
0.158905 0.177417
0.159070 0.276986
0.160387 0.341703
0.160821 0.344459
0.161493 0.164330
0.161538 0.237365
0.162873 0.315582
0.163219 0.372526
0.163330 0.242701
0.163706 0.329038
0.163774 0.422637
0.163889 0.267782
0.164211 0.260931
0.165207 0.276302
0.165227 0.255954
0.165624 0.274280
0.165654 0.433514
0.166144 0.181781
0.166171 0.386968
0.166219 0.342839
0.166677 0.405126
0.166732 0.159057
0.166959 0.170231
0.167283 0.386854
0.167395 0.327912
0.167713 0.340016
0.168000 0.215637
0.168241 0.199425
0.169412 0.347132
0.170098 0.231398
0.170144 0.335919
0.170222 0.294693
0.170785 0.301628
0.171308 0.357530
0.171579 0.137071
0.172062 0.285768
0.172172 0.288555
0.172219 0.236348
0.172396 0.356323
0.172921 0.175337
0.173003 0.224359
0.173261 0.309126
0.174059 0.215919
0.174081 0.324265
0.174149 0.296439
0.174348 0.217449
0.174620 0.323450
0.175383 0.242439
0.176151 0.314045
0.176534 0.297274
0.176736 0.261942
0.178123 0.356772
0.178758 0.223873
0.178845 0.229386
0.179194 0.245433
0.179244 0.278298
0.179391 0.265463
0.179734 0.251482
0.180630 0.217078
0.180867 0.322959
0.181341 0.251167
0.182169 0.377948
0.182323 0.207897
0.182370 0.278910
0.182424 0.237755
0.182786 0.296937
0.183397 0.376579
0.183652 0.235334
0.183736 0.328042
0.184149 0.265358
0.184330 0.262579
0.185168 0.204550
0.185307 0.230991
0.185347 0.346408
0.186354 0.103864
0.186998 0.352359
0.187140 0.205419
0.187143 0.484613
0.187254 0.210619
0.187480 0.180599
0.187742 0.221955
0.187973 0.405816
0.189270 0.209051
0.191383 0.253517
0.191541 0.234432
0.191971 0.435613
0.192744 0.217159
0.193091 0.242170
0.194133 0.190898
0.194410 0.278132
0.195397 0.134133
0.195874 0.362273
0.195982 0.248194
0.196022 0.269782
0.196423 0.183657
0.196704 0.236211
0.197049 0.210908
0.198332 0.251663
0.198457 0.259516
0.198798 0.212546
0.198953 0.160567
0.199184 0.254035
0.199430 0.239198
0.199777 0.148351
0.200777 0.373842
0.200872 0.397840
0.201046 0.338877
0.201219 0.239025
0.201308 0.405791
0.201645 0.240417
0.202686 0.233007
0.203653 0.240839
0.204196 0.325793
0.204333 0.345067
0.204502 0.271501
0.205495 0.334899
0.205500 0.291955
0.206005 0.368196
0.206253 0.379439
0.206791 0.365455
0.206814 0.261252
0.207006 0.260107
0.207284 0.214633
0.207644 0.369549
0.207865 0.398025
0.207975 0.371637
0.208098 0.239629
0.208375 0.226208
0.208726 0.246413
0.209000 0.324843
0.209308 0.385315
0.209381 0.235737
0.209462 0.320444
0.210982 0.332521
0.211035 0.254306
0.211262 0.185598
0.211888 0.251395
0.213129 0.298901
0.213636 0.273331
0.213903 0.275138
0.214040 0.182379
0.214515 0.367372
0.214834 0.271339
0.214891 0.148145
0.214897 0.363691
0.215044 0.333569
0.215342 0.331672
0.215462 0.305332
0.215746 0.260599
0.215834 0.208198
0.216178 0.470830
0.216403 0.372005
0.217061 0.354630
0.217121 0.251716
0.217603 0.197459
0.217782 0.295314
0.218022 0.351990
0.218884 0.333530
0.219140 0.295558
0.219331 0.392316
0.219341 0.269211
0.219926 0.252219
0.219930 0.265922
0.220552 0.388173
0.221376 0.257246
0.221597 0.326298
0.222702 0.260461
0.222707 0.163018
0.223011 0.116279
0.223102 0.123816
0.223194 0.401366
0.223260 0.203958
0.223954 0.307327
0.224209 0.296969
0.224972 0.336694
0.225205 0.352800
0.225277 0.221469
0.225588 0.209609
0.225794 0.212857
0.225799 0.314043
0.226062 0.142623
0.227163 0.317916
0.227201 0.312226
0.227644 0.243464
0.228000 0.231666
0.228448 0.483081
0.228707 0.182202
0.228874 0.287638
0.229061 0.212619
0.229637 0.132552
0.229973 0.173067
0.230694 0.272999
0.230841 0.265096
0.231256 0.329917
0.231399 0.279451
0.231407 0.421397
0.231594 0.315195
0.231665 0.423400
0.231740 0.297103
0.232019 0.370967
0.232388 0.379377
0.232535 0.364655
0.233775 0.474902
0.233972 0.214780
0.233975 0.374988
0.234742 0.396067
0.234778 0.332375
0.234793 0.326007
0.234848 0.314371
0.235451 0.344823
0.235652 0.284846
0.235920 0.237922
0.236666 0.300244
0.236666 0.340678
0.236847 0.212660
0.236899 0.360599
0.236928 0.227016
0.237215 0.212118
0.237427 0.220421
0.237461 0.309410
0.237621 0.331395
0.237825 0.392080
0.238045 0.215852
0.238762 0.245214
0.238943 0.185137
0.239489 0.364506
0.239523 0.187807
0.239702 0.199348
0.239980 0.309184
0.240799 0.290111
0.240817 0.284651
0.240990 0.457026
0.241232 0.167895
0.241420 0.220036
0.241522 0.326505
0.241585 0.344575
0.242106 0.321239
0.242133 0.301516
0.242164 0.250605
0.242689 0.238766
0.245493 0.321939
0.246305 0.389087
0.247028 0.324526
0.247403 0.275164
0.247467 0.229131
0.248128 0.222975
0.248659 0.217667
0.249610 0.425991
0.250374 0.255317
0.251272 0.369543
0.251687 0.426298
0.252184 0.254052
0.252655 0.349110
0.252914 0.296755
0.253140 0.148788
0.253193 0.182762
0.253650 0.350523
0.254317 0.353142
0.254763 0.266709
0.254812 0.312781
0.254936 0.226455
0.255627 0.281993
0.255730 0.073289
0.256286 0.228637
0.256577 0.181659
0.256638 0.260293
0.256753 0.183649
0.256772 0.370842
0.257170 0.350024
0.257439 0.279780
0.257593 0.191079
0.257785 0.295641
0.257881 0.314896
0.258083 0.278536
0.258170 0.226689
0.258229 0.246013
0.260493 0.300917
0.261174 0.252995
0.261469 0.168893
0.264402 0.219384
0.265972 0.197175
0.265989 0.308342
0.267088 0.291446
0.267237 0.198773
0.267401 0.119216
0.267707 0.437772
0.268238 0.283932
0.268697 0.213560
0.268737 0.311342
0.269066 0.303210
0.269906 0.301713
0.271455 0.260682
0.271655 0.441118
0.271673 0.426177
0.272126 0.269810
0.272155 0.239688
0.272369 0.167963
0.272677 0.317934
0.272697 0.202780
0.273449 0.191565
0.274130 0.151354
0.274261 0.201682
0.274336 0.338171
0.275215 0.161029
0.275339 0.254470
0.275373 0.281853
0.275955 0.224405
0.276325 0.282336
0.276997 0.257702
0.277499 0.175592
0.278362 0.382490
0.278510 0.358277
0.278952 0.183141
0.279393 0.191503
0.279619 0.175777
0.280527 0.149198
0.280554 0.301636
0.280911 0.248980
0.282082 0.232154
0.282165 0.352057
0.282782 0.270066
0.283339 0.448527
0.283438 0.184355
0.283471 0.132754
0.284001 0.175214
0.284139 0.336660
0.284298 0.371373
0.285062 0.192957
0.285901 0.348920
0.285953 0.296671
0.286209 0.389494
0.286284 0.309939
0.286350 0.501065
0.286901 0.216022
0.287293 0.271426
0.287407 0.250922
0.287436 0.213603
0.287661 0.395899
0.288329 0.227251
0.288719 0.233422
0.288806 0.260326
0.288934 0.248353
0.290145 0.393660
0.290417 0.309632
0.290625 0.167542
0.290826 0.316119
0.291597 0.265380
0.292582 0.243198
0.292722 0.234966
0.293056 0.389888
0.293097 0.279164
0.293136 0.309917
0.293176 0.327451
0.293198 0.263282
0.293420 0.367594
0.293862 0.212323
0.294138 0.190550
0.294206 0.473601
0.294363 0.190821
0.294411 0.355986
0.295160 0.328331
0.295256 0.322948
0.295350 0.327938
0.295418 0.208489
0.295419 0.339380
0.296043 0.309116
0.296504 0.321339
0.296597 0.148209
0.297093 0.372699
0.297336 0.355259
0.297467 0.177363
0.297627 0.382460
0.297965 0.322097
0.298000 0.271928
0.298013 0.245452
0.298070 0.450153
0.298646 0.315667
0.300030 0.326663
0.300258 0.253853
0.301614 0.221969
0.301699 0.237142
0.301708 0.174136
0.301858 0.085068
0.302247 0.182188
0.302721 0.192772
0.303014 0.265163
0.303020 0.202113
0.303030 0.250927
0.303173 0.188152
0.303595 0.195036
0.304889 0.337025
0.305381 0.387266
0.305598 0.323096
0.305904 0.303066
0.306229 0.246466
0.306293 0.430173
0.306432 0.360008
0.306630 0.426424
0.306828 0.248675
0.306978 0.238011
0.306992 0.238154
0.307464 0.411533
0.307792 0.423959
0.307931 0.361832
0.308231 0.246281
0.309039 0.297982
0.309155 0.231433
0.309245 0.370178
0.309521 0.454751
0.309650 0.356309
0.310856 0.245021
0.311200 0.249809
0.311277 0.219487
0.311366 0.428682
0.311935 0.268274
0.312102 0.320652
0.312669 0.233677
0.313521 0.449539
0.315055 0.210001
0.315128 0.235213
0.315373 0.263273
0.315383 0.254542
0.315764 0.291432
0.315801 0.250496
0.315996 0.362508
0.316170 0.251544
0.316220 0.373760
0.316429 0.398773
0.317153 0.361788
0.318589 0.166154
0.319130 0.169668
0.319208 0.270636
0.319413 0.301292
0.319835 0.401194
0.320143 0.343061
0.320357 0.422320
0.320656 0.212075
0.320666 0.120624
0.320688 0.235532
0.321523 0.368447
0.321627 0.370682
0.321776 0.233484
0.321821 0.316725
0.322027 0.318470
0.322459 0.299689
0.323855 0.151934
0.324030 0.339742
0.324601 0.381789
0.325050 0.291494
0.325967 0.317480
0.326340 0.337362
0.326515 0.255781
0.326894 0.249187
0.327387 0.337674
0.327630 0.288318
0.327765 0.440969
0.328006 0.420023
0.328026 0.340267
0.328299 0.168923
0.328777 0.297966
0.328869 0.331011
0.329442 0.285851
0.329625 0.154522
0.330131 0.286655
0.330209 0.496642
0.330303 0.118159
0.330797 0.261731
0.331090 0.329845
0.331243 0.235841
0.331631 0.297573
0.331794 0.335427
0.332500 0.240153
0.332741 0.237242
0.333217 0.358835
0.333226 0.295468
0.333334 0.382386
0.333374 0.336108
0.333778 0.287939
0.334078 0.270529
0.334327 0.218658
0.334680 0.266473
0.334785 0.169273
0.335161 0.404792
0.336135 0.306426
0.337063 0.327901
0.337090 0.350321
0.337109 0.321928
0.337125 0.212368
0.337298 0.274687
0.337688 0.158757
0.337695 0.328438
0.338269 0.435471
0.339410 0.208203
0.339972 0.398209
0.340702 0.483928
0.341456 0.253754
0.341744 0.403275
0.342140 0.338917
0.342169 0.370175
0.342959 0.161015
0.343666 0.290733
0.344576 0.285969
0.345015 0.339649
0.346319 0.353916
0.346714 0.248183
0.346817 0.382860
0.346856 0.280082
0.346989 0.222913
0.347498 0.293834
0.347603 0.343158
0.348545 0.421837
0.349322 0.204472
0.349372 0.302474
0.350569 0.152862
0.351033 0.388903
0.351062 0.281601
0.352320 0.244472
0.352383 0.210407
0.353583 0.363743
0.354114 0.221204
0.354162 0.198438
0.354202 0.229170
0.355545 0.237729
0.355658 0.184399
0.355850 0.307181
0.356119 0.268555
0.357433 0.308883
0.357499 0.268888
0.358086 0.220817
0.358429 0.278642
0.358927 0.274628
0.359146 0.391568
0.359216 0.401352
0.359428 0.381295
0.361591 0.450860
0.361642 0.300508
0.361939 0.421504
0.361988 0.400024
0.362764 0.374461
0.364290 0.208337
0.364750 0.237890
0.365161 0.152731
0.365202 0.321725
0.366322 0.279514
0.367980 0.296176
0.368183 0.309368
0.368429 0.380097
0.368517 0.410008
0.368713 0.404630
0.368953 0.203203
0.369883 0.238958
0.370526 0.205141
0.370880 0.273957
0.370922 0.163538
0.371287 0.406069
0.371609 0.266767
0.371612 0.326629
0.372035 0.189908
0.372142 0.272093
0.373104 0.375441
0.373233 0.192324
0.373718 0.304765
0.373945 0.247595
0.374145 0.555656
0.375025 0.368186
0.375233 0.439488
0.375236 0.350197
0.376334 0.406240
0.376448 0.263634
0.376529 0.293836
0.377404 0.238125
0.377539 0.306518
0.378115 0.175899
0.378400 0.288685
0.379649 0.254645
0.380918 0.318142
0.381199 0.452617
0.381456 0.229132
0.381520 0.495509
0.381527 0.222372
0.381597 0.200536
0.382832 0.343279
0.383148 0.438554
0.383345 0.181864
0.383490 0.280879
0.383774 0.246362
0.384557 0.353589
0.385391 0.266537
0.385397 0.402439
0.385413 0.242452
0.385540 0.389695
0.385595 0.392951
0.385694 0.206463
0.385873 0.327227
0.386304 0.155527
0.386600 0.165962
0.386736 0.347815
0.386971 0.412446
0.387131 0.402605
0.387425 0.229359
0.387599 0.266157
0.388350 0.301300
0.388808 0.088252
0.388826 0.291692
0.389158 0.165301
0.389602 0.287166
0.389847 0.254242
0.390161 0.375963
0.390368 0.006503
0.390410 0.321709
0.390659 0.321277
0.391696 0.329508
0.393654 0.327561
0.394120 0.239854
0.394218 0.285377
0.394350 0.389121
0.395153 0.153839
0.395391 0.296562
0.396345 0.163969
0.396932 0.422761
0.397057 0.287413
0.397574 0.444997
0.397722 0.329357
0.397923 0.291707
0.398091 0.291611
0.398179 0.379269
0.400032 0.347723
0.400634 0.365232
0.400662 0.171059
0.400804 0.300044
0.401203 0.182956
0.402349 0.289273
0.402363 0.341409
0.403111 0.335123
0.403484 0.398202
0.404507 0.158317
0.404860 0.470399
0.406392 0.396826
0.406412 0.279935
0.406490 0.473571
0.406855 0.273518
0.407042 0.204835
0.407951 0.280571
0.408034 0.366481
0.409071 0.234686
0.409209 0.451948
0.409732 0.355133
0.410218 0.164365
0.410238 0.232546
0.410686 0.367870
0.411009 0.171459
0.411088 0.339205
0.411294 0.193010
0.411838 0.177167
0.412317 0.170885
0.413409 0.164868
0.415724 0.292561
0.415801 0.301212
0.415808 0.375499
0.415815 0.316661
0.416587 0.167115
0.417581 0.308463
0.419233 0.361867
0.419374 0.451513
0.419418 0.427170
0.419437 0.426155
0.419886 0.198203
0.420007 0.188088
0.420081 0.260628
0.420696 0.294248
0.421076 0.245197
0.421111 0.438591
0.421173 0.213728
0.421673 0.288986
0.422430 0.205371
0.422539 0.392853
0.424172 0.390560
0.424260 0.431678
0.425142 0.209262
0.425993 0.332600
0.426253 0.286339
0.426726 0.525823
0.428751 0.429212
0.428875 0.341235
0.430658 0.233116
0.430768 0.385990
0.430878 0.205104
0.431173 0.385040
0.431917 0.320784
0.431949 0.410068
0.432241 0.309462
0.432423 0.343432
0.432683 0.583229
0.433421 0.301181
0.433471 0.456043
0.434530 0.357853
0.434985 0.297914
0.436327 0.312935
0.437264 0.168343
0.437979 0.325607
0.438258 0.224524
0.438753 0.183914
0.439104 0.262001
0.439444 0.247340
0.440141 0.289795
0.440880 0.214802
0.441423 0.451736
0.442216 0.285032
0.442889 0.409191
0.443048 0.515970
0.443401 0.294472
0.445228 0.171456
0.446772 0.267649
0.446920 0.290183
0.447882 0.216106
0.448894 0.252853
0.451186 0.235353
0.451686 0.377399
0.452456 0.308076
0.452651 0.485887
0.452946 0.366658
0.453010 0.256091
0.453055 0.239160
0.453548 0.257969
0.453891 0.308277
0.455347 0.344654
0.456122 0.239664
0.456649 0.144620
0.456724 0.337136
0.457195 0.475662
0.457726 0.231283
0.458975 0.444311
0.459848 0.373452
0.460460 0.220218
0.460845 0.234885
0.461891 0.181894
0.462307 0.242124
0.462878 0.480194
0.464056 0.357117
0.464653 0.151536
0.465549 0.348238
0.466561 0.362099
0.466967 0.307274
0.468526 0.261823
0.468923 0.278528
0.469085 0.341404
0.469137 0.382910
0.469248 0.253761
0.469984 0.419653
0.470441 0.251825
0.470514 0.252788
0.470637 0.512699
0.471104 0.356093
0.471775 0.517008
0.472167 0.451560
0.472379 0.323889
0.473754 0.349941
0.474814 0.167186
0.475074 0.327841
0.476179 0.230170
0.476876 0.332584
0.477976 0.639390
0.480017 0.373771
0.481079 0.393500
0.482767 0.337138
0.484740 0.457855
0.485299 0.336720
0.485745 0.342185
0.486619 0.293063
0.487414 0.178510
0.491767 0.257150
0.491917 0.352449
0.492902 0.313553
0.493146 0.309202
0.493933 0.303162
0.494347 0.350884
0.494521 0.299316
0.495627 0.382245
0.496758 0.203190
0.496787 0.422639
0.496827 0.484186
0.498053 0.276375
0.498698 0.392814
0.500876 0.158000
0.501573 0.123945
0.501983 0.315189
0.502003 0.236073
0.502025 0.319460
0.502584 0.190007
0.502993 0.276444
0.504827 0.345000
0.504884 0.365613
0.504895 0.289767
0.505927 0.301237
0.506389 0.344748
0.506980 0.289523
0.507255 0.277142
0.508737 0.462940
0.509308 0.275987
0.509651 0.293275
0.509923 0.227100
0.510285 0.599883
0.510396 0.183049
0.512023 0.200564
0.512277 0.367306
0.512496 0.286135
0.513398 0.214895
0.515082 0.450358
0.515208 0.534873
0.515988 0.463524
0.515991 0.301635
0.516040 0.286927
0.516826 0.177581
0.517020 0.242062
0.518820 0.212878
0.519267 0.346754
0.519287 0.327469
0.521488 0.360586
0.523108 0.349995
0.523612 0.259306
0.523855 0.337777
0.524453 0.252755
0.525268 0.376348
0.526479 0.420081
0.526554 0.250361
0.526702 0.224444
0.526853 0.364737
0.527655 0.200144
0.527817 0.355323
0.528216 0.219693
0.528386 0.454645
0.529419 0.490334
0.529763 0.557473
0.530259 0.393395
0.530948 0.310565
0.531651 0.169154
0.531797 0.144821
0.532495 0.490949
0.532719 0.425920
0.534824 0.446861
0.536702 0.298464
0.538167 0.291524
0.538318 0.228444
0.539400 0.487881
0.539952 0.281279
0.540558 0.287458
0.540823 0.315367
0.542058 0.433686
0.542120 0.417947
0.542587 0.359085
0.543550 0.254593
0.545336 0.260819
0.546543 0.148377
0.548959 0.293743
0.549099 0.280099
0.552855 0.489254
0.555090 0.285738
0.556444 0.240124
0.557183 0.430907
0.557303 0.412219
0.557921 0.352410
0.558313 0.476601
0.558593 0.512024
0.559606 0.385839
0.559990 0.372462
0.560551 0.232864
0.560614 0.325803
0.564297 0.304201
0.564307 0.283542
0.566358 0.467476
0.566639 0.328771
0.567806 0.410573
0.568237 0.549963
0.568341 0.464610
0.568411 0.337627
0.569194 0.480448
0.570221 0.467503
0.570327 0.000000
0.572029 0.299822
0.572201 0.314492
0.573310 0.216876
0.573337 0.295496
0.576091 0.370314
0.576951 0.329327
0.576951 0.178388
0.577490 0.372489
0.578850 0.548152
0.579575 0.397567
0.580316 0.470023
0.582058 0.547698
0.582323 0.096236
0.582863 0.613693
0.583937 0.458275
0.584480 0.370497
0.584676 0.453052
0.584782 0.425421
0.585031 0.307190
0.585890 0.289984
0.586030 0.480705
0.587236 0.334072
0.587609 0.310399
0.587821 0.217332
0.589468 0.401432
0.589996 0.337549
0.592709 0.519025
0.593484 0.239612
0.596861 0.220443
0.596907 0.343849
0.599094 0.369225
0.599137 0.208836
0.601542 0.514274
0.601900 0.327234
0.602502 0.515583
0.603092 0.223546
0.603238 0.350365
0.606362 0.307832
0.606561 0.407855
0.612952 0.231585
0.616343 0.537487
0.617261 0.387785
0.617453 0.631571
0.618268 0.342232
0.619002 0.342816
0.619435 0.216256
0.625180 0.363891
0.625387 0.440831
0.627072 0.463348
0.627338 0.451403
0.628160 0.313437
0.628624 0.339751
0.630375 0.367853
0.631557 0.329551
0.635180 0.280196
0.639766 0.161097
0.639831 0.690566
0.640928 0.622346
0.641200 0.611775
0.643259 0.281422
0.646643 0.469767
0.646986 0.493960
0.647252 0.261205
0.647767 0.399763
0.647855 0.462010
0.648566 0.430352
0.648575 0.402806
0.649221 0.408429
0.649319 0.451822
0.654592 0.412179
0.655215 0.396215
0.655707 0.262487
0.657912 0.543827
0.660442 0.267216
0.663238 0.316709
0.664350 0.231548
0.664374 0.222988
0.668099 0.494499
0.671346 0.582787
0.672237 0.315677
0.674034 0.433277
0.682981 0.400906
0.683693 0.166033
0.688859 0.380453
0.689199 0.388235
0.693530 0.389308
0.694168 0.467729
0.697334 0.316998
0.697392 0.439388
0.697594 0.293022
0.697876 0.467925
0.698597 0.184625
0.708576 0.341812
0.710410 0.450839
0.712730 0.535121
0.714154 0.325928
0.717146 0.297370
0.718979 0.233527
0.720363 0.687712
0.720652 0.368659
0.723479 0.187971
0.723508 0.428641
0.728005 0.185968
0.729814 0.266278
0.730145 0.370385
0.732683 0.779183
0.735121 0.331639
0.736519 0.266904
0.736599 0.348129
0.738368 0.427063
0.747755 0.492229
0.752592 0.458993
0.759145 0.530181
0.768196 0.460679
0.768337 0.243353
0.771240 0.610882
0.771599 0.450020
0.778398 0.481377
0.778902 0.367527
0.779797 0.274325
0.780631 0.637573
0.792610 0.426034
0.796551 0.200203
0.803775 0.458577
0.814094 0.277475
0.826867 0.450666
0.839175 0.957706
0.842018 0.651128
0.842421 0.714774
0.845765 0.429736
0.847023 0.403072
0.852862 0.274773
0.857572 1.000000
0.912265 0.752243
0.920335 0.744246
0.960331 0.854368
0.978768 0.970677
1.000000 0.729570
