0.000000 0.642988
0.046662 0.393935
0.063563 0.627682
0.101138 0.773751
0.116283 0.462555
0.126313 0.373181
0.129055 0.726908
0.137001 0.649656
0.180825 0.619725
0.196616 0.728556
0.211285 0.539365
0.211387 0.547577
0.220508 0.108783
0.222920 0.244271
0.240646 1.000000
0.240761 0.904245
0.243453 0.892273
0.245414 0.657836
0.261112 0.512761
0.307050 0.482936
0.311290 0.660480
0.313651 0.467623
0.326224 0.403539
0.331614 0.570308
0.352658 0.502185
0.363663 0.507679
0.379487 0.568015
0.388148 0.558891
0.392657 0.325829
0.396153 0.504312
0.412325 0.491545
0.420880 0.595671
0.457748 0.654693
0.468685 0.781025
0.481726 0.523467
0.502185 0.517356
0.507019 0.729614
0.509236 0.670614
0.575722 0.367628
0.906053 0.832027
1.000000 0.000000
