0.000000 0.621411
0.004521 0.614326
0.004854 0.498774
0.005011 0.470418
0.008274 0.302592
0.014696 0.343339
0.015593 0.608960
0.027890 0.429647
0.031352 0.628684
0.034663 0.824548
0.038671 0.781307
0.039520 0.417682
0.041788 0.305325
0.041946 0.520547
0.041966 0.751845
0.050567 0.589701
0.054841 0.629968
0.054943 0.617934
0.055024 0.459124
0.055276 0.629280
0.057204 0.398401
0.060108 1.000000
0.060189 0.378342
0.060415 0.543587
0.060757 0.566165
0.062105 0.484544
0.065991 0.477345
0.068013 0.804919
0.068278 0.535206
0.068369 0.568882
0.068517 0.558824
0.070787 0.482675
0.071185 0.830661
0.072113 0.628983
0.074730 0.473556
0.079426 0.646689
0.079587 0.695101
0.080993 0.585373
0.081815 0.458049
0.082585 0.552747
0.083456 0.504481
0.085144 0.470290
0.086570 0.536124
0.087499 0.419093
0.090041 0.495545
0.090793 0.495505
0.090923 0.583305
0.091701 0.398359
0.092475 0.503750
0.093666 0.399718
0.093872 0.365652
0.094692 0.705104
0.095741 0.461017
0.095896 0.592688
0.096097 0.465372
0.097665 0.621304
0.097790 0.553386
0.099320 0.587126
0.103643 0.597604
0.103646 0.525897
0.104622 0.660707
0.105078 0.470355
0.106248 0.773283
0.106415 0.424202
0.106427 0.437771
0.106675 0.356000
0.107290 0.568625
0.107781 0.608723
0.108684 0.518166
0.108890 0.389696
0.109576 0.585210
0.111379 0.567399
0.112681 0.396106
0.116449 0.440124
0.116457 0.499084
0.116964 0.429973
0.117414 0.282668
0.117789 0.195787
0.118290 0.149515
0.118941 0.498909
0.120260 0.513047
0.121100 0.584846
0.121246 0.574397
0.122418 0.470083
0.122418 0.484809
0.122602 0.769033
0.123733 0.654684
0.126205 0.722941
0.127100 0.389160
0.127673 0.582833
0.127748 0.477945
0.130171 0.417103
0.130571 0.480826
0.131204 0.582520
0.132704 0.468776
0.133583 0.668763
0.134121 0.576722
0.134337 0.562609
0.134906 0.586211
0.134943 0.543834
0.135691 0.683112
0.136052 0.371910
0.136079 0.477184
0.137574 0.423956
0.137765 0.373648
0.138187 0.282631
0.138843 0.352810
0.139460 0.470951
0.140029 0.516938
0.140549 0.590633
0.143674 0.487980
0.143814 0.737304
0.144852 0.399937
0.144877 0.591892
0.146416 0.269356
0.147776 0.383352
0.149723 0.526748
0.149826 0.485825
0.151524 0.695111
0.151816 0.659724
0.152379 0.338237
0.153739 0.711322
0.154371 0.532149
0.154556 0.610448
0.154913 0.460961
0.156472 0.641518
0.157623 0.537370
0.159179 0.601532
0.159880 0.495924
0.161444 0.523301
0.164885 0.425241
0.165000 0.616852
0.166074 0.537925
0.166765 0.497926
0.167334 0.583312
0.167588 0.692279
0.167632 0.406510
0.167754 0.460440
0.168100 0.430739
0.168857 0.523140
0.169616 0.538749
0.169838 0.552649
0.171521 0.255699
0.173859 0.491842
0.174219 0.709646
0.174284 0.347310
0.175331 0.479064
0.175589 0.541987
0.176384 0.478732
0.176652 0.671545
0.177172 0.514120
0.177438 0.539224
0.177635 0.444297
0.177946 0.601064
0.178532 0.610870
0.179171 0.527457
0.179278 0.456540
0.179406 0.524961
0.179673 0.415297
0.181025 0.771319
0.181557 0.522826
0.181608 0.561753
0.182194 0.504051
0.182497 0.592306
0.185193 0.618735
0.185632 0.593768
0.186411 0.557647
0.187229 0.597178
0.187531 0.566960
0.187992 0.536083
0.188224 0.551323
0.188444 0.642178
0.188667 0.433254
0.188732 0.512581
0.188878 0.284067
0.189128 0.646812
0.189634 0.542317
0.190844 0.715415
0.191201 0.699906
0.192451 0.645178
0.194527 0.640124
0.194639 0.332143
0.195508 0.677145
0.195703 0.479151
0.196975 0.537790
0.199985 0.796759
0.199992 0.344334
0.201127 0.785564
0.202115 0.737643
0.202803 0.463749
0.202960 0.461707
0.204649 0.379218
0.206071 0.574712
0.206619 0.563798
0.207714 0.266924
0.207924 0.406831
0.208351 0.490802
0.208754 0.530929
0.210383 0.639308
0.211012 0.471337
0.211122 0.443327
0.211276 0.628189
0.211453 0.533429
0.212023 0.309035
0.212772 0.752903
0.213541 0.438640
0.214640 0.466236
0.215502 0.272233
0.215544 0.557019
0.215566 0.437214
0.216019 0.468611
0.216133 0.383293
0.217030 0.484305
0.217730 0.731713
0.217758 0.339300
0.218400 0.695057
0.218742 0.382900
0.220371 0.474716
0.221391 0.597150
0.222149 0.496693
0.222491 0.597254
0.222890 0.587345
0.223203 0.502151
0.223273 0.343137
0.224123 0.502142
0.225472 0.484095
0.226789 0.305816
0.226853 0.606704
0.227389 0.764326
0.227436 0.676855
0.228010 0.613516
0.228954 0.537464
0.230552 0.381035
0.232425 0.637258
0.232987 0.798693
0.233942 0.593641
0.237127 0.280181
0.237675 0.538822
0.238905 0.668336
0.239532 0.679929
0.239616 0.720658
0.239673 0.545183
0.240042 0.579504
0.242077 0.264450
0.242135 0.537711
0.242207 0.361974
0.242543 0.587003
0.242875 0.474437
0.243005 0.581604
0.243825 0.434194
0.244298 0.478202
0.244655 0.423915
0.244972 0.479869
0.247097 0.435595
0.248221 0.553361
0.248781 0.555069
0.249109 0.507250
0.249127 0.545580
0.249963 0.454552
0.250633 0.703454
0.251146 0.258521
0.251302 0.475968
0.251538 0.594072
0.251759 0.372649
0.252796 0.230453
0.253379 0.552708
0.254229 0.499302
0.254313 0.507111
0.254715 0.587611
0.254969 0.676585
0.255165 0.673352
0.255659 0.449185
0.258307 0.544802
0.258433 0.619010
0.259699 0.582103
0.261644 0.720788
0.261826 0.744809
0.261991 0.578356
0.262074 0.629352
0.262846 0.497079
0.262862 0.594478
0.262940 0.597935
0.263571 0.500607
0.263770 0.437751
0.264330 0.520040
0.265017 0.757010
0.265021 0.474096
0.265989 0.569955
0.269122 0.702303
0.269813 0.622411
0.270098 0.277841
0.270791 0.663886
0.271733 0.421918
0.271872 0.513764
0.271930 0.463324
0.272329 0.515432
0.273008 0.380822
0.277095 0.564835
0.277099 0.336332
0.277664 0.522605
0.278469 0.482489
0.278845 0.554516
0.279136 0.613219
0.279250 0.708635
0.279595 0.390776
0.279648 0.529933
0.279892 0.421333
0.280192 0.451999
0.280981 0.485684
0.281628 0.526317
0.281888 0.433859
0.281927 0.467377
0.282052 0.293812
0.282081 0.464962
0.283629 0.444663
0.283806 0.346405
0.284016 0.411049
0.284048 0.418953
0.284705 0.585420
0.285034 0.523592
0.286048 0.564119
0.286515 0.524076
0.287029 0.323919
0.287098 0.551849
0.287182 0.579969
0.287201 0.495192
0.287530 0.761235
0.287832 0.230474
0.288334 0.458904
0.288478 0.589869
0.289543 0.174221
0.289676 0.586480
0.290236 0.614412
0.290741 0.770533
0.290997 0.405767
0.292446 0.453669
0.292486 0.607469
0.292852 0.299726
0.293367 0.506587
0.294950 0.497752
0.294972 0.511738
0.295495 0.295541
0.296592 0.464140
0.296764 0.589544
0.296875 0.493357
0.297139 0.468308
0.297363 0.633777
0.297376 0.515753
0.297506 0.439839
0.297552 0.659499
0.297757 0.501751
0.298393 0.652533
0.300058 0.473185
0.300349 0.530249
0.301316 0.895577
0.302769 0.512044
0.303077 0.484172
0.303117 0.474231
0.303701 0.284760
0.304538 0.426981
0.304583 0.593285
0.304832 0.543041
0.306223 0.567456
0.306636 0.559446
0.307299 0.832132
0.307784 0.643671
0.307824 0.405146
0.308502 0.479020
0.309761 0.484397
0.309963 0.565802
0.310484 0.748590
0.311215 0.671277
0.313141 0.558378
0.313262 0.635383
0.313810 0.446457
0.314114 0.475863
0.314611 0.586191
0.316708 0.289107
0.318220 0.357711
0.318530 0.559318
0.319915 0.621877
0.319958 0.680629
0.320653 0.490069
0.321429 0.663475
0.322345 0.576241
0.324528 0.577437
0.324892 0.458882
0.325518 0.494436
0.326602 0.565235
0.326802 0.425586
0.327422 0.579170
0.327819 0.601532
0.329186 0.515751
0.330232 0.366435
0.331116 0.415586
0.331226 0.390485
0.331714 0.484266
0.332109 0.538419
0.332430 0.598326
0.333929 0.615636
0.334267 0.650603
0.334385 0.760466
0.335607 0.434341
0.336023 0.425431
0.336034 0.427662
0.337189 0.159526
0.338020 0.532184
0.339104 0.379762
0.340623 0.528872
0.341274 0.332622
0.341424 0.670721
0.341591 0.426370
0.341969 0.624273
0.342310 0.503388
0.342311 0.570705
0.342871 0.394569
0.344009 0.551666
0.345282 0.225693
0.345458 0.676468
0.346111 0.482867
0.346627 0.352242
0.347875 0.526016
0.349270 0.462939
0.349290 0.430990
0.351115 0.619192
0.351525 0.567097
0.352011 0.489315
0.352334 0.583906
0.352912 0.481023
0.354477 0.406034
0.354995 0.526572
0.355093 0.402644
0.355314 0.484605
0.355686 0.375100
0.355732 0.600680
0.355924 0.470757
0.357528 0.607911
0.357882 0.379499
0.358075 0.747110
0.358879 0.652564
0.359797 0.573917
0.360014 0.609220
0.360936 0.644523
0.361059 0.671618
0.361628 0.564848
0.364100 0.450989
0.364122 0.585387
0.364616 0.315793
0.366750 0.382932
0.367251 0.694626
0.369831 0.433820
0.370335 0.503892
0.370475 0.608993
0.375942 0.408862
0.376145 0.486048
0.376284 0.589776
0.376288 0.572470
0.376296 0.559171
0.376579 0.537840
0.376814 0.358326
0.376966 0.641866
0.377279 0.702797
0.377899 0.316231
0.378270 0.495464
0.379457 0.477151
0.380193 0.455439
0.380807 0.466727
0.383152 0.456053
0.383367 0.270382
0.385102 0.231129
0.385369 0.553818
0.385621 0.881032
0.386090 0.319138
0.386386 0.593639
0.386583 0.393094
0.386699 0.660600
0.387138 0.642349
0.387547 0.509545
0.389792 0.513448
0.389815 0.245313
0.390022 0.417123
0.391217 0.444277
0.391487 0.545462
0.392082 0.349812
0.392349 0.422522
0.395589 0.313443
0.396027 0.544093
0.396612 0.599540
0.396793 0.576580
0.396936 0.591492
0.397103 0.255883
0.397609 0.503628
0.398686 0.601783
0.399468 0.563892
0.399677 0.194792
0.400040 0.308061
0.406517 0.427598
0.406939 0.574468
0.409290 0.665243
0.411131 0.424208
0.412486 0.372270
0.412675 0.507717
0.412966 0.343026
0.414938 0.250910
0.415169 0.716683
0.415194 0.578856
0.415987 0.421047
0.417124 0.665527
0.417154 0.313787
0.420030 0.504079
0.421957 0.455505
0.422425 0.805576
0.423121 0.705803
0.424132 0.423143
0.425101 0.527481
0.427520 0.864417
0.427563 0.295694
0.428223 0.617889
0.430198 0.616909
0.431581 0.543118
0.432092 0.281565
0.432518 0.462949
0.432519 0.522281
0.432654 0.699181
0.433110 0.478000
0.434074 0.547028
0.434287 0.609282
0.435536 0.568222
0.436390 0.645065
0.437763 0.742904
0.439115 0.230151
0.440861 0.577728
0.441628 0.485539
0.442099 0.550912
0.442459 0.934655
0.443355 0.638433
0.444159 0.491148
0.445307 0.349321
0.445368 0.627539
0.445572 0.504123
0.447141 0.395653
0.447996 0.611856
0.448895 0.667366
0.449029 0.411175
0.450736 0.577689
0.450849 0.669935
0.450878 0.575438
0.451042 0.591506
0.451074 0.516833
0.451083 0.134998
0.451442 0.430675
0.452835 0.562372
0.454283 0.252123
0.455865 0.816774
0.457060 0.634893
0.460557 0.410960
0.460872 0.515502
0.465463 0.449922
0.465497 0.443062
0.465664 0.447121
0.465765 0.433261
0.466754 0.631150
0.470505 0.317000
0.472780 0.345490
0.472949 0.420071
0.474853 0.578075
0.474927 0.595422
0.475320 0.522734
0.476036 0.464134
0.477436 0.467198
0.478096 0.408210
0.478845 0.625391
0.479692 0.491972
0.480120 0.257636
0.484934 0.383063
0.485801 0.414163
0.486241 0.179347
0.486667 0.336970
0.489134 0.340826
0.489535 0.507254
0.489804 0.426637
0.490701 0.535921
0.490986 0.772057
0.492569 0.778452
0.493223 0.464974
0.494019 0.681650
0.494544 0.330451
0.494563 0.415214
0.495354 0.368054
0.496507 0.673902
0.497354 0.353857
0.497360 0.312344
0.499398 0.562860
0.500335 0.649626
0.501554 0.613466
0.502089 0.377778
0.503187 0.577466
0.504565 0.261126
0.508404 0.695784
0.509289 0.796550
0.513169 0.443131
0.516801 0.558228
0.521030 0.380508
0.523077 0.371895
0.523721 0.361513
0.523962 0.365679
0.526575 0.291439
0.532246 0.092774
0.532282 0.229553
0.532754 0.380227
0.533143 0.613366
0.533419 0.386992
0.534975 0.436998
0.535185 0.349386
0.536177 0.550297
0.536807 0.388479
0.538154 0.424416
0.538686 0.356075
0.539495 0.115026
0.541670 0.361068
0.542773 0.481629
0.542938 0.250211
0.543507 0.466614
0.545774 0.468474
0.547026 0.560362
0.547415 0.328122
0.553525 0.516211
0.555144 0.558953
0.556383 0.197437
0.557212 0.274536
0.557524 0.294956
0.559491 0.318231
0.559737 0.467629
0.561673 0.197828
0.563537 0.463278
0.564546 0.418402
0.564706 0.263426
0.568478 0.502546
0.569920 0.661296
0.570945 0.858994
0.572122 0.313233
0.573640 0.404958
0.573839 0.358238
0.574943 0.194230
0.576394 0.302539
0.579133 0.458998
0.581332 0.352627
0.581806 0.598758
0.582690 0.580742
0.586781 0.265428
0.586855 0.281870
0.591723 0.539189
0.593227 0.536613
0.594415 0.544969
0.596037 0.330421
0.599176 0.248775
0.602946 0.469463
0.603960 0.731543
0.604268 0.634812
0.605425 0.503540
0.606031 0.319166
0.606330 0.491242
0.606686 0.477621
0.607589 0.614050
0.607734 0.728242
0.608260 0.588468
0.610681 0.519708
0.611214 0.189308
0.613115 0.338323
0.614681 0.291033
0.618960 0.803394
0.619781 0.500576
0.620790 0.501160
0.621699 0.063278
0.622559 0.461816
0.624392 0.340682
0.633048 0.427411
0.633312 0.000000
0.636881 0.432912
0.642616 0.187141
0.642972 0.391357
0.645046 0.238676
0.649749 0.501665
0.650145 0.225844
0.650696 0.512721
0.651737 0.547590
0.652822 0.387400
0.654998 0.674355
0.656818 0.287145
0.657578 0.352725
0.657966 0.554011
0.662982 0.645054
0.663222 0.432719
0.664299 0.348043
0.664937 0.280522
0.665487 0.341223
0.668325 0.408218
0.668810 0.603809
0.673013 0.092624
0.673184 0.214233
0.673203 0.596386
0.674923 0.130591
0.676121 0.499860
0.677822 0.208324
0.680835 0.201527
0.684214 0.184863
0.684297 0.050221
0.685112 0.467221
0.686095 0.515657
0.689515 0.422750
0.691739 0.321240
0.693573 0.537995
0.701325 0.785023
0.701968 0.543197
0.703151 0.314946
0.703264 0.448786
0.704044 0.631156
0.705652 0.356816
0.717407 0.190865
0.717498 0.277265
0.722604 0.495873
0.729782 0.456208
0.734581 0.565992
0.734674 0.733699
0.747075 0.067529
0.751465 0.237127
0.753904 0.608843
0.756532 0.170210
0.759186 0.423598
0.773681 0.472966
0.797068 0.601244
0.801245 0.740054
0.803088 0.396280
0.824290 0.139385
0.826703 0.650061
0.846241 0.188839
0.849558 0.139498
0.862116 0.540920
0.868839 0.565427
0.885788 0.151923
0.886826 0.497380
0.899255 0.106222
0.909195 0.264700
0.991571 0.329130
1.000000 0.455980
