0.000000 0.496671
0.009807 0.369542
0.017006 0.403079
0.018518 0.326799
0.018560 0.246706
0.026631 0.338173
0.027218 0.431497
0.027232 0.174670
0.037349 0.314493
0.042039 0.300398
0.042723 0.333767
0.043504 0.489041
0.046042 0.000000
0.047870 0.553693
0.050293 0.579654
0.051271 0.143622
0.053571 0.410610
0.053899 0.403898
0.057702 0.182069
0.057827 0.256916
0.058205 0.369869
0.059985 0.516342
0.060697 0.079184
0.062857 0.163683
0.069029 0.282790
0.070581 0.516653
0.078463 0.124622
0.078949 0.564904
0.079487 0.554530
0.081315 0.166229
0.082517 0.023281
0.083187 0.064853
0.083238 0.412280
0.083408 0.307528
0.085892 0.469177
0.088005 0.515613
0.088555 0.172960
0.088948 0.495077
0.089674 0.607876
0.090181 0.350510
0.090710 0.372207
0.093927 0.252228
0.093987 0.482949
0.094251 0.395806
0.095267 0.355882
0.095690 0.455955
0.096950 0.089097
0.097453 0.331351
0.098222 0.400277
0.098965 0.308819
0.100932 0.285829
0.100999 0.602933
0.102062 0.085432
0.102658 0.350091
0.104679 0.117811
0.105247 0.622300
0.107048 0.420091
0.108195 0.093043
0.110601 0.422797
0.112066 0.324419
0.112288 0.265359
0.113217 0.523441
0.113601 0.321812
0.113703 0.351392
0.115884 0.101404
0.116425 0.401385
0.117668 0.502136
0.118831 0.580556
0.119548 0.428815
0.120777 0.569880
0.121223 0.338058
0.124033 0.618754
0.124237 0.299396
0.124606 0.547300
0.124859 0.245502
0.124966 0.288373
0.125698 0.690105
0.126630 0.545606
0.127822 0.301425
0.128942 0.151477
0.129891 0.402352
0.130527 0.211333
0.133202 0.498020
0.135039 0.608709
0.135189 0.583897
0.136230 0.593322
0.136798 0.415597
0.138168 0.206888
0.140190 0.573775
0.143037 0.230711
0.143215 0.398943
0.143919 0.414950
0.145301 0.314573
0.145939 0.380853
0.146367 0.426884
0.147375 0.550433
0.147545 0.331537
0.147983 0.494718
0.148944 0.640940
0.148967 0.479050
0.149209 0.423602
0.150237 0.291145
0.152946 0.181855
0.153899 0.338755
0.154828 0.381816
0.155378 0.023088
0.157105 0.577811
0.157494 0.427097
0.158627 0.326285
0.160064 0.303188
0.160351 0.242770
0.160818 0.525149
0.161029 0.594743
0.161206 0.369543
0.161213 0.192678
0.164130 0.478100
0.164569 0.524169
0.164793 0.267653
0.164950 0.506312
0.165135 0.584164
0.165176 0.281077
0.165557 0.614863
0.166634 0.565739
0.166856 0.499386
0.167613 0.333986
0.167737 0.307820
0.168009 0.618860
0.169135 0.253789
0.170184 0.437510
0.170238 0.213662
0.170598 0.500915
0.171160 0.472685
0.171303 0.540814
0.172230 0.404815
0.172971 0.358609
0.175950 0.585774
0.176020 0.534018
0.176161 0.580078
0.177415 0.307090
0.177661 0.630166
0.178471 0.303234
0.179146 0.406811
0.180832 0.302160
0.182159 0.618959
0.183011 0.648737
0.183661 0.482459
0.183869 0.388995
0.184036 0.357883
0.184273 0.493813
0.184589 0.312006
0.184704 0.411556
0.185460 0.534124
0.185984 0.575330
0.187056 0.375930
0.188186 0.514125
0.188472 0.217424
0.190020 0.345974
0.191200 0.488650
0.191565 0.622725
0.193373 0.602466
0.193929 0.416097
0.195063 0.222052
0.195082 0.339186
0.195816 0.205320
0.198516 0.475128
0.198789 0.603025
0.199165 0.562676
0.203130 0.179079
0.203657 0.442914
0.203972 0.585083
0.204031 0.537949
0.204449 0.345549
0.205126 0.420492
0.206525 0.393543
0.207163 0.188343
0.207492 0.559147
0.208099 0.535463
0.210341 0.345516
0.211256 0.191048
0.211985 0.114739
0.212421 0.131994
0.212782 0.301785
0.213776 0.349415
0.214059 0.351576
0.214562 0.253605
0.215217 0.533537
0.215633 0.579081
0.215749 0.385908
0.216239 0.488642
0.216609 0.528369
0.216991 0.293087
0.217759 0.590344
0.218158 0.221521
0.218967 0.369653
0.219700 0.669405
0.220136 0.259830
0.222304 0.604589
0.223928 0.241167
0.224556 0.313339
0.224741 0.443651
0.225033 0.472537
0.226440 0.627639
0.226532 0.376262
0.227794 0.408384
0.228115 0.400779
0.228361 0.671798
0.229044 0.418917
0.231155 0.551887
0.231332 0.325301
0.231363 0.628501
0.232699 0.326735
0.233272 0.639354
0.233795 0.520502
0.233983 0.386907
0.234226 0.327026
0.234279 0.500979
0.234310 0.409663
0.235518 0.516748
0.235590 0.574239
0.237236 0.528143
0.237294 0.424653
0.238236 0.598101
0.242603 0.625563
0.244557 0.603092
0.244576 0.442597
0.244599 0.210109
0.245514 0.634814
0.245969 0.679484
0.247446 0.656902
0.247689 0.386393
0.250472 0.639479
0.250594 0.101907
0.251384 0.449061
0.251442 0.318348
0.252261 0.220164
0.252663 0.400561
0.253365 0.666101
0.253378 0.764989
0.253966 0.396801
0.254220 0.406605
0.254499 0.370157
0.255187 0.618087
0.256066 0.668865
0.257252 0.623664
0.258083 0.211691
0.258996 0.481335
0.259078 0.580621
0.259384 0.615042
0.259875 0.413850
0.259931 0.624114
0.260307 0.268108
0.260486 0.170124
0.261269 0.252839
0.262020 0.377787
0.263766 0.546051
0.264157 0.543005
0.264380 0.387452
0.264756 0.409026
0.265335 0.391513
0.265416 0.693664
0.265560 0.537093
0.266276 0.645945
0.266644 0.444579
0.267146 0.310293
0.267708 0.726650
0.268920 0.454585
0.269047 0.729463
0.269996 0.530996
0.270132 0.427178
0.271535 0.654147
0.271702 0.223345
0.273652 0.653166
0.274234 0.184520
0.274272 0.292046
0.275141 0.457485
0.275515 0.278756
0.275679 0.456251
0.276296 0.580118
0.276488 0.600735
0.276682 0.706096
0.277920 0.737137
0.279208 0.539425
0.279452 0.514344
0.279931 0.386399
0.279984 0.470064
0.280016 0.585565
0.280108 0.534726
0.280214 0.347572
0.280440 0.547587
0.280948 0.612712
0.283129 0.604722
0.283445 0.482763
0.284050 0.700642
0.284288 0.370341
0.284871 0.752267
0.286161 0.606704
0.286553 0.448209
0.288143 0.641182
0.289623 0.643214
0.290398 0.408634
0.290631 0.347457
0.291645 0.447199
0.292353 0.319277
0.292641 0.491855
0.293468 0.410198
0.293584 0.653046
0.293918 0.531001
0.294563 0.461698
0.294678 0.264742
0.297333 0.498830
0.298958 0.505864
0.299981 0.370780
0.302088 0.370271
0.302429 0.473337
0.303177 0.618907
0.305893 0.404066
0.306520 0.432621
0.306903 0.492162
0.308052 0.417071
0.308663 0.552599
0.309273 0.580768
0.309579 0.221708
0.310033 0.061907
0.311035 0.308797
0.311163 0.519881
0.311311 0.643222
0.312018 0.424273
0.312771 0.415656
0.313166 0.593867
0.314015 0.634566
0.314301 0.415010
0.314328 0.635575
0.315481 0.472010
0.316304 0.574079
0.316407 0.593317
0.316544 0.278020
0.318229 0.502137
0.320935 0.634925
0.322021 0.530587
0.322280 0.408671
0.323095 0.513760
0.323997 0.551884
0.325191 0.508862
0.325507 0.740230
0.326086 0.476756
0.326604 0.350908
0.327027 0.470390
0.327101 0.704174
0.330157 0.558092
0.330226 0.424026
0.330296 0.521424
0.330303 0.744864
0.331709 0.357246
0.332445 0.453300
0.336092 0.514168
0.336254 0.629690
0.336601 0.663023
0.337463 0.365117
0.339970 0.452852
0.341163 0.321351
0.342628 0.376489
0.343701 0.670419
0.344468 0.494738
0.345439 0.530417
0.346594 0.551940
0.347797 0.429725
0.348381 0.439623
0.348441 0.716288
0.348828 0.526322
0.349739 0.617673
0.352369 0.346397
0.352657 0.155114
0.354514 0.474458
0.355495 0.461203
0.355707 0.473813
0.355991 0.535548
0.356728 0.439131
0.357802 0.601473
0.358978 0.348803
0.359696 0.350328
0.360719 0.691914
0.360888 0.547356
0.360950 0.445686
0.361024 0.420844
0.362742 0.726539
0.362973 0.488974
0.364115 0.197370
0.366639 0.402809
0.366734 0.404998
0.366966 0.300813
0.367044 0.709101
0.367760 0.662091
0.369077 0.765083
0.369214 0.637830
0.369326 0.320002
0.369496 0.427104
0.369727 0.430279
0.369752 0.455865
0.370668 0.560731
0.371648 0.472715
0.373456 0.551498
0.373595 0.350445
0.374635 0.628851
0.375494 0.259305
0.375974 0.720120
0.376107 0.750903
0.376501 0.405446
0.377134 0.471656
0.377536 0.379369
0.378418 0.557354
0.378560 0.451047
0.379162 0.562118
0.379553 0.498348
0.380099 0.546631
0.381547 0.563895
0.382087 0.568250
0.384149 0.257316
0.384157 0.664890
0.384847 0.590830
0.386544 0.450068
0.389505 0.738995
0.389717 0.538277
0.390221 0.690425
0.391550 0.288029
0.392316 0.444195
0.394107 0.705854
0.394642 0.602344
0.395085 0.412681
0.396097 0.650223
0.396100 0.582059
0.396914 0.291728
0.397217 0.528279
0.397639 0.516607
0.397723 0.595382
0.398408 0.474395
0.398547 0.281387
0.398916 0.291371
0.400529 0.417979
0.400695 0.703747
0.401776 0.405699
0.403585 0.636767
0.404073 0.496415
0.406593 0.729987
0.407001 0.729357
0.407266 0.288375
0.407497 0.289397
0.407791 0.575784
0.408546 0.355795
0.411531 0.379100
0.412390 0.591566
0.412490 0.510801
0.414174 0.619906
0.415177 0.405785
0.415196 0.698752
0.415351 0.575499
0.419899 0.292218
0.421107 0.614003
0.422125 0.836935
0.424464 0.634194
0.425676 0.547448
0.425801 0.545666
0.426839 0.498196
0.427706 0.403197
0.428148 0.665518
0.429014 0.717893
0.430507 0.646869
0.430841 0.365301
0.431299 0.559030
0.432136 0.609450
0.433647 0.575880
0.434673 0.632595
0.434726 0.634556
0.435332 0.567709
0.436038 0.625736
0.436335 0.497365
0.437193 0.715317
0.438866 0.744819
0.439795 0.434041
0.440265 0.640896
0.442322 0.735145
0.442475 0.730769
0.445301 0.571698
0.446293 0.534913
0.447637 0.547165
0.452545 0.377997
0.455128 0.355396
0.458882 0.685759
0.459315 0.647877
0.459795 0.675244
0.460900 0.509439
0.461034 0.631122
0.461318 0.265792
0.461527 0.684376
0.462747 0.562079
0.463824 0.381459
0.463970 0.323137
0.464978 0.557661
0.464981 0.497830
0.466685 0.563371
0.468301 0.470973
0.470082 0.821508
0.471237 0.578274
0.471452 0.470418
0.475602 0.654613
0.476250 0.438331
0.476293 0.740253
0.476533 0.686065
0.477908 0.704243
0.478368 0.691648
0.480791 0.584607
0.480862 0.572005
0.480925 0.544996
0.481371 0.689440
0.482408 0.256844
0.482519 0.557687
0.482529 0.535270
0.484114 0.857965
0.485133 0.641306
0.485603 0.714762
0.486748 0.854557
0.487392 0.517841
0.488195 0.355719
0.488371 0.474082
0.488923 0.415501
0.489081 0.384395
0.490416 0.455984
0.490577 0.418907
0.490629 0.578673
0.491512 0.751673
0.492729 0.793350
0.493615 0.321775
0.495640 0.316993
0.496342 0.530033
0.500875 0.593258
0.501184 0.384112
0.501313 0.833574
0.504423 0.658988
0.504800 0.791516
0.507682 0.674879
0.507928 0.667323
0.508587 0.336323
0.511681 0.549436
0.511857 0.643482
0.512776 0.771299
0.515364 0.607238
0.515944 0.252830
0.517800 0.570646
0.519048 0.663993
0.519375 0.765129
0.519850 0.515260
0.521155 0.474622
0.523990 0.883018
0.524842 0.574459
0.527662 0.437764
0.528034 0.753630
0.528536 0.707794
0.534747 0.805549
0.535356 0.819988
0.539841 0.703170
0.542757 0.593145
0.543093 0.700862
0.543777 0.497474
0.546413 0.688831
0.547788 0.718953
0.549256 0.634792
0.549601 0.662394
0.550248 0.641143
0.551529 0.741331
0.552635 0.582389
0.554189 0.771235
0.554474 0.863339
0.554749 0.524972
0.559244 0.356001
0.559888 0.465102
0.560978 0.782181
0.564724 0.438873
0.565552 0.895436
0.567950 0.763443
0.572959 0.418368
0.573878 0.825149
0.574820 0.365173
0.575630 0.434401
0.575655 0.697250
0.583224 0.493869
0.584084 0.699213
0.586111 0.465116
0.586866 0.359556
0.588319 0.511576
0.591792 0.797522
0.594423 0.837641
0.598786 0.541495
0.599052 0.701824
0.600347 0.774090
0.601274 0.642671
0.601764 0.649682
0.602698 0.409114
0.608577 0.687238
0.615373 0.762000
0.616270 0.811508
0.616862 0.569736
0.621193 0.450166
0.625203 0.570528
0.625277 0.574849
0.625830 0.678585
0.627371 0.586087
0.629904 0.638819
0.633308 0.719569
0.635893 0.787285
0.636657 0.520608
0.638513 0.517433
0.644760 0.773178
0.645053 0.755897
0.647289 0.601769
0.648378 0.700964
0.652972 0.667468
0.659191 0.921472
0.660596 0.579104
0.662767 0.614190
0.667223 0.542678
0.671183 0.521446
0.671617 0.732637
0.673287 0.579529
0.676868 0.493974
0.678607 0.569084
0.680651 0.719766
0.682077 0.419616
0.682960 0.781141
0.691007 0.340529
0.691512 0.594917
0.695810 0.970356
0.695993 0.776935
0.702184 0.825204
0.702837 0.655895
0.707071 0.978292
0.708934 0.807228
0.710634 0.680217
0.711808 0.646681
0.714540 0.758320
0.716466 0.913635
0.717029 0.757166
0.719744 0.999148
0.720017 0.471756
0.724891 0.737159
0.727340 0.738098
0.730238 0.894029
0.731183 0.697898
0.733606 0.679715
0.733798 0.705211
0.736195 0.778808
0.738701 0.902691
0.742757 0.675700
0.749045 0.798246
0.755426 0.706681
0.755466 0.646441
0.757153 0.866854
0.762436 0.502208
0.771196 0.387446
0.777453 0.654933
0.783822 0.635188
0.790312 1.000000
0.795786 0.814262
0.798857 0.938233
0.805295 0.423085
0.816770 0.707749
0.819689 0.653338
0.823954 0.985779
0.839432 0.914646
0.840153 0.646690
0.843102 0.749351
0.874058 0.820574
0.886423 0.832812
0.907352 0.892257
0.919337 0.786777
0.964624 0.857117
0.994437 0.920977
1.000000 0.861386
