0.000000 0.015937
0.007282 0.278488
0.012207 0.000000
0.031043 0.326011
0.032746 0.107877
0.034270 0.205537
0.034907 0.304446
0.039648 0.071141
0.048669 0.308400
0.048780 0.107699
0.049747 0.145142
0.050578 0.359206
0.060817 0.169940
0.066978 0.066859
0.069035 0.211525
0.070633 0.233073
0.071794 0.240456
0.078015 0.229948
0.078096 0.089388
0.078991 0.177199
0.083322 0.189886
0.083580 0.221036
0.084347 0.136036
0.085774 0.368109
0.087030 0.103479
0.090178 0.313045
0.090939 0.211051
0.094987 0.180871
0.095188 0.209093
0.098861 0.186002
0.101788 0.131252
0.105576 0.236560
0.107097 0.316920
0.112379 0.364522
0.113273 0.107651
0.132489 0.234860
0.133526 0.185202
0.134291 0.263708
0.134761 0.260381
0.135450 0.336357
0.137650 0.424011
0.138240 0.251513
0.139466 0.385208
0.139611 0.237742
0.140023 0.239768
0.141934 0.364814
0.146687 0.215923
0.147288 0.249588
0.151798 0.108336
0.154346 0.476226
0.156728 0.321559
0.157767 0.255341
0.161253 0.412384
0.161640 0.390373
0.161830 0.262586
0.161996 0.447083
0.168059 0.270791
0.169699 0.162544
0.170057 0.108585
0.179911 0.538569
0.181173 0.343259
0.181507 0.349110
0.186122 0.422346
0.188545 0.328556
0.189383 0.501241
0.189455 0.175613
0.189508 0.428062
0.190957 0.292946
0.191743 0.472217
0.191878 0.253038
0.192887 0.263255
0.198439 0.187648
0.198661 0.343093
0.201414 0.313752
0.203170 0.247821
0.204826 0.265307
0.207050 0.355172
0.207534 0.334214
0.211019 0.426030
0.211726 0.278161
0.211989 0.423386
0.214010 0.309458
0.215722 0.395574
0.216576 0.184204
0.218074 0.367238
0.220246 0.455212
0.222842 0.255924
0.223855 0.206752
0.228756 0.379655
0.230166 0.288064
0.230387 0.337785
0.235539 0.655429
0.237529 0.476655
0.240187 0.274176
0.240269 0.300090
0.241042 0.239513
0.244358 0.230487
0.251892 0.257613
0.252145 0.406225
0.252274 0.331266
0.252469 0.460122
0.253345 0.405543
0.255421 0.457562
0.256546 0.504429
0.257221 0.511401
0.257715 0.456615
0.258612 0.349659
0.265773 0.698338
0.267033 0.558628
0.267998 0.245141
0.272798 0.531870
0.276415 0.264191
0.277186 0.288743
0.281310 0.376920
0.282945 0.323431
0.283473 0.391333
0.283975 0.320583
0.284105 0.285159
0.286829 0.384224
0.287894 0.502659
0.290188 0.220781
0.292375 0.349449
0.293225 0.355551
0.295088 0.439218
0.297037 0.423362
0.304628 0.536080
0.305496 0.228652
0.306682 0.235175
0.307152 0.388115
0.307650 0.296025
0.309895 0.660630
0.310496 0.333523
0.310781 0.399620
0.312794 0.429317
0.314749 0.350561
0.316186 0.607709
0.318198 0.261647
0.318741 0.493738
0.319196 0.502443
0.319689 0.276611
0.322063 0.539667
0.324495 0.564200
0.324584 0.351038
0.325345 0.304824
0.326944 0.412173
0.327193 0.318928
0.331378 0.329208
0.332059 0.764253
0.333510 0.388594
0.333738 0.319542
0.336148 0.356327
0.346393 0.681777
0.347190 0.478123
0.347462 0.747405
0.352170 0.615952
0.352896 0.607458
0.356818 0.434381
0.358708 0.368161
0.361028 0.551533
0.361714 0.483176
0.362019 0.552044
0.364005 0.739359
0.364674 0.338461
0.366130 0.358935
0.366409 0.484934
0.368131 0.473343
0.368606 0.598035
0.368925 0.368669
0.369178 0.593886
0.370826 0.501237
0.372000 0.532166
0.372347 0.377282
0.374479 0.593548
0.375129 0.342666
0.377793 0.585350
0.377988 0.540340
0.378233 0.454291
0.378960 0.327271
0.381864 0.297466
0.382607 0.393725
0.384107 0.551245
0.384941 0.337032
0.387028 0.509493
0.390122 0.551002
0.395866 0.537195
0.397228 0.385966
0.398244 0.506911
0.402320 0.472479
0.404560 0.484496
0.407107 0.469202
0.407737 0.374471
0.410227 0.528282
0.413385 0.521942
0.413967 0.571827
0.416866 0.484114
0.417870 0.452548
0.418182 0.618962
0.420898 0.603781
0.422297 0.473923
0.422570 0.505888
0.425326 0.585790
0.428979 0.521848
0.429547 0.619354
0.431136 0.554671
0.434112 0.746693
0.437831 0.534192
0.443193 0.388105
0.448070 0.658393
0.455538 0.429228
0.457301 0.499739
0.462476 0.436491
0.472182 0.459215
0.483777 0.785332
0.484793 0.700746
0.484848 0.558146
0.484903 0.565070
0.492206 0.720455
0.496156 0.362039
0.501309 0.656271
0.502771 0.664139
0.508060 0.519823
0.508285 0.622156
0.510428 0.536659
0.512713 0.498995
0.517361 0.622513
0.521173 0.451362
0.524575 0.588814
0.527359 0.594042
0.535365 0.772321
0.542274 0.536692
0.547362 0.726944
0.558640 0.557954
0.566665 0.937626
0.570355 0.816009
0.571572 0.510703
0.572466 0.442569
0.576085 0.769014
0.577486 0.636848
0.582674 0.638402
0.583271 0.625894
0.587010 0.616589
0.589488 0.476130
0.593683 0.666460
0.599896 0.603007
0.600133 0.586137
0.607361 0.597279
0.609128 0.612921
0.613353 0.756706
0.613711 0.752207
0.615742 0.482668
0.617171 0.603318
0.617296 0.808041
0.629532 0.531779
0.637972 0.612736
0.642288 0.801528
0.650949 0.696268
0.664781 0.614786
0.677795 0.927428
0.695240 0.548728
0.697198 0.602037
0.699737 0.907786
0.712126 0.634758
0.733946 0.943961
0.740668 0.621501
0.783129 0.723348
0.802424 0.737978
0.813805 0.713217
0.876693 1.000000
1.000000 0.861553
