0.000000 0.667682
0.048349 0.301555
0.087102 0.610029
0.126409 0.824462
0.142742 0.599337
0.188036 1.000000
0.200987 0.196649
0.213876 0.454975
0.232032 0.448537
0.252374 0.232969
0.254105 0.580030
0.255293 0.891915
0.269589 0.643389
0.274717 0.745530
0.305984 0.187404
0.316396 0.853214
0.316771 0.565082
0.321381 0.526526
0.322282 0.573636
0.331856 0.613495
0.354124 0.541706
0.355487 0.997134
0.357352 0.491226
0.358831 0.528047
0.363362 0.348726
0.366880 0.757096
0.375941 0.589147
0.376844 0.552995
0.376892 0.411571
0.384052 0.515456
0.385258 0.832838
0.388276 0.654998
0.393910 0.696594
0.399301 0.379800
0.399336 0.611541
0.401237 0.718171
0.401287 0.440079
0.402577 0.558967
0.404403 0.668832
0.412214 0.556592
0.412631 0.584382
0.414540 0.543239
0.415860 0.801100
0.416046 0.806623
0.417279 0.411426
0.417480 0.612363
0.417780 0.408258
0.418223 0.927752
0.418507 0.803929
0.419313 0.612131
0.421786 0.541073
0.422488 0.530669
0.422706 0.172329
0.425075 0.696036
0.426620 0.693151
0.430638 0.734838
0.432469 0.538799
0.432980 0.650263
0.433757 0.400696
0.433935 0.393619
0.434413 0.795890
0.440059 0.279512
0.440392 0.825271
0.442286 0.372090
0.443243 0.650152
0.443450 0.750554
0.444033 0.487662
0.446247 0.825061
0.447312 0.683379
0.448061 0.593283
0.450934 0.674490
0.451500 0.664843
0.455321 0.676852
0.455624 0.485104
0.463065 0.907982
0.466439 0.692001
0.467536 0.482803
0.468847 0.985617
0.469452 0.353091
0.469524 0.566256
0.475964 0.611084
0.476488 0.802477
0.478606 0.392843
0.485581 0.612565
0.488974 0.554965
0.492183 0.593062
0.493703 0.429707
0.495388 0.526200
0.495412 0.311605
0.496628 0.747183
0.496725 0.971073
0.500961 0.462260
0.502599 0.438282
0.504895 0.423945
0.506588 0.806470
0.507129 0.450318
0.512959 0.467796
0.513614 0.437914
0.514644 0.481919
0.514804 0.697364
0.514958 0.838839
0.523172 0.505967
0.523644 0.490923
0.523750 0.424117
0.525790 0.666475
0.529358 0.074809
0.531539 0.767821
0.532287 0.328530
0.535689 0.632275
0.537583 0.530304
0.538551 0.520422
0.539618 0.909289
0.541385 0.343135
0.541549 0.411400
0.543845 0.694752
0.545702 0.809523
0.552342 0.321591
0.553477 0.076701
0.553644 0.245111
0.557396 0.623664
0.557771 0.760843
0.563223 0.427614
0.563655 0.213373
0.567251 0.526878
0.568061 0.367351
0.575675 0.456445
0.578165 0.375898
0.579742 0.532305
0.581518 0.718460
0.586886 0.621169
0.590736 0.428806
0.591001 0.518259
0.593920 0.284359
0.599161 0.480182
0.600196 0.781514
0.601961 0.954627
0.602059 0.645445
0.602557 0.452730
0.604362 0.447656
0.605996 0.535686
0.607971 0.622594
0.609910 0.560117
0.611193 0.782856
0.612182 0.704306
0.612336 0.185581
0.613632 0.839551
0.615856 0.452986
0.622263 0.459129
0.625557 0.905724
0.626733 0.462868
0.632256 0.403375
0.634768 0.617245
0.637422 0.514409
0.638026 0.360272
0.638757 0.648632
0.643516 0.770490
0.646369 0.618177
0.646841 0.357149
0.647162 0.293862
0.647789 0.627531
0.647789 0.537758
0.652961 0.495482
0.653347 0.661033
0.657674 0.857769
0.661438 0.386311
0.661774 0.694334
0.663751 0.660394
0.664495 0.418042
0.664794 0.361607
0.669453 0.480761
0.671650 0.769543
0.673706 0.709004
0.675076 0.690882
0.676708 0.639066
0.678570 0.463621
0.680509 0.275858
0.680582 0.642050
0.684001 0.601071
0.691481 0.553775
0.692967 0.785815
0.692978 0.647040
0.693085 0.602314
0.695062 0.613518
0.697208 0.575886
0.699145 0.708767
0.702099 0.582822
0.702489 0.691436
0.702534 0.796221
0.702793 0.733415
0.703576 0.588280
0.704442 0.560570
0.705128 0.383934
0.708757 0.401164
0.710302 0.652946
0.711841 0.383255
0.712305 0.534920
0.718010 0.591052
0.719497 0.400147
0.731888 0.662610
0.737923 0.412413
0.738330 0.732844
0.739552 0.618577
0.739771 0.918883
0.740945 0.649144
0.745897 0.382602
0.752327 0.383959
0.753487 0.238283
0.755014 0.570345
0.774489 0.498056
0.792663 0.372353
0.797080 0.721952
0.798321 0.397284
0.801129 0.460918
0.805532 0.809220
0.809677 0.588742
0.811584 0.353374
0.813243 0.713935
0.814205 0.673032
0.815377 0.672632
0.817899 0.616750
0.818091 0.000000
0.818677 0.670114
0.819488 0.477205
0.819818 0.354450
0.834845 0.318736
0.845030 0.878189
0.848397 0.568276
0.850007 0.503275
0.854770 0.607691
0.858636 0.820910
0.874478 0.886631
0.879820 0.499940
0.913582 0.309962
0.937517 0.490597
0.962473 0.261198
0.982209 0.093661
1.000000 0.439063
