0.000000 0.281125
0.002624 0.340624
0.053716 0.364577
0.056434 0.281991
0.127057 0.515939
0.161776 0.587631
0.170503 0.242270
0.178545 0.463744
0.183159 0.473542
0.191052 0.355663
0.220893 0.449319
0.221448 0.552872
0.254064 0.236184
0.287437 0.192653
0.304582 0.440836
0.317218 0.303920
0.318218 0.829758
0.326929 0.370397
0.334361 0.519549
0.334835 0.543197
0.350914 0.504010
0.351083 0.481660
0.354018 0.563269
0.354411 0.486776
0.370442 0.287365
0.379183 0.222680
0.379238 0.484494
0.383785 0.369601
0.386005 0.496145
0.389074 0.189018
0.392622 0.467539
0.394220 0.546466
0.398425 0.477109
0.431541 0.327002
0.435352 0.397421
0.436917 0.270648
0.438265 0.393460
0.440892 1.000000
0.443005 0.515408
0.454238 0.638433
0.455353 0.150412
0.459099 0.417212
0.492365 0.486971
0.502692 0.301286
0.507370 0.373485
0.509842 0.524421
0.511924 0.536806
0.512595 0.016442
0.514014 0.497840
0.516652 0.481576
0.548182 0.705758
0.563366 0.306487
0.567234 0.848197
0.568808 0.543733
0.571989 0.470022
0.573637 0.222756
0.575387 0.689424
0.576389 0.665857
0.586040 0.187519
0.599897 0.695787
0.611998 0.000000
0.615162 0.276921
0.623591 0.311843
0.638286 0.979004
0.646267 0.585984
0.650207 0.436224
0.654239 0.617221
0.726164 0.569087
0.736731 0.736083
0.817851 0.609185
0.862106 0.378086
0.952532 0.407101
0.952980 0.474719
1.000000 0.790905
