0.000000 0.305349
0.096681 0.374392
0.126087 0.534371
0.137793 0.483426
0.147836 0.346856
0.170090 0.487057
0.172354 0.402332
0.184503 0.561234
0.187500 0.493054
0.201445 0.192321
0.203249 0.517724
0.212714 0.644046
0.218857 0.376017
0.220386 0.240804
0.238219 0.643876
0.239970 0.936927
0.240806 0.577442
0.250981 0.277203
0.251378 0.372700
0.251772 0.345031
0.255964 0.386395
0.256586 0.477891
0.256833 0.594762
0.257626 0.615955
0.259448 0.134165
0.260940 0.533897
0.265424 0.283186
0.266650 0.292842
0.269409 0.397951
0.271956 0.382608
0.272418 0.439133
0.275501 0.364510
0.275653 0.691999
0.276507 0.470299
0.277589 0.300278
0.282432 0.460936
0.282868 0.292368
0.283682 0.399672
0.284647 0.250762
0.284786 0.567217
0.285478 0.538048
0.288773 0.473597
0.289567 0.747632
0.289646 0.651426
0.290082 0.489789
0.291593 0.335125
0.292571 0.497170
0.295160 0.475480
0.296771 0.436673
0.300159 0.445197
0.300236 0.393425
0.300454 0.672148
0.301173 0.563122
0.301288 0.834952
0.301664 0.767898
0.303888 0.615118
0.304792 0.632268
0.305323 0.423036
0.309352 0.229887
0.310639 0.398881
0.310932 0.337066
0.311318 0.517504
0.315055 0.428160
0.316017 0.360085
0.317129 0.414911
0.319101 0.385062
0.321166 0.349892
0.322184 0.589677
0.323286 0.467021
0.323477 0.388083
0.325683 0.606587
0.326563 0.397798
0.328061 0.261893
0.331473 0.513691
0.331900 0.515857
0.332096 0.390911
0.332294 0.375907
0.333041 0.484076
0.333328 0.427644
0.339033 0.356667
0.339535 0.591822
0.339785 0.597025
0.341264 0.473922
0.342012 0.586762
0.344114 0.535835
0.344410 0.431275
0.344901 0.413808
0.345643 1.000000
0.345874 0.623027
0.347100 0.375861
0.347713 0.420950
0.348063 0.683062
0.349389 0.279388
0.350057 0.298514
0.352176 0.435405
0.352915 0.589548
0.353541 0.387251
0.354475 0.548869
0.354866 0.229779
0.355361 0.246059
0.356459 0.490582
0.356736 0.481095
0.357615 0.539410
0.358289 0.105978
0.358450 0.202922
0.359971 0.366868
0.362372 0.438301
0.362904 0.376969
0.367010 0.409562
0.367250 0.393528
0.368203 0.179357
0.369274 0.441826
0.369886 0.374044
0.370197 0.317860
0.370768 0.345196
0.371179 0.599741
0.372012 0.488776
0.372706 0.523812
0.372730 0.487933
0.373481 0.275024
0.373682 0.446976
0.375151 0.537095
0.375297 0.639367
0.376498 0.534432
0.376944 0.431463
0.377257 0.548957
0.377565 0.479049
0.378419 0.382741
0.379355 0.444545
0.380500 0.397003
0.380709 0.487402
0.383085 0.304039
0.383316 0.172472
0.383852 0.393841
0.386356 0.225413
0.386572 0.457334
0.388231 0.529516
0.388649 0.377522
0.390693 0.408354
0.390791 0.284050
0.391740 0.226005
0.393425 0.319958
0.393503 0.334918
0.393630 0.414089
0.393677 0.485704
0.393860 0.333563
0.395076 0.253967
0.395313 0.410115
0.395956 0.584061
0.397479 0.446357
0.397497 0.334306
0.398387 0.678996
0.399759 0.314595
0.400733 0.437822
0.400819 0.339815
0.403018 0.317951
0.403194 0.278597
0.403984 0.442017
0.406971 0.563423
0.407089 0.364822
0.407162 0.341129
0.408117 0.443308
0.408973 0.255162
0.408980 0.380388
0.409456 0.334027
0.409609 0.333673
0.410546 0.576608
0.411718 0.580163
0.411950 0.408461
0.412019 0.418105
0.412758 0.529480
0.412945 0.611832
0.413048 0.388691
0.413292 0.288618
0.414858 0.633403
0.415423 0.547489
0.416096 0.380579
0.417205 0.381933
0.417207 0.341005
0.419232 0.389375
0.420756 0.312954
0.421140 0.450163
0.421559 0.481102
0.421798 0.525550
0.422665 0.699428
0.423359 0.359655
0.424324 0.608480
0.424987 0.448943
0.425505 0.415144
0.425549 0.116025
0.426461 0.375211
0.426783 0.231032
0.427208 0.358692
0.428825 0.718193
0.429480 0.407474
0.429866 0.225418
0.429944 0.166728
0.430526 0.523008
0.430744 0.504114
0.432799 0.621026
0.433153 0.369703
0.433628 0.199223
0.433720 0.591952
0.433908 0.563338
0.434192 0.463552
0.434401 0.422691
0.435058 0.377340
0.435200 0.329908
0.435230 0.477611
0.436072 0.748117
0.436113 0.345540
0.436240 0.638751
0.436675 0.409018
0.436898 0.324812
0.436985 0.215656
0.437085 0.577228
0.437386 0.519901
0.437813 0.599824
0.438038 0.321529
0.438211 0.497531
0.438223 0.281492
0.439530 0.548988
0.439858 0.448075
0.440135 0.417672
0.442719 0.509543
0.443662 0.362549
0.443850 0.239005
0.444131 0.505572
0.444904 0.421035
0.445105 0.576497
0.445833 0.478101
0.447122 0.360664
0.447757 0.521304
0.448682 0.562186
0.449862 0.512046
0.450010 0.549831
0.450596 0.291650
0.450885 0.407709
0.450985 0.651780
0.451632 0.312611
0.452415 0.569983
0.452587 0.222289
0.452867 0.398557
0.453652 0.341101
0.454014 0.531919
0.454031 0.484589
0.454428 0.358293
0.454720 0.525530
0.454802 0.184083
0.455559 0.215103
0.455719 0.603955
0.456776 0.420135
0.458361 0.661279
0.458730 0.385018
0.458731 0.281503
0.459761 0.410710
0.460414 0.183993
0.460469 0.666251
0.460649 0.667466
0.461461 0.279990
0.462078 0.568841
0.463254 0.595563
0.464109 0.243448
0.464488 0.485223
0.464514 0.257289
0.464722 0.512485
0.464846 0.234013
0.465190 0.625088
0.465282 0.431988
0.466511 0.588356
0.467881 0.620396
0.468584 0.641600
0.469680 0.339315
0.472294 0.473828
0.472896 0.498269
0.472970 0.590610
0.473692 0.389327
0.473833 0.354874
0.475323 0.232496
0.476837 0.228253
0.478078 0.549042
0.478367 0.376572
0.479735 0.448895
0.480029 0.529230
0.480554 0.277301
0.481214 0.433781
0.481349 0.221159
0.481480 0.429496
0.481527 0.377945
0.481852 0.658720
0.481994 0.341904
0.482296 0.115687
0.482365 0.175915
0.482398 0.292573
0.482498 0.479565
0.482540 0.557493
0.483480 0.526019
0.484791 0.428329
0.484791 0.278798
0.484908 0.650552
0.484986 0.685331
0.485362 0.666662
0.486929 0.710301
0.487295 0.590892
0.487326 0.421294
0.487803 0.413373
0.488119 0.573180
0.488394 0.522621
0.490383 0.435118
0.493903 0.193402
0.496595 0.397633
0.496742 0.497471
0.497182 0.352358
0.497529 0.458347
0.499678 0.356362
0.500146 0.467150
0.500476 0.318643
0.501402 0.325218
0.501562 0.517924
0.503288 0.408713
0.503717 0.333988
0.503777 0.630770
0.504434 0.605087
0.504467 0.256621
0.505631 0.594678
0.506109 0.628347
0.506817 0.393418
0.507397 0.252266
0.507416 0.466784
0.508931 0.472719
0.509291 0.356025
0.509783 0.304892
0.510626 0.299142
0.511035 0.420239
0.511421 0.554703
0.512810 0.507221
0.513111 0.468386
0.513740 0.470711
0.514350 0.397146
0.514527 0.560580
0.514855 0.293798
0.515003 0.350983
0.515478 0.591752
0.515598 0.335076
0.515636 0.522722
0.516559 0.386197
0.516716 0.444866
0.516868 0.377712
0.517663 0.647658
0.517973 0.612866
0.518826 0.376413
0.518937 0.424097
0.519455 0.229812
0.520720 0.345852
0.521892 0.756565
0.522065 0.419900
0.522534 0.182927
0.523207 0.487340
0.523802 0.427989
0.524674 0.584942
0.525456 0.441722
0.525586 0.424998
0.526843 0.772059
0.526889 0.285098
0.527030 0.451641
0.527488 0.437445
0.527790 0.617828
0.529443 0.537218
0.529645 0.252378
0.530226 0.097544
0.531315 0.391108
0.531512 0.553295
0.531831 0.411803
0.531910 0.472080
0.531919 0.505587
0.532894 0.271725
0.532955 0.448090
0.534193 0.689826
0.534480 0.328367
0.535129 0.414890
0.535189 0.455570
0.535423 0.332907
0.536510 0.334437
0.536758 0.367916
0.538136 0.283749
0.538581 0.351280
0.539103 0.508472
0.539260 0.098883
0.539520 0.413528
0.539586 0.369804
0.539969 0.431763
0.540326 0.558015
0.542056 0.304311
0.542150 0.317450
0.542230 0.595909
0.542383 0.553952
0.543782 0.490473
0.544028 0.332431
0.544447 0.667694
0.544954 0.496005
0.545653 0.445181
0.545695 0.260225
0.545967 0.384194
0.546917 0.518149
0.547206 0.427083
0.547879 0.408456
0.547993 0.342423
0.548142 0.539933
0.549008 0.559836
0.549169 0.216210
0.549763 0.113155
0.550184 0.432582
0.550721 0.518531
0.551302 0.318684
0.551585 0.392425
0.551822 0.419597
0.552516 0.568139
0.552761 0.444272
0.552821 0.297789
0.553370 0.608952
0.553453 0.481943
0.553926 0.336957
0.554200 0.330490
0.554798 0.506634
0.555064 0.537702
0.555255 0.413644
0.555539 0.488682
0.555728 0.317805
0.555748 0.380446
0.555942 0.470702
0.556992 0.547568
0.558450 0.434954
0.559057 0.253326
0.559967 0.657459
0.560302 0.679447
0.561809 0.323186
0.562145 0.555981
0.563015 0.455749
0.563255 0.507479
0.564498 0.128342
0.566197 0.479235
0.566568 0.622581
0.566830 0.471235
0.567148 0.378251
0.567724 0.347427
0.568043 0.285992
0.568792 0.552304
0.570813 0.364448
0.570931 0.520916
0.571254 0.315676
0.572238 0.410536
0.572695 0.277204
0.573066 0.499812
0.574418 0.422844
0.575169 0.300653
0.575462 0.382877
0.575815 0.048184
0.576180 0.422767
0.576860 0.373116
0.577460 0.372085
0.577702 0.278955
0.578126 0.473640
0.578417 0.348862
0.578768 0.418080
0.578896 0.341472
0.579528 0.415433
0.579766 0.288109
0.579780 0.498372
0.580689 0.187928
0.581261 0.711095
0.582350 0.427082
0.583204 0.450379
0.583365 0.431161
0.583619 0.427621
0.584167 0.476336
0.584238 0.383552
0.584342 0.279256
0.584926 0.335997
0.585132 0.739403
0.585454 0.494114
0.585763 0.460985
0.586022 0.408760
0.586328 0.351331
0.586412 0.346994
0.587096 0.442354
0.587962 0.331329
0.588183 0.388294
0.588884 0.523946
0.588914 0.549177
0.589866 0.596437
0.593735 0.455131
0.594344 0.606058
0.595179 0.257040
0.595194 0.465827
0.596479 0.403547
0.596752 0.666612
0.597248 0.549922
0.598948 0.538215
0.599236 0.415597
0.599427 0.587360
0.599927 0.232209
0.600631 0.409572
0.601313 0.416574
0.601342 0.482842
0.601863 0.304770
0.602645 0.535002
0.603239 0.321918
0.603349 0.505195
0.603360 0.170214
0.603691 0.421718
0.603942 0.716320
0.603953 0.503579
0.604152 0.445160
0.605274 0.381307
0.605995 0.351494
0.606906 0.636210
0.607431 0.402817
0.607489 0.508755
0.608365 0.574421
0.608447 0.192699
0.608759 0.713954
0.608984 0.494685
0.609301 0.232290
0.609928 0.241538
0.610244 0.615312
0.611253 0.420062
0.611391 0.429007
0.611895 0.455877
0.612897 0.273164
0.613234 0.254538
0.614811 0.442766
0.614889 0.474507
0.616538 0.396315
0.616875 0.412626
0.616903 0.380461
0.617016 0.383042
0.617217 0.264956
0.618256 0.267661
0.618491 0.720433
0.618570 0.532068
0.620030 0.304344
0.621009 0.279657
0.621450 0.328614
0.621534 0.351328
0.621951 0.332444
0.622351 0.224628
0.623217 0.337671
0.623455 0.281711
0.623517 0.544597
0.624660 0.299130
0.625872 0.337255
0.625936 0.186635
0.627366 0.185111
0.628642 0.333370
0.629127 0.419139
0.630717 0.558655
0.630987 0.286822
0.631297 0.569616
0.631645 0.393709
0.631818 0.318598
0.631867 0.431951
0.632235 0.388537
0.633479 0.229775
0.633559 0.501416
0.634285 0.687576
0.635427 0.475374
0.635494 0.178102
0.635615 0.626810
0.636044 0.262519
0.636344 0.414725
0.636887 0.463447
0.637185 0.484092
0.637720 0.287368
0.638175 0.182727
0.638339 0.444256
0.638691 0.452077
0.640415 0.344741
0.640843 0.552123
0.642077 0.664346
0.642153 0.254414
0.642343 0.233467
0.643719 0.493488
0.644662 0.307952
0.644862 0.538059
0.645419 0.394581
0.645878 0.130848
0.646935 0.328940
0.647877 0.525374
0.649073 0.499412
0.649601 0.264714
0.649947 0.429463
0.650128 0.421198
0.650330 0.521992
0.651379 0.386089
0.651997 0.586094
0.652683 0.288934
0.654815 0.444440
0.654854 0.415687
0.655340 0.597282
0.656758 0.497438
0.657153 0.578205
0.657720 0.535348
0.657863 0.330810
0.658213 0.546812
0.659535 0.402133
0.660495 0.348829
0.660582 0.574069
0.660662 0.458189
0.661894 0.518989
0.662125 0.467380
0.663662 0.480277
0.663843 0.495319
0.664229 0.423147
0.665912 0.264561
0.665924 0.496838
0.666318 0.442618
0.668544 0.350392
0.669618 0.317908
0.670734 0.155036
0.670894 0.516517
0.672935 0.397247
0.673608 0.407656
0.673640 0.407619
0.673921 0.338235
0.675329 0.487597
0.675434 0.518310
0.675945 0.156715
0.676042 0.335626
0.676954 0.161479
0.677756 0.360659
0.677897 0.457930
0.678113 0.528528
0.678648 0.424850
0.678984 0.264370
0.679847 0.490336
0.679912 0.639327
0.679976 0.482991
0.680126 0.332537
0.680282 0.312480
0.680777 0.361813
0.681582 0.360302
0.681909 0.584594
0.683659 0.476926
0.684126 0.193926
0.685049 0.469384
0.686182 0.548438
0.686499 0.592544
0.687161 0.381793
0.687390 0.500899
0.687560 0.137066
0.690134 0.484814
0.690654 0.722368
0.690741 0.533615
0.691671 0.400909
0.693208 0.509507
0.695548 0.401633
0.695593 0.507159
0.696282 0.421288
0.698876 0.423582
0.698886 0.477156
0.699209 0.267605
0.699341 0.503201
0.700168 0.328025
0.701826 0.410193
0.702198 0.449027
0.702350 0.360977
0.706613 0.444726
0.708446 0.361304
0.709410 0.390392
0.711336 0.472030
0.712188 0.408299
0.712627 0.325862
0.712819 0.450336
0.713834 0.386876
0.713963 0.765037
0.714167 0.441788
0.714413 0.439117
0.716163 0.303166
0.716661 0.449198
0.717024 0.643159
0.717783 0.496937
0.718177 0.536994
0.718957 0.519214
0.720455 0.401607
0.721650 0.268535
0.721844 0.375191
0.722749 0.364379
0.722883 0.479101
0.723394 0.436505
0.723400 0.384778
0.723619 0.357609
0.726151 0.368499
0.726374 0.316281
0.727673 0.397010
0.728665 0.427287
0.730493 0.414774
0.730898 0.463628
0.732662 0.408115
0.733041 0.403894
0.733176 0.370638
0.733351 0.312534
0.734970 0.222955
0.735243 0.491385
0.735364 0.312667
0.735402 0.329077
0.739495 0.382696
0.740397 0.520696
0.742436 0.299171
0.742503 0.296419
0.745777 0.466574
0.747042 0.163993
0.747146 0.473670
0.747753 0.336406
0.747952 0.445069
0.750219 0.672120
0.751837 0.356124
0.754521 0.304608
0.755627 0.275715
0.756218 0.567786
0.756561 0.400045
0.757292 0.395323
0.759218 0.375996
0.759424 0.369248
0.760025 0.479593
0.760590 0.461671
0.761822 0.462895
0.761828 0.553839
0.761971 0.495097
0.762180 0.477820
0.763080 0.284975
0.763167 0.467403
0.764803 0.359808
0.765469 0.395956
0.765517 0.326608
0.765786 0.433400
0.774148 0.473102
0.774477 0.471774
0.776002 0.450696
0.776519 0.470103
0.776964 0.343878
0.778536 0.485239
0.779802 0.432529
0.780214 0.325310
0.782759 0.391577
0.784675 0.426972
0.785729 0.361240
0.789272 0.379704
0.790595 0.451091
0.792258 0.439763
0.794136 0.700856
0.798436 0.268495
0.802800 0.286023
0.809949 0.264232
0.810598 0.264023
0.814701 0.452572
0.817363 0.499372
0.817459 0.439262
0.818294 0.134113
0.818457 0.385167
0.821590 0.402729
0.822081 0.398187
0.823836 0.538941
0.829323 0.076105
0.829778 0.305793
0.830439 0.492223
0.832157 0.395453
0.833876 0.250537
0.836186 0.414117
0.839174 0.382250
0.841095 0.469506
0.844271 0.532176
0.851311 0.281627
0.855672 0.387135
0.856982 0.322159
0.862258 0.474182
0.866785 0.259535
0.878963 0.412986
0.892252 0.000000
0.893500 0.432804
0.902640 0.446915
0.903631 0.280223
0.912164 0.242996
0.932445 0.405040
0.934896 0.239248
0.944932 0.557469
0.983711 0.255444
0.997530 0.279179
1.000000 0.204449
