0.000000 0.204607
0.004330 0.482576
0.137271 0.361709
0.146709 0.532062
0.150325 0.248339
0.199286 0.245506
0.203073 0.419933
0.209191 0.612397
0.214603 0.344986
0.216164 0.424794
0.236292 0.566001
0.240735 0.508652
0.248153 0.264475
0.250894 0.221143
0.257068 0.234545
0.257824 0.213247
0.259136 0.399975
0.262521 0.383966
0.262689 0.328912
0.264578 0.645048
0.267106 0.149067
0.267159 0.264702
0.269783 0.295848
0.270128 0.335368
0.273721 0.683494
0.277043 0.467181
0.277490 0.493281
0.284701 0.365282
0.286608 0.181143
0.287776 0.181670
0.290448 0.540824
0.290913 0.294252
0.291163 0.495474
0.301924 0.212094
0.312143 0.221342
0.314389 0.496212
0.318228 0.471179
0.319956 0.133260
0.320203 0.402321
0.321245 0.485130
0.321701 0.355661
0.322918 0.507333
0.325132 0.144414
0.327081 0.432160
0.327812 0.250212
0.328992 0.236543
0.329316 0.401126
0.337825 0.342999
0.338978 0.579535
0.340474 0.139413
0.346140 0.629524
0.347459 0.352544
0.350515 0.377902
0.354400 0.317110
0.354928 0.315048
0.360454 0.219949
0.360460 0.509189
0.362821 0.321926
0.366112 0.559608
0.368024 0.217997
0.368252 0.367850
0.376266 0.451633
0.384359 0.314245
0.389371 0.212274
0.394271 0.216559
0.399377 0.386681
0.399807 0.631793
0.400782 0.261163
0.401910 0.296671
0.402156 0.378606
0.403727 0.211723
0.406345 0.446922
0.408642 0.552736
0.410562 0.651460
0.411399 0.477211
0.412116 0.286940
0.414263 0.272302
0.417926 0.162066
0.417984 0.330188
0.419700 0.486962
0.420233 0.423444
0.422143 0.479883
0.431760 0.552090
0.431880 0.228444
0.431893 0.210065
0.432493 0.444242
0.432723 0.496401
0.433026 0.457177
0.433377 0.452981
0.433550 0.393799
0.437356 0.415861
0.438127 0.195208
0.438775 0.359067
0.443484 0.345280
0.444265 0.587431
0.447813 0.364786
0.448165 0.157480
0.448990 0.145528
0.450783 0.485726
0.452366 0.552047
0.455778 0.623676
0.457479 0.487040
0.458023 0.527534
0.461136 0.196016
0.461311 0.366495
0.461913 0.364611
0.464651 0.428549
0.465383 0.299194
0.467630 0.345130
0.468635 0.163938
0.470274 0.865575
0.474714 0.400582
0.477375 0.399229
0.480345 0.282339
0.480576 0.378592
0.481588 0.272106
0.482008 0.150726
0.485034 0.462753
0.486948 0.540432
0.490018 0.337393
0.490164 0.155253
0.492442 0.462774
0.492951 0.220616
0.498269 0.225488
0.499667 0.203209
0.501735 0.409355
0.502045 0.158775
0.508816 0.415222
0.514061 0.291897
0.515188 0.159693
0.515407 0.698357
0.516456 0.571800
0.516647 0.406662
0.518103 0.266475
0.520346 0.401409
0.520825 0.675469
0.521394 0.625661
0.527017 0.593311
0.531376 0.452414
0.532736 0.185226
0.533466 0.239956
0.533729 0.472728
0.534772 0.498368
0.534816 0.458350
0.535244 0.289997
0.535531 0.223409
0.535927 0.386378
0.537307 0.588116
0.538012 0.432788
0.545405 0.502552
0.546170 0.292875
0.548035 0.434852
0.553882 0.393544
0.554262 0.367359
0.556015 0.114028
0.557398 0.395877
0.559521 0.301790
0.559624 0.616139
0.560036 0.462569
0.562133 0.256553
0.563221 0.206490
0.563480 0.370790
0.564460 0.163455
0.564462 0.759314
0.565431 0.376522
0.565751 0.601664
0.568157 0.414025
0.574454 0.262264
0.574697 0.267415
0.575184 0.773628
0.575508 0.449234
0.578219 0.255738
0.579134 0.226911
0.579187 0.225402
0.584454 0.461167
0.585074 0.247985
0.585091 0.468542
0.585425 0.398278
0.586730 0.693574
0.588724 0.351906
0.589026 0.575856
0.590427 0.394416
0.593501 0.129484
0.596409 0.127538
0.602729 0.445263
0.602934 0.707726
0.603368 0.192748
0.604116 0.122712
0.605562 0.223759
0.605914 0.131796
0.610819 0.212370
0.614152 0.305136
0.617813 0.393651
0.618189 0.253273
0.618900 0.150508
0.619927 0.228207
0.619956 0.341043
0.620665 0.394883
0.622572 0.343763
0.622760 0.214663
0.623021 0.365306
0.626836 0.250496
0.629337 0.049428
0.629781 0.308202
0.630169 0.556391
0.632162 0.462527
0.633064 0.587292
0.635371 0.351147
0.636033 0.063789
0.638393 0.142627
0.641298 0.531525
0.642391 0.267027
0.642998 0.321668
0.643781 0.440547
0.644218 0.548760
0.645792 0.404574
0.646746 0.437986
0.647884 0.441643
0.652928 0.220289
0.653266 0.304471
0.653294 0.350236
0.653516 0.359810
0.655705 0.456385
0.656074 0.275297
0.656511 0.587759
0.656824 0.570526
0.659792 0.185728
0.665984 0.617807
0.667926 0.272524
0.670694 0.494168
0.671218 0.447596
0.676363 0.390528
0.677666 0.165708
0.679419 0.536727
0.685593 0.411618
0.686405 0.175507
0.687176 0.721538
0.691258 0.135634
0.692909 0.187441
0.693712 0.291363
0.695877 0.305902
0.698654 0.462251
0.699459 0.296797
0.701765 0.007399
0.702801 0.306374
0.703352 0.060595
0.709116 0.334985
0.710713 0.525278
0.717353 0.173274
0.720504 0.424745
0.720813 0.297073
0.721454 0.235506
0.733218 0.200459
0.735736 0.277255
0.737256 0.350171
0.739127 0.228449
0.739941 0.193902
0.745317 0.278890
0.747846 0.713322
0.749056 0.287065
0.757869 0.543142
0.760296 0.024315
0.762607 0.117533
0.763018 0.355605
0.766544 0.248373
0.766961 0.152418
0.772566 0.211957
0.775129 0.106858
0.775720 1.000000
0.776353 0.156524
0.776388 0.453585
0.781352 0.397359
0.795912 0.071846
0.796742 0.153860
0.799093 0.310343
0.799329 0.176260
0.800681 0.490360
0.803347 0.034098
0.808026 0.871124
0.808659 0.203771
0.818108 0.217485
0.832835 0.379803
0.843583 0.000000
0.859906 0.262598
0.877848 0.324701
0.884975 0.749323
0.915831 0.137118
0.932931 0.322148
0.976702 0.637932
0.981009 0.304846
0.985286 0.212249
0.989429 0.161539
0.998360 0.488707
1.000000 0.133231
