0.000000 0.979316
0.004710 0.511117
0.008053 0.110735
0.008694 0.256050
0.014289 0.220255
0.018138 0.597953
0.040557 0.598139
0.045699 0.382925
0.056893 0.136346
0.057663 0.430679
0.059209 0.769960
0.061352 1.000000
0.062506 0.481173
0.068437 0.927827
0.069066 0.085965
0.071489 0.290225
0.076513 0.137662
0.077114 0.370445
0.077365 0.168169
0.084020 0.423897
0.085376 0.642464
0.092159 0.756900
0.099997 0.113647
0.102683 0.135197
0.103255 0.074327
0.103653 0.237486
0.107039 0.238548
0.107271 0.349777
0.109546 0.284354
0.111349 0.704842
0.112074 0.729986
0.114644 0.293231
0.114877 0.158260
0.116809 0.139517
0.118389 0.421900
0.118400 0.422658
0.121326 0.087385
0.125061 0.138356
0.125628 0.465209
0.126733 0.120412
0.128368 0.337010
0.129585 0.242129
0.130323 0.113537
0.132023 0.213861
0.133326 0.137516
0.136147 0.682858
0.136680 0.072337
0.137012 0.546977
0.138666 0.205635
0.139004 0.367618
0.139099 0.177814
0.139798 0.502186
0.140149 0.081306
0.141168 0.475165
0.142391 0.310576
0.143874 0.183255
0.144768 0.498281
0.146219 0.228106
0.150234 0.070642
0.151273 0.496754
0.151489 0.143894
0.152135 0.120707
0.153207 0.308902
0.154418 0.060321
0.158073 0.086826
0.158132 0.111187
0.160600 0.135638
0.162968 0.461093
0.163148 0.057178
0.163670 0.105789
0.163755 0.341902
0.164332 0.101267
0.168796 0.100708
0.168995 0.068750
0.171965 0.124664
0.173728 0.112546
0.175092 0.529993
0.179839 0.108541
0.180581 0.424511
0.182494 0.546607
0.182730 0.079417
0.183758 0.066388
0.185525 0.412244
0.187875 0.104634
0.190094 0.179642
0.190199 0.365936
0.191195 0.087169
0.196576 0.175350
0.196678 0.337947
0.196916 0.128468
0.202902 0.235281
0.204094 0.052659
0.205650 0.051060
0.205778 0.390625
0.206480 0.156877
0.208656 0.420842
0.208744 0.210908
0.209873 0.224856
0.209921 0.152789
0.211129 0.393872
0.211313 0.183985
0.212671 0.156254
0.212964 0.089401
0.215000 0.064638
0.216761 0.149539
0.217619 0.370165
0.218212 0.100830
0.218504 0.442079
0.218764 0.349951
0.222585 0.348947
0.223061 0.242855
0.228037 0.056215
0.228802 0.080438
0.229973 0.125544
0.230145 0.282942
0.230258 0.136738
0.231210 0.293967
0.232480 0.073981
0.233798 0.125788
0.234180 0.262646
0.234530 0.145485
0.235063 0.448984
0.236087 0.086236
0.236256 0.128361
0.236600 0.056891
0.238590 0.160817
0.240455 0.364035
0.241066 0.295578
0.241450 0.086931
0.244325 0.212826
0.244327 0.293451
0.245861 0.057899
0.246026 0.140042
0.247979 0.083118
0.248043 0.190368
0.248414 0.334449
0.248512 0.270840
0.250185 0.185640
0.251271 0.172193
0.252355 0.197105
0.253050 0.072817
0.254060 0.221168
0.254808 0.044588
0.256911 0.309839
0.258482 0.069329
0.261806 0.336195
0.263115 0.078267
0.263384 0.238262
0.267216 0.325415
0.268970 0.205714
0.269247 0.074394
0.271360 0.136135
0.271802 0.058913
0.271903 0.053780
0.272102 0.234596
0.274170 0.175694
0.275618 0.234163
0.275693 0.111936
0.278448 0.183120
0.278519 0.063456
0.279336 0.256833
0.279518 0.153339
0.281633 0.066649
0.284588 0.135179
0.285632 0.217051
0.286814 0.159717
0.286994 0.091095
0.290097 0.301132
0.293451 0.356092
0.296909 0.313907
0.297657 0.109225
0.298135 0.328490
0.298143 0.195825
0.298435 0.088497
0.298808 0.094849
0.300123 0.252827
0.302671 0.043748
0.303410 0.093817
0.303961 0.113070
0.304225 0.274474
0.304775 0.208354
0.305431 0.343998
0.306037 0.320158
0.306297 0.064023
0.307866 0.196807
0.308602 0.330393
0.310403 0.320249
0.310916 0.128792
0.311692 0.083787
0.313715 0.309096
0.314567 0.144743
0.314629 0.130204
0.317155 0.039628
0.318213 0.205756
0.318959 0.056545
0.322773 0.160394
0.323398 0.118271
0.326729 0.156430
0.328229 0.300784
0.328331 0.088881
0.329125 0.034574
0.330232 0.167782
0.331368 0.042685
0.331733 0.094592
0.332832 0.048943
0.335539 0.052419
0.336316 0.142076
0.336693 0.046509
0.338174 0.132061
0.338349 0.290212
0.338440 0.036672
0.339568 0.113341
0.339895 0.285450
0.340130 0.141631
0.344203 0.129879
0.345907 0.130171
0.348262 0.269538
0.348596 0.123974
0.349329 0.171951
0.349986 0.087495
0.351833 0.186382
0.352613 0.039766
0.354556 0.036453
0.355300 0.103107
0.356319 0.118822
0.356914 0.032390
0.357127 0.109793
0.358478 0.077322
0.367823 0.150595
0.367830 0.143668
0.370154 0.272435
0.370828 0.040407
0.371450 0.088685
0.371882 0.046514
0.372722 0.143916
0.372885 0.192702
0.374332 0.042708
0.375271 0.046942
0.376590 0.029247
0.377609 0.169732
0.379527 0.069045
0.380204 0.214844
0.380877 0.071631
0.383594 0.088611
0.383792 0.129810
0.384731 0.028367
0.385740 0.160214
0.385840 0.080016
0.386345 0.090296
0.387282 0.178850
0.387406 0.074397
0.388250 0.251548
0.389409 0.043145
0.389514 0.131135
0.391909 0.031948
0.393166 0.078366
0.394790 0.174850
0.395135 0.030385
0.396650 0.164645
0.396993 0.148167
0.397751 0.074431
0.400496 0.247094
0.400723 0.147216
0.400972 0.237197
0.402684 0.058916
0.404666 0.127097
0.404804 0.155297
0.405268 0.148371
0.405532 0.054745
0.406228 0.160733
0.408106 0.030795
0.409717 0.041312
0.411553 0.149746
0.411900 0.084646
0.412510 0.080736
0.412673 0.093243
0.412784 0.029398
0.415737 0.057126
0.416013 0.064640
0.417119 0.031012
0.417170 0.147081
0.417861 0.211127
0.418070 0.061089
0.419461 0.142728
0.424042 0.168332
0.424369 0.074723
0.425139 0.129194
0.425581 0.064419
0.428329 0.114006
0.430339 0.083789
0.430573 0.069584
0.432910 0.056819
0.439666 0.144167
0.441294 0.120938
0.445602 0.083272
0.448969 0.061066
0.450376 0.109886
0.453482 0.119309
0.453982 0.119530
0.454331 0.073732
0.454379 0.090781
0.455292 0.162659
0.458197 0.048963
0.458763 0.079941
0.462977 0.169809
0.464722 0.103053
0.465777 0.166946
0.466890 0.107256
0.470891 0.130279
0.476262 0.021122
0.478330 0.146710
0.479199 0.056879
0.482238 0.090542
0.482967 0.032985
0.486114 0.156044
0.486341 0.159491
0.488798 0.146175
0.490344 0.171275
0.490432 0.153135
0.491189 0.050488
0.492289 0.130186
0.493875 0.112160
0.495344 0.175119
0.497186 0.066209
0.499001 0.062835
0.504369 0.162845
0.505855 0.056619
0.507399 0.063931
0.508199 0.162390
0.509093 0.060641
0.511662 0.018563
0.512387 0.055423
0.513021 0.038347
0.513144 0.137977
0.514249 0.142800
0.522495 0.121328
0.523252 0.096728
0.523383 0.062650
0.524223 0.121188
0.524552 0.088996
0.524971 0.029090
0.529004 0.072428
0.532707 0.147731
0.533388 0.143811
0.535027 0.051229
0.542261 0.087218
0.542666 0.077489
0.544933 0.046428
0.546708 0.082155
0.546745 0.132864
0.548227 0.150825
0.548329 0.028212
0.562073 0.032861
0.562168 0.126937
0.563653 0.115510
0.570366 0.115822
0.571656 0.123143
0.575164 0.081474
0.577948 0.038725
0.578393 0.081278
0.581450 0.058561
0.585079 0.082779
0.586666 0.016694
0.586749 0.030630
0.589785 0.043962
0.591625 0.104935
0.593636 0.054168
0.594692 0.116057
0.595579 0.086913
0.597017 0.058912
0.600049 0.071258
0.602363 0.067912
0.606566 0.089018
0.607852 0.031340
0.610821 0.016850
0.611775 0.055783
0.612130 0.117559
0.613964 0.092156
0.618237 0.012688
0.626458 0.038836
0.626689 0.030474
0.635193 0.095453
0.643331 0.077582
0.654625 0.021580
0.656120 0.066898
0.663386 0.013555
0.681158 0.008516
0.701640 0.038978
0.702899 0.009307
0.705757 0.014818
0.724871 0.023156
0.729079 0.032393
0.733590 0.072567
0.743470 0.044894
0.744038 0.019868
0.763240 0.010021
0.798044 0.015782
0.887994 0.004039
0.889201 0.000000
1.000000 0.020325
