0.000000 0.652808
0.000594 0.723161
0.002585 0.792703
0.003707 0.389838
0.003986 0.238727
0.005356 0.138131
0.007090 0.064036
0.007691 0.358609
0.008380 0.655911
0.011521 0.065250
0.011728 0.605433
0.012085 0.066531
0.012224 0.100191
0.015951 0.422537
0.015981 0.103810
0.017098 0.202453
0.017840 0.674187
0.020203 0.276509
0.021133 0.363470
0.021338 0.563730
0.021749 0.714490
0.022820 0.359592
0.024498 0.458580
0.024983 0.367059
0.026739 0.373007
0.028227 0.791528
0.028719 0.203930
0.029280 0.454046
0.030830 0.420802
0.036674 0.348079
0.036888 0.957057
0.037324 0.536403
0.037762 0.239152
0.038174 0.339263
0.039840 0.418280
0.040325 0.694116
0.041439 0.325021
0.045194 0.288043
0.049409 0.231644
0.049440 0.191520
0.050198 0.293412
0.050540 0.131411
0.051450 0.173229
0.052201 0.320674
0.053045 0.542453
0.053493 0.609372
0.053537 0.314345
0.055836 0.264035
0.055942 0.157372
0.056938 0.478579
0.057828 0.459080
0.058830 0.452902
0.059217 0.737834
0.059698 0.500113
0.060864 0.530441
0.062277 0.398910
0.064782 0.272772
0.064848 0.230388
0.067734 0.254310
0.068568 0.613492
0.069347 0.119256
0.070756 0.124090
0.071370 0.401266
0.073870 0.110826
0.074289 0.186235
0.075326 0.693330
0.075470 0.319441
0.075504 0.190259
0.079784 0.140871
0.080800 0.314984
0.081132 0.280409
0.081339 0.180618
0.081873 0.272347
0.084608 0.350066
0.087488 0.901707
0.087521 0.591568
0.087810 0.335325
0.089122 0.558097
0.089712 0.200752
0.089762 0.518520
0.091435 0.321147
0.091785 0.592482
0.093184 0.290586
0.097296 0.350922
0.097574 0.474998
0.097663 0.319117
0.100152 0.254488
0.105519 0.214718
0.106114 0.749683
0.106929 0.615961
0.108030 0.208544
0.113270 0.061104
0.113337 0.178973
0.114263 0.221211
0.116084 0.520917
0.116242 0.758869
0.117105 0.631203
0.117124 0.258266
0.118062 0.610199
0.118321 0.116038
0.118586 0.164384
0.118713 0.632279
0.120841 0.115760
0.123551 0.190045
0.124594 0.682960
0.125322 0.475941
0.125376 0.369230
0.129601 0.190445
0.131182 0.140187
0.133739 0.369975
0.134436 0.476101
0.135509 0.343994
0.137534 0.146300
0.137692 0.501379
0.137781 0.322931
0.138200 0.340490
0.140404 0.238979
0.140745 0.096287
0.140944 0.297704
0.143761 0.445692
0.144190 0.284413
0.144260 0.448982
0.145173 0.411830
0.145627 0.380934
0.150270 0.634038
0.150330 0.206786
0.151834 0.519894
0.152655 0.304481
0.152954 0.409713
0.153959 0.129802
0.159082 0.655611
0.159301 0.731912
0.160403 0.402693
0.162066 0.414851
0.162605 0.292186
0.162710 0.327146
0.162844 0.823447
0.163257 0.216550
0.163940 0.464754
0.167487 0.246252
0.167856 0.272520
0.168971 0.536557
0.172241 0.297577
0.172618 0.417870
0.173721 0.392034
0.175123 0.336804
0.176313 0.305220
0.176885 0.226742
0.176985 0.106862
0.177061 0.402222
0.178012 0.450228
0.178654 0.625121
0.180964 0.211958
0.181475 0.707521
0.181789 0.464205
0.182246 0.282272
0.184582 0.738864
0.186352 0.341308
0.186633 0.183332
0.187594 0.714885
0.188652 0.299446
0.191909 0.401323
0.192556 0.308845
0.193395 0.277321
0.195359 0.201682
0.195809 0.851025
0.196646 0.355439
0.196900 0.360238
0.200585 0.168138
0.201460 0.443588
0.201514 0.776324
0.201805 0.431939
0.201806 0.270360
0.201867 0.290905
0.203041 0.055971
0.205803 0.249553
0.206953 0.565005
0.207015 0.311508
0.208414 0.812436
0.210048 0.600213
0.211484 0.262760
0.212687 0.414258
0.212888 0.621012
0.213007 0.241169
0.213109 0.505358
0.216177 0.611142
0.217392 0.236119
0.218189 0.238252
0.220100 0.100901
0.224288 0.549279
0.224844 0.428372
0.227397 0.608020
0.227438 0.205246
0.227446 0.400072
0.229473 0.204001
0.229534 0.151393
0.230215 0.371489
0.231382 0.337793
0.232114 0.592553
0.233965 0.432708
0.235937 0.639004
0.236077 0.536309
0.236331 0.268724
0.238628 0.678873
0.239521 0.247161
0.240323 0.386401
0.242345 0.120177
0.242830 0.712477
0.243024 0.356752
0.244784 0.344901
0.246795 0.526595
0.247784 0.267812
0.253720 0.413364
0.253889 0.213608
0.254059 0.479114
0.254329 0.372250
0.254585 0.513494
0.256554 0.376314
0.257669 0.453428
0.258842 0.496444
0.258961 0.345927
0.262024 0.409103
0.264010 0.142316
0.264546 0.190014
0.266534 0.366052
0.268680 0.381349
0.270912 0.095939
0.270951 0.195489
0.273319 0.383210
0.279025 0.262714
0.279564 0.526282
0.280986 0.587741
0.282705 0.282462
0.284359 0.803760
0.285199 0.096696
0.286686 0.814716
0.288876 0.489537
0.291130 0.175569
0.291627 0.861157
0.292521 0.092201
0.295677 0.286455
0.297603 0.031773
0.299192 0.232707
0.300729 0.365840
0.300989 0.256992
0.301091 0.299157
0.306427 0.339028
0.307519 0.582512
0.307642 0.326719
0.308195 0.298077
0.308352 0.209363
0.309667 0.172038
0.309828 0.295784
0.314738 0.781713
0.318038 0.838009
0.319552 0.151528
0.320443 0.212906
0.321860 0.174237
0.322901 0.114412
0.323744 0.097065
0.324098 0.288496
0.326349 0.570500
0.328144 0.177823
0.330254 0.425485
0.330580 0.171970
0.331625 0.786299
0.331889 1.000000
0.332191 0.325434
0.335602 0.163677
0.339762 0.097772
0.341878 0.169592
0.343354 0.228419
0.346522 0.348374
0.346876 0.269926
0.347476 0.240231
0.348108 0.144675
0.348245 0.182602
0.357251 0.838105
0.358652 0.254421
0.359566 0.385646
0.360256 0.318619
0.360393 0.740053
0.365682 0.380322
0.367809 0.418565
0.367856 0.173088
0.371918 0.127802
0.373209 0.105624
0.373331 0.726051
0.373448 0.288258
0.373722 0.389550
0.373860 0.123360
0.374481 0.685366
0.375899 0.495035
0.381460 0.153427
0.381590 0.554630
0.382036 0.342893
0.382798 0.365218
0.385007 0.454063
0.385137 0.693650
0.385948 0.421560
0.387303 0.449383
0.387510 0.568878
0.388794 0.406283
0.389013 0.630779
0.391389 0.132123
0.392384 0.439706
0.392667 0.554123
0.393238 0.111051
0.393823 0.280002
0.394167 0.591648
0.396050 0.453369
0.397611 0.375186
0.398036 0.656937
0.398051 0.417995
0.398573 0.325548
0.398992 0.344760
0.399354 0.335955
0.401449 0.328166
0.401596 0.298790
0.401724 0.206791
0.403291 0.287986
0.409107 0.241891
0.409510 0.184786
0.410463 0.682051
0.411885 0.219084
0.412630 0.641507
0.415922 0.267019
0.415984 0.287455
0.417573 0.120098
0.419625 0.464617
0.419635 0.380736
0.420429 0.611329
0.421109 0.235259
0.421283 0.177254
0.422509 0.298611
0.422645 0.069585
0.424489 0.211610
0.425406 0.206769
0.427737 0.253023
0.427871 0.784634
0.429198 0.533903
0.431465 0.392256
0.432376 0.334540
0.433989 0.236336
0.435370 0.434399
0.435742 0.595964
0.435800 0.543897
0.436607 0.077839
0.439643 0.502210
0.440191 0.586839
0.440957 0.163027
0.441397 0.214660
0.442511 0.380805
0.444738 0.341131
0.446433 0.106852
0.446857 0.407913
0.450567 0.676217
0.451206 0.466319
0.452249 0.199289
0.453433 0.239002
0.454127 0.567725
0.454351 0.325405
0.455060 0.080731
0.455987 0.099239
0.458707 0.676287
0.458983 0.238666
0.459291 0.246818
0.460578 0.501966
0.461715 0.297297
0.462154 0.092187
0.466009 0.386607
0.466333 0.477956
0.466383 0.420127
0.469710 0.418725
0.470008 0.227803
0.472291 0.769615
0.472328 0.658327
0.473876 0.400882
0.475328 0.562747
0.479445 0.449280
0.479509 0.253389
0.483103 0.173120
0.484273 0.301506
0.485447 0.182165
0.486662 0.697108
0.486942 0.635206
0.488158 0.197184
0.488436 0.305853
0.488881 0.233648
0.488903 0.440912
0.490911 0.083135
0.492475 0.823637
0.492603 0.250722
0.494838 0.503275
0.495875 0.207853
0.496732 0.196976
0.499335 0.091248
0.503122 0.240967
0.503644 0.411508
0.503718 0.508561
0.503876 0.177165
0.508955 0.236891
0.509224 0.336579
0.512362 0.505151
0.512916 0.292529
0.513846 0.433391
0.514256 0.041284
0.514585 0.368246
0.518652 0.575967
0.518790 0.470884
0.521405 0.506242
0.522257 0.792033
0.522609 0.295339
0.523198 0.230836
0.524251 0.293384
0.527183 0.440650
0.527206 0.078102
0.527210 0.111293
0.527335 0.294682
0.529409 0.289643
0.529776 0.495504
0.530908 0.167660
0.533237 0.161703
0.535766 0.805903
0.537750 0.522778
0.537982 0.527105
0.540417 0.362669
0.540670 0.177981
0.542447 0.473603
0.544438 0.217786
0.546439 0.427221
0.549768 0.394751
0.551524 0.675073
0.551572 0.176828
0.552023 0.402015
0.552682 0.254713
0.554924 0.350278
0.555168 0.789060
0.556679 0.422424
0.558875 0.326480
0.559607 0.584138
0.561534 0.122961
0.562656 0.176360
0.563259 0.275211
0.563906 0.057228
0.564998 0.312753
0.566770 0.625369
0.567080 0.467750
0.569673 0.336365
0.570204 0.527458
0.574113 0.691125
0.575293 0.417127
0.575406 0.222043
0.575939 0.317744
0.577265 0.163866
0.578734 0.411532
0.582847 0.565117
0.584511 0.947303
0.584910 0.496760
0.586717 0.205325
0.589842 0.326732
0.592402 0.232437
0.592402 0.835047
0.592805 0.194081
0.594060 0.187414
0.595025 0.232395
0.595125 0.076773
0.595665 0.256700
0.595720 0.288650
0.597502 0.155474
0.597613 0.324001
0.598394 0.110318
0.598622 0.453970
0.598789 0.337727
0.599641 0.618689
0.600413 0.453474
0.601531 0.332331
0.601947 0.311966
0.602001 0.153584
0.602827 0.390484
0.602944 0.799858
0.604682 0.139674
0.606044 0.304631
0.606644 0.664923
0.606962 0.431492
0.607800 0.127785
0.608520 0.618531
0.613323 0.525851
0.614049 0.499118
0.614616 0.271746
0.615654 0.326521
0.616540 0.496726
0.618134 0.199909
0.618170 0.736995
0.618513 0.082573
0.619139 0.246140
0.619836 0.197615
0.621194 0.290869
0.623056 0.741273
0.623253 0.310269
0.623374 0.610585
0.624458 0.544335
0.624496 0.641481
0.624924 0.161327
0.625609 0.306411
0.630773 0.114634
0.631682 0.618315
0.631737 0.171623
0.632024 0.295585
0.633585 0.248775
0.637725 0.463074
0.638477 0.525150
0.641737 0.289906
0.641836 0.354104
0.643581 0.323897
0.643857 0.407676
0.644787 0.187581
0.645309 0.496779
0.646359 0.303912
0.646598 0.509145
0.647419 0.247055
0.649249 0.375237
0.651135 0.553981
0.652369 0.142005
0.657106 0.609843
0.657542 0.424767
0.657578 0.282862
0.658612 0.289791
0.660386 0.429990
0.664056 0.290482
0.664995 0.448679
0.665491 0.191078
0.665690 0.151794
0.665818 0.174687
0.667959 0.222700
0.668142 0.548064
0.671455 0.689509
0.674391 0.305708
0.674843 0.051944
0.674906 0.358240
0.676757 0.942229
0.677472 0.742156
0.678914 0.247201
0.679482 0.394607
0.681171 0.076528
0.681463 0.072596
0.682768 0.618499
0.682887 0.651944
0.684257 0.042769
0.684838 0.232695
0.685652 0.332161
0.687204 0.641798
0.687205 0.343040
0.688023 0.527655
0.689269 0.420882
0.689653 0.228108
0.690068 0.266937
0.693700 0.573111
0.694330 0.151834
0.694594 0.325596
0.695379 0.579226
0.697842 0.232326
0.703926 0.161626
0.704190 0.405576
0.706014 0.381272
0.711031 0.002584
0.712719 0.443187
0.715671 0.535925
0.715928 0.214879
0.717165 0.521746
0.717665 0.786836
0.720344 0.151142
0.722135 0.222248
0.725082 0.525297
0.727508 0.663003
0.728453 0.397818
0.728773 0.631050
0.729235 0.274882
0.729850 0.629132
0.730284 0.380944
0.730918 0.305559
0.731441 0.232048
0.732661 0.236050
0.734495 0.116220
0.736237 0.444001
0.736332 0.306723
0.740365 0.315692
0.742060 0.284558
0.742623 0.453771
0.744158 0.299969
0.745692 0.381124
0.749525 0.588472
0.749810 0.277887
0.751491 0.069872
0.751916 0.339980
0.754725 0.383203
0.756082 0.712311
0.756241 0.230392
0.758126 0.119672
0.759269 0.320166
0.767119 0.574236
0.767949 0.446039
0.769018 0.244918
0.770847 0.352563
0.771306 0.083123
0.772421 0.278427
0.775378 0.251338
0.777308 0.251322
0.777319 0.582805
0.782581 0.462159
0.784198 0.273220
0.785661 0.010003
0.785748 0.165707
0.785876 0.423454
0.786679 0.226055
0.790256 0.436098
0.791738 0.079382
0.792886 0.192605
0.793678 0.230742
0.793927 0.155946
0.797936 0.573986
0.798763 0.086484
0.799599 0.072788
0.799777 0.377948
0.799946 0.504138
0.802937 0.268965
0.804367 0.205926
0.804641 0.687187
0.804691 0.319700
0.806558 0.094356
0.807122 0.168933
0.808413 0.363736
0.810325 0.199702
0.810335 0.094376
0.810696 0.166330
0.812395 0.177267
0.813863 0.553957
0.813948 0.110562
0.815790 0.346161
0.818184 0.643837
0.818747 0.294116
0.820184 0.159800
0.820800 0.351550
0.820933 0.521418
0.821843 0.128284
0.822057 0.362191
0.822392 0.428139
0.822558 0.417622
0.822693 0.204223
0.823013 0.224663
0.823107 0.108333
0.827716 0.289966
0.828333 0.238209
0.829216 0.373142
0.830782 0.520436
0.831449 0.456495
0.832958 0.221897
0.833929 0.378856
0.834150 0.455612
0.836513 0.309542
0.836634 0.353153
0.836689 0.193371
0.837174 0.203731
0.839528 0.256592
0.841252 0.292770
0.843164 0.113845
0.843328 0.376770
0.844348 0.279447
0.845059 0.429341
0.846266 0.254965
0.847113 0.114420
0.850101 0.152846
0.851327 0.301483
0.853451 0.356754
0.854233 0.215291
0.854926 0.172015
0.855040 0.448980
0.855597 0.478086
0.859575 0.296152
0.860468 0.130465
0.862707 0.617296
0.863157 0.366116
0.864199 0.672438
0.867940 0.961276
0.869203 0.225246
0.869219 0.688827
0.869617 0.243309
0.869642 0.253142
0.870217 0.241496
0.871109 0.501938
0.872967 0.313140
0.874435 0.423153
0.875315 0.486104
0.876494 0.157293
0.880443 0.338605
0.880471 0.177603
0.882128 0.607616
0.883294 0.290883
0.885412 0.562486
0.886025 0.635549
0.886709 0.291568
0.887205 0.050179
0.888324 0.549369
0.888744 0.052047
0.889821 0.112938
0.892045 0.169996
0.892714 0.577380
0.893131 0.203015
0.895073 0.202937
0.897882 0.457926
0.897967 0.444007
0.898548 0.169859
0.898675 0.182856
0.903214 0.359539
0.903463 0.885826
0.905517 0.175484
0.906835 0.191764
0.908110 0.147882
0.908532 0.528868
0.910086 0.219491
0.910841 0.759261
0.911232 0.341063
0.912924 0.155339
0.913337 0.153253
0.915520 0.267114
0.915797 0.256199
0.916822 0.453899
0.921487 0.308493
0.922295 0.257519
0.923033 0.284371
0.923322 0.363151
0.928920 0.200765
0.929418 0.494630
0.929419 0.845207
0.929626 0.631135
0.930562 0.517477
0.931856 0.386309
0.932033 0.665881
0.933092 0.186633
0.934442 0.316546
0.934866 0.809700
0.935353 0.266184
0.935574 0.278777
0.936246 0.027235
0.937701 0.265883
0.939046 0.129529
0.941800 0.448358
0.943804 0.086114
0.945083 0.368971
0.945553 0.319403
0.945732 0.113438
0.946147 0.208712
0.947976 0.286271
0.949028 0.446397
0.949620 0.283283
0.951149 0.413155
0.955297 0.449953
0.959338 0.000000
0.959871 0.165643
0.962937 0.223204
0.963065 0.226326
0.963657 0.314855
0.965909 0.298626
0.967051 0.331367
0.967522 0.435797
0.968369 0.910082
0.968390 0.223065
0.968764 0.223101
0.969982 0.294501
0.972783 0.167600
0.974668 0.476701
0.974858 0.408268
0.976927 0.484270
0.980124 0.410014
0.984454 0.517759
0.985631 0.469823
0.987342 0.139026
0.989083 0.950464
0.990368 0.134369
0.994764 0.489119
0.994865 0.066996
0.994915 0.378489
0.995573 0.830858
0.995692 0.483092
0.996340 0.529614
0.996780 0.296087
0.996915 0.265470
0.997067 0.411612
0.997426 0.475489
1.000000 0.208498
