0.000000 0.194789
0.004434 0.029082
0.019154 0.128228
0.020491 0.134978
0.025409 0.497945
0.025861 0.149945
0.026441 0.048766
0.026718 0.044385
0.028812 0.297811
0.031333 0.212555
0.038766 0.132683
0.041890 0.286674
0.045937 0.223567
0.046235 0.042815
0.047407 0.221936
0.051424 0.394197
0.054211 0.164205
0.058017 0.218210
0.059614 0.116701
0.060179 0.085160
0.061497 0.266416
0.062428 0.192916
0.063885 0.058195
0.064296 0.141885
0.065326 0.037874
0.066460 0.310946
0.069807 0.127336
0.070108 0.386638
0.070589 0.191335
0.070817 0.121576
0.071198 0.268149
0.072362 0.208293
0.073719 0.152224
0.075466 0.293702
0.076720 0.565612
0.078220 0.305981
0.080490 0.092911
0.083151 0.284534
0.083335 0.085253
0.083558 0.097638
0.083595 0.381002
0.084970 0.004183
0.086131 0.147915
0.086250 0.270479
0.086261 0.098289
0.086595 0.202146
0.088876 0.175026
0.088963 0.080440
0.089655 0.107255
0.092025 0.163274
0.094698 0.276994
0.095793 0.211117
0.096805 0.165474
0.096936 0.038733
0.100158 0.398224
0.100817 0.183022
0.100843 0.245727
0.103609 0.133571
0.103864 0.008396
0.104109 0.138317
0.105795 0.152735
0.108100 0.105339
0.110578 0.210660
0.111105 0.289846
0.111810 0.186227
0.112634 0.020265
0.114450 0.262667
0.114502 0.235126
0.115522 0.198983
0.116548 0.180778
0.117283 0.235857
0.118261 0.112796
0.120819 0.115871
0.124698 0.242665
0.126174 0.222794
0.128495 0.119701
0.131727 0.030399
0.133010 0.219451
0.133594 0.058487
0.134368 0.179742
0.135444 0.343698
0.135653 0.235647
0.137123 0.242332
0.137441 0.395889
0.138488 0.124078
0.138720 0.084133
0.139501 0.148828
0.139556 0.132462
0.140008 0.089683
0.140032 0.071937
0.140152 0.218104
0.142566 0.000000
0.146892 0.144641
0.147263 0.089015
0.147611 0.098822
0.149009 0.472114
0.149852 0.239987
0.150776 0.389001
0.151095 0.312536
0.151222 0.198941
0.152280 0.104040
0.153952 0.138126
0.154160 0.127369
0.154329 0.247607
0.154707 0.460769
0.155608 0.297519
0.155948 0.161309
0.159004 0.059085
0.159269 0.477393
0.159836 0.097874
0.160627 0.110887
0.162658 0.297180
0.163252 0.337041
0.163702 0.057900
0.165199 0.056028
0.167601 0.166183
0.169165 0.050883
0.169561 0.347735
0.171234 0.171829
0.171401 0.419987
0.171518 0.012428
0.171892 0.288017
0.171954 0.232604
0.172653 0.250889
0.172937 0.271161
0.173947 0.222130
0.174456 0.283924
0.174489 0.306311
0.175808 0.174463
0.176801 0.140153
0.177752 0.220188
0.180339 0.109633
0.181486 0.410797
0.182856 0.261205
0.183012 0.034761
0.184366 0.266425
0.186655 0.232700
0.187718 0.296794
0.187856 0.150903
0.188050 0.160164
0.188957 0.266176
0.189433 0.059819
0.189599 0.126944
0.189883 0.120878
0.190274 0.344740
0.190391 0.288690
0.190517 0.256469
0.191080 0.443820
0.191123 0.421138
0.191127 0.150940
0.192070 0.225695
0.192306 0.228353
0.193210 0.168331
0.193817 0.240644
0.194158 0.182397
0.194659 0.214116
0.196170 0.036164
0.197059 0.109565
0.197968 0.145432
0.198299 0.186985
0.200749 0.327877
0.200902 0.048172
0.202256 0.217027
0.202580 0.212081
0.202764 0.109298
0.203719 0.412551
0.206030 0.167150
0.207754 0.387362
0.209431 0.452488
0.210348 0.133751
0.210623 0.199674
0.211283 0.190282
0.212248 0.187651
0.213739 0.303745
0.214000 0.168982
0.214307 0.321974
0.214761 0.257385
0.215136 0.302358
0.219995 0.253446
0.221027 0.175325
0.222093 0.240457
0.223876 0.136554
0.228780 0.318542
0.228927 0.287466
0.229223 0.169084
0.229241 0.153758
0.229411 0.083653
0.231522 0.131843
0.231843 0.158947
0.231879 0.113018
0.232022 0.184715
0.232358 0.263192
0.232400 0.103752
0.232839 0.240389
0.233143 0.335937
0.234413 0.227811
0.234471 0.249170
0.234920 0.156180
0.234921 0.343153
0.235935 0.246432
0.236506 0.243892
0.236965 0.227475
0.237585 0.215519
0.237740 0.482484
0.237752 0.213903
0.238716 0.121334
0.239968 0.297610
0.240208 0.155706
0.242090 0.239411
0.244008 0.180957
0.244219 0.336307
0.244357 0.429084
0.245419 0.144300
0.245839 0.191077
0.248020 0.270245
0.248430 0.252585
0.248566 0.184283
0.248586 0.178397
0.248909 0.400130
0.249799 0.404843
0.249849 0.281116
0.250323 0.420722
0.250461 0.219105
0.250507 0.271406
0.251229 0.189926
0.252434 0.210519
0.252578 0.122487
0.253589 0.167953
0.254204 0.076258
0.254703 0.281374
0.254708 0.287003
0.255279 0.274577
0.255536 0.117091
0.256399 0.380069
0.256484 0.114756
0.256802 0.223140
0.258357 0.274291
0.261293 0.345122
0.263408 0.209155
0.265004 0.074659
0.265760 0.163758
0.267629 0.392516
0.267994 0.143174
0.268105 0.254293
0.268700 0.213027
0.269658 0.126660
0.269961 0.284597
0.270045 0.499785
0.270115 0.291635
0.270559 0.170957
0.271069 0.315406
0.271354 0.139356
0.272762 0.177797
0.273479 0.275568
0.273756 0.296258
0.273971 0.282840
0.274287 0.182862
0.275274 0.337426
0.276438 0.312204
0.277865 0.167376
0.277925 0.401176
0.278315 0.407503
0.279383 0.106930
0.280436 0.240098
0.280797 0.390848
0.282869 0.307368
0.282884 0.146873
0.282955 0.128540
0.284688 0.201964
0.284821 0.165044
0.285527 0.233601
0.289539 0.252226
0.291642 0.225860
0.292766 0.356408
0.296843 0.237595
0.296878 0.192019
0.298271 0.243575
0.298599 0.407930
0.299042 0.343263
0.299932 0.110156
0.300886 0.268542
0.301137 0.322316
0.301304 0.267081
0.301933 0.439790
0.302870 0.208663
0.303577 0.124739
0.305127 0.116491
0.305829 0.259319
0.306022 0.294610
0.306201 0.343985
0.306204 0.108551
0.306440 0.319591
0.306974 0.254202
0.307492 0.171740
0.310434 0.155040
0.311551 0.226973
0.311603 0.138000
0.312584 0.371804
0.313168 0.221892
0.313944 0.096342
0.315194 0.128622
0.316150 0.465987
0.316520 0.479634
0.317862 0.103213
0.318246 0.207885
0.319025 0.331545
0.319798 0.094030
0.323604 0.299497
0.323708 0.291277
0.327941 0.228198
0.329343 0.157822
0.329476 0.254737
0.329786 0.315213
0.330723 0.260138
0.331958 0.380785
0.334158 0.220325
0.335423 0.277632
0.335847 0.181085
0.336748 0.486836
0.337134 0.165663
0.337489 0.189373
0.337983 0.229827
0.339737 0.223614
0.339945 0.270027
0.340299 0.184684
0.340817 0.415507
0.341006 0.263446
0.341725 0.215153
0.342240 0.268356
0.342384 0.372093
0.342470 0.203793
0.344048 0.281948
0.345043 0.336757
0.345905 0.458632
0.346664 0.171363
0.347093 0.470451
0.348756 0.213297
0.349915 0.528619
0.352229 0.184649
0.354480 0.176246
0.354620 0.300820
0.357260 0.418082
0.358971 0.204649
0.359498 0.301874
0.359543 0.240075
0.360509 0.243375
0.360996 0.284192
0.362674 0.157193
0.362920 0.469412
0.364637 0.208434
0.365465 0.297142
0.366544 0.341242
0.366791 0.340806
0.367878 0.288709
0.368288 0.353139
0.368528 0.225832
0.369340 0.267650
0.371778 0.386291
0.372877 0.310763
0.372936 0.495817
0.373088 0.366424
0.373313 0.508636
0.373568 0.128633
0.375116 0.182963
0.375283 0.523025
0.375529 0.243751
0.377056 0.274381
0.377856 0.196886
0.377866 0.295603
0.378010 0.376597
0.378346 0.326384
0.379903 0.295939
0.380185 0.194131
0.380974 0.431346
0.382370 0.285021
0.382687 0.338143
0.382803 0.468834
0.385731 0.294672
0.386067 0.287267
0.386475 0.188450
0.387105 0.366245
0.390578 0.225036
0.390626 0.186261
0.391213 0.315623
0.391543 0.363833
0.393451 0.260990
0.394074 0.275510
0.394680 0.530879
0.394936 0.320313
0.395357 0.249499
0.399317 0.615190
0.399754 0.242047
0.402315 0.313025
0.402558 0.261664
0.404783 0.364750
0.405890 0.532841
0.407164 0.211533
0.407649 0.171783
0.407841 0.223745
0.408429 0.359421
0.409722 0.402716
0.410537 0.328686
0.412121 0.483411
0.413137 0.259853
0.415300 0.443460
0.416168 0.530394
0.419724 0.568720
0.420027 0.467803
0.420366 0.463053
0.420798 0.231715
0.420999 0.318940
0.423694 0.400913
0.425672 0.241742
0.427083 0.418638
0.427989 0.503709
0.428117 0.365759
0.430895 0.415502
0.431672 0.806979
0.431826 0.399676
0.433054 0.498743
0.433727 0.379698
0.434304 0.353403
0.436190 0.235898
0.436757 0.411206
0.442617 0.220005
0.442709 0.271458
0.443364 0.300866
0.443375 0.360290
0.444165 0.800422
0.444807 0.302013
0.445690 0.501270
0.446122 0.325040
0.446325 0.478035
0.446865 0.324574
0.451101 0.313876
0.451292 0.295590
0.453485 0.473592
0.454759 0.385337
0.455362 0.335629
0.456849 0.595545
0.459114 0.478725
0.460945 0.217150
0.461152 0.332851
0.465354 0.427861
0.466269 0.578160
0.466546 0.354966
0.467096 0.394150
0.468886 0.462027
0.471155 0.418876
0.476323 0.573001
0.478333 0.501283
0.479020 0.752935
0.479896 0.357580
0.479928 0.273430
0.480628 0.276114
0.480757 0.661223
0.481329 0.361043
0.482154 0.528069
0.482168 0.473444
0.482713 0.630956
0.483485 0.391659
0.485705 0.301588
0.485831 0.499145
0.487409 0.363486
0.490569 0.403744
0.490799 0.582995
0.490801 0.429194
0.491526 0.488004
0.494870 0.587329
0.496649 0.459196
0.497421 0.365810
0.500531 0.391723
0.502372 0.683454
0.504219 0.490938
0.504480 0.347274
0.508290 0.667607
0.511068 0.459689
0.513231 0.294988
0.513243 0.299757
0.513390 0.760319
0.514387 0.456059
0.514954 0.724890
0.515055 0.502930
0.515506 0.593174
0.515776 0.550808
0.515967 0.385945
0.518517 0.484003
0.520745 0.511772
0.523491 0.543484
0.524076 0.473204
0.525157 0.400553
0.526847 0.355560
0.527988 0.368910
0.530038 0.515884
0.531722 0.672871
0.535226 0.651039
0.538302 0.337753
0.541661 0.671516
0.543440 0.563748
0.543485 0.365179
0.543671 0.515137
0.545617 0.417955
0.547464 0.534877
0.554169 0.374144
0.554349 0.632231
0.554634 0.365274
0.556272 0.377706
0.557590 0.582871
0.562599 0.514729
0.565187 0.699281
0.570756 0.734892
0.571007 0.715193
0.574139 0.577094
0.581862 0.373397
0.583881 0.751793
0.584360 0.473863
0.586011 0.441360
0.590769 0.323839
0.593829 0.535670
0.603928 0.379231
0.610636 0.490876
0.610882 0.766628
0.611052 0.500146
0.612681 0.651989
0.615810 0.433720
0.617041 0.483456
0.617294 0.626421
0.619170 0.538088
0.620728 0.542704
0.622254 0.510355
0.622703 0.471881
0.630287 0.530512
0.634201 0.595176
0.637110 0.606216
0.640775 0.561101
0.649175 0.745882
0.660172 0.669576
0.661672 0.718458
0.663315 0.607014
0.664264 0.925752
0.664411 0.712996
0.675592 0.573443
0.677895 0.785038
0.690014 0.468759
0.690051 0.716118
0.696220 0.511189
0.717817 1.000000
0.722149 0.553670
0.722887 0.608771
0.730733 0.749777
0.747747 0.486120
0.785928 0.529171
0.789635 0.705042
0.813728 0.705251
0.826968 0.697632
0.833282 0.797831
0.872331 0.998765
0.876624 0.989993
0.891321 0.810469
1.000000 0.899752
