0.000000 0.000000
0.004415 0.034734
0.008550 0.132075
0.009989 0.092550
0.013308 0.117562
0.015459 0.110457
0.018042 0.152027
0.018387 0.206632
0.023993 0.211319
0.024203 0.193883
0.026842 0.195142
0.030222 0.231065
0.031430 0.241705
0.031824 0.302140
0.033634 0.283755
0.038137 0.273811
0.039141 0.310751
0.040028 0.292195
0.040301 0.268713
0.041415 0.300892
0.041659 0.267690
0.042413 0.328340
0.043154 0.355393
0.045886 0.341034
0.047731 0.370068
0.048611 0.351197
0.048821 0.386003
0.056238 0.366394
0.056754 0.379760
0.058697 0.377317
0.058794 0.402798
0.059356 0.427326
0.060366 0.338463
0.063578 0.350810
0.064877 0.411763
0.066208 0.384058
0.066425 0.431297
0.066848 0.372137
0.066966 0.366248
0.067177 0.433291
0.070547 0.424273
0.071155 0.388518
0.072567 0.388612
0.074100 0.423098
0.075180 0.447028
0.076219 0.410857
0.076349 0.428113
0.076526 0.457740
0.078145 0.444612
0.078579 0.430571
0.079071 0.425682
0.079126 0.424821
0.080086 0.451677
0.081470 0.460290
0.082569 0.445028
0.082880 0.419229
0.083051 0.490923
0.083724 0.510545
0.083729 0.497124
0.083815 0.483233
0.083845 0.455255
0.086242 0.513547
0.086968 0.427773
0.087352 0.485050
0.091150 0.471362
0.091152 0.461498
0.091176 0.460214
0.091340 0.502849
0.093340 0.523670
0.094997 0.478899
0.096700 0.552277
0.096887 0.532918
0.097763 0.507053
0.097864 0.499640
0.098813 0.504806
0.098888 0.463170
0.100284 0.556332
0.101634 0.535961
0.104216 0.566854
0.104733 0.475610
0.107221 0.510447
0.108749 0.530237
0.109035 0.556006
0.109503 0.494457
0.112712 0.522412
0.112751 0.589502
0.116721 0.521059
0.116758 0.521291
0.119001 0.560502
0.120045 0.579635
0.120581 0.556678
0.121482 0.597594
0.122850 0.596416
0.123441 0.589563
0.123829 0.578863
0.123937 0.526312
0.124852 0.533407
0.125814 0.571481
0.125907 0.586474
0.128795 0.538654
0.129510 0.551003
0.130959 0.618878
0.131806 0.571607
0.133582 0.597417
0.134015 0.557576
0.137678 0.621060
0.138289 0.588970
0.139243 0.588794
0.140747 0.627089
0.140949 0.616704
0.140949 0.602634
0.141733 0.592716
0.142387 0.646586
0.142597 0.636261
0.142711 0.641329
0.142747 0.635424
0.143575 0.648105
0.144351 0.625510
0.145467 0.643862
0.146889 0.646078
0.147217 0.597843
0.147290 0.604601
0.147462 0.582944
0.148626 0.610510
0.149300 0.661191
0.149691 0.633078
0.150748 0.651135
0.151890 0.603400
0.154071 0.648132
0.155708 0.631832
0.157094 0.657062
0.157353 0.648938
0.159939 0.682333
0.160388 0.641281
0.160942 0.605328
0.161333 0.600306
0.163202 0.649813
0.165847 0.662966
0.168586 0.650860
0.168646 0.695473
0.169298 0.615926
0.169674 0.666147
0.170855 0.615996
0.171448 0.667509
0.171501 0.615318
0.172403 0.629654
0.172549 0.607511
0.173422 0.676141
0.173435 0.617676
0.173591 0.657256
0.174409 0.698440
0.174619 0.658257
0.174762 0.676104
0.174835 0.659958
0.175197 0.675560
0.175787 0.660864
0.176853 0.697209
0.177602 0.653949
0.177738 0.645965
0.177963 0.669321
0.178263 0.679755
0.178519 0.626091
0.179132 0.704795
0.179275 0.643728
0.184293 0.680756
0.185916 0.702212
0.186846 0.627171
0.187277 0.630343
0.187446 0.669022
0.189383 0.639415
0.189892 0.727422
0.190819 0.693912
0.190871 0.717464
0.191563 0.652607
0.191740 0.640461
0.192238 0.701592
0.192296 0.720680
0.193291 0.725826
0.195288 0.649033
0.195728 0.720531
0.197881 0.685580
0.198393 0.704961
0.199382 0.716981
0.199430 0.733576
0.199861 0.665695
0.200361 0.683143
0.203180 0.734578
0.203520 0.680926
0.204444 0.646808
0.207935 0.651708
0.208099 0.744503
0.208479 0.706346
0.210460 0.655040
0.211801 0.658491
0.211802 0.735416
0.213579 0.723570
0.214086 0.700815
0.216385 0.714019
0.216734 0.743582
0.217713 0.704825
0.219220 0.735556
0.220087 0.734317
0.220273 0.732662
0.222070 0.687064
0.222597 0.763888
0.222637 0.728791
0.223120 0.713433
0.223500 0.684958
0.223766 0.756219
0.224030 0.755280
0.224593 0.752403
0.224818 0.740674
0.225490 0.752971
0.226563 0.688426
0.226784 0.696355
0.226844 0.752911
0.227110 0.686674
0.227675 0.731715
0.227996 0.741886
0.228380 0.735987
0.230483 0.713629
0.231259 0.765614
0.231325 0.716974
0.231730 0.727806
0.231757 0.758864
0.233382 0.773146
0.233826 0.705393
0.233885 0.727488
0.234334 0.683217
0.234916 0.775786
0.234929 0.704950
0.236047 0.702757
0.236735 0.697940
0.237178 0.743466
0.237404 0.750204
0.238050 0.701607
0.238318 0.691664
0.240728 0.757990
0.241059 0.767380
0.241723 0.710293
0.242588 0.707907
0.242804 0.730713
0.243034 0.754252
0.243142 0.782336
0.245505 0.762485
0.245578 0.758725
0.246149 0.744729
0.246213 0.785651
0.246960 0.745870
0.249884 0.703056
0.252107 0.701766
0.252329 0.720031
0.252647 0.699577
0.254493 0.715759
0.254810 0.726179
0.255385 0.744398
0.255499 0.748646
0.255955 0.753818
0.258100 0.779226
0.259560 0.728894
0.259565 0.723528
0.260001 0.777819
0.260100 0.779706
0.260831 0.742211
0.263357 0.712821
0.264576 0.710726
0.266524 0.739562
0.267737 0.742586
0.269357 0.809507
0.269591 0.772637
0.269605 0.773557
0.269847 0.712491
0.270090 0.744762
0.270500 0.715449
0.271396 0.800895
0.272059 0.782163
0.272476 0.714210
0.273059 0.757299
0.274720 0.732998
0.274762 0.760176
0.274809 0.767058
0.274860 0.717050
0.274914 0.754043
0.276242 0.762442
0.277389 0.726016
0.279330 0.790964
0.279746 0.783229
0.279751 0.800244
0.280158 0.799966
0.281483 0.764144
0.281693 0.721935
0.282973 0.755612
0.285355 0.795559
0.287125 0.807861
0.287579 0.803413
0.287743 0.804183
0.288988 0.818356
0.289091 0.792412
0.289097 0.799828
0.290034 0.763859
0.290319 0.784631
0.292810 0.731692
0.295983 0.778220
0.296185 0.829632
0.296397 0.741277
0.296567 0.774344
0.297117 0.805666
0.298120 0.754849
0.298253 0.827084
0.298615 0.827009
0.298650 0.816298
0.299171 0.748564
0.300312 0.785330
0.301758 0.823827
0.302240 0.809608
0.303029 0.757220
0.303541 0.772744
0.304983 0.834417
0.305578 0.827400
0.305766 0.822235
0.305908 0.813240
0.306351 0.747128
0.306407 0.836395
0.308157 0.753125
0.308456 0.750110
0.308847 0.771319
0.308970 0.778423
0.310227 0.754391
0.311765 0.801995
0.311837 0.810933
0.312125 0.772624
0.312536 0.833630
0.312974 0.747514
0.314962 0.838907
0.315741 0.749405
0.317454 0.830032
0.319091 0.819125
0.320998 0.768216
0.321803 0.818329
0.322002 0.812157
0.322056 0.839874
0.322350 0.794980
0.324530 0.782096
0.325027 0.791604
0.326515 0.821630
0.326548 0.849696
0.326898 0.831071
0.328719 0.769437
0.328794 0.772833
0.329065 0.785089
0.330029 0.814173
0.330536 0.813682
0.331265 0.797230
0.332429 0.814695
0.332912 0.784551
0.333016 0.780373
0.333254 0.844907
0.334635 0.779313
0.334756 0.790034
0.334798 0.794882
0.335379 0.782319
0.335930 0.829376
0.337891 0.810414
0.338512 0.823990
0.338932 0.773937
0.339748 0.774497
0.340142 0.844233
0.340158 0.792537
0.340968 0.809410
0.341179 0.847652
0.341271 0.816184
0.341281 0.800400
0.342112 0.847184
0.342242 0.852590
0.342993 0.812668
0.342997 0.805651
0.344022 0.783134
0.344165 0.804821
0.344312 0.781155
0.344593 0.782245
0.345166 0.792774
0.345552 0.826760
0.346935 0.784809
0.347359 0.848476
0.347630 0.791520
0.348807 0.775480
0.350541 0.833675
0.350792 0.781813
0.351259 0.815533
0.353535 0.853669
0.353662 0.831341
0.354230 0.863499
0.356786 0.801966
0.357548 0.821391
0.357686 0.851582
0.357818 0.779057
0.360015 0.794203
0.360319 0.836990
0.360889 0.862519
0.362228 0.836578
0.362588 0.795715
0.362741 0.833703
0.362819 0.800095
0.362839 0.792539
0.364238 0.834387
0.365829 0.839284
0.365929 0.796433
0.366195 0.808652
0.366843 0.812906
0.366957 0.869148
0.367498 0.832876
0.368868 0.827763
0.370639 0.872833
0.370731 0.809403
0.370882 0.824675
0.371023 0.873873
0.373653 0.811418
0.374350 0.821893
0.375025 0.827425
0.376417 0.860336
0.376434 0.833019
0.377203 0.800382
0.377702 0.794560
0.379612 0.867399
0.382018 0.793491
0.382340 0.862243
0.383479 0.865535
0.384500 0.881589
0.384749 0.786442
0.385505 0.785790
0.385899 0.821154
0.385969 0.788907
0.386387 0.871413
0.387204 0.826932
0.388556 0.851947
0.391481 0.857995
0.393789 0.816943
0.395420 0.839205
0.396061 0.791098
0.396108 0.858881
0.397971 0.879268
0.398880 0.876417
0.399109 0.857922
0.400417 0.865659
0.400553 0.825170
0.401866 0.858492
0.402173 0.866478
0.402914 0.857937
0.403267 0.851977
0.403709 0.845271
0.404591 0.847095
0.407330 0.850990
0.410867 0.875277
0.411079 0.817311
0.412425 0.868721
0.413355 0.844054
0.414653 0.859996
0.415871 0.889609
0.415942 0.854753
0.417101 0.868440
0.418026 0.816494
0.419506 0.840668
0.419742 0.849447
0.421355 0.824612
0.421438 0.870995
0.422427 0.854689
0.424884 0.846954
0.425122 0.872210
0.427781 0.902166
0.428422 0.811813
0.428504 0.901951
0.428716 0.894378
0.432775 0.848011
0.433866 0.821088
0.438972 0.865192
0.441310 0.894794
0.445404 0.835268
0.445775 0.859412
0.446835 0.854746
0.447562 0.880600
0.448331 0.908549
0.450135 0.872112
0.450546 0.907118
0.450622 0.835864
0.453495 0.821087
0.457552 0.841588
0.459369 0.914416
0.461033 0.842134
0.461313 0.861530
0.461626 0.845778
0.461922 0.865890
0.464266 0.873951
0.464604 0.880234
0.465965 0.823922
0.466302 0.877780
0.471243 0.857105
0.471626 0.881912
0.475514 0.864258
0.475658 0.827977
0.475857 0.877785
0.475988 0.836412
0.480063 0.881796
0.482543 0.890333
0.483592 0.868134
0.486002 0.866811
0.487394 0.869601
0.487587 0.888868
0.487753 0.839424
0.487975 0.842658
0.488800 0.875585
0.491060 0.890219
0.492997 0.873326
0.494082 0.870153
0.494492 0.916099
0.497669 0.900259
0.498249 0.894145
0.498479 0.923148
0.499583 0.916503
0.501701 0.832502
0.501977 0.884080
0.502496 0.915578
0.504120 0.922220
0.504621 0.882451
0.504862 0.839801
0.507631 0.849965
0.508270 0.889483
0.508765 0.868423
0.509336 0.889878
0.509882 0.896591
0.509983 0.887157
0.511078 0.862535
0.523951 0.859829
0.526713 0.927139
0.528484 0.935992
0.531485 0.842938
0.535442 0.927182
0.535753 0.850776
0.536290 0.875523
0.536777 0.919984
0.537348 0.842875
0.537496 0.923990
0.538833 0.861446
0.539118 0.893820
0.541666 0.842457
0.551833 0.885605
0.554359 0.922703
0.557870 0.857307
0.558097 0.885633
0.559009 0.929520
0.566061 0.872372
0.573148 0.889759
0.573531 0.904100
0.575465 0.855651
0.580688 0.855451
0.581351 0.914696
0.582585 0.901273
0.583139 0.923576
0.584373 0.917891
0.590710 0.902064
0.600101 0.893015
0.600799 0.907381
0.603156 0.907600
0.605525 0.886274
0.607104 0.862541
0.610006 0.949682
0.611400 0.874559
0.612078 0.949241
0.612977 0.942671
0.617729 0.866584
0.619947 0.876778
0.620628 0.946425
0.621598 0.890557
0.622140 0.893297
0.624261 0.884537
0.629778 0.907774
0.630513 0.889622
0.631122 0.899860
0.631557 0.865249
0.633564 0.896576
0.633946 0.899168
0.635241 0.938688
0.643116 0.896443
0.644357 0.959484
0.644955 0.867899
0.652513 0.909911
0.652539 0.897507
0.654832 0.947870
0.661743 0.886064
0.663009 0.954266
0.665927 0.947648
0.667337 0.905651
0.679551 0.907877
0.685148 0.925983
0.690758 0.910786
0.692227 0.947983
0.695647 0.929062
0.699360 0.908781
0.702521 0.947990
0.707287 0.931524
0.717832 0.904992
0.740637 0.893831
0.756805 0.956155
0.772697 0.933760
0.781579 0.976529
0.782713 0.941607
0.796607 0.908848
0.803140 0.966552
0.804983 0.989159
0.823065 0.970494
0.831976 0.985734
0.865441 0.903402
0.872415 0.921536
0.887161 1.000000
0.909612 0.977630
0.932196 0.928805
0.934546 0.987719
1.000000 0.952382
