0.000000 0.501483
0.001652 0.356878
0.015456 0.583846
0.022542 0.393918
0.023396 0.564181
0.032007 0.313626
0.046683 0.365351
0.046928 0.498484
0.049095 0.420931
0.051517 0.630062
0.072474 0.451680
0.075576 0.762308
0.075716 0.236287
0.083326 0.401468
0.091392 0.271320
0.099589 0.595914
0.100665 0.293322
0.102264 0.443203
0.104902 0.375612
0.109173 0.896865
0.120601 0.484285
0.127724 0.469390
0.133956 0.196757
0.138235 0.441451
0.143212 0.423864
0.149148 0.585880
0.155920 0.732862
0.159197 0.476057
0.166215 0.324684
0.166467 0.214093
0.171750 0.831657
0.174524 0.353942
0.176148 0.210586
0.177704 0.485958
0.179475 0.426246
0.182124 0.467334
0.184784 1.000000
0.185019 0.651291
0.187755 0.521847
0.191366 0.766996
0.192278 0.505360
0.196565 0.692952
0.197897 0.322305
0.198968 0.255759
0.199694 0.344958
0.202075 0.377491
0.202106 0.304545
0.206829 0.239999
0.207468 0.575294
0.208176 0.400969
0.224234 0.722227
0.230823 0.234225
0.231187 0.359050
0.232700 0.247314
0.232720 0.267871
0.235395 0.816065
0.238246 0.445647
0.242448 0.884688
0.242893 0.445979
0.247187 0.311951
0.256035 0.130827
0.258803 0.312527
0.262461 0.283794
0.265281 0.306416
0.268863 0.406979
0.271712 0.441025
0.278035 0.477052
0.279295 0.385199
0.282769 0.306238
0.287027 0.552695
0.288403 0.358095
0.290799 0.681415
0.294124 0.232101
0.294848 0.383999
0.296273 0.552715
0.301274 0.320289
0.302708 0.529619
0.304056 0.784355
0.306544 0.242478
0.307093 0.552627
0.309602 0.517038
0.312507 0.386668
0.313170 0.366124
0.314235 0.389209
0.328514 0.000000
0.329257 0.328605
0.334376 0.426494
0.342585 0.248937
0.345527 0.224057
0.345593 0.436653
0.348437 0.277847
0.350593 0.222940
0.352466 0.368845
0.353166 0.409488
0.357886 0.585688
0.366655 0.705945
0.367491 0.456527
0.367740 0.322483
0.371081 0.423251
0.372664 0.372327
0.377075 0.372385
0.379349 0.231008
0.382044 0.561672
0.385268 0.442285
0.387180 0.246792
0.400648 0.348056
0.402827 0.643372
0.405278 0.222754
0.412119 0.421197
0.421624 0.345473
0.423806 0.537896
0.430700 0.174339
0.434103 0.362707
0.441599 0.515799
0.443132 0.416864
0.453368 0.319085
0.460473 0.401375
0.461262 0.373812
0.472989 0.427405
0.480827 0.237068
0.489109 0.402920
0.497462 0.346112
0.503536 0.324968
0.507048 0.310364
0.507988 0.297423
0.508532 0.314399
0.514215 0.403667
0.517118 0.364698
0.532175 0.397511
0.541105 0.297763
0.550581 0.378707
0.561379 0.193975
0.563799 0.317011
0.573031 0.251160
0.574921 0.336951
0.583176 0.296861
0.588335 0.329776
0.588549 0.205945
0.594465 0.451256
0.597645 0.415405
0.618143 0.356111
0.618953 0.224544
0.621634 0.292583
0.624629 0.345753
0.640497 0.294596
0.740880 0.417263
0.752600 0.251839
0.856839 0.463768
0.930691 0.360697
1.000000 0.227249
