0.000000 0.029291
0.043707 0.056031
0.074529 0.000000
0.085593 0.078056
0.104211 0.019213
0.110186 0.011676
0.117736 0.075458
0.119150 0.112372
0.123802 0.094931
0.127971 0.018233
0.128383 0.179948
0.131576 0.051654
0.140557 0.110813
0.143742 0.106862
0.151654 0.068164
0.153836 0.253716
0.157910 0.078268
0.159932 0.118536
0.160258 0.247749
0.177411 0.074557
0.177746 0.145224
0.185830 0.119981
0.187547 0.151308
0.188771 0.048129
0.191937 0.075142
0.193433 0.090942
0.197919 0.097800
0.203620 0.095972
0.206270 0.081747
0.208070 0.116583
0.210381 0.103689
0.211223 0.140827
0.211728 0.278529
0.212783 0.231207
0.217959 0.092053
0.221524 0.196760
0.226931 0.173254
0.229163 0.236990
0.229854 0.112338
0.229946 0.077532
0.231086 0.127995
0.231922 0.082649
0.233298 0.210249
0.236801 0.163302
0.236822 0.067056
0.237786 0.279745
0.240123 0.107775
0.242032 0.109423
0.242520 0.119707
0.243389 0.257004
0.245686 0.199752
0.250560 0.139840
0.250704 0.097718
0.251771 0.279100
0.254535 0.076824
0.256344 0.167900
0.256546 0.158207
0.256680 0.183921
0.257339 0.155588
0.259454 0.135801
0.262335 0.069943
0.263020 0.110523
0.263821 0.110073
0.263838 0.261815
0.264391 0.107393
0.264997 0.215299
0.266347 0.097707
0.269299 0.213709
0.270091 0.129067
0.270757 0.096819
0.271984 0.255904
0.272929 0.247845
0.273260 0.149923
0.274945 0.224383
0.275362 0.135166
0.276392 0.188619
0.278867 0.112988
0.281668 0.129176
0.282237 0.095293
0.283000 0.168064
0.283700 0.246294
0.285320 0.300217
0.285636 0.262963
0.286011 0.218950
0.286937 0.167578
0.287185 0.213587
0.287593 0.178317
0.288458 0.105876
0.289479 0.202299
0.290180 0.363361
0.291305 0.237975
0.291465 0.199651
0.291758 0.220541
0.292344 0.105327
0.292516 0.173345
0.292569 0.137877
0.293336 0.211137
0.294058 0.098928
0.296110 0.139511
0.296620 0.190880
0.296966 0.228589
0.298708 0.175373
0.298722 0.147583
0.298959 0.188465
0.299152 0.178507
0.300866 0.193588
0.302071 0.207564
0.303116 0.194256
0.306207 0.182682
0.307902 0.166790
0.309645 0.235507
0.309958 0.252591
0.311285 0.375994
0.311673 0.343062
0.315866 0.271152
0.316062 0.265357
0.316859 0.117365
0.317304 0.294073
0.318337 0.117353
0.319077 0.365090
0.319376 0.218306
0.320243 0.185476
0.322399 0.193643
0.322647 0.150324
0.323783 0.229272
0.324651 0.256043
0.325201 0.206279
0.327756 0.102901
0.327941 0.190122
0.328454 0.286235
0.328747 0.141108
0.330159 0.191124
0.331071 0.255864
0.331874 0.155202
0.332302 0.307354
0.334654 0.185812
0.335011 0.173100
0.335721 0.224300
0.335917 0.147966
0.336062 0.146832
0.336749 0.183753
0.338764 0.258182
0.339088 0.171998
0.339276 0.358822
0.340862 0.346887
0.342701 0.249931
0.343725 0.254575
0.344140 0.215112
0.346138 0.232945
0.346385 0.256965
0.347882 0.255400
0.350564 0.286608
0.354036 0.204184
0.354953 0.251766
0.355502 0.284525
0.355557 0.197836
0.357280 0.184520
0.357647 0.237309
0.357714 0.354752
0.357826 0.163106
0.359242 0.305543
0.359822 0.138732
0.360089 0.464387
0.360593 0.156156
0.361645 0.240052
0.361769 0.263713
0.361983 0.169510
0.362119 0.274847
0.363071 0.305195
0.364436 0.292161
0.365950 0.236622
0.366478 0.203149
0.367495 0.282828
0.368309 0.205297
0.368988 0.177533
0.369002 0.294731
0.371175 0.276734
0.371564 0.316014
0.375003 0.342534
0.375562 0.153913
0.378839 0.263696
0.379432 0.318852
0.380442 0.243668
0.380834 0.214725
0.381269 0.251280
0.381622 0.155829
0.381808 0.261224
0.381826 0.291378
0.381863 0.327832
0.382027 0.231984
0.382417 0.352147
0.382765 0.225067
0.382844 0.225178
0.382977 0.349654
0.383892 0.217689
0.384041 0.316560
0.384354 0.273762
0.384452 0.275349
0.385114 0.263976
0.385215 0.313860
0.386488 0.304768
0.387322 0.302073
0.390229 0.368312
0.390458 0.232682
0.391520 0.268103
0.391534 0.234890
0.391625 0.276348
0.391976 0.227980
0.392269 0.264395
0.392481 0.283274
0.395248 0.458928
0.396404 0.288345
0.396459 0.181716
0.396525 0.159894
0.396916 0.342850
0.397120 0.246746
0.397307 0.317393
0.397698 0.282943
0.397755 0.320819
0.399867 0.260198
0.401231 0.282468
0.402618 0.332348
0.403166 0.242660
0.404900 0.396853
0.404946 0.152915
0.405054 0.305261
0.405611 0.285980
0.407806 0.210207
0.410981 0.279708
0.413220 0.171732
0.415149 0.227938
0.415873 0.461021
0.416422 0.314374
0.417087 0.300891
0.417295 0.322311
0.417452 0.336993
0.417691 0.352232
0.418365 0.239795
0.418656 0.197456
0.420377 0.271312
0.422163 0.323993
0.422267 0.245774
0.424448 0.253124
0.425408 0.348713
0.425799 0.402402
0.425955 0.334377
0.427052 0.218212
0.427358 0.266809
0.427368 0.292584
0.427574 0.245014
0.427607 0.273786
0.427664 0.213277
0.427854 0.340687
0.428061 0.381120
0.428794 0.381584
0.432757 0.229889
0.433195 0.407655
0.434471 0.194924
0.437090 0.307853
0.437579 0.341942
0.437607 0.355997
0.437879 0.345063
0.439361 0.174622
0.442035 0.212913
0.442298 0.321896
0.444164 0.228938
0.444419 0.296455
0.444498 0.254652
0.444651 0.196081
0.444708 0.268051
0.444929 0.372632
0.445212 0.491727
0.445361 0.200754
0.445805 0.470208
0.447201 0.303945
0.447765 0.191864
0.447828 0.236195
0.449058 0.454254
0.451488 0.291003
0.451906 0.369133
0.451984 0.262947
0.453111 0.428829
0.455622 0.303289
0.456488 0.306152
0.457206 0.387804
0.457871 0.309546
0.457919 0.244763
0.459884 0.382168
0.460347 0.299289
0.460947 0.369852
0.462728 0.203038
0.464748 0.334702
0.465008 0.386425
0.465205 0.371963
0.466661 0.326835
0.467480 0.356746
0.468336 0.520823
0.468621 0.272684
0.468936 0.268710
0.469332 0.332396
0.469355 0.324226
0.470069 0.255984
0.472394 0.315885
0.472492 0.269768
0.472518 0.491726
0.472766 0.237494
0.472808 0.333217
0.474713 0.326428
0.475165 0.283391
0.475341 0.213237
0.476485 0.335186
0.476852 0.320067
0.477084 0.329676
0.477277 0.461771
0.477956 0.260273
0.478330 0.358517
0.478982 0.248857
0.479965 0.223835
0.479987 0.417180
0.480073 0.399972
0.480671 0.270859
0.482987 0.304274
0.486068 0.298789
0.486216 0.300490
0.486248 0.378453
0.486643 0.595635
0.487479 0.279603
0.487606 0.344858
0.487614 0.380947
0.488779 0.551045
0.489686 0.228922
0.490824 0.422970
0.491299 0.410355
0.491892 0.363788
0.491917 0.248952
0.492806 0.340598
0.493317 0.438148
0.493500 0.300862
0.495917 0.426615
0.495917 0.333611
0.496591 0.432900
0.496738 0.300951
0.497001 0.434448
0.497432 0.566196
0.498188 0.357784
0.498399 0.367856
0.499126 0.299429
0.499248 0.387406
0.500169 0.306195
0.500504 0.253522
0.500567 0.351424
0.500939 0.450210
0.503635 0.344836
0.503742 0.337521
0.504336 0.478671
0.504699 0.366558
0.507955 0.484270
0.508144 0.441904
0.509370 0.412300
0.509673 0.278687
0.510159 0.301377
0.510702 0.389955
0.513335 0.404353
0.513639 0.318497
0.514227 0.349534
0.515184 0.407458
0.515925 0.398138
0.516205 0.438437
0.516493 0.287340
0.517062 0.373408
0.517710 0.320287
0.517822 0.427650
0.518354 0.306161
0.519170 0.525288
0.519941 0.310763
0.520873 0.230418
0.521480 0.405968
0.521980 0.269391
0.522596 0.300443
0.523318 0.350350
0.524689 0.395818
0.525003 0.357208
0.525635 0.391151
0.526487 0.426955
0.527132 0.419766
0.527859 0.351060
0.528716 0.298663
0.531799 0.357153
0.531990 0.238681
0.532521 0.346949
0.532860 0.513995
0.532978 0.448404
0.533048 0.380862
0.533505 0.558277
0.533617 0.356200
0.535773 0.298249
0.535822 0.478076
0.535992 0.405384
0.537155 0.398185
0.537596 0.470389
0.537655 0.422832
0.538679 0.452742
0.540177 0.382332
0.542168 0.380966
0.543185 0.311070
0.544086 0.400926
0.545144 0.384969
0.545545 0.361750
0.546937 0.279822
0.547738 0.314362
0.549328 0.561376
0.550316 0.496893
0.551915 0.476445
0.552449 0.397202
0.552705 0.421801
0.554383 0.398429
0.555663 0.310188
0.555748 0.495956
0.555808 0.404452
0.555907 0.421321
0.555964 0.350173
0.557430 0.472646
0.557469 0.305328
0.557549 0.452235
0.557692 0.487149
0.557860 0.281904
0.558692 0.461881
0.558708 0.469230
0.559866 0.570685
0.560072 0.371343
0.561369 0.367124
0.561411 0.280468
0.563656 0.402035
0.563833 0.441193
0.564997 0.419393
0.565348 0.429269
0.566040 0.402369
0.568011 0.280436
0.568891 0.531345
0.569370 0.546540
0.569670 0.462849
0.571284 0.381483
0.571484 0.441158
0.573117 0.519350
0.573442 0.257987
0.573711 0.399685
0.573815 0.384313
0.574220 0.297412
0.575668 0.389822
0.577553 0.484886
0.578568 0.439451
0.580034 0.390503
0.580470 0.306044
0.580552 0.348578
0.580618 0.350766
0.580669 0.475030
0.582762 0.611162
0.583702 0.531600
0.584121 0.456358
0.584586 0.409404
0.586383 0.518947
0.588379 0.461574
0.589189 0.314577
0.589547 0.370343
0.591521 0.406371
0.591641 0.419088
0.591736 0.429223
0.591943 0.308682
0.592017 0.367717
0.592407 0.270900
0.592584 0.408875
0.593253 0.414956
0.594777 0.445780
0.595425 0.441162
0.597143 0.488659
0.598603 0.363855
0.601374 0.408014
0.601393 0.520144
0.601501 0.304302
0.602000 0.454767
0.602556 0.293443
0.604403 0.349872
0.605033 0.381355
0.605033 0.495757
0.605181 0.353879
0.605225 0.375951
0.606347 0.448619
0.606541 0.471384
0.606780 0.524697
0.606851 0.417082
0.607053 0.352605
0.608396 0.611587
0.609319 0.288742
0.610108 0.338240
0.610823 0.368252
0.610964 0.309899
0.616767 0.492245
0.617404 0.527424
0.618988 0.353675
0.619306 0.523456
0.619468 0.450438
0.621412 0.565921
0.621855 0.441501
0.622319 0.451104
0.625075 0.425500
0.626793 0.467142
0.627056 0.344551
0.627500 0.411102
0.628033 0.467812
0.628658 0.374097
0.628719 0.388490
0.629733 0.320026
0.633273 0.528304
0.633664 0.414075
0.635018 0.521118
0.636111 0.451781
0.638502 0.524256
0.640745 0.361455
0.640847 0.359126
0.641252 0.563056
0.641272 0.491695
0.644002 0.506924
0.647648 0.534299
0.648788 0.328606
0.651205 0.368902
0.652288 0.382023
0.654398 0.394129
0.654851 0.517652
0.656636 0.719197
0.656903 0.538879
0.657664 0.527593
0.662344 0.346383
0.662624 0.327622
0.663002 0.442466
0.663832 0.437447
0.665465 0.513578
0.667200 0.570342
0.667317 0.696316
0.671277 0.336029
0.671358 0.502141
0.673066 0.418640
0.673465 0.377121
0.677095 0.521167
0.680839 0.414166
0.686420 0.498397
0.688217 0.701292
0.689752 0.521118
0.694709 0.484817
0.694928 0.537763
0.696446 0.476830
0.696736 0.532948
0.700808 0.560651
0.703179 0.370612
0.703368 0.576747
0.706185 0.513348
0.713371 0.424312
0.713841 0.561650
0.714574 0.419334
0.719054 0.385966
0.721592 0.489145
0.721992 0.448127
0.723366 0.485644
0.724372 0.686399
0.724405 0.688128
0.727097 0.566818
0.748945 0.544497
0.755774 0.512247
0.763396 0.686063
0.768040 0.658182
0.773412 0.679161
0.786561 0.516759
0.787228 0.432495
0.791365 0.604893
0.792959 0.693482
0.794838 0.686092
0.795714 0.419312
0.806177 0.592879
0.810198 0.630653
0.830353 0.468886
0.834308 0.599103
0.839694 0.726675
0.842562 0.667793
0.849176 0.524015
0.850166 0.798425
0.872065 0.689241
0.877319 0.585993
0.902519 0.601353
0.937862 0.538863
0.952670 1.000000
0.956011 0.603787
1.000000 0.913798
