0.000000 0.902185
0.048577 0.902965
0.132697 0.727628
0.152349 0.832321
0.172024 0.651365
0.178790 0.588892
0.185435 0.572799
0.185627 0.907331
0.192824 0.856346
0.197075 0.905448
0.204642 0.898887
0.214963 0.836501
0.221253 0.862931
0.224298 0.754331
0.228207 0.819614
0.233277 0.876440
0.241444 0.914529
0.244728 0.699295
0.247624 0.901210
0.264071 0.739677
0.265765 0.581473
0.268527 0.893619
0.271051 0.791045
0.271698 0.925512
0.274631 1.000000
0.279107 0.766037
0.282965 0.782374
0.283505 0.589279
0.291100 0.831080
0.291794 0.704803
0.303440 0.874617
0.304038 0.363582
0.305002 0.621863
0.318309 0.977093
0.320692 0.705334
0.326615 0.925702
0.327380 0.927533
0.335691 0.833732
0.336821 0.696295
0.336835 0.680873
0.338156 0.750118
0.346761 0.744694
0.352757 0.820263
0.367969 0.696287
0.369488 0.757852
0.377290 0.857318
0.380135 0.674547
0.386894 0.669794
0.393040 0.785576
0.398459 0.844258
0.399897 0.544495
0.400465 0.621767
0.401636 0.483225
0.403957 0.758118
0.411600 0.740387
0.413430 0.866063
0.420187 0.495002
0.421074 0.643005
0.429545 0.929343
0.430925 0.649637
0.433812 0.632877
0.435228 0.845723
0.435951 0.709904
0.435955 0.314755
0.439421 0.625969
0.442811 0.834316
0.444096 0.708618
0.448027 0.778785
0.451101 0.775791
0.452954 0.470568
0.457135 0.801695
0.457409 0.721619
0.458134 0.885917
0.461741 0.764219
0.463079 0.731335
0.465201 0.726580
0.465815 0.605206
0.477445 0.688083
0.478651 0.716029
0.481698 0.938132
0.481960 0.661620
0.482835 0.531841
0.483620 0.587497
0.488089 0.527440
0.491909 0.773528
0.492281 0.632054
0.494322 0.801749
0.494911 0.874240
0.496932 0.790729
0.497389 0.600791
0.498133 0.744871
0.500817 0.652860
0.501517 0.923654
0.501520 0.978697
0.503457 0.850712
0.503962 0.398922
0.504410 0.807404
0.506885 0.800239
0.510322 0.596167
0.515162 0.708129
0.521938 0.832203
0.523563 0.658421
0.525241 0.789134
0.537279 0.540690
0.538308 0.679362
0.544506 0.347449
0.544545 0.751989
0.547421 0.839725
0.549569 0.562804
0.553501 0.686090
0.556421 0.502395
0.559328 0.485521
0.560597 0.740769
0.562003 0.780170
0.568823 0.470730
0.570944 0.720754
0.572494 0.831530
0.576168 0.490585
0.578304 0.637292
0.578941 0.663279
0.580138 0.612765
0.581113 0.920369
0.583553 0.585267
0.587678 0.888425
0.596541 0.650557
0.599294 0.587671
0.600319 0.583819
0.602162 0.772087
0.604158 0.674430
0.604773 0.685660
0.608324 0.421109
0.615075 0.773169
0.615845 0.561262
0.616198 0.608872
0.616499 0.888252
0.621274 0.914879
0.626528 0.806393
0.631052 0.729846
0.631773 0.396151
0.638416 0.508902
0.639314 0.626135
0.641365 0.780118
0.644858 0.721093
0.651002 0.868101
0.657595 0.626400
0.659096 0.909172
0.659152 0.578461
0.662146 0.377642
0.669611 0.648013
0.677062 0.730564
0.688090 0.456228
0.699206 0.670639
0.700064 0.721841
0.706226 0.808440
0.719988 0.545409
0.722618 0.642089
0.730608 0.249059
0.740779 0.734687
0.741446 0.515874
0.766091 0.343067
0.786404 0.678191
0.800947 0.706634
0.836967 0.807423
0.839073 0.866168
0.849769 0.000000
0.865327 0.400963
0.872599 0.520842
0.877163 0.486062
1.000000 0.395292
