0.000000 0.659336
0.032151 0.614274
0.041743 0.726205
0.095083 0.610273
0.101428 0.458001
0.105298 0.851044
0.140676 0.474688
0.166818 0.447855
0.170043 0.401320
0.170853 0.442872
0.181563 0.489469
0.181744 0.348939
0.184253 0.279920
0.186207 0.360322
0.186840 0.455723
0.187424 0.278940
0.196017 0.369902
0.199663 0.287384
0.207542 0.498225
0.213600 0.459105
0.215081 0.409995
0.216107 0.252770
0.217665 0.471903
0.224173 0.442706
0.224686 0.420967
0.225004 0.793431
0.226077 0.518790
0.228420 0.603156
0.228894 0.342872
0.232980 0.268279
0.237430 0.492313
0.239830 0.427250
0.242988 0.318969
0.247096 0.416060
0.248060 0.603614
0.251549 0.596849
0.254290 0.547984
0.259621 0.436536
0.262014 0.523412
0.266325 0.644297
0.266838 0.658335
0.267764 0.796299
0.267847 0.558778
0.273445 0.218733
0.280315 0.206673
0.282380 0.497344
0.282839 0.686310
0.283177 0.393410
0.284823 0.450303
0.285245 0.365532
0.287445 0.711308
0.290555 0.643138
0.301592 0.282126
0.302206 0.230370
0.302221 0.425486
0.303203 0.448757
0.304761 0.352955
0.305656 0.377234
0.305766 0.539254
0.307108 0.454410
0.308160 0.335459
0.308744 0.465072
0.311667 0.615189
0.312938 0.326489
0.314006 0.363958
0.315383 0.492925
0.315479 0.360357
0.315607 0.277844
0.315998 0.674892
0.316847 0.485329
0.317044 0.434306
0.319088 0.539669
0.319770 0.360501
0.322716 0.603525
0.323810 0.639917
0.324308 0.331090
0.324422 0.363426
0.324623 0.386512
0.325032 0.368142
0.325515 0.722324
0.326272 0.807792
0.326398 0.283637
0.327799 0.311318
0.328494 0.262390
0.328782 0.494176
0.329488 0.408695
0.329568 0.569728
0.331509 0.396985
0.333567 0.208649
0.334139 0.619862
0.334694 0.282383
0.335983 0.515956
0.338871 0.218358
0.339769 0.659428
0.340450 0.359325
0.340925 0.373541
0.342512 0.766351
0.342806 0.434138
0.343849 0.404796
0.348460 0.540358
0.348519 0.462010
0.348565 0.703841
0.348966 0.313251
0.353539 0.378962
0.354169 0.257776
0.354567 0.429422
0.355232 0.367022
0.355805 0.399698
0.356897 0.831475
0.357925 0.592325
0.360615 0.389483
0.361115 0.700703
0.362025 0.420685
0.363492 0.129801
0.363973 0.280575
0.365442 0.317063
0.365968 0.292602
0.365972 0.364446
0.366029 0.325352
0.366590 0.578405
0.366680 0.602928
0.369672 0.816696
0.369837 0.188611
0.371870 0.793541
0.373333 0.339842
0.374588 0.550342
0.374764 0.509215
0.375722 0.279796
0.378528 0.514101
0.379589 0.396938
0.380199 0.373079
0.381463 0.264317
0.381480 0.247623
0.382332 0.699755
0.382380 0.436424
0.382688 0.362418
0.383528 0.572920
0.385096 0.533828
0.386062 0.112600
0.387006 0.154114
0.387353 0.350360
0.387555 0.580675
0.387839 0.444529
0.387999 0.615498
0.389232 0.574719
0.390312 0.335773
0.390848 0.750598
0.391083 0.390423
0.391791 0.536888
0.392159 0.365606
0.392647 0.392364
0.394210 0.191343
0.394257 0.504700
0.395482 0.539646
0.397466 0.542819
0.398000 0.321668
0.399016 0.321510
0.399074 0.126561
0.399354 0.184635
0.399434 0.730808
0.399944 0.405197
0.400865 0.783865
0.402008 0.383805
0.402305 0.323964
0.403268 0.420999
0.403735 0.421213
0.403807 0.354674
0.404423 0.397606
0.405657 0.286161
0.405782 0.659829
0.406322 0.310516
0.406641 0.130604
0.407192 0.387158
0.407368 0.485320
0.407526 0.166885
0.407615 0.501179
0.407720 0.575836
0.408381 0.292246
0.408710 0.529878
0.409783 0.222803
0.410312 0.556456
0.411189 0.195858
0.412709 0.572881
0.412944 0.404037
0.413324 0.578207
0.413689 0.465658
0.414047 0.564997
0.414132 0.451403
0.414164 0.515762
0.414463 0.132837
0.416373 0.562782
0.417118 0.603790
0.417244 0.299549
0.417827 0.601627
0.417952 0.342803
0.418142 0.186200
0.419956 0.426605
0.420059 0.614461
0.420864 0.569482
0.421586 0.581867
0.421810 0.414275
0.421992 0.407645
0.422114 0.622162
0.422576 0.461521
0.424207 0.350263
0.424599 0.225944
0.424947 0.370827
0.425702 0.395588
0.426332 0.275220
0.426349 0.724295
0.426673 0.274925
0.426779 0.672807
0.427764 0.312825
0.429940 0.197820
0.430201 0.491516
0.430264 0.507583
0.430344 0.578919
0.430915 0.445894
0.431233 0.434429
0.431529 0.372155
0.432001 0.370159
0.432445 0.505251
0.433033 0.688740
0.433159 0.379227
0.433245 0.584126
0.436750 0.136852
0.438265 0.404028
0.438597 0.457535
0.438981 0.563904
0.439930 0.156080
0.441135 0.422618
0.441149 0.126248
0.441457 0.737381
0.442140 0.278966
0.443074 0.263984
0.443648 0.428686
0.443702 0.139013
0.443914 0.304424
0.444936 0.296004
0.445793 0.649263
0.446389 0.531045
0.446469 0.423925
0.446578 0.153299
0.446824 0.517009
0.446910 0.513917
0.447225 0.969663
0.447552 0.246133
0.447573 0.314753
0.447827 0.553709
0.447921 0.510798
0.447986 0.155506
0.447995 0.472674
0.448221 0.308808
0.448870 0.620454
0.449781 0.455195
0.449976 0.579468
0.450594 0.583115
0.450845 0.489124
0.451023 0.319518
0.451171 0.617050
0.451493 0.611865
0.451965 0.307536
0.452941 0.270707
0.453455 0.555355
0.453794 0.416693
0.454310 0.307521
0.454639 0.361122
0.454953 0.154726
0.454993 0.730388
0.455351 0.190821
0.455531 0.283664
0.456197 0.423836
0.456546 0.327301
0.456835 0.441999
0.457260 0.839100
0.457560 0.431040
0.457612 0.193227
0.458782 0.270164
0.458907 0.119593
0.459169 0.385269
0.459753 0.538724
0.459794 0.190869
0.460862 0.349579
0.460896 0.333800
0.461702 0.379642
0.462605 0.155079
0.462948 0.598412
0.464526 0.397221
0.466125 0.615360
0.466128 0.203892
0.466239 0.208481
0.466240 0.454793
0.466281 0.326956
0.466619 0.771186
0.466665 0.569185
0.466686 0.413923
0.466772 0.307624
0.467147 0.286801
0.467712 0.413682
0.468271 0.223069
0.468400 0.417784
0.468687 0.415995
0.468913 0.421734
0.470805 0.519223
0.470820 0.142725
0.471423 0.274245
0.471498 0.468322
0.472616 0.593757
0.472626 0.334366
0.473648 0.290433
0.473837 0.182888
0.473873 0.268596
0.474431 0.450610
0.474820 0.271929
0.474905 0.458079
0.475504 0.305902
0.475516 0.444895
0.475818 0.695205
0.476002 0.380638
0.476903 0.230228
0.477238 0.648372
0.477592 0.378617
0.478073 0.116264
0.478267 0.364841
0.478880 0.328265
0.479163 0.490794
0.479289 0.281805
0.479781 0.408779
0.480222 0.486299
0.480330 0.422265
0.481608 0.464537
0.482359 0.642738
0.482899 0.490739
0.483775 0.147878
0.484640 0.560526
0.485848 0.626765
0.486602 0.771541
0.486610 0.282625
0.487767 0.696188
0.487913 0.464701
0.488257 0.310780
0.489807 0.274928
0.491221 0.252147
0.491671 0.328711
0.492134 0.150080
0.492909 0.348847
0.493054 0.773071
0.493067 0.748582
0.494564 0.412800
0.494676 0.368914
0.494769 0.419519
0.494945 0.290516
0.495764 0.519803
0.495864 0.441601
0.495927 0.523653
0.495960 0.151927
0.496092 0.828274
0.496700 0.334453
0.496927 0.534190
0.497150 0.242295
0.497235 0.618293
0.497529 0.351418
0.497826 0.465894
0.497902 0.398513
0.498130 0.405271
0.498149 0.349637
0.498416 0.470039
0.498917 0.297591
0.498970 0.136750
0.499013 0.385735
0.499057 0.293673
0.499368 0.174069
0.499645 0.683129
0.500676 0.213761
0.501056 0.317720
0.501606 0.359716
0.502438 0.263336
0.503117 0.219392
0.503936 0.428387
0.504277 0.333541
0.504322 0.204303
0.504542 0.459071
0.505731 0.472567
0.506105 0.389798
0.507859 0.726764
0.508011 0.443847
0.508146 0.481827
0.508752 0.587945
0.509352 0.741202
0.509767 0.421113
0.510099 0.954207
0.510214 0.517805
0.510716 0.581161
0.511218 0.392588
0.511236 0.705128
0.511294 0.695138
0.511439 0.315516
0.511483 0.339508
0.511543 0.462965
0.511563 0.528316
0.512214 0.328338
0.512368 0.654775
0.512599 0.299779
0.512716 0.512052
0.513281 0.357937
0.513359 0.289313
0.513391 0.411830
0.513808 0.261710
0.513819 0.614564
0.514380 0.377504
0.514492 0.603263
0.514891 0.483837
0.515000 0.387158
0.515088 0.753421
0.515124 0.245006
0.515467 0.106672
0.516419 0.670975
0.516538 0.354350
0.516922 0.626331
0.517911 0.370741
0.519322 0.353708
0.519429 0.388543
0.519455 0.456302
0.519469 0.139828
0.519482 0.188326
0.519762 0.335138
0.520162 0.434382
0.520297 0.581615
0.520350 0.183160
0.520509 0.343000
0.520519 0.290416
0.520551 0.550052
0.520735 0.258256
0.520765 0.300020
0.521973 0.519255
0.522846 0.458215
0.523073 0.692457
0.523194 0.343863
0.523407 0.359582
0.523432 0.112235
0.523875 0.205951
0.524711 0.142988
0.525090 0.473892
0.525192 0.245140
0.525271 0.233539
0.525330 0.221254
0.526404 0.576630
0.526772 0.405301
0.527466 0.394739
0.527576 0.736150
0.528405 0.167668
0.528542 0.486941
0.528549 0.080168
0.528824 0.107660
0.529600 0.538696
0.530090 0.189551
0.531140 0.220268
0.531437 0.173507
0.532400 0.234856
0.532923 0.345561
0.533197 0.226902
0.533397 0.433221
0.533962 0.697972
0.533963 0.299422
0.534173 0.131498
0.534589 0.422120
0.534849 0.301818
0.535307 0.246427
0.535517 0.245345
0.535653 0.996021
0.536753 0.185985
0.537081 0.140620
0.537550 0.636299
0.537903 0.388239
0.537937 0.174176
0.538123 0.313668
0.538594 0.672667
0.539468 0.186481
0.539522 0.132806
0.539610 0.442685
0.539716 0.402100
0.539868 0.362103
0.539928 0.354214
0.541361 0.249799
0.543691 0.201869
0.543694 0.646353
0.543713 0.368813
0.544210 0.469767
0.544414 0.280972
0.544693 0.285796
0.545512 0.284958
0.545691 0.803901
0.545883 0.351949
0.546940 0.535400
0.547626 0.265123
0.547865 0.281403
0.548325 0.231485
0.548583 0.256101
0.548870 0.514527
0.549836 0.079366
0.550049 0.102734
0.550908 0.805826
0.551109 0.385301
0.551458 0.493594
0.551976 0.243274
0.552017 0.335675
0.552096 0.562866
0.552929 0.495931
0.553019 0.343118
0.553567 0.416322
0.553895 0.199828
0.554105 0.435390
0.554345 0.214551
0.555196 0.302514
0.555294 0.174487
0.555465 0.115334
0.555479 0.493448
0.555807 0.381100
0.556514 0.321615
0.556810 0.059027
0.557327 0.481834
0.557531 0.573153
0.558034 0.605569
0.558108 0.211601
0.558182 0.517857
0.558783 0.139969
0.560447 0.411656
0.560653 0.665740
0.560758 0.245742
0.560762 0.184515
0.560923 0.581842
0.561506 0.118400
0.561833 0.315312
0.562076 0.194194
0.562203 0.135993
0.562225 0.531761
0.562455 0.607931
0.564008 0.280125
0.564803 0.288092
0.565188 0.479779
0.565653 0.680962
0.565674 0.380132
0.567393 0.140957
0.568718 0.423029
0.568852 0.317821
0.569235 0.265780
0.569260 0.603182
0.569929 0.354699
0.570163 0.215293
0.570693 0.121434
0.571869 0.360108
0.572173 0.234909
0.572890 0.349443
0.573057 0.412563
0.573844 0.386003
0.574353 0.569296
0.575269 0.884142
0.575452 0.572877
0.575564 0.257634
0.576432 0.328204
0.577521 0.352510
0.577531 0.521830
0.578997 0.820929
0.579019 0.105801
0.579399 0.542778
0.579710 0.223408
0.579957 0.287543
0.580080 0.278954
0.580272 0.301937
0.580310 0.413031
0.580716 0.204256
0.580786 0.419929
0.580803 0.374196
0.580832 0.070761
0.581199 0.339988
0.581294 0.213311
0.581650 0.495083
0.582048 0.440346
0.582061 0.087607
0.582214 0.133410
0.582434 0.291798
0.582450 0.476768
0.583005 0.553214
0.583218 0.291503
0.584483 0.367081
0.584983 0.185986
0.585612 0.164172
0.586311 0.029260
0.586681 0.239515
0.586685 0.616790
0.587258 0.488574
0.588491 0.261370
0.588572 0.708139
0.588963 0.478242
0.589056 0.644545
0.589609 0.457601
0.589815 0.651165
0.589833 0.305293
0.589906 0.417121
0.590619 0.403600
0.591444 0.316802
0.591446 0.368811
0.591466 0.451165
0.591472 0.070656
0.591685 0.224505
0.592565 0.523470
0.593617 0.277817
0.595087 0.235656
0.595177 0.367487
0.595184 0.330298
0.595897 0.475663
0.596500 0.559335
0.597388 0.090798
0.598087 0.391793
0.599234 0.531976
0.600554 0.246122
0.600761 0.369187
0.601141 0.181889
0.601297 0.711025
0.601830 0.580012
0.601999 0.600908
0.602032 0.140575
0.602101 0.221881
0.602253 0.307522
0.602463 0.569865
0.602549 0.362541
0.602782 0.535475
0.602908 0.550704
0.603303 0.486671
0.603407 0.360980
0.603504 0.164391
0.603701 0.315572
0.604039 0.365992
0.604303 0.152185
0.605895 0.366105
0.606115 0.460148
0.606891 0.130056
0.607084 0.389332
0.607410 0.577145
0.607547 0.086902
0.607604 0.575792
0.608164 0.387276
0.608643 0.291866
0.609269 0.359061
0.611503 0.525172
0.611588 0.262693
0.612986 0.136826
0.614450 0.860826
0.616537 0.308338
0.618280 0.479805
0.618807 0.087070
0.619379 0.471150
0.620238 0.363958
0.620735 0.886901
0.620783 0.355526
0.622214 0.598730
0.622260 0.056444
0.622543 0.252448
0.622936 0.274513
0.623365 0.488429
0.623457 0.561853
0.623690 0.154093
0.623759 0.413683
0.625218 0.072446
0.625792 0.221478
0.626479 0.271799
0.626563 0.345284
0.627634 0.265838
0.627896 0.076966
0.629108 0.385600
0.629133 0.215103
0.630132 0.371016
0.630417 0.258371
0.630541 0.356835
0.632149 0.297960
0.632613 0.052355
0.632636 0.036856
0.633552 0.318798
0.633671 0.294107
0.634162 0.400106
0.634162 0.310214
0.634389 0.418551
0.634558 0.330775
0.635509 0.105717
0.635580 0.601220
0.635812 0.355375
0.637285 0.564602
0.638781 0.124798
0.641515 0.089346
0.642338 0.371739
0.642609 0.210286
0.643361 0.492747
0.643517 0.226935
0.643539 0.434217
0.643577 0.188565
0.643770 0.231590
0.643922 0.630259
0.644374 0.461498
0.645186 0.376066
0.645657 0.037239
0.646480 0.392353
0.647848 0.392811
0.648092 0.372318
0.648411 0.298969
0.649482 0.409270
0.649740 0.230643
0.650000 0.559753
0.650481 0.325014
0.653953 0.122553
0.654615 0.668497
0.654678 0.696734
0.655022 0.455080
0.655059 0.705985
0.655151 0.153615
0.655412 0.415294
0.655568 0.542885
0.656964 0.409350
0.657911 0.493659
0.658258 0.542066
0.659021 0.750968
0.659448 0.303483
0.659514 0.430784
0.659707 0.516689
0.660069 0.698460
0.660565 0.117788
0.661483 0.412195
0.662537 0.378632
0.662667 0.512421
0.663169 0.259821
0.664530 0.080217
0.665209 0.599847
0.665621 0.234600
0.666007 0.208911
0.666079 0.276821
0.666567 0.458401
0.667103 0.117284
0.667754 0.148898
0.668509 0.465187
0.668525 0.379847
0.669511 0.172321
0.669521 0.234150
0.670256 0.099229
0.672096 0.442677
0.672505 0.641291
0.672997 0.315483
0.673180 0.414879
0.673535 0.456327
0.674671 0.355113
0.674837 0.160456
0.675045 0.551942
0.675964 0.251386
0.676774 0.430235
0.678181 0.337726
0.678626 0.070065
0.679299 0.404831
0.679628 0.137902
0.679730 0.236072
0.680109 0.146255
0.680200 0.142903
0.680630 0.298763
0.680910 0.349646
0.682240 0.409178
0.682263 1.000000
0.685839 0.646333
0.686107 0.223984
0.687214 0.153600
0.687632 0.513841
0.689438 0.209618
0.690572 0.023269
0.690815 0.530236
0.690823 0.411600
0.693098 0.089972
0.695298 0.282765
0.696533 0.333556
0.697514 0.598981
0.697677 0.288144
0.697939 0.221828
0.698434 0.533974
0.700213 0.764581
0.700242 0.177972
0.700488 0.251456
0.700864 0.225934
0.701461 0.132206
0.702159 0.207794
0.702425 0.575240
0.702904 0.353270
0.703614 0.714074
0.705500 0.238703
0.706125 0.550206
0.706126 0.415241
0.706866 0.347959
0.708119 0.036491
0.708744 0.542453
0.708948 0.235785
0.709316 0.474970
0.709396 0.222457
0.709456 0.062400
0.709627 0.459013
0.709743 0.034332
0.709803 0.075346
0.710503 0.589204
0.711894 0.602025
0.712979 0.092681
0.714837 0.455268
0.715183 0.232598
0.715549 0.363450
0.716044 0.257929
0.716451 0.249191
0.716887 0.276001
0.717045 0.136579
0.717732 0.089476
0.718163 0.428713
0.718359 0.367461
0.719659 0.542407
0.719865 0.469350
0.721049 0.144866
0.721183 0.121418
0.721311 0.500828
0.721771 0.352380
0.721792 0.036426
0.722171 0.395014
0.722799 0.135373
0.723431 0.707586
0.725788 0.113494
0.725988 0.353551
0.726033 0.261274
0.727716 0.204651
0.732441 0.333138
0.732714 0.304785
0.733277 0.068050
0.734836 0.137782
0.736173 0.287638
0.736925 0.507059
0.737289 0.267650
0.737822 0.173660
0.739444 0.146767
0.741987 0.264337
0.743387 0.441594
0.743686 0.283892
0.744124 0.262812
0.744886 0.768365
0.747118 0.536356
0.749619 0.323655
0.749696 0.287290
0.750837 0.088005
0.751764 0.062718
0.752895 0.507296
0.753068 0.414594
0.754361 0.184956
0.756337 0.171338
0.756447 0.078173
0.756996 0.252172
0.757230 0.667871
0.757888 0.169155
0.758801 0.456571
0.760358 0.178998
0.761577 0.577988
0.761599 0.058232
0.763055 0.193880
0.764850 0.183552
0.765040 0.000000
0.765044 0.341449
0.765185 0.605558
0.765661 0.235160
0.766774 0.048050
0.769262 0.073407
0.770213 0.169186
0.771335 0.353840
0.773409 0.377795
0.773922 0.166753
0.774922 0.314766
0.775577 0.145979
0.775639 0.070957
0.776148 0.469599
0.776374 0.232106
0.777450 0.387081
0.778445 0.382119
0.783172 0.053253
0.783834 0.372337
0.786302 0.431967
0.787695 0.564274
0.788189 0.018907
0.791831 0.348820
0.793048 0.424124
0.793311 0.324290
0.796990 0.243915
0.800540 0.304939
0.801581 0.397418
0.802685 0.180903
0.803668 0.180786
0.804511 0.189762
0.805983 0.501096
0.806121 0.322048
0.807712 0.543526
0.810666 0.157997
0.812798 0.060896
0.813081 0.285080
0.816022 0.119227
0.820085 0.280896
0.823300 0.318296
0.827926 0.013160
0.829168 0.379734
0.829653 0.289824
0.830619 0.126843
0.831057 0.397867
0.831172 0.149948
0.834310 0.264369
0.837639 0.149019
0.837727 0.137060
0.840235 0.295059
0.844972 0.195122
0.845473 0.062445
0.845835 0.406574
0.847560 0.230741
0.873286 0.130943
0.876899 0.398401
0.878804 0.099099
0.888386 0.234974
0.909212 0.569866
0.909364 0.602034
0.913956 0.377817
0.917745 0.086071
0.923973 0.369454
0.951865 0.063668
1.000000 0.159243
