0.000000 0.102355
0.007035 0.260623
0.008319 0.137972
0.009633 0.051330
0.011661 0.083602
0.011969 0.282241
0.012683 0.000000
0.018542 0.263605
0.020104 0.061679
0.021099 0.124123
0.022837 0.131108
0.026701 0.186878
0.028432 0.221381
0.029241 0.090655
0.030387 0.210539
0.033726 0.405699
0.036199 0.053288
0.036883 0.236868
0.039085 0.222081
0.040024 0.332934
0.041496 0.258696
0.042710 0.286368
0.042785 0.077851
0.043169 0.299526
0.044801 0.331388
0.047857 0.113067
0.048064 0.173533
0.048571 0.529447
0.048660 0.387380
0.048669 0.215442
0.049733 0.269059
0.050116 0.167765
0.051240 0.171917
0.052774 0.234447
0.054374 0.297055
0.058142 0.447278
0.061751 0.362550
0.061979 0.253934
0.063268 0.334883
0.065711 0.410424
0.068162 0.304405
0.068506 0.288499
0.072211 0.159746
0.072757 0.312480
0.073891 0.278275
0.074078 0.274035
0.074133 0.399085
0.074182 0.279697
0.075570 0.234124
0.076941 0.384753
0.078223 0.396598
0.079238 0.386979
0.082422 0.234817
0.082466 0.261230
0.083050 0.410231
0.083308 0.382104
0.083945 0.399139
0.084517 0.366706
0.086635 0.307114
0.089416 0.240600
0.090528 0.378592
0.092334 0.401043
0.092519 0.345206
0.092533 0.411105
0.093268 0.284650
0.094547 0.465226
0.096314 0.487351
0.097754 0.330441
0.098525 0.318414
0.098859 0.462523
0.100697 0.356585
0.101886 0.412457
0.102202 0.220314
0.104622 0.426466
0.106335 0.236335
0.107505 0.338660
0.108551 0.416571
0.109412 0.438002
0.110633 0.318940
0.111022 0.373968
0.111224 0.353116
0.111392 0.489595
0.111642 0.305413
0.112050 0.338546
0.112721 0.532741
0.113198 0.091072
0.113798 0.254234
0.113981 0.320908
0.114296 0.374053
0.114566 0.415772
0.117656 0.492112
0.118281 0.294499
0.118306 0.367950
0.118974 0.359531
0.121391 0.433798
0.125315 0.606165
0.125585 0.311700
0.125702 0.370806
0.128594 0.565932
0.132202 0.323539
0.133169 0.523925
0.134482 0.492744
0.134615 0.494272
0.134628 0.560243
0.134909 0.427714
0.135088 0.403537
0.136780 0.549052
0.137471 0.473723
0.138146 0.445281
0.138667 0.412252
0.138905 0.499281
0.139215 0.400912
0.140159 0.494613
0.140987 0.560729
0.142069 0.439934
0.142733 0.262315
0.143457 0.390849
0.143746 0.626813
0.143812 0.448169
0.146828 0.319134
0.147402 0.332038
0.148514 0.417769
0.150111 0.395973
0.151518 0.483856
0.154420 0.335306
0.156950 0.375216
0.157399 0.455764
0.158287 0.427719
0.158316 0.350191
0.160228 0.548064
0.161098 0.373097
0.161800 0.546407
0.162063 0.252482
0.162999 0.432337
0.163397 0.610198
0.163606 0.424465
0.164366 0.394911
0.166356 0.451631
0.166883 0.612072
0.168183 0.310330
0.171145 0.588096
0.171820 0.546299
0.172841 0.572073
0.174239 0.459672
0.174693 0.666716
0.177386 0.432012
0.178277 0.465889
0.178905 0.526464
0.178983 0.520895
0.179261 0.604990
0.180157 0.394557
0.182969 0.333983
0.183477 0.661781
0.183501 0.461443
0.183751 0.372242
0.184094 0.428584
0.184961 0.537853
0.185112 0.503128
0.185441 0.417008
0.185635 0.761597
0.187252 0.471762
0.187599 0.487727
0.189653 0.368159
0.189680 0.502732
0.189812 0.493027
0.191043 0.550777
0.192576 0.560596
0.192881 0.473834
0.193291 0.552456
0.194467 0.557694
0.194961 0.691639
0.195430 0.398191
0.195719 0.582048
0.196929 0.508006
0.197675 0.677696
0.198136 0.552008
0.198346 0.309779
0.198571 0.551961
0.199584 0.615019
0.199735 0.601744
0.200041 0.588124
0.201133 0.506398
0.201157 0.490992
0.201928 0.653048
0.202137 0.471906
0.204002 0.449891
0.205262 0.634329
0.205725 0.473382
0.208909 0.550958
0.209072 0.403130
0.210350 0.402596
0.211573 0.604958
0.212416 0.612201
0.213218 0.504730
0.213437 0.510146
0.214551 0.545541
0.214939 0.575937
0.214992 0.583918
0.215334 0.497743
0.215750 0.575325
0.217382 0.527847
0.218953 0.459871
0.219012 0.602031
0.221944 0.567527
0.222254 0.513426
0.222532 0.505051
0.223166 0.426117
0.226264 0.541125
0.226390 0.714027
0.227227 0.505732
0.227862 0.506643
0.228199 0.674318
0.229530 0.477996
0.229550 0.581439
0.230010 0.680627
0.230596 0.453710
0.231016 0.589166
0.231020 0.528593
0.231409 0.518586
0.231937 0.579305
0.232503 0.585450
0.233055 0.553009
0.233844 0.356566
0.233996 0.402068
0.234156 0.465182
0.234360 0.606644
0.234506 0.574490
0.234672 0.710901
0.235096 0.554272
0.238141 0.728091
0.239343 0.617993
0.243195 0.557389
0.243413 0.575147
0.244109 0.512998
0.244140 0.621038
0.245011 0.650776
0.245275 0.522537
0.245587 0.520266
0.245803 0.578549
0.245812 0.705504
0.246477 0.566206
0.246995 0.442562
0.247361 0.555422
0.248046 0.553146
0.248852 0.499691
0.250726 0.645885
0.250788 0.738384
0.251242 0.673746
0.252311 0.532106
0.252833 0.492043
0.253917 0.526653
0.254197 0.456235
0.255078 0.453448
0.255270 0.567325
0.258355 0.727364
0.258909 0.472794
0.258929 0.581271
0.259208 0.567960
0.259416 0.593783
0.260076 0.778422
0.260266 0.535449
0.260531 0.614617
0.260616 0.491601
0.262259 0.585809
0.262838 0.573054
0.263127 0.540247
0.263625 0.567048
0.263861 0.312596
0.264863 0.665800
0.265884 0.729336
0.267456 0.780935
0.267692 0.624366
0.268616 0.611884
0.268628 0.755043
0.268754 0.473276
0.269216 0.665148
0.269260 0.509803
0.270304 0.558985
0.270332 0.690399
0.271599 0.593677
0.273489 0.645269
0.273858 0.700125
0.274989 0.604809
0.275040 0.511255
0.275861 0.532908
0.276159 0.603714
0.278352 0.723785
0.279110 0.464220
0.279552 0.635714
0.279694 0.600270
0.280778 0.526196
0.281991 0.491703
0.282577 0.485969
0.283428 0.519404
0.284071 0.541465
0.285670 0.758607
0.285909 0.671927
0.286442 0.679881
0.286805 0.725550
0.287097 0.754820
0.287228 0.659465
0.288669 0.504386
0.288952 0.534986
0.289346 0.669825
0.289440 0.712876
0.292096 0.647607
0.294256 0.665990
0.294350 0.701115
0.294809 0.451021
0.295405 0.630414
0.296581 0.702248
0.296937 0.538762
0.297105 0.628220
0.298424 0.485220
0.298912 0.707841
0.300861 0.611810
0.301258 0.480859
0.301354 0.515036
0.301783 0.672114
0.302384 0.483433
0.302432 0.440755
0.303466 0.592007
0.303805 0.709149
0.303874 0.556086
0.304335 0.694091
0.304460 0.530596
0.307452 0.625617
0.308061 0.879591
0.308968 0.710425
0.310316 0.562352
0.310359 0.652818
0.311260 0.554732
0.312945 0.654267
0.314265 0.541396
0.314683 0.548373
0.314999 0.761401
0.315689 0.639570
0.316482 0.747381
0.316746 0.635615
0.316982 0.541428
0.317575 0.601639
0.318551 0.668755
0.318556 0.672649
0.319068 0.545214
0.319149 0.615816
0.319407 0.658365
0.319511 0.642262
0.320279 0.658498
0.320617 0.769756
0.320660 0.542088
0.321386 0.739390
0.322117 0.510716
0.323868 0.689456
0.324479 0.567813
0.325819 0.667311
0.325836 0.749844
0.326188 0.574370
0.326517 0.604646
0.327289 0.646698
0.327633 0.515705
0.329679 0.681161
0.330198 0.660114
0.330464 0.665737
0.330534 0.566222
0.331347 0.562449
0.331875 0.714739
0.332098 0.689091
0.332554 0.476163
0.333756 0.875779
0.334514 0.621944
0.334706 0.729987
0.334975 0.670189
0.336018 0.651466
0.336193 0.655430
0.336699 0.686887
0.339497 0.642746
0.339873 0.523639
0.340119 0.793642
0.340996 0.574856
0.341444 0.507690
0.341856 0.854586
0.342106 0.760302
0.343946 0.650051
0.345488 0.582594
0.345676 0.617529
0.346470 0.774653
0.347904 0.651411
0.348519 0.721068
0.349275 0.495877
0.350141 0.759136
0.350245 0.606794
0.351023 0.708537
0.352464 0.664895
0.352527 0.699984
0.352584 0.689530
0.354099 0.517104
0.354627 0.480377
0.355324 0.562762
0.355516 0.722140
0.355590 0.709566
0.357314 0.711381
0.357489 0.716218
0.357600 0.658634
0.358289 0.738785
0.360914 0.611771
0.361261 0.769700
0.361321 0.810058
0.361773 0.630841
0.362477 0.656287
0.363154 0.862598
0.364259 0.550748
0.365509 0.623331
0.366135 0.763605
0.367417 0.782765
0.368673 0.697676
0.369931 0.708353
0.370580 0.717630
0.371868 0.680872
0.372055 0.716337
0.372132 0.543266
0.373839 0.740181
0.374066 0.587532
0.374337 0.593631
0.374457 0.644854
0.376220 0.799903
0.376610 0.632677
0.377762 0.664172
0.378793 0.793905
0.379842 0.695030
0.380917 0.750551
0.380960 0.494775
0.381527 0.914186
0.382032 0.620475
0.383632 0.738457
0.384142 0.776144
0.384959 0.513928
0.386160 0.725741
0.386862 0.868153
0.388871 0.501451
0.389328 0.733540
0.390822 0.708821
0.392359 0.670198
0.392797 0.624383
0.393295 0.691548
0.393467 0.831089
0.394107 0.543149
0.394224 0.691008
0.395767 0.696632
0.396180 0.638596
0.396843 0.764003
0.397509 0.742346
0.398750 0.815993
0.399100 0.807232
0.401094 0.630255
0.403927 0.632118
0.405072 0.693394
0.405080 0.628096
0.407695 0.656415
0.408647 0.586037
0.409199 0.769744
0.409614 0.594473
0.410131 0.730237
0.411230 0.585479
0.411453 0.944503
0.411535 0.651247
0.411974 0.750599
0.412018 0.841318
0.414036 0.627717
0.414730 0.616001
0.415629 0.852983
0.415741 0.751353
0.415912 0.738604
0.417067 0.758932
0.419432 0.694562
0.420119 0.933910
0.420703 0.683112
0.421372 0.789019
0.422725 0.567814
0.424016 0.544275
0.425510 0.719886
0.426726 0.666302
0.426976 0.660971
0.427897 0.624964
0.430350 0.743352
0.432878 0.523643
0.432904 0.621983
0.435155 0.762553
0.435232 0.670647
0.435802 0.488037
0.436849 0.538049
0.439850 0.827156
0.439979 0.732969
0.441104 0.570951
0.441334 0.781043
0.441686 0.710727
0.441801 0.562761
0.441985 0.621238
0.443012 0.897950
0.443297 0.787259
0.445378 0.719356
0.446798 0.726234
0.447974 0.753236
0.448340 0.778406
0.449180 0.706160
0.449944 0.728065
0.452066 0.650207
0.452139 0.814553
0.452694 0.771994
0.452756 0.764801
0.455853 0.688471
0.456564 0.725638
0.458531 0.695341
0.459931 0.753802
0.460718 0.750764
0.462590 0.672957
0.463572 0.692183
0.464583 0.693679
0.464782 0.714343
0.465387 0.663302
0.465535 0.623423
0.465663 0.805007
0.467596 0.733378
0.467900 0.914875
0.467963 0.764478
0.469770 0.472310
0.470388 0.600984
0.472296 0.746713
0.475924 0.800900
0.477309 0.628411
0.477999 0.890391
0.478686 0.563189
0.479185 0.651717
0.479945 0.774865
0.481631 0.749523
0.481791 0.820135
0.482481 0.816584
0.483506 0.725417
0.483683 0.743442
0.484866 0.837382
0.485570 0.708398
0.486875 0.855268
0.489054 0.837438
0.489864 0.677888
0.490942 0.765023
0.491280 0.833153
0.491331 0.584326
0.491453 0.672701
0.491503 0.805622
0.493685 0.713551
0.495469 0.964268
0.496410 0.689014
0.497228 0.754685
0.497981 0.625778
0.499481 0.781462
0.501333 0.604767
0.501607 0.685593
0.502996 0.811944
0.505481 0.761861
0.505836 0.928466
0.506295 0.806726
0.507633 0.713208
0.508023 0.779756
0.510064 0.659280
0.510114 0.685823
0.511037 0.775657
0.513047 0.527607
0.513641 0.635020
0.514721 0.849264
0.515509 0.618781
0.519388 0.846995
0.522168 0.634181
0.524141 0.874985
0.524945 0.917669
0.525659 0.798428
0.525980 0.735388
0.526381 0.692816
0.527483 0.768709
0.532175 0.610357
0.532761 0.793350
0.537332 0.701568
0.539405 0.724974
0.539820 0.850084
0.543331 0.657903
0.543563 0.709101
0.543757 0.948916
0.544552 0.798023
0.546197 0.601756
0.546433 0.682590
0.546437 0.856522
0.549105 0.779659
0.549673 0.764867
0.551126 0.869914
0.553585 0.716165
0.554700 0.781023
0.555067 0.764184
0.556808 0.897690
0.557231 0.662099
0.562099 0.805911
0.567478 0.679320
0.569688 0.878315
0.570000 0.833608
0.570582 0.655497
0.575885 0.735349
0.578783 1.000000
0.581066 0.477198
0.581304 0.822200
0.583536 0.860662
0.583593 0.747135
0.583737 0.739262
0.585520 0.707128
0.592522 0.934001
0.593960 0.820480
0.598152 0.701299
0.599448 0.713439
0.604823 0.678835
0.605271 0.839396
0.609862 0.796428
0.614441 0.698499
0.614947 0.845778
0.618654 0.781142
0.621070 0.726764
0.625092 0.710001
0.625219 0.887664
0.626191 0.722171
0.633629 0.703137
0.634073 0.801905
0.636036 0.678195
0.637552 0.627337
0.640450 0.878499
0.640943 0.937437
0.642874 0.743342
0.643390 0.792488
0.645454 0.888242
0.646866 0.657501
0.647174 0.669266
0.653220 0.725285
0.655570 0.804554
0.657239 0.825596
0.660837 0.894404
0.663024 0.933676
0.663333 0.735189
0.683325 0.821637
0.687893 0.892084
0.694985 0.834999
0.706209 0.722925
0.751572 0.818650
0.755091 0.882797
0.756753 0.867672
0.760320 0.758335
0.763845 0.654580
0.766793 0.940498
0.774007 0.714543
0.794214 0.813735
0.799865 0.830974
0.804678 0.877291
0.805852 0.742107
0.912886 0.817915
1.000000 0.813960
