0.000000 0.166031
0.021834 0.209503
0.026663 0.255987
0.029120 0.224931
0.036236 0.192937
0.039141 0.029866
0.045656 0.226025
0.057581 0.246974
0.058108 0.167850
0.059735 0.041161
0.064986 0.070713
0.068529 0.179694
0.068711 0.306585
0.072837 0.252575
0.074870 0.200289
0.074996 0.053071
0.078782 0.429471
0.079867 0.000000
0.080142 0.369547
0.083274 0.224542
0.083412 0.143835
0.085591 0.110114
0.085618 0.257194
0.087636 0.390139
0.089025 0.373772
0.094297 0.312214
0.095222 0.183206
0.098802 0.146249
0.099488 0.320538
0.101084 0.527088
0.101177 0.189012
0.101746 0.417040
0.102402 0.228039
0.103908 0.533082
0.110423 0.399492
0.111656 0.405396
0.112408 0.396413
0.112844 0.498044
0.114632 0.132551
0.114764 0.365921
0.119918 0.275013
0.120045 0.379098
0.120119 0.397024
0.121337 0.124428
0.121412 0.293185
0.125132 0.280768
0.125896 0.307551
0.127119 0.361977
0.128901 0.256147
0.129570 0.196703
0.131360 0.447126
0.132500 0.341996
0.133593 0.466420
0.134442 0.268303
0.135089 0.361601
0.136302 0.299099
0.136846 0.415523
0.137350 0.447729
0.137647 0.509171
0.137850 0.355276
0.139359 0.338188
0.139466 0.455404
0.139593 0.629275
0.141592 0.460800
0.141939 0.550463
0.143153 0.399860
0.143728 0.123098
0.143936 0.395104
0.144230 0.311978
0.144919 0.410002
0.145617 0.210267
0.145651 0.392532
0.146217 0.581816
0.147986 0.154975
0.148075 0.031572
0.148315 0.387084
0.148408 0.261337
0.148568 0.323470
0.148664 0.332866
0.148762 0.365530
0.149270 0.215236
0.150704 0.247934
0.153198 0.130884
0.153317 0.356403
0.154327 0.179504
0.155305 0.508307
0.158882 0.207779
0.159175 0.236153
0.160849 0.185603
0.161068 0.467275
0.162092 0.421874
0.164076 0.498710
0.164173 0.417757
0.164481 0.489158
0.164610 0.478714
0.166726 0.413605
0.171252 0.327774
0.171820 0.328928
0.174075 0.490420
0.178249 0.432249
0.179337 0.413678
0.179563 0.476545
0.183994 0.307151
0.184007 0.335873
0.184565 0.272558
0.185158 0.276508
0.189825 0.361670
0.190177 0.484772
0.190647 0.300471
0.191548 0.309519
0.191686 0.423692
0.192894 0.587825
0.192958 0.356774
0.194347 0.439009
0.194473 0.467625
0.195019 0.247069
0.195334 0.460479
0.195773 0.531688
0.196286 0.492348
0.200349 0.625180
0.200721 0.452892
0.200770 0.623268
0.201999 0.514111
0.203399 0.414152
0.204354 0.313967
0.205105 0.701086
0.207231 0.428771
0.208541 0.438937
0.210202 0.415851
0.210440 0.391647
0.210441 0.476943
0.211731 0.205342
0.214094 0.305917
0.214480 0.495119
0.216317 0.460837
0.216557 0.343251
0.218123 0.427708
0.218224 0.474961
0.221075 0.351602
0.221262 0.528513
0.221465 0.465514
0.225821 0.463446
0.227603 0.487023
0.227848 0.683869
0.228220 0.592205
0.229442 0.337860
0.230643 0.524640
0.231299 0.495444
0.231845 0.671090
0.231894 0.600978
0.233780 0.416669
0.234265 0.657368
0.234935 0.375625
0.236806 0.562729
0.237212 0.306756
0.237531 0.487255
0.240401 0.401352
0.243888 0.607517
0.246354 0.663556
0.246504 0.452713
0.246819 0.576993
0.247187 0.342843
0.248641 0.456461
0.249991 0.716616
0.250261 0.491759
0.250954 0.476700
0.252649 0.429917
0.252693 0.534180
0.254514 0.366119
0.255471 0.760438
0.257089 0.367532
0.257105 0.521940
0.258020 0.375460
0.260845 0.511840
0.262879 0.456791
0.263536 0.412986
0.264448 0.405038
0.264779 0.500899
0.264863 0.442058
0.264923 0.497535
0.264968 0.608129
0.267281 0.713221
0.267846 0.694417
0.268290 0.488406
0.269673 0.470173
0.269702 0.667688
0.270343 0.498811
0.270710 0.542395
0.271099 0.618760
0.271747 0.786149
0.274000 0.604088
0.275418 0.544550
0.276592 0.654518
0.276892 0.722525
0.277706 0.466215
0.279256 0.495311
0.280054 0.315940
0.283448 0.539868
0.285159 0.569529
0.286836 0.414157
0.288446 0.667712
0.288475 0.498771
0.289182 0.625002
0.290188 0.421420
0.290214 0.508602
0.294139 0.378939
0.296221 0.598964
0.297600 0.591043
0.298412 0.464812
0.298827 0.606207
0.299007 0.614477
0.301380 0.604947
0.301640 0.535221
0.301881 0.604946
0.302265 0.553718
0.302425 0.465126
0.302728 0.504110
0.302762 0.625328
0.303852 0.588649
0.306919 0.575182
0.307409 0.543099
0.310016 0.440322
0.310973 0.797011
0.311042 0.438527
0.312623 0.520386
0.316310 0.682295
0.316546 0.478509
0.316867 0.680140
0.317987 0.514755
0.320754 0.638903
0.321553 0.521558
0.322403 0.367764
0.322478 0.533489
0.322851 0.811761
0.325281 0.823239
0.326713 0.565328
0.329392 0.793680
0.330591 0.580720
0.331251 0.861930
0.331671 0.655956
0.332139 0.520615
0.333235 0.664312
0.333459 0.507432
0.334393 0.383707
0.334552 0.465560
0.336428 0.694113
0.337509 0.564581
0.337623 0.589838
0.337788 0.680447
0.338284 0.683832
0.338516 0.644791
0.339354 0.570561
0.340320 0.869590
0.342193 0.711110
0.344220 0.552494
0.347671 0.646303
0.350797 0.665966
0.351767 0.503814
0.355194 0.286237
0.357614 0.321759
0.357801 0.521292
0.357858 0.632521
0.357916 0.555890
0.361127 0.731502
0.362043 0.649172
0.362873 0.604108
0.364581 0.574211
0.364663 0.515666
0.364969 0.609297
0.365142 0.636487
0.366984 0.653006
0.367450 0.691417
0.368613 0.332357
0.368862 0.577108
0.369185 0.606423
0.369939 0.472234
0.370157 0.755941
0.371073 0.556749
0.372825 0.974149
0.372848 0.471051
0.372922 0.618170
0.372952 0.553434
0.373035 0.484033
0.376403 0.545685
0.380471 0.509855
0.380489 0.865911
0.381681 0.864408
0.382353 0.754231
0.385186 0.495795
0.385388 0.690653
0.386528 0.657060
0.386754 0.777936
0.387363 0.531858
0.388534 0.489062
0.388768 0.692927
0.390632 0.427997
0.390642 0.519775
0.392434 0.834820
0.401152 0.780014
0.404982 0.587446
0.406196 0.723790
0.406905 0.344752
0.409535 0.713187
0.410176 0.751968
0.411845 0.400471
0.415095 0.719863
0.415622 0.745064
0.417667 0.700849
0.418967 0.662472
0.419120 0.689764
0.419368 0.720869
0.420872 0.701877
0.423074 0.742027
0.425161 0.692237
0.426488 0.449632
0.426922 0.618322
0.430398 0.523355
0.431591 0.753864
0.433009 0.648284
0.437175 1.000000
0.438360 0.675562
0.439553 0.797705
0.445977 0.958871
0.446736 0.635939
0.446907 0.313844
0.447879 0.852029
0.449245 0.512893
0.449425 0.416175
0.449870 0.936098
0.452087 0.653140
0.453259 0.589833
0.454134 0.614990
0.454304 0.511165
0.457358 0.552513
0.459260 0.683026
0.460474 0.848133
0.461564 0.597295
0.461927 0.776396
0.462928 0.430934
0.462945 0.735841
0.465816 0.564383
0.465883 0.650946
0.466758 0.799272
0.466891 0.807374
0.467093 0.689017
0.467286 0.665732
0.471051 0.583743
0.472238 0.717925
0.473082 0.746980
0.474664 0.588794
0.476204 0.676476
0.480528 0.715056
0.482252 0.237447
0.482806 0.784099
0.483488 0.670939
0.484473 0.538914
0.485809 0.600425
0.486787 0.388179
0.488061 0.612746
0.490837 0.549791
0.491054 0.785169
0.492998 0.422756
0.494796 0.622489
0.496119 0.657613
0.497822 0.770360
0.498960 0.703867
0.499038 0.744358
0.499251 0.465978
0.500561 0.585348
0.502685 0.779452
0.503585 0.639649
0.504832 0.965650
0.504988 0.604216
0.507534 0.547752
0.508177 0.772925
0.509430 0.642718
0.509954 0.561212
0.511545 0.737762
0.513534 0.671082
0.513910 0.735992
0.514452 0.517306
0.514736 0.617618
0.515681 0.678288
0.516324 0.834106
0.518162 0.461600
0.523921 0.764418
0.524373 0.730485
0.526628 0.671837
0.526661 0.952116
0.526708 0.964615
0.527967 0.778562
0.529648 0.769967
0.533277 0.738012
0.533291 0.601179
0.534656 0.742798
0.535807 0.266768
0.537343 0.800917
0.538349 0.788016
0.541133 0.676011
0.542018 0.688916
0.553414 0.907231
0.554272 0.576800
0.555010 0.833868
0.556850 0.860628
0.560472 0.874682
0.560885 0.558735
0.562587 0.626105
0.570512 0.543197
0.571473 0.756480
0.575401 0.610695
0.576082 0.814390
0.578001 0.732342
0.579087 0.555874
0.582990 0.689990
0.584376 0.882042
0.584764 0.705569
0.584888 0.666193
0.585173 0.733760
0.585230 0.575957
0.595880 0.745423
0.597525 0.630412
0.597725 0.844961
0.598735 0.874747
0.601100 0.569667
0.603260 0.564586
0.604137 0.847564
0.605199 0.551227
0.608269 0.609173
0.610263 0.936525
0.627342 0.771199
0.628874 0.640977
0.631927 0.670046
0.637995 0.675762
0.640350 0.779854
0.642266 0.975903
0.649596 0.907437
0.653926 0.942801
0.661468 0.587282
0.667901 0.751618
0.683646 0.939141
0.693206 0.731195
0.705362 0.865207
0.705640 0.571908
0.708368 0.578428
0.710484 0.845499
0.710863 0.787605
0.735114 0.711674
0.765545 0.755664
0.766386 0.835795
0.789885 0.818577
0.793194 0.958101
0.796872 0.635048
0.819349 0.852646
0.820306 0.706451
0.893693 0.927231
0.923044 0.957028
1.000000 0.775683
