0.000000 0.551798
0.063757 1.000000
0.080495 0.641921
0.081566 0.318015
0.082974 0.482961
0.090578 0.316197
0.097865 0.484252
0.097937 0.465331
0.098125 0.792674
0.098384 0.495387
0.105630 0.420289
0.109025 0.367915
0.113370 0.383732
0.119268 0.472659
0.131313 0.490203
0.132370 0.649813
0.136359 0.583778
0.160571 0.370069
0.163559 0.459817
0.164790 0.571560
0.174714 0.242296
0.179565 0.294699
0.195559 0.439886
0.200649 0.307449
0.207846 0.456480
0.210805 0.530105
0.212718 0.431338
0.213968 0.482134
0.214559 0.234906
0.214920 0.381170
0.215305 0.579362
0.215479 0.442942
0.220175 0.570427
0.224157 0.297551
0.225968 0.581207
0.232143 0.366915
0.232451 0.486292
0.233355 0.287303
0.239469 0.286118
0.240939 0.449797
0.243927 0.306262
0.244027 0.334825
0.244045 0.377355
0.245237 0.465924
0.246625 0.229118
0.248307 0.404406
0.248776 0.469292
0.251259 0.367665
0.253175 0.315571
0.258424 0.359470
0.259093 0.398004
0.260005 0.473123
0.267388 0.210217
0.272932 0.501224
0.277021 0.275915
0.278523 0.193964
0.280941 0.281784
0.287297 0.322534
0.295017 0.287688
0.298292 0.372467
0.298484 0.276232
0.302248 0.361532
0.304655 0.236567
0.304961 0.255236
0.312327 0.217862
0.314968 0.292325
0.318824 0.433575
0.319998 0.360461
0.325064 0.457123
0.325476 0.329310
0.327338 0.317011
0.327807 0.239086
0.329094 0.378652
0.329613 0.299323
0.330389 0.159177
0.331799 0.381953
0.334696 0.282174
0.336310 0.281625
0.337099 0.319394
0.337192 0.303817
0.339360 0.409044
0.339843 0.300812
0.340535 0.158289
0.340569 0.351354
0.341053 0.346412
0.342583 0.404795
0.346605 0.389742
0.349255 0.246938
0.350602 0.201250
0.351996 0.350227
0.352464 0.317243
0.354317 0.213086
0.355069 0.181758
0.355977 0.327363
0.356345 0.181568
0.356932 0.186978
0.359730 0.239650
0.360795 0.285382
0.367462 0.379363
0.368150 0.204492
0.368487 0.302360
0.371779 0.320073
0.378103 0.276922
0.379418 0.258661
0.381687 0.215112
0.383483 0.172051
0.385365 0.188575
0.391475 0.380559
0.392417 0.268290
0.392424 0.212414
0.396301 0.289163
0.396615 0.383026
0.396889 0.209509
0.398003 0.198294
0.398228 0.130558
0.399193 0.370868
0.399204 0.233448
0.399883 0.247460
0.400543 0.281298
0.400928 0.294615
0.400930 0.128499
0.402367 0.382190
0.406460 0.341020
0.408665 0.216958
0.409146 0.383380
0.410498 0.214050
0.411514 0.186335
0.411732 0.218335
0.411778 0.221570
0.412255 0.151887
0.413966 0.339356
0.415447 0.267926
0.416909 0.310749
0.418723 0.233211
0.419133 0.174991
0.422538 0.142587
0.422653 0.318692
0.423789 0.258216
0.424443 0.350160
0.426526 0.270245
0.428112 0.128054
0.430061 0.248122
0.433016 0.286627
0.434505 0.190154
0.434839 0.230206
0.435060 0.155206
0.435827 0.251567
0.436182 0.175340
0.437582 0.253255
0.440107 0.351687
0.440313 0.255877
0.441056 0.248066
0.441582 0.290711
0.442697 0.146687
0.442996 0.248990
0.443420 0.211583
0.443495 0.301389
0.443719 0.272767
0.443868 0.239492
0.449513 0.230959
0.449844 0.165791
0.449875 0.229549
0.454014 0.173254
0.455506 0.297023
0.455836 0.334045
0.457814 0.266607
0.458453 0.245549
0.459876 0.289129
0.462589 0.201926
0.464976 0.168760
0.466484 0.260424
0.467264 0.258980
0.467622 0.202880
0.468436 0.112367
0.468473 0.194632
0.469032 0.108975
0.469161 0.262106
0.470080 0.187949
0.470462 0.245927
0.470714 0.225421
0.471460 0.220504
0.471664 0.132878
0.473856 0.266128
0.474238 0.258202
0.475952 0.195058
0.476019 0.243119
0.476109 0.231892
0.476779 0.201942
0.477903 0.135305
0.477916 0.296215
0.480459 0.199236
0.480649 0.271656
0.480700 0.248336
0.481787 0.254908
0.481825 0.188875
0.481862 0.197329
0.482653 0.313576
0.483708 0.181975
0.487842 0.150451
0.488183 0.255858
0.489435 0.207861
0.492209 0.231266
0.494866 0.174546
0.495739 0.264580
0.498244 0.136967
0.499241 0.310102
0.501336 0.210996
0.501739 0.286381
0.503706 0.235449
0.503948 0.177984
0.504606 0.111196
0.504938 0.311198
0.504967 0.168672
0.508104 0.172606
0.509082 0.228326
0.509139 0.129643
0.511522 0.224069
0.512322 0.123952
0.513107 0.167632
0.513267 0.235323
0.514305 0.173884
0.514445 0.219443
0.515627 0.084315
0.515643 0.127084
0.515795 0.175030
0.516222 0.232786
0.516567 0.232335
0.516703 0.258285
0.517222 0.231904
0.518021 0.106875
0.520137 0.111006
0.520669 0.247012
0.522550 0.110658
0.523201 0.099265
0.523245 0.226874
0.523332 0.232668
0.523630 0.110273
0.523650 0.220219
0.524194 0.276827
0.524575 0.189557
0.526206 0.141170
0.527317 0.293346
0.529212 0.215344
0.532527 0.130779
0.532684 0.155094
0.534512 0.186579
0.535534 0.181698
0.536956 0.147497
0.537362 0.187133
0.538744 0.284839
0.538757 0.274322
0.539030 0.135563
0.539818 0.117488
0.540145 0.257741
0.542038 0.149142
0.542733 0.218138
0.547211 0.184153
0.549794 0.194290
0.552285 0.174367
0.552430 0.164300
0.555400 0.123595
0.555416 0.124289
0.556037 0.068744
0.558541 0.128835
0.560288 0.088297
0.560520 0.144019
0.560979 0.191923
0.561002 0.175152
0.562602 0.244170
0.566175 0.220657
0.570038 0.265551
0.574285 0.235700
0.574712 0.248345
0.575334 0.260652
0.575407 0.238720
0.576720 0.225402
0.578978 0.138207
0.580604 0.219221
0.581182 0.200064
0.581492 0.105245
0.584091 0.108181
0.584923 0.127699
0.586072 0.139384
0.587076 0.186155
0.587090 0.211424
0.587528 0.115457
0.590066 0.146468
0.590566 0.138302
0.590931 0.126371
0.594152 0.240908
0.594195 0.119849
0.594330 0.130712
0.595544 0.221819
0.596624 0.132145
0.598860 0.217260
0.600076 0.229231
0.601197 0.166691
0.601436 0.132896
0.601661 0.248984
0.601827 0.139511
0.603943 0.203220
0.605412 0.143222
0.605681 0.160137
0.607295 0.236124
0.608689 0.126886
0.609288 0.138672
0.610920 0.175002
0.611539 0.070899
0.611725 0.148573
0.612706 0.119100
0.613331 0.092992
0.616539 0.141306
0.616720 0.101467
0.617964 0.189666
0.618389 0.133223
0.619485 0.109217
0.619817 0.053204
0.619979 0.148494
0.623024 0.182005
0.624525 0.124251
0.625377 0.125274
0.625947 0.055934
0.627432 0.231121
0.630059 0.096967
0.631814 0.147343
0.634655 0.222438
0.637028 0.102116
0.637599 0.098078
0.637642 0.177132
0.637919 0.133799
0.640502 0.177363
0.643596 0.223278
0.650209 0.193116
0.660526 0.208168
0.663982 0.200194
0.668084 0.081587
0.668771 0.205474
0.669230 0.116772
0.672013 0.163624
0.674795 0.174078
0.674914 0.206694
0.675400 0.172033
0.677411 0.053387
0.677821 0.054913
0.683862 0.190452
0.685048 0.193015
0.685704 0.154013
0.686546 0.193251
0.687217 0.109956
0.687470 0.106014
0.690031 0.190914
0.690787 0.190566
0.691479 0.132844
0.692850 0.094063
0.693447 0.185489
0.695846 0.146309
0.698767 0.128863
0.699717 0.144756
0.700613 0.099521
0.701891 0.179918
0.702054 0.176546
0.708426 0.149566
0.713006 0.166788
0.714724 0.085860
0.715371 0.040160
0.719080 0.078515
0.720279 0.027618
0.723582 0.185371
0.724993 0.141015
0.725115 0.066735
0.728340 0.120495
0.734029 0.132208
0.735096 0.176429
0.743441 0.087136
0.746557 0.130555
0.747644 0.149195
0.749363 0.165430
0.764927 0.166924
0.765798 0.089824
0.766368 0.084711
0.769174 0.088602
0.796325 0.093775
0.797768 0.059251
0.803596 0.028818
0.805621 0.124264
0.806409 0.000000
0.811307 0.034945
0.828081 0.087999
0.828088 0.069066
0.828559 0.092688
0.839053 0.123592
0.840634 0.098907
0.844705 0.061227
0.846895 0.029994
0.847135 0.065988
0.852460 0.071554
0.859464 0.062301
0.870662 0.012636
0.885835 0.021347
1.000000 0.039160
