0.000000 0.149636
0.003533 0.564286
0.018151 0.124950
0.024699 0.277579
0.024741 0.085588
0.028830 0.070307
0.032003 0.330770
0.033659 0.364722
0.034093 0.540821
0.034412 0.544195
0.034769 0.235557
0.035764 0.577246
0.036672 0.273547
0.040684 0.426973
0.040985 0.034095
0.043492 0.584797
0.043510 0.146210
0.043837 0.345661
0.045914 0.102221
0.046451 0.641473
0.048690 0.620304
0.051257 0.393948
0.051397 0.000000
0.052436 0.486073
0.052865 0.509113
0.054204 0.538209
0.054594 0.277788
0.055084 0.528253
0.057097 0.268657
0.057525 0.002052
0.059611 0.528411
0.059990 0.345796
0.060034 0.077876
0.062916 0.338413
0.063632 0.656014
0.069265 0.571415
0.069293 0.567089
0.069427 0.433303
0.069670 0.553512
0.072539 0.559404
0.072704 0.318204
0.073066 0.105936
0.075593 0.578745
0.075644 0.407283
0.077142 0.276159
0.077777 0.690234
0.078203 0.931005
0.079625 0.239471
0.080194 0.159644
0.080464 0.412201
0.084157 0.343937
0.084173 0.303558
0.084205 0.375664
0.085097 0.096641
0.085911 0.371868
0.086807 0.726046
0.087409 0.683443
0.088074 0.616491
0.088801 0.433769
0.090129 0.282340
0.091638 0.441096
0.091948 0.098739
0.092314 0.586716
0.093109 0.552476
0.094345 0.129898
0.094485 0.499550
0.095348 0.667162
0.095759 0.699672
0.096528 0.579695
0.097224 0.250074
0.097229 0.738290
0.097522 0.465795
0.098389 0.798692
0.098717 0.497215
0.099117 0.385562
0.099703 0.290182
0.100793 0.465875
0.101739 0.650746
0.101799 0.287074
0.102474 0.570177
0.102979 0.708119
0.103067 0.852261
0.104723 0.497440
0.107810 0.755124
0.108853 0.769911
0.109110 0.428113
0.109513 0.422363
0.109633 0.547036
0.109820 0.570068
0.110646 0.575049
0.110700 0.462521
0.110796 0.492471
0.112202 0.708827
0.112710 0.551747
0.113343 0.455539
0.114121 0.518161
0.114216 0.746511
0.114885 0.457100
0.114964 0.260457
0.115319 0.689863
0.116207 0.438904
0.116288 0.582234
0.116934 0.377969
0.117085 0.721500
0.118671 0.538409
0.119223 0.346250
0.119326 0.126516
0.119653 0.484420
0.120624 0.388575
0.121146 0.030776
0.121346 0.411681
0.122305 0.193780
0.123284 0.356806
0.123514 0.832910
0.124125 0.466335
0.127058 0.512044
0.127163 0.467222
0.127419 0.666676
0.127469 0.287921
0.129014 0.495978
0.130084 0.605906
0.130085 0.441374
0.130380 0.265963
0.130701 1.000000
0.131726 0.727894
0.132359 0.764739
0.132807 0.839913
0.132846 0.825959
0.132934 0.385852
0.133188 0.736404
0.133545 0.394632
0.133701 0.294741
0.133915 0.478657
0.133983 0.667185
0.134081 0.501025
0.134183 0.468513
0.135500 0.474274
0.135595 0.116381
0.136493 0.499025
0.136960 0.473248
0.137087 0.450676
0.140771 0.432264
0.141442 0.554150
0.141651 0.696263
0.142331 0.353264
0.142350 0.135703
0.142537 0.221266
0.142693 0.378813
0.143176 0.028134
0.143422 0.164164
0.143545 0.176720
0.143844 0.038119
0.143859 0.605037
0.144294 0.548452
0.144647 0.640366
0.145290 0.348869
0.145554 0.505823
0.146007 0.551411
0.146032 0.380942
0.146329 0.417321
0.147995 0.532540
0.148354 0.438830
0.148646 0.668682
0.150049 0.728286
0.150243 0.346966
0.150907 0.389747
0.151987 0.647834
0.152162 0.516541
0.152601 0.600191
0.152817 0.590687
0.153258 0.340648
0.153396 0.663300
0.154337 0.233269
0.155662 0.698309
0.156896 0.616380
0.156970 0.283613
0.157562 0.385856
0.158557 0.177857
0.159327 0.615503
0.159425 0.803033
0.160386 0.611182
0.161201 0.408115
0.161480 0.615599
0.161870 0.540271
0.162940 0.449893
0.162983 0.455922
0.163335 0.495446
0.163377 0.612148
0.164061 0.625363
0.165134 0.477854
0.166395 0.401777
0.168119 0.432107
0.168635 0.606274
0.168919 0.367265
0.168979 0.693583
0.170233 0.719208
0.170249 0.589623
0.171404 0.619072
0.172899 0.399088
0.175328 0.456017
0.176063 0.868137
0.176299 0.236003
0.177254 0.630336
0.177351 0.438664
0.178028 0.468971
0.178216 0.503837
0.179414 0.526300
0.179872 0.721336
0.180636 0.356130
0.181549 0.658956
0.181810 0.479434
0.181891 0.459812
0.182001 0.574001
0.182133 0.496821
0.182285 0.703354
0.182385 0.421448
0.183711 0.440406
0.184285 0.374073
0.184959 0.638823
0.186336 0.227253
0.186373 0.378163
0.186415 0.536632
0.186601 0.603557
0.186752 0.591805
0.186914 0.609264
0.187153 0.473680
0.187276 0.540718
0.187810 0.450831
0.190291 0.537279
0.190311 0.766995
0.190503 0.500857
0.190681 0.423627
0.192053 0.432722
0.192472 0.586172
0.193021 0.840587
0.193455 0.559228
0.193674 0.460012
0.193736 0.443631
0.194522 0.932651
0.194755 0.395847
0.195793 0.655260
0.196700 0.467493
0.197547 0.184598
0.198198 0.523470
0.198951 0.502721
0.199609 0.521615
0.199934 0.132671
0.201168 0.317283
0.202108 0.690658
0.202483 0.633529
0.203404 0.495002
0.203895 0.533520
0.205103 0.628531
0.205568 0.506262
0.205570 0.575077
0.205584 0.901150
0.207478 0.305859
0.207598 0.602731
0.208336 0.714756
0.208800 0.511953
0.210066 0.628815
0.210590 0.739397
0.210993 0.211066
0.211500 0.393390
0.212165 0.306510
0.212734 0.372642
0.212925 0.414135
0.213070 0.461895
0.213213 0.667280
0.213259 0.934916
0.214508 0.724101
0.215002 0.494230
0.215625 0.415866
0.216140 0.603094
0.216232 0.552412
0.216625 0.822253
0.217330 0.921022
0.218035 0.444039
0.218645 0.553065
0.219507 0.661391
0.220026 0.831578
0.220395 0.573187
0.220522 0.456497
0.222211 0.087009
0.222768 0.693252
0.223147 0.451543
0.224721 0.658253
0.225107 0.582253
0.225530 0.619970
0.226008 0.587663
0.226290 0.768294
0.227288 0.624097
0.227635 0.635583
0.228702 0.666679
0.229040 0.494410
0.229183 0.881040
0.229356 0.588129
0.229422 0.486784
0.229940 0.603949
0.230393 0.454862
0.230512 0.679104
0.230647 0.479940
0.231060 0.715254
0.231570 0.499507
0.231765 0.680794
0.231814 0.810268
0.232377 0.411441
0.232535 0.549429
0.235249 0.643047
0.235357 0.481687
0.235695 0.687618
0.235733 0.925243
0.236245 0.540064
0.237476 0.746661
0.237711 0.209118
0.237907 0.512940
0.238610 0.669377
0.239069 0.463345
0.240145 0.691348
0.240623 0.466785
0.240759 0.781865
0.241478 0.677245
0.242129 0.613391
0.242588 0.675539
0.242766 0.630952
0.242925 0.598569
0.243805 0.663332
0.244306 0.738613
0.244480 0.306484
0.244491 0.523348
0.245274 0.693891
0.245682 0.497354
0.246409 0.565426
0.247220 0.638423
0.247641 0.656708
0.248381 0.799999
0.248504 0.458218
0.248851 0.358476
0.249172 0.648868
0.249217 0.609875
0.249794 0.586411
0.249824 0.552937
0.250167 0.503971
0.250391 0.451570
0.250401 0.636080
0.250728 0.650486
0.250959 0.615245
0.252318 0.736278
0.252911 0.719297
0.253033 0.582685
0.254270 0.458220
0.254597 0.488937
0.255067 0.803221
0.255118 0.692784
0.256439 0.423470
0.256441 0.733285
0.257403 0.778569
0.257920 0.649229
0.258905 0.631561
0.260325 0.737656
0.261124 0.697108
0.261207 0.546004
0.261583 0.285509
0.261675 0.588808
0.261831 0.704627
0.262768 0.725318
0.263457 0.100414
0.264604 0.552320
0.264625 0.819997
0.264655 0.495879
0.264769 0.492205
0.265583 0.333115
0.269004 0.748957
0.269056 0.931836
0.269372 0.639766
0.269486 0.807455
0.269573 0.614405
0.269806 0.630392
0.270359 0.687839
0.271482 0.654298
0.271886 0.383291
0.272550 0.202107
0.272853 0.659644
0.273249 0.459594
0.273821 0.583121
0.274929 0.537159
0.275308 0.571011
0.275321 0.322910
0.276523 0.481516
0.278648 0.625018
0.279114 0.351382
0.279881 0.449523
0.280496 0.536507
0.280603 0.450933
0.281327 0.312034
0.281584 0.801329
0.282714 0.608887
0.283233 0.616113
0.284077 0.210763
0.285233 0.568468
0.285690 0.279059
0.285747 0.647877
0.285895 0.349142
0.286724 0.697417
0.287171 0.399383
0.287866 0.660355
0.288379 0.992328
0.288810 0.502238
0.289318 0.348856
0.289451 0.643005
0.289962 0.708822
0.290138 0.654988
0.290308 0.656722
0.290678 0.923505
0.290779 0.383560
0.290938 0.536966
0.292784 0.832730
0.293339 0.467994
0.294675 0.593535
0.294972 0.652808
0.295346 0.600700
0.295489 0.585306
0.295792 0.776998
0.297257 0.539440
0.298249 0.615124
0.299079 0.464908
0.299277 0.791888
0.300405 0.500841
0.301300 0.793686
0.302115 0.673069
0.302143 0.506554
0.302967 0.482829
0.303323 0.706975
0.303718 0.557952
0.304108 0.573295
0.305187 0.819827
0.305948 0.547998
0.306152 0.490560
0.306996 0.429171
0.307778 0.529962
0.307933 0.824971
0.308234 0.727085
0.308549 0.223119
0.308558 0.740758
0.308647 0.438619
0.308940 0.379205
0.310077 0.851851
0.312114 0.567242
0.312631 0.790839
0.312722 0.299079
0.313239 0.599079
0.314108 0.611342
0.315004 0.344611
0.315281 0.634889
0.315583 0.810025
0.316250 0.511534
0.319920 0.709506
0.320083 0.825644
0.320391 0.612320
0.320762 0.850261
0.322188 0.799214
0.322296 0.557284
0.322524 0.598201
0.322550 0.882548
0.323074 0.869627
0.323147 0.784763
0.323769 0.324203
0.324049 0.352779
0.325319 0.610772
0.325501 0.564644
0.325819 0.759846
0.326709 0.405195
0.328274 0.756272
0.328314 0.794945
0.330151 0.559242
0.331067 0.880400
0.331134 0.689427
0.331439 0.412237
0.331909 0.706428
0.331914 0.607712
0.333454 0.674993
0.333473 0.431348
0.334599 0.967642
0.335780 0.642406
0.336065 0.628617
0.336307 0.485633
0.336407 0.393048
0.337182 0.579133
0.337263 0.300306
0.339210 0.491305
0.339644 0.779766
0.342300 0.739437
0.342579 0.396755
0.342646 0.611536
0.342682 0.467582
0.342696 0.864670
0.342718 0.624154
0.343570 0.649057
0.344204 0.748269
0.344247 0.496295
0.345177 0.642090
0.345457 0.782008
0.345958 0.672340
0.346502 0.992514
0.346860 0.576206
0.346919 0.467314
0.347150 0.658634
0.347476 0.599439
0.347694 0.505233
0.348049 0.618335
0.350074 0.484578
0.350955 0.731590
0.351355 0.783863
0.351898 0.798278
0.351933 0.614246
0.352273 0.494373
0.352561 0.728407
0.353673 0.800996
0.354392 0.645862
0.354487 0.663966
0.354955 0.923067
0.355763 0.747094
0.358115 0.687164
0.359909 0.605320
0.360740 0.877463
0.361341 0.893220
0.361929 0.564814
0.362510 0.793552
0.362920 0.565851
0.363280 0.548568
0.365117 0.646763
0.366694 0.654305
0.366738 0.682040
0.367303 0.758281
0.371085 0.860586
0.371737 0.656126
0.371820 0.666383
0.373304 0.568249
0.375766 0.639760
0.375980 0.249660
0.377722 0.876934
0.378309 0.829005
0.378686 0.559004
0.378931 0.403698
0.379544 0.676283
0.380244 0.777478
0.381484 0.504517
0.382556 0.629354
0.383036 0.918157
0.383270 0.252685
0.383579 0.653196
0.383675 0.381214
0.384337 0.607203
0.385234 0.847075
0.385345 0.533196
0.385529 0.533630
0.386134 0.895291
0.386938 0.407212
0.387069 0.633650
0.387957 0.590515
0.388588 0.719179
0.389759 0.960050
0.389765 0.573079
0.390095 0.723304
0.391103 0.631270
0.391519 0.650133
0.392099 0.580606
0.395489 0.630259
0.395976 0.578197
0.396125 0.604969
0.396472 0.555534
0.397555 0.743784
0.397714 0.645062
0.397914 0.691658
0.399601 0.734397
0.399735 0.375091
0.400396 0.883396
0.401286 0.748613
0.401649 0.736227
0.405185 0.740677
0.405379 0.713853
0.407771 0.446643
0.409075 0.456942
0.409286 0.822694
0.409963 0.522366
0.410158 0.850677
0.410164 0.520073
0.411161 0.658617
0.413138 0.632118
0.415570 0.729277
0.415638 0.589008
0.418124 0.969421
0.419408 0.767897
0.420411 0.555607
0.421970 0.827826
0.422468 0.504867
0.422602 0.597956
0.423213 0.475082
0.423432 0.861994
0.424774 0.813905
0.425558 0.637564
0.427794 0.478555
0.427836 0.821002
0.428759 0.678134
0.429164 0.630122
0.429571 0.816506
0.429910 0.672662
0.430066 0.657999
0.430422 0.749308
0.432658 0.629176
0.432880 0.352594
0.432986 0.748620
0.434160 0.415205
0.434414 0.467201
0.437328 0.619244
0.438278 0.375125
0.438431 0.594715
0.438454 0.819967
0.439013 0.536144
0.440403 0.588384
0.440521 0.562324
0.440948 0.513073
0.441419 0.679211
0.443065 0.529743
0.443070 0.565184
0.444518 0.730541
0.444712 0.738895
0.444817 0.685669
0.445007 0.551076
0.445326 0.777706
0.445338 0.553346
0.445602 0.628650
0.446437 0.748036
0.447144 0.533670
0.447234 0.507204
0.448678 0.838455
0.449381 0.610968
0.449679 0.594199
0.451547 0.502798
0.453512 0.493178
0.453526 0.691321
0.453567 0.825634
0.454621 0.685646
0.454858 0.577393
0.455254 0.508494
0.455652 0.740266
0.457278 0.631882
0.458256 0.677811
0.461610 0.364585
0.462071 0.644004
0.462937 0.837853
0.463541 0.601657
0.463601 0.608341
0.465259 0.449391
0.465348 0.757423
0.468406 0.877796
0.469428 0.869982
0.470603 0.848560
0.472320 0.793250
0.472732 0.614992
0.473034 0.409281
0.475189 0.745037
0.475255 0.991979
0.475823 0.393681
0.477024 0.631452
0.477859 0.358569
0.480517 0.741313
0.481755 0.608707
0.481873 0.524810
0.484515 0.657298
0.485688 0.339063
0.486363 0.726813
0.486951 0.744716
0.487631 0.591651
0.487656 0.626729
0.490684 0.772621
0.490919 0.501858
0.491453 0.330956
0.492684 0.271904
0.494322 0.413193
0.496012 0.709363
0.496142 0.695899
0.497633 0.608143
0.497872 0.441542
0.498551 0.706370
0.499396 0.428633
0.500097 0.401754
0.500529 0.481340
0.500854 0.640697
0.510191 0.703603
0.510328 0.490319
0.510674 0.717917
0.510982 0.532806
0.511950 0.672218
0.513253 0.697181
0.515857 0.802039
0.516049 0.927211
0.518608 0.753540
0.519498 0.782630
0.519687 0.619105
0.522066 0.600150
0.522184 0.474566
0.523664 0.400343
0.524181 0.317409
0.524569 0.209517
0.527973 0.492123
0.529092 0.964607
0.531583 0.678293
0.535535 0.753482
0.536477 0.724941
0.536593 0.580443
0.538625 0.766276
0.539111 0.678949
0.552005 0.765734
0.554929 0.784592
0.557589 0.630578
0.563449 0.602356
0.563997 0.353835
0.564998 0.799080
0.570482 0.772042
0.570787 0.561218
0.572405 0.652353
0.576118 0.764373
0.577744 0.470162
0.578042 0.439029
0.579010 0.646985
0.580216 0.570760
0.581273 0.783367
0.586846 0.727512
0.592784 0.694230
0.595830 0.659528
0.597391 0.674409
0.597547 0.680143
0.599991 0.772895
0.600614 0.845916
0.604693 0.825763
0.606218 0.829227
0.606922 0.795547
0.607718 0.549657
0.610304 0.701812
0.611785 0.693220
0.614008 0.762999
0.617550 0.772203
0.622408 0.769912
0.624557 0.586219
0.625377 0.714437
0.627050 0.702676
0.629645 0.639370
0.639871 0.795270
0.640052 0.584997
0.640837 0.591141
0.646295 0.791089
0.652971 0.463732
0.660177 0.713042
0.665643 0.705505
0.665949 0.504157
0.668161 0.607653
0.670497 0.789447
0.672556 0.870436
0.679091 0.661970
0.680406 0.498472
0.682512 0.788809
0.683088 0.868102
0.684171 0.608062
0.686037 0.788218
0.696684 0.458773
0.697508 0.450368
0.701293 0.788424
0.706657 0.630924
0.709379 0.492413
0.710545 0.749884
0.710978 0.512413
0.729787 0.572860
0.742268 0.608851
0.743000 0.981381
0.758301 0.753191
0.789685 0.766701
0.794464 0.702839
0.811968 0.460587
0.815854 0.577223
0.823547 0.766911
0.856989 0.806321
0.864699 0.788159
0.882903 0.613052
1.000000 0.818360
