0.000000 0.584653
0.018225 0.301265
0.019246 0.006177
0.027047 0.139478
0.029195 0.190862
0.051045 0.144138
0.054222 0.507355
0.061883 0.440599
0.073839 0.188991
0.075014 0.349455
0.077941 0.298623
0.080119 0.554682
0.081111 0.093045
0.081704 0.521748
0.082234 0.539026
0.084860 0.538993
0.086244 0.403506
0.088632 0.553781
0.089729 0.480324
0.092636 0.672589
0.093785 0.277048
0.096993 0.503909
0.099251 0.676990
0.107327 0.192039
0.108526 0.462815
0.109922 0.244586
0.112370 0.253095
0.122067 0.399917
0.123648 0.175953
0.123889 0.471821
0.125228 0.500255
0.125845 0.543622
0.129531 0.542505
0.129755 0.453950
0.132427 0.655705
0.135273 0.411434
0.136587 0.359226
0.136908 0.375718
0.140564 0.486749
0.146778 0.450904
0.147874 0.578703
0.152047 0.488300
0.153057 0.289065
0.153207 0.403431
0.156560 0.494226
0.158757 0.684723
0.161631 0.645807
0.162167 0.459164
0.162825 0.574767
0.163166 0.186623
0.164388 0.339559
0.166315 0.096802
0.166554 0.426034
0.169121 0.356915
0.169290 0.328137
0.169724 0.399861
0.170506 0.573391
0.171759 0.646010
0.172449 0.281304
0.173434 0.477440
0.174942 0.571187
0.177143 0.555506
0.180404 0.420262
0.180915 0.345202
0.181997 0.385558
0.182139 0.290161
0.183498 0.627707
0.183625 0.403656
0.184891 0.334332
0.185512 0.504984
0.186297 0.511872
0.187263 0.518047
0.187382 0.286635
0.188418 0.276614
0.190002 0.397234
0.190325 0.308229
0.191482 0.400535
0.193598 0.438095
0.194123 0.531653
0.194307 0.542410
0.196719 0.375328
0.197118 0.274630
0.198250 0.467198
0.198934 0.349703
0.200199 0.391852
0.201429 0.253155
0.202192 0.108874
0.205011 0.476167
0.205764 0.332388
0.206721 0.414115
0.207374 0.354948
0.209217 0.161996
0.209314 0.156602
0.210015 0.462807
0.210753 0.587651
0.213340 0.362893
0.214375 0.362772
0.214636 0.223084
0.216658 0.542213
0.217175 0.493269
0.218224 0.352614
0.222615 0.465751
0.223189 0.760268
0.223364 0.385916
0.224647 0.484104
0.224908 0.391769
0.225692 0.499266
0.226087 0.460664
0.226410 0.586132
0.230964 0.201006
0.232532 0.376643
0.235221 0.528369
0.235235 0.348665
0.235255 0.464393
0.236409 0.366571
0.236508 0.296518
0.238379 0.198896
0.240217 0.454970
0.242410 0.496469
0.243298 0.466013
0.247500 0.687380
0.247614 0.406803
0.247691 0.419070
0.248338 0.256484
0.250788 0.336901
0.251687 0.326553
0.251992 0.493607
0.252900 0.325819
0.253388 0.418250
0.255881 0.214664
0.257663 0.329577
0.258703 0.464467
0.260303 0.491690
0.264589 0.000000
0.268208 0.196504
0.269762 0.456208
0.273104 0.361704
0.279249 0.345523
0.280232 0.408940
0.282287 0.426984
0.282737 0.504369
0.282868 0.237768
0.286431 0.579796
0.286722 0.555647
0.286950 0.704699
0.291025 0.433505
0.291459 0.238033
0.292247 0.145047
0.295067 0.218872
0.297532 0.225845
0.298931 0.345282
0.299031 0.404725
0.302981 0.509910
0.305032 0.579653
0.305568 0.569120
0.305709 0.675639
0.309155 0.577336
0.311932 0.390310
0.312129 0.754255
0.312549 0.545095
0.317952 0.260449
0.318510 0.688441
0.322459 0.234131
0.324552 0.343329
0.325147 0.651230
0.325414 0.299691
0.326430 0.717910
0.327541 0.502307
0.327733 0.357911
0.329399 0.463228
0.330136 0.690984
0.330412 0.316506
0.331734 0.386956
0.333260 0.421796
0.335622 0.699365
0.339479 0.405199
0.339888 0.412760
0.340815 0.607651
0.342109 0.509071
0.344113 0.706533
0.347140 0.305202
0.348275 0.391523
0.348630 0.525017
0.353461 0.718648
0.356029 0.625863
0.356922 0.162791
0.357840 0.268666
0.358318 0.395254
0.359550 0.232730
0.360074 0.373497
0.361778 0.538068
0.362395 0.477698
0.364472 0.456889
0.365101 0.370264
0.365812 0.647314
0.366130 0.723125
0.366183 0.686930
0.367776 0.797726
0.368740 0.426341
0.370700 0.513337
0.370943 0.775153
0.372991 0.503573
0.373161 0.666057
0.374256 0.540898
0.374586 0.758738
0.376847 0.441790
0.377146 0.693085
0.384716 0.408968
0.389967 0.614523
0.390000 0.628312
0.393197 0.047985
0.394686 0.607045
0.396252 0.478411
0.399520 0.442696
0.400327 0.578656
0.401104 0.597824
0.403339 0.568195
0.403654 0.419335
0.404877 0.474739
0.406951 0.468918
0.407578 0.403809
0.407845 0.648911
0.409990 0.775365
0.412015 0.657006
0.412538 0.446526
0.412795 0.690538
0.415814 0.372836
0.417322 0.387642
0.420927 0.565548
0.426300 0.430848
0.430863 0.725245
0.433883 0.713519
0.434436 0.730628
0.436042 0.450851
0.436882 0.188074
0.438365 0.237121
0.438547 0.480214
0.441135 0.728907
0.441255 0.527871
0.441259 0.704652
0.441620 0.746911
0.442986 0.281327
0.443600 0.506807
0.443724 0.376571
0.444563 0.334099
0.444606 0.454146
0.444941 0.645841
0.445550 0.554887
0.448499 0.634265
0.453659 0.828266
0.455563 0.241536
0.456564 0.737533
0.459710 0.626812
0.459824 0.373640
0.460211 0.635560
0.463933 0.317414
0.472455 0.457742
0.473356 0.617324
0.474100 0.631502
0.476009 0.713189
0.478768 0.338281
0.479278 0.615706
0.481044 0.520338
0.484256 0.247798
0.488564 0.416839
0.492844 0.625902
0.495853 1.000000
0.498742 0.839513
0.498757 0.509454
0.498787 0.510162
0.500213 0.533706
0.504261 0.410703
0.506639 0.566531
0.508737 0.343743
0.509885 0.552227
0.509970 0.385305
0.511371 0.662985
0.512108 0.552945
0.512175 0.367667
0.514368 0.576384
0.516770 0.205393
0.516897 0.706549
0.519722 0.488968
0.521673 0.903282
0.523934 0.775376
0.530114 0.757513
0.530300 0.542580
0.530813 0.685798
0.532441 0.741640
0.534892 0.788982
0.536295 0.654938
0.537892 0.256979
0.538684 0.785297
0.541160 0.424466
0.544432 0.573842
0.545532 0.702371
0.545981 0.663306
0.547504 0.598938
0.547989 0.374873
0.549964 0.451049
0.553276 0.621514
0.562707 0.531725
0.571615 0.581292
0.575680 0.611556
0.576586 0.686349
0.580620 0.558173
0.582012 0.692155
0.582210 0.714262
0.583902 0.588567
0.588728 0.922692
0.593592 0.361661
0.595227 0.603514
0.600754 0.628767
0.606686 0.531030
0.634883 0.378722
0.635654 0.763514
0.641262 0.310401
0.643400 0.506372
0.649689 0.557382
0.660378 0.429121
0.684798 0.557492
0.698227 0.567535
0.708939 0.696445
0.718354 0.309423
0.722306 0.257080
0.724134 0.195487
0.728115 0.510741
0.738064 0.655308
0.757499 0.465045
0.770836 0.598141
0.775057 0.636721
0.782207 0.335524
0.800098 0.818138
0.807183 0.768272
0.837663 0.343514
0.869041 0.662956
0.911662 0.665897
0.990324 0.641267
1.000000 0.810830
