0.000000 0.603091
0.003744 0.627444
0.007695 0.561990
0.011510 0.639923
0.012859 0.592208
0.014832 0.616567
0.016641 0.673880
0.018731 0.543325
0.020454 0.663460
0.021538 0.607673
0.021900 0.638114
0.022720 0.534646
0.023872 0.545059
0.025476 0.760888
0.026992 0.643136
0.027650 0.546959
0.027898 0.747073
0.028152 0.838081
0.028234 0.770880
0.029612 0.499031
0.031624 0.770369
0.032473 0.804693
0.033133 0.465214
0.033530 0.602967
0.033913 0.736580
0.035207 0.585479
0.035640 0.660913
0.035766 0.779499
0.035964 0.650234
0.036020 0.703778
0.036915 0.688487
0.036965 0.535391
0.037076 0.919656
0.038065 0.543439
0.038307 0.664378
0.038547 0.453450
0.039958 0.381536
0.040641 0.607019
0.042009 0.648157
0.042291 0.753518
0.043109 0.712270
0.043199 0.716421
0.043330 0.723982
0.043489 0.909108
0.043689 0.669089
0.045772 0.509179
0.047109 0.666087
0.047158 0.512469
0.047262 0.728640
0.047333 0.673268
0.051049 0.630323
0.051322 0.622630
0.052898 0.549485
0.052935 0.675735
0.053645 0.527495
0.054187 0.501560
0.054245 0.539031
0.055000 0.439099
0.057820 0.465035
0.058112 0.620492
0.058941 0.339602
0.061128 0.817073
0.061630 0.477416
0.062127 0.607720
0.062373 0.770753
0.062829 0.575394
0.062948 0.509585
0.064305 0.754489
0.064672 0.793724
0.065526 0.555855
0.066058 0.542493
0.066815 0.558788
0.067145 0.814224
0.067275 0.590858
0.067475 0.739508
0.067714 0.605605
0.069094 0.460495
0.069853 0.459394
0.070274 0.611230
0.070628 0.590507
0.070862 0.757420
0.072097 0.717114
0.072377 0.775410
0.073118 0.697996
0.073654 0.507466
0.074509 0.486611
0.074740 0.546681
0.075343 0.609801
0.076535 0.698718
0.076567 0.535180
0.076798 0.663641
0.077261 0.695843
0.077952 0.569996
0.078170 0.403099
0.078369 0.483338
0.079099 0.342931
0.079125 0.644063
0.079542 0.657033
0.079591 0.619539
0.079780 0.474030
0.080644 0.764327
0.081451 0.630142
0.081511 0.524635
0.082681 0.599792
0.083398 0.653481
0.083508 0.782524
0.083541 0.664536
0.084080 0.626358
0.084249 0.599848
0.084344 0.868021
0.084923 0.560656
0.086044 0.630783
0.086600 0.518397
0.087120 0.630948
0.088596 0.857016
0.089564 0.457757
0.090592 0.811345
0.090748 0.552192
0.091971 0.828915
0.092641 0.543024
0.092739 0.733891
0.094481 0.503451
0.094944 0.855356
0.095079 0.709408
0.095135 0.931966
0.095495 0.728730
0.095622 0.620622
0.095662 0.824863
0.095688 0.523403
0.095796 0.790920
0.095853 0.558377
0.098333 0.400459
0.098903 0.673148
0.099194 0.597817
0.099913 0.865296
0.100458 0.611478
0.100523 0.356666
0.101747 0.632394
0.102498 1.000000
0.102797 0.640867
0.103247 0.648317
0.104914 0.693418
0.106748 0.797192
0.106845 0.438528
0.106895 0.756451
0.107036 0.792190
0.107593 0.664365
0.108371 0.706843
0.109442 0.695945
0.109566 0.600220
0.110291 0.734038
0.110586 0.671182
0.111288 0.696749
0.111866 0.717444
0.112943 0.654063
0.113260 0.733291
0.114110 0.263323
0.114523 0.722490
0.115531 0.584409
0.115611 0.810444
0.115930 0.581065
0.116623 0.569981
0.117044 0.433963
0.117242 0.916167
0.117325 0.377000
0.118070 0.606617
0.118334 0.875964
0.118480 0.615448
0.120393 0.797927
0.120857 0.716835
0.121017 0.625520
0.121471 0.628713
0.121635 0.720947
0.122193 0.563019
0.122274 0.647993
0.122708 0.595680
0.122995 0.682007
0.123032 0.711880
0.123364 0.334600
0.123379 0.550473
0.123519 0.849913
0.124360 0.696035
0.124438 0.563125
0.124650 0.747544
0.124848 0.693968
0.126819 0.475893
0.127478 0.477934
0.127597 0.558659
0.127978 0.305380
0.128117 0.522007
0.129236 0.979257
0.129353 0.641600
0.129969 0.641078
0.130956 0.695768
0.131137 0.481722
0.131205 0.525589
0.131436 0.770655
0.131959 0.766773
0.132669 0.475681
0.132914 0.674392
0.133011 0.593918
0.133159 0.575639
0.133357 0.659709
0.133402 0.631177
0.133663 0.728671
0.134005 0.466147
0.134162 0.674433
0.134401 0.608390
0.134685 0.781949
0.134938 0.638378
0.135088 0.896010
0.135229 0.733352
0.135681 0.478929
0.136013 0.740153
0.136115 0.565357
0.136457 0.550983
0.136611 0.745540
0.136992 0.740383
0.137684 0.551354
0.137795 0.496822
0.138594 0.542903
0.138616 0.549655
0.138687 0.514129
0.138703 0.564424
0.139220 0.778840
0.139581 0.581042
0.139699 0.541967
0.139825 0.509604
0.139887 0.618725
0.140033 0.738884
0.140037 0.659886
0.140152 0.661032
0.140263 0.496039
0.140536 0.601528
0.140630 0.557745
0.140698 0.525035
0.140970 0.522360
0.141068 0.578222
0.141102 0.563072
0.141358 0.676779
0.141623 0.530975
0.142106 0.611533
0.142124 0.443377
0.142143 0.728999
0.142479 0.711611
0.142885 0.692469
0.143097 0.639177
0.143255 0.741624
0.144006 0.533328
0.144095 0.575501
0.144198 0.735077
0.144371 0.669862
0.145258 0.677316
0.145303 0.806016
0.145751 0.402137
0.146516 0.496460
0.146823 0.596659
0.147102 0.550189
0.147118 0.554490
0.148114 0.647012
0.148428 0.609139
0.148727 0.620140
0.148781 0.538786
0.149189 0.696880
0.149195 0.795197
0.149593 0.689248
0.149817 0.492339
0.150123 0.765605
0.150691 0.717103
0.150970 0.734704
0.151427 0.861260
0.151833 0.640864
0.152176 0.616031
0.152684 0.562062
0.154259 0.678881
0.154865 0.216810
0.154873 0.624431
0.155135 0.664277
0.155219 0.855358
0.155905 0.505924
0.156216 0.738988
0.157856 0.506549
0.157918 0.613599
0.157948 0.766437
0.158207 0.812188
0.158377 0.624951
0.158695 0.551329
0.159348 0.477455
0.160067 0.490795
0.160749 0.478411
0.161407 0.761373
0.161721 0.506483
0.162900 0.808781
0.163166 0.480669
0.163257 0.642281
0.163623 0.735288
0.164835 0.422296
0.164979 0.731561
0.165117 0.593439
0.165649 0.524401
0.165861 0.714090
0.165884 0.584748
0.166336 0.586136
0.166943 0.568953
0.167504 0.578204
0.168792 0.897111
0.169054 0.697306
0.169080 0.568631
0.169100 0.660614
0.169119 0.666034
0.169554 0.664253
0.169861 0.745595
0.169963 0.588943
0.169991 0.620437
0.170220 0.499988
0.170451 0.610553
0.170785 0.634900
0.171044 0.719196
0.171365 0.723479
0.171447 0.554681
0.171654 0.566785
0.171674 0.526109
0.172304 0.456309
0.172775 0.574082
0.173136 0.643579
0.173614 0.535253
0.173729 0.547219
0.174681 0.467124
0.174850 0.265190
0.175138 0.859162
0.175943 0.621896
0.176331 0.426437
0.176338 0.731633
0.176436 0.556967
0.176532 0.727074
0.178130 0.744687
0.179072 0.631253
0.179633 0.533398
0.179878 0.443101
0.180130 0.532125
0.180308 0.462058
0.180453 0.728822
0.180555 0.375501
0.180688 0.580613
0.181539 0.652151
0.181608 0.407667
0.181815 0.681214
0.182537 0.767331
0.182830 0.615308
0.183103 0.529427
0.183177 0.599215
0.184001 0.634296
0.184206 0.540778
0.185438 0.540597
0.185471 0.584178
0.186117 0.361658
0.186271 0.340026
0.186575 0.399344
0.187432 0.706572
0.188212 0.724275
0.188883 0.791363
0.188914 0.669027
0.189048 0.674527
0.189146 0.602436
0.189865 0.744197
0.190092 0.526496
0.190758 0.666478
0.190864 0.656369
0.191084 0.398896
0.191845 0.692980
0.192060 0.739809
0.192118 0.661841
0.192396 0.327732
0.192406 0.568108
0.192523 0.383214
0.192973 0.468017
0.193106 0.649112
0.193524 0.780246
0.194162 0.571064
0.194178 0.639961
0.194245 0.593878
0.194406 0.696929
0.194600 0.688067
0.195456 0.751659
0.195678 0.791640
0.195881 0.723081
0.195956 0.616837
0.195985 0.717327
0.195991 0.754001
0.196110 0.551134
0.196447 0.614674
0.197293 0.590811
0.197357 0.559263
0.197889 0.359773
0.198366 0.666894
0.198594 0.746811
0.198683 0.633499
0.199122 0.464777
0.199459 0.515169
0.199473 0.538684
0.199481 0.487824
0.199860 0.540531
0.199881 0.731954
0.200060 0.592044
0.200154 0.508975
0.200185 0.563206
0.200328 0.652361
0.200619 0.628919
0.200714 0.583220
0.200780 0.555664
0.200941 0.528017
0.201119 0.698233
0.201152 0.875645
0.201262 0.691191
0.201539 0.630756
0.201826 0.397267
0.202527 0.888366
0.202542 0.622986
0.203159 0.692729
0.203619 0.483411
0.203662 0.832129
0.203845 0.355834
0.204191 0.339441
0.204257 0.443022
0.204690 0.645617
0.204706 0.732306
0.205284 0.447678
0.205778 0.552362
0.205813 0.510613
0.206453 0.645892
0.206641 0.582508
0.207212 0.530172
0.207427 0.410657
0.207809 0.660134
0.208525 0.512728
0.208575 0.552229
0.209309 0.584215
0.209358 0.868377
0.209582 0.619686
0.210144 0.526401
0.210342 0.343050
0.210445 0.594960
0.211183 0.554028
0.211444 0.681423
0.211759 0.652077
0.212689 0.887265
0.213050 0.305422
0.213384 0.460681
0.213640 0.300232
0.213959 0.428108
0.214198 0.745474
0.214271 0.614383
0.214336 0.539626
0.215554 0.451737
0.215988 0.544015
0.216360 0.710194
0.216593 0.279049
0.216889 0.548538
0.217202 0.474837
0.217600 0.651251
0.217713 0.534629
0.217885 0.662853
0.218159 0.784061
0.218548 0.509101
0.218768 0.599753
0.219019 0.556389
0.219025 0.783158
0.219280 0.335331
0.219861 0.736429
0.220284 0.367271
0.221018 0.504213
0.222029 0.458322
0.222491 0.566925
0.222666 0.650021
0.223114 0.502867
0.223504 0.552510
0.223727 0.791867
0.223821 0.430116
0.224261 0.535782
0.225070 0.780680
0.225381 0.446993
0.226333 0.603967
0.226385 0.702911
0.226756 0.743711
0.226908 0.470075
0.227074 0.621776
0.227470 0.621995
0.228136 0.603669
0.228467 0.255567
0.229740 0.608829
0.230100 0.502027
0.230483 0.438803
0.230626 0.650451
0.230791 0.645694
0.231518 0.546699
0.233858 0.336676
0.233914 0.514612
0.233918 0.810558
0.234479 0.515299
0.234726 0.470553
0.235312 0.521245
0.236350 0.626085
0.236525 0.421677
0.238198 0.497237
0.238416 0.383788
0.239087 0.790339
0.239147 0.568464
0.239246 0.422493
0.240234 0.534573
0.240287 0.389417
0.240312 0.500702
0.240377 0.555065
0.240672 0.697822
0.240980 0.801632
0.241623 0.580677
0.241824 0.635726
0.242007 0.699172
0.242329 0.588420
0.242344 0.603721
0.242400 0.741420
0.242563 0.443649
0.243485 0.486995
0.243501 0.321257
0.244279 0.500715
0.244694 0.473184
0.244699 0.595389
0.246165 0.561319
0.246216 0.651840
0.246429 0.390757
0.246549 0.409035
0.246621 0.702053
0.246652 0.568095
0.246692 0.728678
0.246939 0.555641
0.247153 0.743285
0.247824 0.344431
0.248354 0.410624
0.248498 0.539751
0.248585 0.389638
0.248846 0.561141
0.249063 0.642212
0.249655 0.511934
0.250092 0.622261
0.250321 0.527509
0.250740 0.608435
0.251557 0.698699
0.251766 0.358847
0.252770 0.459818
0.253276 0.736265
0.253886 0.565959
0.254080 0.791520
0.254790 0.594308
0.254967 0.433025
0.255914 0.489181
0.256264 0.537542
0.256332 0.655216
0.256615 0.335911
0.256782 0.700504
0.257040 0.640771
0.257142 0.652964
0.257280 0.554881
0.257408 0.592865
0.257506 0.461730
0.257531 0.476695
0.257739 0.482849
0.257866 0.500174
0.258173 0.658101
0.260259 0.527089
0.260503 0.566133
0.260660 0.656703
0.260722 0.380239
0.260738 0.398675
0.260780 0.451653
0.261247 0.493002
0.261265 0.496196
0.261500 0.566154
0.261660 0.411103
0.261975 0.476736
0.262325 0.664533
0.262686 0.558516
0.263019 0.641069
0.263494 0.469293
0.264046 0.536294
0.264515 0.288237
0.264635 0.533576
0.266534 0.357601
0.266673 0.541089
0.266735 0.524496
0.266744 0.763726
0.266902 0.287893
0.267147 0.573682
0.267732 0.550697
0.267839 0.476760
0.268481 0.541297
0.268748 0.549835
0.270448 0.581122
0.271691 0.490302
0.271824 0.466974
0.271889 0.641227
0.272168 0.677853
0.272326 0.390646
0.272546 0.396549
0.272686 0.547422
0.273188 0.504869
0.273534 0.519966
0.273861 0.856536
0.274342 0.555151
0.274595 0.523785
0.274837 0.737386
0.275324 0.399221
0.275474 0.479683
0.275500 0.539617
0.275594 0.474220
0.275643 0.329550
0.275982 0.599191
0.277325 0.487521
0.277997 0.562170
0.278031 0.371198
0.278299 0.265219
0.278484 0.336972
0.278559 0.640341
0.278943 0.543675
0.279342 0.563382
0.280428 0.383306
0.280601 0.431769
0.280895 0.587939
0.281961 0.457347
0.282069 0.347228
0.282917 0.414046
0.282982 0.672160
0.283164 0.484122
0.283645 0.499299
0.283677 0.388246
0.283970 0.407547
0.284041 0.595297
0.284190 0.434433
0.284194 0.422717
0.284240 0.544915
0.284956 0.771630
0.285259 0.487990
0.285317 0.652630
0.285318 0.497112
0.285468 0.577719
0.285646 0.308667
0.286778 0.646235
0.286803 0.823604
0.287140 0.487308
0.287309 0.462518
0.287905 0.675968
0.288210 0.475269
0.288399 0.403255
0.289361 0.737069
0.289909 0.372743
0.290263 0.531989
0.290400 0.467120
0.290495 0.535049
0.293084 0.434385
0.293457 0.673167
0.293536 0.902058
0.293655 0.489365
0.294407 0.427398
0.294495 0.835664
0.295765 0.590368
0.295853 0.597836
0.295875 0.477218
0.296036 0.427026
0.296434 0.562495
0.299739 0.557044
0.299841 0.564829
0.300668 0.626090
0.301276 0.651516
0.301840 0.632175
0.301898 0.479328
0.302979 0.555840
0.303494 0.592037
0.303690 0.548534
0.303950 0.242229
0.304106 0.421288
0.304351 0.527060
0.305223 0.376242
0.306432 0.354104
0.306487 0.650559
0.306672 0.459733
0.306834 0.667681
0.306910 0.592203
0.307403 0.413269
0.308213 0.351892
0.308258 0.326816
0.308343 0.526887
0.309424 0.619305
0.309631 0.584863
0.309864 0.473354
0.309980 0.329576
0.310371 0.403372
0.310411 0.577085
0.310544 0.325169
0.310549 0.601416
0.310578 0.708489
0.310957 0.320416
0.311653 0.317784
0.312864 0.631491
0.314282 0.638296
0.314334 0.366350
0.315357 0.603811
0.316625 0.661739
0.316901 0.629362
0.317031 0.416527
0.318047 0.550529
0.318907 0.326299
0.319267 0.173978
0.320666 0.582534
0.321293 0.448163
0.322062 0.580563
0.322752 0.527824
0.323599 0.567213
0.324323 0.478816
0.324486 0.692341
0.324797 0.380674
0.325445 0.497728
0.325923 0.514546
0.326078 0.257699
0.326127 0.485465
0.328621 0.431531
0.328903 0.374309
0.329404 0.330445
0.330392 0.453912
0.331033 0.500098
0.331156 0.463281
0.331289 0.404668
0.331571 0.554578
0.331877 0.357869
0.331920 0.552250
0.332496 0.355760
0.332584 0.465739
0.332786 0.239192
0.333155 0.634814
0.333217 0.501141
0.333253 0.435445
0.333340 0.742200
0.334106 0.434413
0.335348 0.555756
0.336798 0.529181
0.336800 0.772667
0.336819 0.526922
0.337107 0.527015
0.337139 0.565647
0.338470 0.601773
0.338483 0.495009
0.338760 0.607730
0.338807 0.512416
0.339499 0.319988
0.340016 0.174226
0.340426 0.574416
0.340916 0.665225
0.341422 0.569984
0.341708 0.595772
0.341774 0.575209
0.342111 0.575186
0.343319 0.362235
0.343357 0.638031
0.343676 0.341720
0.343958 0.407407
0.344871 0.562842
0.345928 0.469887
0.346372 0.563572
0.347696 0.620216
0.348497 0.585043
0.348665 0.485716
0.348906 0.756645
0.349259 0.565033
0.349373 0.582623
0.349822 0.593275
0.350345 0.279302
0.350437 0.472617
0.350841 0.570793
0.351861 0.498240
0.352614 0.275665
0.352690 0.648374
0.352961 0.538620
0.354497 0.757200
0.354617 0.415477
0.354740 0.336766
0.356097 0.534660
0.356502 0.375258
0.356697 0.141383
0.359374 0.596370
0.359402 0.379723
0.361132 0.634845
0.361248 0.394698
0.361688 0.524600
0.361997 0.438538
0.362974 0.488965
0.363162 0.546137
0.363197 0.483803
0.364541 0.510384
0.364925 0.292030
0.365577 0.296084
0.365891 0.400377
0.366775 0.430668
0.366926 0.217285
0.367708 0.525484
0.367927 0.357054
0.368355 0.396656
0.368562 0.582562
0.370832 0.619081
0.371413 0.623515
0.372213 0.325494
0.372581 0.283389
0.372849 0.431062
0.372998 0.487574
0.374302 0.304296
0.374318 0.565104
0.374801 0.396360
0.375065 0.691831
0.377041 0.360136
0.377920 0.516153
0.379345 0.471087
0.380043 0.285340
0.380525 0.471559
0.380621 0.711936
0.380835 0.344145
0.380873 0.506783
0.381087 0.526679
0.381144 0.364384
0.382079 0.596466
0.383084 0.311515
0.383868 0.326593
0.384419 0.346412
0.384979 0.424543
0.385283 0.289478
0.385552 0.327035
0.385718 0.481766
0.385774 0.626812
0.388269 0.500484
0.389875 0.309885
0.390715 0.555951
0.391023 0.316561
0.391236 0.424042
0.392552 0.449006
0.393087 0.394548
0.393101 0.525194
0.393346 0.512259
0.396150 0.461173
0.396335 0.356203
0.396500 0.604326
0.396815 0.527166
0.396845 0.480840
0.397161 0.424267
0.397514 0.414348
0.397711 0.630489
0.398939 0.373321
0.399109 0.530199
0.400328 0.427436
0.400727 0.432667
0.401262 0.379289
0.401694 0.526660
0.401897 0.319843
0.401989 0.324678
0.402280 0.431019
0.402388 0.458548
0.402451 0.225459
0.404942 0.536502
0.405845 0.438777
0.405855 0.163329
0.406580 0.495545
0.406963 0.469479
0.407058 0.425295
0.407171 0.446305
0.409865 0.519148
0.411758 0.459439
0.411916 0.270728
0.412365 0.357529
0.413112 0.537801
0.413127 0.573565
0.413862 0.263126
0.413979 0.679060
0.414556 0.606659
0.415017 0.518965
0.416768 0.470613
0.417662 0.328915
0.418794 0.568757
0.419395 0.480900
0.421002 0.567715
0.421556 0.187154
0.422713 0.430643
0.423661 0.373893
0.424631 0.459027
0.424878 0.314653
0.427522 0.542881
0.428638 0.485232
0.429000 0.478611
0.429031 0.384856
0.429037 0.448168
0.430252 0.549475
0.431633 0.461772
0.432072 0.345293
0.432259 0.650047
0.432642 0.438943
0.432894 0.312769
0.432962 0.349463
0.433108 0.508796
0.435287 0.336200
0.435619 0.354587
0.435928 0.164858
0.437387 0.400442
0.437422 0.231845
0.437909 0.333718
0.438315 0.198915
0.438649 0.214416
0.440960 0.413075
0.441749 0.449614
0.443393 0.241713
0.443486 0.242172
0.444279 0.570129
0.445730 0.639637
0.447259 0.342478
0.449455 0.303952
0.449612 0.217988
0.449839 0.529590
0.452701 0.402414
0.453500 0.313281
0.454342 0.295050
0.454673 0.362773
0.456574 0.459976
0.458199 0.473739
0.459552 0.187965
0.461763 0.281792
0.462139 0.186112
0.465611 0.522656
0.465721 0.361729
0.466060 0.425371
0.468639 0.257799
0.469204 0.165172
0.469440 0.410212
0.470058 0.412213
0.472529 0.289247
0.474757 0.360857
0.474778 0.287101
0.475780 0.490878
0.478862 0.458769
0.480381 0.363522
0.480892 0.427629
0.481288 0.523124
0.481783 0.417860
0.483115 0.499344
0.483701 0.398212
0.484345 0.313488
0.486194 0.200850
0.489637 0.487357
0.490524 0.182936
0.491034 0.264768
0.493122 0.289130
0.496012 0.348945
0.496145 0.211573
0.502336 0.451605
0.505462 0.397304
0.506997 0.313431
0.507579 0.297276
0.509112 0.239727
0.513076 0.269064
0.516106 0.371944
0.516111 0.272125
0.517438 0.120860
0.519102 0.299871
0.520386 0.491144
0.520781 0.389052
0.521647 0.253990
0.524658 0.418933
0.532493 0.277380
0.535913 0.199764
0.538412 0.087524
0.538695 0.470209
0.539970 0.260416
0.540503 0.373131
0.542351 0.395471
0.542883 0.487784
0.544419 0.217319
0.544460 0.335535
0.546109 0.462286
0.547999 0.145761
0.557805 0.134228
0.563371 0.548250
0.563439 0.097274
0.563751 0.379047
0.573344 0.165243
0.575054 0.487088
0.576337 0.178827
0.576824 0.325118
0.579298 0.293122
0.580752 0.334683
0.581754 0.273490
0.587144 0.252478
0.589281 0.197481
0.591912 0.204660
0.601851 0.173680
0.606991 0.249941
0.618551 0.240780
0.620083 0.251625
0.620629 0.428061
0.627952 0.160276
0.634449 0.162485
0.638145 0.218402
0.645714 0.469991
0.655794 0.312872
0.669914 0.000000
0.673954 0.341633
0.680274 0.234043
0.684419 0.355302
0.693704 0.315113
0.695856 0.210109
0.712234 0.364289
0.784925 0.229435
0.789300 0.365391
1.000000 0.216388
