0.000000 0.056260
0.009733 0.327981
0.014434 0.361489
0.016016 0.691266
0.017192 0.594492
0.018708 0.793267
0.020137 0.690542
0.028216 0.000000
0.029219 0.533014
0.032366 0.032231
0.037412 0.809499
0.041273 0.241938
0.041309 0.277421
0.041497 0.616886
0.044772 0.493498
0.046585 0.488315
0.052518 0.543396
0.055188 0.812427
0.055297 0.584152
0.056497 0.382895
0.058042 0.502626
0.062904 0.389977
0.063984 0.601969
0.065468 0.575597
0.067983 0.884692
0.071083 0.478321
0.074539 0.587780
0.075959 0.477696
0.078706 0.776154
0.080811 0.420837
0.081646 0.140788
0.082761 0.639570
0.084371 0.670956
0.085191 0.457395
0.088205 0.476012
0.090636 0.816744
0.092499 0.481159
0.101361 0.547470
0.102636 0.585776
0.105015 0.452702
0.105752 0.293233
0.106430 0.492953
0.108335 0.893514
0.108590 0.295328
0.108929 0.647213
0.108945 0.472430
0.109244 0.581185
0.116591 0.665489
0.117579 0.814261
0.118913 0.349147
0.125502 0.603787
0.126355 0.513430
0.131244 0.780550
0.132732 0.517239
0.132907 0.660231
0.137211 0.806955
0.144329 0.385722
0.144476 0.641355
0.152951 0.658240
0.153043 0.517218
0.154906 0.322589
0.155149 0.783613
0.158140 0.740711
0.161169 0.670238
0.164842 0.642147
0.172711 0.596859
0.178639 0.465675
0.178705 0.878383
0.179681 0.578114
0.179980 0.473682
0.180218 0.690527
0.184106 0.592506
0.184401 0.623225
0.186203 0.593136
0.186503 0.633258
0.196911 0.705000
0.203154 0.659405
0.204398 0.745195
0.205203 0.544704
0.208457 0.672437
0.209209 0.647603
0.209390 0.545270
0.210305 0.697851
0.210941 0.484549
0.212243 0.469763
0.215811 0.639204
0.219624 0.650263
0.221090 0.489606
0.221652 0.591362
0.221825 0.678236
0.222119 0.553401
0.225092 0.850805
0.226370 0.470217
0.228989 0.808956
0.229225 0.668620
0.229765 0.690942
0.232450 0.756219
0.235203 0.505863
0.244120 0.569093
0.244815 0.803301
0.245505 0.765280
0.249951 0.802134
0.250563 0.422563
0.253178 0.688693
0.254274 0.697259
0.256895 0.480693
0.258398 0.779976
0.258418 0.776816
0.259620 0.678300
0.263076 0.778482
0.264924 0.498476
0.266787 0.730452
0.269386 0.828929
0.270875 0.813732
0.272820 0.612192
0.275925 0.804142
0.276058 0.561587
0.285350 0.668768
0.287541 0.824787
0.289866 0.924857
0.292094 0.552159
0.293166 0.779464
0.296283 0.653265
0.297527 0.919870
0.299787 0.543329
0.301794 0.870763
0.307806 0.639596
0.313886 0.676584
0.315090 0.741484
0.315414 0.660464
0.316368 0.898272
0.321882 0.622848
0.325460 0.831269
0.332112 0.767179
0.334448 0.555517
0.337402 0.721198
0.338643 0.725418
0.341631 0.681414
0.347650 0.807089
0.354412 0.807786
0.354998 0.897198
0.358091 0.703157
0.358140 0.697755
0.362170 0.541742
0.363381 0.791202
0.364449 0.580520
0.365797 0.713051
0.366145 0.706133
0.367922 0.682099
0.368883 0.684355
0.371229 0.669938
0.373198 0.649642
0.374060 0.611545
0.375561 0.735460
0.378515 0.733735
0.378523 0.817854
0.381491 0.695881
0.385317 0.571089
0.386565 0.673748
0.387649 0.830729
0.391804 0.759693
0.397767 0.579178
0.407523 0.590385
0.411251 0.730617
0.414865 0.733457
0.415013 0.718010
0.422495 0.732922
0.424671 0.667957
0.428434 0.743139
0.437365 0.743635
0.441919 0.780256
0.443048 0.756147
0.448207 0.799207
0.450089 0.670192
0.450573 0.705516
0.452204 0.866467
0.452412 0.792854
0.454481 0.708940
0.455661 0.719581
0.456323 0.705392
0.461005 0.659118
0.462817 0.797282
0.463888 0.620573
0.468731 0.717681
0.469411 0.781054
0.471274 0.702609
0.471605 0.980311
0.475118 0.865403
0.475135 0.613753
0.477140 0.793502
0.480064 0.686772
0.495025 0.775438
0.498982 0.685970
0.504100 0.683891
0.504112 0.887524
0.504174 0.768074
0.506543 0.871271
0.507011 0.839605
0.507371 0.691438
0.507905 0.704393
0.508302 0.795443
0.524784 0.827224
0.526096 0.677859
0.527466 0.665168
0.528555 0.869904
0.530274 0.856641
0.530459 0.812316
0.531513 0.848825
0.532883 0.893911
0.533021 0.814434
0.534807 0.722521
0.540299 0.661080
0.544576 0.711510
0.544597 0.641612
0.545285 0.677334
0.546399 0.738545
0.547490 0.792073
0.548528 0.848413
0.549378 0.879525
0.554768 0.717177
0.561269 0.655885
0.565151 0.861308
0.569238 0.865036
0.571932 0.677378
0.575592 0.836183
0.576281 0.647490
0.578516 0.793066
0.578848 0.717223
0.584828 0.946385
0.585770 0.738902
0.587230 0.960763
0.587468 0.786521
0.588205 0.855499
0.590723 0.795863
0.591381 0.804331
0.592791 0.722165
0.593987 0.851239
0.595498 0.827944
0.595570 0.688020
0.597530 0.801293
0.597558 0.856504
0.597574 0.710799
0.601843 0.826260
0.602494 0.803557
0.606128 0.812948
0.606812 0.862644
0.610955 0.840948
0.611230 0.782734
0.617916 0.933263
0.622927 0.675898
0.631539 0.816697
0.635786 0.867965
0.637124 0.791595
0.637717 0.718605
0.639084 0.873787
0.646057 0.858213
0.646403 0.795069
0.647362 0.862682
0.649872 0.850297
0.655191 0.700202
0.656770 0.910212
0.657638 0.763632
0.658133 0.894617
0.658741 0.815314
0.663343 0.943591
0.665755 0.870007
0.668872 0.875493
0.670062 0.937094
0.670536 0.773290
0.673236 0.773566
0.674629 0.711901
0.678855 0.919585
0.679505 0.734198
0.686450 0.830022
0.688799 0.834418
0.689491 0.818064
0.698673 0.925408
0.702992 0.736935
0.706754 0.942912
0.707011 0.708139
0.707881 0.818531
0.707933 0.856667
0.710242 0.724549
0.710565 0.810329
0.716201 0.766924
0.717641 0.841426
0.722003 0.778160
0.723935 0.720488
0.724076 0.776241
0.725108 0.884673
0.726202 0.771916
0.726623 0.824086
0.729600 0.971486
0.730053 0.873154
0.738397 0.893148
0.738587 0.852222
0.742002 0.741954
0.743694 0.841516
0.745342 0.770447
0.746683 0.815413
0.747202 0.798573
0.753108 0.742946
0.753703 0.941705
0.754124 0.862044
0.754139 0.844375
0.763586 0.823386
0.771527 0.838933
0.773795 0.766555
0.778854 0.808640
0.780016 0.819896
0.785385 0.758833
0.789089 0.933286
0.789893 0.878825
0.792635 0.926880
0.794175 0.783920
0.796766 0.741752
0.802450 0.741696
0.804458 0.870261
0.806215 0.744798
0.808529 0.786896
0.815673 0.824215
0.818884 0.924365
0.820721 0.766295
0.824344 0.814377
0.826719 0.803796
0.827264 0.854242
0.827277 0.806296
0.829393 0.828204
0.829675 0.811167
0.837178 0.900567
0.840759 0.949113
0.844032 0.788746
0.846869 0.881657
0.850858 0.879248
0.854481 0.894524
0.854794 0.828533
0.857508 0.829640
0.859471 0.934455
0.861261 0.916873
0.861406 0.895722
0.861919 0.952606
0.862254 0.951052
0.862337 0.865430
0.862533 0.913333
0.863008 0.927439
0.864551 0.872404
0.864742 0.877235
0.867165 0.769285
0.871129 0.839336
0.872637 0.852753
0.874214 0.855642
0.874432 0.791209
0.875134 0.804722
0.877232 0.802585
0.877549 0.784669
0.880776 0.959557
0.881830 0.824768
0.882913 0.805102
0.886831 0.961940
0.890635 0.851637
0.895757 0.949960
0.901125 0.907500
0.901235 0.918952
0.903095 0.960445
0.904058 0.841521
0.904404 0.887298
0.908747 0.791081
0.910405 0.775076
0.912050 0.809854
0.912126 0.801153
0.927324 0.856547
0.931499 0.839814
0.933215 0.894321
0.935795 0.887286
0.938017 0.815897
0.939206 0.834195
0.942690 0.931101
0.942946 0.948443
0.944209 0.885427
0.944258 0.825291
0.945131 1.000000
0.948610 0.892513
0.955730 0.887777
0.955946 0.874994
0.955947 0.878681
0.959278 0.852065
0.965527 0.945511
0.966208 0.908422
0.968972 0.896799
0.973880 0.918552
0.976022 0.844826
0.979771 0.862684
0.980112 0.857429
0.980138 0.837338
0.980706 0.830218
0.984092 0.995973
0.988864 0.896471
0.997473 0.846309
0.998208 0.888403
1.000000 0.884239
