0.000000 0.189133
0.005515 0.229862
0.007919 0.441503
0.010633 0.041041
0.011689 0.307874
0.014821 0.296349
0.017965 0.015428
0.021759 0.383373
0.025345 0.345870
0.026128 0.608714
0.037474 0.622023
0.041528 0.352829
0.043004 0.514411
0.047882 0.360630
0.049350 0.801815
0.053270 0.026983
0.055386 0.188321
0.055750 0.385117
0.056549 0.435588
0.057160 0.497519
0.059994 0.342278
0.060119 0.215321
0.062108 0.286266
0.062333 0.075524
0.063211 0.507448
0.064776 0.002326
0.071008 0.412763
0.071910 0.416390
0.072003 0.378523
0.075540 0.320753
0.076039 0.751702
0.080474 0.509819
0.082430 0.421038
0.083512 0.247765
0.085157 0.476418
0.085412 0.453096
0.085616 0.284560
0.087738 0.380678
0.088204 0.238678
0.089691 0.352637
0.090440 0.298892
0.091447 0.296915
0.091637 0.680412
0.092118 0.157852
0.092333 0.112608
0.093757 0.170981
0.094051 0.875166
0.094130 0.495811
0.095880 0.254145
0.096728 0.241941
0.096859 0.234026
0.097784 0.509012
0.099035 0.288449
0.099314 0.715410
0.099516 0.600146
0.100615 0.516397
0.102254 0.578117
0.102935 0.580492
0.104501 0.467615
0.106365 0.667074
0.107714 0.181071
0.113591 0.350963
0.113915 0.550035
0.114519 0.917031
0.115603 0.270603
0.115776 0.601799
0.115866 0.296859
0.118526 0.399095
0.120710 0.712400
0.121467 0.624159
0.122081 0.296904
0.125812 0.135390
0.126032 0.335051
0.127483 0.252145
0.128070 0.388960
0.130631 0.584957
0.131099 0.280990
0.131727 0.933522
0.132198 0.420264
0.132374 0.386081
0.133092 0.283708
0.135038 0.506142
0.135082 0.144329
0.135474 0.487379
0.135738 0.403047
0.137190 0.207866
0.138267 0.282890
0.140083 0.179113
0.140451 0.531731
0.140474 0.543667
0.143034 0.127569
0.143176 0.152751
0.143903 0.537122
0.144119 0.215346
0.146185 0.535564
0.146303 0.244144
0.147536 0.546613
0.149838 0.518490
0.151503 0.414755
0.151802 0.122081
0.151862 0.292210
0.154029 0.272699
0.157251 0.902032
0.158132 0.989503
0.159385 0.313664
0.159727 0.301740
0.161973 0.353772
0.162883 0.142762
0.163449 0.812490
0.163685 0.232731
0.165930 0.232182
0.166309 0.152947
0.167085 0.413003
0.167427 0.323096
0.167772 0.472906
0.169973 0.533262
0.170909 0.369405
0.171564 0.220215
0.173307 0.369636
0.173951 0.340816
0.174266 0.439354
0.174442 0.429911
0.177054 0.219042
0.177389 0.271987
0.180774 0.624521
0.183766 0.315466
0.183956 0.463790
0.185610 0.295761
0.186066 0.155634
0.186739 0.401746
0.186855 0.453798
0.187059 0.497474
0.188233 0.199994
0.188664 0.175829
0.190450 0.263469
0.190670 0.155956
0.191712 0.301448
0.193706 0.311391
0.194106 0.371469
0.194704 0.302394
0.194824 0.132230
0.195888 0.164499
0.196681 0.662675
0.197050 0.563568
0.197185 0.309667
0.197394 0.585901
0.198670 1.000000
0.199120 0.342430
0.199667 0.745878
0.201068 0.495577
0.201364 0.599540
0.202218 0.859109
0.204009 0.477803
0.204151 0.984248
0.207019 0.426884
0.210708 0.297524
0.211743 0.361160
0.212146 0.474074
0.212371 0.102008
0.215223 0.444070
0.215916 0.389659
0.216347 0.191567
0.218055 0.289292
0.218779 0.909813
0.219404 0.184720
0.220407 0.535706
0.220675 0.201149
0.221133 0.084438
0.222892 0.353556
0.223416 0.295962
0.223635 0.123155
0.224009 0.503980
0.224841 0.142893
0.227105 0.655071
0.227150 0.101966
0.228279 0.238033
0.230296 0.186826
0.230623 0.182764
0.230932 0.502930
0.231557 0.181714
0.232162 0.217920
0.233061 0.088778
0.233197 0.179285
0.234589 0.169850
0.234730 0.283624
0.235396 0.791927
0.235589 0.243185
0.236495 0.182386
0.237237 0.655308
0.237541 0.036577
0.237828 0.421408
0.238313 0.308521
0.240997 0.334596
0.241953 0.625896
0.242175 0.579979
0.242696 0.119593
0.243154 0.417857
0.243816 0.588840
0.245270 0.405090
0.245380 0.584035
0.249281 0.432502
0.249578 0.282306
0.249806 0.467361
0.251282 0.053951
0.251743 0.147369
0.253564 0.484746
0.253847 0.315889
0.254494 0.632163
0.254688 0.000000
0.255044 0.462336
0.255588 0.083071
0.255967 0.405367
0.256019 0.254770
0.256961 0.399949
0.258497 0.564207
0.261592 0.418530
0.262250 0.194774
0.263781 0.226153
0.263891 0.258674
0.264732 0.231304
0.265381 0.291369
0.265509 0.414505
0.266150 0.189205
0.267089 0.862914
0.267437 0.633384
0.268595 0.066206
0.269536 0.495681
0.271576 0.121062
0.272625 0.523941
0.273007 0.339539
0.274400 0.144016
0.275224 0.519101
0.275837 0.273670
0.278008 0.227008
0.278516 0.259722
0.278627 0.066885
0.280736 0.461994
0.280834 0.303822
0.282270 0.412493
0.282311 0.392007
0.282370 0.171971
0.282841 0.599316
0.283007 0.285903
0.283709 0.568004
0.285085 0.351886
0.285603 0.238344
0.286387 0.446857
0.286712 0.260855
0.287990 0.294443
0.288869 0.431033
0.289252 0.491834
0.289570 0.527829
0.290989 0.180858
0.291324 0.189456
0.291422 0.540895
0.291774 0.204603
0.292411 0.516059
0.292412 0.342595
0.292784 0.637477
0.293112 0.442418
0.294040 0.616082
0.295096 0.234690
0.295643 0.475116
0.296004 0.559038
0.296870 0.134620
0.296951 0.264712
0.297334 0.109658
0.297702 0.562301
0.299259 0.263273
0.299549 0.355794
0.299853 0.422303
0.300234 0.155303
0.300921 0.245552
0.301338 0.149386
0.301557 0.105642
0.302209 0.311117
0.302409 0.563612
0.303090 0.314269
0.303209 0.235671
0.303229 0.339829
0.303443 0.343439
0.306197 0.607846
0.306431 0.132968
0.306508 0.215940
0.307433 0.151836
0.307539 0.196819
0.307663 0.993538
0.310238 0.400190
0.310956 0.336010
0.313855 0.311533
0.314521 0.471946
0.315655 0.441833
0.316296 0.046514
0.317276 0.909958
0.317403 0.719725
0.318666 0.308980
0.322898 0.369593
0.324242 0.098257
0.325626 0.370400
0.325700 0.249575
0.326035 0.415022
0.329476 0.397973
0.330570 0.690891
0.330684 0.447952
0.332717 0.031698
0.333671 0.227041
0.335427 0.474315
0.336061 0.162029
0.337501 0.818399
0.338109 0.767279
0.340773 0.311415
0.341019 0.516449
0.343317 0.019660
0.343533 0.285071
0.343804 0.286607
0.344487 0.246769
0.346947 0.583866
0.348472 0.314506
0.349237 0.501469
0.349259 0.288593
0.349487 0.191599
0.349978 0.250261
0.350106 0.183785
0.352445 0.178796
0.353708 0.481534
0.354882 0.354293
0.354946 0.222511
0.356499 0.498615
0.357224 0.157708
0.360094 0.370291
0.361339 0.565839
0.361955 0.223486
0.370446 0.382652
0.371519 0.218145
0.373154 0.641683
0.373208 0.296139
0.373634 0.528083
0.375071 0.260371
0.375518 0.578616
0.375549 0.622771
0.377381 0.183031
0.378929 0.097796
0.379417 0.256868
0.379867 0.347942
0.380220 0.183232
0.382007 0.281527
0.383199 0.322881
0.384265 0.472673
0.384310 0.387921
0.384423 0.092403
0.385106 0.357068
0.386535 0.584917
0.386639 0.203938
0.389173 0.325988
0.390091 0.179005
0.390284 0.465078
0.391104 0.337876
0.393718 0.714810
0.394690 0.426818
0.395088 0.486623
0.395398 0.173086
0.395993 0.124291
0.396137 0.589370
0.396296 0.360802
0.397149 0.594502
0.398564 0.555078
0.398817 0.317252
0.399844 0.564831
0.400641 0.398228
0.402885 0.211062
0.404507 0.012842
0.404847 0.689935
0.405281 0.578921
0.406209 0.151975
0.408381 0.060667
0.408489 0.546874
0.409332 0.574213
0.409513 0.175847
0.411785 0.584473
0.412897 0.373344
0.415400 0.267891
0.418116 0.191417
0.418276 0.448747
0.418956 0.560883
0.420477 0.309156
0.423413 0.544055
0.424151 0.240838
0.426769 0.596666
0.427487 0.292153
0.428910 0.498264
0.429674 0.211668
0.431803 0.086697
0.432033 0.361108
0.433533 0.617213
0.435349 0.477212
0.436838 0.090615
0.442752 0.215282
0.448308 0.170759
0.450358 0.193085
0.451662 0.680201
0.453046 0.511465
0.453761 0.059055
0.454676 0.310276
0.456527 0.152785
0.458844 0.564360
0.459803 0.491111
0.461020 0.279915
0.461066 0.575177
0.464576 0.292079
0.467765 0.132758
0.471071 0.525563
0.471867 0.534203
0.475400 0.592075
0.477351 0.111408
0.485717 0.317156
0.486689 0.416822
0.488123 0.139503
0.489161 0.848382
0.489346 0.254105
0.494463 0.229192
0.501454 0.254962
0.506733 0.468263
0.507834 0.964965
0.511180 0.560483
0.513969 0.346568
0.515457 0.646806
0.516890 0.351915
0.520206 0.123137
0.522426 0.108730
0.523039 0.427533
0.529506 0.797794
0.530355 0.371890
0.530853 0.227542
0.532892 0.305491
0.532946 0.515969
0.535518 0.064964
0.540402 0.546964
0.541510 0.553154
0.543370 0.488132
0.544928 0.637432
0.547706 0.453272
0.549704 0.651694
0.553328 0.615575
0.554953 0.471059
0.559390 0.447974
0.560494 0.456881
0.561663 0.329313
0.565045 0.233612
0.566358 0.211751
0.566545 0.385414
0.571747 0.120166
0.574684 0.364395
0.579831 0.183036
0.584024 0.602284
0.594639 0.239135
0.598367 0.291797
0.602663 0.296877
0.605526 0.464009
0.607794 0.189281
0.617599 0.388230
0.624008 0.424295
0.638702 0.410901
0.644543 0.508465
0.652933 0.195639
0.661253 0.386236
0.669030 0.321845
0.675754 0.610184
0.679280 0.676117
0.693492 0.771859
0.700975 0.391115
0.706249 0.481230
0.753937 0.144647
0.762365 0.221187
0.769330 0.340528
0.777006 0.079853
0.800839 0.471907
0.808772 0.360164
0.827351 0.766684
0.827878 0.620521
0.862242 0.720600
0.944746 0.381203
1.000000 0.704945
