0.000000 0.013613
0.002714 0.123072
0.012156 0.000000
0.012544 0.173737
0.016115 0.195562
0.016693 0.251956
0.027740 0.024752
0.041360 0.095127
0.046838 0.135811
0.053518 0.024167
0.061722 0.029872
0.084440 0.171513
0.091750 0.050869
0.094418 0.217248
0.097151 0.072106
0.098001 0.003845
0.102937 0.202639
0.104347 0.053897
0.108321 0.143781
0.111797 0.099343
0.137677 0.150763
0.148078 0.071031
0.148767 0.000983
0.154902 0.137077
0.167533 0.069155
0.169364 0.233702
0.175615 0.093988
0.176913 0.220879
0.178559 0.272814
0.178984 0.105274
0.184528 0.172955
0.185212 0.021863
0.186171 0.330163
0.187552 0.072391
0.214930 0.127804
0.219427 0.356643
0.241499 0.165239
0.260807 0.059035
0.265893 0.196701
0.276157 0.438479
0.276407 0.250144
0.277838 0.103451
0.280980 0.322815
0.284148 0.283152
0.288902 0.334478
0.298408 0.248435
0.299209 0.244787
0.305667 0.390014
0.308109 0.077181
0.308141 0.203596
0.313454 0.074751
0.315425 0.122525
0.326071 0.428311
0.339443 0.302082
0.347906 0.387984
0.352228 0.420797
0.360327 0.075288
0.378004 0.324621
0.403930 0.369744
0.413443 0.732556
0.413605 0.269064
0.418034 0.191818
0.419595 0.315782
0.427821 0.265238
0.429635 0.292915
0.448420 0.458444
0.469701 0.367974
0.471310 0.214220
0.471408 0.363083
0.491438 0.435171
0.498216 0.397585
0.509769 0.555708
0.524924 0.227478
0.529789 0.445454
0.533020 0.373598
0.541413 0.488571
0.548832 0.405962
0.549648 0.491550
0.550946 0.429727
0.555315 0.612673
0.557384 0.448494
0.567578 0.386508
0.568975 0.288245
0.573581 0.435985
0.574298 0.430371
0.579135 0.367510
0.580032 0.315031
0.580580 0.416876
0.587388 0.244570
0.593287 0.404565
0.597269 0.334392
0.602988 0.438732
0.612118 0.485941
0.616394 0.431153
0.636283 0.325676
0.639395 0.466815
0.650123 0.686140
0.664173 0.510880
0.678209 0.547888
0.685979 0.596582
0.687354 0.524243
0.687895 0.347828
0.695653 0.470478
0.721637 0.650784
0.722917 0.556427
0.723894 0.601860
0.729288 0.567429
0.729771 0.626887
0.731540 0.508293
0.735133 0.631778
0.742388 0.550215
0.747147 0.496485
0.750908 0.474968
0.771148 0.701758
0.783996 0.727855
0.801729 0.652282
0.806305 0.685520
0.819824 0.732400
0.835338 0.648215
0.838678 0.721733
0.842385 0.774733
0.859604 0.747722
0.869114 0.736080
0.870073 0.757472
0.880087 0.812980
0.882701 0.790313
0.883396 0.778985
0.893647 0.828242
0.895880 0.784499
0.900127 0.835283
0.901125 0.778441
0.909760 0.801935
0.920007 0.897132
0.920130 0.871088
0.920515 0.897802
0.920861 0.810614
0.926302 0.874191
0.930159 0.841074
0.943192 0.868215
0.958082 0.916741
0.958643 0.914229
0.966026 0.923623
0.967336 0.924900
0.968837 0.928369
0.983158 0.943733
0.984331 0.971365
0.989692 0.963383
0.991552 0.973811
0.998883 0.990057
1.000000 1.000000
