0.000000 0.054878
0.017846 0.037420
0.028385 0.359141
0.044890 0.046253
0.047397 0.332957
0.074116 0.555044
0.075461 0.027735
0.089486 0.090413
0.103007 0.197477
0.114370 0.000000
0.224499 0.151697
0.233932 0.147972
0.247881 0.222572
0.263177 0.209664
0.271594 0.365662
0.280014 0.237543
0.282754 0.201340
0.290781 0.162084
0.313581 0.237867
0.342601 0.217345
0.368142 0.141700
0.368896 0.382671
0.381799 0.288203
0.398351 0.181875
0.400388 0.579090
0.482749 0.333121
0.487432 0.452936
0.504521 0.304818
0.509271 0.477852
0.534629 0.231005
0.544067 0.735348
0.553678 0.503737
0.555051 0.316172
0.576829 0.345144
0.583155 0.418818
0.599365 0.551706
0.601212 0.524712
0.743494 0.455587
0.760155 0.642550
0.776042 0.697233
0.782924 0.644754
0.799036 0.628179
0.883127 0.844091
0.897898 0.847204
0.898430 0.856744
0.904723 0.815245
0.915381 0.859278
0.941911 0.895278
0.948630 0.904855
0.950496 0.907224
0.961108 0.927861
0.991112 0.990692
0.995385 0.997410
1.000000 1.000000
