0.000000 0.990278
0.000497 0.997278
0.000675 0.997673
0.001240 0.993465
0.001447 0.992951
0.001646 0.984386
0.002534 0.996818
0.002755 0.992977
0.003665 0.989047
0.004313 0.994780
0.004591 1.000000
0.005241 0.988637
0.006786 0.989514
0.007869 0.988107
0.008872 0.984409
0.009067 0.984392
0.009090 0.986356
0.009097 0.992327
0.009842 0.989171
0.010070 0.993054
0.010849 0.950779
0.011538 0.993814
0.013318 0.993489
0.013342 0.991925
0.014172 0.996904
0.014266 0.982076
0.014961 0.993494
0.015096 0.994714
0.017215 0.989745
0.018422 0.997612
0.018910 0.992960
0.019313 0.992524
0.019939 0.988772
0.020958 0.998963
0.021042 0.989417
0.022161 0.998689
0.022287 0.993976
0.022493 0.996131
0.022523 0.995579
0.022561 0.990113
0.023828 0.983747
0.023928 0.991970
0.025005 0.992539
0.027605 0.981376
0.029298 0.986683
0.029318 0.995185
0.029779 0.997268
0.030044 0.986563
0.030075 0.989765
0.030869 0.998084
0.031704 0.986119
0.031729 0.999416
0.032255 0.977055
0.032905 0.980760
0.033694 0.996786
0.033854 0.992094
0.034410 0.988614
0.035635 0.994784
0.035863 0.998039
0.038588 0.993108
0.039229 0.973611
0.039716 0.990450
0.040749 0.995641
0.041354 0.987984
0.041436 0.993010
0.041913 0.984565
0.043181 0.993196
0.044188 0.993087
0.045623 0.987179
0.045631 0.971062
0.046978 0.997015
0.047720 0.992515
0.048054 0.993481
0.049021 0.992861
0.051201 0.991529
0.051265 0.994046
0.052384 0.983272
0.052408 0.975221
0.052866 0.989133
0.053302 0.999157
0.054387 0.994866
0.054633 0.995022
0.055142 0.987443
0.056303 0.984809
0.056315 0.972023
0.059094 0.990280
0.059107 0.996754
0.059626 0.990176
0.060306 0.982168
0.061802 0.993663
0.061915 0.980507
0.063476 0.993645
0.064216 0.977582
0.064656 0.986669
0.065127 0.981163
0.065515 0.983013
0.068049 0.977027
0.068153 0.994969
0.068811 0.980737
0.068900 0.980139
0.068965 0.985989
0.069920 0.994000
0.069967 0.986727
0.070189 0.993048
0.070716 0.996563
0.070815 0.985375
0.071129 0.983228
0.071701 0.992895
0.072031 0.992945
0.073115 0.966716
0.073587 0.984179
0.074449 0.987090
0.075238 0.987595
0.076327 0.983373
0.077372 0.985672
0.077673 0.980618
0.078071 0.978308
0.078392 0.981864
0.078453 0.984196
0.079825 0.991030
0.081752 0.981725
0.082026 0.985722
0.082043 0.987649
0.082425 0.978319
0.082900 0.996283
0.082931 0.972960
0.084178 0.993440
0.084707 0.972761
0.085809 0.984604
0.085822 0.992702
0.085982 0.988962
0.087130 0.989167
0.087171 0.994272
0.087527 0.982464
0.087814 0.994253
0.087824 0.981226
0.088318 0.988679
0.089285 0.985997
0.091242 0.980469
0.092136 0.997404
0.094080 0.985313
0.094180 0.985302
0.095780 0.980503
0.095910 0.976440
0.097121 0.979273
0.098095 0.984902
0.098123 0.988683
0.098235 0.982333
0.098248 0.991203
0.098349 0.988258
0.099502 0.993580
0.099890 0.986484
0.100169 0.993490
0.100443 0.983087
0.100700 0.992229
0.100722 0.979765
0.101291 0.987606
0.101529 0.986310
0.101609 0.994762
0.101976 0.997306
0.103049 0.992025
0.104199 0.982696
0.105410 0.993517
0.105743 0.992245
0.105863 0.987995
0.106570 0.969628
0.109071 0.996511
0.109277 0.997419
0.109445 0.960867
0.109999 0.989045
0.111168 0.987922
0.111439 0.985432
0.112672 0.983688
0.112935 0.984584
0.113889 0.981846
0.114400 0.994688
0.114670 0.979270
0.114746 0.967508
0.115758 0.991148
0.115855 0.982832
0.116743 0.984034
0.116813 0.991190
0.117692 0.970162
0.117951 0.987439
0.117988 0.963963
0.119199 0.990241
0.121533 0.959824
0.121906 0.988197
0.123461 0.987126
0.124381 0.975310
0.127033 0.986540
0.127419 0.996294
0.129825 0.992771
0.130842 0.956840
0.131132 0.983286
0.132765 0.967730
0.133269 0.983834
0.133923 0.979793
0.134138 0.986839
0.135420 0.991905
0.135502 0.990581
0.135963 0.982987
0.137086 0.966247
0.137298 0.960978
0.137638 0.983892
0.137694 0.989771
0.137854 0.999450
0.138526 0.962805
0.139279 0.978856
0.140233 0.986568
0.141027 0.978395
0.141502 0.977440
0.142457 0.982371
0.144052 0.994901
0.144125 0.988156
0.144578 0.989683
0.144587 0.955450
0.145948 0.978241
0.146467 0.987755
0.148732 0.969641
0.149154 0.982004
0.149191 0.987201
0.149873 0.994533
0.150013 0.969383
0.151661 0.991613
0.152485 0.989744
0.152537 0.985757
0.152646 0.987364
0.153001 0.956891
0.153717 0.994348
0.153728 0.993918
0.153916 0.978332
0.154918 0.986977
0.155288 0.983617
0.155709 0.975672
0.155901 0.991621
0.156176 0.958953
0.156560 0.993993
0.157554 0.980448
0.160158 0.985285
0.161312 0.969110
0.161321 0.989169
0.161494 0.965388
0.161684 0.988479
0.162302 0.993023
0.163574 0.990286
0.163797 0.981907
0.163817 0.986345
0.164862 0.980712
0.165372 0.972246
0.165438 0.984612
0.165551 0.981242
0.166050 0.972168
0.166270 0.969617
0.166690 0.955198
0.167343 0.986580
0.170822 0.981540
0.171027 0.981780
0.172870 0.979510
0.175878 0.987374
0.178397 0.973946
0.178502 0.994486
0.178594 0.982034
0.178888 0.985282
0.179531 0.965979
0.179657 0.988424
0.180021 0.993433
0.180781 0.981564
0.181007 0.978556
0.181044 0.977348
0.181049 0.990054
0.181496 0.989509
0.182199 0.984689
0.182768 0.989726
0.183461 0.987142
0.183768 0.976968
0.184082 0.983064
0.186976 0.986318
0.187074 0.963799
0.187386 0.986389
0.188967 0.981611
0.189581 0.989323
0.190163 0.984640
0.192020 0.933364
0.192868 0.969753
0.192904 0.974693
0.193280 0.975858
0.193457 0.981552
0.194221 0.972630
0.194622 0.983827
0.194650 0.972300
0.196841 0.963665
0.197144 0.977277
0.197256 0.989420
0.197701 0.973386
0.197736 0.967949
0.198294 0.981423
0.198430 0.943304
0.198606 0.982754
0.198742 0.983535
0.198886 0.982109
0.199020 0.988647
0.199400 0.963312
0.200450 0.979461
0.201153 0.972700
0.201578 0.988267
0.202604 0.972593
0.204078 0.987968
0.205035 0.963567
0.205493 0.975634
0.205562 0.980020
0.206227 0.965195
0.206480 0.985742
0.207007 0.983474
0.207453 0.955843
0.207617 0.990960
0.208260 0.983336
0.208346 0.971406
0.208458 0.987627
0.208820 0.978936
0.209339 0.987159
0.209872 0.988484
0.210785 0.972181
0.212454 0.977464
0.213782 0.955230
0.214343 0.966138
0.215279 0.992635
0.216251 0.956154
0.216813 0.979162
0.217579 0.957894
0.217589 0.952148
0.219707 0.957589
0.219800 0.986106
0.219884 0.970974
0.221368 0.983908
0.221609 0.976181
0.221817 0.978769
0.223753 0.991664
0.223978 0.984119
0.224303 0.921608
0.225133 0.980827
0.225395 0.975459
0.227011 0.973418
0.227147 0.979057
0.228855 0.970679
0.229085 0.949984
0.229695 0.965731
0.230582 0.955444
0.231492 0.977049
0.232130 0.967195
0.232575 0.976230
0.233963 0.975554
0.233967 0.980893
0.235289 0.983550
0.235553 0.977867
0.236188 0.959921
0.236269 0.970144
0.238444 0.966013
0.240468 0.981058
0.241446 0.971635
0.241900 0.972470
0.242365 0.974366
0.242635 0.971314
0.242689 0.977718
0.242945 0.963902
0.243047 0.985931
0.243655 0.978631
0.245900 0.975079
0.246288 0.979542
0.249123 0.979394
0.250036 0.969342
0.250056 0.982989
0.250433 0.961265
0.252384 0.982964
0.252400 0.962490
0.252495 0.981014
0.253784 0.973051
0.254166 0.952078
0.255624 0.970428
0.255730 0.945455
0.256530 0.972348
0.257046 0.980371
0.257687 0.979722
0.258286 0.971364
0.258521 0.957792
0.259758 0.975490
0.260083 0.960449
0.260448 0.981352
0.261091 0.968164
0.262028 0.969418
0.262533 0.961526
0.263427 0.984529
0.264185 0.955722
0.265357 0.985847
0.266078 0.958477
0.266768 0.976382
0.267064 0.977281
0.268293 0.940076
0.268647 0.969607
0.268655 0.967425
0.268852 0.965271
0.269171 0.978615
0.270149 0.914171
0.270281 0.976031
0.271209 0.972436
0.273457 0.971074
0.273848 0.982569
0.274116 0.981217
0.274180 0.959774
0.274968 0.956715
0.275876 0.977444
0.276798 0.975556
0.277847 0.959299
0.278542 0.964315
0.279015 0.983660
0.279878 0.962648
0.280136 0.978411
0.280805 0.955171
0.281014 0.968698
0.281386 0.974639
0.282992 0.956806
0.283607 0.962986
0.283671 0.971746
0.283966 0.963527
0.284669 0.976608
0.285049 0.916814
0.285085 0.964107
0.285702 0.960873
0.286512 0.967544
0.287380 0.978703
0.287649 0.952601
0.288596 0.978948
0.288871 0.975800
0.288985 0.977759
0.289027 0.983677
0.289448 0.963556
0.289616 0.967344
0.290051 0.987444
0.290144 0.965560
0.290195 0.967743
0.290342 0.962132
0.291179 0.977057
0.291752 0.902079
0.292448 0.983362
0.293041 0.973611
0.293099 0.948397
0.293790 0.961268
0.294345 0.894689
0.294916 0.973647
0.295023 0.944447
0.295694 0.949120
0.296222 0.963146
0.296451 0.945265
0.296719 0.971885
0.297407 0.963095
0.298524 0.967030
0.299388 0.894220
0.299629 0.971899
0.300109 0.948437
0.300775 0.964667
0.302324 0.984508
0.305036 0.936800
0.305784 0.948636
0.305840 0.969208
0.307037 0.943010
0.308863 0.960266
0.309548 0.948030
0.310156 0.937007
0.310887 0.958984
0.311906 0.972469
0.312493 0.973212
0.312912 0.955815
0.314744 0.939445
0.314818 0.975478
0.315068 0.969306
0.316789 0.961666
0.317392 0.940904
0.317536 0.953319
0.317576 0.961433
0.317836 0.933456
0.318414 0.957574
0.318550 0.989660
0.323095 0.959214
0.326015 0.952871
0.326185 0.969592
0.328041 0.963278
0.328338 0.953234
0.328411 0.971226
0.328881 0.958314
0.328937 0.963186
0.329051 0.944497
0.331596 0.962647
0.332019 0.936427
0.332407 0.962523
0.332649 0.935053
0.332854 0.953347
0.332991 0.954675
0.333059 0.936765
0.333421 0.959564
0.333736 0.966233
0.334150 0.953507
0.334191 0.954628
0.334369 0.963419
0.334426 0.944481
0.335380 0.943863
0.336075 0.957084
0.336256 0.941457
0.337031 0.981325
0.338025 0.945222
0.338941 0.945026
0.339278 0.975381
0.340810 0.951339
0.341099 0.948880
0.341861 0.937840
0.343294 0.951819
0.345583 0.975458
0.346102 0.920169
0.348055 0.970078
0.348192 0.946037
0.348398 0.955248
0.348715 0.950293
0.348723 0.966210
0.351012 0.922546
0.351141 0.948369
0.351565 0.936736
0.352478 0.969996
0.352901 0.972140
0.354529 0.976601
0.355567 0.971338
0.356515 0.963440
0.356706 0.953994
0.357051 0.959132
0.358557 0.960463
0.358730 0.958741
0.359455 0.953795
0.359961 0.927709
0.359988 0.901070
0.360251 0.952981
0.361387 0.969219
0.362302 0.939748
0.362528 0.943747
0.363708 0.939748
0.363753 0.941078
0.363856 0.953645
0.365063 0.894745
0.366098 0.923513
0.366304 0.936183
0.367223 0.957021
0.367773 0.956269
0.367927 0.936501
0.368134 0.960964
0.368194 0.965982
0.368896 0.939186
0.370822 0.875169
0.372085 0.925244
0.372180 0.947029
0.372845 0.943265
0.374078 0.955603
0.374804 0.956299
0.375177 0.949824
0.376696 0.943983
0.376865 0.923202
0.377057 0.973875
0.377974 0.925736
0.380396 0.934672
0.380679 0.922724
0.381172 0.959485
0.382608 0.959021
0.383337 0.947270
0.383970 0.875280
0.384703 0.935557
0.384889 0.906137
0.385123 0.957561
0.387579 0.938926
0.389680 0.933341
0.391065 0.933934
0.391524 0.938878
0.391963 0.957306
0.392352 0.967381
0.394668 0.949581
0.395208 0.932243
0.395439 0.937298
0.395498 0.958327
0.396265 0.939943
0.396991 0.938637
0.397315 0.880653
0.397365 0.904966
0.397911 0.913288
0.398127 0.940621
0.398472 0.944645
0.398578 0.942786
0.399658 0.951890
0.401030 0.948374
0.401475 0.936708
0.401657 0.919865
0.401792 0.910309
0.403579 0.930558
0.405016 0.900736
0.406233 0.962922
0.406280 0.935481
0.406409 0.929819
0.407659 0.922694
0.408893 0.938552
0.409076 0.899224
0.409182 0.934853
0.409932 0.958882
0.411649 0.951157
0.414037 0.926785
0.414397 0.919104
0.414439 0.928875
0.415364 0.926605
0.415900 0.978775
0.417581 0.913987
0.419079 0.942387
0.419205 0.931670
0.419402 0.923318
0.419862 0.927464
0.419874 0.941874
0.421295 0.856349
0.421828 0.962812
0.421858 0.938286
0.423930 0.866423
0.424348 0.889756
0.424664 0.867023
0.426195 0.927359
0.426424 0.934568
0.427940 0.926667
0.427950 0.890302
0.428356 0.908049
0.428824 0.915459
0.429761 0.952235
0.430714 0.938204
0.430992 0.898571
0.431257 0.964993
0.431316 0.927823
0.431788 0.883635
0.431937 0.900654
0.432308 0.889028
0.432909 0.910021
0.433174 0.951374
0.433408 0.925804
0.434211 0.893770
0.436403 0.972819
0.436635 0.926366
0.436899 0.952904
0.436993 0.947979
0.438314 0.940407
0.439064 0.947860
0.440558 0.923270
0.441394 0.924567
0.441408 0.914185
0.441573 0.915044
0.442281 0.886760
0.443233 0.960035
0.443715 0.889997
0.444093 0.909867
0.445845 0.972975
0.446180 0.903101
0.446232 0.940502
0.447492 0.908593
0.448279 0.896662
0.448432 0.943195
0.448526 0.914370
0.448828 0.924113
0.449464 0.926325
0.449864 0.948683
0.450086 0.965349
0.450751 0.934930
0.450934 0.926404
0.451107 0.943485
0.453953 0.902307
0.454331 0.938905
0.454467 0.930854
0.454700 0.909708
0.454940 0.952912
0.456207 0.950739
0.456358 0.941772
0.457436 0.878946
0.458055 0.880277
0.458199 0.941315
0.458286 0.962580
0.459691 0.947850
0.461818 0.922331
0.462233 0.900087
0.462925 0.874173
0.463135 0.911402
0.463216 0.938962
0.463367 0.922694
0.465759 0.898236
0.467055 0.955477
0.467375 0.927215
0.467770 0.933204
0.469569 0.911276
0.470030 0.920573
0.470043 0.918030
0.470336 0.922569
0.471260 0.927536
0.471827 0.912967
0.472576 0.915741
0.473306 0.921790
0.473788 0.876113
0.474384 0.880795
0.474660 0.927224
0.474823 0.914320
0.475906 0.889967
0.477228 0.893006
0.477778 0.910478
0.478157 0.911104
0.478397 0.899393
0.478507 0.945569
0.478818 0.895955
0.480453 0.910924
0.481174 0.891045
0.482079 0.861687
0.482782 0.925067
0.483249 0.886827
0.483251 0.922725
0.484174 0.907904
0.484948 0.907041
0.485091 0.913501
0.485132 0.876843
0.487650 0.850112
0.488222 0.865384
0.488510 0.886371
0.488687 0.942070
0.488923 0.879829
0.489134 0.895611
0.490673 0.939205
0.490972 0.905697
0.491965 0.891639
0.493003 0.912750
0.496400 0.903973
0.496509 0.927553
0.496521 0.847627
0.496576 0.902042
0.496615 0.938582
0.496879 0.920862
0.497366 0.869213
0.497398 0.951312
0.497753 0.947777
0.498522 0.931699
0.499126 0.868895
0.499759 0.928982
0.500160 0.933575
0.500633 0.915745
0.501050 0.901983
0.502135 0.876555
0.503918 0.870738
0.504077 0.868613
0.504100 0.887559
0.505095 0.880955
0.506034 0.944286
0.507194 0.949208
0.507258 0.891454
0.507483 0.909517
0.507631 0.869867
0.508240 0.915637
0.511895 0.902853
0.512755 0.890447
0.512874 0.791905
0.513297 0.902506
0.514683 0.890048
0.514696 0.820041
0.516047 0.912845
0.516141 0.884599
0.516279 0.890540
0.516287 0.929978
0.516395 0.888606
0.516665 0.849330
0.516752 0.920170
0.517516 0.871498
0.518670 0.902318
0.519467 0.823904
0.521053 0.862569
0.521723 0.913610
0.522704 0.797936
0.524463 0.906936
0.525141 0.860544
0.527003 0.885159
0.527521 0.917182
0.527850 0.921731
0.528268 0.928696
0.528785 0.866500
0.528870 0.835601
0.529152 0.912916
0.529871 0.888082
0.529946 0.894414
0.531652 0.897999
0.532458 0.897343
0.532748 0.927473
0.534737 0.933715
0.535005 0.912762
0.535583 0.857078
0.535726 0.915733
0.535918 0.864644
0.535942 0.904368
0.536348 0.838091
0.537265 0.864929
0.538382 0.801897
0.539068 0.924389
0.539345 0.887585
0.539556 0.929137
0.540280 0.836591
0.540931 0.898807
0.542189 0.878935
0.542383 0.879599
0.543216 0.876946
0.543810 0.898279
0.543861 0.793800
0.545170 0.840662
0.545319 0.898490
0.545397 0.940774
0.546876 0.911342
0.547998 0.903865
0.549215 0.866948
0.550485 0.849255
0.552457 0.839869
0.555437 0.905492
0.556246 0.901231
0.556441 0.914806
0.556961 0.816640
0.557108 0.892547
0.557174 0.848700
0.557270 0.780167
0.559600 0.873622
0.560709 0.856416
0.562903 0.835777
0.563047 0.825251
0.564352 0.874108
0.565087 0.823005
0.565365 0.896275
0.565429 0.847456
0.565775 0.872790
0.566133 0.915896
0.567234 0.864341
0.567588 0.879127
0.567711 0.850970
0.568182 0.854807
0.568262 0.916543
0.568483 0.861207
0.568515 0.861981
0.571191 0.906478
0.571495 0.887382
0.571960 0.825871
0.573365 0.861113
0.573980 0.892052
0.574103 0.901953
0.574248 0.878951
0.574544 0.890283
0.574841 0.880919
0.578002 0.864282
0.578883 0.811256
0.579945 0.861259
0.579991 0.862312
0.580300 0.840658
0.580813 0.848260
0.580896 0.867598
0.581706 0.841827
0.581766 0.850412
0.583302 0.861368
0.584002 0.886333
0.584124 0.848965
0.584681 0.860145
0.584876 0.821391
0.584972 0.806247
0.586110 0.895905
0.586596 0.847123
0.586806 0.862478
0.587496 0.836829
0.588282 0.872101
0.589548 0.856048
0.590001 0.811715
0.590389 0.837694
0.590423 0.861745
0.591345 0.855112
0.593315 0.826365
0.594927 0.796777
0.595081 0.846171
0.595478 0.868641
0.595664 0.790631
0.595861 0.844147
0.597242 0.856612
0.597419 0.796036
0.597622 0.886565
0.598327 0.829966
0.598775 0.838101
0.598874 0.886670
0.599729 0.829268
0.599776 0.859188
0.600749 0.843376
0.602651 0.876882
0.604361 0.819111
0.604391 0.818489
0.604527 0.749385
0.606559 0.855222
0.608802 0.869762
0.609118 0.804867
0.609633 0.840809
0.610039 0.876103
0.610178 0.831937
0.610442 0.840553
0.610586 0.808800
0.610780 0.831006
0.610807 0.824915
0.610826 0.874926
0.611947 0.831582
0.613322 0.694434
0.613884 0.823587
0.614133 0.845179
0.614654 0.836505
0.616274 0.842298
0.616438 0.809077
0.616779 0.831028
0.617278 0.848596
0.618443 0.862018
0.620263 0.769545
0.620777 0.836862
0.621198 0.854587
0.621272 0.780354
0.622134 0.796150
0.622481 0.865069
0.624096 0.858376
0.626363 0.821376
0.626439 0.825426
0.626542 0.837973
0.628226 0.850568
0.628281 0.812325
0.628763 0.844662
0.629397 0.795222
0.630548 0.748742
0.631081 0.828287
0.632870 0.794608
0.633226 0.854696
0.633430 0.867323
0.633777 0.826319
0.634156 0.685602
0.634348 0.746809
0.635459 0.807657
0.635846 0.868197
0.636318 0.849465
0.636677 0.806853
0.636716 0.825053
0.637278 0.798091
0.638848 0.795986
0.639126 0.795334
0.641055 0.828420
0.641120 0.850343
0.641339 0.763885
0.643565 0.800462
0.644281 0.847503
0.644440 0.796137
0.644496 0.868014
0.645442 0.737074
0.645483 0.803454
0.645726 0.819940
0.646078 0.719733
0.646369 0.842872
0.647077 0.831154
0.647705 0.825088
0.648219 0.801679
0.649962 0.793684
0.650870 0.865714
0.651645 0.801244
0.651812 0.738032
0.651920 0.800571
0.652224 0.725702
0.654969 0.835332
0.657564 0.831337
0.658457 0.762747
0.658623 0.786354
0.660304 0.765267
0.660556 0.838139
0.661315 0.823020
0.661414 0.801637
0.661834 0.820549
0.661846 0.779058
0.662469 0.743547
0.663325 0.730663
0.663399 0.799177
0.664104 0.812973
0.665196 0.773679
0.666065 0.825253
0.666279 0.769726
0.666802 0.791552
0.666828 0.741060
0.668169 0.816832
0.669870 0.751393
0.670520 0.743581
0.671188 0.671243
0.672501 0.775290
0.673191 0.797155
0.674008 0.663894
0.674156 0.768867
0.674618 0.809173
0.675922 0.814670
0.676350 0.833194
0.676591 0.814275
0.677022 0.730442
0.677441 0.750399
0.678399 0.672227
0.678922 0.755745
0.679359 0.790503
0.680408 0.772109
0.680652 0.766403
0.681284 0.730988
0.681319 0.815148
0.682921 0.851414
0.683257 0.835312
0.683544 0.774054
0.683582 0.807695
0.684168 0.806346
0.684513 0.764584
0.684693 0.783007
0.685623 0.838842
0.686076 0.825684
0.686281 0.717662
0.686419 0.783976
0.687089 0.698114
0.687362 0.811057
0.687695 0.800515
0.689109 0.774592
0.689245 0.747452
0.689913 0.741263
0.692515 0.753797
0.692556 0.791702
0.693055 0.828383
0.693998 0.787199
0.695345 0.789293
0.695381 0.778297
0.696467 0.717781
0.697616 0.740063
0.698416 0.746884
0.702090 0.819903
0.702798 0.779336
0.703348 0.654642
0.704434 0.732268
0.704934 0.707448
0.705565 0.747286
0.705793 0.732304
0.706027 0.722637
0.706227 0.801017
0.706421 0.757919
0.706975 0.711197
0.707325 0.740950
0.707492 0.607037
0.707858 0.748925
0.708505 0.768599
0.708633 0.674978
0.711029 0.741906
0.711048 0.836373
0.712188 0.719787
0.712604 0.774181
0.713141 0.645315
0.713312 0.720277
0.714773 0.756390
0.714791 0.700247
0.714899 0.685084
0.716564 0.699978
0.716581 0.698543
0.717209 0.750101
0.717573 0.724848
0.717826 0.751374
0.718000 0.786437
0.718623 0.734823
0.718952 0.664935
0.719098 0.707668
0.719111 0.713498
0.720380 0.773894
0.720958 0.699854
0.721580 0.705222
0.721601 0.739605
0.721885 0.777778
0.722411 0.722564
0.723269 0.731094
0.723480 0.698128
0.724344 0.655840
0.724982 0.645067
0.725284 0.640104
0.726218 0.677449
0.726236 0.696027
0.726395 0.681836
0.727278 0.759913
0.727694 0.738442
0.727889 0.714518
0.727966 0.656622
0.729380 0.722285
0.729431 0.660275
0.729947 0.682856
0.730207 0.782493
0.731305 0.726626
0.731707 0.731205
0.731819 0.735794
0.732542 0.714978
0.734112 0.702214
0.734686 0.682397
0.734890 0.644282
0.735088 0.695051
0.735501 0.678606
0.736586 0.669545
0.736732 0.721267
0.737344 0.639536
0.737359 0.668034
0.737486 0.684119
0.737602 0.730742
0.737624 0.641545
0.738631 0.608874
0.738674 0.654783
0.740844 0.578152
0.741506 0.769971
0.741526 0.566899
0.741800 0.679829
0.743029 0.672604
0.743095 0.577875
0.743662 0.678425
0.744712 0.692232
0.745042 0.705576
0.746175 0.647522
0.746690 0.699426
0.746849 0.730316
0.747544 0.664901
0.749689 0.644963
0.750019 0.705098
0.750775 0.535155
0.753230 0.675562
0.753312 0.649932
0.753891 0.681873
0.754165 0.689026
0.754277 0.722348
0.754835 0.666564
0.756237 0.640825
0.756918 0.657078
0.759217 0.625367
0.760321 0.688914
0.760584 0.586190
0.760604 0.672710
0.761165 0.539921
0.761483 0.679830
0.761915 0.617412
0.763167 0.687784
0.763327 0.635114
0.763424 0.669802
0.763461 0.671208
0.765246 0.575555
0.765304 0.679518
0.765719 0.655865
0.765781 0.668841
0.766888 0.715538
0.768695 0.730211
0.769082 0.691393
0.769187 0.657547
0.769504 0.625457
0.769608 0.591071
0.770547 0.666478
0.770643 0.675568
0.771194 0.688507
0.771540 0.586176
0.774036 0.621580
0.774171 0.696059
0.774760 0.724508
0.774929 0.703793
0.775717 0.643338
0.775724 0.668298
0.775766 0.658523
0.775889 0.590617
0.776612 0.662365
0.777959 0.614974
0.778101 0.704201
0.778547 0.601848
0.778880 0.632526
0.781352 0.607226
0.782194 0.659032
0.782302 0.662203
0.783763 0.560686
0.784458 0.595078
0.785339 0.523010
0.785428 0.617406
0.785861 0.609078
0.786196 0.611685
0.787263 0.578341
0.788453 0.615679
0.790059 0.653505
0.790505 0.495333
0.792395 0.508666
0.792563 0.675605
0.792753 0.629382
0.792957 0.613384
0.793241 0.672923
0.794238 0.626532
0.794327 0.547703
0.795326 0.637982
0.795965 0.611029
0.797019 0.608106
0.798272 0.632296
0.798327 0.678645
0.798996 0.611399
0.799392 0.609918
0.800265 0.584566
0.800474 0.622214
0.800682 0.599112
0.801185 0.579311
0.801212 0.641273
0.801271 0.657452
0.803034 0.567131
0.803186 0.572048
0.803864 0.630924
0.804096 0.567394
0.804312 0.515113
0.804742 0.607958
0.805319 0.568697
0.805419 0.646299
0.805832 0.598220
0.806542 0.494383
0.807766 0.666050
0.808396 0.571027
0.808599 0.570552
0.808637 0.613804
0.809003 0.629685
0.809652 0.566278
0.811138 0.548734
0.811842 0.569519
0.812051 0.615148
0.812154 0.592160
0.812448 0.572009
0.812514 0.604798
0.812757 0.575540
0.813812 0.589004
0.814671 0.614859
0.815584 0.592735
0.815729 0.561845
0.815905 0.566764
0.817922 0.635924
0.820226 0.611824
0.820457 0.561461
0.820736 0.493083
0.820987 0.557439
0.821114 0.549530
0.821819 0.505463
0.822815 0.550078
0.823644 0.588245
0.825215 0.568841
0.826288 0.540223
0.826943 0.572523
0.827340 0.558762
0.828549 0.624401
0.828631 0.530116
0.829188 0.516607
0.829558 0.590159
0.831230 0.549546
0.832182 0.606858
0.832299 0.567628
0.835061 0.552488
0.835232 0.633547
0.835281 0.574653
0.835371 0.493482
0.835962 0.575510
0.836737 0.482102
0.836852 0.560188
0.836923 0.526815
0.837425 0.498529
0.838518 0.510828
0.838549 0.579389
0.838880 0.483469
0.839511 0.514682
0.840198 0.537910
0.840508 0.551429
0.841094 0.402626
0.842702 0.568619
0.843341 0.591999
0.844062 0.527719
0.844240 0.509999
0.846901 0.468202
0.847272 0.519641
0.847491 0.563695
0.847511 0.463673
0.849130 0.465981
0.849132 0.559178
0.849213 0.471991
0.849922 0.546814
0.850000 0.432064
0.850040 0.487544
0.850687 0.535544
0.850710 0.521902
0.851191 0.558775
0.852540 0.453716
0.853613 0.511639
0.853937 0.471045
0.854004 0.520980
0.854542 0.465167
0.854678 0.513592
0.855015 0.461732
0.857136 0.515938
0.857183 0.451484
0.858681 0.473366
0.858928 0.515885
0.860976 0.489042
0.861570 0.477507
0.863255 0.441716
0.865677 0.458575
0.869173 0.493149
0.869237 0.396293
0.869430 0.420785
0.870828 0.518590
0.870865 0.495682
0.870867 0.413886
0.872282 0.441556
0.872324 0.498448
0.872580 0.430429
0.873473 0.433544
0.873750 0.398352
0.873954 0.457992
0.876408 0.411578
0.877781 0.432016
0.879819 0.364860
0.880409 0.472280
0.880635 0.383831
0.882231 0.443552
0.883646 0.422632
0.885487 0.453735
0.885572 0.347767
0.885849 0.312738
0.886025 0.366342
0.886243 0.396609
0.887275 0.382077
0.888509 0.398571
0.889454 0.415963
0.889905 0.395334
0.890165 0.418803
0.890562 0.389174
0.890883 0.343932
0.893090 0.433714
0.893447 0.399291
0.894827 0.411413
0.895467 0.435404
0.895748 0.349946
0.896524 0.382181
0.897369 0.432200
0.899207 0.312890
0.900327 0.420733
0.900940 0.331065
0.901044 0.387343
0.902182 0.388799
0.902778 0.405717
0.903114 0.365040
0.903484 0.386256
0.904341 0.356482
0.904683 0.312750
0.904916 0.339500
0.905698 0.331789
0.906640 0.374814
0.906954 0.397664
0.907046 0.380652
0.908143 0.352772
0.909210 0.374891
0.909231 0.336410
0.910100 0.393019
0.910452 0.315997
0.910564 0.327963
0.910747 0.398430
0.913512 0.349408
0.913531 0.286732
0.913941 0.319094
0.915527 0.399123
0.916033 0.273279
0.916062 0.376551
0.919526 0.305861
0.920480 0.308288
0.920966 0.267418
0.921378 0.298842
0.921388 0.349337
0.923319 0.290552
0.923532 0.264342
0.923729 0.290297
0.924383 0.244153
0.924695 0.306058
0.925113 0.253214
0.925320 0.335397
0.925656 0.296092
0.925865 0.244299
0.927080 0.272736
0.927980 0.254211
0.928212 0.315855
0.928403 0.337979
0.928521 0.283646
0.928921 0.251736
0.929762 0.294928
0.930441 0.286270
0.931117 0.267133
0.932419 0.250027
0.932951 0.275835
0.933198 0.247210
0.933800 0.248554
0.934229 0.258909
0.934522 0.287432
0.934760 0.242600
0.934772 0.247159
0.934947 0.282203
0.935681 0.239241
0.936997 0.222415
0.938262 0.253292
0.939203 0.213851
0.939792 0.270727
0.940772 0.217419
0.942387 0.204584
0.942731 0.233687
0.943721 0.278818
0.943947 0.244085
0.945037 0.264474
0.945713 0.263101
0.946333 0.223019
0.946563 0.239792
0.946705 0.240559
0.947710 0.199078
0.948161 0.212453
0.948509 0.198208
0.948575 0.193599
0.948897 0.167777
0.949160 0.205856
0.949475 0.213504
0.950651 0.201653
0.950661 0.188480
0.951176 0.183987
0.951529 0.224346
0.951668 0.211042
0.952570 0.204041
0.953374 0.186483
0.953959 0.177463
0.954494 0.188159
0.954900 0.191164
0.954947 0.196061
0.956234 0.176645
0.956854 0.169079
0.957494 0.197775
0.960271 0.187508
0.960787 0.133582
0.961377 0.193231
0.961400 0.167073
0.961685 0.164618
0.962073 0.167216
0.962646 0.149245
0.963389 0.148705
0.965784 0.126830
0.966703 0.149495
0.967275 0.134850
0.968009 0.148057
0.968034 0.143069
0.968348 0.156943
0.968597 0.123319
0.968661 0.142072
0.970820 0.133945
0.973557 0.132207
0.973737 0.094633
0.974338 0.096151
0.974634 0.105154
0.975222 0.109609
0.975352 0.105971
0.975560 0.103901
0.975977 0.108230
0.976466 0.110337
0.977598 0.097271
0.977770 0.099780
0.977914 0.087263
0.978604 0.114493
0.978636 0.096807
0.979598 0.108032
0.982106 0.068056
0.982928 0.080012
0.985578 0.065743
0.985712 0.072078
0.986169 0.052237
0.987233 0.060124
0.987784 0.053642
0.987949 0.049772
0.991545 0.040643
0.992618 0.034660
0.993422 0.031139
0.993500 0.031009
0.993679 0.028850
0.993859 0.029553
0.993978 0.028864
0.994056 0.029032
0.994121 0.028648
0.994242 0.027589
0.995513 0.021783
0.997203 0.014956
0.997645 0.011831
0.998057 0.013280
0.998096 0.007728
0.998330 0.007890
0.998703 0.008631
0.999060 0.004552
0.999063 0.009125
0.999536 0.003358
0.999560 0.004658
1.000000 0.000000
