0.000000 0.379090
0.053970 0.000000
0.068244 0.194121
0.103111 0.368652
0.104831 0.197244
0.111588 0.208742
0.117953 0.263977
0.132777 0.416043
0.141039 0.288721
0.143056 0.128651
0.166981 0.474313
0.184835 0.149492
0.185115 0.581811
0.187471 0.170130
0.195050 0.234269
0.196174 0.180018
0.196700 0.197018
0.228368 0.230487
0.229904 0.097543
0.232956 0.143639
0.235237 0.246911
0.236950 0.262096
0.241118 0.316418
0.241969 0.370417
0.247744 0.432902
0.248716 0.105945
0.256726 0.560575
0.262503 0.530551
0.262665 0.281044
0.263568 0.245632
0.263853 0.345270
0.267629 0.281375
0.268822 0.321138
0.268888 0.184846
0.270245 0.144308
0.273488 0.671428
0.273873 0.363482
0.273952 0.513782
0.276015 0.092904
0.276778 0.180196
0.279124 0.455896
0.287676 0.579603
0.289063 0.478516
0.291172 0.107545
0.291926 0.455215
0.293260 0.362375
0.294882 0.412203
0.295989 0.498135
0.296677 0.170851
0.297531 0.222403
0.297647 0.336744
0.297897 0.626522
0.298998 0.229710
0.300236 0.326830
0.300256 0.405941
0.302573 0.113423
0.303367 0.276636
0.304901 0.366040
0.307310 0.408248
0.310147 0.283492
0.311968 0.532184
0.312248 0.338425
0.312969 0.381194
0.325195 0.232723
0.326014 0.433902
0.329948 0.226585
0.333641 0.324657
0.334156 0.385054
0.334164 0.268302
0.334890 0.550272
0.335308 0.204215
0.335722 0.340710
0.335806 0.409689
0.337433 0.379829
0.337644 0.186778
0.337884 0.329129
0.339267 0.421488
0.340691 0.472813
0.342050 0.284514
0.342252 0.464123
0.342295 0.280325
0.344780 0.379379
0.344952 0.298353
0.350894 0.604628
0.352045 0.409599
0.354727 0.558946
0.356017 0.664055
0.358124 0.554241
0.360837 0.137231
0.362701 0.421195
0.364278 0.129197
0.365222 0.272642
0.366061 0.277296
0.369674 0.407598
0.370843 0.522028
0.370960 0.279267
0.371052 0.189249
0.371875 0.454714
0.372531 0.193528
0.372971 0.506358
0.374054 0.405562
0.377338 0.308382
0.378100 0.452695
0.380356 0.392374
0.380682 0.254267
0.380939 0.273244
0.381464 0.196024
0.383527 0.367381
0.384965 0.380818
0.386357 0.212739
0.386394 0.455318
0.388158 0.617719
0.388688 0.306028
0.388847 0.119940
0.389415 0.312464
0.392862 0.342911
0.394395 0.526277
0.395058 0.297721
0.397097 0.343993
0.397304 0.118092
0.397650 0.474194
0.398237 0.351913
0.398849 0.187215
0.399320 0.227590
0.399555 0.310350
0.400995 0.446071
0.401231 0.574275
0.402233 0.281388
0.403761 0.317760
0.404049 0.169625
0.404326 0.418801
0.404711 0.402952
0.406996 0.139166
0.407727 0.193889
0.408054 0.380920
0.410429 0.309126
0.411857 0.184055
0.413477 0.418669
0.413884 0.521080
0.414046 0.563980
0.417752 0.446638
0.418925 0.240089
0.419109 0.280313
0.420334 0.288542
0.420459 0.190997
0.420845 0.307127
0.421964 0.258223
0.423143 0.175943
0.423261 0.534179
0.424228 0.579385
0.426789 0.339575
0.427248 0.378319
0.427289 0.468510
0.430869 0.352011
0.431896 0.329005
0.432271 0.202191
0.433261 0.238227
0.433368 0.427273
0.435778 0.467203
0.436251 0.126048
0.437402 0.427863
0.437991 0.250638
0.438040 0.207079
0.438715 0.249282
0.440498 0.411139
0.440540 0.428756
0.441211 0.464054
0.441656 0.208472
0.441721 0.381655
0.442224 0.652812
0.443304 0.520061
0.443490 0.215063
0.445747 0.120345
0.446172 0.382124
0.447105 0.329172
0.447275 0.548241
0.449839 0.305168
0.451026 0.657006
0.451374 0.327030
0.452603 0.533261
0.452827 0.199536
0.453463 0.275797
0.454884 0.441991
0.457612 0.350896
0.458016 0.312637
0.458173 0.271940
0.460828 0.220657
0.461448 0.227697
0.464160 0.349890
0.464823 0.167648
0.467176 0.587241
0.467573 0.241585
0.467838 0.725423
0.467926 0.318214
0.468033 0.464956
0.470285 0.436845
0.470307 0.318408
0.471568 0.254677
0.472530 0.330247
0.475549 0.352636
0.476150 0.653570
0.476286 0.486080
0.479277 0.394025
0.479685 0.319530
0.480024 0.364134
0.481505 0.571865
0.481843 0.245730
0.482070 0.465241
0.482452 0.569646
0.483203 0.433241
0.483468 0.513522
0.484825 0.205024
0.485375 0.393630
0.485825 0.292600
0.485845 0.380248
0.486363 0.365146
0.487307 0.873364
0.487576 0.351210
0.489839 0.240667
0.490235 0.601339
0.490262 0.576775
0.490799 0.809058
0.491676 0.499322
0.491690 0.209186
0.492215 0.196535
0.493294 0.597892
0.493671 0.520851
0.494151 0.261973
0.499028 0.417093
0.499206 0.254705
0.500255 0.463920
0.500399 0.815549
0.502764 0.136175
0.504007 0.304339
0.504760 0.350675
0.505403 0.647949
0.505474 0.527083
0.506160 0.195134
0.507910 0.432676
0.508799 0.478799
0.510200 0.396991
0.511945 0.500119
0.513147 0.427889
0.514837 0.290672
0.514921 0.324488
0.515871 0.360379
0.516388 0.552878
0.516679 0.457938
0.518875 0.278600
0.519902 0.190440
0.520522 0.332653
0.520561 0.382052
0.522752 0.177361
0.522929 0.426998
0.523768 0.190407
0.523951 0.401115
0.524151 0.516576
0.524676 0.450063
0.525065 0.214478
0.526401 0.639521
0.526731 0.548337
0.527887 0.763864
0.530768 0.582831
0.530829 0.222776
0.530861 0.337615
0.530999 0.558818
0.531524 0.297946
0.534141 0.623946
0.537814 0.399174
0.539328 0.477298
0.540054 0.401023
0.540479 0.365551
0.541282 0.495922
0.541734 0.238962
0.542729 0.335307
0.543822 0.464440
0.544794 0.421846
0.545292 0.735441
0.545384 0.250160
0.547717 0.220149
0.549063 0.233296
0.550968 0.418334
0.551986 0.318901
0.554056 0.812038
0.554673 0.519121
0.555218 0.658508
0.558178 0.383125
0.558466 0.634226
0.558601 0.497212
0.561184 0.349063
0.562753 0.361257
0.563052 0.222852
0.564411 0.237599
0.565263 0.328975
0.566381 0.445487
0.567117 0.399991
0.567814 0.665201
0.568148 0.392426
0.568406 0.341586
0.568477 0.411059
0.569883 0.614293
0.571038 0.410969
0.571421 0.291318
0.572600 0.255098
0.575060 0.296553
0.575708 0.600393
0.575720 0.520677
0.576076 0.441431
0.577109 0.253605
0.578015 0.150278
0.578318 0.360260
0.579299 0.385739
0.579839 0.203247
0.581372 0.463276
0.581427 0.286329
0.581471 0.382832
0.581517 0.344278
0.583989 0.360928
0.584111 0.444849
0.584430 0.587998
0.585433 0.289814
0.585863 0.422494
0.589917 0.325526
0.593286 0.462845
0.594763 0.475947
0.595357 0.321556
0.595488 0.423662
0.596847 0.274192
0.597433 0.564888
0.598328 0.292120
0.599071 0.167230
0.602556 0.245264
0.603070 0.200535
0.603347 0.671192
0.606100 0.250010
0.607383 0.403841
0.608283 0.349173
0.609279 0.452522
0.609705 0.588771
0.609946 0.538122
0.610740 0.218759
0.611168 0.337561
0.612048 0.211909
0.612181 0.399757
0.613299 0.363135
0.613702 0.453567
0.615565 0.410338
0.615682 0.520476
0.616359 0.518580
0.616722 0.400696
0.616970 0.445441
0.617296 0.337455
0.617527 0.426429
0.617822 0.477610
0.619472 0.377566
0.619766 0.546112
0.621410 0.395965
0.622018 0.508771
0.623848 0.502865
0.625324 0.307669
0.625356 0.267238
0.625902 0.328107
0.626019 0.392293
0.627718 0.505449
0.628471 0.467877
0.629659 0.694222
0.630657 0.350776
0.631505 0.670249
0.632504 0.653594
0.633446 0.371040
0.634169 0.509675
0.635380 0.716947
0.635987 0.213501
0.640590 0.451104
0.641677 0.268481
0.641698 0.371256
0.642265 0.444965
0.642466 0.267101
0.643441 0.589248
0.644099 0.494139
0.644659 0.513650
0.645225 0.686504
0.648314 0.859606
0.648441 0.677496
0.650244 0.752219
0.650339 0.278612
0.650631 0.406164
0.650653 0.281934
0.651144 0.302850
0.652682 0.611088
0.652790 0.422499
0.653520 0.356222
0.655321 0.516736
0.655481 0.431317
0.656039 0.436592
0.656299 0.427549
0.656307 0.449087
0.656495 0.525808
0.656916 0.419677
0.657663 0.335863
0.658332 0.441490
0.658910 0.591245
0.658959 0.414889
0.661047 0.547720
0.662113 0.467270
0.665674 0.433818
0.666660 0.705383
0.666892 0.575500
0.667671 0.462550
0.668490 0.549057
0.669428 0.450301
0.669843 0.565148
0.670079 0.355755
0.670310 0.840298
0.674864 0.535377
0.675612 0.769786
0.676162 0.274654
0.677573 0.519972
0.678333 0.408927
0.679763 0.489679
0.679765 0.334295
0.680765 0.267146
0.689151 0.422204
0.692976 0.366185
0.693909 0.270019
0.695915 0.500555
0.696026 0.379628
0.699788 0.617336
0.700474 0.268710
0.700494 0.477635
0.701095 0.755590
0.702503 0.508506
0.703621 0.417205
0.706817 0.546541
0.710258 0.407906
0.712784 0.453016
0.714313 0.533284
0.714719 0.687522
0.714960 0.494117
0.715867 0.333102
0.718211 0.375078
0.718995 0.387334
0.719085 0.430751
0.721880 0.262957
0.726119 0.323644
0.734504 0.432850
0.736068 0.324569
0.736704 0.346769
0.738573 0.786047
0.741355 0.437652
0.741842 0.296545
0.742269 0.443875
0.742501 0.511567
0.742606 0.782946
0.744218 0.336595
0.745061 0.276261
0.745661 0.605745
0.749539 0.495919
0.750052 0.577791
0.750156 0.916082
0.753019 0.442203
0.754379 0.799232
0.759265 0.534854
0.760282 0.668049
0.762794 0.731220
0.764722 0.497452
0.765118 0.601696
0.767415 0.378550
0.768309 0.362694
0.768353 0.476616
0.774174 0.376679
0.780902 0.357888
0.784919 0.594766
0.785264 0.759235
0.786097 0.422637
0.788824 0.495470
0.789268 0.494920
0.792318 0.833428
0.795311 0.689565
0.804281 0.279239
0.810479 0.710821
0.815056 0.465463
0.816008 0.508384
0.816642 0.664161
0.821835 0.714267
0.825166 0.697340
0.854984 0.566053
0.857178 0.370259
0.860960 0.557719
0.868929 0.329862
0.872973 0.365832
0.889509 0.759683
0.892757 1.000000
0.900115 0.390421
0.900777 0.523245
0.913755 0.378351
0.921944 0.333103
0.927772 0.640414
0.948211 0.405526
0.985197 0.420240
0.990718 0.625751
1.000000 0.556807
