0.000000 0.223826
0.004047 0.517725
0.007204 0.104775
0.007563 0.125490
0.008548 0.000000
0.009486 0.302875
0.017242 0.138028
0.019035 0.197263
0.023780 0.118130
0.024043 0.383638
0.025295 0.359771
0.030314 0.108701
0.031189 0.297401
0.033419 0.111423
0.036968 0.267561
0.039701 0.387959
0.040307 0.108573
0.040535 0.315648
0.040543 0.481513
0.040951 0.252012
0.043837 0.166908
0.050446 0.094949
0.053254 0.395954
0.053513 0.360858
0.054315 0.054188
0.056300 0.269843
0.058513 0.163919
0.063572 0.306760
0.063788 0.403631
0.064078 0.218722
0.064964 0.321544
0.066018 0.126634
0.066179 0.533276
0.069937 0.517552
0.072063 0.173175
0.072387 0.319599
0.073802 0.278655
0.075592 0.288397
0.075901 0.278579
0.076028 0.280581
0.077460 0.367814
0.078018 0.218790
0.079173 0.267663
0.079928 0.256840
0.081645 0.222774
0.081701 0.258828
0.087625 0.449587
0.088147 0.169126
0.092134 0.218924
0.092863 0.287187
0.093328 0.257908
0.097827 0.449126
0.099509 0.091980
0.100533 0.254697
0.101497 0.199205
0.101860 0.416058
0.103905 0.199868
0.104115 0.192959
0.105171 0.376801
0.106000 0.176948
0.106403 0.641725
0.106821 0.376146
0.106995 0.467334
0.108040 0.247689
0.108767 0.143517
0.109567 0.459194
0.110727 0.177653
0.111031 0.209569
0.111325 0.437067
0.112100 0.332262
0.112420 0.181033
0.112595 0.311095
0.114309 0.239173
0.117802 0.156137
0.119391 0.582726
0.119407 0.375093
0.120951 0.325502
0.121163 0.318063
0.121451 0.357283
0.121780 0.250795
0.121910 0.594992
0.123986 0.135083
0.124608 0.428633
0.129924 0.278440
0.133097 0.305023
0.133910 0.361065
0.134203 0.487312
0.135262 0.228045
0.135341 0.231906
0.137594 0.206794
0.138799 0.317790
0.138905 0.285965
0.140459 0.282889
0.141890 0.395927
0.141912 0.424003
0.143072 0.396300
0.143217 0.213462
0.143289 0.344241
0.144066 0.429926
0.145822 0.617781
0.146867 0.336404
0.147100 0.369029
0.147797 0.264526
0.148522 0.603274
0.149065 0.221536
0.149426 0.290106
0.151422 0.348595
0.152357 0.333978
0.152813 0.385049
0.152885 0.318101
0.154196 0.486357
0.155050 0.308205
0.155357 0.168226
0.157764 0.543713
0.158483 0.255336
0.158497 0.236730
0.158693 0.412285
0.158777 0.277952
0.160361 0.323438
0.160960 0.304966
0.161121 0.299716
0.163096 0.282158
0.164921 0.434069
0.165287 0.351568
0.165577 0.374312
0.167344 0.384648
0.167941 0.353763
0.168208 0.404453
0.168264 0.325796
0.169439 0.423279
0.169772 0.458227
0.169819 0.410083
0.169883 0.432319
0.170896 0.661451
0.171158 0.426152
0.172210 0.431052
0.172362 0.347071
0.172486 0.221092
0.175561 0.262916
0.175876 0.327161
0.175918 0.532972
0.176406 0.264746
0.176679 0.506699
0.177378 0.472620
0.178729 0.465992
0.178984 0.436759
0.182254 0.499562
0.182584 0.343299
0.183241 0.317049
0.184056 0.675901
0.184440 0.266334
0.184476 0.613518
0.184991 0.320222
0.185215 0.316935
0.186555 0.366054
0.187763 0.491287
0.188020 0.400837
0.188611 0.415153
0.189700 0.262477
0.190324 0.349511
0.190330 0.520103
0.192714 0.659204
0.193062 0.420375
0.194378 0.567606
0.195951 0.497304
0.197829 0.464041
0.198354 0.300992
0.198571 0.602029
0.199212 0.491462
0.199601 0.312160
0.199911 0.423711
0.201285 0.317741
0.202202 0.401283
0.203666 0.371515
0.204550 0.362113
0.204844 0.522336
0.207145 0.398228
0.207446 0.374816
0.208060 0.381400
0.208561 0.322694
0.208606 0.336843
0.208755 0.458930
0.208806 0.417301
0.210982 0.293109
0.211170 0.298388
0.211226 0.283024
0.211800 0.544647
0.211923 0.486658
0.212013 0.421750
0.215012 0.512818
0.217204 0.555647
0.218031 0.361006
0.218658 0.290194
0.219824 0.354236
0.219874 0.639943
0.220242 0.391394
0.221144 0.327636
0.221579 0.722507
0.221827 0.452591
0.222477 0.269287
0.223762 0.641435
0.223913 0.363783
0.224742 0.382749
0.224976 0.610882
0.225805 0.368698
0.226295 0.376955
0.226564 0.342910
0.226654 0.513339
0.228683 0.300734
0.229737 0.484621
0.229863 0.459843
0.229898 0.410223
0.230013 0.358750
0.230702 0.718615
0.230851 0.651108
0.231367 0.391138
0.231462 0.385918
0.231589 0.435345
0.232500 0.353710
0.233495 0.350025
0.234621 0.385687
0.234721 0.366261
0.235354 0.405157
0.235503 0.580700
0.235949 0.489087
0.236112 0.259950
0.236595 0.533794
0.237553 0.349642
0.238528 0.508177
0.238742 0.414335
0.239301 0.256680
0.239620 0.429789
0.240799 0.507356
0.240968 0.607509
0.241016 0.435806
0.242238 0.527860
0.243350 0.410698
0.243934 0.572013
0.245691 0.511508
0.245840 0.458791
0.246230 0.341462
0.248302 0.580024
0.248572 0.507390
0.249054 0.358897
0.249984 0.425415
0.250475 0.483578
0.250610 0.553076
0.251684 0.528373
0.252254 0.550641
0.252539 0.395423
0.253181 0.392012
0.253666 0.441896
0.253771 0.310627
0.254397 0.497715
0.254419 0.485600
0.254580 0.391931
0.255737 0.306781
0.257044 0.447878
0.257102 0.432997
0.257280 0.336059
0.258067 0.508784
0.258442 0.500188
0.259054 0.305552
0.259373 0.382726
0.260027 0.353003
0.260387 0.412630
0.261430 0.503171
0.262206 0.409868
0.262902 0.792150
0.263068 0.370011
0.263415 0.420247
0.263709 0.362191
0.265009 0.594965
0.265366 0.666249
0.265427 0.647118
0.267144 0.470538
0.267224 0.466705
0.268887 0.427641
0.269998 0.459352
0.270102 0.639616
0.270256 0.689620
0.270328 0.423126
0.270655 0.610505
0.270953 0.524817
0.270989 0.345701
0.271307 0.332947
0.271360 0.456387
0.271882 0.344071
0.272059 0.520079
0.272172 0.449862
0.272319 0.550877
0.272375 0.385666
0.273846 0.454443
0.273933 0.362503
0.274017 0.459031
0.274360 0.489260
0.275040 0.488889
0.275192 0.588694
0.275845 0.441966
0.276155 0.520936
0.278197 0.419338
0.278609 0.525198
0.278693 0.513811
0.279008 0.313264
0.279146 0.522259
0.279311 0.505888
0.280303 0.389277
0.282012 0.566527
0.283086 0.598521
0.283737 0.626615
0.283841 0.423565
0.283912 0.482326
0.283945 0.429409
0.284359 0.503715
0.284597 0.479796
0.284945 0.763510
0.285015 0.408060
0.285193 0.398150
0.287236 0.569354
0.287656 0.607529
0.287688 0.452847
0.287753 0.646490
0.288076 0.437143
0.289473 0.601278
0.289975 0.500002
0.291043 0.560141
0.292561 0.584043
0.292624 0.370588
0.293119 0.460134
0.293445 0.496427
0.293754 0.620302
0.294784 0.583401
0.294882 0.435904
0.295777 0.413510
0.296187 0.701404
0.296590 0.427810
0.296746 0.607998
0.297274 0.512971
0.298730 0.478635
0.299211 0.748709
0.301686 0.626960
0.301714 0.519537
0.302638 0.716166
0.303831 0.499116
0.304082 0.486871
0.304352 0.334152
0.304800 0.511754
0.304848 0.437492
0.305128 0.685374
0.305172 0.500934
0.305556 0.543236
0.306397 0.569101
0.306940 0.506124
0.306968 0.502910
0.307918 0.612541
0.308053 0.591263
0.308156 0.393898
0.308210 0.540972
0.308531 0.369566
0.309052 0.395179
0.309163 0.608139
0.309481 0.569717
0.310659 0.756150
0.311430 0.578698
0.311852 0.630200
0.312683 0.464498
0.312812 0.594387
0.313243 0.601154
0.313290 0.452201
0.317518 0.368959
0.318474 0.519300
0.318640 0.496105
0.318897 0.526620
0.319827 0.492553
0.320175 0.515274
0.321802 0.538823
0.321894 0.590155
0.322680 0.440215
0.322783 0.757820
0.323515 0.570512
0.323929 0.425709
0.324250 0.502470
0.324837 0.775438
0.324871 0.534039
0.324974 0.566174
0.325641 0.509577
0.325660 0.426733
0.326993 0.584835
0.328200 0.620203
0.328439 0.437367
0.329263 0.517390
0.330588 0.691441
0.331021 0.495458
0.331944 0.588904
0.332890 0.549750
0.333268 0.497952
0.333625 0.658272
0.335152 0.488227
0.336421 0.528068
0.337653 0.493046
0.338508 0.574860
0.339059 0.518950
0.339362 0.419861
0.339440 0.547903
0.339502 0.416965
0.340196 0.434371
0.340515 0.515459
0.341193 0.680032
0.342188 0.531421
0.342765 0.505504
0.343285 0.606197
0.343643 0.635506
0.344320 0.658733
0.344597 0.433721
0.345611 0.436874
0.345795 0.409738
0.346432 0.505840
0.346674 0.533516
0.346792 0.492213
0.347213 0.682615
0.348151 0.589347
0.348299 0.536940
0.348430 0.475894
0.350126 0.548208
0.350454 0.574925
0.351243 0.382429
0.351559 0.448559
0.351832 0.391315
0.353557 0.496155
0.353995 0.538483
0.355429 0.624658
0.356125 0.686268
0.356217 0.490801
0.356597 0.609872
0.356747 0.733892
0.357231 0.659185
0.358504 0.469150
0.358710 0.596240
0.358730 0.720685
0.358890 0.559269
0.359462 0.404569
0.361421 0.650920
0.361866 0.553212
0.363158 0.572676
0.363257 0.644203
0.363855 0.486847
0.363915 0.520679
0.364060 0.521593
0.364481 0.661477
0.365226 0.796048
0.366360 0.469122
0.367774 0.538959
0.368616 0.605042
0.370080 0.522651
0.370197 0.539698
0.370306 0.446241
0.370488 0.586278
0.370838 0.521817
0.370884 0.514020
0.371061 0.656921
0.371851 0.568153
0.371879 0.448683
0.372036 0.704426
0.372698 0.748167
0.373290 0.620569
0.374078 0.633508
0.374254 0.499800
0.374406 0.626394
0.374557 0.738567
0.376499 0.518851
0.376552 0.595716
0.376622 0.682304
0.377106 0.517927
0.377404 0.589167
0.378377 0.562134
0.378606 0.451353
0.379653 0.490741
0.379870 0.631009
0.381681 0.578837
0.382246 0.458098
0.382894 0.529195
0.382895 0.695539
0.384025 0.502633
0.385189 0.783053
0.385281 0.495538
0.386212 0.616178
0.386233 0.450693
0.386751 0.540618
0.386830 0.410982
0.386860 0.768151
0.388986 0.490774
0.389202 0.477540
0.389233 0.748842
0.390290 0.791729
0.390497 0.564806
0.390993 0.621328
0.392166 0.749122
0.394769 0.566055
0.394959 0.626492
0.395732 0.529000
0.395847 0.579023
0.396022 0.484698
0.396425 0.610998
0.397218 0.612733
0.398505 0.501472
0.399887 0.522667
0.401472 0.695345
0.401493 0.492594
0.403563 0.622016
0.404151 0.635004
0.404242 0.731513
0.405018 0.646424
0.405275 0.627353
0.405652 0.558251
0.405711 0.492560
0.406575 0.500296
0.408798 0.716654
0.409247 0.609199
0.409293 0.697031
0.410381 0.654409
0.410854 0.736428
0.411331 0.532765
0.412005 0.593307
0.412064 0.749878
0.413966 0.701518
0.415932 0.610222
0.416370 0.487562
0.418802 0.502587
0.418827 0.532301
0.419330 0.587501
0.419661 0.582250
0.420273 0.878338
0.422990 0.644645
0.423577 0.655663
0.425142 0.679308
0.425426 0.535853
0.426420 0.523255
0.426840 0.618784
0.427625 0.559480
0.428245 0.727881
0.429559 0.591766
0.431198 0.696209
0.431469 0.530811
0.433310 0.702533
0.433522 0.635151
0.433606 0.670041
0.433833 0.657557
0.433993 0.663818
0.435257 0.627146
0.435328 0.569482
0.436918 0.723362
0.437770 0.598601
0.438764 0.546672
0.439213 0.609154
0.439939 0.706622
0.441362 0.532701
0.443532 0.688022
0.444319 0.590092
0.444722 0.656319
0.445188 0.600836
0.445942 0.498734
0.447020 0.715775
0.447168 0.599696
0.448740 0.655406
0.449840 0.633656
0.450082 0.623802
0.451338 0.556820
0.452370 0.693269
0.452562 0.698977
0.454998 0.488955
0.456322 0.704701
0.457035 0.976396
0.458484 0.646908
0.461578 0.699412
0.463073 0.511484
0.463252 0.611047
0.464019 0.559931
0.464221 0.731227
0.464272 0.662583
0.465904 0.893171
0.470231 0.562061
0.471266 0.677402
0.471567 0.750175
0.471888 0.618240
0.472434 0.781675
0.473391 0.847622
0.473589 0.719525
0.474282 0.654117
0.475317 0.634201
0.475697 0.714205
0.478167 0.731973
0.481505 0.740982
0.483518 0.839147
0.484551 0.540956
0.487613 0.636065
0.487871 0.763342
0.488582 0.887041
0.490912 0.615711
0.494962 0.605146
0.498241 0.584198
0.498423 0.643527
0.499190 0.722828
0.499588 0.682836
0.502130 0.686511
0.504383 0.780711
0.505675 0.619812
0.506222 0.527897
0.506643 0.782769
0.507017 0.658382
0.507145 0.530341
0.512073 0.665301
0.514883 0.549121
0.515336 0.662003
0.517597 0.580648
0.517858 0.847157
0.518322 0.629695
0.521269 0.704854
0.521343 0.779918
0.521625 0.630950
0.523013 0.564279
0.523152 0.756707
0.523927 0.757721
0.526132 0.561196
0.526266 0.670210
0.526608 0.658334
0.532536 0.629312
0.539175 0.857994
0.543972 0.662018
0.544535 0.822975
0.544936 0.618820
0.544959 0.825913
0.547346 0.562906
0.549677 0.737748
0.552263 0.598594
0.552963 0.642874
0.555600 0.685544
0.563843 0.701284
0.565873 0.692229
0.567913 0.677546
0.569621 0.724251
0.571277 0.629246
0.571686 0.723118
0.575064 0.754981
0.575371 0.757729
0.576786 0.718358
0.576929 0.712583
0.580632 0.591721
0.580967 0.834405
0.581645 0.738718
0.581858 0.842132
0.582607 0.658067
0.583003 0.815795
0.592527 0.665307
0.593091 0.900655
0.593586 0.657320
0.598214 0.841330
0.601780 0.580474
0.602644 0.687534
0.606772 1.000000
0.606982 0.601920
0.608205 0.730434
0.617806 0.824288
0.622329 0.818776
0.623053 0.732498
0.627515 0.761656
0.631695 0.727071
0.633227 0.801600
0.633247 0.709181
0.635742 0.819503
0.646034 0.848724
0.650991 0.752013
0.651607 0.703262
0.668553 0.944206
0.670614 0.725812
0.671970 0.909575
0.673587 0.885959
0.675888 0.916308
0.680749 0.928581
0.680937 0.714316
0.685374 0.918382
0.691167 0.675480
0.702155 0.836983
0.702498 0.830234
0.703580 0.757681
0.706553 0.882451
0.707168 0.840856
0.708415 0.761315
0.709486 0.658359
0.713603 0.671548
0.716645 0.750903
0.717107 0.869879
0.717313 0.798895
0.730535 0.849285
0.731219 0.684374
0.732383 0.899151
0.735988 0.669811
0.741318 0.822564
0.745336 0.767129
0.752994 0.939027
0.759491 0.860914
0.772003 0.750146
0.772418 0.794469
0.777738 0.938217
0.786153 0.945120
0.791495 0.800590
0.803810 0.878408
0.816759 0.762127
0.837194 0.801501
0.867531 0.867652
0.996029 0.767150
1.000000 0.850657
