0.000000 0.014303
0.018271 0.046895
0.024767 0.015924
0.026730 0.021818
0.049800 0.001336
0.062107 0.038307
0.064255 0.000000
0.077084 0.031828
0.077237 0.040888
0.084678 0.017921
0.091808 0.047818
0.103632 0.016217
0.106383 0.023453
0.112682 0.078734
0.151762 0.054001
0.179451 0.074750
0.191188 0.016064
0.194247 0.032892
0.200306 0.075214
0.201553 0.043845
0.210564 0.084688
0.215540 0.045002
0.217948 0.111442
0.222827 0.043990
0.223568 0.066030
0.233013 0.078156
0.234315 0.027945
0.238399 0.040288
0.239167 0.098013
0.247524 0.085907
0.260364 0.052189
0.265624 0.034040
0.265660 0.039999
0.268902 0.074136
0.269910 0.137383
0.301181 0.138290
0.302290 0.118672
0.315867 0.156379
0.324045 0.025593
0.348677 0.098012
0.353059 0.059069
0.359779 0.163544
0.374269 0.127670
0.374538 0.158507
0.375281 0.069077
0.383561 0.141309
0.387140 0.089765
0.394483 0.111964
0.399025 0.171170
0.404741 0.121615
0.420267 0.100795
0.451854 0.213420
0.464704 0.190371
0.477363 0.162791
0.493611 0.244643
0.500342 0.219907
0.506951 0.261238
0.508854 0.122241
0.510743 0.152620
0.516133 0.248820
0.520531 0.108425
0.520770 0.190002
0.526903 0.153470
0.529497 0.264633
0.536193 0.240972
0.552407 0.188461
0.554902 0.143293
0.559715 0.301097
0.577958 0.334826
0.578186 0.233323
0.589939 0.330223
0.599242 0.195119
0.610935 0.256015
0.616748 0.239062
0.617228 0.211849
0.627493 0.174872
0.642495 0.281811
0.650217 0.203743
0.668646 0.412735
0.683689 0.282729
0.699970 0.340825
0.703579 0.334014
0.712357 0.371653
0.742640 0.441657
0.750157 0.434571
0.775209 0.397334
0.789061 0.484702
0.791830 0.484397
0.795757 0.439136
0.798026 0.541963
0.798799 0.547607
0.800647 0.510532
0.800785 0.520705
0.822375 0.608508
0.829021 0.657101
0.830507 0.383009
0.831673 0.521674
0.834444 0.519887
0.851423 0.687149
0.852602 0.676664
0.880584 0.518025
0.891650 0.699309
0.896006 0.701376
0.903976 0.752183
0.909741 0.720860
0.920435 0.787193
0.925396 0.789413
0.927039 0.767702
0.941898 0.796149
0.952769 0.874675
0.961051 0.859270
0.961180 0.878635
0.965585 0.870919
0.973960 0.939564
0.976172 0.915473
0.986218 0.972235
0.988096 0.931771
0.992244 0.958866
0.996377 0.999995
1.000000 1.000000
