0.000000 0.086700
0.005552 0.415986
0.005730 0.336306
0.012341 0.614631
0.017948 0.217287
0.022053 0.182915
0.022814 0.128202
0.026131 0.441564
0.026537 0.310181
0.031446 0.601013
0.031870 0.040766
0.035204 0.198376
0.037545 0.207512
0.037678 0.408122
0.038184 0.230388
0.039010 0.223345
0.040571 0.414287
0.043038 0.284425
0.043218 0.313249
0.044688 0.161476
0.049272 0.501780
0.049568 0.241781
0.055673 0.322190
0.056206 0.075791
0.056793 0.484580
0.057804 0.289011
0.061598 0.295618
0.064021 0.270798
0.065479 0.506006
0.065652 0.159008
0.066347 0.441053
0.068501 0.463093
0.070446 0.307142
0.072866 0.101808
0.076078 0.303828
0.076941 0.647081
0.077544 0.130150
0.077714 0.227254
0.081318 0.301845
0.084300 0.512676
0.084367 0.111339
0.085380 0.208165
0.089356 0.537785
0.090382 0.258347
0.090752 0.523995
0.094936 0.334718
0.096424 0.211045
0.099418 0.435388
0.099478 0.160864
0.101343 0.571212
0.104521 0.366602
0.105972 0.229483
0.107654 0.411071
0.107678 0.347413
0.109099 0.285905
0.110953 0.321071
0.112456 0.199819
0.113388 0.412776
0.118636 0.527252
0.119080 0.395814
0.121348 0.361084
0.122544 0.207280
0.127183 0.301837
0.128626 0.219177
0.130302 0.506643
0.131780 0.547730
0.135356 0.643783
0.135395 0.368486
0.138432 0.326550
0.139118 0.339256
0.139288 0.518946
0.140504 0.319414
0.141728 0.300778
0.142079 0.237948
0.142761 0.301007
0.143078 0.501626
0.143885 0.290594
0.148905 0.302289
0.150954 0.312904
0.151932 0.292738
0.152862 0.156476
0.153967 0.254287
0.154508 0.472621
0.155289 0.445062
0.155475 0.591597
0.156813 0.229454
0.157313 0.476626
0.159007 0.291989
0.159154 0.214122
0.159198 0.561425
0.159721 0.155896
0.160101 0.453896
0.161967 0.234858
0.163945 0.329459
0.164097 0.356064
0.166026 0.123067
0.166232 0.474020
0.166441 0.249956
0.168528 0.385559
0.169660 0.116803
0.170226 0.424594
0.171901 0.211455
0.172046 0.019774
0.173201 0.707619
0.175534 0.277385
0.175806 0.146739
0.180140 0.483997
0.180829 0.424909
0.180881 0.164336
0.181644 0.323521
0.181680 0.118612
0.182064 0.389373
0.182121 0.421673
0.182699 0.200506
0.182836 0.613304
0.182912 0.617152
0.187291 0.345981
0.187541 0.511527
0.188488 0.519074
0.188889 0.165297
0.190986 0.310389
0.191440 0.229203
0.193601 0.368282
0.194024 0.450350
0.196472 0.312534
0.197713 0.083703
0.201206 0.319024
0.201959 0.406072
0.207631 0.458998
0.207695 0.309695
0.211474 0.563080
0.211801 0.219311
0.212226 0.625589
0.213214 0.206231
0.215892 0.482900
0.215960 0.267459
0.219891 0.295657
0.222894 0.441588
0.225913 0.189669
0.226501 0.352799
0.226663 0.166286
0.227447 0.202086
0.227774 0.415385
0.231344 0.161683
0.232020 0.159772
0.234756 0.226990
0.236371 0.366453
0.236947 0.418875
0.237132 0.453424
0.241480 0.383696
0.241516 0.222169
0.241586 0.669758
0.244273 0.389816
0.244738 0.283027
0.245310 0.440523
0.247973 0.575385
0.249027 0.287520
0.249048 0.643591
0.249318 0.345304
0.249446 0.239149
0.249533 0.160122
0.249619 0.545879
0.250332 0.169956
0.250752 0.300521
0.251086 0.117894
0.252168 0.446642
0.252331 0.318129
0.253012 0.404643
0.253427 0.594797
0.254542 0.313227
0.256644 0.259794
0.257667 0.564809
0.257819 0.357405
0.260705 0.542237
0.261233 0.449089
0.261233 0.439231
0.261473 0.202826
0.263321 0.329299
0.265983 0.471978
0.266255 0.169914
0.266350 0.652270
0.269056 0.229893
0.270696 0.417644
0.272174 0.359968
0.273090 0.052700
0.273515 0.234868
0.273546 0.631855
0.276609 0.235307
0.276790 0.410768
0.279496 0.241415
0.281313 0.358527
0.282856 0.181904
0.283778 0.536517
0.283888 0.558475
0.285812 0.677725
0.289286 0.000000
0.289765 0.472485
0.290904 0.384412
0.293120 0.227034
0.293373 0.630445
0.295605 0.341634
0.298864 0.237463
0.299196 0.247753
0.299487 0.330528
0.300847 0.705654
0.301608 0.338929
0.303216 0.523823
0.305599 0.411192
0.306966 0.123743
0.308603 0.129253
0.310333 0.059263
0.311397 0.142225
0.312949 0.432718
0.313283 0.401682
0.315393 0.277275
0.315448 0.425764
0.316470 0.214211
0.318233 0.738976
0.318294 0.460078
0.324047 0.591348
0.325415 0.633225
0.326016 0.471149
0.328866 0.404578
0.329133 0.488144
0.332401 0.473924
0.334393 0.520982
0.336449 0.570990
0.337675 0.560227
0.337743 0.405460
0.338140 0.373077
0.338793 0.149504
0.339369 0.460412
0.342592 0.451843
0.343324 0.471775
0.343428 0.422947
0.346898 0.467007
0.349324 0.659293
0.350951 0.288133
0.356457 0.733015
0.356559 0.401955
0.357071 0.591640
0.357571 0.353759
0.360759 0.553502
0.361408 0.664723
0.362175 0.679390
0.362606 0.524839
0.365973 0.583382
0.366166 0.167103
0.367173 0.275675
0.369119 0.529309
0.369253 0.329384
0.371226 0.567423
0.373266 0.480106
0.373420 0.398852
0.373614 0.141940
0.374295 0.363273
0.377436 0.202000
0.377809 0.588890
0.378527 0.709767
0.379234 0.619710
0.380914 0.697025
0.381960 0.493012
0.382322 0.138204
0.383701 0.582808
0.385444 0.223113
0.385788 0.293634
0.389573 0.388747
0.389637 0.163006
0.389952 0.261270
0.392785 0.642615
0.395060 0.579736
0.395350 0.377760
0.395958 0.465983
0.396842 0.305556
0.397478 0.326036
0.399146 0.451980
0.399801 0.142894
0.400240 0.387627
0.401347 0.550837
0.401353 0.179804
0.403111 0.615898
0.403414 0.258130
0.403742 0.361537
0.404777 0.523253
0.406904 0.519527
0.407052 0.167667
0.407056 0.563138
0.408677 0.333182
0.409017 0.505218
0.409817 0.486998
0.410012 0.573481
0.410421 0.355473
0.411472 0.210356
0.412405 0.341401
0.413746 0.219781
0.414735 0.308502
0.417593 0.459024
0.417688 0.821275
0.418513 0.448897
0.420118 0.552347
0.422203 0.373190
0.423234 0.674497
0.428506 0.108049
0.436037 0.489903
0.436440 0.208566
0.437365 0.651990
0.439666 0.154119
0.443856 0.414506
0.447431 0.431351
0.448257 0.639774
0.448336 0.812003
0.449628 0.629685
0.451208 0.412083
0.453751 0.421632
0.456300 0.586541
0.456660 0.442883
0.457975 0.273519
0.458548 0.536051
0.461752 0.330915
0.464277 0.332591
0.466802 0.356552
0.467781 0.661719
0.474447 0.465916
0.476798 0.503759
0.479498 0.178953
0.480675 0.789260
0.483237 0.666001
0.483971 0.320132
0.485061 0.462191
0.486356 0.175264
0.492350 0.429582
0.493629 0.571580
0.498418 0.482258
0.500731 0.570312
0.501443 0.501642
0.502563 0.390519
0.504827 0.284957
0.504905 0.479540
0.508032 0.498488
0.508221 0.249928
0.508475 0.234029
0.509702 0.824857
0.510730 0.388066
0.510812 0.741700
0.513050 0.708409
0.513487 0.419692
0.515988 0.490800
0.517051 0.692750
0.517566 0.443444
0.522671 0.515809
0.523311 0.387857
0.525285 0.470335
0.527819 0.402095
0.530011 0.583789
0.532241 0.463500
0.535545 0.409581
0.541223 0.576476
0.548576 0.310905
0.552369 0.557044
0.560190 0.602138
0.562169 0.625944
0.563537 0.635937
0.565646 0.493963
0.567415 0.280016
0.568284 0.508883
0.575689 0.828070
0.575838 0.527173
0.575949 0.516934
0.575985 0.334188
0.576869 0.544212
0.580411 0.394048
0.582985 0.669008
0.583957 0.646439
0.589113 0.640685
0.595218 0.160566
0.599189 0.379318
0.600690 0.663241
0.600767 0.438852
0.604817 0.582976
0.605113 0.527145
0.605177 0.441678
0.606299 0.486719
0.608562 0.397474
0.614823 0.695415
0.619242 0.581137
0.629116 0.747663
0.631101 0.302468
0.632599 0.579292
0.633269 0.395356
0.638028 0.419624
0.639950 0.322682
0.651558 0.352389
0.660295 0.517998
0.661470 0.413934
0.663840 0.704703
0.670204 0.743759
0.671778 0.644521
0.673678 0.709267
0.681103 0.588067
0.698240 0.736960
0.698371 0.721601
0.703240 0.187256
0.704247 0.646804
0.705302 0.726016
0.726303 0.770870
0.727526 0.337160
0.736734 0.736100
0.743810 0.518058
0.747497 0.484829
0.751966 0.735668
0.755734 0.517251
0.756857 0.415117
0.762571 0.534689
0.766034 0.912050
0.781641 0.471894
0.808248 0.833842
0.826375 0.744565
0.836850 0.672814
0.867225 0.502631
0.900572 0.485005
0.917111 1.000000
0.926756 0.587553
0.949342 0.940812
1.000000 0.865237
