0.000000 0.386909
0.017460 0.650070
0.024758 0.431578
0.056908 0.585310
0.068213 0.661610
0.079508 0.560903
0.087582 0.326898
0.118486 0.619737
0.128969 0.503258
0.141270 0.760271
0.151041 0.547816
0.152820 0.382648
0.154195 0.403873
0.161134 0.265684
0.173700 0.588714
0.174335 0.314739
0.178818 0.421575
0.183883 0.460843
0.184785 0.513733
0.194916 0.395526
0.205916 0.386658
0.208365 0.574418
0.212623 0.504753
0.217292 0.316898
0.220106 0.687488
0.221039 0.600521
0.221581 0.595205
0.222052 0.316320
0.222476 0.398741
0.224357 0.550029
0.225027 0.357919
0.225978 0.501003
0.237278 0.361012
0.239703 0.358919
0.240772 0.548594
0.244359 0.560118
0.248798 0.721776
0.249129 0.510820
0.250087 0.500003
0.253551 0.843031
0.258049 0.497893
0.258404 0.612880
0.259797 0.436173
0.260669 0.350718
0.260754 0.809112
0.261289 0.442825
0.262070 0.645353
0.263189 0.697151
0.264519 0.460674
0.269895 0.579886
0.269923 0.434151
0.281787 0.521378
0.283172 0.613215
0.285813 0.531818
0.291267 0.616362
0.292347 0.352846
0.292500 0.336931
0.292567 0.521968
0.292658 0.325786
0.296903 0.465358
0.301703 0.315384
0.301784 0.532181
0.304844 0.738683
0.306109 0.887869
0.306307 0.336143
0.306396 0.738044
0.306430 0.458660
0.307604 0.517922
0.310234 0.553136
0.312568 0.417311
0.312930 0.434780
0.314938 0.405376
0.316857 0.570917
0.325366 0.530588
0.328408 0.548076
0.330063 0.264992
0.332810 0.299820
0.335365 0.352591
0.335821 0.747138
0.336127 0.281711
0.338095 0.563705
0.338659 0.306455
0.339992 0.622647
0.340304 0.609404
0.340906 0.401461
0.341987 0.274741
0.342721 0.504036
0.343252 0.344107
0.344423 0.265706
0.344435 0.699460
0.344964 0.404428
0.345781 0.444736
0.346095 0.574390
0.346625 0.348105
0.349753 0.369427
0.352829 0.506117
0.353859 0.529415
0.355064 0.598554
0.355099 0.445567
0.355478 0.549175
0.356564 0.301843
0.358589 0.434956
0.359441 0.816027
0.360392 0.659204
0.361197 0.539021
0.361335 0.291821
0.362470 0.444386
0.364650 0.405544
0.367534 0.676265
0.368261 0.238966
0.369164 0.464645
0.369927 0.593850
0.371800 0.498196
0.371924 0.272100
0.373098 0.413080
0.373482 0.445641
0.374614 0.403586
0.377177 0.783108
0.377675 0.321533
0.378266 0.449354
0.378516 0.602912
0.379401 0.458827
0.380480 0.589735
0.380519 0.311851
0.381249 0.203861
0.381918 0.529148
0.382050 0.491837
0.383382 0.510517
0.383970 0.763359
0.385534 0.576092
0.385975 0.449422
0.387939 0.568447
0.388874 0.169487
0.395952 0.367116
0.396289 0.522861
0.396435 0.285874
0.396904 0.333152
0.398354 0.580238
0.398470 0.297860
0.399062 0.526058
0.399806 0.278949
0.402178 0.777244
0.402247 0.326281
0.402426 0.313848
0.403555 0.387991
0.404967 0.254414
0.409292 0.548346
0.410502 0.501969
0.414932 0.470691
0.415866 0.438583
0.416091 0.506242
0.417547 0.744328
0.418142 0.132514
0.419761 0.276875
0.422113 0.614614
0.424830 0.494548
0.426154 0.292131
0.428051 0.293985
0.428660 0.431385
0.429090 0.369514
0.429091 0.743567
0.429536 0.446007
0.430083 0.596272
0.430438 0.336186
0.434057 0.301625
0.434091 0.291314
0.434436 0.308656
0.434545 0.848268
0.434968 0.283048
0.435871 0.320731
0.436555 0.466847
0.436696 0.293531
0.436933 0.372235
0.437085 0.445395
0.439015 0.358025
0.439347 0.667764
0.439762 0.700191
0.440680 0.704571
0.441150 0.725328
0.442217 0.533326
0.442484 0.438350
0.444255 0.649732
0.444615 0.617297
0.444881 0.363400
0.446292 0.534152
0.446310 0.420967
0.447186 0.455080
0.447951 0.621826
0.448098 0.620279
0.449481 0.441767
0.450051 0.527134
0.450198 0.485551
0.451392 0.179486
0.452863 0.533160
0.453087 0.645697
0.453572 0.457528
0.454342 0.477940
0.454950 0.531534
0.455749 0.781519
0.456118 0.358617
0.456227 0.377386
0.456918 0.282646
0.457422 0.780883
0.459372 0.344334
0.460686 0.346143
0.462255 0.477184
0.464558 0.361495
0.465046 0.774935
0.467517 0.479933
0.467797 0.635050
0.467808 0.467818
0.467957 0.360233
0.470027 0.586370
0.470324 0.692257
0.470580 0.706317
0.471270 0.746671
0.472218 0.341205
0.473795 0.283397
0.474328 0.584970
0.474707 0.447612
0.475064 0.236560
0.475998 0.146673
0.476933 0.408655
0.478289 0.651664
0.478755 0.479797
0.478783 0.352688
0.479596 0.386438
0.480197 0.181300
0.480670 0.485733
0.480921 0.464420
0.481423 0.522275
0.482917 0.519657
0.484212 0.567143
0.484757 0.152165
0.485825 0.279287
0.486170 0.516358
0.490220 0.293435
0.490404 0.561316
0.490418 0.373255
0.491967 0.498507
0.492246 0.124835
0.492901 0.343930
0.493151 0.566020
0.493805 0.513934
0.494070 0.441595
0.494084 0.500232
0.494469 0.285247
0.494484 0.750903
0.494621 0.326137
0.494877 0.131928
0.496656 0.544883
0.496948 0.421181
0.497114 0.580424
0.497329 0.547326
0.497606 0.429610
0.499182 0.544330
0.499762 0.575955
0.500147 0.246477
0.500937 0.487543
0.501380 0.294551
0.501597 0.397779
0.502359 0.329586
0.502503 0.500838
0.502577 0.804074
0.502997 0.260301
0.506330 0.560503
0.507130 0.305706
0.507504 0.262903
0.508403 0.611245
0.508553 0.731244
0.509044 0.605951
0.509470 0.365095
0.509890 0.203600
0.510649 0.405335
0.511559 0.884250
0.512300 0.355153
0.512905 0.542678
0.513444 0.673687
0.514585 0.356548
0.515828 0.183745
0.516178 0.411604
0.517235 0.343443
0.517961 0.204997
0.518857 0.424958
0.518872 0.552250
0.520091 0.735406
0.520703 0.520193
0.521326 0.352695
0.521631 0.492838
0.522542 0.416837
0.523741 0.361182
0.523754 0.704748
0.524459 0.373955
0.524796 0.551194
0.524884 0.339722
0.525228 0.451462
0.525656 0.521961
0.527942 0.266035
0.528144 0.538414
0.530028 0.336622
0.531767 0.273642
0.532855 0.296265
0.534081 0.429456
0.534664 0.489555
0.534840 0.430795
0.535352 0.345915
0.535465 0.672977
0.535663 0.237416
0.535933 0.274597
0.536256 0.485044
0.536690 0.244086
0.536825 0.444859
0.536919 0.407711
0.537136 0.456642
0.539404 0.461401
0.539624 0.408350
0.540024 0.410032
0.540441 0.443787
0.542145 0.631143
0.542190 0.248606
0.542787 0.316633
0.542819 0.436546
0.542861 0.479002
0.544758 0.174074
0.545076 0.535408
0.545364 0.444856
0.545696 0.514631
0.545883 0.338924
0.546016 0.545538
0.547379 0.432272
0.547633 0.372759
0.547840 0.564026
0.548246 0.429429
0.548522 0.329418
0.549186 0.484838
0.549656 0.417908
0.550323 0.531652
0.550467 0.485183
0.550822 0.743287
0.551912 0.378536
0.552938 0.452545
0.553239 0.327072
0.553532 0.472880
0.555176 0.940686
0.555428 0.435252
0.555489 0.204913
0.555827 0.617843
0.555984 0.745919
0.556102 0.696161
0.560794 0.365279
0.561338 0.513476
0.561583 0.568182
0.561983 0.420814
0.562228 0.609371
0.562641 0.275716
0.563582 0.405911
0.563626 0.509408
0.563826 0.382157
0.563923 0.428331
0.564235 0.318882
0.565016 0.569400
0.566055 0.142125
0.566361 0.436063
0.567124 0.679445
0.567559 0.640334
0.567693 0.824119
0.568149 0.294616
0.568151 0.420629
0.568494 0.419640
0.569143 0.411744
0.569563 0.225971
0.569836 0.538351
0.570353 0.167241
0.571184 0.721446
0.572358 0.391068
0.573405 0.188853
0.575086 0.192066
0.575844 0.496318
0.578439 0.851761
0.579433 0.711271
0.579558 0.405489
0.580714 0.181177
0.582434 0.592718
0.582683 0.270120
0.582903 0.408046
0.583499 0.195700
0.584061 0.493288
0.584580 0.354165
0.585875 0.519106
0.585887 0.441550
0.587150 0.544666
0.587735 0.512493
0.588303 0.730272
0.589159 0.308397
0.591914 0.461953
0.593583 0.540230
0.594201 0.580625
0.595396 0.226694
0.595689 0.258321
0.598242 0.456788
0.598379 0.393020
0.598660 0.297464
0.598763 1.000000
0.599918 0.566472
0.600197 0.427755
0.600678 0.423037
0.602868 0.249781
0.603923 0.553889
0.604064 0.403209
0.604080 0.735050
0.606180 0.303345
0.607281 0.196427
0.608032 0.224281
0.609102 0.419526
0.609317 0.445276
0.609537 0.233262
0.609716 0.353617
0.610972 0.386763
0.611315 0.299917
0.611528 0.303577
0.611696 0.258299
0.611947 0.340773
0.612539 0.574473
0.613342 0.398235
0.613764 0.605723
0.613765 0.431893
0.613807 0.629399
0.614029 0.370045
0.614737 0.488897
0.615139 0.375780
0.615757 0.479077
0.616727 0.604985
0.619198 0.316927
0.621570 0.661770
0.622869 0.537968
0.623696 0.376445
0.623815 0.586831
0.625246 0.569424
0.625669 0.262468
0.626365 0.545976
0.626493 0.426332
0.629015 0.351909
0.629243 0.591795
0.632343 0.518702
0.632672 0.406370
0.634562 0.244678
0.634733 0.370266
0.635916 0.429592
0.636136 0.353919
0.636798 0.418528
0.637404 0.290054
0.637930 0.404073
0.638905 0.436984
0.639358 0.304456
0.639864 0.472036
0.641101 0.200575
0.641121 0.280487
0.642403 0.264310
0.642492 0.420687
0.642804 0.264095
0.643743 0.244973
0.645219 0.319441
0.646662 0.272775
0.646733 0.853128
0.648017 0.159778
0.649176 0.283006
0.649515 0.224473
0.650106 0.376417
0.650796 0.202696
0.651084 0.745483
0.653485 0.160251
0.655215 0.415786
0.657154 0.250172
0.657534 0.238451
0.657938 0.586147
0.659285 0.390480
0.660075 0.200082
0.661071 0.532202
0.661388 0.693995
0.663127 0.303038
0.663596 0.123572
0.663769 0.429568
0.665405 0.593863
0.667015 0.321003
0.668260 0.215913
0.669147 0.435140
0.671172 0.304796
0.671628 0.680331
0.671681 0.503388
0.672665 0.532648
0.674202 0.414573
0.675283 0.220407
0.676359 0.357081
0.676374 0.155608
0.676379 0.201531
0.680430 0.280292
0.681041 0.669899
0.681411 0.578231
0.682508 0.206099
0.684803 0.337109
0.685997 0.305158
0.687515 0.323860
0.688137 0.595498
0.689832 0.545033
0.690528 0.507386
0.690676 0.290651
0.692259 0.818074
0.693051 0.530848
0.693872 0.777794
0.695079 0.856186
0.695700 0.431351
0.696118 0.223944
0.696254 0.607449
0.696840 0.387555
0.697436 0.503118
0.698739 0.709427
0.699211 0.035958
0.700644 0.457740
0.701139 0.523559
0.701405 0.276370
0.707834 0.727230
0.710563 0.342733
0.711093 0.125703
0.711872 0.459088
0.711924 0.207754
0.712714 0.371733
0.712884 0.405012
0.716337 0.244759
0.716359 0.356602
0.718788 0.254550
0.719577 0.248346
0.721298 0.772704
0.721654 0.225814
0.721667 0.173924
0.722458 0.130325
0.725428 0.109228
0.726088 0.399569
0.726247 0.419990
0.726315 0.390326
0.727020 0.301242
0.727251 0.435838
0.727577 0.135594
0.728188 0.415368
0.728355 0.431841
0.730280 0.147117
0.732158 0.338108
0.732683 0.441324
0.733124 0.192802
0.733463 0.318665
0.734863 0.581891
0.734902 0.135431
0.735045 0.544518
0.735517 0.322968
0.735541 0.136362
0.738041 0.435771
0.738151 0.767008
0.740707 0.459383
0.741193 0.248313
0.741662 0.091942
0.743351 0.128680
0.743374 0.728900
0.745907 0.427265
0.747648 0.371574
0.748624 0.168216
0.750096 0.371595
0.754306 0.534268
0.755116 0.157398
0.758193 0.319102
0.758334 0.245230
0.761443 0.401066
0.761560 0.364781
0.763199 0.438876
0.765502 0.219833
0.766279 0.308882
0.768866 0.359571
0.769388 0.319533
0.772010 0.181728
0.772401 0.563836
0.774834 0.387795
0.775675 0.384175
0.776400 0.192472
0.780852 0.250584
0.781543 0.307693
0.781624 0.593748
0.784420 0.379902
0.785034 0.222979
0.786695 0.025378
0.787128 0.474302
0.788789 0.113076
0.791766 0.407127
0.793895 0.459315
0.796289 0.343075
0.796347 0.877049
0.801074 0.452125
0.801389 0.087239
0.803827 0.787083
0.805387 0.457301
0.807098 0.550615
0.807173 0.577810
0.808211 0.581716
0.808930 0.266777
0.809565 0.286010
0.810634 0.312755
0.811070 0.411719
0.812179 0.552668
0.812866 0.565356
0.815045 0.403239
0.815468 0.511831
0.817048 0.470702
0.822142 0.679540
0.824123 0.275530
0.826062 0.817399
0.827726 0.216053
0.829360 0.247931
0.829429 0.171844
0.829457 0.201987
0.831175 0.670921
0.833975 0.361925
0.835307 0.316618
0.836398 0.656445
0.837960 0.770095
0.842658 0.371566
0.843314 0.366222
0.843315 0.245790
0.844759 0.394887
0.847269 0.487685
0.859023 0.310606
0.862071 0.346795
0.863415 0.768842
0.866151 0.463276
0.866645 0.510424
0.866999 0.444003
0.868318 0.206154
0.874061 0.165678
0.884088 0.485136
0.886396 0.306048
0.894385 0.067088
0.894752 0.254606
0.895045 0.011305
0.897760 0.063179
0.901460 0.477470
0.904465 0.616553
0.906187 0.237404
0.910547 0.252639
0.914497 0.000000
0.915682 0.260340
0.916763 0.122768
0.920012 0.388163
0.947929 0.657561
0.948313 0.376459
0.949243 0.031487
0.996304 0.649481
1.000000 0.654612
