0.000000 0.322633
0.003484 0.000000
0.042128 0.166700
0.047806 0.232872
0.057623 0.030164
0.086349 0.139237
0.104002 0.243126
0.163818 0.040432
0.219099 0.387952
0.234710 0.138968
0.253857 0.435310
0.262130 0.674509
0.270201 0.283924
0.284502 0.389535
0.299299 0.543965
0.301570 0.521559
0.307639 0.299495
0.321787 0.160356
0.339231 0.204766
0.355548 0.469705
0.360909 0.397244
0.365132 0.162242
0.373071 0.569985
0.396639 0.405135
0.405563 0.397775
0.406996 0.518206
0.417845 0.371849
0.445246 0.317350
0.462649 0.672339
0.465529 0.488520
0.468899 0.842033
0.469083 0.442449
0.485252 0.442421
0.490765 0.423710
0.494147 0.230254
0.543078 0.548164
0.550796 0.299979
0.582395 0.176905
0.587143 0.364859
0.602417 0.500905
0.614309 0.742343
0.619825 0.528468
0.628308 0.074302
0.647230 0.449695
0.647801 0.319927
0.657776 0.481452
0.658427 0.347438
0.682481 0.416721
0.682930 0.437929
0.702732 0.414412
0.735701 0.675801
0.743636 0.721549
0.779502 0.898041
0.805915 0.619716
0.817538 0.795770
0.818219 0.520559
0.902411 0.864027
0.989127 0.580336
1.000000 1.000000
