0.000000 0.461465
0.223485 0.366991
0.223850 0.396750
0.243839 0.304277
0.253720 0.439489
0.264954 0.408668
0.267670 0.354355
0.273836 0.436576
0.283869 0.559185
0.302115 0.484253
0.314881 0.458350
0.317327 0.535002
0.326363 0.533941
0.329092 0.434981
0.342261 0.381921
0.361598 0.349363
0.370279 0.357875
0.370432 0.483151
0.371706 0.626586
0.378028 0.744750
0.379584 0.226357
0.380880 0.486872
0.384294 0.665344
0.395505 0.517042
0.397175 0.454662
0.404018 0.445392
0.405862 0.343516
0.406349 0.516057
0.406446 0.782166
0.412443 0.535318
0.413494 0.447138
0.414855 0.444595
0.415183 0.469502
0.416651 0.394581
0.417421 0.432699
0.420372 0.562960
0.423685 0.480588
0.423785 0.511879
0.424266 0.271899
0.426121 0.521332
0.426412 0.662791
0.433091 0.427146
0.433768 0.301732
0.436634 0.445451
0.437957 0.211750
0.438025 0.498500
0.439858 0.468845
0.442956 0.622428
0.447137 0.548313
0.447378 0.353757
0.448041 0.384147
0.448498 0.389862
0.448763 0.446035
0.450678 0.523690
0.450832 0.386861
0.453120 0.536436
0.455561 0.357199
0.456024 0.194870
0.456456 1.000000
0.457393 0.355199
0.458873 0.511669
0.459286 0.762478
0.459944 0.622029
0.460632 0.469160
0.460745 0.307343
0.461413 0.580991
0.462994 0.399133
0.464893 0.298213
0.465332 0.805531
0.465541 0.404938
0.465680 0.301221
0.465949 0.431476
0.466750 0.633604
0.467256 0.371744
0.468215 0.491245
0.469721 0.300601
0.470431 0.557513
0.472199 0.818043
0.473957 0.417537
0.474391 0.286666
0.476346 0.556057
0.477167 0.374107
0.477425 0.415249
0.477611 0.517188
0.478072 0.375632
0.479255 0.408735
0.480473 0.413413
0.481035 0.612828
0.482218 0.649717
0.483113 0.454684
0.484655 0.344925
0.485953 0.405527
0.486056 0.381225
0.486325 0.702983
0.488232 0.308838
0.488571 0.400968
0.489240 0.350440
0.489492 0.756046
0.489511 0.597864
0.491811 0.552687
0.492249 0.585383
0.492431 0.549484
0.492486 0.598734
0.492552 0.352727
0.492823 0.351975
0.494113 0.297697
0.494285 0.559170
0.494488 0.512910
0.495001 0.368250
0.495397 0.434025
0.495455 0.685730
0.495741 0.574481
0.496568 0.455740
0.497643 0.705935
0.497867 0.298257
0.499464 0.352360
0.499501 0.459066
0.500436 0.346936
0.500565 0.419854
0.500958 0.268825
0.501390 0.695433
0.501785 0.691038
0.503300 0.404079
0.504141 0.384418
0.505267 0.373340
0.505362 0.586690
0.505498 0.285293
0.505837 0.597273
0.505870 0.423178
0.506177 0.503422
0.506423 0.346137
0.509380 0.361024
0.509765 0.386766
0.511430 0.579044
0.511671 0.719289
0.512553 0.395931
0.512588 0.658505
0.512976 0.209463
0.513623 0.495438
0.514959 0.475493
0.515684 0.467043
0.516556 0.404601
0.517177 0.294585
0.517429 0.617733
0.517828 0.610781
0.518466 0.601102
0.518853 0.477939
0.518884 0.869226
0.519641 0.313954
0.520737 0.507884
0.522770 0.698972
0.523003 0.341596
0.523419 0.744268
0.524868 0.459402
0.526455 0.220340
0.526872 0.535573
0.527104 0.594132
0.527273 0.781218
0.528147 0.266025
0.528628 0.534957
0.529046 0.567985
0.529421 0.629503
0.529473 0.399098
0.530223 0.473339
0.530731 0.642034
0.530975 0.377897
0.532168 0.566466
0.532750 0.326608
0.534650 0.701863
0.534766 0.330995
0.534782 0.416236
0.534954 0.379049
0.535193 0.375122
0.536203 0.211185
0.536314 0.477878
0.537198 0.707849
0.539475 0.196644
0.539827 0.305367
0.540481 0.420191
0.540713 0.355376
0.541050 0.597110
0.541359 0.403894
0.542614 0.494184
0.542799 0.246308
0.543917 0.459068
0.543926 0.442682
0.544671 0.392679
0.545319 0.422344
0.546471 0.485796
0.547208 0.582686
0.547739 0.304618
0.547743 0.272670
0.548034 0.411763
0.548103 0.827786
0.548451 0.437320
0.549102 0.630982
0.549465 0.739089
0.550362 0.269782
0.550384 0.338303
0.551043 0.645343
0.551261 0.430262
0.553539 0.517759
0.555512 0.648507
0.556314 0.416084
0.556969 0.386259
0.559330 0.713761
0.560816 0.587329
0.560828 0.610773
0.561894 0.538714
0.562888 0.693366
0.563348 0.750677
0.563388 0.350877
0.563527 0.220841
0.563795 0.694786
0.564458 0.319644
0.564687 0.426293
0.565007 0.504237
0.566157 0.244635
0.566718 0.445080
0.569321 0.685776
0.569788 0.349783
0.571047 0.512382
0.571407 0.436101
0.572007 0.349267
0.572516 0.362288
0.572556 0.597589
0.573244 0.436443
0.573724 0.483806
0.574010 0.270184
0.574153 0.435892
0.574424 0.399929
0.574713 0.421988
0.574868 0.755055
0.574872 0.288309
0.575275 0.161877
0.576081 0.329479
0.576241 0.494794
0.576805 0.429500
0.577190 0.600020
0.577345 0.608489
0.577748 0.268629
0.577869 0.491113
0.578372 0.458800
0.578762 0.575057
0.579216 0.283725
0.579396 0.677792
0.579543 0.683947
0.580327 0.535901
0.580453 0.350649
0.580686 0.479162
0.581713 0.400912
0.581766 0.202058
0.583118 0.306580
0.584143 0.420862
0.584644 0.472795
0.584766 0.669842
0.584936 0.414129
0.585104 0.273594
0.585632 0.418364
0.585819 0.538224
0.586167 0.380572
0.586458 0.307501
0.587036 0.445001
0.587053 0.295074
0.587282 0.291254
0.589008 0.347249
0.589223 0.374343
0.589410 0.484923
0.589466 0.605604
0.589655 0.264487
0.591279 0.728431
0.591663 0.488545
0.591771 0.472213
0.592285 0.420610
0.592354 0.338509
0.592389 0.497335
0.592673 0.460281
0.594373 0.516408
0.595540 0.380306
0.596623 0.537802
0.598663 0.439867
0.598950 0.464417
0.598990 0.435359
0.599262 0.451818
0.599416 0.407624
0.599898 0.509340
0.602848 0.751694
0.603093 0.498824
0.603203 0.390074
0.603522 0.644384
0.604740 0.336762
0.604951 0.484717
0.606476 0.914530
0.607846 0.283170
0.608183 0.321775
0.609410 0.255702
0.609558 0.504493
0.609887 0.326479
0.610439 0.417490
0.611268 0.540174
0.611920 0.397570
0.612286 0.622274
0.612927 0.461914
0.613359 0.490962
0.613530 0.565544
0.614945 0.275904
0.615621 0.359149
0.615979 0.493635
0.616387 0.446494
0.616410 0.588926
0.617363 0.243409
0.618548 0.645074
0.618973 0.572845
0.619368 0.259627
0.621037 0.367713
0.621485 0.208574
0.622215 0.507347
0.624622 0.281027
0.625338 0.271433
0.626203 0.118613
0.626547 0.522006
0.626619 0.670825
0.627557 0.410506
0.627678 0.458808
0.628358 0.323302
0.628849 0.664619
0.630254 0.641042
0.630769 0.696056
0.630780 0.320842
0.631259 0.520469
0.631730 0.463747
0.632256 0.341753
0.632611 0.566428
0.632655 0.276287
0.633270 0.835424
0.633380 0.394990
0.633973 0.406367
0.634202 0.498746
0.634514 0.296512
0.635274 0.797202
0.635448 0.802310
0.635448 0.433264
0.635556 0.158169
0.636447 0.659436
0.636979 0.435981
0.639473 0.315357
0.640377 0.407798
0.642260 0.087606
0.642927 0.297620
0.643169 0.411120
0.643620 0.585640
0.643672 0.672864
0.643785 0.732543
0.644200 0.661797
0.644224 0.237225
0.644258 0.394101
0.644965 0.488078
0.647149 0.409674
0.647171 0.467099
0.648374 0.523120
0.650702 0.345763
0.651045 0.522980
0.652003 0.568511
0.652891 0.542087
0.653661 0.293796
0.653989 0.308414
0.654023 0.318694
0.654119 0.351051
0.654134 0.204897
0.654560 0.385393
0.654928 0.442583
0.654945 0.299360
0.657487 0.419967
0.657522 0.392052
0.657608 0.724666
0.658678 0.548779
0.659253 0.598830
0.659728 0.565472
0.660339 0.569401
0.661343 0.327340
0.662143 0.558517
0.662177 0.531373
0.662517 0.395617
0.662815 0.357791
0.663500 0.210560
0.663692 0.411238
0.664151 0.723886
0.664442 0.400568
0.664747 0.452370
0.665720 0.345546
0.665805 0.467782
0.666201 0.429085
0.666220 0.331646
0.666403 0.464781
0.666404 0.102228
0.666725 0.386820
0.666963 0.611538
0.666969 0.731766
0.667432 0.691396
0.667450 0.462638
0.668069 0.232401
0.668261 0.282450
0.669824 0.705390
0.670492 0.647221
0.670544 0.461474
0.672200 0.302421
0.672326 0.334444
0.672370 0.521705
0.672523 0.155992
0.673148 0.607701
0.673877 0.653056
0.674148 0.244524
0.675320 0.542467
0.675644 0.634834
0.675957 0.679129
0.676092 0.653514
0.676865 0.374511
0.677720 0.564032
0.679267 0.745407
0.679276 0.428895
0.679427 0.398968
0.679750 0.510937
0.680216 0.550916
0.680349 0.346891
0.682565 0.312580
0.682720 0.350833
0.682777 0.201943
0.682839 0.653504
0.683467 0.186830
0.684295 0.576136
0.685414 0.338683
0.685459 0.767380
0.687835 0.380875
0.688353 0.430238
0.689584 0.325852
0.689735 0.383033
0.690050 0.344408
0.691164 0.109459
0.692561 0.432318
0.693704 0.461589
0.693771 0.401344
0.694246 0.686040
0.695024 0.420819
0.695743 0.488864
0.696176 0.480742
0.696423 0.554467
0.696870 0.596953
0.697220 0.480539
0.697553 0.535252
0.699441 0.724094
0.702360 0.623387
0.703289 0.431131
0.706551 0.375864
0.708761 0.369303
0.709584 0.569642
0.710372 0.577808
0.710578 0.298856
0.710848 0.377364
0.711115 0.738281
0.711809 0.498456
0.711937 0.567871
0.711987 0.494952
0.712427 0.225340
0.713189 0.314793
0.713255 0.652321
0.714597 0.683581
0.715891 0.672380
0.716174 0.314943
0.716668 0.525603
0.717196 0.381215
0.718007 0.136007
0.719884 0.610732
0.720160 0.560115
0.720453 0.637548
0.720997 0.501849
0.722644 0.246720
0.722696 0.616897
0.723553 0.283240
0.724682 0.360827
0.724965 0.518172
0.727294 0.674758
0.729066 0.460541
0.729403 0.394640
0.730294 0.572214
0.732798 0.486518
0.732906 0.609121
0.733305 0.528027
0.733823 0.444598
0.734035 0.131143
0.734258 0.237659
0.738364 0.303692
0.738420 0.491791
0.739717 0.083309
0.739977 0.176723
0.740020 0.542432
0.740511 0.393616
0.740529 0.519471
0.741232 0.421155
0.743014 0.336759
0.743542 0.423756
0.743832 0.662794
0.747560 0.392532
0.747772 0.542722
0.748938 0.664702
0.749506 0.283871
0.751051 0.380756
0.752930 0.188322
0.753367 0.591466
0.753645 0.671656
0.754363 0.459385
0.754515 0.219478
0.754550 0.412832
0.755530 0.033362
0.758077 0.441174
0.759270 0.551207
0.759479 0.350403
0.760366 0.789579
0.760658 0.130151
0.760801 0.308488
0.761184 0.406726
0.762569 0.268402
0.762963 0.235942
0.763244 0.217826
0.763983 0.794442
0.765586 0.082273
0.766991 0.299538
0.767327 0.368209
0.767680 0.488890
0.771256 0.871987
0.771678 0.488297
0.771830 0.471095
0.772946 0.349300
0.780806 0.327353
0.781464 0.412520
0.781550 0.772070
0.784229 0.235193
0.784414 0.179656
0.785288 0.250855
0.786145 0.323416
0.786166 0.331592
0.793712 0.518990
0.794372 0.316713
0.797855 0.332406
0.798532 0.532915
0.800739 0.230558
0.801156 0.313440
0.802570 0.425246
0.802997 0.527600
0.807506 0.692742
0.809809 0.323829
0.810378 0.677424
0.812676 0.320633
0.814428 0.371335
0.816641 0.640921
0.816771 0.228533
0.817090 0.522830
0.817585 0.256788
0.818654 0.066667
0.819326 0.685180
0.824165 0.431699
0.830200 0.344471
0.830733 0.588820
0.830795 0.503247
0.834848 0.679491
0.836573 0.446899
0.836709 0.406423
0.840108 0.498811
0.842175 0.398999
0.842754 0.342618
0.846819 0.425502
0.846840 0.174223
0.851883 0.534144
0.855925 0.186365
0.857140 0.000000
0.858420 0.493920
0.860188 0.363320
0.876425 0.020480
0.876512 0.603556
0.891553 0.491695
0.906195 0.259980
0.932844 0.014850
0.940353 0.818368
0.962851 0.206463
0.971870 0.077588
0.977666 0.045533
0.981108 0.449755
1.000000 0.414449
