0.000000 0.611241
0.030505 0.195088
0.043701 0.147959
0.055403 0.355585
0.058330 0.179675
0.078597 0.201469
0.082692 0.301411
0.082764 0.234426
0.091869 0.522512
0.096212 0.261970
0.099955 0.417182
0.105243 0.343944
0.108935 0.697107
0.119903 0.266516
0.120804 0.314605
0.123968 0.233166
0.128711 0.447964
0.131153 0.532763
0.137719 0.522227
0.138651 0.174449
0.138886 0.180655
0.142123 0.326249
0.142450 0.217131
0.146141 0.118445
0.151153 0.309871
0.152646 0.786230
0.155065 0.647892
0.157531 0.470488
0.159037 0.540218
0.159112 0.597994
0.161702 0.250024
0.164711 0.210433
0.171680 0.532240
0.172393 0.384892
0.173820 0.262548
0.174904 0.320957
0.176283 0.306104
0.177954 0.242952
0.178461 0.249813
0.180235 0.619430
0.183012 0.125994
0.183772 0.399539
0.183955 0.000000
0.185519 0.164632
0.186828 0.282433
0.189722 0.245922
0.190858 0.140401
0.192091 0.165713
0.195296 0.308303
0.195587 0.487427
0.200191 0.232737
0.206473 0.416120
0.207254 0.275958
0.208947 0.355803
0.211692 0.054310
0.212003 0.167413
0.212068 0.375552
0.212524 0.192705
0.215539 0.449804
0.218103 0.191040
0.218612 0.060246
0.219155 0.083458
0.221411 0.135035
0.221726 0.226044
0.222190 0.125464
0.222788 0.110042
0.222826 0.468454
0.222956 0.250380
0.224681 0.761665
0.227038 0.277453
0.227574 0.550357
0.228635 0.054222
0.232581 0.395029
0.233032 0.297981
0.233455 0.027297
0.236448 0.368724
0.239093 0.359761
0.240798 0.193948
0.244138 0.168688
0.245328 0.211489
0.245696 0.298447
0.245731 0.142982
0.246607 0.120952
0.248276 0.625299
0.248378 0.241808
0.248823 0.480107
0.249032 0.320994
0.249275 0.449092
0.249864 0.365604
0.250630 0.450144
0.250749 0.039772
0.252025 0.269398
0.252117 0.492888
0.253001 0.485533
0.254001 0.119961
0.254616 0.273847
0.256333 0.951092
0.257951 0.269616
0.258665 0.265907
0.259032 0.242337
0.261316 0.148944
0.262737 0.117899
0.264714 0.229784
0.266240 0.221555
0.269182 0.441874
0.270433 0.506384
0.270865 0.129003
0.272356 0.855826
0.272577 0.091461
0.273738 0.193782
0.274485 0.398589
0.279318 0.164562
0.281122 0.352042
0.281260 0.208111
0.282195 0.304445
0.283625 0.309990
0.284188 0.407752
0.284280 0.330813
0.284652 0.372220
0.287202 0.188680
0.287510 0.814959
0.287727 0.004033
0.288002 0.291986
0.289341 0.117879
0.290925 0.472886
0.293722 0.360215
0.295590 0.234933
0.297283 0.085010
0.297387 0.688674
0.297623 0.383992
0.302102 0.118388
0.302886 0.070389
0.304077 0.179197
0.304434 0.141057
0.305360 0.732362
0.305675 0.399036
0.306120 0.295489
0.306504 0.274529
0.306736 0.230227
0.307836 0.369398
0.308123 0.505378
0.310559 0.219237
0.310954 0.326499
0.311138 0.594022
0.311741 0.248113
0.313595 0.458012
0.314156 0.228765
0.314845 0.528521
0.315831 0.446967
0.316765 0.621540
0.318875 0.466718
0.319006 0.194308
0.319060 0.212244
0.319178 0.563773
0.321006 0.407632
0.322141 0.267133
0.323786 0.119547
0.324888 0.345694
0.325239 0.062636
0.326779 0.229889
0.327102 0.172925
0.329302 0.288298
0.330799 0.430811
0.330850 0.408855
0.332211 0.396827
0.333064 0.462307
0.336810 0.420774
0.336907 0.533996
0.337358 0.360444
0.337573 0.427109
0.339256 0.248195
0.339315 0.442985
0.339586 0.234884
0.340881 0.316210
0.341116 0.450278
0.341566 0.301918
0.341628 0.325409
0.342003 0.147359
0.342891 0.381703
0.343597 0.479851
0.344954 0.330839
0.345354 0.138648
0.346571 0.094071
0.347675 0.266007
0.349576 0.559960
0.350291 0.531305
0.351501 0.155264
0.351554 0.197531
0.352050 0.463687
0.352205 0.644109
0.353320 0.537899
0.353683 0.413507
0.354355 0.450917
0.355750 0.696158
0.358343 0.287172
0.359450 0.210465
0.359520 0.757211
0.359776 0.106599
0.360801 0.572411
0.363275 0.554133
0.363286 0.538417
0.363358 0.230020
0.364020 0.339182
0.364477 0.317330
0.365786 0.382312
0.366181 0.418071
0.366774 0.465540
0.367173 0.300186
0.368983 0.540121
0.369520 0.300383
0.369669 0.522264
0.370914 0.411247
0.371750 0.011804
0.372623 0.176737
0.373353 0.061245
0.374280 0.196410
0.374474 0.144783
0.376772 0.143933
0.377435 0.640511
0.377682 0.336215
0.379981 0.512212
0.380522 0.378642
0.380775 0.288069
0.381440 0.544319
0.382306 0.244973
0.383034 0.495005
0.383042 0.261641
0.383088 0.746074
0.383373 0.460120
0.384105 0.291114
0.384240 0.095610
0.384273 0.375279
0.384360 0.232213
0.384594 0.369150
0.385484 0.459845
0.385945 0.220523
0.386099 0.423744
0.387569 0.039927
0.388646 0.558400
0.389721 0.144515
0.390438 0.259629
0.390839 0.349639
0.390896 0.229573
0.391357 0.540827
0.392042 0.492633
0.392810 0.118113
0.394034 0.320162
0.395382 0.142652
0.395625 0.650321
0.395833 0.327786
0.396290 0.206536
0.396771 0.503676
0.397467 0.387150
0.397975 0.352830
0.398882 0.128435
0.398935 0.186945
0.400662 0.397030
0.400693 0.620165
0.400725 0.311861
0.400795 0.227492
0.401961 0.479663
0.402536 0.378065
0.402906 0.017671
0.403306 0.416443
0.404136 0.301804
0.404776 0.597078
0.405405 0.709019
0.405546 0.255419
0.405710 0.461033
0.405948 0.140927
0.407375 0.488427
0.407702 0.231749
0.408064 0.571904
0.408197 0.265958
0.408932 0.675501
0.410176 0.122192
0.410424 0.166621
0.410551 0.277354
0.410663 0.441186
0.411393 0.548728
0.413663 0.178823
0.414488 0.331374
0.415312 0.837963
0.416006 0.309149
0.416028 0.423533
0.417556 0.140283
0.417852 0.445574
0.418082 0.737073
0.418217 0.389090
0.418928 0.422357
0.420650 0.161384
0.420666 0.569659
0.420686 0.133739
0.421895 0.548188
0.422069 0.264459
0.423241 0.106161
0.423667 0.541995
0.424587 0.332450
0.424593 0.241563
0.425704 0.478685
0.426306 0.589187
0.426314 0.430274
0.427411 0.156010
0.427892 0.117267
0.428370 0.298134
0.428640 0.788046
0.429195 0.163601
0.429217 0.530814
0.432155 0.025492
0.432165 0.233708
0.432478 0.280012
0.433668 0.219105
0.433724 0.364269
0.434589 0.334365
0.434863 0.485577
0.435015 0.250824
0.435690 0.313108
0.437817 0.497471
0.439252 0.289251
0.439744 0.782881
0.441087 0.023275
0.441206 0.337296
0.441545 0.089594
0.441792 0.354694
0.442644 0.137253
0.443888 0.431889
0.445282 0.261766
0.445283 0.206874
0.445591 0.126956
0.445847 0.476508
0.446011 0.109863
0.446914 0.528110
0.446934 0.089254
0.447398 0.272723
0.449970 0.430785
0.451018 0.089329
0.451405 0.587047
0.452253 0.306141
0.452510 0.532293
0.453072 0.444611
0.453601 0.371292
0.453668 0.149059
0.454947 0.372317
0.455684 0.119997
0.456232 0.321845
0.456900 0.543046
0.457426 0.265677
0.457570 0.374911
0.457599 0.350410
0.457802 0.311139
0.458068 0.120639
0.458391 0.431398
0.458690 0.396783
0.459348 0.313036
0.459554 0.207921
0.461779 0.173606
0.462709 0.105603
0.463018 0.207693
0.463201 0.244810
0.463330 0.336659
0.463584 0.389811
0.464457 0.433485
0.464539 0.209216
0.466501 0.336479
0.466755 0.179412
0.467583 0.599275
0.468261 0.464997
0.470210 0.099823
0.472186 0.153026
0.472802 0.626719
0.473117 0.510866
0.473767 0.445655
0.474445 0.471716
0.474740 0.154743
0.474991 0.407873
0.475072 0.440832
0.476236 0.396336
0.477030 0.522951
0.478460 0.714182
0.479335 0.675465
0.481125 0.465655
0.482753 0.371522
0.483081 0.314362
0.484207 0.417996
0.485712 0.183610
0.486710 0.542985
0.489457 0.289514
0.489485 0.515781
0.489880 0.535464
0.490084 0.683758
0.491369 0.041607
0.492450 0.155840
0.493781 0.128213
0.494151 0.359419
0.494833 0.248301
0.494956 0.051850
0.495005 0.209078
0.495126 0.576421
0.496064 0.287964
0.496530 0.581458
0.498260 0.309938
0.500810 0.124650
0.502013 0.075375
0.502209 0.324427
0.505223 0.518466
0.505252 0.381419
0.506575 0.511496
0.506700 0.329375
0.509180 0.185631
0.509961 0.251433
0.511961 0.127025
0.512757 0.809744
0.513729 0.190591
0.513730 0.328781
0.514152 0.348110
0.515480 0.223206
0.517660 0.305010
0.519624 0.574394
0.521455 0.617968
0.524546 0.396058
0.525044 0.262546
0.527257 0.092847
0.527401 1.000000
0.527496 0.923725
0.527568 0.394859
0.527746 0.464592
0.528766 0.355526
0.529407 0.282023
0.529574 0.249950
0.531039 0.293374
0.532063 0.502322
0.533918 0.254709
0.534271 0.599557
0.537944 0.244382
0.538467 0.364597
0.539468 0.311302
0.540286 0.218750
0.541202 0.425314
0.541238 0.231409
0.542509 0.085645
0.542807 0.445942
0.542812 0.291522
0.545055 0.104396
0.546710 0.576905
0.546980 0.060410
0.548050 0.458787
0.549312 0.351061
0.550628 0.072129
0.552007 0.193230
0.552743 0.201058
0.552938 0.385828
0.553185 0.382601
0.554047 0.131712
0.555106 0.309274
0.556284 0.361651
0.556429 0.108261
0.557243 0.210503
0.558314 0.108049
0.564357 0.690877
0.564599 0.406103
0.566324 0.283098
0.569259 0.635302
0.570256 0.315951
0.571922 0.278753
0.572325 0.627085
0.576107 0.366094
0.576197 0.996084
0.578400 0.320638
0.578479 0.369067
0.580450 0.214704
0.582030 0.294493
0.582207 0.055875
0.584308 0.548799
0.586338 0.370311
0.589800 0.537980
0.590294 0.522731
0.590486 0.443826
0.592348 0.528831
0.592357 0.487469
0.592767 0.318250
0.593168 0.331917
0.594495 0.245174
0.596183 0.197616
0.596624 0.570733
0.597552 0.356426
0.597633 0.535600
0.604007 0.465507
0.604109 0.077654
0.605646 0.083040
0.606160 0.221695
0.609182 0.245628
0.610093 0.280145
0.613784 0.542533
0.613833 0.375759
0.616136 0.145127
0.616906 0.416779
0.617709 0.107011
0.621167 0.335781
0.625236 0.468180
0.625573 0.579583
0.627644 0.377294
0.630748 0.454774
0.631638 0.249559
0.633204 0.099793
0.635874 0.249498
0.635994 0.521475
0.638088 0.145482
0.643255 0.344722
0.647881 0.731930
0.648283 0.217694
0.648990 0.163363
0.653420 0.264395
0.654396 0.355099
0.655406 0.534162
0.655699 0.222131
0.656339 0.212792
0.657372 0.250489
0.658100 0.161040
0.659170 0.338835
0.660858 0.527729
0.673091 0.430944
0.678336 0.323141
0.686154 0.260572
0.692147 0.214741
0.693648 0.514615
0.696860 0.367073
0.707624 0.501947
0.712509 0.316368
0.713827 0.409747
0.717258 0.501647
0.718102 0.657666
0.726207 0.158573
0.729331 0.177806
0.779736 0.123394
0.790390 0.546845
0.867420 0.113044
0.871552 0.446456
0.890445 0.592529
0.937521 0.443237
1.000000 0.200201
