0.000000 0.197691
0.141844 0.527901
0.146389 0.405815
0.181281 0.641950
0.200066 0.441840
0.208571 0.233987
0.219625 0.553837
0.224724 0.448010
0.242149 0.871873
0.260935 0.549025
0.260971 0.176985
0.265089 0.612499
0.275226 0.593986
0.275681 0.363907
0.276510 0.592090
0.279403 0.821869
0.286261 0.288675
0.286572 0.925351
0.306422 0.532886
0.308182 0.269151
0.308202 0.593355
0.309849 0.419146
0.314141 0.396052
0.314299 0.346231
0.318699 0.453465
0.321383 0.359776
0.322986 0.565374
0.325132 0.634860
0.328871 0.395441
0.328970 0.530061
0.329245 0.417104
0.332415 0.738041
0.336117 0.938748
0.344146 1.000000
0.344980 0.458292
0.347888 0.661862
0.354880 0.357644
0.355856 0.321648
0.360134 0.320332
0.365697 0.754060
0.367917 0.946730
0.374929 0.512595
0.375646 0.312595
0.378268 0.392607
0.384221 0.463712
0.386731 0.219968
0.387671 0.597160
0.389866 0.386413
0.392231 0.632757
0.394742 0.239245
0.403380 0.671159
0.404772 0.483020
0.411378 0.298854
0.412479 0.550922
0.413300 0.465072
0.415961 0.534380
0.416361 0.416231
0.418274 0.680577
0.419100 0.652431
0.422440 0.460033
0.428126 0.102885
0.428324 0.200921
0.430051 0.684184
0.434132 0.396170
0.444385 0.359123
0.445541 0.274055
0.452278 0.397899
0.453643 0.415390
0.453666 0.340556
0.454462 0.712348
0.454879 0.725105
0.461999 0.954228
0.468917 0.642423
0.469633 0.675014
0.471704 0.661907
0.472862 0.710891
0.472968 0.369615
0.476084 0.382875
0.477581 0.229466
0.483317 0.618399
0.483641 0.729533
0.485291 0.463329
0.486466 0.487870
0.487650 0.123430
0.488011 0.164841
0.490693 0.261828
0.491823 0.376276
0.492808 0.570813
0.493469 0.675024
0.493945 0.414370
0.495803 0.470831
0.498534 0.139053
0.500876 0.442518
0.501305 0.394401
0.503298 0.264182
0.503904 0.604949
0.511323 0.427602
0.512130 0.355536
0.512533 0.716926
0.514241 0.386617
0.515395 0.379140
0.515574 0.503589
0.518525 0.627654
0.519711 0.666163
0.521497 0.466238
0.522525 0.484459
0.523224 0.329441
0.526119 0.361051
0.526240 0.428762
0.526341 0.476389
0.527635 0.487575
0.527949 0.552476
0.531800 0.507198
0.536453 0.523451
0.540296 0.409784
0.541528 0.618015
0.543319 0.282586
0.543528 0.946016
0.545916 0.455901
0.546242 0.221466
0.546414 0.300084
0.546666 0.179251
0.546849 0.445847
0.548754 0.284584
0.553489 0.351907
0.554110 0.414883
0.555964 0.597795
0.556027 0.757495
0.556519 0.557725
0.562002 0.335551
0.563486 0.144650
0.565565 0.131580
0.565635 0.302031
0.566020 0.753023
0.571611 0.771439
0.574024 0.500607
0.574709 0.908411
0.576556 0.444318
0.577262 0.422630
0.580778 0.332016
0.581773 0.835565
0.583897 0.464932
0.585473 0.532050
0.587048 0.910512
0.596475 0.512430
0.597285 0.293454
0.601093 0.207020
0.604980 0.415797
0.614854 0.097467
0.623206 0.287200
0.624658 0.458299
0.629604 0.860280
0.632858 0.247390
0.641453 0.651950
0.643411 0.861342
0.648299 0.640842
0.648349 0.141981
0.653433 0.563510
0.653553 0.321322
0.654866 0.579153
0.662081 0.798368
0.662249 0.270520
0.662446 0.222176
0.665044 0.441671
0.667042 0.706578
0.669616 0.405995
0.677676 0.025976
0.679555 0.546190
0.684032 0.655230
0.684609 0.298172
0.685999 0.932364
0.688527 0.202036
0.688618 0.528696
0.689605 0.571081
0.689917 0.284072
0.691150 0.360776
0.691966 0.419063
0.692673 0.685928
0.696447 0.497534
0.700547 0.260985
0.700679 0.515052
0.701913 0.592315
0.705916 0.085913
0.713429 0.559553
0.717395 0.414615
0.718294 0.605686
0.720959 0.528210
0.721840 0.328191
0.728126 0.937852
0.730530 0.140212
0.731050 0.227200
0.742618 0.735912
0.743182 0.436294
0.746214 0.720912
0.748772 0.082254
0.749289 0.843334
0.750493 0.494526
0.751444 0.241723
0.757284 0.680542
0.758004 0.495983
0.758809 0.748930
0.760141 0.810655
0.774386 0.381884
0.774488 0.696612
0.776955 0.204871
0.783723 0.052014
0.784502 0.930971
0.797614 0.826030
0.798163 0.616545
0.800774 0.605050
0.808454 0.612313
0.809809 0.347145
0.822607 0.504138
0.855610 0.451676
0.856439 0.314646
0.860771 0.571139
0.863912 0.811740
0.864996 0.000000
0.872139 0.398579
0.899049 0.342336
0.947830 0.570649
0.958314 0.234500
0.990058 0.324202
1.000000 0.940350
