0.000000 0.192063
0.006854 0.434534
0.009651 0.573635
0.013184 0.063763
0.019072 0.106141
0.024169 0.407926
0.040337 0.388628
0.041316 0.637742
0.043251 0.000000
0.057993 0.371668
0.058532 0.009914
0.069258 0.345239
0.072722 0.574498
0.075750 0.419840
0.081804 0.547818
0.086318 0.529635
0.091385 0.226560
0.096686 0.265087
0.096981 0.385486
0.098743 0.615103
0.099780 0.539862
0.106134 0.225588
0.108880 0.345938
0.112405 0.492384
0.120432 0.186589
0.124495 0.446952
0.128567 0.311622
0.140052 0.381592
0.140284 0.211364
0.140923 0.524303
0.143215 0.464373
0.144430 0.315851
0.151483 0.370357
0.152625 0.405078
0.156867 0.222446
0.157599 0.549161
0.158768 0.588116
0.160865 0.655620
0.161462 0.283552
0.161830 0.583153
0.162692 0.417460
0.163298 0.428229
0.170142 0.649912
0.171026 0.704413
0.171174 0.414311
0.176657 0.661607
0.181042 0.638675
0.182093 0.577598
0.182574 0.162305
0.185267 0.513821
0.189652 0.477023
0.193639 0.216720
0.197899 0.348824
0.198442 0.157089
0.201828 0.570187
0.204094 0.641931
0.204232 0.679592
0.209529 0.180431
0.210137 0.197184
0.210530 0.585523
0.210900 0.683705
0.214392 0.217732
0.221863 0.283436
0.222192 0.253791
0.223053 0.499538
0.230648 0.214942
0.234749 0.669820
0.242533 0.666118
0.245568 0.404584
0.247316 0.194826
0.248237 0.720629
0.249790 0.656139
0.253592 0.441266
0.254725 0.709113
0.256943 0.293813
0.258345 0.137284
0.259102 0.316503
0.260043 0.570032
0.263477 0.409025
0.264891 0.470197
0.265977 0.157657
0.267195 0.302492
0.274275 0.170984
0.279072 0.348336
0.279927 0.554397
0.280579 0.433935
0.281745 0.343900
0.282165 0.732137
0.282407 0.696786
0.283038 0.256974
0.283167 0.175813
0.284176 0.649536
0.289867 0.388823
0.290251 0.390832
0.292782 0.463380
0.296899 0.338733
0.296916 0.532789
0.297801 0.204220
0.300138 0.400357
0.302273 0.249400
0.303983 0.288894
0.307287 0.284947
0.309112 0.459186
0.312066 0.490576
0.312325 0.170305
0.313340 0.673870
0.314124 0.753568
0.315229 0.638355
0.316050 0.493057
0.316445 0.467763
0.317719 0.241745
0.318770 0.242478
0.322413 0.183896
0.324895 0.681748
0.325767 0.468726
0.329854 0.783929
0.332156 0.548539
0.336199 0.691752
0.338232 0.336812
0.339495 0.700740
0.345364 0.790326
0.347944 0.646309
0.348167 0.267946
0.349986 0.627425
0.354276 0.670730
0.354396 0.334164
0.359439 0.733983
0.362296 0.613894
0.364715 0.623957
0.365364 0.239138
0.368309 0.452695
0.368764 0.765486
0.369779 0.652761
0.370206 0.564881
0.379089 0.530052
0.380388 0.373762
0.383696 0.506633
0.387575 0.263011
0.394410 0.569599
0.394653 0.716738
0.395170 0.450711
0.395456 0.564046
0.396871 0.444166
0.396977 0.657192
0.399046 0.654478
0.401459 0.764479
0.401713 0.621922
0.408201 0.507061
0.412157 0.693494
0.413247 0.338010
0.415678 0.741992
0.418333 0.356862
0.418507 0.451275
0.423804 0.502927
0.428149 0.622796
0.433134 0.453930
0.436560 0.245805
0.437053 0.569306
0.437349 0.539674
0.441777 0.480184
0.442735 0.421975
0.445915 0.534917
0.446189 0.580211
0.446667 0.689063
0.451255 0.777700
0.451529 0.581571
0.453636 0.790378
0.458457 0.688845
0.465647 0.376726
0.472880 0.282721
0.479564 0.708047
0.485701 0.366823
0.486930 0.844805
0.494227 0.626207
0.494732 0.333380
0.495362 0.293921
0.505350 0.631791
0.511013 0.838564
0.515995 0.612994
0.526315 0.670111
0.526964 0.322953
0.529121 0.498614
0.531414 0.828993
0.532897 0.808546
0.539006 0.417793
0.542190 0.451435
0.560131 0.519246
0.563249 0.881482
0.570289 0.626621
0.581924 0.597403
0.586027 0.835112
0.588490 0.559241
0.598504 0.803457
0.598926 0.432412
0.603086 0.886172
0.608795 0.399131
0.614219 0.660702
0.624833 0.642313
0.625539 0.528414
0.640476 0.818282
0.650462 0.555556
0.657128 0.785966
0.675037 0.411613
0.679942 0.828677
0.689981 0.465423
0.695517 0.862491
0.722654 0.710217
0.729553 0.494756
0.730398 0.894354
0.741472 0.839073
0.758934 0.666951
0.774446 0.531015
0.781750 0.764762
0.818306 1.000000
1.000000 0.601320
