0.000000 0.501322
0.022669 0.645677
0.026359 0.165297
0.027053 0.381351
0.030672 0.235603
0.034958 0.530359
0.037475 0.111790
0.038357 0.539568
0.044142 0.152836
0.047852 0.389906
0.049908 0.329019
0.052427 0.462962
0.065837 0.352779
0.068473 0.296276
0.068905 0.483512
0.076367 0.799719
0.078166 0.097628
0.089101 0.000000
0.097359 0.561967
0.099244 0.421315
0.099270 0.060010
0.100254 0.474574
0.105046 0.079748
0.105720 0.642465
0.106555 0.083651
0.107688 0.669701
0.112878 0.374850
0.115827 0.691290
0.118458 0.378991
0.118902 0.089403
0.119788 0.073329
0.121101 0.644190
0.123400 0.082157
0.125433 0.690579
0.127525 0.189208
0.129308 0.094065
0.130397 0.410336
0.131296 0.152233
0.132195 0.226359
0.132285 0.616354
0.133059 0.724004
0.133357 0.437162
0.136950 0.576215
0.138642 0.371549
0.138827 0.276433
0.139813 0.050846
0.140572 0.696070
0.140852 0.042676
0.142830 0.719894
0.143730 0.735631
0.144257 0.594502
0.144517 0.020217
0.145933 0.294901
0.146032 0.347518
0.146683 0.153686
0.147573 0.333605
0.150841 0.673073
0.153128 0.235194
0.153545 0.156571
0.156008 0.797256
0.156598 0.248335
0.157996 0.822597
0.158072 0.352459
0.160141 0.313923
0.160805 0.133770
0.162014 0.612352
0.163102 0.524023
0.167792 0.254108
0.169625 0.679433
0.173876 0.142215
0.174136 0.269888
0.174456 0.363497
0.175116 0.773148
0.175897 0.208463
0.176177 0.822186
0.179938 0.744317
0.180366 0.494243
0.181663 0.341509
0.182057 0.490559
0.182481 0.290542
0.183582 0.152451
0.184248 0.303263
0.186382 0.241752
0.188378 0.416905
0.190606 0.711218
0.190764 0.260365
0.190894 0.476412
0.192282 0.785970
0.192779 0.578219
0.193282 0.337042
0.193354 0.532951
0.193591 0.566858
0.194124 0.268942
0.196293 0.526915
0.196579 0.597585
0.197141 0.831007
0.199035 0.122781
0.199327 0.447659
0.200284 0.262776
0.201428 0.224073
0.201438 0.302634
0.201908 0.395254
0.202692 0.358895
0.203499 0.673676
0.204561 0.569399
0.204905 0.600147
0.205193 0.509276
0.206346 0.722622
0.206450 0.385821
0.206872 0.449212
0.207506 0.765685
0.208675 0.125327
0.208780 0.479081
0.210343 0.527547
0.211650 0.413950
0.212329 0.530471
0.212656 0.421101
0.212966 0.085475
0.213239 0.814268
0.213275 0.131025
0.213737 0.798545
0.214847 0.451691
0.215171 0.693797
0.215889 0.155460
0.217445 0.177654
0.218717 0.226908
0.219135 0.797685
0.219144 0.823759
0.219289 0.333143
0.220758 0.728738
0.223601 0.215884
0.225744 0.229117
0.228839 0.504267
0.230925 0.419402
0.233708 0.091313
0.235210 0.721792
0.235532 0.158650
0.235785 0.802510
0.241380 0.149705
0.243572 0.554076
0.245046 0.455024
0.246960 0.568420
0.250702 0.731611
0.250919 0.564596
0.252034 0.700064
0.252276 0.263243
0.253274 0.163203
0.257480 0.404345
0.259200 0.536929
0.260195 0.067390
0.261835 0.233100
0.262692 0.757218
0.263283 0.220175
0.264093 0.277010
0.265216 0.075993
0.267187 0.545028
0.269893 0.666377
0.271422 0.525759
0.273566 0.627569
0.275996 0.678686
0.279898 0.273052
0.283055 0.422686
0.283811 0.744047
0.286042 0.660805
0.287324 0.808929
0.287730 0.465648
0.291319 0.481507
0.292286 0.189927
0.292910 0.506120
0.293479 0.172732
0.295573 0.222904
0.295659 0.613662
0.300546 0.813708
0.301981 0.728405
0.303719 0.444510
0.305822 0.270077
0.305869 0.093535
0.308881 0.742659
0.312698 0.364809
0.313654 0.090919
0.315191 0.361278
0.315426 0.753980
0.319847 0.321467
0.320400 0.391419
0.322578 0.174018
0.324353 0.172631
0.325991 0.843659
0.326291 0.139972
0.327184 0.572509
0.327906 0.826561
0.328419 0.176860
0.330214 0.866306
0.332013 0.174085
0.336000 0.393142
0.338939 0.430920
0.339168 0.512498
0.340254 0.566281
0.340591 0.119130
0.340982 0.274026
0.341662 0.869121
0.342229 0.660205
0.343632 0.317146
0.345235 0.495759
0.345309 0.391358
0.345875 0.328927
0.347201 0.790478
0.348421 0.426523
0.348606 0.740381
0.348731 0.705795
0.348788 0.349992
0.349869 0.638717
0.350843 0.717262
0.351800 0.153252
0.351841 0.679078
0.353264 0.710056
0.353414 0.767956
0.355146 0.122570
0.355421 0.445669
0.356829 0.749679
0.358893 0.275832
0.358961 0.309910
0.361242 0.469267
0.361343 0.333793
0.365259 0.452620
0.366845 0.151653
0.368517 0.490684
0.368913 0.852928
0.370640 0.362360
0.370897 0.869677
0.371651 0.156673
0.372723 0.517082
0.372885 0.116899
0.373429 0.369113
0.375311 0.683280
0.375758 0.484091
0.382073 0.503810
0.387127 0.263195
0.387621 0.679329
0.387834 0.869418
0.389760 0.178709
0.390799 0.316951
0.392363 0.458321
0.392813 0.807500
0.393321 0.531116
0.395936 0.741506
0.397318 0.714129
0.397996 0.482637
0.399428 0.282100
0.403091 0.782973
0.403764 0.831527
0.404504 0.142031
0.405455 0.220347
0.405910 0.811686
0.407486 0.269700
0.408726 0.569935
0.410260 0.270996
0.412161 0.323699
0.414997 0.243647
0.419007 0.258420
0.423772 0.487655
0.425939 0.671468
0.433555 0.311112
0.437601 0.386019
0.440031 0.404070
0.440323 0.367652
0.442819 0.576220
0.444241 0.863098
0.444671 0.150733
0.444696 0.629972
0.445544 0.673634
0.447115 0.221091
0.448524 0.618939
0.448888 0.322716
0.449213 0.890661
0.452912 0.386739
0.454731 0.867617
0.455631 0.828239
0.456559 0.701919
0.460171 0.406425
0.461135 0.590653
0.461658 0.418627
0.470405 0.635399
0.471305 0.839676
0.472218 0.364102
0.473462 0.818320
0.475522 0.759455
0.476104 0.242650
0.477652 0.300233
0.480655 0.657876
0.486406 0.905246
0.487312 0.743609
0.487424 0.200890
0.487621 0.262798
0.489793 0.461304
0.495465 0.321728
0.502635 0.736309
0.503382 0.766146
0.506284 0.215596
0.507066 0.515134
0.509409 0.443495
0.510742 0.258250
0.524354 0.300809
0.524909 0.219114
0.524938 0.384559
0.528506 0.853142
0.533834 0.328256
0.535194 0.530427
0.535684 0.738781
0.539746 0.709886
0.543372 0.375232
0.544081 0.745728
0.547604 0.300051
0.547794 0.630011
0.548418 0.358376
0.554484 0.584238
0.558056 0.926059
0.558751 0.899227
0.560664 0.294036
0.562849 0.347102
0.567371 0.241492
0.579732 0.449796
0.580377 0.513429
0.584995 0.510638
0.589589 0.434344
0.595342 0.671998
0.597005 0.326317
0.597186 0.805194
0.603562 0.514086
0.605002 0.629203
0.610812 0.413771
0.613813 0.275801
0.618908 0.584881
0.626169 0.475227
0.628668 0.276004
0.628806 0.645273
0.643530 0.475411
0.643949 0.650005
0.645209 0.565831
0.654702 0.442821
0.671001 0.319298
0.680507 0.442961
0.682706 0.315217
0.688200 0.789782
0.692575 0.267549
0.697743 0.352493
0.701705 0.710293
0.711706 0.437398
0.712739 0.802037
0.715798 0.432189
0.716859 0.930655
0.721601 0.863291
0.723351 0.489760
0.733186 0.845108
0.735431 0.278327
0.736067 0.721336
0.739510 0.327173
0.744412 0.878414
0.748933 0.548324
0.749036 0.432032
0.751421 0.928209
0.758973 0.318246
0.760455 0.294347
0.773581 0.618494
0.779844 0.459963
0.781963 0.659397
0.796677 0.864579
0.800445 0.689378
0.830134 0.656640
0.868551 0.723936
0.879055 0.813428
0.879160 0.383193
0.886197 0.712697
0.894508 0.370327
0.936171 0.881739
0.974592 0.751078
0.977945 1.000000
1.000000 0.435584
