0.000000 0.228972
0.002073 0.671575
0.004415 0.174283
0.010603 0.593602
0.016391 0.385636
0.046624 0.000000
0.046694 0.406694
0.056336 0.336892
0.057510 0.347114
0.059434 0.760728
0.065862 0.795553
0.067156 0.480092
0.087257 0.793703
0.089977 0.523096
0.094630 0.000455
0.095817 0.431026
0.100873 0.626130
0.101094 0.491899
0.102579 0.648071
0.104370 0.027925
0.104583 0.200213
0.110611 0.675020
0.113831 0.701747
0.115826 0.719667
0.117227 0.147942
0.123131 0.484854
0.124947 0.304581
0.125404 0.819052
0.125646 0.714135
0.128863 0.099102
0.130942 0.588830
0.132279 0.544034
0.132996 0.042662
0.141000 0.699218
0.141446 0.729268
0.145423 0.613470
0.150474 0.025704
0.150535 0.809835
0.152742 0.030826
0.153175 0.673390
0.154200 0.825091
0.155696 0.869582
0.156500 0.452839
0.161557 0.745943
0.161776 0.320498
0.169629 0.792236
0.170481 0.148805
0.172326 0.323363
0.175157 0.834399
0.175349 0.287399
0.177630 0.040812
0.179490 0.605864
0.179960 0.456292
0.180370 0.289457
0.182769 0.838169
0.184777 0.284003
0.186637 0.712476
0.187782 0.252604
0.187814 0.232540
0.190476 0.518647
0.191843 0.593538
0.192461 0.783678
0.192871 0.694815
0.195858 0.464355
0.202570 0.741154
0.203252 0.216085
0.205362 0.696935
0.212435 0.426099
0.212586 0.350905
0.213033 0.154705
0.215831 0.708022
0.217838 0.467980
0.217976 0.518823
0.223756 0.073243
0.223973 0.195674
0.225243 0.358836
0.225550 0.130583
0.228815 0.445864
0.230676 0.076335
0.231104 0.865301
0.232280 0.241321
0.238300 0.709183
0.241909 0.059121
0.246491 0.789276
0.248700 0.651373
0.255532 0.743739
0.255762 0.660590
0.257480 0.127846
0.264281 0.711300
0.264382 0.736301
0.265519 0.552691
0.266870 0.508251
0.267321 0.819587
0.269700 0.267540
0.270575 0.807448
0.273428 0.568433
0.274269 0.390264
0.282314 0.575052
0.283311 0.554849
0.284755 0.348876
0.289232 0.809250
0.295102 0.398009
0.300565 0.122955
0.303174 0.183249
0.304312 0.449621
0.306041 0.090448
0.309399 0.441641
0.310665 0.799976
0.311012 0.199638
0.312154 0.670896
0.317819 0.361507
0.318385 0.225023
0.318512 0.058448
0.322419 0.779931
0.325691 0.852638
0.325953 0.212008
0.327010 0.358647
0.329154 0.546945
0.333161 0.372449
0.334322 0.816328
0.334650 0.369237
0.339705 0.714443
0.345474 0.694153
0.347143 0.399813
0.347544 0.762571
0.347696 0.162713
0.348974 0.522184
0.350668 0.776701
0.353641 0.229489
0.354332 0.763042
0.355050 0.288426
0.356098 0.113180
0.357857 0.903587
0.360851 0.115135
0.361202 0.889357
0.364287 0.346604
0.369901 0.649951
0.371845 0.478638
0.375704 0.387173
0.375753 0.857977
0.376091 0.079970
0.376420 0.898383
0.377848 0.879358
0.382456 0.327877
0.382510 0.388507
0.382911 0.646672
0.386265 0.166910
0.388767 0.191685
0.388922 0.128845
0.389698 0.544939
0.392670 0.637634
0.392755 0.702510
0.394491 0.466561
0.395521 0.753102
0.398947 0.269860
0.400094 0.294927
0.401102 0.297066
0.406172 0.652347
0.406231 0.122196
0.407934 0.572883
0.409237 0.487288
0.409303 0.489462
0.409833 0.388676
0.410570 0.407081
0.411698 0.178635
0.419237 0.884816
0.419363 0.416887
0.422078 0.424497
0.422166 0.645902
0.422745 0.419474
0.422858 0.883262
0.426144 0.565018
0.429019 0.122053
0.429437 0.748162
0.430497 0.176471
0.431661 0.885112
0.441727 0.170325
0.443966 0.563184
0.444386 0.887228
0.445643 0.194951
0.448285 0.130863
0.449067 0.238447
0.452515 0.760926
0.453930 0.720017
0.456528 0.487545
0.461941 0.728328
0.462732 0.440579
0.463419 0.890550
0.466433 0.343186
0.466528 0.416358
0.469962 0.466535
0.475307 0.224921
0.478252 0.861068
0.480963 0.292520
0.485279 0.796289
0.485882 0.373652
0.487271 0.883874
0.492686 0.384518
0.494191 0.919225
0.494279 0.831275
0.501189 0.341574
0.501841 0.691687
0.502000 0.228835
0.503175 0.929634
0.503225 0.423036
0.504300 0.357640
0.506050 0.715297
0.509936 0.179819
0.518251 0.306438
0.518897 0.110888
0.520702 0.903227
0.523300 0.570462
0.535853 0.620724
0.540209 0.411983
0.544846 0.124643
0.545329 0.684543
0.550184 0.118470
0.553751 0.653611
0.555093 0.845847
0.557593 0.385543
0.561782 0.132977
0.562520 0.659910
0.564322 0.653357
0.575467 0.293623
0.577524 0.482455
0.580121 0.942192
0.582437 0.850567
0.582747 0.554894
0.583214 0.303206
0.584372 0.486214
0.586259 0.318431
0.587543 0.132873
0.589162 0.628858
0.593714 0.867019
0.594566 0.879936
0.596188 0.320311
0.596979 0.534508
0.599397 0.315989
0.599786 0.489206
0.600873 0.357579
0.601503 0.201638
0.602785 0.893257
0.608824 0.316044
0.612054 0.485231
0.613693 0.669932
0.623807 0.391125
0.624868 0.532253
0.631986 0.495154
0.636478 0.915189
0.637814 0.916439
0.642038 0.704902
0.642104 0.712069
0.645448 0.760050
0.647010 0.395366
0.648976 0.631839
0.651743 0.246027
0.653931 0.909966
0.658615 0.349990
0.659714 0.468565
0.663751 0.315346
0.678532 0.786296
0.690564 0.477194
0.700491 0.838241
0.705458 0.246792
0.709265 0.613905
0.712914 0.563072
0.713228 0.584840
0.716622 0.316210
0.722120 0.520008
0.723302 0.596346
0.727291 0.422693
0.732996 0.590528
0.734227 0.538427
0.734246 0.364671
0.741908 0.293041
0.743422 0.527562
0.749139 0.972481
0.752761 0.234527
0.754178 0.176854
0.760575 0.232689
0.760907 0.247596
0.761587 0.180884
0.763960 0.706350
0.775324 0.458604
0.790838 0.673630
0.810188 0.531949
0.817433 0.281180
0.828891 0.980158
0.847014 0.306593
0.851834 0.415747
0.855918 0.614099
0.863645 0.499608
0.867649 0.195550
0.869730 0.203857
0.879195 0.353552
0.885928 0.905779
0.887399 0.814938
0.898021 0.453904
0.912773 0.871375
0.919634 1.000000
0.922749 0.357121
0.923091 0.549752
0.933364 0.378706
0.945906 0.300967
0.994189 0.737116
1.000000 0.501605
