0.000000 0.023624
0.003894 0.010742
0.008826 0.000000
0.010106 0.015831
0.011728 0.029473
0.011800 0.004018
0.014889 0.030095
0.017271 0.013834
0.020978 0.007706
0.023483 0.006358
0.025887 0.047410
0.026712 0.030027
0.028568 0.053504
0.030202 0.049357
0.031174 0.055428
0.031225 0.052346
0.034594 0.029052
0.037811 0.019789
0.040036 0.035399
0.041065 0.067013
0.041621 0.027939
0.042503 0.032914
0.044273 0.041971
0.047817 0.053745
0.053659 0.069086
0.053759 0.079552
0.058889 0.080342
0.058968 0.082781
0.059166 0.040527
0.059348 0.089484
0.059845 0.078925
0.060644 0.045173
0.061206 0.052799
0.061948 0.082423
0.063080 0.072082
0.065660 0.071707
0.067246 0.077582
0.067936 0.074673
0.069131 0.078073
0.069914 0.059133
0.072885 0.053417
0.074444 0.088609
0.074482 0.069562
0.075147 0.097990
0.075571 0.056621
0.075927 0.081897
0.077644 0.061566
0.078297 0.074075
0.079013 0.058351
0.081137 0.105105
0.081455 0.106744
0.081717 0.093850
0.083723 0.091939
0.083753 0.103687
0.085943 0.100522
0.086721 0.065764
0.086987 0.072218
0.088199 0.072194
0.090219 0.086648
0.091791 0.103845
0.092520 0.095384
0.094012 0.076185
0.094300 0.103681
0.094393 0.124604
0.095109 0.076646
0.095570 0.100051
0.096236 0.094496
0.097031 0.089779
0.098075 0.110191
0.098753 0.079355
0.099487 0.122853
0.101615 0.083408
0.102517 0.087542
0.103871 0.114851
0.104623 0.096345
0.105121 0.104367
0.105869 0.130536
0.107769 0.110236
0.108292 0.135458
0.108455 0.124632
0.108933 0.140254
0.109429 0.114582
0.109605 0.120947
0.109797 0.124875
0.110405 0.090318
0.110709 0.098589
0.110957 0.090749
0.112318 0.123993
0.113266 0.101637
0.115329 0.101057
0.115457 0.103332
0.116507 0.102573
0.117310 0.137754
0.117428 0.105588
0.117434 0.138390
0.117692 0.105983
0.117813 0.107638
0.118530 0.130386
0.118809 0.115694
0.120489 0.121373
0.121410 0.125404
0.121489 0.134979
0.122055 0.103832
0.122283 0.107934
0.124253 0.143799
0.124317 0.153623
0.125003 0.156531
0.125469 0.126061
0.125968 0.136354
0.126149 0.119084
0.127006 0.116528
0.127521 0.126217
0.129108 0.132974
0.129415 0.131920
0.130375 0.150509
0.130660 0.142359
0.131886 0.155647
0.132097 0.117225
0.132296 0.139651
0.133740 0.118855
0.134511 0.144779
0.134627 0.141553
0.135073 0.125726
0.135780 0.165296
0.136627 0.119160
0.136634 0.157266
0.137762 0.156733
0.137786 0.134307
0.140453 0.147914
0.140867 0.168978
0.141210 0.149304
0.141653 0.169607
0.142787 0.173268
0.145887 0.162980
0.146823 0.144628
0.147740 0.128337
0.147768 0.171368
0.147903 0.137924
0.148259 0.138919
0.150182 0.141981
0.151385 0.181888
0.151405 0.142418
0.151863 0.131068
0.152649 0.175335
0.152900 0.176691
0.153025 0.147474
0.154065 0.159677
0.154536 0.158345
0.156322 0.182990
0.157059 0.166313
0.157540 0.183267
0.157568 0.152810
0.158168 0.150580
0.158288 0.140617
0.158410 0.144187
0.159648 0.163618
0.159836 0.152598
0.159910 0.149844
0.160679 0.181210
0.160902 0.178603
0.162532 0.146728
0.162704 0.161605
0.162806 0.168358
0.163105 0.184391
0.163177 0.157182
0.164436 0.186275
0.165076 0.184316
0.165115 0.188251
0.165121 0.179521
0.165149 0.160507
0.165407 0.159746
0.165931 0.168369
0.166908 0.153635
0.168594 0.148499
0.168987 0.157403
0.169320 0.182157
0.170312 0.148088
0.171112 0.172410
0.171215 0.167363
0.171260 0.200655
0.172279 0.187956
0.172738 0.165741
0.173042 0.191645
0.173269 0.196875
0.173381 0.194065
0.173644 0.165590
0.174382 0.204305
0.174585 0.174410
0.176454 0.206093
0.176510 0.194664
0.177263 0.188702
0.177432 0.169626
0.177734 0.157552
0.178781 0.195832
0.180970 0.202770
0.181099 0.207209
0.181606 0.163162
0.181997 0.164692
0.182711 0.193890
0.183407 0.180532
0.183856 0.182173
0.184067 0.194795
0.184553 0.176734
0.184602 0.215226
0.186010 0.184284
0.186430 0.164284
0.186600 0.169399
0.187065 0.191514
0.187210 0.198056
0.187316 0.190692
0.189241 0.192039
0.190364 0.198710
0.190733 0.212996
0.190963 0.171474
0.191783 0.207722
0.191894 0.216024
0.192113 0.198546
0.192331 0.181843
0.192378 0.173506
0.192568 0.205781
0.192726 0.205379
0.193181 0.206077
0.193320 0.218783
0.194546 0.207620
0.194680 0.201382
0.195607 0.183166
0.195776 0.187092
0.197273 0.205652
0.197696 0.180221
0.198784 0.191427
0.199589 0.189973
0.199858 0.218648
0.200303 0.197116
0.202043 0.188644
0.202247 0.182463
0.202632 0.186036
0.203095 0.188743
0.203195 0.182133
0.203252 0.185267
0.203408 0.221001
0.204573 0.222199
0.205235 0.221522
0.205436 0.230186
0.205900 0.203576
0.206684 0.222877
0.208019 0.212923
0.208711 0.227953
0.209341 0.191792
0.209429 0.205133
0.209789 0.194449
0.209859 0.220904
0.210093 0.203257
0.210337 0.232613
0.211596 0.196698
0.211766 0.216633
0.212924 0.195993
0.213738 0.219688
0.214667 0.239294
0.214681 0.207396
0.215095 0.206808
0.215500 0.234541
0.215905 0.219735
0.216026 0.229418
0.216168 0.228346
0.216471 0.223418
0.217078 0.229513
0.217370 0.239532
0.217374 0.247110
0.217598 0.200823
0.219048 0.218047
0.219170 0.216130
0.219455 0.217919
0.219832 0.198078
0.220055 0.197270
0.220426 0.221927
0.220815 0.204888
0.221029 0.250822
0.221447 0.224081
0.221582 0.209949
0.221893 0.230215
0.222629 0.216982
0.223150 0.208353
0.223291 0.230655
0.223953 0.249117
0.224365 0.227726
0.224565 0.228953
0.224629 0.219911
0.225865 0.214137
0.227631 0.246639
0.227740 0.255448
0.227891 0.237460
0.227935 0.241490
0.228015 0.245285
0.228106 0.258314
0.228842 0.259998
0.229282 0.257343
0.229391 0.260592
0.230096 0.254825
0.231085 0.249803
0.231710 0.218767
0.231992 0.210416
0.232846 0.221856
0.233341 0.238477
0.233404 0.214043
0.234085 0.256671
0.234102 0.242847
0.234309 0.238006
0.235024 0.264003
0.235288 0.219309
0.235331 0.217909
0.235486 0.240217
0.235498 0.212679
0.235592 0.214120
0.235656 0.246839
0.236262 0.238753
0.236358 0.253533
0.236418 0.217327
0.236948 0.262789
0.237770 0.216358
0.238162 0.257536
0.238589 0.245402
0.239126 0.236011
0.239267 0.258896
0.240385 0.250724
0.241684 0.273729
0.241964 0.221893
0.242221 0.239527
0.242292 0.244397
0.242613 0.220828
0.243630 0.260477
0.243779 0.242240
0.245303 0.241631
0.245408 0.222816
0.245908 0.245047
0.245983 0.229545
0.247381 0.276044
0.247822 0.266199
0.248042 0.253048
0.248438 0.256894
0.249183 0.255438
0.249486 0.228537
0.249559 0.248085
0.249614 0.248559
0.249779 0.279987
0.249813 0.253521
0.249993 0.240200
0.250188 0.257244
0.250193 0.283555
0.250728 0.259825
0.251014 0.231196
0.251329 0.265105
0.251752 0.252038
0.252269 0.267843
0.252698 0.265433
0.254364 0.280233
0.254497 0.262149
0.255317 0.260337
0.255537 0.239649
0.256407 0.240471
0.256482 0.261075
0.257152 0.241124
0.257684 0.261688
0.257949 0.243192
0.258933 0.275538
0.259845 0.287368
0.260016 0.281097
0.260043 0.287405
0.260159 0.256442
0.261107 0.249330
0.261441 0.282538
0.261905 0.267856
0.263240 0.279228
0.263703 0.292064
0.263858 0.266863
0.263981 0.263039
0.264975 0.296515
0.265282 0.296509
0.265487 0.284674
0.265704 0.285959
0.266548 0.285002
0.266860 0.271065
0.268238 0.280984
0.268374 0.282127
0.268491 0.280024
0.268634 0.300942
0.269270 0.256025
0.270054 0.273666
0.270448 0.295590
0.271012 0.280946
0.271243 0.258042
0.271600 0.299852
0.271805 0.254278
0.272027 0.291882
0.272381 0.282626
0.272553 0.294694
0.272726 0.276895
0.272894 0.271161
0.273061 0.270763
0.273958 0.262732
0.274123 0.296925
0.275108 0.289056
0.277229 0.284104
0.277485 0.263687
0.278309 0.266649
0.279531 0.301137
0.279597 0.298563
0.280308 0.287801
0.281016 0.260348
0.281289 0.267500
0.281510 0.275042
0.281547 0.283402
0.281623 0.273691
0.282400 0.315829
0.282868 0.279766
0.283328 0.271111
0.283427 0.295895
0.283447 0.265473
0.283636 0.311964
0.285259 0.300237
0.285574 0.299533
0.285657 0.307950
0.285798 0.266696
0.285951 0.300723
0.286302 0.268416
0.287410 0.313471
0.288726 0.274299
0.289508 0.319800
0.289623 0.296516
0.289837 0.282413
0.290962 0.292438
0.291632 0.320844
0.292199 0.316950
0.293122 0.295131
0.293904 0.287658
0.294003 0.305124
0.294778 0.300865
0.295167 0.317586
0.295485 0.302355
0.295497 0.317115
0.296456 0.291540
0.297370 0.313541
0.298084 0.295242
0.298189 0.315375
0.298475 0.294737
0.299365 0.304517
0.299798 0.280798
0.299918 0.287713
0.299962 0.287022
0.300002 0.281015
0.300291 0.276941
0.300881 0.285446
0.301227 0.323275
0.302709 0.316743
0.302979 0.287323
0.303023 0.292377
0.303555 0.287059
0.303723 0.322658
0.303954 0.321790
0.304344 0.327132
0.305759 0.297957
0.305808 0.324964
0.305897 0.337844
0.306188 0.326530
0.306193 0.299378
0.306346 0.336556
0.306981 0.308573
0.307187 0.338753
0.308197 0.295978
0.308421 0.331822
0.308611 0.340636
0.308928 0.305860
0.309529 0.288079
0.310420 0.324365
0.312421 0.344183
0.312513 0.336139
0.312625 0.343842
0.313120 0.346921
0.313702 0.330859
0.313774 0.314928
0.314523 0.332820
0.314839 0.333340
0.316651 0.325410
0.317405 0.350726
0.317672 0.328931
0.318511 0.314977
0.319201 0.329414
0.319525 0.307412
0.321373 0.309585
0.321898 0.304080
0.321952 0.311420
0.322054 0.355593
0.322745 0.332732
0.323231 0.305699
0.323327 0.325668
0.323815 0.312778
0.323885 0.334701
0.324110 0.334357
0.324435 0.351584
0.324660 0.332375
0.325022 0.331155
0.326447 0.358135
0.326996 0.357480
0.327201 0.337912
0.327303 0.304961
0.327643 0.351336
0.327981 0.329186
0.328046 0.338345
0.328127 0.344011
0.328412 0.342795
0.329282 0.361503
0.329827 0.329010
0.330810 0.321888
0.331333 0.338606
0.331392 0.313412
0.331660 0.362527
0.331797 0.327561
0.332109 0.336914
0.332576 0.332706
0.332635 0.355243
0.332654 0.337914
0.332949 0.338098
0.333147 0.345306
0.333184 0.318717
0.334515 0.357346
0.335323 0.359204
0.336549 0.361627
0.336831 0.324092
0.338400 0.314993
0.339556 0.336272
0.339868 0.320249
0.340087 0.352894
0.340192 0.323994
0.340553 0.341495
0.341347 0.375393
0.343034 0.371664
0.343805 0.371342
0.344485 0.342096
0.344523 0.325107
0.344541 0.347910
0.345227 0.379742
0.345348 0.375881
0.345549 0.349886
0.345984 0.351454
0.346570 0.368046
0.346782 0.336800
0.347812 0.323657
0.348569 0.337449
0.349936 0.377240
0.350376 0.359081
0.350453 0.365804
0.350944 0.338269
0.351116 0.356187
0.351762 0.344337
0.353091 0.356018
0.353492 0.382626
0.353634 0.354350
0.353924 0.377150
0.354120 0.361572
0.354298 0.331380
0.354442 0.358403
0.356459 0.340260
0.357163 0.387628
0.357428 0.388822
0.358273 0.345627
0.359674 0.391418
0.359729 0.344853
0.360026 0.347889
0.361325 0.344627
0.361972 0.346501
0.362089 0.387546
0.362264 0.386149
0.362606 0.371311
0.363054 0.352988
0.363078 0.362250
0.363399 0.388185
0.364123 0.369753
0.364861 0.349820
0.366260 0.345758
0.366464 0.368999
0.367020 0.363086
0.367118 0.346071
0.367190 0.389178
0.367200 0.374907
0.367325 0.355315
0.368147 0.393485
0.368663 0.396236
0.368708 0.396949
0.368724 0.369829
0.368969 0.397763
0.370152 0.368876
0.370169 0.391445
0.370816 0.393360
0.371761 0.382237
0.371969 0.384259
0.372649 0.390058
0.373176 0.382288
0.373559 0.360834
0.375806 0.401474
0.376798 0.386465
0.376944 0.412194
0.377061 0.373403
0.377156 0.393193
0.377362 0.375619
0.377987 0.406683
0.378092 0.356845
0.378626 0.388400
0.378805 0.371161
0.379730 0.412488
0.379824 0.373142
0.381344 0.377452
0.381383 0.394318
0.381813 0.392436
0.381967 0.405023
0.383328 0.391535
0.383638 0.389080
0.384506 0.386006
0.386253 0.366045
0.386879 0.419711
0.387358 0.372616
0.387494 0.396849
0.387888 0.370998
0.388585 0.393119
0.389408 0.401651
0.389845 0.421154
0.391196 0.380435
0.391495 0.413686
0.392225 0.380156
0.393695 0.411413
0.394143 0.411190
0.394456 0.388235
0.396150 0.427349
0.396163 0.416336
0.396473 0.379863
0.397826 0.417278
0.398545 0.414576
0.398879 0.410867
0.400753 0.403760
0.400761 0.433356
0.400809 0.388879
0.401643 0.379782
0.401706 0.403418
0.403023 0.428198
0.404646 0.407903
0.405012 0.420886
0.405171 0.390584
0.405955 0.393029
0.406760 0.439337
0.407061 0.408643
0.408380 0.398140
0.409659 0.405522
0.410336 0.430636
0.410403 0.432652
0.412077 0.390121
0.412209 0.412141
0.412685 0.423321
0.412793 0.422005
0.414457 0.409951
0.414466 0.414591
0.414644 0.441020
0.414665 0.405130
0.414913 0.435243
0.415026 0.406081
0.415206 0.394870
0.415382 0.449126
0.415609 0.435504
0.416279 0.413075
0.417161 0.452136
0.418995 0.408511
0.419218 0.438967
0.419581 0.404105
0.419810 0.440184
0.420356 0.413775
0.421892 0.418242
0.422080 0.427785
0.422142 0.457312
0.422602 0.446688
0.424021 0.436435
0.424307 0.411784
0.424747 0.402704
0.424862 0.444471
0.425454 0.456125
0.426506 0.444007
0.426555 0.420099
0.426617 0.414329
0.426865 0.405047
0.427321 0.416126
0.427399 0.420177
0.427897 0.435893
0.429265 0.430886
0.429312 0.454885
0.431284 0.451710
0.432193 0.446313
0.432265 0.412311
0.432547 0.445580
0.434276 0.455538
0.434552 0.453405
0.434839 0.425043
0.434862 0.421102
0.435120 0.420997
0.436446 0.466036
0.436551 0.424024
0.437159 0.458159
0.437452 0.441401
0.437788 0.433399
0.438192 0.416828
0.438358 0.431052
0.438512 0.445926
0.439355 0.450503
0.439464 0.466499
0.439935 0.434171
0.440009 0.435472
0.440039 0.421260
0.440513 0.459843
0.441188 0.468968
0.441313 0.433307
0.441599 0.418998
0.442437 0.447203
0.444164 0.449628
0.444469 0.432235
0.445431 0.440862
0.446020 0.453529
0.446396 0.466595
0.446573 0.463497
0.446736 0.452102
0.448728 0.434823
0.449328 0.480461
0.450710 0.434422
0.450761 0.437967
0.450823 0.455619
0.451308 0.453489
0.451452 0.440934
0.451491 0.472671
0.452106 0.480721
0.452183 0.442572
0.452293 0.445241
0.453115 0.464746
0.453749 0.463867
0.454447 0.432495
0.455325 0.468819
0.457917 0.439032
0.458130 0.446305
0.458366 0.440065
0.458790 0.493676
0.459400 0.484733
0.459964 0.461119
0.461149 0.448114
0.463111 0.489620
0.464201 0.482957
0.464967 0.469359
0.465182 0.495583
0.465241 0.501653
0.465506 0.442667
0.466632 0.488492
0.467027 0.480217
0.467088 0.459331
0.467412 0.484832
0.467801 0.492811
0.467844 0.496320
0.468566 0.493031
0.468597 0.491008
0.468808 0.477576
0.468927 0.456756
0.469185 0.471195
0.469799 0.480842
0.470019 0.472843
0.470422 0.470763
0.470505 0.461358
0.471222 0.456935
0.471570 0.478845
0.473220 0.484897
0.474268 0.458573
0.474274 0.468727
0.474480 0.452386
0.476295 0.479379
0.476525 0.478725
0.476544 0.489513
0.476648 0.486664
0.477332 0.484303
0.478042 0.460493
0.479752 0.505937
0.480501 0.462136
0.480820 0.482903
0.481149 0.465172
0.481683 0.468596
0.481933 0.502948
0.482019 0.466299
0.482245 0.499751
0.482738 0.498880
0.483078 0.480111
0.484131 0.459444
0.485340 0.460990
0.485380 0.471892
0.485752 0.512090
0.485778 0.508637
0.487433 0.509749
0.488053 0.514016
0.492906 0.502728
0.492923 0.522585
0.494525 0.501766
0.495904 0.522630
0.496094 0.486233
0.496678 0.492154
0.496732 0.493135
0.497493 0.506239
0.497950 0.520447
0.498266 0.505997
0.498754 0.475037
0.499633 0.480848
0.504898 0.510201
0.505260 0.507980
0.505265 0.507858
0.505528 0.528216
0.505630 0.487830
0.506733 0.512024
0.507171 0.533839
0.508081 0.497011
0.508173 0.503364
0.508810 0.534147
0.509102 0.532024
0.509570 0.525519
0.509889 0.530691
0.509896 0.493064
0.510328 0.499144
0.510475 0.512019
0.513338 0.519376
0.514212 0.541579
0.515334 0.494802
0.515613 0.550023
0.516514 0.509393
0.517259 0.532838
0.518183 0.509535
0.520731 0.518235
0.522219 0.533598
0.522599 0.536419
0.523840 0.502641
0.525125 0.543406
0.525182 0.557888
0.526513 0.537475
0.526967 0.526052
0.527280 0.522833
0.527418 0.531072
0.529431 0.541427
0.530447 0.563098
0.531129 0.540762
0.532704 0.514133
0.533932 0.528151
0.534019 0.567791
0.534605 0.538737
0.536312 0.517204
0.536513 0.513718
0.536547 0.572667
0.540028 0.516528
0.540736 0.523319
0.541018 0.575038
0.545463 0.568754
0.545735 0.541512
0.546731 0.543570
0.548947 0.543948
0.553465 0.562793
0.553810 0.531364
0.554604 0.580045
0.561054 0.558020
0.562170 0.590145
0.564261 0.546881
0.568383 0.552288
0.569299 0.556393
0.570904 0.569478
0.572310 0.607282
0.573971 0.592377
0.574699 0.575119
0.575676 0.564289
0.578789 0.610671
0.579048 0.569505
0.581393 0.586215
0.581464 0.571060
0.582482 0.598693
0.582484 0.603310
0.583615 0.598555
0.585187 0.588950
0.587033 0.621417
0.587244 0.561061
0.594434 0.601672
0.597941 0.614987
0.599062 0.636576
0.601979 0.632642
0.603633 0.639593
0.604916 0.617494
0.605139 0.638124
0.608685 0.597756
0.609078 0.634589
0.609137 0.623670
0.610496 0.584858
0.611017 0.605497
0.611385 0.604500
0.613926 0.599547
0.614592 0.643386
0.615793 0.620971
0.620746 0.601378
0.622605 0.613632
0.625612 0.615129
0.630695 0.632060
0.631713 0.618808
0.632124 0.668324
0.633635 0.651052
0.634515 0.644076
0.641837 0.649300
0.653774 0.675332
0.655093 0.629591
0.660803 0.643095
0.661363 0.637062
0.662651 0.663155
0.663180 0.671279
0.665924 0.702283
0.668346 0.678368
0.669613 0.672671
0.671166 0.691489
0.673103 0.664924
0.673765 0.649750
0.675305 0.691454
0.675461 0.652113
0.675891 0.680364
0.677356 0.662944
0.680494 0.717617
0.686072 0.690146
0.689312 0.676490
0.690692 0.686131
0.691607 0.685409
0.702960 0.708172
0.704001 0.684073
0.705045 0.693844
0.707684 0.731109
0.716406 0.722288
0.718323 0.731673
0.724787 0.752635
0.727379 0.711302
0.728764 0.743106
0.730541 0.726316
0.734910 0.712523
0.755403 0.753745
0.759757 0.794769
0.762109 0.784378
0.764353 0.747930
0.767804 0.775405
0.770050 0.774222
0.772197 0.812075
0.774005 0.798555
0.774924 0.763097
0.775284 0.750033
0.777310 0.813278
0.781090 0.809713
0.781587 0.780451
0.788814 0.802470
0.812158 0.808945
0.814579 0.852650
0.826064 0.858270
0.891523 0.883178
0.930208 0.943489
0.953399 0.943005
0.994300 0.985375
1.000000 1.000000
