0.000000 1.000000
0.013704 0.845861
0.021592 0.802556
0.021594 0.854137
0.022681 0.744415
0.029551 0.873704
0.030922 0.759042
0.037575 0.813042
0.043502 0.760208
0.046919 0.729017
0.049621 0.767198
0.050998 0.753264
0.053668 0.673392
0.061154 0.637053
0.083605 0.607090
0.089524 0.688782
0.097749 0.686773
0.099307 0.593804
0.101850 0.511545
0.105077 0.531938
0.106550 0.623238
0.112799 0.563757
0.144578 0.425824
0.146070 0.498024
0.152130 0.470988
0.152607 0.403467
0.152632 0.569960
0.154209 0.394459
0.162591 0.397346
0.165210 0.522368
0.166601 0.427901
0.179227 0.427693
0.183095 0.369863
0.183889 0.386276
0.198581 0.423967
0.200759 0.374282
0.213451 0.475160
0.215628 0.338059
0.221432 0.375452
0.223644 0.341607
0.226954 0.383415
0.231556 0.423100
0.232146 0.466377
0.237784 0.449777
0.250892 0.448078
0.252650 0.330922
0.261545 0.290768
0.265393 0.347867
0.269622 0.410887
0.274903 0.427382
0.278047 0.360649
0.279258 0.318154
0.293709 0.341831
0.294466 0.346503
0.302086 0.327199
0.302946 0.340009
0.310232 0.300923
0.310793 0.356664
0.313410 0.302206
0.320685 0.389350
0.323127 0.256125
0.324879 0.295576
0.335284 0.308589
0.338224 0.291195
0.339233 0.357056
0.339630 0.229483
0.361104 0.293602
0.361715 0.262248
0.364602 0.349027
0.369410 0.348400
0.369677 0.204750
0.370313 0.285054
0.374379 0.280357
0.375493 0.228404
0.376775 0.193964
0.382167 0.309061
0.382570 0.231409
0.386135 0.243051
0.401273 0.274480
0.401655 0.265460
0.402722 0.306813
0.408425 0.198060
0.419379 0.324595
0.426685 0.274063
0.426898 0.203260
0.433106 0.266442
0.435594 0.203027
0.441893 0.251020
0.442470 0.172586
0.443211 0.260970
0.446713 0.155502
0.456297 0.274630
0.469101 0.283003
0.500306 0.186363
0.510888 0.226415
0.525956 0.186721
0.536923 0.258554
0.553775 0.104169
0.575445 0.093072
0.576392 0.104158
0.580897 0.165754
0.583082 0.202232
0.583608 0.134883
0.584731 0.226940
0.585133 0.143141
0.597606 0.111588
0.600919 0.130011
0.608784 0.222499
0.609188 0.146438
0.615996 0.146737
0.616767 0.070506
0.620513 0.069976
0.624794 0.153230
0.626454 0.233005
0.626949 0.183990
0.628270 0.226338
0.628375 0.223154
0.631576 0.150233
0.643241 0.080582
0.645437 0.146937
0.669566 0.202104
0.671625 0.121294
0.674736 0.065850
0.675021 0.111112
0.679281 0.103193
0.701464 0.193710
0.715750 0.089991
0.717700 0.144543
0.719203 0.137048
0.720731 0.208117
0.729437 0.185849
0.731910 0.090341
0.739031 0.189957
0.743317 0.079335
0.745824 0.032893
0.748829 0.163045
0.755507 0.132142
0.772390 0.066961
0.793295 0.128740
0.794317 0.031655
0.802320 0.194029
0.805170 0.075381
0.806451 0.191640
0.822463 0.141352
0.827457 0.072876
0.837473 0.108061
0.838909 0.129797
0.842126 0.036471
0.845843 0.119166
0.850029 0.082460
0.854567 0.088803
0.855570 0.072962
0.872133 0.010539
0.875432 0.007515
0.895901 0.059050
0.896073 0.114742
0.899546 0.038782
0.905410 0.109532
0.905710 0.111652
0.906510 0.140608
0.912170 0.086993
0.920700 0.131744
0.921724 0.174991
0.926096 0.021634
0.940866 0.158136
0.947318 0.000000
0.961344 0.127415
0.963373 0.052836
0.965038 0.000462
0.968575 0.005550
0.972070 0.121028
0.980997 0.049426
0.984185 0.168194
0.986529 0.019783
1.000000 0.004665
