0.000000 0.687544
0.005474 0.380454
0.009429 0.453020
0.010343 0.615258
0.010803 0.627697
0.015921 0.681712
0.019497 0.494885
0.021086 0.482681
0.023919 0.897539
0.026274 0.223230
0.026400 0.745563
0.027745 0.419188
0.027959 0.280598
0.033524 1.000000
0.036798 0.433398
0.039409 0.388110
0.039832 0.780504
0.043353 0.796916
0.051592 0.505465
0.062282 0.367989
0.064349 0.343840
0.065699 0.514968
0.068443 0.344172
0.070178 0.368368
0.070614 0.412119
0.085510 0.525488
0.098069 0.492472
0.106016 0.691038
0.106364 0.199876
0.106413 0.737279
0.108511 0.384914
0.109576 0.641835
0.114177 0.303509
0.117820 0.748099
0.128548 0.184536
0.134968 0.450314
0.136602 0.339909
0.139091 0.393464
0.141991 0.430867
0.145002 0.308716
0.151083 0.466031
0.151413 0.454269
0.154031 0.526471
0.155561 0.620820
0.164912 0.760112
0.165507 0.227511
0.167537 0.731007
0.170262 0.254925
0.175674 0.232201
0.177204 0.363925
0.192026 0.333044
0.199369 0.173437
0.203659 0.592346
0.203729 0.683120
0.204820 0.332766
0.207216 0.237846
0.208423 0.239304
0.208836 0.324294
0.210539 0.155361
0.211897 0.481776
0.212362 0.304325
0.214243 0.280970
0.215686 0.570054
0.218395 0.313281
0.222239 0.556389
0.222482 0.251668
0.225280 0.209187
0.225588 0.260150
0.227243 0.261279
0.231594 0.368331
0.237267 0.299529
0.237390 0.272163
0.239690 0.184368
0.240981 0.262208
0.243728 0.188458
0.245013 0.185541
0.249646 0.218583
0.254146 0.260481
0.256638 0.473280
0.267177 0.274395
0.271420 0.463166
0.275138 0.351858
0.276175 0.252037
0.282676 0.278331
0.284984 0.575441
0.287118 0.245637
0.291844 0.192676
0.293481 0.191668
0.295646 0.367329
0.298276 0.344817
0.301107 0.472223
0.301452 0.483880
0.306691 0.542695
0.318644 0.130741
0.320309 0.517448
0.329102 0.524098
0.329571 0.233028
0.337740 0.261285
0.357325 0.250562
0.357411 0.287126
0.365505 0.226687
0.369430 0.352297
0.371737 0.206487
0.375958 0.150848
0.378124 0.336457
0.386287 0.120570
0.388977 0.319108
0.390731 0.358409
0.394763 0.304149
0.395945 0.383143
0.398613 0.336245
0.402397 0.473044
0.402804 0.300689
0.418308 0.163529
0.425071 0.362289
0.428291 0.231607
0.431206 0.331048
0.432590 0.432886
0.438611 0.180402
0.440948 0.364504
0.444449 0.214458
0.447564 0.145329
0.449126 0.140220
0.457291 0.373322
0.459494 0.140820
0.463879 0.148062
0.467361 0.358797
0.471142 0.258705
0.474348 0.428084
0.476565 0.101356
0.489285 0.417043
0.490544 0.374702
0.491845 0.216713
0.494346 0.275389
0.495152 0.139853
0.497025 0.333206
0.498291 0.171104
0.507470 0.242427
0.509436 0.222444
0.511735 0.135430
0.519762 0.283230
0.522339 0.090102
0.523278 0.359070
0.542237 0.289916
0.544457 0.214703
0.549557 0.230440
0.550465 0.234214
0.551935 0.376726
0.554407 0.208968
0.567045 0.064918
0.572289 0.074786
0.572381 0.123625
0.589274 0.213295
0.590804 0.203333
0.599610 0.226096
0.604292 0.086489
0.604788 0.062837
0.615501 0.139788
0.626164 0.166123
0.627550 0.236556
0.627565 0.125861
0.632476 0.328719
0.636360 0.069961
0.640377 0.234958
0.642973 0.271918
0.646649 0.188213
0.651816 0.111909
0.655051 0.176102
0.657174 0.164364
0.667901 0.059036
0.668980 0.291126
0.672854 0.063777
0.678315 0.123347
0.682090 0.304785
0.682746 0.059949
0.713742 0.203184
0.713971 0.273141
0.714576 0.159556
0.724036 0.040333
0.726745 0.200340
0.727454 0.105334
0.727851 0.224722
0.734728 0.163002
0.735522 0.119686
0.736779 0.252930
0.739507 0.236301
0.742142 0.204052
0.743308 0.121593
0.744469 0.227590
0.758610 0.097117
0.760798 0.134374
0.765934 0.179790
0.771217 0.230676
0.777055 0.035631
0.777346 0.190420
0.780014 0.169777
0.780071 0.108723
0.780715 0.257184
0.783449 0.078402
0.783799 0.134983
0.785105 0.246992
0.788856 0.065362
0.790507 0.154538
0.794085 0.209590
0.794446 0.043063
0.803453 0.212780
0.810114 0.169604
0.818868 0.016418
0.825057 0.039126
0.827196 0.221243
0.831644 0.134156
0.832117 0.060992
0.832286 0.220828
0.835463 0.227708
0.837956 0.201970
0.838635 0.041268
0.841338 0.081029
0.850786 0.151892
0.851952 0.074088
0.859044 0.167937
0.864176 0.138658
0.866783 0.020235
0.868028 0.114696
0.871038 0.122406
0.871252 0.212282
0.882029 0.126946
0.884691 0.030847
0.895251 0.012028
0.899077 0.124840
0.903058 0.091257
0.905878 0.168068
0.912562 0.207008
0.915002 0.107914
0.934999 0.103569
0.935443 0.143093
0.937244 0.068329
0.938084 0.179439
0.945202 0.092250
0.958718 0.202794
0.960454 0.185608
0.974589 0.168224
0.989397 0.050229
0.991421 0.091056
0.994152 0.053883
0.994238 0.068482
0.995443 0.184312
0.997483 0.000000
1.000000 0.154315
