0.000000 0.144006
0.008361 0.288284
0.021060 0.172408
0.025164 0.214716
0.031679 0.355752
0.037509 0.127362
0.039513 0.542306
0.057065 0.109121
0.058080 0.709988
0.058591 0.475357
0.061104 0.017274
0.067322 0.205240
0.068070 0.218949
0.068230 0.779792
0.069447 0.109261
0.070849 0.043759
0.071150 0.241567
0.071799 0.234773
0.074466 0.174661
0.074803 0.000000
0.075069 0.330691
0.076659 0.234680
0.079524 0.669623
0.081172 0.401103
0.081315 0.166948
0.082895 0.403892
0.082971 0.520328
0.083942 0.203438
0.084536 0.400928
0.086160 0.384142
0.090552 0.218033
0.091282 0.212291
0.091802 0.348424
0.092410 0.350832
0.092745 0.089603
0.094122 0.195869
0.096615 0.409655
0.097229 0.371784
0.097857 0.099887
0.098279 0.241865
0.103128 0.539601
0.104531 0.103971
0.108643 0.207018
0.111384 0.250719
0.113201 0.301524
0.115492 0.089617
0.117823 0.680509
0.117864 0.384025
0.117885 0.142349
0.122051 0.533243
0.122273 0.330771
0.122300 0.241499
0.122395 0.089443
0.128132 0.241432
0.128565 0.103577
0.128854 0.558949
0.129625 0.393187
0.131149 0.298442
0.131514 0.629836
0.131695 0.625049
0.131807 0.144541
0.132357 0.654717
0.133936 0.233882
0.135836 0.117593
0.136821 0.272714
0.136989 0.092953
0.137269 0.120152
0.137535 0.247078
0.137677 0.428094
0.140951 0.585358
0.141463 0.126940
0.141908 0.242713
0.143953 0.341583
0.146338 0.201502
0.146667 0.264011
0.147291 0.138596
0.148494 0.045172
0.148604 0.113256
0.151026 0.393926
0.154595 0.296114
0.154771 0.120513
0.156641 0.018351
0.157881 0.262452
0.159824 0.209951
0.160659 0.575486
0.162021 0.158201
0.162394 0.030151
0.162695 0.443668
0.164126 0.096318
0.164858 0.415345
0.165831 0.293503
0.166035 0.211172
0.166806 0.212290
0.169579 0.311698
0.169983 0.815021
0.171515 0.240228
0.172004 0.502688
0.173723 0.613531
0.175012 0.341904
0.176023 0.429892
0.176233 0.704468
0.176568 0.163784
0.176617 0.714215
0.177475 0.448151
0.179038 0.597450
0.179538 0.692235
0.181949 0.229522
0.182423 0.310122
0.183388 0.498721
0.190442 0.187522
0.191187 0.134587
0.193381 0.715032
0.195623 0.417504
0.196194 0.269980
0.196812 0.111243
0.197038 0.734032
0.199118 0.346779
0.199452 0.279677
0.200284 0.213873
0.202785 0.503807
0.202832 0.524542
0.203980 0.395699
0.206481 0.427654
0.207217 0.115212
0.207325 0.556912
0.209318 0.741368
0.211526 0.274005
0.212150 0.499289
0.213424 0.478756
0.215067 0.232326
0.215497 0.482854
0.216060 0.275566
0.216510 0.311975
0.216608 0.310464
0.217927 0.522002
0.218446 0.315392
0.219053 0.106988
0.222073 0.595233
0.226245 0.465343
0.226272 0.315725
0.226888 0.188519
0.226961 0.160901
0.227201 0.759252
0.228537 0.178384
0.230619 0.091466
0.231741 0.466534
0.231858 0.183690
0.231867 0.358224
0.232615 0.475454
0.233469 0.335433
0.234374 0.634702
0.234892 0.104540
0.235082 0.095728
0.236024 0.605845
0.236229 0.161457
0.238481 0.583762
0.239280 0.252839
0.239905 0.336182
0.240572 0.471399
0.240676 0.361095
0.241237 0.669764
0.242765 0.592753
0.243246 0.580526
0.245808 0.177050
0.246238 0.566087
0.249019 0.065872
0.249205 0.719225
0.250437 0.154824
0.250712 0.694894
0.251127 0.114006
0.253387 0.203815
0.255943 0.263376
0.256012 0.232009
0.256429 0.597662
0.257116 0.409796
0.257251 0.110151
0.257375 0.425416
0.257753 0.416447
0.259749 0.452459
0.261174 0.666060
0.263276 0.233778
0.264108 0.517460
0.267269 0.289604
0.269418 0.394770
0.270085 0.096414
0.271453 0.205314
0.272562 0.390447
0.273380 0.485052
0.273520 0.608384
0.273834 0.621253
0.274256 0.179620
0.275778 0.256212
0.276770 0.104996
0.278488 0.306931
0.279011 0.056666
0.279749 0.031455
0.281189 0.448589
0.284130 0.045519
0.285181 0.564016
0.286329 0.454587
0.288231 0.400546
0.289080 0.342696
0.290105 0.276299
0.290439 0.399097
0.294241 0.228205
0.295145 0.307455
0.298270 0.505763
0.299561 0.418632
0.300128 0.647164
0.301008 0.638326
0.308881 0.413705
0.309379 0.643699
0.309885 0.507271
0.311089 0.650144
0.311304 0.260505
0.312841 0.429551
0.312912 0.434447
0.314856 0.234454
0.315700 0.476913
0.315888 0.150255
0.318338 0.718081
0.318374 0.435087
0.318904 0.444400
0.320300 0.143462
0.320611 0.088568
0.322696 0.534823
0.323859 0.599270
0.324633 0.453278
0.325189 0.571646
0.326392 0.510912
0.326638 0.610261
0.326821 0.305142
0.327952 0.631805
0.329484 0.476285
0.331391 0.558235
0.333363 0.581016
0.333395 0.313501
0.333950 0.233989
0.334661 0.719502
0.336103 0.311320
0.336619 0.302998
0.336720 0.365937
0.337072 0.533740
0.338209 0.347384
0.338412 0.340970
0.339887 0.429143
0.343777 0.472831
0.344498 0.523437
0.344990 0.407109
0.347043 0.341916
0.347586 0.228238
0.348021 0.540072
0.348715 0.394797
0.349721 0.348901
0.351013 0.611754
0.351396 0.441573
0.351417 0.243534
0.352301 0.547420
0.353781 0.565002
0.353909 0.355070
0.354730 0.528935
0.355583 0.466052
0.356558 0.489679
0.356905 0.381450
0.358699 0.296366
0.360005 0.559274
0.360322 0.789921
0.361562 0.201836
0.362675 0.670293
0.365240 0.414939
0.365364 0.130083
0.366039 0.232076
0.366624 0.244572
0.367708 0.301800
0.368489 0.195412
0.368916 0.821651
0.369563 0.454491
0.369745 0.429437
0.370731 0.605021
0.370817 0.422573
0.371912 0.387419
0.377154 0.528622
0.377823 0.366721
0.379626 0.653690
0.380842 0.406971
0.381803 0.761143
0.382466 0.666158
0.382515 0.524288
0.384857 0.484640
0.385432 0.493780
0.387313 0.282731
0.387913 0.450805
0.393753 0.568622
0.394493 0.698333
0.399752 0.269966
0.400687 0.178032
0.403078 0.341018
0.403228 0.230871
0.405018 0.562825
0.405856 0.628911
0.407435 0.593179
0.408111 0.642921
0.410548 0.223338
0.411887 0.626030
0.411904 0.316668
0.411959 0.397821
0.412232 0.779906
0.412547 0.442630
0.415005 0.318264
0.417506 0.435513
0.419662 0.384475
0.421819 0.540520
0.425823 0.380679
0.429662 0.521697
0.430123 0.273670
0.431677 0.246671
0.432379 0.384082
0.433758 0.639192
0.434918 0.676560
0.436512 0.597211
0.437465 0.087369
0.438698 0.276852
0.440037 0.810733
0.441196 0.449154
0.442949 0.792916
0.449518 0.734752
0.449841 0.377937
0.450158 0.478962
0.450580 0.539599
0.451999 0.359982
0.457313 0.501968
0.458225 0.562485
0.458598 0.713132
0.458798 0.492030
0.458940 0.262944
0.465836 0.797487
0.470758 0.552617
0.473559 0.723430
0.476763 0.729845
0.477137 0.393963
0.480305 0.669168
0.480902 0.754069
0.483698 0.421895
0.486656 0.600490
0.490330 0.318934
0.491425 0.395339
0.492831 0.420578
0.493589 0.530829
0.495592 0.665182
0.497437 0.441642
0.498134 0.550023
0.501104 0.678868
0.501448 0.724784
0.501955 0.627732
0.508511 0.678672
0.510079 0.282756
0.510264 0.372491
0.514689 0.791565
0.515389 0.555938
0.520381 0.308291
0.522394 0.389466
0.524668 0.618713
0.529495 0.475921
0.533586 0.639307
0.534154 0.379949
0.535127 0.572790
0.539721 0.410865
0.543881 0.567590
0.544754 0.398551
0.558695 0.248336
0.559975 0.578384
0.562255 0.729188
0.571050 0.660513
0.575040 0.371940
0.578362 0.773676
0.581309 0.446147
0.583931 0.606494
0.601745 0.518378
0.609520 0.758204
0.613789 0.640231
0.618172 0.563930
0.622693 0.516806
0.624486 0.807647
0.631920 0.579938
0.635726 0.546048
0.652951 0.429211
0.663911 0.765968
0.667153 0.450004
0.678187 0.724949
0.680288 0.647642
0.681636 0.589877
0.682841 0.790253
0.694726 0.675514
0.704206 0.755481
0.754827 0.710387
0.767646 0.866682
0.822266 0.708311
0.885303 0.767251
0.898443 0.852669
1.000000 1.000000
