0.000000 0.709094
0.035827 0.743913
0.055631 0.565518
0.090950 0.491282
0.122180 0.669112
0.126782 0.531198
0.128076 0.353605
0.132077 0.563642
0.136452 0.610167
0.138066 0.703104
0.138471 0.793936
0.139591 0.562939
0.144665 0.319626
0.150702 0.367469
0.152984 0.757609
0.154977 0.427303
0.164604 0.317647
0.166477 0.341844
0.172480 0.606762
0.174392 0.187264
0.182051 0.558176
0.183217 0.524980
0.190882 0.415567
0.196329 0.390057
0.197778 0.700159
0.198854 0.690901
0.199052 0.144746
0.199224 0.721222
0.203826 0.545935
0.216206 0.464346
0.218264 0.753752
0.218266 0.678520
0.222335 0.656066
0.222447 0.565639
0.224020 0.473886
0.226132 0.459040
0.228496 0.250108
0.228510 0.294592
0.228859 0.468830
0.229170 0.424198
0.230495 0.635459
0.231900 0.338618
0.235747 0.237387
0.237045 0.644388
0.237091 0.516475
0.244884 0.414266
0.245092 0.587497
0.248316 0.438420
0.249166 0.650910
0.249366 0.519493
0.250521 0.606370
0.254988 0.487817
0.262710 0.716073
0.263216 0.375511
0.265138 0.566718
0.267193 0.376761
0.268360 0.482256
0.270181 0.689931
0.272088 0.431298
0.272478 0.682866
0.274988 0.331290
0.277659 0.288996
0.278429 0.554949
0.278522 0.396722
0.278568 0.559137
0.282228 0.619608
0.283494 0.728895
0.284467 0.470655
0.284963 0.736078
0.285457 0.517030
0.286206 0.568613
0.288868 0.313090
0.289127 0.541333
0.291138 0.567632
0.292224 0.838973
0.292922 0.485454
0.293935 0.536431
0.295554 0.572554
0.297118 0.647989
0.297432 0.647013
0.298363 0.350575
0.299091 0.487936
0.299927 0.456627
0.299953 0.623940
0.300651 0.527799
0.301279 0.547494
0.301371 0.524839
0.302637 0.366176
0.303957 0.672731
0.304164 0.372484
0.304802 0.442387
0.304820 0.256955
0.305585 0.388194
0.306338 0.514328
0.306813 0.614185
0.307677 0.522941
0.309036 0.358841
0.309060 0.362167
0.312782 0.529900
0.313617 0.137218
0.316944 0.316054
0.317142 0.544692
0.318017 0.563857
0.320387 0.383393
0.320851 0.657788
0.321530 0.677168
0.322048 0.794168
0.322086 0.357583
0.322173 0.465527
0.322528 0.899055
0.323261 0.519406
0.323444 0.627926
0.323698 0.580185
0.324139 0.880709
0.324250 0.327201
0.325172 0.166712
0.325707 0.746308
0.325975 0.800210
0.329120 0.823556
0.329717 0.701138
0.330174 0.569179
0.332985 0.196504
0.333424 0.609523
0.333692 0.723900
0.334522 0.690859
0.335576 0.681436
0.336260 0.390157
0.337458 0.529193
0.338694 0.691384
0.338816 0.733113
0.339548 0.403260
0.339961 0.317914
0.341051 0.630587
0.341910 0.508998
0.342356 0.347242
0.342738 0.546549
0.343251 0.493422
0.343818 0.625282
0.344294 0.282304
0.345711 0.595411
0.346170 0.669761
0.346361 0.556319
0.347028 0.232095
0.347393 0.233619
0.348371 0.646738
0.353090 0.326513
0.354149 0.643632
0.354640 0.504394
0.355012 0.306314
0.355305 0.438606
0.355530 0.360163
0.357408 0.675266
0.359439 0.523224
0.359515 0.497222
0.359537 0.261169
0.359654 0.709318
0.361182 0.249714
0.361306 0.519851
0.361624 0.231777
0.363637 0.743519
0.363875 0.590936
0.364169 0.289000
0.364274 0.643275
0.364830 0.606646
0.365745 0.533772
0.366830 0.697915
0.367752 0.482891
0.368303 0.561665
0.368608 0.664038
0.368718 0.666022
0.369572 0.677242
0.370821 0.388714
0.371270 0.754839
0.372655 0.748497
0.373338 0.634011
0.373397 0.395907
0.374327 0.389948
0.374589 0.847827
0.375601 0.185181
0.375709 0.496421
0.375852 0.537844
0.377175 0.478586
0.377487 0.622665
0.377856 0.425449
0.379212 0.474818
0.379890 0.460603
0.381712 0.815505
0.382595 0.246941
0.382918 0.507537
0.382920 0.672340
0.383248 0.456729
0.383907 0.528101
0.384688 0.426694
0.385967 0.453347
0.386031 0.437645
0.386442 0.612010
0.386851 0.240534
0.388065 0.633150
0.389433 0.552832
0.389507 0.695634
0.389789 0.662164
0.390109 0.635464
0.390903 0.373223
0.392799 0.461162
0.393278 0.322343
0.393332 0.591280
0.393375 0.426834
0.393907 0.477903
0.394514 0.217525
0.395383 0.513764
0.396589 0.757680
0.397048 0.719879
0.397193 0.529109
0.397329 0.763310
0.397393 0.534347
0.398837 0.471276
0.400471 0.419082
0.401129 0.360350
0.401405 0.765750
0.401700 0.402135
0.401749 0.694945
0.401995 0.285931
0.402578 0.491994
0.402628 0.733421
0.404021 0.554515
0.404069 0.616997
0.404789 0.319898
0.404802 0.470532
0.404920 0.835641
0.405105 0.551942
0.405262 0.549170
0.405295 0.718980
0.406145 0.562694
0.407324 0.703652
0.407396 0.384946
0.407463 0.331119
0.407626 0.526318
0.408069 0.362620
0.408176 0.525163
0.408631 0.711677
0.409753 0.303432
0.409794 0.556338
0.410561 0.421398
0.412606 0.650081
0.414145 0.374108
0.414522 0.434651
0.414653 0.238126
0.414767 0.610560
0.414775 0.558416
0.415180 0.283637
0.417258 0.558353
0.418557 0.375747
0.419742 0.534824
0.420065 0.445899
0.421012 0.625299
0.421035 0.523887
0.421458 0.497918
0.423642 0.545752
0.423721 0.421630
0.424012 0.399667
0.424030 0.475464
0.424467 0.360072
0.425266 0.652970
0.425287 0.344536
0.425407 0.555052
0.426146 0.620871
0.426160 0.697056
0.426280 0.573447
0.426581 0.467289
0.427437 0.594137
0.427672 0.630329
0.427762 0.558871
0.429241 0.334991
0.429327 0.461898
0.429647 0.483307
0.429917 0.490063
0.429935 0.277653
0.430789 0.032742
0.431037 0.475276
0.432075 0.570159
0.432413 0.638020
0.433040 0.426910
0.433312 0.467447
0.433457 0.421464
0.433867 0.656901
0.434188 0.583755
0.434449 0.265335
0.434882 0.584123
0.435601 0.460262
0.435980 0.607046
0.436428 0.616359
0.437052 0.786623
0.437866 0.421448
0.438814 0.320552
0.439019 0.589530
0.440372 0.431357
0.440774 0.626753
0.440871 0.742733
0.441361 0.612819
0.442832 0.794516
0.443211 0.307521
0.443251 0.455425
0.443982 0.520959
0.445538 0.526780
0.445581 0.804323
0.446543 0.696205
0.447275 0.443751
0.447570 0.541650
0.447923 0.871613
0.447986 0.377013
0.450991 0.226591
0.451153 0.761681
0.451467 0.397274
0.451721 0.546981
0.453575 0.550842
0.453723 0.427268
0.454519 0.488918
0.454822 0.567462
0.454874 0.888591
0.455112 0.804299
0.455936 0.310054
0.456101 0.434278
0.457564 0.711806
0.457622 0.477786
0.457624 0.468143
0.458610 0.513421
0.458942 0.559544
0.459355 0.810780
0.459668 0.793265
0.460268 1.000000
0.461847 0.513233
0.462485 0.666052
0.462551 0.575671
0.462596 0.743403
0.463041 0.319774
0.464326 0.554994
0.464831 0.366286
0.464921 0.275055
0.465982 0.505882
0.466229 0.413501
0.466777 0.500668
0.466959 0.200155
0.467131 0.385939
0.467485 0.585194
0.469634 0.192421
0.471027 0.363291
0.473016 0.312988
0.473427 0.836959
0.473799 0.870629
0.473812 0.318561
0.474106 0.751378
0.474620 0.559951
0.474635 0.445089
0.475082 0.433473
0.475117 0.640001
0.475865 0.615962
0.476043 0.264647
0.476371 0.669043
0.476508 0.729447
0.476619 0.435255
0.477263 0.649111
0.477798 0.635378
0.478364 0.585187
0.478718 0.352997
0.480152 0.443071
0.480464 0.373539
0.480811 0.372343
0.481060 0.352372
0.481123 0.413488
0.481409 0.816696
0.481435 0.657794
0.481529 0.464391
0.482168 0.364396
0.482876 0.509421
0.483242 0.531500
0.483481 0.433246
0.483530 0.697484
0.484617 0.272367
0.484835 0.667955
0.485114 0.873737
0.485319 0.558191
0.485402 0.537701
0.485728 0.528543
0.486525 0.455780
0.486785 0.428533
0.486850 0.534906
0.486915 0.529684
0.487595 0.527462
0.487645 0.502060
0.487684 0.815990
0.488076 0.286743
0.488297 0.745452
0.488443 0.743083
0.488573 0.598777
0.489263 0.651104
0.489285 0.817289
0.489390 0.462410
0.490827 0.834860
0.493417 0.629395
0.493790 0.334327
0.494145 0.669385
0.494878 0.748022
0.496205 0.347807
0.496598 0.349845
0.497312 0.596396
0.497453 0.537614
0.499072 0.552344
0.499243 0.518658
0.499980 0.405502
0.500262 0.833597
0.501720 0.656381
0.502036 0.225415
0.502768 0.624958
0.502828 0.750615
0.503603 0.440411
0.503831 0.853745
0.504149 0.501891
0.505039 0.488988
0.505158 0.384818
0.506178 0.247399
0.506361 0.752378
0.507458 0.315241
0.507738 0.161465
0.508598 0.363745
0.510369 0.496991
0.511047 0.649746
0.511673 0.440003
0.511846 0.563504
0.512999 0.477905
0.513042 0.420528
0.513737 0.569327
0.514543 0.743060
0.515277 0.727759
0.516362 0.765863
0.517220 0.288463
0.517722 0.627607
0.518390 0.691171
0.518866 0.568809
0.519222 0.827346
0.519364 0.258566
0.519621 0.731879
0.519651 0.461844
0.520215 0.558810
0.520340 0.490562
0.520859 0.605631
0.521013 0.730047
0.521319 0.377757
0.521599 0.148066
0.522174 0.665727
0.522351 0.573722
0.522538 0.631794
0.523785 0.877633
0.524469 0.496339
0.525236 0.876251
0.525412 0.200862
0.525732 0.372569
0.525759 0.408095
0.526350 0.909240
0.527626 0.361197
0.528375 0.552374
0.528678 0.556155
0.529442 0.206851
0.529590 0.646125
0.529696 0.609907
0.530722 0.521887
0.530872 0.472417
0.530928 0.546496
0.531510 0.436579
0.531638 0.600824
0.532593 0.808434
0.533853 0.338823
0.534352 0.411136
0.534900 0.556405
0.535643 0.682603
0.535958 0.410977
0.536965 0.416370
0.538038 0.638428
0.538414 0.493645
0.539698 0.544190
0.539739 0.247019
0.539866 0.731890
0.540723 0.309446
0.541415 0.717634
0.541690 0.291238
0.541755 0.417494
0.542006 0.475228
0.542059 0.379940
0.542800 0.000000
0.543017 0.462689
0.543310 0.528039
0.543538 0.652091
0.543969 0.451693
0.544438 0.756403
0.544462 0.637011
0.544673 0.173940
0.545291 0.496305
0.546194 0.521430
0.546335 0.457227
0.546448 0.524462
0.546708 0.396075
0.546720 0.734783
0.546908 0.573842
0.547377 0.519665
0.547504 0.775005
0.547753 0.376042
0.549067 0.538817
0.549275 0.778160
0.549421 0.649460
0.549447 0.638104
0.550486 0.103587
0.550778 0.336828
0.551979 0.573395
0.552359 0.681163
0.552379 0.570588
0.553086 0.791629
0.553370 0.527379
0.553571 0.388579
0.554494 0.421783
0.555242 0.521146
0.555450 0.464142
0.556072 0.614066
0.556949 0.199408
0.557327 0.349277
0.557475 0.370127
0.558630 0.588130
0.558953 0.303208
0.559062 0.685778
0.559538 0.553208
0.559642 0.408936
0.560024 0.430100
0.560183 0.498840
0.561172 0.695569
0.561866 0.621217
0.562584 0.763870
0.563036 0.565111
0.563614 0.625033
0.563715 0.183047
0.565660 0.545049
0.566573 0.428780
0.567330 0.379359
0.567584 0.816042
0.568323 0.735482
0.568586 0.708122
0.568659 0.466618
0.569287 0.369389
0.569583 0.524172
0.569686 0.570711
0.570032 0.576019
0.570463 0.365660
0.570824 0.462027
0.570940 0.542949
0.571234 0.579835
0.571764 0.653203
0.571829 0.718392
0.572223 0.668905
0.573454 0.570074
0.573999 0.842365
0.574572 0.629933
0.575143 0.695409
0.575219 0.537212
0.575672 0.815863
0.575828 0.417381
0.575852 0.606846
0.576974 0.571768
0.577688 0.367256
0.577955 0.312438
0.579326 0.287807
0.579747 0.561672
0.580133 0.484152
0.580302 0.549494
0.580516 0.411638
0.580792 0.663199
0.581279 0.545175
0.581677 0.783447
0.582120 0.507883
0.582242 0.313904
0.582977 0.505916
0.583106 0.712493
0.583584 0.622579
0.583935 0.480009
0.584397 0.568698
0.586125 0.278339
0.587129 0.486615
0.587242 0.528171
0.588417 0.211828
0.588811 0.533181
0.589014 0.694917
0.589356 0.942432
0.589371 0.657860
0.590286 0.655916
0.590913 0.528199
0.591114 0.420481
0.591940 0.502106
0.592310 0.498049
0.592700 0.661118
0.592900 0.459336
0.592937 0.706075
0.594877 0.921382
0.595248 0.652176
0.595373 0.348392
0.596056 0.776958
0.597241 0.481910
0.598337 0.376554
0.598486 0.883671
0.599359 0.226580
0.599665 0.537452
0.600065 0.446785
0.600221 0.636160
0.600718 0.855920
0.601365 0.713056
0.603793 0.518262
0.604444 0.724034
0.604641 0.566060
0.604655 0.864725
0.605448 0.235614
0.605884 0.499224
0.606427 0.395322
0.606847 0.434463
0.608351 0.327426
0.609821 0.520506
0.610267 0.683840
0.610368 0.883498
0.610725 0.822274
0.611227 0.220237
0.611777 0.490771
0.612256 0.451342
0.612809 0.648082
0.612814 0.346171
0.613725 0.467754
0.613963 0.471535
0.614169 0.671592
0.614275 0.689159
0.614580 0.894911
0.615149 0.623555
0.616445 0.366563
0.616812 0.611814
0.616893 0.627894
0.618750 0.563983
0.619196 0.475713
0.619337 0.719065
0.620106 0.667437
0.620661 0.979409
0.620698 0.471360
0.623032 0.406539
0.623096 0.480333
0.623255 0.405297
0.624079 0.555039
0.625705 0.561946
0.625978 0.546959
0.628539 0.619389
0.628541 0.614906
0.630180 0.675926
0.630949 0.324457
0.631189 0.590179
0.631254 0.615185
0.631407 0.193211
0.631664 0.440137
0.631858 0.525940
0.632316 0.411689
0.632545 0.492065
0.632996 0.791463
0.633154 0.605993
0.633577 0.808999
0.633933 0.632543
0.635491 0.864849
0.635767 0.474608
0.635948 0.607306
0.637657 0.608704
0.638161 0.526812
0.638567 0.474354
0.638757 0.750537
0.638940 0.584020
0.641906 0.867328
0.642497 0.477850
0.643126 0.507001
0.643150 0.683748
0.643699 0.444373
0.644550 0.609039
0.645247 0.714840
0.646365 0.666665
0.647121 0.667498
0.647512 0.527780
0.647891 0.542231
0.648135 0.437375
0.648976 0.228512
0.650113 0.451709
0.650153 0.386138
0.650206 0.667944
0.652259 0.456128
0.652685 0.494867
0.653206 0.403744
0.653500 0.451655
0.653584 0.474062
0.654709 0.488190
0.656310 0.819840
0.656562 0.567133
0.658806 0.526985
0.659393 0.775294
0.659576 0.498964
0.660772 0.646819
0.661019 0.358368
0.661158 0.634417
0.663710 0.353909
0.664043 0.450381
0.664263 0.276138
0.665227 0.579151
0.665970 0.514858
0.666016 0.309293
0.666074 0.745708
0.666461 0.325642
0.667253 0.546281
0.667326 0.427906
0.667816 0.645066
0.668169 0.269570
0.669183 0.349875
0.670430 0.618164
0.671659 0.364342
0.672423 0.449290
0.676262 0.766304
0.676795 0.467123
0.679072 0.503527
0.680451 0.342362
0.681606 0.355042
0.681769 0.079177
0.682092 0.654612
0.682446 0.611688
0.684721 0.626823
0.685140 0.346373
0.685784 0.365415
0.685991 0.872604
0.686883 0.452815
0.687776 0.629853
0.687877 0.652482
0.687937 0.574073
0.689314 0.475761
0.690295 0.303875
0.691963 0.474193
0.692029 0.848196
0.692700 0.576086
0.693863 0.787674
0.694262 0.558954
0.694861 0.498105
0.695385 0.639726
0.696018 0.331909
0.696551 0.655462
0.696848 0.562679
0.700466 0.738140
0.702327 0.501178
0.705568 0.644977
0.705877 0.493222
0.706815 0.668517
0.707562 0.568189
0.708081 0.339658
0.708209 0.800127
0.709643 0.392783
0.710228 0.645828
0.715174 0.640374
0.716027 0.715106
0.718902 0.576098
0.720763 0.746705
0.721498 0.514934
0.723645 0.652275
0.723748 0.548338
0.723919 0.455063
0.725156 0.616808
0.727164 0.425926
0.727350 0.759306
0.731561 0.681993
0.732241 0.522646
0.734038 0.465595
0.734234 0.686728
0.735520 0.472291
0.739051 0.442929
0.740362 0.793113
0.740739 0.789770
0.743240 0.551744
0.745184 0.932071
0.745294 0.802065
0.746227 0.865817
0.746595 0.526482
0.748904 0.560462
0.750667 0.590319
0.755816 0.441242
0.758131 0.746527
0.762792 0.423839
0.762835 0.528898
0.763206 0.616649
0.764203 0.656517
0.764293 0.429212
0.768014 0.317972
0.769320 0.715851
0.770271 0.640934
0.780696 0.616345
0.786457 0.583849
0.793985 0.695992
0.794522 0.769552
0.795061 0.179228
0.795984 0.574326
0.798865 0.365091
0.799177 0.641373
0.802102 0.455220
0.805012 0.463075
0.807885 0.321380
0.808555 0.601986
0.809389 0.603081
0.810588 0.755228
0.819794 0.414887
0.820136 0.826770
0.822545 0.726861
0.824193 0.785213
0.825161 0.630462
0.826371 0.669251
0.826866 0.530530
0.827564 0.336056
0.829613 0.667253
0.831835 0.312013
0.836853 0.706781
0.837463 0.363060
0.840794 0.717466
0.841942 0.763246
0.846697 0.853606
0.859004 0.668550
0.861693 0.578923
0.874995 0.475864
0.880056 0.559892
0.882353 0.221301
0.887140 0.559631
0.890953 0.463526
0.896866 0.858506
0.922702 0.677417
0.924949 0.466496
0.931232 0.134046
0.933952 0.514308
0.970791 0.640741
0.972750 0.788792
1.000000 0.490752
