0.000000 0.553969
0.022473 0.776454
0.031236 0.712469
0.097887 0.246883
0.106246 0.576158
0.110551 0.931526
0.123550 0.467646
0.132871 0.338660
0.135426 0.410970
0.137930 0.389089
0.140340 0.982083
0.143604 0.466755
0.148570 0.497993
0.152723 0.906243
0.154026 0.918587
0.158486 0.409356
0.173004 0.274907
0.198447 0.965160
0.208544 0.513404
0.208937 0.871771
0.221999 0.404924
0.246009 0.468598
0.250845 0.161760
0.270617 0.369028
0.273949 0.273754
0.274536 0.411767
0.274561 0.508198
0.284705 0.323293
0.298706 0.439886
0.298798 0.853840
0.299380 0.911628
0.302994 0.869500
0.304612 0.513833
0.313595 0.881657
0.324272 0.242965
0.328656 0.197223
0.330107 0.252523
0.332466 0.455046
0.333975 0.678070
0.343672 0.076470
0.349323 0.895928
0.349525 0.600369
0.357887 0.383175
0.364129 0.628418
0.378020 0.236421
0.380953 0.299832
0.389211 0.293749
0.395221 0.146082
0.396477 0.438597
0.400458 1.000000
0.402493 0.120718
0.407358 0.000000
0.412121 0.870552
0.436655 0.453147
0.444896 0.289271
0.445024 0.902265
0.448915 0.839353
0.458374 0.331105
0.462753 0.493269
0.473880 0.517511
0.482243 0.004848
0.502814 0.987091
0.547082 0.857149
0.564827 0.276046
0.567892 0.991568
0.587953 0.662991
0.663187 0.557277
0.674359 0.343953
0.715355 0.460173
0.770300 0.598877
0.830658 0.804086
0.834662 0.705672
0.863764 0.281444
1.000000 0.212436
