0.000000 0.599323
0.012544 0.693525
0.014313 0.624812
0.018044 0.664372
0.018354 0.944443
0.021576 0.807201
0.022899 0.575845
0.024542 0.572931
0.026927 0.633039
0.032200 0.909734
0.039253 0.669687
0.039938 0.807366
0.040743 0.902472
0.046343 0.692838
0.047745 0.615892
0.048855 0.821357
0.049118 0.888887
0.051505 0.690645
0.051761 0.859965
0.053872 0.929146
0.058667 0.735607
0.059179 0.703054
0.069141 0.577494
0.075438 0.843153
0.075666 0.915951
0.077841 0.738373
0.078150 0.843569
0.078773 0.578309
0.079900 0.587506
0.080865 0.930577
0.081853 0.746764
0.082712 0.615014
0.082712 0.853799
0.082795 0.925032
0.083810 0.686107
0.084133 0.597381
0.084677 0.773777
0.086501 0.773788
0.088728 0.796369
0.089572 0.845375
0.089648 0.908704
0.093680 0.580942
0.093960 0.676150
0.094472 0.614100
0.094760 0.839864
0.097601 0.898321
0.097967 0.589182
0.100378 0.603614
0.101021 0.909339
0.102836 0.721931
0.104050 0.834700
0.104360 0.810480
0.104396 0.559163
0.104591 0.738987
0.104664 0.559244
0.106203 0.532891
0.107354 0.967352
0.110405 0.543619
0.111908 0.680564
0.112810 0.731606
0.113281 0.721333
0.113329 0.652937
0.115158 0.716734
0.115352 0.740100
0.116000 0.580045
0.119791 0.803786
0.119919 0.602292
0.120954 0.683599
0.120982 0.811163
0.121128 0.789676
0.121999 0.970143
0.125020 0.856781
0.126437 0.753139
0.126507 0.906871
0.126771 0.908750
0.127424 0.765418
0.128225 0.653822
0.128997 0.874361
0.130970 0.766099
0.131313 0.810260
0.135092 0.727520
0.135822 0.816680
0.135914 0.662764
0.136177 0.818891
0.136199 0.650972
0.136894 0.612185
0.137770 0.957045
0.137816 0.655329
0.138318 0.733510
0.138371 0.978787
0.138436 0.974745
0.140959 0.578186
0.141168 0.756974
0.141522 0.597472
0.143825 0.621041
0.144162 0.728633
0.146186 0.641707
0.147582 0.768976
0.147960 0.675402
0.148201 0.697464
0.148369 0.737606
0.148825 0.657000
0.148971 0.760869
0.149307 0.735075
0.150627 0.767596
0.152530 0.660132
0.152845 0.628373
0.152925 0.526405
0.152961 0.610287
0.153365 0.899678
0.154296 0.803212
0.155291 0.832930
0.155764 0.621337
0.156378 0.733246
0.156604 0.758978
0.156853 0.778728
0.157714 0.740695
0.158173 0.904615
0.158584 0.832977
0.158873 0.897542
0.159370 0.567834
0.160516 0.901029
0.160616 1.000000
0.161592 0.632675
0.161782 0.718653
0.162613 0.991700
0.163260 0.919384
0.164483 0.699427
0.166070 0.590473
0.167273 0.744246
0.168573 0.656945
0.169066 0.674441
0.170349 0.844313
0.170553 0.718257
0.170782 0.908047
0.171203 0.751649
0.171638 0.483909
0.172525 0.933523
0.174026 0.555586
0.174984 0.864749
0.175207 0.844986
0.175590 0.774899
0.177283 0.857813
0.177406 0.960544
0.178978 0.878323
0.182004 0.790832
0.182014 0.794201
0.182819 0.900093
0.183365 0.729664
0.183477 0.684386
0.183577 0.766687
0.184518 0.661261
0.184542 0.865847
0.185004 0.819808
0.185014 0.707429
0.185337 0.692237
0.185729 0.798412
0.185972 0.584094
0.186360 0.905528
0.187562 0.855316
0.188387 0.673144
0.188772 0.843821
0.188826 0.921110
0.189144 0.849994
0.189624 0.691145
0.189735 0.703149
0.190337 0.539836
0.190464 0.896541
0.190628 0.592329
0.191515 0.870483
0.191565 0.564553
0.191866 0.900911
0.192446 0.610906
0.193463 0.633972
0.193678 0.533089
0.193906 0.769425
0.193993 0.881804
0.194319 0.543278
0.194467 0.772798
0.194512 0.546714
0.196164 0.629580
0.197486 0.691865
0.197937 0.633795
0.198221 0.694180
0.199913 0.739179
0.200757 0.576437
0.200841 0.618368
0.201232 0.727472
0.201404 0.728567
0.204436 0.564858
0.204490 0.609560
0.204636 0.745802
0.204927 0.917247
0.205603 0.643117
0.206003 0.549545
0.207534 0.839380
0.208970 0.829909
0.209474 0.846463
0.209495 0.724267
0.210037 0.976543
0.212154 0.823442
0.212613 0.914426
0.216419 0.802873
0.216753 0.754707
0.217213 0.678095
0.217309 0.865207
0.217310 0.901837
0.217659 0.632181
0.217795 0.540264
0.218978 0.712427
0.220539 0.706756
0.221665 0.788124
0.222287 0.775500
0.222931 0.777452
0.223718 0.586486
0.223984 0.537693
0.224305 0.682272
0.224792 0.544784
0.225751 0.561420
0.226613 0.705153
0.226778 0.686781
0.226880 0.928624
0.227099 0.743768
0.229062 0.689405
0.229316 0.957739
0.229437 0.743107
0.230127 0.684243
0.230227 0.474613
0.231902 0.617417
0.232110 0.515715
0.232550 0.866011
0.232919 0.541558
0.232988 0.912680
0.233691 0.589264
0.234231 0.718770
0.234304 0.562060
0.234604 0.651672
0.234632 0.599204
0.235410 0.680446
0.235461 0.716160
0.235832 0.545051
0.236659 0.791259
0.236833 0.839418
0.236947 0.434570
0.237266 0.659274
0.237344 0.490913
0.237464 0.797779
0.237586 0.694761
0.238816 0.594331
0.238913 0.938597
0.239603 0.731593
0.240418 0.626499
0.241482 0.567067
0.242475 0.551050
0.243101 0.556107
0.243333 0.690094
0.244106 0.488955
0.245425 0.408016
0.245437 0.822446
0.246881 0.736993
0.247118 0.927528
0.247178 0.519207
0.251056 0.721623
0.251639 0.466492
0.252071 0.689189
0.253666 0.664262
0.254289 0.594851
0.255059 0.870774
0.255376 0.646833
0.255775 0.487863
0.255843 0.511968
0.257091 0.861308
0.257102 0.470599
0.257156 0.683181
0.257354 0.711624
0.257843 0.624623
0.259356 0.874440
0.260344 0.834604
0.260806 0.607446
0.261474 0.761764
0.263834 0.731914
0.264581 0.781312
0.264665 0.525858
0.265079 0.479552
0.265359 0.417355
0.265621 0.673258
0.266906 0.991416
0.268681 0.612393
0.269382 0.826899
0.269808 0.910476
0.270452 0.466293
0.271014 0.623572
0.271188 0.818211
0.271638 0.592291
0.272692 0.724774
0.273053 0.476966
0.273272 0.746152
0.273736 0.926093
0.274173 0.458035
0.275003 0.645821
0.276050 0.726827
0.278362 0.530316
0.278748 0.605898
0.280234 0.762490
0.281193 0.756097
0.281498 0.599267
0.281792 0.735744
0.281954 0.881478
0.283072 0.707451
0.283511 0.789455
0.283756 0.886693
0.284010 0.902830
0.286629 0.484452
0.286651 0.738969
0.287358 0.626500
0.287597 0.812675
0.287990 0.589727
0.289072 0.588036
0.289984 0.687964
0.290798 0.785199
0.292016 0.578851
0.292410 0.825689
0.293138 0.376075
0.293432 0.593367
0.294383 0.712266
0.297320 0.666625
0.297659 0.716719
0.298175 0.541526
0.300010 0.456080
0.300719 0.706110
0.300748 0.579930
0.301675 0.521953
0.301920 0.732884
0.302322 0.444545
0.302958 0.721752
0.303024 0.588414
0.303032 0.544900
0.303691 0.634404
0.304403 0.531938
0.304953 0.660359
0.305213 0.808588
0.306477 0.595286
0.306553 0.624147
0.306607 0.704904
0.306758 0.611502
0.307155 0.843906
0.307172 0.516714
0.307322 0.567367
0.307551 0.659007
0.307662 0.448685
0.308500 0.746948
0.308828 0.512726
0.308974 0.516013
0.310299 0.787748
0.311554 0.628053
0.311569 0.927172
0.313319 0.934698
0.313412 0.681926
0.315745 0.811097
0.316106 0.752517
0.316531 0.619368
0.316611 0.411672
0.317749 0.542252
0.319731 0.747699
0.320241 0.636888
0.320339 0.943238
0.320586 0.556124
0.320895 0.865892
0.321605 0.532163
0.322086 0.837673
0.322697 0.935703
0.325580 0.647028
0.325980 0.703877
0.326960 0.425217
0.327687 0.667327
0.327776 0.761104
0.328163 0.644038
0.328181 0.682074
0.329455 0.587933
0.329688 0.742072
0.331011 0.556984
0.331046 0.554099
0.332186 0.874534
0.332800 0.723980
0.334762 0.618218
0.335351 0.599105
0.335656 0.414658
0.335868 0.424727
0.336306 0.688255
0.336771 0.637872
0.337137 0.905378
0.338252 0.625136
0.338734 0.925819
0.338956 0.781114
0.339556 0.820300
0.340492 0.682469
0.340539 0.702201
0.343613 0.557308
0.344791 0.519991
0.346232 0.476276
0.346460 0.661490
0.347674 0.476536
0.348000 0.355908
0.348319 0.484442
0.348688 0.823955
0.349398 0.395760
0.349760 0.769123
0.350125 0.508043
0.350502 0.728342
0.351447 0.669227
0.352253 0.679579
0.352637 0.426496
0.353752 0.727746
0.354192 0.768162
0.355039 0.528794
0.355183 0.808500
0.356240 0.580978
0.356360 0.820545
0.356540 0.769849
0.357838 0.755653
0.358331 0.925945
0.359689 0.667186
0.359961 0.688580
0.361233 0.458244
0.361472 0.683341
0.361959 0.822093
0.362245 0.694276
0.362277 0.740967
0.362910 0.482213
0.363584 0.719758
0.364042 0.622485
0.364559 0.684752
0.365157 0.696278
0.365340 0.522928
0.365563 0.886254
0.366855 0.350765
0.367255 0.558964
0.368465 0.598507
0.368595 0.649564
0.369548 0.871196
0.371151 0.782978
0.371321 0.377546
0.371429 0.604040
0.371618 0.667609
0.372469 0.576515
0.372490 0.612682
0.373590 0.475314
0.374822 0.623908
0.377354 0.559492
0.380341 0.658809
0.380537 0.730053
0.381910 0.755687
0.382145 0.653483
0.382190 0.482412
0.382323 0.405925
0.382360 0.714060
0.382710 0.613001
0.383054 0.808932
0.383131 0.637814
0.383418 0.472126
0.385253 0.340733
0.385712 0.554534
0.388501 0.608873
0.388680 0.406513
0.388930 0.800092
0.393478 0.430522
0.395052 0.533291
0.395215 0.417252
0.396590 0.552874
0.397365 0.533441
0.400122 0.698301
0.400782 0.504268
0.400910 0.458951
0.403332 0.446865
0.403543 0.432798
0.403960 0.682231
0.404929 0.431950
0.405475 0.590601
0.410532 0.398631
0.412022 0.848925
0.412170 0.419510
0.414673 0.709971
0.414779 0.311488
0.416209 0.754193
0.416996 0.622345
0.417196 0.684957
0.417997 0.480876
0.418506 0.800150
0.418697 0.433729
0.420164 0.749690
0.420642 0.565423
0.421012 0.498456
0.422363 0.764160
0.422475 0.456452
0.423830 0.586244
0.424643 0.547214
0.425014 0.457544
0.425651 0.678322
0.426583 0.720883
0.426656 0.665324
0.426859 0.487287
0.430200 0.608082
0.430834 0.591865
0.431291 0.851151
0.432145 0.769983
0.432705 0.739046
0.433127 0.540911
0.433637 0.539784
0.434125 0.917116
0.434330 0.535868
0.434737 0.949589
0.436165 0.606707
0.438122 0.680629
0.438784 0.525481
0.438819 0.723480
0.439458 0.776661
0.440005 0.545478
0.440384 0.437576
0.440916 0.538482
0.441515 0.613425
0.442420 0.924154
0.442883 0.772031
0.443072 0.775771
0.443148 0.612046
0.443639 0.870774
0.443872 0.469372
0.445960 0.634482
0.446445 0.630238
0.446671 0.517554
0.449467 0.888331
0.452466 0.755335
0.453676 0.983536
0.454939 0.604296
0.455306 0.940216
0.455644 0.335619
0.456299 0.713492
0.457064 0.529583
0.458037 0.434658
0.461982 0.542699
0.463393 0.727731
0.463623 0.769983
0.465516 0.786251
0.465599 0.261342
0.466062 0.842974
0.466529 0.527809
0.468168 0.741377
0.468334 0.542570
0.469987 0.453184
0.470567 0.761535
0.470795 0.634168
0.471198 0.503918
0.472486 0.825843
0.472688 0.586928
0.474137 0.567485
0.474432 0.436672
0.474781 0.306067
0.476724 0.694995
0.477609 0.605912
0.478064 0.702729
0.478662 0.536006
0.478931 0.420772
0.479099 0.784070
0.481947 0.653022
0.482919 0.521789
0.484627 0.766244
0.486127 0.833324
0.486608 0.459784
0.486609 0.604631
0.487111 0.846566
0.488062 0.271934
0.488870 0.774468
0.489908 0.707329
0.490568 0.400953
0.490812 0.588574
0.491263 0.584661
0.491589 0.481016
0.491594 0.590352
0.492498 0.670430
0.495364 0.287456
0.497466 0.862313
0.497755 0.538868
0.503535 0.721648
0.505520 0.617875
0.510312 0.605189
0.510984 0.407003
0.514452 0.710370
0.514474 0.509622
0.515547 0.431755
0.516995 0.857910
0.518028 0.224660
0.518692 0.367199
0.520408 0.681002
0.520720 0.846836
0.521626 0.781250
0.524248 0.796473
0.525259 0.587820
0.526487 0.711703
0.527121 0.690609
0.528673 0.672074
0.531895 0.454584
0.536712 0.462509
0.538775 0.560384
0.543295 0.540564
0.543575 0.521807
0.547082 0.905412
0.547738 0.798586
0.547985 0.644021
0.548009 0.586142
0.548207 0.515126
0.550266 0.774078
0.552014 0.301437
0.553397 0.508823
0.553469 0.800720
0.554898 0.660991
0.555573 0.359914
0.555703 0.449715
0.558430 0.450975
0.558441 0.273978
0.559654 0.833230
0.564781 0.352624
0.567004 0.403767
0.569825 0.808320
0.570010 0.688411
0.571742 0.810947
0.572919 0.584250
0.574358 0.966235
0.575764 0.729847
0.579227 0.529724
0.581277 0.546446
0.582140 0.721983
0.584874 0.672738
0.587534 0.648696
0.589717 0.730302
0.590662 0.539885
0.591183 0.461150
0.593372 0.065715
0.595672 0.055192
0.600149 0.646908
0.603469 0.403878
0.604031 0.761450
0.606628 0.129238
0.606891 0.677235
0.608412 0.417378
0.613015 0.616653
0.613990 0.561142
0.614097 0.599709
0.614910 0.327687
0.616651 0.794676
0.619163 0.319891
0.619621 0.541875
0.620292 0.732531
0.621703 0.707849
0.622638 0.389465
0.628462 0.611448
0.631420 0.247229
0.635339 0.677085
0.638484 0.390317
0.641349 0.727805
0.641398 0.378393
0.644745 0.277086
0.648461 0.693176
0.654322 0.417677
0.654423 0.413947
0.657661 0.405288
0.658590 0.703512
0.660073 0.481893
0.665693 0.805244
0.671779 0.738303
0.672060 0.391468
0.672979 0.557660
0.677526 0.444859
0.687615 0.414668
0.690372 0.381067
0.691326 0.669076
0.695231 0.059299
0.696793 0.628062
0.739891 0.621957
0.744705 0.366680
0.753061 0.877762
0.753998 0.633221
0.783021 0.454482
0.802713 0.964949
0.819303 0.931073
0.820890 0.686774
0.827308 0.581471
0.846267 0.000000
0.877819 0.523417
0.879768 0.527134
0.894668 0.232641
0.905206 0.444945
1.000000 0.629184
