0.000000 0.485832
0.005871 0.295632
0.009713 0.891681
0.014004 0.448741
0.015484 0.888377
0.026937 0.745128
0.027221 0.941209
0.029482 0.362234
0.032596 0.313943
0.035814 0.732387
0.036678 0.532620
0.039980 0.860532
0.042889 0.769057
0.043309 0.719770
0.052968 0.416846
0.054518 0.596390
0.055056 0.485536
0.056235 0.585089
0.056449 0.525787
0.057026 0.732580
0.057558 0.875668
0.060779 0.658828
0.062455 0.386734
0.065003 0.861057
0.065953 0.766268
0.069506 0.738771
0.070310 0.535563
0.070378 0.411065
0.070555 0.399711
0.072704 0.576019
0.072798 0.683579
0.072891 0.419390
0.074939 0.268101
0.075814 0.815857
0.076400 0.500181
0.077717 0.551926
0.077836 0.370071
0.079112 0.461943
0.079805 0.609553
0.079882 0.891196
0.081125 0.579401
0.081897 0.917973
0.081993 0.526936
0.082122 0.533046
0.083683 0.447977
0.083934 0.697586
0.085981 0.476731
0.086569 0.611362
0.086646 0.754172
0.087331 0.861114
0.088329 0.286372
0.088630 0.390769
0.088773 0.713386
0.089398 0.700028
0.090035 0.776310
0.090179 0.340334
0.090386 0.651060
0.090645 0.397673
0.090778 0.402646
0.091499 0.773939
0.091543 0.476627
0.092427 0.607810
0.093440 0.251151
0.094432 0.324029
0.094638 0.715770
0.095196 0.557723
0.095420 0.887937
0.095722 0.413115
0.095863 0.317224
0.097164 0.560283
0.098727 0.860828
0.100417 0.904380
0.101351 0.724867
0.102150 0.383259
0.102253 0.516498
0.103056 0.328438
0.103512 0.920429
0.104537 0.816329
0.105715 0.861879
0.106170 0.456383
0.107205 0.399631
0.107267 0.477300
0.108980 0.517947
0.108990 0.564326
0.109186 0.583969
0.109489 0.748822
0.110446 0.447423
0.110669 0.680637
0.112187 0.573486
0.113665 0.440883
0.113717 0.305647
0.113998 0.510983
0.114337 0.434565
0.114877 0.486283
0.115339 0.433934
0.115825 0.680932
0.116003 0.499668
0.116117 0.876034
0.116261 0.454289
0.116889 0.734564
0.117786 0.324009
0.118105 0.375659
0.119471 0.350057
0.119792 0.618249
0.120082 0.360928
0.121214 0.833313
0.122796 0.870305
0.122891 0.300136
0.123070 0.541747
0.123487 0.873406
0.124526 0.780508
0.125186 0.811715
0.126246 0.441963
0.126478 0.486249
0.126765 0.451309
0.126879 0.654009
0.127358 0.265487
0.127859 0.904032
0.127897 0.663182
0.127945 0.802098
0.127968 0.529277
0.128166 0.543065
0.128780 0.268239
0.129767 0.372539
0.130109 0.599773
0.130450 0.317453
0.131581 0.294213
0.132015 0.716362
0.132090 0.828501
0.132193 0.786588
0.132933 0.835950
0.133722 0.813277
0.133852 0.503524
0.136355 0.717804
0.136709 0.636970
0.137258 0.850063
0.137495 0.401108
0.138889 0.896427
0.139508 0.646458
0.139623 0.838231
0.139689 0.720367
0.140012 0.616834
0.141693 0.646179
0.142109 0.706324
0.142175 0.753616
0.143067 0.752241
0.143393 0.386921
0.143577 0.449907
0.144256 0.787820
0.144396 0.283086
0.144656 0.708552
0.144914 0.826727
0.145328 0.855299
0.145362 0.562159
0.145478 0.750083
0.145536 0.535899
0.145689 0.523301
0.145721 0.905473
0.145845 0.897449
0.146211 0.745885
0.146460 0.420611
0.147078 0.443747
0.147522 0.840212
0.148091 0.259936
0.148225 0.341246
0.148526 0.905588
0.149326 0.870578
0.149799 0.634730
0.149916 0.633912
0.149919 0.562710
0.150044 0.779442
0.150353 0.351599
0.150461 0.744919
0.150991 0.425665
0.151940 0.392811
0.152477 0.731968
0.152553 0.807006
0.152635 0.521051
0.153542 0.573034
0.153950 0.472236
0.154326 0.343380
0.154470 0.773693
0.154494 0.659118
0.154608 0.933481
0.154809 0.752637
0.155316 0.618148
0.155537 0.589579
0.155705 0.751031
0.156638 0.396416
0.156871 0.812738
0.156974 0.456762
0.157158 0.799428
0.157391 0.659752
0.157701 0.559915
0.157724 0.712818
0.158059 0.875601
0.158385 0.849044
0.159103 0.590994
0.160752 0.553547
0.160849 0.456770
0.161620 0.798056
0.161729 0.969146
0.161803 0.424405
0.163554 0.557918
0.163678 0.548391
0.163874 0.460445
0.164253 0.352242
0.165235 0.264428
0.165442 0.851465
0.165581 0.737376
0.166082 0.722846
0.166819 0.378887
0.167265 0.642580
0.167270 0.569219
0.167962 0.514830
0.169178 0.611869
0.169663 0.808834
0.169872 0.257177
0.171046 0.539207
0.171756 0.447727
0.172535 0.469264
0.174094 0.570158
0.175364 0.602995
0.177566 0.383092
0.177950 0.805921
0.178210 0.642437
0.179423 0.847711
0.179848 0.509398
0.180431 0.392170
0.180626 0.957903
0.180891 0.340192
0.180997 0.456730
0.181395 0.325509
0.181456 0.512171
0.182391 0.589059
0.183993 0.645003
0.184244 0.358607
0.184614 0.232720
0.184728 0.617928
0.184763 0.356084
0.185519 0.683246
0.185610 0.618209
0.185974 0.773375
0.186764 0.581143
0.186815 0.246838
0.186891 0.645406
0.186959 0.605185
0.187455 0.864911
0.188561 0.379966
0.188595 0.471113
0.189222 0.577668
0.189636 0.381002
0.190426 0.325208
0.190586 0.533785
0.190593 0.817912
0.192165 0.292269
0.193315 0.340543
0.193889 0.723484
0.194221 0.412742
0.194456 0.707629
0.195024 0.483398
0.195886 0.672264
0.196741 0.817864
0.197499 0.638187
0.197777 0.445697
0.198052 0.288832
0.199072 0.716159
0.199089 0.937246
0.199180 0.723636
0.199661 0.284543
0.200570 0.813402
0.200817 0.336547
0.201013 0.238158
0.201071 0.750502
0.201948 0.333468
0.202729 0.457875
0.203466 0.470156
0.203772 0.742091
0.203993 0.260656
0.204296 0.656118
0.204369 0.548547
0.204970 0.370268
0.205321 0.955686
0.205340 0.706194
0.206124 0.567922
0.207354 0.421404
0.207827 0.550582
0.208165 0.452342
0.208473 0.833906
0.208899 0.721765
0.209120 0.743898
0.209271 0.536156
0.209465 0.333610
0.210169 0.558682
0.210181 0.564041
0.210482 0.743522
0.211315 0.800481
0.211996 0.810076
0.212084 0.521884
0.212198 0.641744
0.212219 0.738994
0.212610 0.564266
0.212979 0.677968
0.213810 0.863181
0.213882 0.744783
0.214045 0.521708
0.215224 0.717444
0.215375 0.522183
0.215638 0.410362
0.215788 0.344381
0.215828 0.635645
0.215844 0.308520
0.218184 0.800848
0.219817 0.419324
0.219977 0.595526
0.221257 0.386812
0.221289 0.257111
0.221767 0.389896
0.221788 0.712299
0.221917 0.306803
0.222192 0.350462
0.222284 0.376485
0.222737 0.309284
0.222803 0.815137
0.222898 0.813104
0.223661 0.817757
0.224536 0.795799
0.224651 0.709510
0.224811 0.169610
0.225485 0.381210
0.227627 0.365846
0.228140 0.331268
0.228190 0.892489
0.229327 0.261313
0.229923 0.777574
0.230847 0.340659
0.231260 0.385725
0.231291 0.409849
0.233022 0.586599
0.233399 0.698785
0.234505 0.765292
0.234690 0.477821
0.235122 0.612653
0.235345 0.767783
0.235536 0.393880
0.235876 0.716145
0.236245 0.439133
0.236979 0.349233
0.237068 0.339175
0.238319 0.355780
0.238831 0.805354
0.240100 0.538180
0.240134 0.548791
0.240420 0.637650
0.240901 0.492207
0.241076 0.845062
0.241628 0.761529
0.241674 0.484055
0.242223 0.614342
0.242483 0.491792
0.243380 0.236547
0.244245 0.610943
0.244378 0.186992
0.244442 0.779092
0.245019 0.370098
0.245385 0.863488
0.246462 0.509193
0.246855 0.625316
0.247705 0.500338
0.248052 0.443954
0.249080 0.407732
0.249213 0.172024
0.251200 0.472862
0.251543 0.628961
0.251877 0.498855
0.252481 0.242926
0.254008 0.755974
0.254889 0.819730
0.255203 0.695419
0.255986 0.832668
0.256092 0.225480
0.256386 0.556958
0.256650 0.536690
0.256865 0.655287
0.256983 0.518370
0.257450 0.435217
0.258502 0.478017
0.258912 0.815798
0.258980 0.340146
0.259751 0.491900
0.259776 0.235023
0.260155 0.573970
0.260313 0.631950
0.260585 0.665247
0.261244 0.205460
0.261380 0.275778
0.261396 0.911136
0.263107 0.458751
0.264009 0.659553
0.264732 0.505599
0.265282 0.543689
0.266227 0.831271
0.266985 0.601281
0.268365 0.344926
0.268932 0.339303
0.269229 0.133097
0.269366 0.570462
0.269482 0.175844
0.270172 0.885248
0.270718 0.666052
0.270850 0.813572
0.270919 0.626382
0.271282 0.545057
0.271743 0.692318
0.272016 0.678534
0.272214 0.724037
0.272737 0.490301
0.273096 0.786603
0.273894 0.840062
0.273902 0.694159
0.274814 0.544788
0.275635 0.384967
0.275825 0.429683
0.276231 0.614896
0.276698 0.535241
0.276804 0.766721
0.276824 0.678596
0.276939 0.883780
0.277936 0.730804
0.278297 0.383867
0.278322 0.406174
0.278867 0.290251
0.279550 0.288090
0.280609 0.243782
0.280966 0.699591
0.281232 0.353412
0.281832 0.330045
0.281859 0.881545
0.281954 0.836844
0.282078 0.457843
0.282104 0.714594
0.282374 0.824696
0.282414 0.439592
0.282468 0.480475
0.282511 0.520252
0.282675 0.780211
0.283006 0.728478
0.283446 0.288071
0.283490 0.640924
0.283594 0.299498
0.283872 0.920352
0.284009 0.464992
0.284069 0.955442
0.284518 0.306066
0.284838 0.408782
0.285957 0.352125
0.286190 0.659522
0.286870 0.806874
0.287042 0.460409
0.287533 0.173143
0.288138 0.689611
0.288322 0.229304
0.288649 0.688778
0.288792 0.576951
0.289439 0.961548
0.289800 0.885527
0.290817 0.199846
0.290958 0.189620
0.291559 0.754815
0.292858 0.652877
0.293764 0.381277
0.294377 0.306217
0.294864 0.535845
0.295937 0.307575
0.296076 0.640076
0.296275 0.751060
0.296666 0.599631
0.297349 0.313527
0.297733 0.315733
0.297921 0.402089
0.298199 0.213074
0.298811 0.375740
0.299091 0.364422
0.299279 0.838031
0.300275 0.331758
0.301483 0.629471
0.301552 0.267948
0.301775 0.646216
0.301899 0.401928
0.302068 0.917150
0.302813 0.299162
0.303046 0.498748
0.304176 0.427459
0.304375 0.351333
0.304496 0.634007
0.305219 0.721844
0.305799 0.374335
0.305903 0.596069
0.306427 0.881355
0.307737 0.775244
0.308109 0.704841
0.308191 0.567678
0.308284 0.357603
0.308447 0.903808
0.308572 0.897867
0.309351 0.736976
0.310924 0.483157
0.311112 0.498248
0.311443 0.278618
0.313019 0.630501
0.314964 0.234710
0.315273 0.541212
0.315327 0.521878
0.316029 0.235730
0.317429 0.570501
0.317474 0.311818
0.318220 0.469672
0.318606 0.545844
0.320353 0.424294
0.320457 0.179277
0.320739 0.320251
0.320877 0.594170
0.320896 0.558143
0.322400 0.812523
0.323172 0.608043
0.323260 0.943269
0.324750 0.745337
0.325074 0.487714
0.325108 0.640903
0.325329 0.469018
0.325582 0.524794
0.326227 0.182628
0.326696 0.891618
0.326781 0.412357
0.326831 0.620789
0.327810 0.751482
0.327933 0.227622
0.327973 0.416571
0.328715 0.309999
0.328906 0.641223
0.330778 0.284326
0.331532 0.301248
0.332510 0.526583
0.332536 0.683452
0.332976 0.401154
0.334326 0.831518
0.334368 0.314476
0.334736 0.450090
0.335160 0.554990
0.336164 0.375882
0.337099 0.720892
0.337225 0.581973
0.337848 0.824447
0.338402 0.340795
0.339239 0.266184
0.339769 0.699501
0.341117 0.144317
0.341818 0.711846
0.342098 0.585268
0.342711 0.642008
0.343328 0.448841
0.343351 0.514441
0.343918 0.539366
0.344652 0.674369
0.345370 0.609124
0.345830 0.663542
0.346929 0.633606
0.347326 0.533526
0.347624 0.908189
0.347685 0.439981
0.347743 0.224829
0.347787 0.317304
0.348079 0.762640
0.348746 0.637775
0.348922 0.573703
0.348948 0.830119
0.349389 0.832301
0.349407 0.682833
0.350160 0.711627
0.350757 0.671212
0.351163 0.396368
0.352030 0.402745
0.352278 0.666798
0.352706 0.446730
0.352956 0.522463
0.354926 0.441212
0.355365 0.403943
0.355544 0.840464
0.355798 0.793580
0.356573 0.514601
0.356639 0.625072
0.356721 0.530147
0.357071 0.564341
0.357586 0.660798
0.358361 0.446767
0.359558 0.406937
0.360207 0.406128
0.361208 0.405524
0.361431 0.294009
0.362176 0.307809
0.362360 0.401631
0.364242 0.235736
0.364727 0.689049
0.365264 0.716497
0.365716 0.387790
0.366275 0.405490
0.366324 0.569008
0.366944 0.281774
0.368190 0.746483
0.368236 0.514502
0.369377 0.462034
0.369430 0.700570
0.369597 0.276850
0.370298 0.362894
0.370704 0.708149
0.372707 0.263116
0.373087 0.305858
0.373740 0.800218
0.374198 0.600830
0.375255 0.477072
0.375663 0.360256
0.375759 0.723149
0.375767 0.558745
0.377281 0.451394
0.377432 0.855799
0.377644 0.583049
0.378230 0.391869
0.378958 0.769817
0.379271 0.725315
0.379658 0.939144
0.380485 0.830148
0.382516 0.395427
0.383483 0.363888
0.384281 0.357351
0.384643 0.436991
0.384906 0.730285
0.384988 0.445997
0.385309 0.416114
0.386881 0.270565
0.387164 0.312098
0.389151 0.461396
0.389437 0.177994
0.389582 0.594341
0.391523 0.660912
0.391599 0.712579
0.391817 0.359134
0.393802 0.781339
0.394066 0.476671
0.394220 0.770000
0.396340 0.748049
0.396342 0.747770
0.397888 0.686498
0.398701 0.774488
0.398952 0.369679
0.399071 0.778179
0.399178 0.523641
0.399821 0.320512
0.400105 0.358414
0.400478 0.522731
0.401575 0.277944
0.401622 0.863601
0.402190 0.894543
0.402487 0.383199
0.402528 0.543172
0.403273 0.303150
0.404004 0.253834
0.404182 0.771594
0.407588 0.372848
0.408440 0.242320
0.409487 0.596622
0.409942 0.617281
0.412223 0.540891
0.412509 0.615469
0.412900 0.678038
0.413208 0.869838
0.413216 0.800803
0.415610 0.734340
0.415863 0.719042
0.417711 0.475132
0.418096 0.335664
0.418655 0.320930
0.418698 0.293842
0.419352 0.603980
0.419373 0.261675
0.419625 0.590193
0.420612 0.653660
0.420682 0.764154
0.421477 0.268999
0.421553 0.683418
0.421866 0.680706
0.422966 0.594692
0.425623 0.728021
0.426233 0.688604
0.427923 0.427896
0.428174 0.150188
0.429218 0.712743
0.429234 0.118893
0.430043 0.501886
0.430856 0.265963
0.431558 0.706268
0.432508 0.282349
0.432545 0.150702
0.432723 0.411094
0.433834 0.502559
0.433920 0.828108
0.434053 0.162353
0.435453 0.577543
0.435818 0.179978
0.436802 0.767709
0.437411 0.245634
0.437743 0.607920
0.438366 0.103290
0.438612 0.845283
0.439239 0.371327
0.439593 0.358601
0.439811 0.194097
0.440067 0.203092
0.441692 0.336785
0.441887 0.913169
0.442834 0.512910
0.443526 0.312560
0.444046 0.522066
0.445493 0.393949
0.446699 0.727761
0.448042 0.514366
0.448240 0.577004
0.449999 0.440857
0.450074 0.565154
0.454448 0.675932
0.455871 0.276422
0.456074 0.236838
0.456102 0.236776
0.456227 0.238532
0.456648 0.281018
0.456720 0.513811
0.457872 0.707425
0.458058 0.529006
0.461616 0.523217
0.463823 0.625808
0.464893 0.498598
0.465246 0.514890
0.467592 0.762356
0.468093 0.837911
0.469054 0.160037
0.469532 0.295562
0.470985 0.844613
0.473527 0.557500
0.473623 0.554281
0.473793 0.322360
0.474050 0.437902
0.476040 0.295159
0.478681 0.497359
0.478747 0.767423
0.480479 0.598414
0.481007 0.556334
0.484524 0.235033
0.484825 0.536028
0.484916 0.501117
0.485260 0.316945
0.486318 0.552854
0.486877 0.377738
0.488389 0.670004
0.488494 0.528562
0.489016 0.800404
0.489181 0.422085
0.490650 0.286514
0.491001 0.464562
0.492824 0.661773
0.492975 0.765752
0.493273 0.759186
0.493365 0.700502
0.493369 0.552019
0.494067 0.538360
0.494793 0.247026
0.495476 0.482785
0.498235 0.791446
0.499910 0.654131
0.500570 0.786920
0.508670 0.541792
0.508767 0.684276
0.509693 0.441267
0.510680 0.512340
0.516110 0.544589
0.517368 0.630937
0.517462 0.447324
0.523118 0.844958
0.523469 0.477994
0.524817 0.325406
0.532910 0.733588
0.533743 0.340739
0.535772 0.250347
0.537117 0.662152
0.539531 0.550013
0.542069 0.366553
0.542964 0.417997
0.543339 0.753400
0.545583 0.304021
0.547768 0.450256
0.548805 0.509819
0.548898 0.729848
0.549497 0.498219
0.549727 1.000000
0.553674 0.870905
0.554040 0.397302
0.555321 0.063499
0.555574 0.396315
0.556061 0.581635
0.558114 0.426875
0.559028 0.398851
0.562698 0.476796
0.576111 0.567641
0.576175 0.253304
0.580166 0.645170
0.583426 0.511844
0.594974 0.677266
0.607381 0.251953
0.614185 0.819147
0.615577 0.449517
0.618905 0.608182
0.631118 0.451657
0.633006 0.077035
0.638016 0.950019
0.639362 0.459734
0.645463 0.000000
0.660919 0.785452
0.663351 0.441470
0.667252 0.383304
0.669441 0.566132
0.673315 0.657602
0.676100 0.422797
0.692212 0.184576
0.693541 0.364949
0.701631 0.740243
0.703643 0.180668
0.730703 0.449166
0.732354 0.597262
0.739072 0.429383
0.755959 0.239571
0.756486 0.047285
0.778778 0.032462
0.949414 0.249348
1.000000 0.196824
