0.000000 0.445640
0.001408 0.734058
0.004291 0.654894
0.008261 0.867219
0.008925 0.454444
0.010936 0.544522
0.013707 0.820298
0.015218 0.563062
0.017187 0.596347
0.022358 0.836639
0.022527 0.491752
0.026940 0.834415
0.027196 0.688949
0.028235 0.759865
0.029777 0.686330
0.030142 0.424071
0.031029 0.717681
0.031812 0.728866
0.032037 0.643162
0.032566 0.358152
0.036754 0.785198
0.038788 0.607635
0.040743 0.498727
0.041016 0.885322
0.046953 0.496397
0.047246 0.492888
0.050009 0.690361
0.050189 0.360263
0.050240 0.538833
0.051448 0.343996
0.052370 0.805727
0.053121 0.524866
0.053585 0.871898
0.053622 0.377170
0.053839 0.736132
0.053969 0.411162
0.054567 0.712570
0.054705 0.631336
0.056339 0.824961
0.058811 0.570751
0.059416 0.465502
0.059483 0.475805
0.060652 0.752492
0.061175 0.825336
0.061943 0.527427
0.063270 0.687813
0.064952 0.502454
0.065680 0.370969
0.067081 0.486977
0.067257 0.551303
0.067861 0.643552
0.069124 0.461304
0.069329 0.608354
0.069349 0.611226
0.069634 0.564692
0.069814 0.669642
0.071838 0.531690
0.072214 0.717165
0.072334 0.607524
0.073248 0.787632
0.073790 0.758353
0.075438 0.362476
0.075447 0.483792
0.075571 0.739412
0.075598 0.415690
0.077209 0.501551
0.077270 0.438744
0.077424 0.335082
0.080501 0.315282
0.081492 0.844207
0.083068 0.574064
0.083324 0.599842
0.084531 0.892940
0.084556 0.734339
0.084951 0.891205
0.085003 0.640564
0.085142 0.882519
0.086089 0.363878
0.087936 0.358956
0.088450 0.748748
0.088558 0.706416
0.088644 0.907840
0.089259 0.752143
0.089812 0.491537
0.089880 0.815463
0.090611 0.603449
0.090834 0.418230
0.091388 0.600322
0.092191 0.396658
0.093068 0.337508
0.093478 0.710239
0.093625 0.594866
0.094650 0.909046
0.094846 0.652956
0.094986 0.328943
0.094986 0.715672
0.096073 0.350359
0.096324 0.461438
0.096343 0.827897
0.096698 0.624051
0.097096 0.629218
0.097214 0.744287
0.097952 0.637354
0.099308 0.366265
0.099464 0.366461
0.100051 0.842940
0.100074 0.669661
0.100078 0.317781
0.100545 0.856125
0.100718 0.573965
0.100723 0.627978
0.101468 0.842650
0.102135 0.426391
0.102912 0.404475
0.103693 0.619481
0.108466 0.471650
0.108824 0.363474
0.109042 0.353420
0.109182 0.518009
0.109264 0.809614
0.109584 0.753772
0.109655 0.506307
0.109807 0.406163
0.110127 0.675966
0.110717 0.768268
0.111189 0.509321
0.111366 0.771202
0.111575 0.469188
0.112287 0.689903
0.112851 0.879029
0.114469 0.503475
0.115762 0.517099
0.116282 0.457037
0.116518 0.772411
0.118047 0.588375
0.118848 0.809319
0.119429 0.739246
0.121426 0.563520
0.121643 0.858635
0.121783 0.507238
0.122220 0.352038
0.123549 0.626969
0.124069 0.292308
0.124727 0.856131
0.125215 0.575934
0.125588 0.725904
0.127291 0.849367
0.127610 0.624703
0.127741 0.854167
0.128746 0.839972
0.128800 0.887956
0.129190 0.868760
0.129436 0.423416
0.129613 0.918901
0.129621 0.620599
0.129717 0.699133
0.131183 0.458400
0.131184 0.344646
0.132097 0.367709
0.132515 0.860808
0.132613 0.773010
0.132623 0.328765
0.133178 0.414692
0.133869 0.943752
0.135332 0.842196
0.135768 0.604378
0.135782 0.531605
0.136658 0.732050
0.138009 0.368292
0.139118 0.654348
0.139133 0.493410
0.139513 0.685439
0.139834 0.553238
0.140017 0.694071
0.140060 0.504704
0.140120 0.739943
0.140699 0.433497
0.140838 0.299124
0.141087 0.626107
0.142018 0.589680
0.142458 0.311539
0.142977 0.674971
0.143019 0.590012
0.143434 0.309182
0.143810 0.421743
0.143919 0.461587
0.144013 0.581001
0.144072 0.820300
0.145045 0.801519
0.145200 0.336043
0.146328 0.548998
0.147058 0.834506
0.147776 0.733026
0.147853 0.581920
0.148088 0.820893
0.148584 0.727070
0.148634 0.896824
0.149801 0.904884
0.149880 0.567155
0.151720 0.526122
0.151955 0.395728
0.152146 0.375855
0.152173 0.573765
0.152643 0.540546
0.152674 0.482087
0.153990 0.764997
0.154167 0.557613
0.154541 0.788753
0.155251 0.409533
0.155715 0.346732
0.156816 0.764001
0.157586 0.580824
0.157947 0.708373
0.158690 0.600653
0.159195 0.338170
0.159758 0.706428
0.160238 0.606177
0.160359 0.532609
0.160640 0.845179
0.160771 0.452519
0.162151 0.362823
0.162472 0.798834
0.162887 0.416309
0.164022 0.733524
0.164091 0.701939
0.164111 0.766590
0.166833 0.615878
0.167331 0.574794
0.168086 0.480464
0.168236 0.538207
0.168244 0.414571
0.168396 0.406615
0.168600 0.615308
0.168656 0.422593
0.168689 0.373989
0.169209 0.276449
0.170445 0.391780
0.170472 0.738450
0.170595 0.554770
0.172042 0.586965
0.172216 0.350891
0.172686 0.390996
0.172940 0.485290
0.173134 0.774955
0.176125 0.844325
0.176390 0.695076
0.176659 0.382137
0.176922 0.593062
0.177190 0.557541
0.177809 0.691685
0.177980 0.557330
0.178526 0.655765
0.179423 0.371822
0.180372 0.361404
0.180557 0.442436
0.180914 0.640977
0.181571 0.765298
0.181658 0.315118
0.182387 0.547117
0.182532 0.534641
0.182669 0.372478
0.182706 0.516848
0.183322 0.688537
0.183444 0.835963
0.183503 0.369036
0.183782 0.482963
0.184485 0.685378
0.184700 0.564170
0.185105 0.584691
0.185207 0.271202
0.186054 0.263512
0.186140 0.608816
0.186374 0.682741
0.187343 0.348782
0.187534 0.441350
0.188412 0.836465
0.188433 0.757271
0.189061 0.398095
0.189453 0.869350
0.189653 0.619320
0.191010 0.457122
0.191728 0.647584
0.191746 0.785017
0.192055 0.901974
0.192201 0.462746
0.193333 0.780915
0.193913 0.630232
0.194351 0.451261
0.194511 0.746612
0.195515 0.628165
0.195801 0.559366
0.196069 0.717728
0.196322 0.331598
0.198357 0.416085
0.198692 0.921174
0.199369 0.617557
0.199792 0.802248
0.200117 0.344591
0.200574 0.418386
0.201087 0.893464
0.202664 0.413487
0.202780 0.498765
0.203505 0.963515
0.203637 0.404660
0.203642 0.637356
0.204037 0.760754
0.204342 0.848727
0.204438 0.681176
0.204525 0.547878
0.204973 0.537933
0.205141 0.885663
0.205250 0.782799
0.205760 0.560538
0.205895 0.444264
0.207333 0.782844
0.207635 0.651700
0.207855 0.688744
0.209140 0.315847
0.209188 0.691743
0.209823 0.390370
0.210723 0.931010
0.211083 0.846997
0.211300 0.583952
0.212646 0.325145
0.213306 0.241251
0.213540 0.441060
0.214274 0.883160
0.214559 0.508774
0.215080 0.706920
0.216105 0.508222
0.216254 0.428008
0.216288 0.385174
0.216333 0.780931
0.216522 0.808119
0.216802 0.465601
0.217254 0.686202
0.217888 0.548426
0.218344 0.542506
0.218345 0.313766
0.218606 0.457480
0.218672 0.702560
0.219200 0.582522
0.219796 0.575379
0.220818 0.540293
0.221380 0.494782
0.222049 0.600840
0.222392 0.359661
0.222685 0.292282
0.223202 0.735859
0.223230 0.696755
0.223441 0.763602
0.223850 0.783204
0.224126 0.523133
0.224429 0.710534
0.224462 0.565669
0.224814 0.902427
0.225039 0.424363
0.225609 0.420913
0.226091 0.751032
0.226608 0.395328
0.226663 0.626197
0.228082 0.241597
0.228537 0.761202
0.229190 0.415269
0.229934 0.281797
0.230136 0.830663
0.230265 0.764368
0.231028 0.844031
0.231883 0.652301
0.232193 0.263675
0.232729 0.423971
0.233079 0.642042
0.233304 0.568726
0.233721 0.505350
0.234131 0.487877
0.234698 0.433193
0.234829 0.808250
0.235487 0.688287
0.236330 0.660924
0.236479 0.709973
0.237470 0.833950
0.239620 0.748511
0.242608 0.925139
0.244188 0.247487
0.244459 0.464310
0.244586 0.594917
0.244716 0.628153
0.244905 0.482680
0.245094 0.269408
0.245358 0.407179
0.245496 0.568584
0.246078 0.214237
0.246294 0.588017
0.246945 0.359208
0.247255 0.632587
0.247431 0.398682
0.247708 0.675875
0.248117 0.415157
0.248443 0.442937
0.248483 0.758233
0.248786 0.446742
0.249467 0.386651
0.249486 0.366455
0.250490 0.655834
0.250674 0.519642
0.250733 0.597412
0.251382 0.312745
0.252110 0.792294
0.252174 0.658994
0.252211 0.728576
0.252610 0.724530
0.253169 0.432212
0.253174 0.694634
0.253222 0.903508
0.253848 0.729398
0.254884 0.325307
0.254928 0.350698
0.255024 0.329260
0.255317 0.754689
0.255571 0.798917
0.256080 0.496369
0.256294 0.833054
0.257162 0.402431
0.257533 0.669335
0.258299 0.320391
0.258356 0.873166
0.259093 0.832676
0.259242 0.598349
0.259511 0.239733
0.259613 0.343197
0.260191 0.765530
0.260320 0.332464
0.260383 0.726257
0.260457 0.441900
0.260517 0.540889
0.260799 0.432399
0.260810 0.322551
0.261048 0.805252
0.261870 0.448365
0.262975 0.618845
0.263193 0.890858
0.263449 0.740541
0.265085 0.690966
0.265450 0.384146
0.266576 0.720209
0.267215 0.892042
0.267910 0.665820
0.268736 0.548875
0.269526 0.853591
0.269705 0.491795
0.269747 0.368978
0.269831 0.365684
0.270764 0.749791
0.271324 0.689606
0.271543 0.345286
0.272519 0.818854
0.273291 0.666203
0.273318 0.685809
0.273664 0.568734
0.274905 0.653572
0.274922 0.656058
0.275585 0.444616
0.275867 0.707128
0.275972 0.285836
0.276057 0.684634
0.276108 0.496809
0.276156 0.651083
0.277717 0.387224
0.277759 0.397876
0.278472 0.470073
0.278980 0.749152
0.279533 0.502052
0.280232 0.666660
0.281093 0.349169
0.281107 0.555592
0.281304 0.182412
0.281673 0.290900
0.282352 0.272122
0.282582 0.670952
0.284310 0.619978
0.284619 0.646676
0.285515 0.707950
0.285558 0.425978
0.285644 0.647130
0.285930 0.590136
0.286726 0.489079
0.287464 0.761386
0.287752 0.417572
0.287913 0.828463
0.288334 0.293089
0.288687 0.647839
0.288982 0.685246
0.289042 0.651970
0.290148 0.652122
0.290210 0.487687
0.291141 0.796418
0.291255 0.449197
0.291979 0.466872
0.293035 0.300993
0.293037 0.509739
0.293946 0.338512
0.294119 0.701535
0.294149 0.933008
0.294308 0.558219
0.294719 0.263448
0.295346 0.515765
0.295403 0.758120
0.295692 0.367135
0.295836 0.716789
0.295861 0.248708
0.296866 0.351746
0.297283 0.473116
0.297536 0.827252
0.297789 0.497323
0.297981 0.840131
0.298932 0.531463
0.299457 0.406876
0.300466 0.569251
0.300520 0.545812
0.300661 0.253457
0.300681 0.559014
0.301267 0.311247
0.301467 0.585631
0.301623 0.635555
0.301773 0.739755
0.302515 0.792046
0.302804 0.425599
0.302904 0.456582
0.303026 0.620790
0.303444 0.537714
0.303801 0.658604
0.304500 0.409366
0.304669 0.660437
0.305502 0.480221
0.305845 0.603405
0.305937 0.502610
0.306472 0.380878
0.306630 0.208163
0.307455 0.549657
0.308033 0.440219
0.308137 0.452391
0.308143 0.527914
0.308268 0.868076
0.308445 0.670005
0.308787 0.657209
0.308888 0.649424
0.308961 0.452140
0.309254 0.802854
0.309438 0.364175
0.309515 0.438727
0.309932 0.863772
0.310166 0.759660
0.310712 0.622171
0.311658 0.670038
0.311748 0.803391
0.311831 0.407991
0.312591 0.729434
0.312711 0.465697
0.312856 0.404682
0.313363 0.689220
0.313630 0.202876
0.314846 0.767217
0.315515 0.236013
0.315537 0.916590
0.315592 0.498244
0.316384 0.901381
0.317042 0.195869
0.317955 0.659867
0.317958 0.615790
0.318691 0.502223
0.318761 0.580471
0.318990 0.524997
0.318993 0.488619
0.319260 0.476228
0.320654 0.722724
0.320799 0.443627
0.321466 0.681358
0.321829 0.699100
0.322645 0.785838
0.324004 0.805772
0.324034 0.509058
0.324077 0.707951
0.324272 0.420826
0.324555 0.693222
0.324805 0.836756
0.325248 0.617659
0.325271 0.432765
0.325532 0.272341
0.325919 0.556709
0.327045 0.871597
0.327156 0.531984
0.327256 0.927221
0.327396 0.518868
0.328282 0.684070
0.328526 0.981631
0.328604 0.768157
0.329167 0.275725
0.330052 0.563642
0.330092 0.624956
0.330801 0.719615
0.331163 0.538358
0.331259 0.340321
0.331418 0.693554
0.331885 0.286338
0.332544 0.689218
0.332581 0.334929
0.333020 0.393602
0.333168 0.397025
0.333200 0.984342
0.333351 0.522935
0.333497 0.479734
0.333777 0.829817
0.334174 0.411451
0.334251 0.701317
0.334509 0.584007
0.335256 0.268543
0.335560 0.402799
0.336078 0.924884
0.336305 0.204616
0.337279 0.758573
0.337285 0.300659
0.337586 0.457024
0.338480 0.495705
0.339006 0.594004
0.339086 0.639259
0.339265 0.653541
0.339320 0.507283
0.339979 0.458087
0.340681 0.401853
0.340986 0.689091
0.341068 0.644543
0.341292 0.633904
0.342698 0.483315
0.343284 0.652268
0.343417 0.398095
0.343470 0.655856
0.343888 0.642850
0.344187 0.638452
0.344517 0.678283
0.344576 0.332557
0.344785 0.573470
0.345082 0.323340
0.345404 0.229103
0.346512 0.599757
0.346546 0.609880
0.347084 0.982607
0.347466 0.414292
0.347961 0.373957
0.348210 0.720179
0.348926 0.252904
0.349115 0.704806
0.349173 0.564092
0.349272 0.675713
0.349540 0.621171
0.350022 0.870564
0.351617 0.455207
0.353040 0.898181
0.353180 0.761710
0.353341 0.765949
0.353972 0.369066
0.354196 0.388713
0.354779 0.297178
0.355331 0.486811
0.355861 0.596215
0.356053 0.531350
0.356712 0.656536
0.356807 0.838762
0.356829 0.741278
0.356985 0.331637
0.357358 0.572209
0.357672 0.756561
0.357802 0.262474
0.358624 0.538619
0.358904 0.496348
0.360456 0.546205
0.360593 0.784239
0.360922 0.463499
0.360989 0.470790
0.361350 0.519573
0.361773 0.492648
0.362756 0.324102
0.362764 0.433499
0.363378 0.763248
0.363379 0.551693
0.365115 0.687921
0.365275 0.236592
0.365385 0.571796
0.365575 0.585647
0.366084 0.936622
0.366200 0.442524
0.366399 0.668797
0.366526 0.250541
0.367351 0.309697
0.369110 0.781111
0.369517 0.364807
0.370494 0.712491
0.371741 0.638524
0.373249 0.705488
0.373559 0.604556
0.374411 0.672362
0.375866 0.254800
0.375929 0.212118
0.376656 0.573309
0.376727 0.658687
0.376869 0.703082
0.377263 0.995313
0.377328 0.353091
0.377879 0.759182
0.377983 0.356738
0.378039 0.341877
0.378350 0.586677
0.378903 0.799872
0.379257 0.445503
0.380304 0.352830
0.380619 0.534120
0.381276 0.517336
0.381298 0.544707
0.381817 0.960987
0.382610 0.628292
0.382973 0.695229
0.383260 0.596317
0.383668 0.650351
0.384025 0.632210
0.384096 0.743749
0.384286 0.576144
0.385137 0.797393
0.385456 0.593035
0.385689 0.760834
0.386183 0.340724
0.386184 0.421320
0.386226 0.466695
0.388972 0.596502
0.389205 0.519102
0.389555 0.526337
0.391462 0.664438
0.391556 0.609830
0.394869 0.315706
0.395113 0.505438
0.395277 0.537587
0.395437 0.916019
0.395714 0.557844
0.397192 0.721828
0.397208 0.446546
0.397969 0.479877
0.398317 0.170144
0.399490 0.728526
0.399637 0.181149
0.399821 0.506367
0.400215 0.851918
0.400554 0.501441
0.400561 0.648280
0.401016 0.343578
0.401441 0.701840
0.401954 0.351269
0.402722 0.411171
0.403382 0.305700
0.403483 0.610575
0.404943 0.376028
0.405969 0.760314
0.406380 0.816434
0.406443 0.636087
0.406818 0.597626
0.406824 0.895828
0.408427 0.960833
0.408661 0.197022
0.408822 0.420006
0.409279 0.834490
0.409607 0.398500
0.410549 0.561535
0.411505 0.920058
0.411584 0.533677
0.412379 0.870679
0.412974 0.574863
0.413606 0.452964
0.413821 0.403646
0.413829 0.940751
0.413928 0.597877
0.415214 0.603062
0.415250 0.148412
0.415701 0.450217
0.416565 0.584459
0.417197 0.316486
0.418323 0.819647
0.418864 0.876379
0.419429 0.687561
0.420244 0.526640
0.422567 0.766516
0.422818 0.860658
0.422933 0.223229
0.423433 0.412863
0.424318 0.618118
0.425366 0.244026
0.425476 0.630620
0.425830 0.707594
0.426888 0.756989
0.426926 0.513893
0.427879 0.466190
0.428971 0.623365
0.429935 0.606915
0.430053 0.340854
0.431653 0.738153
0.432705 0.523541
0.432844 0.677706
0.433821 0.921515
0.434848 0.761509
0.434860 0.881635
0.435185 0.474019
0.436478 0.623306
0.436843 0.466611
0.436941 0.410701
0.437409 0.470746
0.437711 0.455044
0.438004 0.635510
0.438546 0.332395
0.439968 0.528604
0.440521 0.399472
0.442326 0.340065
0.442622 0.952647
0.442695 0.604280
0.442711 0.896886
0.442921 0.769447
0.443768 0.718025
0.444138 0.293406
0.444351 0.853282
0.445201 0.757323
0.445421 0.579138
0.446264 0.435438
0.446853 0.764888
0.448005 0.694080
0.448162 0.600271
0.448281 0.456126
0.448391 0.315795
0.448495 0.310717
0.448843 0.319620
0.449207 0.620379
0.450053 0.229590
0.450168 0.838288
0.452777 0.431381
0.453503 0.783174
0.454490 0.423826
0.454623 0.976842
0.454892 0.435683
0.455176 0.431672
0.455475 0.381329
0.455632 0.440388
0.457790 0.589451
0.458051 0.240826
0.458976 0.667227
0.459984 0.486632
0.460899 0.802265
0.461260 0.686434
0.461317 0.468384
0.462660 0.552387
0.462752 0.189364
0.462768 0.315902
0.462983 0.433863
0.463184 0.928516
0.463456 0.633435
0.463846 0.211979
0.464277 0.575902
0.464781 0.433278
0.464870 0.575108
0.465393 0.905882
0.465777 0.721303
0.466039 0.703796
0.468150 0.552577
0.468365 0.835687
0.468385 0.281800
0.469759 0.826476
0.470243 0.601208
0.470785 0.389399
0.471276 0.822450
0.473969 0.571237
0.475011 0.306495
0.476043 0.539671
0.478053 0.119782
0.479012 0.168187
0.479762 0.693675
0.480111 0.209906
0.480443 0.557982
0.481002 0.409616
0.481623 0.329783
0.481786 0.685580
0.481981 0.437601
0.482028 0.123009
0.484146 0.690911
0.486453 0.742480
0.486658 0.262314
0.488122 0.760734
0.490650 0.483358
0.490901 0.617668
0.491565 0.367803
0.492360 0.510940
0.492807 0.496366
0.493570 0.355159
0.494036 0.452455
0.494411 0.428378
0.494979 0.116199
0.495762 0.360400
0.496198 0.215078
0.497017 0.626888
0.497565 0.072554
0.498017 0.525684
0.498032 0.461355
0.498877 0.771783
0.500208 0.648875
0.501732 0.480036
0.503656 0.575546
0.503694 0.603697
0.504028 0.148799
0.505447 0.465591
0.506289 0.716567
0.506298 0.643914
0.506396 0.779458
0.508457 0.144513
0.508720 0.812799
0.508789 0.198713
0.508800 0.816564
0.509581 0.144876
0.510031 0.567592
0.510824 0.289874
0.511012 0.592904
0.515433 0.288330
0.517955 0.804918
0.519357 0.582680
0.519394 0.563966
0.520866 0.368679
0.520915 0.414278
0.521171 0.389568
0.521236 0.483344
0.521659 0.673998
0.521689 0.549740
0.522808 0.960614
0.527516 0.727262
0.527707 0.372038
0.529197 0.572275
0.529555 0.353590
0.529891 0.357514
0.530436 0.784499
0.530851 0.370896
0.532625 0.821991
0.533913 0.296259
0.534949 0.502871
0.534980 0.705382
0.537368 0.556884
0.538731 0.468053
0.538952 0.437578
0.541031 0.690975
0.543005 0.298141
0.543484 0.415989
0.544056 0.690137
0.544791 0.211577
0.545409 0.776151
0.546049 0.162830
0.549185 0.852623
0.549309 0.598033
0.550943 0.286293
0.551100 0.551980
0.552208 0.520714
0.553863 0.698635
0.554533 0.304721
0.555342 0.581505
0.557823 0.513129
0.558877 0.638700
0.559365 0.177907
0.560110 0.295096
0.561957 0.529886
0.563592 0.588916
0.563873 0.427443
0.566774 0.666758
0.566835 0.022063
0.570834 0.791436
0.571320 0.442081
0.574474 0.306550
0.574483 0.942472
0.575288 0.665556
0.577711 0.679005
0.580737 0.409723
0.582623 0.195951
0.583349 0.465954
0.583785 0.457155
0.588544 0.411922
0.588674 0.390180
0.590106 0.307402
0.591975 0.715720
0.592729 0.447993
0.592740 0.202144
0.592755 0.541773
0.595910 0.654968
0.597950 0.795922
0.598124 0.399065
0.598258 0.547103
0.598263 0.351247
0.598264 0.390696
0.599218 0.647297
0.599920 0.334702
0.601300 0.565453
0.604706 0.700903
0.605162 0.700836
0.605187 0.553098
0.607318 0.447372
0.607722 0.429785
0.608644 0.529970
0.608878 0.695548
0.610163 0.374739
0.612298 0.289575
0.612312 0.669209
0.613321 0.834709
0.615935 0.663908
0.622762 0.368952
0.622954 0.520296
0.624081 0.825785
0.624442 0.732983
0.627172 0.797526
0.628688 0.120782
0.629185 0.436293
0.630775 0.308753
0.634520 0.655223
0.635595 0.078486
0.635994 0.903630
0.637725 0.445511
0.638034 0.665284
0.638188 0.800236
0.638371 0.520548
0.638846 0.524705
0.641081 0.658097
0.641619 0.426210
0.644539 0.323365
0.647364 0.547662
0.648029 0.778545
0.651014 0.791197
0.653401 0.634152
0.656481 0.454587
0.658646 0.483868
0.658705 0.574681
0.659150 0.556973
0.661246 0.513703
0.662563 0.903292
0.666129 0.552605
0.669549 0.754365
0.670801 0.432353
0.671841 0.471019
0.672238 0.868866
0.673440 0.085132
0.674480 1.000000
0.676604 0.065014
0.677800 0.490417
0.679705 0.730578
0.680607 0.709660
0.682145 0.432380
0.682798 0.430002
0.683115 0.817081
0.689701 0.299951
0.690169 0.504299
0.690657 0.488438
0.692610 0.173912
0.693157 0.698427
0.697253 0.180971
0.698252 0.363542
0.698725 0.451896
0.700620 0.330414
0.703275 0.569478
0.705484 0.476587
0.706711 0.604605
0.712428 0.708802
0.713726 0.925914
0.715953 0.947822
0.717815 0.213541
0.724080 0.555346
0.725435 0.322295
0.726723 0.359538
0.728810 0.661497
0.729365 0.510247
0.730896 0.454297
0.734857 0.966791
0.737735 0.863515
0.738638 0.414786
0.744439 0.380785
0.746010 0.063409
0.746964 0.325207
0.752348 0.647656
0.754028 0.686111
0.760147 0.285870
0.763573 0.448196
0.763720 0.589874
0.766098 0.551254
0.769910 0.339634
0.772598 0.129779
0.774496 0.731665
0.780302 0.702346
0.782018 0.379640
0.786481 0.864861
0.788082 0.513810
0.788641 0.243278
0.812684 0.395896
0.817520 0.653436
0.837184 0.571731
0.860753 0.223389
0.878466 0.190196
0.891038 0.643799
0.907635 0.755529
0.908976 0.171519
0.911939 0.352028
0.927597 0.511319
0.941088 0.097780
0.980922 0.751243
1.000000 0.000000
