0.000000 0.194629
0.004411 0.107456
0.026544 0.089547
0.028479 0.238147
0.037127 0.257607
0.047364 0.170453
0.054632 0.000000
0.058712 0.073461
0.079869 0.228661
0.090661 0.066930
0.094827 0.042498
0.111228 0.118558
0.121071 0.088933
0.128216 0.059768
0.131068 0.160622
0.134368 0.082559
0.145290 0.099999
0.150762 0.088258
0.163459 0.351976
0.181319 0.322740
0.184566 0.303004
0.190663 0.255786
0.210320 0.301946
0.211711 0.262425
0.222327 0.368022
0.225673 0.288546
0.240160 0.469021
0.244918 0.243506
0.245785 0.194771
0.246931 0.218684
0.253652 0.427460
0.258957 0.439826
0.262509 0.241085
0.284138 0.363226
0.285576 0.420453
0.288415 0.419621
0.291708 0.342044
0.297216 0.275900
0.298523 0.523709
0.307230 0.313347
0.308420 0.395301
0.311206 0.287218
0.319474 0.418960
0.334352 0.435100
0.334726 0.355789
0.335357 0.351616
0.336025 0.469935
0.339097 0.595437
0.347914 0.352990
0.354347 0.395044
0.354373 0.425639
0.355505 0.347433
0.358125 0.583726
0.359730 0.592003
0.365689 0.365296
0.366132 0.623296
0.366640 0.433782
0.366736 0.436806
0.381682 0.460902
0.394012 0.452833
0.395099 0.492280
0.396356 0.488540
0.401374 0.424787
0.402912 0.696800
0.408633 0.536570
0.413853 0.651594
0.428768 0.468860
0.428849 0.458311
0.433287 0.564124
0.434921 0.556822
0.440388 0.672498
0.447619 0.511848
0.460825 0.666032
0.465164 0.537452
0.480317 0.510480
0.501502 0.742713
0.502727 0.562409
0.511871 0.542980
0.516080 0.593226
0.524290 0.735249
0.525527 0.764504
0.543540 0.818491
0.561716 0.804394
0.570416 0.603170
0.572126 0.656376
0.576779 0.608885
0.597411 0.683880
0.601525 0.823370
0.603943 0.671975
0.611501 0.903388
0.615108 0.679603
0.632926 0.826531
0.634498 0.772810
0.635313 0.746498
0.651982 0.679921
0.654934 0.918130
0.667054 0.741959
0.669591 0.854592
0.670340 0.883305
0.671481 0.883714
0.724368 0.752298
0.726698 0.753499
0.729813 0.949459
0.732998 0.983904
0.737224 0.678719
0.750641 0.818773
0.753780 0.846522
0.758442 0.949416
0.758720 0.799083
0.759389 0.893339
0.761456 0.882075
0.770739 0.940578
0.774918 0.924475
0.776494 0.776058
0.782264 0.805021
0.788529 0.774531
0.792053 0.965138
0.796147 0.887515
0.801369 0.866760
0.802182 0.968448
0.805522 0.878930
0.808261 0.804683
0.809926 0.950850
0.810548 0.654248
0.814525 0.871317
0.815957 0.654540
0.831638 0.802692
0.832664 0.847043
0.847389 0.750232
0.852820 0.734590
0.855672 0.836262
0.870413 0.730702
0.879263 0.826033
0.881062 0.751956
0.882000 0.951148
0.882351 0.818720
0.883235 0.666867
0.883602 0.861268
0.907746 0.700235
0.909354 0.861691
0.913766 0.858345
0.920294 0.726549
0.925675 0.740649
0.930112 0.636212
0.945498 0.976475
0.952286 0.980413
0.957480 1.000000
0.958093 0.651964
0.977122 0.923467
1.000000 0.773119
