0.000000 0.550222
0.000701 0.622671
0.001634 0.275070
0.001953 0.392955
0.002019 0.425766
0.002027 0.650328
0.002099 0.421712
0.002402 0.319807
0.003401 0.254954
0.004974 0.303325
0.006473 0.620283
0.007000 0.322479
0.008713 0.509801
0.010601 0.329993
0.013547 0.313907
0.013910 0.681281
0.013923 0.339126
0.014038 0.579851
0.014256 0.637619
0.014489 0.601031
0.014843 0.629685
0.016821 0.748187
0.017298 0.590105
0.017455 0.566738
0.021225 0.376811
0.022329 0.600260
0.023148 0.784060
0.025543 0.339188
0.026236 0.550142
0.026532 0.717459
0.031345 0.767071
0.032888 0.698282
0.033152 0.307043
0.034377 0.582139
0.036092 0.777316
0.036218 0.603137
0.036900 0.692412
0.037955 0.748516
0.040489 0.375676
0.041865 0.613059
0.042047 0.622668
0.043462 0.389055
0.045061 0.546173
0.046618 0.468053
0.047159 0.835077
0.048763 0.778795
0.049974 0.563075
0.050803 0.381179
0.051558 0.773572
0.052239 0.453995
0.054081 0.463165
0.055106 0.629302
0.055666 0.735517
0.056555 0.578854
0.057120 0.749266
0.058737 0.409007
0.061778 0.430061
0.062311 0.526183
0.063093 0.546751
0.065158 0.415240
0.065502 0.819461
0.065633 0.590419
0.066500 0.657988
0.066952 0.453455
0.070568 0.489566
0.071790 0.816610
0.071923 0.613709
0.072593 0.768021
0.073701 0.813635
0.074217 0.661641
0.080769 0.508856
0.084825 0.825572
0.085160 0.647484
0.085648 0.811017
0.086306 0.553020
0.088447 0.771941
0.089774 0.720870
0.094868 0.541847
0.095084 0.754585
0.098840 0.750747
0.101370 0.851262
0.104368 0.551164
0.106141 0.474467
0.106262 0.670227
0.110154 0.773123
0.112166 0.810724
0.114319 0.795871
0.114405 0.795099
0.117336 0.810981
0.119520 0.749358
0.119524 0.895703
0.121232 0.582698
0.121871 0.621785
0.122256 0.634044
0.127122 0.775703
0.128185 0.856983
0.128799 0.545084
0.130346 0.481287
0.130801 0.820234
0.130945 0.782983
0.131196 0.492443
0.131630 0.896539
0.133553 0.796057
0.133944 0.674305
0.136451 0.481519
0.137062 0.821626
0.137367 0.651249
0.137624 0.658402
0.137903 0.682524
0.139087 0.484639
0.139170 0.877959
0.139991 0.552781
0.141067 0.844634
0.141539 0.899850
0.142173 0.570910
0.146196 0.805039
0.146686 0.501486
0.147024 0.909237
0.148278 0.697725
0.152147 0.921542
0.153493 0.655403
0.154279 0.637672
0.154280 0.526427
0.154348 0.900681
0.155658 0.631049
0.155981 0.542495
0.156890 0.520521
0.157022 0.576430
0.159406 0.896471
0.160765 0.691322
0.161052 0.859322
0.161172 0.786946
0.162332 0.627540
0.163664 0.691752
0.164401 0.827185
0.165099 0.788722
0.166706 0.779866
0.166862 0.521544
0.166979 0.837829
0.168894 0.823304
0.169550 0.498896
0.170312 0.603693
0.171096 0.593013
0.173630 0.880092
0.175359 0.530715
0.175819 0.709103
0.176180 0.973509
0.178451 0.800369
0.178539 0.748426
0.179486 0.600052
0.180972 0.555935
0.183203 0.506317
0.184055 0.735404
0.184193 0.901062
0.185340 0.529993
0.186777 0.952334
0.186813 0.798828
0.189730 0.772061
0.189950 0.910517
0.189981 0.622983
0.190185 0.647691
0.193220 0.755504
0.193944 1.000000
0.195300 0.757865
0.196629 0.619146
0.197750 0.647753
0.198884 0.779351
0.201989 0.607946
0.202839 0.765849
0.203917 0.602417
0.204305 0.686511
0.204318 0.636160
0.205691 0.652827
0.209663 0.975381
0.211281 0.714923
0.211718 0.949442
0.212053 0.883513
0.212806 0.940450
0.215010 0.632660
0.216114 0.914287
0.216913 0.909042
0.217787 0.896998
0.218332 0.770175
0.218385 0.569569
0.220416 0.975531
0.220437 0.797024
0.221556 0.669660
0.221713 0.893900
0.224305 0.925101
0.226275 0.689962
0.227779 0.873536
0.228971 0.555600
0.229025 0.930354
0.230654 0.838580
0.230959 0.653975
0.231924 0.890907
0.232253 0.579546
0.236033 0.885427
0.239843 0.887678
0.240650 0.531951
0.242656 0.697809
0.245888 0.928637
0.245889 0.900245
0.246047 0.732734
0.246105 0.687663
0.246982 0.962562
0.247429 0.902421
0.248182 0.865017
0.248567 0.937659
0.251307 0.654171
0.252574 0.869838
0.253092 0.978525
0.254593 0.719173
0.255167 0.651884
0.255925 0.923954
0.256236 0.541413
0.256594 0.853328
0.259813 0.602653
0.261853 0.623461
0.263445 0.741461
0.264122 0.833179
0.265195 0.913563
0.266474 0.748803
0.266728 0.980675
0.266982 0.534919
0.267156 0.650653
0.267221 0.691675
0.267947 0.970338
0.269330 0.902534
0.271310 0.947701
0.273316 0.828677
0.273553 0.821002
0.276365 0.750993
0.277493 0.891186
0.281727 0.822163
0.283230 0.555535
0.283675 0.559792
0.284978 0.717309
0.287286 0.843456
0.287874 0.745788
0.289188 0.638901
0.289868 0.840315
0.291885 0.868492
0.296793 0.962268
0.297594 0.591256
0.300184 0.654473
0.300233 0.632092
0.306693 0.610534
0.310567 0.774274
0.311451 0.889038
0.311636 0.620119
0.313082 0.707090
0.313091 0.660270
0.317432 0.883626
0.318005 0.727449
0.318523 0.715505
0.319945 0.689349
0.321253 0.844207
0.321666 0.736703
0.322550 0.712635
0.322819 0.967669
0.325566 0.541310
0.328499 0.835063
0.330188 0.704990
0.331255 0.534708
0.331931 0.747084
0.332269 0.727241
0.336468 0.914664
0.337804 0.553831
0.340970 0.606355
0.341104 0.695163
0.342594 0.589717
0.346566 0.799326
0.348281 0.893581
0.348446 0.820309
0.348722 0.561329
0.348845 0.725382
0.350869 0.833062
0.351635 0.868733
0.351856 0.820645
0.353455 0.528133
0.354125 0.811255
0.354250 0.620528
0.356717 0.533596
0.358914 0.519613
0.359016 0.568734
0.359663 0.648440
0.360280 0.576275
0.361373 0.818113
0.364381 0.643847
0.366126 0.647848
0.369088 0.732768
0.370137 0.670743
0.372661 0.767362
0.373117 0.504268
0.373447 0.707790
0.374751 0.923819
0.375988 0.932137
0.376163 0.574882
0.377735 0.935337
0.378576 0.857980
0.379828 0.627037
0.380281 0.510367
0.382414 0.729034
0.383361 0.780069
0.383774 0.752341
0.385530 0.793766
0.386034 0.517681
0.388703 0.645815
0.389609 0.871487
0.391006 0.786488
0.391221 0.913429
0.391459 0.541235
0.391582 0.927291
0.398817 0.610965
0.399313 0.641805
0.399615 0.778176
0.400834 0.712332
0.401770 0.728132
0.404142 0.778743
0.404594 0.752333
0.405840 0.579121
0.406420 0.864202
0.406831 0.694837
0.407158 0.719006
0.409616 0.651107
0.409926 0.502582
0.410271 0.881093
0.411317 0.597392
0.411442 0.540778
0.412030 0.688541
0.413141 0.814946
0.414189 0.644920
0.414575 0.530853
0.414917 0.630023
0.417468 0.902018
0.421967 0.563339
0.422007 0.638957
0.424249 0.867389
0.424501 0.820928
0.424863 0.561866
0.426416 0.879706
0.426978 0.852442
0.427509 0.761520
0.428670 0.802227
0.432146 0.647723
0.433423 0.654902
0.433845 0.737791
0.433902 0.648869
0.434722 0.794951
0.435121 0.519191
0.437844 0.666936
0.438951 0.482872
0.440507 0.582341
0.442406 0.726482
0.444005 0.781254
0.444454 0.824376
0.445936 0.739861
0.447840 0.745289
0.448442 0.543739
0.449160 0.486943
0.449217 0.669647
0.452034 0.629539
0.454138 0.565413
0.455033 0.649250
0.455480 0.474681
0.456269 0.580780
0.457845 0.479077
0.458584 0.504122
0.459450 0.656260
0.462045 0.539355
0.462214 0.805074
0.464059 0.829146
0.464447 0.637024
0.464980 0.455870
0.465206 0.823302
0.466023 0.529371
0.466327 0.604793
0.469874 0.715162
0.470623 0.631732
0.474216 0.749634
0.474532 0.570211
0.474730 0.667165
0.475216 0.509209
0.475559 0.639684
0.476990 0.723185
0.479060 0.623463
0.479321 0.633704
0.482089 0.589534
0.483344 0.518123
0.483386 0.780967
0.484754 0.692691
0.485576 0.520248
0.486898 0.464949
0.491769 0.578056
0.492601 0.733050
0.492701 0.438743
0.492763 0.453606
0.494376 0.464817
0.495134 0.423905
0.496672 0.543290
0.498891 0.751570
0.501319 0.666707
0.503627 0.701403
0.506415 0.382718
0.507052 0.375865
0.508579 0.379129
0.508786 0.585830
0.511349 0.486363
0.513460 0.394559
0.513586 0.371115
0.513893 0.409542
0.515002 0.571089
0.518233 0.624781
0.518239 0.530106
0.520256 0.506821
0.520782 0.633670
0.520924 0.433920
0.521251 0.528123
0.521392 0.708364
0.522704 0.688556
0.523510 0.688174
0.523702 0.665955
0.531369 0.425368
0.533649 0.394625
0.536294 0.673858
0.537475 0.656478
0.537889 0.634876
0.538321 0.645037
0.538328 0.734878
0.540321 0.460674
0.542210 0.475998
0.544276 0.369362
0.545201 0.347866
0.545549 0.680825
0.547576 0.369914
0.549831 0.329317
0.549932 0.689510
0.550041 0.421814
0.550117 0.433706
0.551054 0.435654
0.552331 0.480907
0.553782 0.439451
0.555083 0.664268
0.556376 0.720149
0.556870 0.361584
0.557108 0.441024
0.559674 0.550531
0.562466 0.345624
0.564999 0.622909
0.565998 0.494360
0.567220 0.683657
0.567833 0.360775
0.568418 0.426896
0.568961 0.599664
0.569897 0.606001
0.570966 0.592748
0.573645 0.386720
0.575912 0.336911
0.576420 0.671245
0.576430 0.461344
0.578000 0.436429
0.578699 0.663378
0.579533 0.641210
0.580128 0.312823
0.580867 0.328320
0.581179 0.435285
0.581236 0.396415
0.581976 0.616254
0.583011 0.430237
0.583119 0.676478
0.583544 0.519197
0.584532 0.680831
0.585461 0.367779
0.585624 0.665117
0.586153 0.338556
0.586746 0.547551
0.587164 0.291123
0.587389 0.607928
0.588117 0.660432
0.588784 0.346114
0.589730 0.530175
0.592399 0.501271
0.593334 0.372030
0.594139 0.300871
0.596362 0.300603
0.598390 0.497760
0.599302 0.541594
0.604336 0.322423
0.604830 0.306004
0.605289 0.551794
0.606535 0.362718
0.606668 0.575750
0.608558 0.567358
0.612543 0.301138
0.614051 0.269124
0.614302 0.391398
0.614960 0.401143
0.615914 0.423842
0.618433 0.441465
0.618512 0.621075
0.619116 0.409079
0.619431 0.263092
0.619546 0.568936
0.621226 0.468247
0.621418 0.410943
0.622872 0.336074
0.623926 0.455003
0.625466 0.424851
0.625952 0.357701
0.626956 0.279958
0.628073 0.516249
0.628303 0.540853
0.631112 0.328167
0.631365 0.599854
0.633370 0.451433
0.634487 0.247275
0.635766 0.564777
0.637698 0.521909
0.638127 0.442149
0.641001 0.258137
0.641785 0.275062
0.643643 0.248273
0.643775 0.452977
0.646038 0.480319
0.651164 0.219438
0.652694 0.452180
0.654592 0.567829
0.654758 0.430709
0.655762 0.573577
0.657068 0.386228
0.657877 0.566886
0.659164 0.332262
0.662559 0.485151
0.663179 0.373845
0.664367 0.237501
0.666863 0.309085
0.666983 0.556078
0.667314 0.344273
0.670118 0.279917
0.670904 0.436383
0.671254 0.331999
0.671335 0.204906
0.672570 0.221576
0.677392 0.217765
0.677722 0.422662
0.678050 0.466870
0.679228 0.363956
0.681769 0.332823
0.682421 0.411187
0.684127 0.355232
0.684879 0.359727
0.686972 0.282748
0.687423 0.248718
0.694816 0.290975
0.695637 0.201056
0.696280 0.211072
0.696938 0.241433
0.700710 0.155496
0.701261 0.215009
0.701636 0.192406
0.701925 0.224670
0.702927 0.228129
0.706882 0.299226
0.712440 0.342838
0.713494 0.157175
0.714879 0.252854
0.715284 0.263574
0.716745 0.421044
0.716952 0.362972
0.718929 0.489011
0.720354 0.142339
0.725090 0.338648
0.727905 0.356948
0.728051 0.202621
0.729995 0.279082
0.730553 0.410151
0.734293 0.450879
0.737775 0.307226
0.741562 0.185763
0.745452 0.120772
0.746846 0.251230
0.747288 0.396739
0.747824 0.128425
0.750515 0.458907
0.751711 0.329836
0.753219 0.124625
0.754001 0.372850
0.756021 0.291672
0.761214 0.215645
0.764479 0.166963
0.765064 0.225730
0.765395 0.272149
0.768480 0.281521
0.770140 0.289232
0.772033 0.114097
0.772806 0.264561
0.772868 0.342385
0.775240 0.411730
0.776167 0.367105
0.779761 0.290903
0.780817 0.080371
0.782239 0.093591
0.785454 0.300842
0.785741 0.213672
0.788106 0.186782
0.790697 0.134314
0.790759 0.181329
0.790780 0.245430
0.791747 0.319195
0.792143 0.188287
0.793064 0.319802
0.793404 0.306960
0.794549 0.223440
0.795909 0.385731
0.796891 0.210843
0.797005 0.117102
0.799163 0.259621
0.799986 0.234765
0.801363 0.094707
0.805264 0.146028
0.807117 0.300304
0.807913 0.100179
0.809157 0.298848
0.809832 0.064082
0.813964 0.261241
0.815843 0.109582
0.818952 0.118382
0.820099 0.358685
0.820262 0.234676
0.821875 0.207395
0.823591 0.110336
0.826067 0.230980
0.826219 0.377071
0.828092 0.276298
0.829566 0.159518
0.830046 0.261463
0.832462 0.321131
0.832904 0.356904
0.833163 0.205069
0.833200 0.064153
0.835017 0.338345
0.835287 0.311139
0.837357 0.100842
0.841118 0.302070
0.841564 0.278006
0.842430 0.148153
0.843583 0.231264
0.845888 0.088552
0.846263 0.066704
0.848415 0.291116
0.850590 0.239354
0.850709 0.348995
0.851913 0.105407
0.853429 0.130527
0.853508 0.067103
0.854215 0.316004
0.854285 0.030531
0.855034 0.242817
0.855375 0.031230
0.857153 0.193088
0.857476 0.106048
0.858494 0.092285
0.858560 0.200928
0.858934 0.046745
0.859164 0.062281
0.859479 0.084768
0.861755 0.312556
0.861859 0.325198
0.862473 0.337458
0.862554 0.127649
0.865305 0.105217
0.865938 0.351569
0.868075 0.097606
0.868083 0.119965
0.869528 0.251095
0.869694 0.088037
0.870007 0.126404
0.872347 0.192902
0.873163 0.162694
0.874320 0.038296
0.874886 0.268385
0.874934 0.292463
0.875669 0.083283
0.875822 0.021841
0.878252 0.016539
0.878969 0.181035
0.880517 0.032897
0.881691 0.086583
0.881826 0.329794
0.882531 0.101549
0.883627 0.292797
0.884484 0.012003
0.885113 0.148989
0.891074 0.169750
0.892231 0.122999
0.893613 0.044717
0.894151 0.052748
0.894979 0.335450
0.895842 0.252725
0.896011 0.020417
0.896209 0.267874
0.899275 0.079525
0.900827 0.308491
0.903704 0.000795
0.904692 0.329597
0.905535 0.336480
0.909103 0.066053
0.910532 0.276753
0.910812 0.315926
0.911306 0.088648
0.911837 0.026385
0.912041 0.329441
0.915863 0.123054
0.915940 0.049505
0.915965 0.331456
0.916693 0.103511
0.916737 0.289913
0.917453 0.197527
0.921056 0.204254
0.923182 0.003930
0.924167 0.072596
0.924259 0.118243
0.925037 0.100849
0.925373 0.202376
0.927107 0.314744
0.927602 0.029764
0.928376 0.043892
0.928838 0.129403
0.930073 0.032132
0.930830 0.068750
0.930911 0.235648
0.932101 0.025167
0.933475 0.330409
0.935190 0.129929
0.936241 0.118848
0.936889 0.050915
0.937242 0.127008
0.941403 0.274784
0.941456 0.218137
0.941622 0.326876
0.941908 0.074315
0.943681 0.151726
0.945072 0.154384
0.946960 0.245120
0.947850 0.299414
0.947872 0.316608
0.948002 0.056872
0.949345 0.084712
0.949411 0.281072
0.952573 0.015777
0.952986 0.086434
0.953468 0.207655
0.957953 0.326272
0.958374 0.151289
0.959763 0.321107
0.960551 0.319965
0.960989 0.000000
0.961173 0.013873
0.962113 0.067956
0.962429 0.233984
0.964079 0.098981
0.964713 0.219035
0.965043 0.243873
0.966212 0.030210
0.966834 0.247441
0.967438 0.014799
0.968391 0.113223
0.968661 0.289744
0.968866 0.209884
0.969527 0.127871
0.969786 0.254521
0.973773 0.316466
0.975026 0.135512
0.975625 0.258046
0.977243 0.144888
0.980039 0.077864
0.981784 0.276956
0.982162 0.235442
0.983308 0.291773
0.984425 0.267304
0.987720 0.173110
0.987978 0.229142
0.990454 0.286857
0.991289 0.032590
0.991904 0.286096
0.992675 0.047704
0.992750 0.148296
0.993541 0.307878
0.993727 0.095483
0.993754 0.293839
0.995561 0.162802
0.997640 0.065122
1.000000 0.046024
