0.000000 0.736061
0.000191 0.407396
0.002591 0.232721
0.004479 0.459547
0.004873 0.858180
0.005923 0.437432
0.006526 0.558119
0.010193 0.115598
0.011002 0.695752
0.011383 0.855600
0.013065 0.785920
0.013816 0.306651
0.021433 0.827971
0.023390 0.526558
0.027771 0.902195
0.030217 0.755251
0.030753 0.646420
0.034057 0.429053
0.035786 0.897797
0.035949 0.389675
0.038078 0.862383
0.040972 0.093623
0.042509 0.274818
0.043792 0.422941
0.044192 0.086280
0.044506 0.304251
0.049878 0.828572
0.050543 0.418944
0.051786 0.863506
0.055835 0.799002
0.056610 0.303235
0.058045 0.333669
0.058194 0.466028
0.058972 0.070286
0.059094 0.525513
0.059503 0.309718
0.059586 0.791550
0.061207 0.293415
0.061737 0.273378
0.062429 0.339776
0.066056 0.220398
0.066468 0.678948
0.071763 0.492919
0.072343 0.398993
0.074708 0.293872
0.079084 0.378943
0.085005 0.212907
0.095100 0.525307
0.097210 0.244124
0.097541 0.585774
0.107291 0.241043
0.107523 0.606060
0.109203 0.517936
0.112477 0.780339
0.112502 0.062317
0.114447 0.835005
0.116392 0.519232
0.116822 0.473353
0.117134 0.162200
0.118063 0.779797
0.123824 0.235050
0.124113 0.772091
0.124151 0.523792
0.128279 0.087315
0.129068 0.015072
0.129755 0.550287
0.129784 0.856408
0.130247 0.820967
0.133415 0.089154
0.136271 0.412868
0.142886 0.251370
0.143194 0.573192
0.143519 0.751997
0.147299 0.042227
0.147358 0.231643
0.149554 0.177588
0.150987 0.768893
0.151124 0.743855
0.153416 0.125357
0.153443 0.009476
0.153940 0.811606
0.155137 0.138546
0.161063 0.729180
0.162336 0.181887
0.163032 0.214502
0.163615 0.234292
0.165464 0.731254
0.165477 0.543186
0.169762 0.093367
0.170891 0.793500
0.172987 0.674263
0.173911 0.722561
0.173999 0.307770
0.175602 0.161698
0.176082 0.237749
0.176325 0.422232
0.180996 0.845526
0.182257 0.170425
0.184417 0.729795
0.184695 0.129538
0.186427 0.660150
0.186998 0.641012
0.188423 0.181530
0.188529 0.674984
0.190313 0.709849
0.196279 0.631322
0.196872 0.644886
0.199281 0.216921
0.205128 0.773367
0.210968 0.000000
0.211974 0.734224
0.213224 0.131727
0.213457 0.039699
0.214630 0.091606
0.219967 0.294409
0.220968 0.254846
0.222011 0.645934
0.226212 0.179512
0.228406 0.454588
0.228619 0.584912
0.229316 0.595536
0.229567 0.137544
0.230956 0.160390
0.235246 0.346706
0.236471 0.547633
0.236802 0.716091
0.237882 0.718225
0.238165 0.830039
0.239439 0.475003
0.239931 0.448878
0.240818 0.412496
0.241931 0.311965
0.246389 0.207534
0.247560 0.698330
0.249317 0.069798
0.252882 0.528305
0.253948 0.003347
0.254475 0.486918
0.255175 0.810146
0.255793 0.674654
0.262941 0.185657
0.263030 0.236361
0.264006 0.554755
0.264310 0.099115
0.265380 0.753149
0.266503 0.710569
0.267750 0.446020
0.270667 0.081456
0.280147 0.080364
0.281775 0.404296
0.282457 0.796853
0.285654 0.399537
0.288233 0.068831
0.291154 0.613490
0.291230 0.237562
0.292645 0.669283
0.292849 0.315649
0.292963 0.758000
0.295402 0.609225
0.297915 0.811168
0.299251 0.651596
0.299609 0.210761
0.302887 0.304429
0.303614 0.156977
0.303924 0.591040
0.306253 0.360439
0.307507 0.311744
0.308332 0.118066
0.309328 0.105710
0.316030 0.271900
0.319320 0.164668
0.321903 0.167209
0.325806 0.526397
0.327183 0.244405
0.327442 0.568772
0.327604 0.675724
0.327726 0.193943
0.328448 0.381702
0.341188 0.405043
0.343344 0.320858
0.346077 0.388282
0.348595 0.139467
0.353618 0.597564
0.358108 0.082415
0.359879 0.747714
0.360420 0.557016
0.361919 0.802948
0.362380 0.371118
0.365959 0.558787
0.366486 0.741059
0.369414 0.337605
0.369553 0.309802
0.370735 0.319757
0.371173 0.313962
0.372392 0.037841
0.375697 0.227660
0.375929 0.645667
0.376841 0.007809
0.378361 0.270604
0.378509 0.172495
0.381102 0.035169
0.382597 0.163040
0.386063 0.707158
0.386149 0.547465
0.394967 0.232976
0.395698 0.207761
0.395760 0.682193
0.396335 0.736531
0.396466 0.639042
0.397617 0.383363
0.400151 0.072519
0.403305 0.666640
0.403448 0.537581
0.409071 0.116084
0.409203 0.086669
0.410669 0.346316
0.412413 0.430653
0.413766 0.201325
0.415789 0.071961
0.419419 0.544574
0.423533 0.612838
0.425277 0.178874
0.425745 0.611930
0.425910 0.540949
0.428983 0.004807
0.429196 0.222704
0.429476 0.156514
0.430749 0.607417
0.430957 0.399914
0.432455 0.197134
0.433851 0.484843
0.434355 0.570833
0.435623 0.558209
0.436630 0.797316
0.437185 0.493402
0.438465 0.756767
0.438780 0.596094
0.440773 0.314078
0.442903 0.158369
0.443346 0.618451
0.444011 0.702887
0.444548 0.717324
0.445314 0.183776
0.449423 0.632659
0.450208 0.177240
0.451616 0.823181
0.452190 0.554678
0.453261 0.232445
0.455456 0.220654
0.456674 0.282795
0.461341 0.549075
0.461671 0.067683
0.461845 0.453908
0.462394 0.663636
0.464562 0.584392
0.466867 0.108688
0.467387 0.569215
0.468046 0.760064
0.468119 0.434711
0.468529 0.162160
0.472247 0.477148
0.476378 0.439411
0.477405 0.765717
0.478249 0.195081
0.479288 0.152254
0.481392 0.407502
0.482461 0.139786
0.483527 0.221096
0.484912 0.604664
0.488902 0.050426
0.489776 0.449228
0.493250 0.658154
0.496841 0.339693
0.498174 0.420779
0.500036 0.766013
0.500114 0.666707
0.503076 0.091949
0.503358 0.246727
0.505497 0.706556
0.505918 0.461496
0.507996 0.730802
0.510558 0.276239
0.510775 0.054312
0.511404 0.435501
0.511674 0.413435
0.514014 0.106557
0.514082 0.133027
0.517667 0.609983
0.520417 0.406662
0.523033 0.838055
0.525701 0.391394
0.526240 0.113079
0.528619 0.393496
0.529272 0.568886
0.533227 0.680037
0.534890 0.096182
0.534977 0.694427
0.535110 0.092591
0.535565 0.253701
0.536693 0.296462
0.536872 0.422959
0.542759 0.487459
0.544365 0.778368
0.546752 0.525019
0.548308 0.360253
0.549287 0.441399
0.553114 0.451987
0.555489 0.250575
0.558767 0.608308
0.559016 0.315670
0.559838 0.071457
0.562304 0.298599
0.564333 0.751659
0.565006 0.126490
0.565553 0.719228
0.566164 0.814436
0.567244 0.809091
0.570547 0.075240
0.570576 0.516898
0.570660 0.660125
0.572610 0.372983
0.572944 0.644009
0.574590 0.129057
0.574750 0.397451
0.576634 0.416510
0.578197 0.167219
0.578512 0.834997
0.582607 0.750306
0.588280 0.389965
0.588651 0.558622
0.591555 0.283459
0.592373 0.148173
0.594528 0.486199
0.595736 0.714618
0.595803 0.562424
0.596742 0.845602
0.597889 0.624610
0.598319 0.592938
0.598434 0.234070
0.602819 0.194995
0.604410 0.451937
0.606165 0.115323
0.606765 0.125045
0.609270 0.606755
0.611085 0.302001
0.613452 0.259827
0.613637 0.727856
0.615819 0.586354
0.617212 0.717717
0.617943 0.157692
0.619605 0.536117
0.620487 0.385037
0.621790 0.216441
0.626529 0.391642
0.637341 0.781212
0.640008 0.521108
0.642815 0.250773
0.642917 0.754506
0.642952 0.621057
0.643731 0.153698
0.645215 0.734701
0.646512 0.142954
0.648091 0.631817
0.649780 0.279524
0.650242 0.452330
0.650750 0.177558
0.651417 0.700781
0.652806 0.852202
0.654299 0.381972
0.656629 0.674912
0.657241 0.609150
0.657721 0.515073
0.658022 0.391597
0.660177 0.502731
0.661490 0.689302
0.662769 0.799163
0.663267 0.814149
0.667876 0.793796
0.668957 0.853247
0.669442 0.537190
0.671879 0.395459
0.674970 0.653579
0.677957 0.291679
0.678499 0.345582
0.681887 0.757958
0.683703 0.188221
0.683707 0.559896
0.686099 0.782486
0.687927 0.753808
0.688276 0.526936
0.688315 0.250647
0.695916 0.189909
0.699298 0.373455
0.702293 0.580051
0.702315 0.186128
0.703805 0.713092
0.705225 0.774686
0.708442 0.817740
0.710705 0.545298
0.712524 0.402204
0.714068 0.619581
0.714615 0.349179
0.716036 0.174729
0.717056 0.758089
0.718438 0.635132
0.724426 0.282108
0.724561 0.521927
0.724870 0.815470
0.725514 0.873800
0.726180 0.609889
0.727638 0.225278
0.727709 0.287557
0.728810 0.424415
0.729432 0.261041
0.731498 0.681023
0.734747 0.501288
0.736531 0.399409
0.738573 0.419943
0.741495 0.197349
0.741984 0.334363
0.742274 0.266775
0.744573 0.492766
0.744595 0.350876
0.748810 0.371335
0.750002 0.261625
0.758166 0.607548
0.759351 0.792032
0.762326 0.232845
0.762419 0.838013
0.764044 0.668723
0.765233 0.306596
0.770477 0.644656
0.775444 0.682234
0.781969 0.857166
0.785557 0.386433
0.789198 0.533554
0.798894 0.557090
0.806001 0.868644
0.806157 0.589827
0.806994 0.799706
0.807394 0.797814
0.808227 0.777303
0.812677 0.352108
0.814213 0.502809
0.815623 0.427459
0.820030 0.720106
0.821784 0.749186
0.825462 0.480334
0.826703 0.766454
0.827117 0.875102
0.828371 0.944083
0.828917 0.629565
0.829235 0.387074
0.836771 0.809203
0.840179 0.464374
0.842455 0.394090
0.842755 0.881822
0.844047 0.743021
0.845554 0.739788
0.846911 0.403253
0.847578 0.919740
0.850450 0.667626
0.850713 0.759296
0.852540 0.377764
0.854007 0.705915
0.859475 0.385591
0.860460 0.945793
0.863279 0.468721
0.863985 0.673546
0.864174 0.552663
0.867727 0.328505
0.869413 0.348436
0.869713 0.863192
0.870542 0.746541
0.871886 0.887980
0.872881 0.633155
0.877527 0.919835
0.880511 0.449701
0.882067 0.770849
0.889675 0.480398
0.891096 0.835235
0.891538 0.329192
0.898829 0.281806
0.898909 0.834108
0.899053 0.362432
0.900293 0.416113
0.900794 0.300026
0.901978 0.317596
0.902228 0.929273
0.903518 0.532106
0.903759 0.755191
0.903870 0.325502
0.906993 0.805205
0.908284 0.722957
0.911967 0.893194
0.912149 0.539981
0.912316 0.894664
0.914604 0.373966
0.915913 0.800239
0.917342 0.915800
0.920052 0.960968
0.921749 0.846083
0.921837 0.356471
0.923297 0.601517
0.924233 0.352320
0.924697 0.802829
0.929062 0.349858
0.931292 0.414060
0.931709 0.328161
0.933353 0.536893
0.936299 0.526934
0.940162 0.409549
0.941057 0.308362
0.943418 0.949751
0.944479 0.333593
0.944871 0.544996
0.945595 0.336109
0.945977 0.728610
0.947479 0.340748
0.948269 0.429258
0.951342 0.579411
0.951739 0.693243
0.952688 0.640126
0.953008 0.467542
0.956877 0.731884
0.960668 0.574223
0.966464 0.846771
0.967829 0.704372
0.968042 0.452655
0.968444 1.000000
0.968451 0.452839
0.970009 0.564882
0.980772 0.893415
0.985232 0.915124
0.985634 0.734793
0.987724 0.683504
0.988045 0.363228
0.990488 0.898797
0.992277 0.615241
0.992723 0.930276
0.993530 0.975645
0.995067 0.421012
0.995893 0.907133
0.996324 0.656660
0.996465 0.556907
1.000000 0.893113
