0.000000 0.453388
0.000426 0.428316
0.000787 0.271217
0.004645 0.156568
0.013589 0.556079
0.014772 0.469576
0.015599 0.199700
0.015648 0.633256
0.017960 0.234721
0.018312 0.261987
0.019818 0.000000
0.020088 0.021302
0.021194 0.459205
0.021460 0.105529
0.023442 0.569869
0.026748 0.640862
0.028591 0.391299
0.030957 0.096664
0.031133 0.510554
0.034639 0.030125
0.035297 0.144001
0.035394 0.118761
0.036775 0.052152
0.040517 0.036374
0.040989 0.092395
0.041181 0.428010
0.043226 0.455587
0.043583 0.147839
0.043705 0.040419
0.045466 0.090849
0.046072 0.071517
0.046461 0.447344
0.047665 0.166963
0.050899 0.331625
0.054986 0.371012
0.057746 0.212496
0.064422 0.545802
0.066977 0.236120
0.067725 0.294709
0.068105 0.319365
0.070967 0.291357
0.072760 0.065558
0.077573 0.244810
0.080712 0.295578
0.081868 0.028511
0.082737 0.645677
0.085724 0.529329
0.086100 0.482558
0.086354 0.242561
0.090038 0.377600
0.092262 0.023760
0.093274 0.344450
0.097512 0.149204
0.098741 0.621018
0.099621 0.196725
0.102953 0.274060
0.104587 0.232214
0.107432 0.482311
0.108474 0.522916
0.108904 0.146819
0.109064 0.364964
0.109795 0.549023
0.114871 0.586634
0.118321 0.508997
0.121293 0.109612
0.121504 0.291482
0.121945 0.102618
0.126016 0.235413
0.132505 0.046066
0.137772 0.247481
0.139834 0.162605
0.140936 0.597416
0.141163 0.206706
0.142480 0.071484
0.142855 0.131868
0.143265 0.590808
0.143709 0.296488
0.146481 0.670383
0.146712 0.673532
0.148595 0.581077
0.149312 0.718700
0.153122 0.673682
0.153908 0.157350
0.156126 0.234193
0.157173 0.196175
0.157217 0.226637
0.160412 0.464619
0.166417 0.203254
0.166622 0.528911
0.166914 0.528698
0.167400 0.135381
0.171618 0.601685
0.171974 0.095511
0.179493 0.446723
0.179660 0.678890
0.180042 0.529708
0.182071 0.101985
0.185255 0.458403
0.192281 0.335446
0.200166 0.705512
0.203332 0.234636
0.208166 0.382702
0.210649 0.110513
0.214850 0.232044
0.215443 0.517565
0.218716 0.555254
0.224517 0.324497
0.227676 0.638778
0.229912 0.617355
0.233374 0.400270
0.233776 0.255076
0.234631 0.154402
0.238838 0.674361
0.239567 0.337403
0.240898 0.743024
0.241229 0.692972
0.243696 0.613198
0.247930 0.674840
0.248962 0.428800
0.258804 0.444331
0.260062 0.387492
0.261697 0.700253
0.267102 0.204376
0.270359 0.487506
0.274170 0.284801
0.274598 0.409098
0.276596 0.755691
0.281857 0.652030
0.281881 0.468830
0.282244 0.441084
0.287585 0.644589
0.288140 0.438934
0.289353 0.293069
0.291407 0.223194
0.299526 0.165072
0.301152 0.684704
0.305000 0.528707
0.305161 0.198438
0.307575 0.599788
0.307717 0.324165
0.310669 0.762770
0.311221 0.478202
0.312184 0.298394
0.313016 0.212751
0.313400 0.349794
0.313599 0.312803
0.315413 0.403601
0.316645 0.680458
0.318913 0.793279
0.320314 0.413819
0.322126 0.712632
0.322335 0.768693
0.328401 0.706577
0.333656 0.555721
0.335535 0.248722
0.340880 0.702818
0.341874 0.275402
0.342485 0.364410
0.343414 0.590426
0.346596 0.266985
0.346656 0.523471
0.347010 0.682900
0.348747 0.620321
0.350155 0.518712
0.351662 0.596541
0.353933 0.415484
0.354846 0.423760
0.356911 0.473364
0.360792 0.221857
0.362194 0.788205
0.363174 0.429469
0.363944 0.525989
0.365901 0.474855
0.369286 0.225483
0.369570 0.303920
0.374895 0.635829
0.375022 0.519596
0.376785 0.454909
0.379694 0.796112
0.380637 0.324882
0.381556 0.688589
0.384045 0.842127
0.384377 0.767523
0.384620 0.437825
0.389423 0.624328
0.389452 0.708131
0.397304 0.333654
0.399777 0.625824
0.400690 0.476711
0.401621 0.277250
0.403774 0.835831
0.403892 0.549205
0.413354 0.446561
0.415611 0.814452
0.417916 0.717029
0.418346 0.692797
0.418627 0.438084
0.420213 0.854227
0.420768 0.439385
0.421666 0.820678
0.425671 0.624555
0.430099 0.349745
0.430173 0.489810
0.431115 0.402141
0.436848 0.466607
0.440660 0.452923
0.445965 0.835600
0.447542 0.389277
0.451401 0.422406
0.452379 0.862942
0.455795 0.673255
0.455900 0.843650
0.456442 0.569223
0.457096 0.843916
0.457446 0.753435
0.457467 0.784440
0.458215 0.311308
0.458968 0.910589
0.459846 0.336586
0.461001 0.361916
0.463920 0.379405
0.466343 0.379569
0.469910 0.721430
0.474510 0.808589
0.475727 0.798865
0.485324 0.900883
0.488411 0.700659
0.489630 0.561747
0.494119 0.491121
0.496041 0.665434
0.496975 0.549698
0.497788 0.644173
0.500366 0.754920
0.502590 0.419770
0.506312 0.663578
0.506869 0.436466
0.507168 0.518578
0.507856 0.744270
0.515005 0.464218
0.523477 0.744179
0.525679 0.390332
0.526682 0.850394
0.528337 0.552990
0.531216 0.500352
0.532016 0.369269
0.533938 0.676658
0.539720 0.629926
0.540046 0.409605
0.540561 0.723142
0.541177 0.424349
0.541633 0.358189
0.544441 0.529074
0.545894 0.481242
0.546801 0.791833
0.547446 0.970021
0.550410 0.707432
0.551738 0.765763
0.553095 0.732128
0.554125 0.837430
0.554739 0.845590
0.559912 0.864031
0.563163 0.671994
0.565657 0.976202
0.567445 0.572932
0.569253 0.804244
0.571827 0.758259
0.578700 0.747172
0.588149 0.887570
0.590824 0.740941
0.591459 0.682554
0.593749 0.596158
0.596101 0.489496
0.596623 0.932946
0.606798 0.548508
0.610545 0.511960
0.611168 0.800999
0.612503 0.487322
0.612527 0.840998
0.613099 0.535084
0.616897 0.581488
0.619894 0.901971
0.622021 0.973481
0.624571 0.879946
0.626982 0.465538
0.630851 0.435840
0.634315 0.775122
0.638284 0.486846
0.639764 0.791352
0.646685 0.759558
0.648061 0.462770
0.649364 0.379903
0.651127 0.642469
0.651624 0.870903
0.652681 0.475768
0.652752 0.609073
0.652815 0.674445
0.653787 0.673103
0.655174 0.654942
0.662465 0.694016
0.662498 0.903492
0.672863 0.791845
0.674030 0.838741
0.675684 0.952557
0.677388 0.817594
0.681937 0.797856
0.682178 0.758073
0.683091 0.566640
0.683379 0.993310
0.684015 0.522090
0.684231 0.679534
0.686067 0.456869
0.686262 0.951991
0.686984 0.548966
0.688734 0.486582
0.689026 0.773880
0.693367 0.805278
0.693700 0.825987
0.693966 0.865867
0.694212 0.552703
0.695841 0.475765
0.699453 0.898880
0.702257 0.833770
0.706611 0.838900
0.707811 0.670922
0.710131 0.864896
0.710817 0.641671
0.711265 0.630660
0.714278 0.417067
0.714683 0.551532
0.715237 0.973969
0.719117 0.556446
0.720147 0.984220
0.721887 0.838079
0.723334 0.435445
0.723526 0.393615
0.727325 0.489440
0.729269 0.842351
0.730595 0.949713
0.734212 0.810210
0.735654 0.716797
0.737754 0.555566
0.738971 0.721892
0.740492 0.961043
0.742596 0.459063
0.743989 0.387709
0.744534 0.366953
0.745101 0.458075
0.745238 0.623179
0.747069 0.427182
0.749365 0.725571
0.750338 0.892220
0.750452 0.880598
0.757652 0.683533
0.758912 0.480994
0.760208 0.506950
0.761941 0.878351
0.762884 0.743932
0.764340 0.408272
0.767811 0.657634
0.768649 0.696698
0.773496 0.917804
0.774708 0.397789
0.776505 0.398544
0.777304 0.776818
0.780100 0.464668
0.781809 0.545609
0.785701 0.734977
0.787290 0.454397
0.787300 0.827294
0.791171 0.634075
0.792420 0.370681
0.794121 0.816651
0.795755 0.509556
0.805877 0.873009
0.806847 0.439136
0.810540 0.596853
0.814589 0.523884
0.815049 0.356415
0.817554 0.628294
0.817727 0.476993
0.821131 0.951663
0.823499 0.821730
0.825948 0.747674
0.827112 0.720899
0.827819 0.678468
0.830311 0.650133
0.830559 0.563333
0.831409 0.712235
0.831639 0.555007
0.831766 0.502239
0.832005 0.412538
0.839060 0.610812
0.840529 0.429559
0.845693 0.913163
0.846899 0.429002
0.848731 0.889485
0.849372 0.884640
0.853239 0.657433
0.858513 0.367741
0.859663 0.628818
0.861453 0.741462
0.864683 0.785792
0.868649 0.346050
0.870626 0.850926
0.872461 0.855202
0.873680 0.367026
0.876116 0.862973
0.876118 0.632129
0.878893 0.761842
0.880223 0.804410
0.882654 0.816179
0.883073 0.434141
0.883170 0.645654
0.885849 0.626551
0.887491 0.822568
0.892291 0.816323
0.894967 0.476851
0.897450 0.690458
0.899841 0.630573
0.901773 0.710203
0.903274 0.839193
0.904061 0.868982
0.905094 0.837526
0.906163 0.511214
0.908187 0.384635
0.909886 0.597161
0.911408 0.620301
0.912429 0.555090
0.917408 0.685576
0.931862 0.468259
0.932263 0.593334
0.936678 0.386674
0.937440 0.442283
0.941855 0.442031
0.944469 0.795519
0.946753 0.662765
0.947796 0.403782
0.949661 0.420449
0.949849 0.429458
0.950504 0.459724
0.950642 0.917893
0.955235 0.887294
0.956753 0.793942
0.960687 0.565859
0.961862 0.850709
0.964921 0.922493
0.971214 0.434598
0.973999 0.602304
0.975211 0.745635
0.981171 0.989464
0.981502 0.680236
0.982410 0.419709
0.991788 0.826991
0.991859 0.610098
0.992190 0.418322
0.994453 0.970110
0.994455 0.723780
0.997632 0.591400
0.997650 1.000000
0.998028 0.995820
0.998897 0.465809
0.999360 0.635311
1.000000 0.929520
