0.000000 0.562700
0.132514 0.499255
0.188667 0.622805
0.224045 0.512452
0.224302 0.570667
0.235386 0.606648
0.243489 0.562221
0.249801 0.629014
0.252517 0.596187
0.255059 0.469072
0.259617 0.776760
0.259755 0.454302
0.265059 0.655216
0.276574 0.573225
0.312569 0.551405
0.312895 0.460288
0.318075 0.648824
0.319763 0.501578
0.321299 0.507721
0.325145 0.768836
0.340193 0.595961
0.341409 0.634807
0.341494 0.489052
0.345487 0.624802
0.347473 0.439620
0.350048 0.577501
0.351410 0.547092
0.355219 0.532740
0.360279 0.495916
0.365838 0.647446
0.366146 0.652750
0.369975 0.579496
0.370560 0.640342
0.373010 0.567701
0.374887 0.685896
0.377359 0.626828
0.377851 0.632373
0.378088 0.493194
0.379014 0.668362
0.381946 0.547222
0.383960 0.625084
0.391695 0.655363
0.393930 0.802907
0.396005 0.498601
0.396818 0.603494
0.396841 0.493645
0.397991 0.629076
0.398093 0.431422
0.399540 0.442618
0.400807 0.524952
0.401027 0.513937
0.401658 0.486410
0.403545 0.652506
0.404459 0.638875
0.404790 0.557419
0.405396 0.701835
0.406628 0.500298
0.407112 0.511116
0.412069 0.594256
0.418631 0.518073
0.419920 0.461894
0.420716 0.447619
0.422945 0.717680
0.423619 0.607023
0.426852 0.439822
0.426897 0.530419
0.427379 0.641597
0.428089 0.548619
0.428831 0.847053
0.429111 0.498854
0.429533 0.542857
0.429934 0.554553
0.430238 0.436339
0.430696 0.770394
0.432699 0.480367
0.435415 0.551653
0.435930 0.828463
0.436229 0.779862
0.436523 0.508136
0.437356 0.615376
0.437374 0.495094
0.441760 0.578714
0.444844 0.622462
0.444987 0.925865
0.446344 0.659670
0.447961 0.628284
0.450722 0.584900
0.451916 0.450251
0.453118 0.474631
0.454066 0.631989
0.454908 0.714704
0.455177 1.000000
0.456379 0.599338
0.457800 0.479717
0.457811 0.542156
0.458916 0.633618
0.461016 0.787511
0.461613 0.483553
0.466791 0.573158
0.467667 0.526896
0.469309 0.673933
0.470073 0.670495
0.470292 0.423594
0.471719 0.588899
0.472176 0.428092
0.472577 0.754984
0.473724 0.439147
0.473744 0.398876
0.474072 0.587230
0.475156 0.772568
0.475304 0.775525
0.477118 0.444907
0.477156 0.461282
0.477308 0.587171
0.479460 0.538336
0.483409 0.594256
0.483447 0.670693
0.483995 0.643998
0.484217 0.360466
0.484470 0.564150
0.485349 0.705017
0.485998 0.695693
0.486183 0.812066
0.487492 0.530775
0.487693 0.435652
0.488439 0.398987
0.488486 0.466053
0.489617 0.435439
0.490091 0.637398
0.491069 0.493631
0.491429 0.413103
0.491766 0.635919
0.492879 0.499506
0.493826 0.580593
0.496782 0.575597
0.497579 0.608050
0.499032 0.552175
0.499117 0.362722
0.499364 0.540132
0.500034 0.480620
0.501455 0.582502
0.501815 0.575465
0.502818 0.599525
0.504424 0.659085
0.504995 0.503221
0.505214 0.537132
0.505462 0.698058
0.506597 0.773874
0.506960 0.510524
0.507638 0.545101
0.508272 0.510414
0.508697 0.542208
0.508842 0.786525
0.509551 0.556219
0.509752 0.516822
0.510078 0.597819
0.510750 0.599361
0.511036 0.686982
0.512115 0.528675
0.512255 0.661901
0.512648 0.639961
0.512892 0.820268
0.513287 0.432728
0.513515 0.941402
0.513645 0.617235
0.514751 0.330545
0.515258 0.566991
0.515708 0.419667
0.516812 0.504280
0.518279 0.605404
0.518404 0.689109
0.518468 0.542862
0.519018 0.564676
0.519829 0.680413
0.520552 0.743848
0.521961 0.429921
0.526724 0.579917
0.527630 0.822921
0.528652 0.844305
0.528806 0.731664
0.528927 0.598890
0.528986 0.683204
0.529847 0.521665
0.530323 0.653028
0.530564 0.728034
0.531200 0.789879
0.535621 0.406609
0.536980 0.480152
0.539723 0.687138
0.540692 0.455434
0.540810 0.657744
0.540959 0.699576
0.543529 0.353760
0.545109 0.536067
0.548220 0.701579
0.548461 0.577156
0.549895 0.695130
0.550122 0.513936
0.550568 0.827551
0.551345 0.715602
0.551454 0.588202
0.551566 0.726293
0.551841 0.715350
0.552363 0.491413
0.552381 0.361000
0.556075 0.586277
0.558069 0.586979
0.558082 0.452123
0.558218 0.631938
0.558755 0.557178
0.559216 0.368702
0.559513 0.380652
0.561473 0.764922
0.562006 0.385879
0.564259 0.619638
0.564326 0.646659
0.565179 0.784792
0.565246 0.633330
0.565275 0.419400
0.566188 0.507218
0.566539 0.567519
0.566887 0.624588
0.566932 0.519890
0.567033 0.618664
0.567504 0.469851
0.568279 0.476710
0.569063 0.427701
0.569203 0.508726
0.569564 0.475004
0.569921 0.471407
0.570011 0.548042
0.571282 0.751694
0.571420 0.941350
0.572297 0.661174
0.572376 0.543232
0.572721 0.603241
0.573188 0.407302
0.574352 0.825208
0.575624 0.461664
0.577314 0.632867
0.578073 0.524092
0.578857 0.568299
0.579673 0.460458
0.579755 0.462408
0.580051 0.470335
0.580570 0.508879
0.581338 0.470600
0.581741 0.561716
0.582775 0.309069
0.583673 0.791512
0.584131 0.663180
0.585025 0.299443
0.585231 0.558962
0.585866 0.620027
0.586194 0.511557
0.586363 0.403779
0.586713 0.598770
0.587220 0.544704
0.587769 0.417927
0.588515 0.441604
0.592104 0.344366
0.592770 0.421311
0.592775 0.824011
0.593685 0.549194
0.594179 0.416885
0.594224 0.434128
0.595133 0.526771
0.595675 0.534338
0.597269 0.494220
0.599702 0.504852
0.600182 0.449462
0.600323 0.604018
0.600499 0.484463
0.601797 0.764007
0.601889 0.583980
0.602958 0.582775
0.602980 0.417957
0.603065 0.542998
0.604073 0.466381
0.605729 0.478791
0.606283 0.497528
0.606710 0.614743
0.607461 0.511205
0.609287 0.436759
0.609473 0.322670
0.609541 0.425914
0.610594 0.440920
0.611866 0.567923
0.612527 0.468313
0.613263 0.664790
0.613574 0.563171
0.614018 0.558700
0.614902 0.554512
0.615878 0.445805
0.616926 0.261478
0.617737 0.534149
0.617988 0.614969
0.617992 0.263171
0.618050 0.587605
0.619974 0.747110
0.620401 0.570700
0.621188 0.743786
0.621326 0.452513
0.621557 0.401004
0.623247 0.467394
0.625711 0.694648
0.625866 0.475031
0.627171 0.774248
0.627210 0.579031
0.628220 0.720696
0.628521 0.465126
0.629822 0.849189
0.630748 0.364430
0.634570 0.475587
0.635054 0.820481
0.635196 0.369122
0.636244 0.481920
0.637512 0.542440
0.638353 0.560975
0.640536 0.647609
0.641835 0.654419
0.642252 0.625890
0.642430 0.571061
0.642887 0.583971
0.643319 0.416430
0.643512 0.552321
0.643567 0.377823
0.643661 0.531236
0.643831 0.542190
0.644780 0.579878
0.645092 0.492242
0.645435 0.451075
0.645946 0.502990
0.646325 0.363805
0.646782 0.522809
0.647378 0.638219
0.647851 0.588221
0.648169 0.715400
0.648544 0.583137
0.648738 0.532360
0.650174 0.686104
0.651324 0.604744
0.651706 0.460825
0.651710 0.631704
0.652249 0.905063
0.652720 0.635592
0.654708 0.466621
0.654960 0.533594
0.656083 0.535907
0.658921 0.452697
0.658972 0.450603
0.659563 0.310999
0.659795 0.466665
0.660082 0.597292
0.661161 0.503099
0.661707 0.648803
0.662981 0.426504
0.663694 0.280375
0.664244 0.311903
0.666489 0.532473
0.667171 0.569802
0.668148 0.507094
0.668187 0.463562
0.671856 0.499612
0.672139 0.350768
0.673237 0.738050
0.677877 0.341399
0.678492 0.482574
0.678928 0.638310
0.681048 0.468298
0.683322 0.436004
0.683634 0.747518
0.683960 0.528376
0.684179 0.659618
0.684444 0.648380
0.686400 0.479875
0.689052 0.266762
0.689224 0.375933
0.693369 0.576602
0.693752 0.658203
0.694178 0.458931
0.694379 0.292140
0.695006 0.363739
0.696117 0.639679
0.696246 0.334858
0.697825 0.770305
0.698975 0.299696
0.700269 0.526208
0.700328 0.387466
0.701572 0.586404
0.702712 0.429861
0.703967 0.866035
0.704403 0.399651
0.705768 0.604092
0.707697 0.585290
0.707957 0.892996
0.709371 0.492055
0.709569 0.615260
0.710548 0.524368
0.711129 0.128359
0.713044 0.565868
0.718233 0.718814
0.718700 0.344858
0.718935 0.352929
0.722200 0.457744
0.723558 0.308324
0.723927 0.430835
0.724016 0.414714
0.724892 0.787844
0.728632 0.604830
0.729007 0.288700
0.729039 0.512606
0.729195 0.410412
0.729423 0.443366
0.730080 0.260457
0.730372 0.461285
0.730513 0.564281
0.730527 0.573563
0.731139 0.340255
0.731372 0.480018
0.731481 0.885434
0.732809 0.436122
0.733549 0.428387
0.734388 0.467337
0.737012 0.701625
0.738434 0.272752
0.738442 0.512830
0.739832 0.894116
0.740179 0.433408
0.741209 0.217913
0.742132 0.369839
0.744755 0.580671
0.745119 0.586458
0.745899 0.425194
0.746147 0.558628
0.746278 0.309971
0.746304 0.537256
0.748803 0.365244
0.749336 0.324336
0.749462 0.567246
0.750796 0.472887
0.752013 0.308388
0.753269 0.574309
0.757788 0.545836
0.757830 0.328292
0.759302 0.626056
0.759791 0.456570
0.761408 0.535065
0.761721 0.440892
0.766807 0.770667
0.767687 0.817892
0.768180 0.766017
0.768425 0.700965
0.769849 0.172808
0.770111 0.376547
0.771971 0.293593
0.777031 0.327351
0.779469 0.296854
0.782765 0.448549
0.785103 0.298621
0.786961 0.429449
0.788687 0.637815
0.790079 0.543195
0.792014 0.395554
0.806554 0.873426
0.806652 0.180303
0.807055 0.000000
0.807571 0.329276
0.807956 0.625004
0.808211 0.419234
0.810428 0.656914
0.810482 0.442158
0.810561 0.500108
0.814500 0.448175
0.815824 0.304569
0.825199 0.232811
0.825812 0.810025
0.826450 0.326812
0.827024 0.250275
0.835590 0.785045
0.836515 0.136244
0.843610 0.137160
0.843735 0.388283
0.856431 0.352317
0.874935 0.281184
0.875362 0.410971
0.878386 0.043291
0.898872 0.132265
1.000000 0.411701
