5.977842211723327637e-02 5.000000000000000278e-02
1.332500856369733810e-02 5.000000000000000278e-02
1.510144374333322048e-02 5.000000000000000278e-02
-5.881904624402523041e-03 5.000000000000000278e-02
-1.212929468601942062e-02 5.000000000000000278e-02
7.643024795330490700e-03 5.000000000000000278e-02
-2.662240620702505112e-02 5.000000000000000278e-02
1.904170510048667705e-02 5.000000000000000278e-02
3.863130696117877960e-04 5.000000000000000278e-02
1.208016675497804518e-02 5.000000000000000278e-02
7.285497018269179725e-05 5.000000000000000278e-02
6.069158203899860382e-03 5.000000000000000278e-02
2.738884016871452262e-02 5.000000000000000278e-02
-1.522332429885864258e-01 5.000000000000000278e-02
-1.499403888980545274e-03 5.000000000000000278e-02
1.237828051671385765e-02 5.000000000000000278e-02
4.589769279118627310e-02 5.000000000000000278e-02
1.105666076764464170e-02 5.000000000000000278e-02
1.317022128828934310e-02 5.000000000000000278e-02
-1.632870237032572544e-02 5.000000000000000278e-02
