-7.744744885712862015e-03 8.333333333333333218e-03
4.379162564873695374e-02 8.333333333333333218e-03
4.497198574244975350e-03 8.333333333333333218e-03
-4.087466436127819291e-03 8.333333333333333218e-03
3.000188060104846954e-02 8.333333333333333218e-03
1.116659389808773994e-01 8.333333333333333218e-03
4.532204242423176765e-03 8.333333333333333218e-03
4.238279163837432861e-02 8.333333333333333218e-03
1.062968280166387558e-02 8.333333333333333218e-03
3.075050190091133118e-03 8.333333333333333218e-03
6.092243827879428864e-03 8.333333333333333218e-03
-1.346942260861396651e-02 8.333333333333333218e-03
1.324914535507559776e-02 8.333333333333333218e-03
-4.260345455259084702e-02 8.333333333333333218e-03
1.265211589634418488e-02 8.333333333333333218e-03
8.746334258466957612e-03 8.333333333333333218e-03
-9.486973285675048828e-03 8.333333333333333218e-03
5.916146628026450888e-03 8.333333333333333218e-03
1.672994578257202755e-02 8.333333333333333218e-03
-1.324579864740371704e-02 8.333333333333333218e-03
2.630196083337068558e-01 8.333333333333333218e-03
1.059970073401927948e-02 8.333333333333333218e-03
1.550960727035999298e-02 8.333333333333333218e-03
-3.694585872193177911e-01 8.333333333333333218e-03
1.627042390672223462e-02 8.333333333333333218e-03
2.061847003642469645e-02 8.333333333333333218e-03
1.362491399049758911e-02 8.333333333333333218e-03
6.759087555110454559e-03 8.333333333333333218e-03
1.626614760607481003e-02 8.333333333333333218e-03
4.993137530982494354e-02 8.333333333333333218e-03
2.849417441757395864e-02 8.333333333333333218e-03
1.675662367294231819e-02 8.333333333333333218e-03
2.852858835831284523e-02 8.333333333333333218e-03
1.102524679154157777e-02 8.333333333333333218e-03
-3.986121310542024843e-03 8.333333333333333218e-03
2.425613487139344215e-02 8.333333333333333218e-03
1.565135980490595102e-02 8.333333333333333218e-03
1.026749222849806034e-02 8.333333333333333218e-03
4.343972665568193031e-02 8.333333333333333218e-03
3.018846968188881874e-02 8.333333333333333218e-03
2.002569437026977678e-02 8.333333333333333218e-03
2.423920994624495506e-02 8.333333333333333218e-03
1.379278139211237431e-02 8.333333333333333218e-03
-5.026509209225572816e-03 8.333333333333333218e-03
-1.681314192712307087e-01 8.333333333333333218e-03
3.106315887998789549e-02 8.333333333333333218e-03
1.020877901464700699e-02 8.333333333333333218e-03
1.862436393275856972e-02 8.333333333333333218e-03
2.691672272472218908e-02 8.333333333333333218e-03
2.826966314266125477e-02 8.333333333333333218e-03
3.865281833956638741e-02 8.333333333333333218e-03
1.728531159460544586e-02 8.333333333333333218e-03
1.626493805088102818e-02 8.333333333333333218e-03
-1.528577692806720734e-02 8.333333333333333218e-03
5.689009651541709900e-02 8.333333333333333218e-03
1.085909223183989525e-02 8.333333333333333218e-03
6.036546221002936363e-02 8.333333333333333218e-03
6.130359321832659636e-03 8.333333333333333218e-03
3.677193477051332593e-02 8.333333333333333218e-03
6.044964409536784586e-03 8.333333333333333218e-03
2.088063670089468360e-02 8.333333333333333218e-03
1.077019640554984295e-02 8.333333333333333218e-03
2.722887799609452486e-02 8.333333333333333218e-03
1.139736920595169067e-02 8.333333333333333218e-03
1.410558540374040604e-02 8.333333333333333218e-03
-1.010986377618142487e-02 8.333333333333333218e-03
-1.904362688461939609e-02 8.333333333333333218e-03
4.297764739021658897e-03 8.333333333333333218e-03
3.528259228914976120e-02 8.333333333333333218e-03
4.114145692437887192e-02 8.333333333333333218e-03
5.078806611709296703e-02 8.333333333333333218e-03
6.699735298752784729e-03 8.333333333333333218e-03
9.664091467857363615e-03 8.333333333333333218e-03
3.260770644992590228e-02 8.333333333333333218e-03
2.399530354887247086e-02 8.333333333333333218e-03
9.763190057128667831e-03 8.333333333333333218e-03
-1.092280000448226929e-01 8.333333333333333218e-03
-4.497019574046134949e-03 8.333333333333333218e-03
1.859026658348739147e-02 8.333333333333333218e-03
1.958203626175721371e-02 8.333333333333333218e-03
9.894158691167831421e-03 8.333333333333333218e-03
2.087186975404619824e-02 8.333333333333333218e-03
3.201573155820369720e-03 8.333333333333333218e-03
-4.794727079570293427e-02 8.333333333333333218e-03
8.498682973108122318e-03 8.333333333333333218e-03
-1.197332143783569683e-02 8.333333333333333218e-03
1.095716717342535770e-02 8.333333333333333218e-03
2.026603976264595985e-02 8.333333333333333218e-03
1.270253324349011892e-02 8.333333333333333218e-03
3.081049374304711819e-02 8.333333333333333218e-03
3.696093879640102720e-01 8.333333333333333218e-03
3.634165072192747925e-02 8.333333333333333218e-03
9.994442109018564224e-03 8.333333333333333218e-03
3.647206351161003113e-02 8.333333333333333218e-03
1.932199113070964813e-02 8.333333333333333218e-03
5.907288659363985062e-02 8.333333333333333218e-03
2.204335480928421021e-02 8.333333333333333218e-03
-4.693136317655444145e-03 8.333333333333333218e-03
1.510618890946110321e-02 8.333333333333333218e-03
2.154018357396125793e-02 8.333333333333333218e-03
5.618956987746059895e-03 8.333333333333333218e-03
5.977012543007731438e-02 8.333333333333333218e-03
1.460032314062118669e-02 8.333333333333333218e-03
5.079216137528419495e-02 8.333333333333333218e-03
2.516231918707489967e-02 8.333333333333333218e-03
-5.097536370158195496e-03 8.333333333333333218e-03
8.820982743054628372e-02 8.333333333333333218e-03
4.711663955822587013e-02 8.333333333333333218e-03
-7.194223068654537201e-02 8.333333333333333218e-03
-1.717669027192250120e-01 8.333333333333333218e-03
-1.827500853687524796e-02 8.333333333333333218e-03
1.176558423321694136e-02 8.333333333333333218e-03
-1.171762943267822266e-01 8.333333333333333218e-03
-3.289350308477878571e-03 8.333333333333333218e-03
7.211671521266324603e-04 8.333333333333333218e-03
7.248703620280139148e-02 8.333333333333333218e-03
-2.729724394157528877e-03 8.333333333333333218e-03
3.231524024158716202e-02 8.333333333333333218e-03
-2.161603234708309174e-02 8.333333333333333218e-03
2.197635965421795845e-02 8.333333333333333218e-03
