-6.661720108240842819e-03 2.500000000000000139e-02
9.798932554466385780e-03 2.500000000000000139e-02
-1.044879998080432276e-01 2.500000000000000139e-02
-4.010309558361768029e-02 2.500000000000000139e-02
1.241057459264993668e-02 2.500000000000000139e-02
1.473309192806482315e-02 2.500000000000000139e-02
2.201738767325878143e-02 2.500000000000000139e-02
4.237291216850280762e-02 2.500000000000000139e-02
-3.025709496190152892e-03 2.500000000000000139e-02
1.345251811047395302e-02 2.500000000000000139e-02
-2.786702183740479705e-02 2.500000000000000139e-02
1.253389480656811467e-02 2.500000000000000139e-02
-8.876937441527843475e-03 2.500000000000000139e-02
1.942254346795380116e-02 2.500000000000000139e-02
-4.795558080077171048e-02 2.500000000000000139e-02
-1.740419771522283554e-02 2.500000000000000139e-02
2.019175887107849121e-02 2.500000000000000139e-02
2.662074868567287922e-03 2.500000000000000139e-02
1.021797416938675929e-02 2.500000000000000139e-02
6.753622367978093233e-03 2.500000000000000139e-02
7.255623737970999521e-04 2.500000000000000139e-02
1.562950871884821735e-02 2.500000000000000139e-02
-9.279364409545826087e-05 2.500000000000000139e-02
3.264854972561199303e-03 2.500000000000000139e-02
1.488994620740413666e-02 2.500000000000000139e-02
4.158607497811317444e-02 2.500000000000000139e-02
4.672634601593017578e-02 2.500000000000000139e-02
-3.282240172848105431e-02 2.500000000000000139e-02
-5.855851496259376066e-03 2.500000000000000139e-02
-9.352428256534039974e-03 2.500000000000000139e-02
-4.651864325361590446e-03 2.500000000000000139e-02
-1.915118812272947196e-03 2.500000000000000139e-02
-1.172648929059505463e-02 2.500000000000000139e-02
-2.384147811681032111e-02 2.500000000000000139e-02
1.342144899535924196e-02 2.500000000000000139e-02
3.797524864785373211e-02 2.500000000000000139e-02
-7.728074522068101304e-02 2.500000000000000139e-02
-1.755325566045939922e-02 2.500000000000000139e-02
1.241244468837976456e-02 2.500000000000000139e-02
-9.180233813822269440e-02 2.500000000000000139e-02
