3.245494794100522995e-03 5.000000000000000278e-02
-1.134893923465697674e-03 5.000000000000000278e-02
-1.059128455817699363e-02 5.000000000000000278e-02
6.488837068900465965e-03 5.000000000000000278e-02
1.989606805145740509e-01 5.000000000000000278e-02
-1.205434300936758518e-02 5.000000000000000278e-02
2.943829935975372791e-02 5.000000000000000278e-02
-2.918419777415692806e-04 5.000000000000000278e-02
8.391691504844596416e-03 5.000000000000000278e-02
2.881447086110711098e-03 5.000000000000000278e-02
-3.249714011326432228e-02 5.000000000000000278e-02
2.395471061269442009e-02 5.000000000000000278e-02
2.779088386644919945e-02 5.000000000000000278e-02
6.565521471202373505e-04 5.000000000000000278e-02
9.816619567573070526e-03 5.000000000000000278e-02
-1.097752402226131324e-03 5.000000000000000278e-02
-4.971331295867763289e-03 5.000000000000000278e-02
8.732858424385391005e-03 5.000000000000000278e-02
-6.037259474396705627e-02 5.000000000000000278e-02
-3.700158159647668615e-03 5.000000000000000278e-02
