1.425367305055260658e-01 5.000000000000000278e-02
-3.852017875760793686e-02 5.000000000000000278e-02
-3.083319868892431259e-03 5.000000000000000278e-02
8.272077399305999279e-02 5.000000000000000278e-02
-4.481373960152268410e-02 5.000000000000000278e-02
3.841619705781340599e-02 5.000000000000000278e-02
3.875671513378620148e-02 5.000000000000000278e-02
6.191337760537862778e-02 5.000000000000000278e-02
8.777533657848834991e-04 5.000000000000000278e-02
-1.670720637775957584e-03 5.000000000000000278e-02
-5.144235678017139435e-03 5.000000000000000278e-02
-2.069872361607849598e-02 5.000000000000000278e-02
-5.682906368747353554e-03 5.000000000000000278e-02
1.100932371336966753e-01 5.000000000000000278e-02
1.349324508337303996e-01 5.000000000000000278e-02
1.404452968854457140e-01 5.000000000000000278e-02
4.700663918629288673e-02 5.000000000000000278e-02
3.762304782867431641e-02 5.000000000000000278e-02
-5.850220110733062029e-02 5.000000000000000278e-02
1.322183449519798160e-01 5.000000000000000278e-02
