3.770713554695248604e-02 8.333333333333333218e-03
1.316699082963168621e-02 8.333333333333333218e-03
3.044681157916784286e-02 8.333333333333333218e-03
2.419001422822475433e-02 8.333333333333333218e-03
5.561091533551613952e-02 8.333333333333333218e-03
1.762703061103820801e-03 8.333333333333333218e-03
3.482295549474656582e-03 8.333333333333333218e-03
1.956121074035763879e-02 8.333333333333333218e-03
3.498309900896856561e-02 8.333333333333333218e-03
2.442642580717802048e-02 8.333333333333333218e-03
-1.441733352839946747e-02 8.333333333333333218e-03
7.302743848413228989e-02 8.333333333333333218e-03
3.599254213622771204e-02 8.333333333333333218e-03
1.550444767344742909e-02 8.333333333333333218e-03
2.583892457187175751e-02 8.333333333333333218e-03
5.729972412809729299e-02 8.333333333333333218e-03
2.483336627483367920e-02 8.333333333333333218e-03
8.754667639732359799e-03 8.333333333333333218e-03
4.545969223337513812e-03 8.333333333333333218e-03
2.101337346671657003e-02 8.333333333333333218e-03
-9.207269176840782166e-04 8.333333333333333218e-03
4.225229534010092186e-02 8.333333333333333218e-03
2.877905326895415991e-02 8.333333333333333218e-03
2.958394587039975265e-04 8.333333333333333218e-03
2.366400510072708130e-02 8.333333333333333218e-03
3.575282962992787361e-02 8.333333333333333218e-03
2.507490493978063728e-02 8.333333333333333218e-03
1.455149194225668907e-02 8.333333333333333218e-03
3.023597163458665443e-02 8.333333333333333218e-03
1.268169787363149226e-02 8.333333333333333218e-03
4.897282862414915894e-02 8.333333333333333218e-03
4.987002323780741209e-02 8.333333333333333218e-03
3.689976289751939476e-02 8.333333333333333218e-03
1.393088698387146170e-02 8.333333333333333218e-03
8.435071632266044617e-02 8.333333333333333218e-03
1.476393081247806549e-02 8.333333333333333218e-03
3.406043755821883817e-02 8.333333333333333218e-03
1.518807280808687210e-02 8.333333333333333218e-03
3.891411004588007927e-03 8.333333333333333218e-03
-1.982748943070570743e-02 8.333333333333333218e-03
5.280598682085317977e-03 8.333333333333333218e-03
-4.303625008712209932e-03 8.333333333333333218e-03
4.330679615959524831e-02 8.333333333333333218e-03
9.647127861777942542e-03 8.333333333333333218e-03
9.639367926865816116e-04 8.333333333333333218e-03
1.762322266586124897e-02 8.333333333333333218e-03
3.283352513487140800e-02 8.333333333333333218e-03
6.311148725217208266e-03 8.333333333333333218e-03
3.334944229573011051e-03 8.333333333333333218e-03
-6.193319335579872131e-03 8.333333333333333218e-03
-5.759422376286238432e-03 8.333333333333333218e-03
2.334903343580663204e-02 8.333333333333333218e-03
6.567570691307386688e-02 8.333333333333333218e-03
-2.079941681586205959e-03 8.333333333333333218e-03
1.265755815741916555e-02 8.333333333333333218e-03
2.812425673473626514e-02 8.333333333333333218e-03
7.719780243933201114e-02 8.333333333333333218e-03
5.381681583821774223e-02 8.333333333333333218e-03
-1.236011202314070134e-01 8.333333333333333218e-03
3.868923522531986237e-02 8.333333333333333218e-03
3.575413078069687028e-02 8.333333333333333218e-03
7.495931535959243774e-02 8.333333333333333218e-03
8.857342724998791550e-02 8.333333333333333218e-03
2.686126492917537689e-01 8.333333333333333218e-03
9.212815513213474389e-03 8.333333333333333218e-03
1.587190255522728105e-02 8.333333333333333218e-03
1.218302510678768158e-01 8.333333333333333218e-03
4.088826104998588562e-02 8.333333333333333218e-03
7.634494919329867790e-04 8.333333333333333218e-03
2.469779388047754765e-02 8.333333333333333218e-03
-4.537041770915188899e-01 8.333333333333333218e-03
2.223320225519793275e-02 8.333333333333333218e-03
-2.680402249097824097e-04 8.333333333333333218e-03
8.200571207063536705e-03 8.333333333333333218e-03
-1.615762747824192047e-01 8.333333333333333218e-03
3.427377502833103828e-04 8.333333333333333218e-03
4.238858819007873535e-03 8.333333333333333218e-03
2.096993476152420044e-02 8.333333333333333218e-03
1.808571629226207733e-02 8.333333333333333218e-03
-7.807024288922548294e-03 8.333333333333333218e-03
9.754455089569091797e-02 8.333333333333333218e-03
3.475826866924762448e-02 8.333333333333333218e-03
-6.542019546031951904e-04 8.333333333333333218e-03
-5.445173289626835736e-03 8.333333333333333218e-03
6.683006609091535211e-02 8.333333333333333218e-03
2.847106661647558212e-04 8.333333333333333218e-03
-9.567299857735633850e-03 8.333333333333333218e-03
-4.971018061041831970e-04 8.333333333333333218e-03
7.377904044309009646e-02 8.333333333333333218e-03
5.622936412692070007e-03 8.333333333333333218e-03
1.605072953841752900e-02 8.333333333333333218e-03
8.548153750598430634e-02 8.333333333333333218e-03
1.546808099374175072e-02 8.333333333333333218e-03
1.488834759220480919e-02 8.333333333333333218e-03
-2.692967653274536133e-02 8.333333333333333218e-03
5.222320090979337692e-02 8.333333333333333218e-03
2.274249456822872301e-02 8.333333333333333218e-03
1.618581265211105347e-02 8.333333333333333218e-03
5.128049291670318949e-04 8.333333333333333218e-03
3.805082713046835374e-02 8.333333333333333218e-03
1.621085964143276215e-02 8.333333333333333218e-03
6.281536407768725794e-02 8.333333333333333218e-03
1.675904961302876472e-03 8.333333333333333218e-03
2.053616847842931747e-02 8.333333333333333218e-03
-2.267775001625219750e-02 8.333333333333333218e-03
7.104642689228057861e-02 8.333333333333333218e-03
2.488771770149469237e-02 8.333333333333333218e-03
-4.190262407064437866e-03 8.333333333333333218e-03
9.695002543074746071e-03 8.333333333333333218e-03
1.843582388634482788e-02 8.333333333333333218e-03
5.311457870993763208e-02 8.333333333333333218e-03
3.059237652147810127e-02 8.333333333333333218e-03
-2.963223416979113636e-03 8.333333333333333218e-03
-7.446241378784179688e-02 8.333333333333333218e-03
3.708514471800299084e-02 8.333333333333333218e-03
1.466083992272615433e-02 8.333333333333333218e-03
-2.537608234477894964e-01 8.333333333333333218e-03
-7.437193393707275391e-02 8.333333333333333218e-03
-1.687201360861461524e-03 8.333333333333333218e-03
5.211727693676948547e-04 8.333333333333333218e-03
