2.231356356060132384e-02 2.500000000000000139e-02
1.518313440361193298e-02 2.500000000000000139e-02
3.155280835926533439e-02 2.500000000000000139e-02
2.822391610243357718e-02 2.500000000000000139e-02
2.199273481965064586e-02 2.500000000000000139e-02
-4.900580892960235135e-03 2.500000000000000139e-02
1.134278385766914962e-02 2.500000000000000139e-02
9.054739959537982941e-03 2.500000000000000139e-02
4.321548342704772949e-02 2.500000000000000139e-02
1.469390135025605559e-02 2.500000000000000139e-02
1.488456255756318569e-01 2.500000000000000139e-02
1.870692335069179535e-02 2.500000000000000139e-02
1.879504614043980837e-02 2.500000000000000139e-02
3.090401126870087264e-02 2.500000000000000139e-02
2.805992471985518932e-02 2.500000000000000139e-02
-5.581374093890190125e-02 2.500000000000000139e-02
-1.927625620737671852e-03 2.500000000000000139e-02
-7.755309343338012695e-03 2.500000000000000139e-02
1.267785931538258429e-02 2.500000000000000139e-02
1.716450750827789307e-01 2.500000000000000139e-02
1.251967600546777248e-02 2.500000000000000139e-02
-3.161140562345584812e-03 2.500000000000000139e-02
9.458687854930758476e-03 2.500000000000000139e-02
4.072676785290241241e-02 2.500000000000000139e-02
1.882818830199539661e-02 2.500000000000000139e-02
2.629034635093490530e-04 2.500000000000000139e-02
3.376602164159218239e-02 2.500000000000000139e-02
4.404559265822172165e-02 2.500000000000000139e-02
1.987791014835238457e-02 2.500000000000000139e-02
7.038865704089403152e-03 2.500000000000000139e-02
3.924880456179380417e-02 2.500000000000000139e-02
2.320741605944931507e-02 2.500000000000000139e-02
6.506813379625478802e-03 2.500000000000000139e-02
2.341006812639534473e-02 2.500000000000000139e-02
2.661931693243483818e-02 2.500000000000000139e-02
1.394068170338869095e-02 2.500000000000000139e-02
3.315304394345730543e-02 2.500000000000000139e-02
3.288430022075772285e-02 2.500000000000000139e-02
7.351274602115154266e-03 2.500000000000000139e-02
2.647298015654087067e-02 2.500000000000000139e-02
