2.019901684252545238e-02 2.500000000000000139e-02
2.479664256264056676e-02 2.500000000000000139e-02
2.599152771290391684e-02 2.500000000000000139e-02
3.230486996471881866e-02 2.500000000000000139e-02
2.317138062790036201e-02 2.500000000000000139e-02
4.321083510294557173e-02 2.500000000000000139e-02
3.875860013067722321e-02 2.500000000000000139e-02
7.846643527348834413e-02 2.500000000000000139e-02
3.891336894594132900e-02 2.500000000000000139e-02
3.352883365005254745e-02 2.500000000000000139e-02
9.669276326894760132e-02 2.500000000000000139e-02
-6.346739828586578369e-04 2.500000000000000139e-02
1.184887744486331912e-01 2.500000000000000139e-02
-1.330951627876076140e-03 2.500000000000000139e-02
-5.948565155267715454e-02 2.500000000000000139e-02
1.110428166575729882e-02 2.500000000000000139e-02
1.241530136515697075e-02 2.500000000000000139e-02
7.013805210590361681e-03 2.500000000000000139e-02
2.535184162358442711e-02 2.500000000000000139e-02
9.707062912639230490e-03 2.500000000000000139e-02
2.809639337162173067e-02 2.500000000000000139e-02
2.984216250479221344e-02 2.500000000000000139e-02
1.771538732573390007e-01 2.500000000000000139e-02
2.798260535512651567e-02 2.500000000000000139e-02
9.341061208397150040e-02 2.500000000000000139e-02
-6.160930109520759007e-04 2.500000000000000139e-02
8.053826121613383293e-02 2.500000000000000139e-02
4.222785681486129761e-02 2.500000000000000139e-02
-2.788135781884193420e-02 2.500000000000000139e-02
-6.219062954187400127e-04 2.500000000000000139e-02
2.020554989576339722e-02 2.500000000000000139e-02
2.256594749633222818e-02 2.500000000000000139e-02
1.241406650903324228e-02 2.500000000000000139e-02
8.264471178076097935e-03 2.500000000000000139e-02
-7.206007799444099846e-03 2.500000000000000139e-02
4.276111628860235214e-02 2.500000000000000139e-02
1.449305517598986626e-02 2.500000000000000139e-02
-4.778487049043178558e-02 2.500000000000000139e-02
5.387023650109767914e-02 2.500000000000000139e-02
-1.491446467116475105e-02 2.500000000000000139e-02
