1.428004191922289945e-01 2.500000000000000139e-02
-7.877863943576812744e-03 2.500000000000000139e-02
7.486371323466302699e-03 2.500000000000000139e-02
4.325335778828177935e-02 2.500000000000000139e-02
5.700800921767949780e-02 2.500000000000000139e-02
-1.205494329333305428e-02 2.500000000000000139e-02
2.062787883915007114e-03 2.500000000000000139e-02
4.144343151710927486e-02 2.500000000000000139e-02
1.499727847985923290e-01 2.500000000000000139e-02
-4.255363531410694816e-03 2.500000000000000139e-02
7.400637492537498474e-02 2.500000000000000139e-02
3.489227779209614494e-03 2.500000000000000139e-02
7.866693602409213781e-03 2.500000000000000139e-02
-3.391049802303314209e-03 2.500000000000000139e-02
-2.194181395073730584e-03 2.500000000000000139e-02
-1.290825165977532024e-02 2.500000000000000139e-02
1.092645293101668358e-02 2.500000000000000139e-02
-4.595288541167974472e-03 2.500000000000000139e-02
4.100740949312845635e-02 2.500000000000000139e-02
-5.333309327917441084e-03 2.500000000000000139e-02
1.286956233282884193e-02 2.500000000000000139e-02
7.995125837624086906e-04 2.500000000000000139e-02
-8.074911843453134314e-03 2.500000000000000139e-02
9.298094781115651131e-03 2.500000000000000139e-02
-4.129786801058799028e-03 2.500000000000000139e-02
6.519575370475649834e-03 2.500000000000000139e-02
2.707793610170483589e-03 2.500000000000000139e-02
-2.027917653322219849e-03 2.500000000000000139e-02
-5.275232531130313873e-02 2.500000000000000139e-02
-2.659891638904809952e-02 2.500000000000000139e-02
-2.160018729045987129e-02 2.500000000000000139e-02
3.340199093023936416e-02 2.500000000000000139e-02
-5.780356749892234802e-02 2.500000000000000139e-02
-2.934838583072026108e-02 2.500000000000000139e-02
-7.641503055180812187e-04 2.500000000000000139e-02
4.284806177020072937e-02 2.500000000000000139e-02
-3.350593335926532745e-02 2.500000000000000139e-02
-7.724523171782493591e-02 2.500000000000000139e-02
-6.076861328134933529e-03 2.500000000000000139e-02
2.742179036140441478e-02 2.500000000000000139e-02
