3.055547922849655151e-02 5.000000000000000278e-02
-1.072547435760498047e-01 5.000000000000000278e-02
-1.715646435817082954e-02 5.000000000000000278e-02
3.727035473275464028e-04 5.000000000000000278e-02
-4.601879244936364285e-03 5.000000000000000278e-02
1.166762784123420715e-03 5.000000000000000278e-02
-3.471974283456805838e-04 5.000000000000000278e-02
-8.354245685040950775e-03 5.000000000000000278e-02
3.503780066967010498e-02 5.000000000000000278e-02
1.551488166054089748e-02 5.000000000000000278e-02
1.698707913359006130e-02 5.000000000000000278e-02
2.055262103676795682e-02 5.000000000000000278e-02
5.327222065534442663e-02 5.000000000000000278e-02
1.473903506994247437e-01 5.000000000000000278e-02
1.588812736528260466e-02 5.000000000000000278e-02
-4.250802099704742432e-02 5.000000000000000278e-02
-7.896009646356103029e-03 5.000000000000000278e-02
-2.229817832509676037e-03 5.000000000000000278e-02
5.541666178032755852e-03 5.000000000000000278e-02
-3.356880446275073426e-02 5.000000000000000278e-02
