0.000000 0.000000
0.050558 0.006125
0.080917 0.000022
0.083106 0.000400
0.094947 0.002327
0.101325 0.001741
0.124979 0.000168
0.127870 0.000731
0.138438 0.016559
0.142978 0.014813
0.146685 0.001596
0.149297 0.021489
0.149498 0.000198
0.150544 0.010187
0.153064 0.000718
0.153737 0.002092
0.161222 0.000153
0.170421 0.000192
0.180530 0.000394
0.180859 0.000274
0.182226 0.028988
0.183775 0.005309
0.188737 0.002203
0.189559 0.003004
0.201126 0.031832
0.211549 0.003135
0.217903 0.000483
0.218874 0.001442
0.229169 0.005246
0.231559 0.000886
0.233782 0.054349
0.237777 0.004083
0.238539 0.014037
0.241626 0.023686
0.242094 0.005180
0.243406 0.001516
0.246336 0.000451
0.251019 0.016555
0.259057 0.012543
0.259264 0.019375
0.264426 0.035995
0.265301 0.001757
0.266270 0.032547
0.267274 0.049708
0.269053 0.006029
0.269408 0.002279
0.270686 0.005473
0.274851 0.075917
0.275844 0.001065
0.276045 0.011632
0.277366 0.023055
0.279704 0.002173
0.283569 0.082024
0.283796 0.001257
0.283944 0.013751
0.286972 0.000977
0.291099 0.000790
0.293672 0.000888
0.293706 0.050022
0.296271 0.071733
0.296801 0.003176
0.304316 0.051700
0.306882 0.077476
0.309001 0.054925
0.310616 0.030407
0.311309 0.009608
0.313000 0.070552
0.314470 0.040304
0.318196 0.004160
0.320141 0.050257
0.320797 0.084593
0.320959 0.003247
0.321008 0.017583
0.321670 0.021983
0.324329 0.004447
0.325428 0.013800
0.325729 0.018973
0.325928 0.001790
0.326227 0.019038
0.327539 0.027101
0.328413 0.026085
0.330836 0.001474
0.331110 0.010794
0.331958 0.002419
0.332028 0.022009
0.332521 0.005576
0.333588 0.002875
0.333719 0.015036
0.335437 0.008613
0.335780 0.084218
0.338213 0.002297
0.338665 0.046381
0.339222 0.002156
0.340085 0.057754
0.341723 0.059032
0.342042 0.001105
0.344342 0.017749
0.344956 0.001321
0.348024 0.001714
0.348378 0.010515
0.348922 0.025348
0.349924 0.001550
0.351165 0.072805
0.353012 0.105615
0.353077 0.002068
0.353935 0.079979
0.354194 0.007471
0.356320 0.002805
0.357654 0.013116
0.358080 0.002647
0.358475 0.006054
0.359951 0.007341
0.360950 0.001497
0.363012 0.039442
0.364817 0.048959
0.368434 0.122276
0.369918 0.120724
0.370305 0.004628
0.370642 0.008348
0.374223 0.032033
0.376430 0.074919
0.377311 0.040911
0.377783 0.031901
0.378339 0.005145
0.378419 0.026256
0.378679 0.033543
0.379439 0.012850
0.380787 0.035184
0.382508 0.006569
0.382726 0.061585
0.384793 0.006807
0.385774 0.008088
0.387763 0.040371
0.388521 0.006571
0.390164 0.030732
0.390406 0.055542
0.391156 0.008216
0.393136 0.002255
0.394432 0.032378
0.396152 0.004978
0.396235 0.087433
0.396487 0.116198
0.397168 0.135607
0.397720 0.042814
0.398697 0.002115
0.398945 0.006081
0.400365 0.001888
0.402222 0.093105
0.402989 0.104802
0.404205 0.013507
0.406360 0.006522
0.406662 0.003669
0.408780 0.074341
0.409873 0.002936
0.410389 0.131732
0.410465 0.018558
0.411366 0.009124
0.412814 0.004063
0.414483 0.037384
0.415084 0.004317
0.418546 0.029378
0.419185 0.014033
0.419215 0.095937
0.419248 0.024426
0.419617 0.144125
0.420325 0.051619
0.421586 0.016899
0.422101 0.109000
0.422663 0.006537
0.422713 0.002556
0.423270 0.009809
0.423999 0.010059
0.427296 0.005249
0.427298 0.063920
0.427655 0.041683
0.428409 0.107149
0.428652 0.057409
0.429351 0.003280
0.430487 0.028287
0.435442 0.020758
0.437775 0.103692
0.438035 0.002955
0.438274 0.042545
0.440527 0.008432
0.440938 0.076315
0.441200 0.021153
0.442028 0.044427
0.442904 0.167167
0.445761 0.184047
0.447942 0.024039
0.447943 0.009649
0.450750 0.032414
0.450862 0.006433
0.451738 0.010727
0.453406 0.018115
0.454423 0.004071
0.454841 0.005306
0.455035 0.130370
0.456812 0.004724
0.456930 0.005638
0.457601 0.141151
0.458471 0.003527
0.458556 0.003562
0.458563 0.016552
0.460450 0.004794
0.461094 0.038107
0.462279 0.006784
0.462303 0.004153
0.462703 0.124724
0.463448 0.005642
0.463700 0.084648
0.465215 0.033060
0.465350 0.021625
0.465518 0.174468
0.465805 0.051926
0.466099 0.006446
0.466347 0.116277
0.467702 0.031711
0.469246 0.132548
0.469445 0.051038
0.470468 0.007594
0.471575 0.015925
0.471763 0.045051
0.472818 0.008801
0.473786 0.025304
0.475266 0.004150
0.476430 0.006103
0.477770 0.109150
0.477843 0.140962
0.477847 0.008343
0.478328 0.085611
0.479128 0.176140
0.480755 0.064503
0.483219 0.247233
0.484446 0.079657
0.484877 0.070591
0.485293 0.046439
0.485897 0.131875
0.486354 0.185299
0.486780 0.004238
0.488427 0.101311
0.488704 0.051300
0.488713 0.035599
0.488826 0.025847
0.488919 0.086535
0.489550 0.005014
0.489675 0.035667
0.491222 0.186456
0.492153 0.017625
0.492426 0.006174
0.494900 0.010539
0.496417 0.067262
0.497013 0.022887
0.497204 0.010931
0.497554 0.253081
0.497983 0.072461
0.498257 0.019756
0.499084 0.007623
0.501541 0.014632
0.502200 0.007881
0.504200 0.031770
0.504711 0.012097
0.504881 0.025860
0.507685 0.021118
0.508181 0.014199
0.510298 0.007922
0.511698 0.029558
0.511901 0.029162
0.512356 0.275182
0.512766 0.063042
0.514901 0.075888
0.516352 0.274265
0.516599 0.027288
0.517304 0.086410
0.518275 0.041095
0.519035 0.041660
0.519618 0.098412
0.519907 0.010917
0.521247 0.044837
0.521304 0.005733
0.521350 0.095372
0.522955 0.005832
0.523438 0.009679
0.523599 0.012149
0.523730 0.022868
0.523910 0.172875
0.526116 0.236088
0.526454 0.062624
0.526976 0.005351
0.527032 0.187140
0.528665 0.013707
0.529843 0.009024
0.530271 0.065400
0.530493 0.024769
0.531521 0.039699
0.531818 0.015374
0.532998 0.163550
0.534084 0.042845
0.534085 0.010380
0.536092 0.129881
0.537046 0.177336
0.537163 0.307962
0.537690 0.082371
0.539003 0.258866
0.539367 0.022135
0.540396 0.018752
0.540881 0.274426
0.541448 0.031720
0.541715 0.088229
0.542158 0.017880
0.542729 0.017736
0.545616 0.006460
0.546159 0.016927
0.546738 0.079553
0.547476 0.013860
0.547811 0.049653
0.548239 0.220227
0.550083 0.008231
0.550369 0.300683
0.550453 0.011413
0.551415 0.011308
0.551647 0.161135
0.551765 0.129475
0.552832 0.012629
0.553291 0.016601
0.554667 0.076426
0.554972 0.030012
0.555352 0.020101
0.557372 0.110040
0.559806 0.085708
0.559989 0.025813
0.560110 0.023010
0.560428 0.156349
0.561339 0.037913
0.562456 0.091596
0.563204 0.027330
0.563782 0.025291
0.567091 0.031802
0.567703 0.045970
0.568451 0.362360
0.569786 0.222481
0.570077 0.018561
0.570357 0.050591
0.572220 0.094021
0.573981 0.357666
0.574007 0.265405
0.574308 0.054383
0.575039 0.363726
0.575576 0.056821
0.575894 0.018425
0.576101 0.222305
0.576299 0.270426
0.576566 0.008887
0.578450 0.208690
0.583845 0.144035
0.584569 0.132017
0.585262 0.295685
0.585336 0.017563
0.585797 0.046319
0.585954 0.016341
0.587490 0.018491
0.591982 0.144459
0.593617 0.009859
0.594144 0.041911
0.594258 0.211055
0.594317 0.257514
0.594785 0.039064
0.596465 0.059036
0.597781 0.019536
0.599308 0.073361
0.600310 0.144650
0.602186 0.040519
0.603558 0.028542
0.604688 0.038825
0.604721 0.151472
0.605102 0.385632
0.605436 0.068353
0.607063 0.018392
0.607468 0.321958
0.608413 0.027946
0.608540 0.415026
0.608907 0.200951
0.609564 0.428319
0.610244 0.031506
0.613282 0.207917
0.616854 0.102758
0.617234 0.027087
0.620214 0.051794
0.621980 0.218929
0.622278 0.054869
0.627241 0.250348
0.627257 0.197723
0.627366 0.060351
0.627483 0.100772
0.628011 0.012498
0.629417 0.105880
0.630052 0.190232
0.631746 0.018247
0.632345 0.240922
0.633336 0.133256
0.634561 0.066545
0.637042 0.036802
0.639289 0.105074
0.642831 0.445496
0.648382 0.148924
0.654219 0.054143
0.655227 0.169337
0.656110 0.020894
0.656118 0.431814
0.656533 0.127744
0.657100 0.015729
0.657528 0.137855
0.658748 0.030601
0.659979 0.382296
0.660423 0.021060
0.660794 0.138895
0.661762 0.027211
0.661846 0.078830
0.663336 0.155253
0.663782 0.028785
0.666033 0.016360
0.666703 0.108449
0.667764 0.244232
0.668167 0.055228
0.668700 0.020880
0.670431 0.028978
0.671161 0.019056
0.671364 0.166925
0.673765 0.113942
0.674170 0.103024
0.675341 0.276348
0.675711 0.035163
0.675745 0.143609
0.677846 0.302375
0.678392 0.018949
0.679112 0.081348
0.679868 0.121541
0.680183 0.052828
0.683236 0.049278
0.687446 0.020975
0.688636 0.078683
0.691439 0.033309
0.692028 0.480276
0.693699 0.055358
0.695115 0.040314
0.696633 0.314289
0.699445 0.343950
0.701289 0.385436
0.701936 0.432907
0.703019 0.118421
0.706817 0.107176
0.707874 0.049610
0.709504 0.204688
0.710732 0.528363
0.711450 0.146130
0.713967 0.096654
0.714302 0.190464
0.714662 0.093351
0.714905 0.617703
0.715130 0.115585
0.717487 0.106686
0.719112 0.027483
0.722885 0.188622
0.723084 0.041606
0.723152 0.221404
0.724101 0.621652
0.726430 0.552081
0.726669 0.160071
0.730537 0.035116
0.731736 0.024213
0.731994 0.025235
0.740208 0.159796
0.740695 0.099206
0.741863 0.023435
0.743356 0.086004
0.744135 0.167069
0.745160 0.037903
0.746885 0.060485
0.747355 0.082134
0.747594 0.127021
0.748279 0.474073
0.749471 0.306156
0.750433 0.677030
0.752194 0.105306
0.753515 0.178830
0.756295 0.054997
0.756473 0.607606
0.758158 0.061864
0.759570 0.081006
0.759615 0.066966
0.765580 0.082079
0.766857 0.043755
0.767609 0.066422
0.768337 0.028293
0.770895 0.046345
0.780247 0.661073
0.786708 0.036032
0.793218 0.046534
0.795889 0.039007
0.796832 0.128893
0.805906 0.032153
0.817259 0.325880
0.817571 0.119703
0.836965 0.198621
0.838941 0.164874
0.858215 0.078354
0.858895 0.183847
0.866130 0.088670
0.871254 0.049092
0.873802 1.000000
0.874848 0.259594
0.875140 0.278886
0.876649 0.074558
0.881601 0.113500
0.889818 0.134717
0.892982 0.070778
0.910087 0.451835
0.936100 0.068175
0.954940 0.648944
1.000000 0.448717
