0.000000 0.393624
0.001921 0.214608
0.001936 0.678774
0.002693 0.245299
0.006336 0.040285
0.006734 0.172308
0.008821 0.328642
0.010959 0.120451
0.012089 0.169619
0.012987 0.012607
0.013008 0.210930
0.018299 0.052224
0.018534 0.405279
0.021771 0.030542
0.022328 0.844353
0.022418 0.102977
0.023699 0.271211
0.026081 1.000000
0.028433 0.054662
0.028801 0.072071
0.029166 0.295541
0.030732 0.410407
0.035501 0.097156
0.037022 0.207463
0.038362 0.116488
0.040451 0.089380
0.041626 0.138349
0.043537 0.026260
0.046012 0.004189
0.049139 0.187991
0.049619 0.551799
0.049649 0.029602
0.050774 0.274982
0.054292 0.050558
0.054750 0.005734
0.056093 0.046258
0.056628 0.198405
0.062665 0.229158
0.063517 0.101843
0.066279 0.146963
0.069506 0.027861
0.073236 0.227649
0.073633 0.482239
0.075262 0.006762
0.077310 0.239162
0.077679 0.053218
0.078365 0.276586
0.082636 0.016280
0.088940 0.024821
0.091267 0.040209
0.093433 0.051446
0.093825 0.432506
0.097245 0.055041
0.098203 0.036554
0.098347 0.044208
0.099916 0.049502
0.100318 0.037503
0.101413 0.098790
0.101772 0.015013
0.102247 0.027334
0.104950 0.019222
0.106648 0.199049
0.113334 0.014283
0.115718 0.282550
0.116748 0.030420
0.116831 0.056582
0.119781 0.034622
0.126239 0.284751
0.128046 0.027557
0.128973 0.028088
0.129860 0.053860
0.132074 0.011674
0.132706 0.177360
0.132708 0.038434
0.133485 0.041621
0.133550 0.076126
0.140788 0.069260
0.141322 0.031217
0.142592 0.256054
0.146261 0.083057
0.146417 0.289131
0.146713 0.030879
0.146882 0.193536
0.151997 0.221190
0.153815 0.054644
0.155898 0.063730
0.160529 0.001629
0.161127 0.007679
0.161805 0.056115
0.164826 0.037939
0.165595 0.012362
0.166491 0.104805
0.167409 0.106406
0.168765 0.046531
0.176120 0.210044
0.176437 0.030788
0.177759 0.017035
0.180805 0.169599
0.184061 0.090186
0.186977 0.008439
0.189157 0.176446
0.189348 0.024017
0.190310 0.014431
0.191247 0.120528
0.192571 0.115189
0.193341 0.026029
0.193973 0.162560
0.195668 0.104162
0.196550 0.069118
0.197720 0.109522
0.198132 0.019241
0.200457 0.018976
0.203678 0.045733
0.204830 0.176348
0.205570 0.208181
0.205677 0.070853
0.205908 0.006548
0.207138 0.007631
0.207411 0.061995
0.208081 0.116982
0.209306 0.126183
0.209941 0.039274
0.212522 0.012324
0.216043 0.113044
0.218436 0.059226
0.221706 0.008294
0.223201 0.137031
0.228624 0.017521
0.230517 0.068361
0.232217 0.065157
0.232764 0.090931
0.235055 0.055781
0.235836 0.015972
0.238169 0.027366
0.238285 0.054063
0.239058 0.026258
0.240269 0.016141
0.243017 0.061123
0.249772 0.019997
0.251164 0.005846
0.253291 0.087644
0.253526 0.060588
0.256684 0.075007
0.257205 0.050174
0.257303 0.091631
0.260138 0.086449
0.260706 0.075500
0.261964 0.131648
0.274000 0.010311
0.275434 0.123675
0.279401 0.146643
0.280152 0.009413
0.281606 0.005965
0.283038 0.013140
0.285428 0.096514
0.286593 0.011385
0.286790 0.047672
0.287706 0.002894
0.288335 0.007169
0.288712 0.027726
0.295266 0.029252
0.296077 0.009993
0.297657 0.026044
0.298171 0.000993
0.298622 0.011195
0.303567 0.032205
0.306850 0.033647
0.307049 0.083243
0.308192 0.013599
0.312528 0.019433
0.312711 0.107330
0.314583 0.036178
0.316255 0.024035
0.316487 0.015440
0.316563 0.014091
0.316670 0.014317
0.317337 0.043912
0.319858 0.004902
0.320912 0.006995
0.322448 0.002837
0.325730 0.085561
0.330585 0.063630
0.331639 0.036490
0.337220 0.021161
0.338208 0.026586
0.340682 0.078608
0.340964 0.021756
0.343359 0.005675
0.345836 0.026168
0.346201 0.018302
0.346411 0.023534
0.347504 0.048985
0.347871 0.032709
0.348047 0.015454
0.349448 0.016844
0.350904 0.001501
0.356161 0.009416
0.361839 0.065830
0.361942 0.062485
0.362160 0.005787
0.363222 0.042055
0.363714 0.020071
0.368555 0.001195
0.377511 0.015314
0.380027 0.007013
0.384079 0.011395
0.386739 0.019812
0.387289 0.026241
0.390755 0.045220
0.391511 0.012539
0.395529 0.017283
0.395754 0.035300
0.397938 0.010454
0.398824 0.024608
0.399180 0.006140
0.401136 0.007747
0.403715 0.041345
0.404848 0.015869
0.404950 0.024704
0.405482 0.017158
0.408193 0.001978
0.411824 0.015300
0.414440 0.030405
0.417847 0.007931
0.418497 0.007464
0.425472 0.006162
0.427621 0.032057
0.430679 0.044767
0.436086 0.044492
0.436324 0.021402
0.436697 0.023236
0.437888 0.005343
0.442804 0.019138
0.445424 0.011761
0.446160 0.014392
0.446233 0.016595
0.455065 0.014328
0.458309 0.039380
0.458665 0.024583
0.461022 0.027572
0.461733 0.014467
0.462361 0.006063
0.466616 0.001497
0.468543 0.018663
0.470768 0.012841
0.471279 0.011748
0.471741 0.039858
0.472104 0.008028
0.474099 0.005175
0.474395 0.030479
0.474434 0.049680
0.480103 0.006984
0.480306 0.006015
0.484189 0.028862
0.485422 0.004782
0.485809 0.004568
0.486450 0.004136
0.488741 0.027690
0.491268 0.004275
0.495668 0.018526
0.499104 0.001811
0.499611 0.004093
0.503029 0.031964
0.503758 0.016607
0.505064 0.015415
0.508376 0.013496
0.509801 0.027696
0.511556 0.020398
0.511742 0.023891
0.512237 0.003152
0.514481 0.006954
0.515247 0.011157
0.516406 0.011263
0.516549 0.006910
0.518146 0.007981
0.519118 0.021520
0.520662 0.020125
0.520999 0.042032
0.526429 0.011183
0.528147 0.016515
0.529757 0.027461
0.529788 0.007338
0.534592 0.005434
0.538547 0.018896
0.541529 0.013219
0.541763 0.008711
0.546702 0.005711
0.550555 0.031254
0.551711 0.016961
0.554059 0.008635
0.554492 0.005081
0.557312 0.006444
0.557404 0.005342
0.558284 0.021551
0.559533 0.005197
0.561745 0.013914
0.561747 0.012486
0.561903 0.014085
0.562345 0.014113
0.565338 0.001663
0.565579 0.012307
0.566538 0.020455
0.567377 0.012400
0.570076 0.021201
0.572004 0.000000
0.574525 0.031059
0.575847 0.017089
0.576393 0.002119
0.577987 0.022752
0.579569 0.014291
0.581675 0.014595
0.581843 0.008900
0.582347 0.007490
0.584842 0.008392
0.585997 0.003879
0.587853 0.003092
0.589692 0.024599
0.590161 0.012155
0.590487 0.007064
0.590712 0.009350
0.592425 0.006701
0.594149 0.026028
0.595310 0.001426
0.596896 0.005648
0.601198 0.003187
0.603754 0.007099
0.606057 0.007877
0.606426 0.001049
0.608186 0.017760
0.608243 0.021982
0.608309 0.003397
0.609313 0.006103
0.612262 0.005314
0.616255 0.004537
0.618449 0.004311
0.618967 0.010460
0.619229 0.009612
0.619315 0.003616
0.619316 0.013877
0.620659 0.013626
0.628018 0.010258
0.628860 0.006338
0.629869 0.005852
0.629967 0.020848
0.633364 0.009839
0.634752 0.007740
0.642232 0.010200
0.643544 0.004412
0.646132 0.006171
0.646203 0.016844
0.646853 0.002937
0.649786 0.010329
0.651108 0.002899
0.654976 0.006830
0.656577 0.003824
0.660451 0.016976
0.660763 0.006510
0.661242 0.000743
0.661906 0.001978
0.662699 0.007519
0.664876 0.006923
0.668229 0.008623
0.668686 0.004353
0.672411 0.004661
0.672483 0.023522
0.673025 0.005870
0.676577 0.007096
0.679897 0.007329
0.680847 0.009976
0.681564 0.009395
0.682747 0.002001
0.683054 0.005845
0.685850 0.003648
0.686770 0.014641
0.687684 0.004164
0.690622 0.006382
0.693154 0.006242
0.694840 0.005544
0.695772 0.002808
0.696572 0.003116
0.696698 0.001805
0.697723 0.002729
0.697947 0.002072
0.700466 0.003430
0.701369 0.002606
0.704546 0.004168
0.712141 0.005451
0.718565 0.009073
0.719953 0.002176
0.720890 0.001096
0.723362 0.014079
0.724308 0.009561
0.726355 0.002064
0.729132 0.004407
0.729309 0.007897
0.731152 0.009008
0.733929 0.010015
0.736218 0.007529
0.740816 0.013499
0.740879 0.014167
0.746088 0.004407
0.748682 0.008475
0.748846 0.008070
0.749004 0.008486
0.749262 0.002530
0.751045 0.006412
0.751943 0.008680
0.753683 0.007466
0.754342 0.005823
0.755941 0.006232
0.757528 0.003497
0.759316 0.005023
0.759936 0.005645
0.762343 0.009605
0.763650 0.002901
0.764399 0.009899
0.766615 0.002523
0.767375 0.002714
0.768419 0.011601
0.769801 0.008922
0.772807 0.003532
0.775553 0.002711
0.775696 0.009282
0.776760 0.013400
0.778179 0.003052
0.778512 0.007578
0.778914 0.005606
0.779923 0.004698
0.783217 0.011366
0.785491 0.006620
0.788974 0.006220
0.790433 0.003752
0.791618 0.006630
0.793979 0.009831
0.795662 0.013518
0.797232 0.011243
0.798538 0.001954
0.798769 0.000521
0.800693 0.004026
0.804746 0.004920
0.805399 0.006951
0.808131 0.001477
0.808145 0.007024
0.811820 0.005647
0.813053 0.006858
0.814317 0.002110
0.815628 0.006906
0.820035 0.008936
0.820288 0.003077
0.824661 0.006198
0.826082 0.005502
0.826955 0.002652
0.828171 0.000900
0.830339 0.007694
0.830567 0.000862
0.831013 0.002301
0.839102 0.005714
0.845748 0.005679
0.847409 0.009889
0.849891 0.005000
0.850136 0.008323
0.854484 0.004512
0.858605 0.003379
0.860246 0.001987
0.862046 0.003484
0.862220 0.001779
0.865844 0.009116
0.867706 0.002064
0.870262 0.005566
0.870937 0.003305
0.873342 0.006556
0.874129 0.005886
0.881405 0.003404
0.881697 0.006876
0.882645 0.002530
0.883634 0.002921
0.885806 0.010825
0.886013 0.003844
0.888175 0.001779
0.896263 0.000210
0.900708 0.002795
0.902674 0.003173
0.904000 0.002293
0.904568 0.004322
0.907045 0.000505
0.907725 0.006504
0.911186 0.002106
0.911720 0.001814
0.916619 0.004591
0.925121 0.003055
0.927074 0.001407
0.927141 0.008527
0.929895 0.002288
0.930578 0.002224
0.934094 0.001597
0.937507 0.002017
0.941432 0.001943
0.943929 0.003934
0.946031 0.003404
0.947607 0.003423
0.947784 0.001772
0.950136 0.002854
0.950818 0.001817
0.951984 0.003552
0.961717 0.003994
0.964081 0.002874
0.964544 0.001285
0.968471 0.001074
0.969946 0.004707
0.972050 0.001973
0.974008 0.004571
0.979156 0.002710
0.983116 0.001152
0.984750 0.004929
0.985692 0.004768
0.988285 0.005992
0.990427 0.002595
0.992893 0.002360
0.993584 0.003672
1.000000 0.003188
